x	VE	analog 5.24
x	HN	gtaeronautics.com
x	PS	2026	01	22	01	58
x	FR	2007	12	18	17	05
x	LR	2026	01	21	05	45
x	E7	2026	01	22	01	58
x	SR	3359978
x	S7	8162
x	NC	954618
x	C7	0
x	FL	2624394
x	F7	1491
x	RR	490
x	R7	1
x	NH	140886
x	H7	715
x	BT	57520368399
x	B7	0
1	Rr	48446	1.442	2026
1	Rr	870959	25.922	2025
1	Rr	836367	24.892	2024
1	Rr	511208	15.215	2023
1	Rr	82334	2.450	2022
1	Rr	98917	2.944	2021
1	Rr	89380	2.660	2020
1	Rr	80088	2.384	2019
1	Rr	68927	2.051	2018
1	Rr	60168	1.791	2017
1	Rr	73316	2.182	2016
1	Rr	80796	2.405	2015
1	Rr	110773	3.297	2014
1	Rr	65173	1.940	2013
1	Rr	60742	1.808	2012
1	Rr	57015	1.697	2011
1	Rr	22139	0.659	2010
1	Rr	69710	2.075	2009
1	Rr	71820	2.138	2008
1	Rr	1700	0.051	2007
1	*BT	R	870959	2025
Q	Rr	48446	1.442	2026	1
Q	Rr	243216	7.239	2025	4
Q	Rr	205969	6.130	2025	3
Q	Rr	216126	6.432	2025	2
Q	Rr	205648	6.121	2025	1
Q	Rr	202145	6.016	2024	4
Q	Rr	220334	6.558	2024	3
Q	Rr	204456	6.085	2024	2
Q	Rr	209432	6.233	2024	1
Q	Rr	182268	5.425	2023	4
Q	Rr	165939	4.939	2023	3
Q	Rr	135306	4.027	2023	2
Q	Rr	27695	0.824	2023	1
Q	Rr	20307	0.604	2022	4
Q	Rr	20362	0.606	2022	3
Q	Rr	21795	0.649	2022	2
Q	Rr	19870	0.591	2022	1
Q	Rr	21154	0.630	2021	4
Q	Rr	26826	0.798	2021	3
Q	Rr	30675	0.913	2021	2
Q	Rr	20262	0.603	2021	1
Q	Rr	22199	0.661	2020	4
Q	Rr	23882	0.711	2020	3
Q	Rr	21656	0.645	2020	2
Q	Rr	21643	0.644	2020	1
Q	Rr	19098	0.568	2019	4
Q	Rr	19668	0.585	2019	3
Q	Rr	19827	0.590	2019	2
Q	Rr	21495	0.640	2019	1
Q	Rr	18129	0.540	2018	4
Q	Rr	17138	0.510	2018	3
Q	Rr	16928	0.504	2018	2
Q	Rr	16732	0.498	2018	1
Q	Rr	15937	0.474	2017	4
Q	Rr	0	0.000	2017	3
Q	Rr	16831	0.501	2017	2
Q	Rr	27400	0.815	2017	1
Q	Rr	22114	0.658	2016	4
Q	Rr	17621	0.524	2016	3
Q	Rr	15878	0.473	2016	2
Q	Rr	17703	0.527	2016	1
Q	Rr	16575	0.493	2015	4
Q	Rr	22104	0.658	2015	3
Q	Rr	22485	0.669	2015	2
Q	Rr	19632	0.584	2015	1
Q	Rr	21142	0.629	2014	4
Q	Rr	22272	0.663	2014	3
Q	Rr	31453	0.936	2014	2
Q	Rr	35906	1.069	2014	1
Q	Rr	16436	0.489	2013	4
Q	Rr	15216	0.453	2013	3
Q	Rr	16545	0.492	2013	2
Q	Rr	16976	0.505	2013	1
Q	Rr	16578	0.493	2012	4
Q	Rr	12511	0.372	2012	3
Q	Rr	15816	0.471	2012	2
Q	Rr	15837	0.471	2012	1
Q	Rr	15444	0.460	2011	4
Q	Rr	17386	0.517	2011	3
Q	Rr	9395	0.280	2011	2
Q	Rr	14790	0.440	2011	1
Q	Rr	1603	0.048	2010	4
Q	Rr	0	0.000	2010	3
Q	Rr	14047	0.418	2010	2
Q	Rr	6489	0.193	2010	1
Q	Rr	16350	0.487	2009	4
Q	Rr	18220	0.542	2009	3
Q	Rr	17115	0.509	2009	2
Q	Rr	18025	0.536	2009	1
Q	Rr	15905	0.473	2008	4
Q	Rr	15660	0.466	2008	3
Q	Rr	22448	0.668	2008	2
Q	Rr	17807	0.530	2008	1
Q	Rr	1700	0.051	2007	4
Q	*BT	R	243216	2025	4
m	Rr	48446	1.442	2026	01
m	Rr	83214	2.477	2025	12
m	Rr	77712	2.313	2025	11
m	Rr	82290	2.449	2025	10
m	Rr	74076	2.205	2025	09
m	Rr	63909	1.902	2025	08
m	Rr	67984	2.023	2025	07
m	Rr	77454	2.305	2025	06
m	Rr	66558	1.981	2025	05
m	Rr	72114	2.146	2025	04
m	Rr	70528	2.099	2025	03
m	Rr	57744	1.719	2025	02
m	Rr	77376	2.303	2025	01
m	Rr	57890	1.723	2024	12
m	Rr	63975	1.904	2024	11
m	Rr	80280	2.389	2024	10
m	Rr	73644	2.192	2024	09
m	Rr	72041	2.144	2024	08
m	Rr	74649	2.222	2024	07
m	Rr	69378	2.065	2024	06
m	Rr	72365	2.154	2024	05
m	Rr	62713	1.866	2024	04
m	Rr	66782	1.988	2024	03
m	Rr	68592	2.041	2024	02
m	Rr	74058	2.204	2024	01
m	Rr	54270	1.615	2023	12
m	Rr	61278	1.824	2023	11
m	Rr	66720	1.986	2023	10
m	Rr	51132	1.522	2023	09
m	Rr	54561	1.624	2023	08
m	Rr	60246	1.793	2023	07
m	Rr	66204	1.970	2023	06
m	Rr	60120	1.789	2023	05
m	Rr	8982	0.267	2023	04
m	Rr	10848	0.323	2023	03
m	Rr	8360	0.249	2023	02
m	Rr	8487	0.253	2023	01
m	Rr	6950	0.207	2022	12
m	Rr	6349	0.189	2022	11
m	Rr	7008	0.209	2022	10
m	Rr	6740	0.201	2022	09
m	Rr	6863	0.204	2022	08
m	Rr	6759	0.201	2022	07
m	Rr	6567	0.195	2022	06
m	Rr	8427	0.251	2022	05
m	Rr	6801	0.202	2022	04
m	Rr	6380	0.190	2022	03
m	Rr	6175	0.184	2022	02
m	Rr	7315	0.218	2022	01
m	Rr	7667	0.228	2021	12
m	Rr	7097	0.211	2021	11
m	Rr	6390	0.190	2021	10
m	Rr	6059	0.180	2021	09
m	Rr	9092	0.271	2021	08
m	Rr	11675	0.347	2021	07
m	Rr	10152	0.302	2021	06
m	Rr	10231	0.304	2021	05
m	Rr	10292	0.306	2021	04
m	Rr	7948	0.237	2021	03
m	Rr	5800	0.173	2021	02
m	Rr	6514	0.194	2021	01
m	Rr	8069	0.240	2020	12
m	Rr	6579	0.196	2020	11
m	Rr	7551	0.225	2020	10
m	Rr	8028	0.239	2020	09
m	Rr	7741	0.230	2020	08
m	Rr	8113	0.241	2020	07
m	Rr	7317	0.218	2020	06
m	Rr	6898	0.205	2020	05
m	Rr	7441	0.221	2020	04
m	Rr	7524	0.224	2020	03
m	Rr	7322	0.218	2020	02
m	Rr	6797	0.202	2020	01
m	Rr	6573	0.196	2019	12
m	Rr	5917	0.176	2019	11
m	Rr	6608	0.197	2019	10
m	Rr	6791	0.202	2019	09
m	Rr	6597	0.196	2019	08
m	Rr	6280	0.187	2019	07
m	Rr	6317	0.188	2019	06
m	Rr	6847	0.204	2019	05
m	Rr	6663	0.198	2019	04
m	Rr	7059	0.210	2019	03
m	Rr	6374	0.190	2019	02
m	Rr	8062	0.240	2019	01
m	Rr	6957	0.207	2018	12
m	Rr	5422	0.161	2018	11
m	Rr	5750	0.171	2018	10
m	Rr	5458	0.162	2018	09
m	Rr	5735	0.171	2018	08
m	Rr	5945	0.177	2018	07
m	Rr	7110	0.212	2018	06
m	Rr	6440	0.192	2018	05
m	Rr	3378	0.101	2018	04
m	Rr	5789	0.172	2018	03
m	Rr	5369	0.160	2018	02
m	Rr	5574	0.166	2018	01
m	Rr	3906	0.116	2017	12
m	Rr	6533	0.194	2017	11
m	Rr	5498	0.164	2017	10
m	Rr	0	0.000	2017	09
m	Rr	0	0.000	2017	08
m	Rr	0	0.000	2017	07
m	Rr	0	0.000	2017	06
m	Rr	6832	0.203	2017	05
m	Rr	9999	0.298	2017	04
m	Rr	11887	0.354	2017	03
m	Rr	7941	0.236	2017	02
m	Rr	7572	0.225	2017	01
m	Rr	9483	0.282	2016	12
m	Rr	7121	0.212	2016	11
m	Rr	5510	0.164	2016	10
m	Rr	6288	0.187	2016	09
m	Rr	5888	0.175	2016	08
m	Rr	5445	0.162	2016	07
m	Rr	5042	0.150	2016	06
m	Rr	5495	0.164	2016	05
m	Rr	5341	0.159	2016	04
m	Rr	5558	0.165	2016	03
m	Rr	5548	0.165	2016	02
m	Rr	6597	0.196	2016	01
m	Rr	5574	0.166	2015	12
m	Rr	5330	0.159	2015	11
m	Rr	5671	0.169	2015	10
m	Rr	6196	0.184	2015	09
m	Rr	6788	0.202	2015	08
m	Rr	9120	0.271	2015	07
m	Rr	7156	0.213	2015	06
m	Rr	5694	0.169	2015	05
m	Rr	9635	0.287	2015	04
m	Rr	6215	0.185	2015	03
m	Rr	6084	0.181	2015	02
m	Rr	7333	0.218	2015	01
m	Rr	6608	0.197	2014	12
m	Rr	6997	0.208	2014	11
m	Rr	7537	0.224	2014	10
m	Rr	7043	0.210	2014	09
m	Rr	7324	0.218	2014	08
m	Rr	7905	0.235	2014	07
m	Rr	11654	0.347	2014	06
m	Rr	9211	0.274	2014	05
m	Rr	10588	0.315	2014	04
m	Rr	7817	0.233	2014	03
m	Rr	15229	0.453	2014	02
m	Rr	12860	0.383	2014	01
m	Rr	5325	0.158	2013	12
m	Rr	5513	0.164	2013	11
m	Rr	5598	0.167	2013	10
m	Rr	4655	0.139	2013	09
m	Rr	4938	0.147	2013	08
m	Rr	5623	0.167	2013	07
m	Rr	5492	0.163	2013	06
m	Rr	5211	0.155	2013	05
m	Rr	5842	0.174	2013	04
m	Rr	6068	0.181	2013	03
m	Rr	5055	0.150	2013	02
m	Rr	5853	0.174	2013	01
m	Rr	5688	0.169	2012	12
m	Rr	5477	0.163	2012	11
m	Rr	5413	0.161	2012	10
m	Rr	4331	0.129	2012	09
m	Rr	3866	0.115	2012	08
m	Rr	4314	0.128	2012	07
m	Rr	4655	0.139	2012	06
m	Rr	6047	0.180	2012	05
m	Rr	5114	0.152	2012	04
m	Rr	6128	0.182	2012	03
m	Rr	5430	0.162	2012	02
m	Rr	4279	0.127	2012	01
m	Rr	5548	0.165	2011	12
m	Rr	4779	0.142	2011	11
m	Rr	5117	0.152	2011	10
m	Rr	5431	0.162	2011	09
m	Rr	6256	0.186	2011	08
m	Rr	5699	0.170	2011	07
m	Rr	5420	0.161	2011	06
m	Rr	3975	0.118	2011	05
m	Rr	0	0.000	2011	04
m	Rr	3608	0.107	2011	03
m	Rr	5171	0.154	2011	02
m	Rr	6011	0.179	2011	01
m	Rr	1603	0.048	2010	12
m	Rr	0	0.000	2010	11
m	Rr	0	0.000	2010	10
m	Rr	0	0.000	2010	09
m	Rr	0	0.000	2010	08
m	Rr	0	0.000	2010	07
m	Rr	4101	0.122	2010	06
m	Rr	5018	0.149	2010	05
m	Rr	4928	0.147	2010	04
m	Rr	5095	0.152	2010	03
m	Rr	1394	0.041	2010	02
m	Rr	0	0.000	2010	01
m	Rr	4665	0.139	2009	12
m	Rr	6187	0.184	2009	11
m	Rr	5498	0.164	2009	10
m	Rr	5066	0.151	2009	09
m	Rr	5718	0.170	2009	08
m	Rr	7436	0.221	2009	07
m	Rr	5685	0.169	2009	06
m	Rr	6120	0.182	2009	05
m	Rr	5310	0.158	2009	04
m	Rr	5515	0.164	2009	03
m	Rr	6123	0.182	2009	02
m	Rr	6387	0.190	2009	01
m	Rr	5763	0.172	2008	12
m	Rr	5420	0.161	2008	11
m	Rr	4722	0.141	2008	10
m	Rr	5435	0.162	2008	09
m	Rr	4843	0.144	2008	08
m	Rr	5382	0.160	2008	07
m	Rr	6082	0.181	2008	06
m	Rr	9946	0.296	2008	05
m	Rr	6420	0.191	2008	04
m	Rr	5431	0.162	2008	03
m	Rr	6469	0.193	2008	02
m	Rr	5907	0.176	2008	01
m	Rr	1700	0.051	2007	12
m	*BT	R	83214	2025	12
W	Rr	2544	0.076	2026	01	18
W	Rr	14906	0.444	2026	01	11
W	Rr	22932	0.683	2026	01	04
W	Rr	19560	0.582	2025	12	28
W	Rr	14436	0.430	2025	12	21
W	Rr	18246	0.543	2025	12	14
W	Rr	19134	0.569	2025	12	07
W	Rr	22914	0.682	2025	11	30
W	Rr	15396	0.458	2025	11	23
W	Rr	18566	0.553	2025	11	16
W	Rr	18382	0.547	2025	11	09
W	Rr	21042	0.626	2025	11	02
W	Rr	18576	0.553	2025	10	26
W	Rr	19032	0.566	2025	10	19
W	Rr	20160	0.600	2025	10	12
W	Rr	15738	0.468	2025	10	05
W	Rr	16980	0.505	2025	09	28
W	Rr	15936	0.474	2025	09	21
W	Rr	18606	0.554	2025	09	14
W	Rr	18696	0.556	2025	09	07
W	Rr	15443	0.460	2025	08	31
W	Rr	14811	0.441	2025	08	24
W	Rr	14154	0.421	2025	08	17
W	Rr	16740	0.498	2025	08	10
W	Rr	11673	0.347	2025	08	03
W	Rr	13621	0.405	2025	07	27
W	Rr	15799	0.470	2025	07	20
W	Rr	16620	0.495	2025	07	13
W	Rr	17442	0.519	2025	07	06
W	Rr	13284	0.395	2025	06	29
W	Rr	18606	0.554	2025	06	22
W	Rr	23286	0.693	2025	06	15
W	Rr	14754	0.439	2025	06	08
W	Rr	17070	0.508	2025	06	01
W	Rr	15198	0.452	2025	05	25
W	Rr	16746	0.498	2025	05	18
W	Rr	14580	0.434	2025	05	11
W	Rr	13488	0.401	2025	05	04
W	Rr	15054	0.448	2025	04	27
W	Rr	16902	0.503	2025	04	20
W	Rr	18834	0.561	2025	04	13
W	Rr	15738	0.468	2025	04	06
W	Rr	16944	0.504	2025	03	30
W	Rr	15846	0.472	2025	03	23
W	Rr	14881	0.443	2025	03	16
W	Rr	13983	0.416	2025	03	09
W	Rr	18684	0.556	2025	03	02
W	Rr	15570	0.463	2025	02	23
W	Rr	16366	0.487	2025	02	16
W	Rr	10610	0.316	2025	02	09
W	Rr	16170	0.481	2025	02	02
W	Rr	18018	0.536	2025	01	26
W	Rr	18210	0.542	2025	01	19
W	Rr	18726	0.557	2025	01	12
W	Rr	16789	0.500	2025	01	05
W	Rr	12005	0.357	2024	12	29
W	Rr	11414	0.340	2024	12	22
W	Rr	15924	0.474	2024	12	15
W	Rr	12318	0.367	2024	12	08
W	Rr	13212	0.393	2024	12	01
W	Rr	14492	0.431	2024	11	24
W	Rr	14773	0.440	2024	11	17
W	Rr	15900	0.473	2024	11	10
W	Rr	15042	0.448	2024	11	03
W	Rr	14430	0.429	2024	10	27
W	Rr	20382	0.607	2024	10	20
W	Rr	20310	0.604	2024	10	13
W	Rr	17544	0.522	2024	10	06
W	Rr	16788	0.500	2024	09	29
W	Rr	16014	0.477	2024	09	22
W	Rr	17958	0.534	2024	09	15
W	Rr	18306	0.545	2024	09	08
W	Rr	15960	0.475	2024	09	01
W	Rr	18348	0.546	2024	08	25
W	Rr	15726	0.468	2024	08	18
W	Rr	14490	0.431	2024	08	11
W	Rr	15707	0.467	2024	08	04
W	Rr	17598	0.524	2024	07	28
W	Rr	15120	0.450	2024	07	21
W	Rr	14667	0.437	2024	07	14
W	Rr	18810	0.560	2024	07	07
W	Rr	18384	0.547	2024	06	30
W	Rr	16152	0.481	2024	06	23
W	Rr	16674	0.496	2024	06	16
W	Rr	13122	0.391	2024	06	09
W	Rr	18264	0.544	2024	06	02
W	Rr	17766	0.529	2024	05	26
W	Rr	14970	0.446	2024	05	19
W	Rr	14346	0.427	2024	05	12
W	Rr	17520	0.521	2024	05	05
W	Rr	17624	0.525	2024	04	28
W	Rr	15605	0.464	2024	04	21
W	Rr	14394	0.428	2024	04	14
W	Rr	13500	0.402	2024	04	07
W	Rr	13599	0.405	2024	03	31
W	Rr	16024	0.477	2024	03	24
W	Rr	14040	0.418	2024	03	17
W	Rr	16854	0.502	2024	03	10
W	Rr	15624	0.465	2024	03	03
W	Rr	17778	0.529	2024	02	25
W	Rr	13428	0.400	2024	02	18
W	Rr	16572	0.493	2024	02	11
W	Rr	17070	0.508	2024	02	04
W	Rr	26220	0.780	2024	01	28
W	Rr	14730	0.438	2024	01	21
W	Rr	13098	0.390	2024	01	14
W	Rr	15324	0.456	2024	01	07
W	Rr	12552	0.374	2023	12	31
W	Rr	11406	0.339	2023	12	24
W	Rr	11184	0.333	2023	12	17
W	Rr	13956	0.415	2023	12	10
W	Rr	13644	0.406	2023	12	03
W	Rr	12390	0.369	2023	11	26
W	Rr	11682	0.348	2023	11	19
W	Rr	15756	0.469	2023	11	12
W	Rr	16596	0.494	2023	11	05
W	Rr	16104	0.479	2023	10	29
W	Rr	13980	0.416	2023	10	22
W	Rr	15450	0.460	2023	10	15
W	Rr	14713	0.438	2023	10	08
W	Rr	14285	0.425	2023	10	01
W	Rr	14478	0.431	2023	09	24
W	Rr	11904	0.354	2023	09	17
W	Rr	10968	0.326	2023	09	10
W	Rr	10482	0.312	2023	09	03
W	Rr	10800	0.321	2023	08	27
W	Rr	14568	0.434	2023	08	20
W	Rr	12504	0.372	2023	08	13
W	Rr	12076	0.359	2023	08	06
W	Rr	10997	0.327	2023	07	30
W	Rr	13392	0.399	2023	07	23
W	Rr	13224	0.394	2023	07	16
W	Rr	16128	0.480	2023	07	09
W	Rr	13356	0.398	2023	07	02
W	Rr	12558	0.374	2023	06	25
W	Rr	17082	0.508	2023	06	18
W	Rr	16452	0.490	2023	06	11
W	Rr	15336	0.456	2023	06	04
W	Rr	13482	0.401	2023	05	28
W	Rr	16248	0.484	2023	05	21
W	Rr	15078	0.449	2023	05	14
W	Rr	17181	0.511	2023	05	07
W	Rr	4282	0.127	2023	04	30
W	Rr	2458	0.073	2023	04	23
W	Rr	2269	0.068	2023	04	16
W	Rr	1553	0.046	2023	04	09
W	Rr	2389	0.071	2023	04	02
W	Rr	1701	0.051	2023	03	26
W	Rr	1943	0.058	2023	03	19
W	Rr	2225	0.066	2023	03	12
W	Rr	2192	0.065	2023	03	05
W	Rr	4055	0.121	2023	02	26
W	Rr	2406	0.072	2023	02	19
W	Rr	1898	0.056	2023	02	12
W	Rr	1890	0.056	2023	02	05
W	Rr	1861	0.055	2023	01	29
W	Rr	1686	0.050	2023	01	22
W	Rr	1779	0.053	2023	01	15
W	Rr	1833	0.055	2023	01	08
W	Rr	2226	0.066	2023	01	01
W	Rr	1280	0.038	2022	12	25
W	Rr	1806	0.054	2022	12	18
W	Rr	1773	0.053	2022	12	11
W	Rr	1532	0.046	2022	12	04
W	Rr	1586	0.047	2022	11	27
W	Rr	1093	0.033	2022	11	20
W	Rr	1366	0.041	2022	11	13
W	Rr	1972	0.059	2022	11	06
W	Rr	1396	0.042	2022	10	30
W	Rr	1547	0.046	2022	10	23
W	Rr	1641	0.049	2022	10	16
W	Rr	1747	0.052	2022	10	09
W	Rr	1568	0.047	2022	10	02
W	Rr	1379	0.041	2022	09	25
W	Rr	1695	0.050	2022	09	18
W	Rr	1701	0.051	2022	09	11
W	Rr	1568	0.047	2022	09	04
W	Rr	1562	0.046	2022	08	28
W	Rr	1488	0.044	2022	08	21
W	Rr	1646	0.049	2022	08	14
W	Rr	1430	0.043	2022	08	07
W	Rr	1446	0.043	2022	07	31
W	Rr	1383	0.041	2022	07	24
W	Rr	1661	0.049	2022	07	17
W	Rr	1478	0.044	2022	07	10
W	Rr	1711	0.051	2022	07	03
W	Rr	1804	0.054	2022	06	26
W	Rr	1298	0.039	2022	06	19
W	Rr	1407	0.042	2022	06	12
W	Rr	1396	0.042	2022	06	05
W	Rr	1638	0.049	2022	05	29
W	Rr	1724	0.051	2022	05	22
W	Rr	2427	0.072	2022	05	15
W	Rr	2100	0.063	2022	05	08
W	Rr	1414	0.042	2022	05	01
W	Rr	1865	0.056	2022	04	24
W	Rr	1381	0.041	2022	04	17
W	Rr	1630	0.049	2022	04	10
W	Rr	1670	0.050	2022	04	03
W	Rr	1588	0.047	2022	03	27
W	Rr	1204	0.036	2022	03	20
W	Rr	1350	0.040	2022	03	13
W	Rr	1488	0.044	2022	03	06
W	Rr	1368	0.041	2022	02	27
W	Rr	1481	0.044	2022	02	20
W	Rr	1657	0.049	2022	02	13
W	Rr	1518	0.045	2022	02	06
W	Rr	1787	0.053	2022	01	30
W	Rr	2021	0.060	2022	01	23
W	Rr	1429	0.043	2022	01	16
W	Rr	1693	0.050	2022	01	09
W	Rr	1541	0.046	2022	01	02
W	Rr	1311	0.039	2021	12	26
W	Rr	1839	0.055	2021	12	19
W	Rr	1732	0.052	2021	12	12
W	Rr	2001	0.060	2021	12	05
W	Rr	1641	0.049	2021	11	28
W	Rr	1615	0.048	2021	11	21
W	Rr	1673	0.050	2021	11	14
W	Rr	1625	0.048	2021	11	07
W	Rr	1523	0.045	2021	10	31
W	Rr	1562	0.046	2021	10	24
W	Rr	1474	0.044	2021	10	17
W	Rr	1349	0.040	2021	10	10
W	Rr	1615	0.048	2021	10	03
W	Rr	1598	0.048	2021	09	26
W	Rr	1646	0.049	2021	09	19
W	Rr	1203	0.036	2021	09	12
W	Rr	1106	0.033	2021	09	05
W	Rr	1383	0.041	2021	08	29
W	Rr	1685	0.050	2021	08	22
W	Rr	2071	0.062	2021	08	15
W	Rr	2279	0.068	2021	08	08
W	Rr	2374	0.071	2021	08	01
W	Rr	2543	0.076	2021	07	25
W	Rr	2843	0.085	2021	07	18
W	Rr	2777	0.083	2021	07	11
W	Rr	2756	0.082	2021	07	04
W	Rr	2524	0.075	2021	06	27
W	Rr	2466	0.073	2021	06	20
W	Rr	2262	0.067	2021	06	13
W	Rr	2264	0.067	2021	06	06
W	Rr	2101	0.063	2021	05	30
W	Rr	3009	0.090	2021	05	23
W	Rr	1989	0.059	2021	05	16
W	Rr	2386	0.071	2021	05	09
W	Rr	2138	0.064	2021	05	02
W	Rr	1668	0.050	2021	04	25
W	Rr	2413	0.072	2021	04	18
W	Rr	3035	0.090	2021	04	11
W	Rr	2709	0.081	2021	04	04
W	Rr	1942	0.058	2021	03	28
W	Rr	1666	0.050	2021	03	21
W	Rr	1476	0.044	2021	03	14
W	Rr	1713	0.051	2021	03	07
W	Rr	1777	0.053	2021	02	28
W	Rr	1173	0.035	2021	02	21
W	Rr	1101	0.033	2021	02	14
W	Rr	1699	0.051	2021	02	07
W	Rr	1867	0.056	2021	01	31
W	Rr	1404	0.042	2021	01	24
W	Rr	1564	0.047	2021	01	17
W	Rr	1431	0.043	2021	01	10
W	Rr	1666	0.050	2021	01	03
W	Rr	1926	0.057	2020	12	27
W	Rr	1572	0.047	2020	12	20
W	Rr	1404	0.042	2020	12	13
W	Rr	2272	0.068	2020	12	06
W	Rr	1522	0.045	2020	11	29
W	Rr	1722	0.051	2020	11	22
W	Rr	1580	0.047	2020	11	15
W	Rr	1401	0.042	2020	11	08
W	Rr	1499	0.045	2020	11	01
W	Rr	1470	0.044	2020	10	25
W	Rr	2379	0.071	2020	10	18
W	Rr	1559	0.046	2020	10	11
W	Rr	1729	0.051	2020	10	04
W	Rr	1674	0.050	2020	09	27
W	Rr	1786	0.053	2020	09	20
W	Rr	2200	0.065	2020	09	13
W	Rr	1677	0.050	2020	09	06
W	Rr	1596	0.048	2020	08	30
W	Rr	1833	0.055	2020	08	23
W	Rr	1814	0.054	2020	08	16
W	Rr	2206	0.066	2020	08	09
W	Rr	1397	0.042	2020	08	02
W	Rr	1816	0.054	2020	07	26
W	Rr	1949	0.058	2020	07	19
W	Rr	1532	0.046	2020	07	12
W	Rr	1976	0.059	2020	07	05
W	Rr	1600	0.048	2020	06	28
W	Rr	1627	0.048	2020	06	21
W	Rr	2101	0.063	2020	06	14
W	Rr	1590	0.047	2020	06	07
W	Rr	1492	0.044	2020	05	31
W	Rr	1556	0.046	2020	05	24
W	Rr	1756	0.052	2020	05	17
W	Rr	1568	0.047	2020	05	10
W	Rr	1567	0.047	2020	05	03
W	Rr	1734	0.052	2020	04	26
W	Rr	1675	0.050	2020	04	19
W	Rr	1702	0.051	2020	04	12
W	Rr	1965	0.058	2020	04	05
W	Rr	1329	0.040	2020	03	29
W	Rr	1818	0.054	2020	03	22
W	Rr	1345	0.040	2020	03	15
W	Rr	1581	0.047	2020	03	08
W	Rr	2014	0.060	2020	03	01
W	Rr	1942	0.058	2020	02	23
W	Rr	1748	0.052	2020	02	16
W	Rr	1949	0.058	2020	02	09
W	Rr	1683	0.050	2020	02	02
W	Rr	1436	0.043	2020	01	26
W	Rr	1792	0.053	2020	01	19
W	Rr	1519	0.045	2020	01	12
W	Rr	1420	0.042	2020	01	05
W	Rr	1109	0.033	2019	12	29
W	Rr	1023	0.030	2019	12	22
W	Rr	1584	0.047	2019	12	15
W	Rr	1783	0.053	2019	12	08
W	Rr	1704	0.051	2019	12	01
W	Rr	1178	0.035	2019	11	24
W	Rr	1697	0.051	2019	11	17
W	Rr	1510	0.045	2019	11	10
W	Rr	1383	0.041	2019	11	03
W	Rr	1309	0.039	2019	10	27
W	Rr	1473	0.044	2019	10	20
W	Rr	1519	0.045	2019	10	13
W	Rr	1485	0.044	2019	10	06
W	Rr	1416	0.042	2019	09	29
W	Rr	1499	0.045	2019	09	22
W	Rr	1652	0.049	2019	09	15
W	Rr	1710	0.051	2019	09	08
W	Rr	1485	0.044	2019	09	01
W	Rr	1689	0.050	2019	08	25
W	Rr	1315	0.039	2019	08	18
W	Rr	1619	0.048	2019	08	11
W	Rr	1558	0.046	2019	08	04
W	Rr	1360	0.040	2019	07	28
W	Rr	1191	0.035	2019	07	21
W	Rr	1730	0.051	2019	07	14
W	Rr	1299	0.039	2019	07	07
W	Rr	1339	0.040	2019	06	30
W	Rr	1592	0.047	2019	06	23
W	Rr	1497	0.045	2019	06	16
W	Rr	1450	0.043	2019	06	09
W	Rr	1555	0.046	2019	06	02
W	Rr	1289	0.038	2019	05	26
W	Rr	1863	0.055	2019	05	19
W	Rr	1385	0.041	2019	05	12
W	Rr	1553	0.046	2019	05	05
W	Rr	1655	0.049	2019	04	28
W	Rr	1282	0.038	2019	04	21
W	Rr	1503	0.045	2019	04	14
W	Rr	1623	0.048	2019	04	07
W	Rr	1715	0.051	2019	03	31
W	Rr	1882	0.056	2019	03	24
W	Rr	1464	0.044	2019	03	17
W	Rr	1381	0.041	2019	03	10
W	Rr	1627	0.048	2019	03	03
W	Rr	1773	0.053	2019	02	24
W	Rr	1669	0.050	2019	02	17
W	Rr	1483	0.044	2019	02	10
W	Rr	1391	0.041	2019	02	03
W	Rr	1797	0.053	2019	01	27
W	Rr	1963	0.058	2019	01	20
W	Rr	2029	0.060	2019	01	13
W	Rr	1696	0.050	2019	01	06
W	Rr	1526	0.045	2018	12	30
W	Rr	1226	0.036	2018	12	23
W	Rr	1442	0.043	2018	12	16
W	Rr	1936	0.058	2018	12	09
W	Rr	1809	0.054	2018	12	02
W	Rr	1295	0.039	2018	11	25
W	Rr	1820	0.054	2018	11	18
W	Rr	1802	0.054	2018	11	11
W	Rr	0	0.000	2018	11	04
W	Rr	1473	0.044	2018	10	28
W	Rr	1106	0.033	2018	10	21
W	Rr	1427	0.042	2018	10	14
W	Rr	1214	0.036	2018	10	07
W	Rr	1168	0.035	2018	09	30
W	Rr	1420	0.042	2018	09	23
W	Rr	1197	0.036	2018	09	16
W	Rr	1388	0.041	2018	09	09
W	Rr	1320	0.039	2018	09	02
W	Rr	1246	0.037	2018	08	26
W	Rr	1214	0.036	2018	08	19
W	Rr	1366	0.041	2018	08	12
W	Rr	1195	0.036	2018	08	05
W	Rr	1346	0.040	2018	07	29
W	Rr	1374	0.041	2018	07	22
W	Rr	1508	0.045	2018	07	15
W	Rr	1522	0.045	2018	07	08
W	Rr	909	0.027	2018	07	01
W	Rr	1444	0.043	2018	06	24
W	Rr	2682	0.080	2018	06	17
W	Rr	1365	0.041	2018	06	10
W	Rr	1329	0.040	2018	06	03
W	Rr	1275	0.038	2018	05	27
W	Rr	1392	0.041	2018	05	20
W	Rr	1321	0.039	2018	05	13
W	Rr	1527	0.045	2018	05	06
W	Rr	1517	0.045	2018	04	29
W	Rr	0	0.000	2018	04	22
W	Rr	1364	0.041	2018	04	15
W	Rr	1712	0.051	2018	04	08
W	Rr	0	0.000	2018	04	01
W	Rr	1543	0.046	2018	03	25
W	Rr	1342	0.040	2018	03	18
W	Rr	2429	0.072	2018	03	11
W	Rr	0	0.000	2018	03	04
W	Rr	1366	0.041	2018	02	25
W	Rr	1308	0.039	2018	02	18
W	Rr	1439	0.043	2018	02	11
W	Rr	1731	0.052	2018	02	04
W	Rr	0	0.000	2018	01	28
W	Rr	1434	0.043	2018	01	21
W	Rr	1578	0.047	2018	01	14
W	Rr	1471	0.044	2018	01	07
W	Rr	1246	0.037	2017	12	31
W	Rr	1033	0.031	2017	12	24
W	Rr	1103	0.033	2017	12	17
W	Rr	1406	0.042	2017	12	10
W	Rr	0	0.000	2017	12	03
W	Rr	1335	0.040	2017	11	26
W	Rr	1427	0.042	2017	11	19
W	Rr	1662	0.049	2017	11	12
W	Rr	1414	0.042	2017	11	05
W	Rr	1349	0.040	2017	10	29
W	Rr	1208	0.036	2017	10	22
W	Rr	2013	0.060	2017	10	15
W	Rr	1832	0.055	2017	10	08
W	Rr	0	0.000	2017	10	01
W	Rr	0	0.000	2017	09	24
W	Rr	0	0.000	2017	09	17
W	Rr	0	0.000	2017	09	10
W	Rr	0	0.000	2017	09	03
W	Rr	0	0.000	2017	08	27
W	Rr	0	0.000	2017	08	20
W	Rr	0	0.000	2017	08	13
W	Rr	0	0.000	2017	08	06
W	Rr	0	0.000	2017	07	30
W	Rr	0	0.000	2017	07	23
W	Rr	0	0.000	2017	07	16
W	Rr	0	0.000	2017	07	09
W	Rr	0	0.000	2017	07	02
W	Rr	0	0.000	2017	06	25
W	Rr	0	0.000	2017	06	18
W	Rr	0	0.000	2017	06	11
W	Rr	0	0.000	2017	06	04
W	Rr	25	0.001	2017	05	28
W	Rr	1838	0.055	2017	05	21
W	Rr	1915	0.057	2017	05	14
W	Rr	1676	0.050	2017	05	07
W	Rr	1677	0.050	2017	04	30
W	Rr	2071	0.062	2017	04	23
W	Rr	1978	0.059	2017	04	16
W	Rr	1874	0.056	2017	04	09
W	Rr	3435	0.102	2017	04	02
W	Rr	2619	0.078	2017	03	26
W	Rr	2633	0.078	2017	03	19
W	Rr	2413	0.072	2017	03	12
W	Rr	3092	0.092	2017	03	05
W	Rr	2295	0.068	2017	02	26
W	Rr	2204	0.066	2017	02	19
W	Rr	1869	0.056	2017	02	12
W	Rr	1973	0.059	2017	02	05
W	Rr	1783	0.053	2017	01	29
W	Rr	1768	0.053	2017	01	22
W	Rr	1585	0.047	2017	01	15
W	Rr	1768	0.053	2017	01	08
W	Rr	1740	0.052	2017	01	01
W	Rr	1549	0.046	2016	12	25
W	Rr	2202	0.066	2016	12	18
W	Rr	1812	0.054	2016	12	11
W	Rr	2648	0.079	2016	12	04
W	Rr	2236	0.067	2016	11	27
W	Rr	1321	0.039	2016	11	20
W	Rr	1996	0.059	2016	11	13
W	Rr	1716	0.051	2016	11	06
W	Rr	1564	0.047	2016	10	30
W	Rr	1362	0.041	2016	10	23
W	Rr	1707	0.051	2016	10	16
W	Rr	1696	0.050	2016	10	09
W	Rr	36	0.001	2016	10	02
W	Rr	2002	0.060	2016	09	25
W	Rr	1399	0.042	2016	09	18
W	Rr	1199	0.036	2016	09	11
W	Rr	1326	0.039	2016	09	04
W	Rr	1316	0.039	2016	08	28
W	Rr	1257	0.037	2016	08	21
W	Rr	1208	0.036	2016	08	14
W	Rr	1602	0.048	2016	08	07
W	Rr	1319	0.039	2016	07	31
W	Rr	1796	0.053	2016	07	24
W	Rr	1171	0.035	2016	07	17
W	Rr	1167	0.035	2016	07	10
W	Rr	917	0.027	2016	07	03
W	Rr	920	0.027	2016	06	26
W	Rr	1179	0.035	2016	06	19
W	Rr	1288	0.038	2016	06	12
W	Rr	1237	0.037	2016	06	05
W	Rr	1263	0.038	2016	05	29
W	Rr	1338	0.040	2016	05	22
W	Rr	1184	0.035	2016	05	15
W	Rr	1365	0.041	2016	05	08
W	Rr	974	0.029	2016	05	01
W	Rr	1311	0.039	2016	04	24
W	Rr	1127	0.034	2016	04	17
W	Rr	1248	0.037	2016	04	10
W	Rr	1451	0.043	2016	04	03
W	Rr	987	0.029	2016	03	27
W	Rr	1233	0.037	2016	03	20
W	Rr	1347	0.040	2016	03	13
W	Rr	1347	0.040	2016	03	06
W	Rr	1236	0.037	2016	02	28
W	Rr	1422	0.042	2016	02	21
W	Rr	1085	0.032	2016	02	14
W	Rr	1427	0.042	2016	02	07
W	Rr	1359	0.040	2016	01	31
W	Rr	1708	0.051	2016	01	24
W	Rr	1476	0.044	2016	01	17
W	Rr	1563	0.047	2016	01	10
W	Rr	1381	0.041	2016	01	03
W	Rr	1273	0.038	2015	12	27
W	Rr	1084	0.032	2015	12	20
W	Rr	1344	0.040	2015	12	13
W	Rr	1336	0.040	2015	12	06
W	Rr	1123	0.033	2015	11	29
W	Rr	960	0.029	2015	11	22
W	Rr	1337	0.040	2015	11	15
W	Rr	1400	0.042	2015	11	08
W	Rr	1383	0.041	2015	11	01
W	Rr	1250	0.037	2015	10	25
W	Rr	1366	0.041	2015	10	18
W	Rr	1367	0.041	2015	10	11
W	Rr	1214	0.036	2015	10	04
W	Rr	1152	0.034	2015	09	27
W	Rr	1387	0.041	2015	09	20
W	Rr	1655	0.049	2015	09	13
W	Rr	1526	0.045	2015	09	06
W	Rr	1242	0.037	2015	08	30
W	Rr	1800	0.054	2015	08	23
W	Rr	1527	0.045	2015	08	16
W	Rr	1386	0.041	2015	08	09
W	Rr	1593	0.047	2015	08	02
W	Rr	1567	0.047	2015	07	26
W	Rr	1980	0.059	2015	07	19
W	Rr	2180	0.065	2015	07	12
W	Rr	2008	0.060	2015	07	05
W	Rr	2297	0.068	2015	06	28
W	Rr	1556	0.046	2015	06	21
W	Rr	1380	0.041	2015	06	14
W	Rr	2013	0.060	2015	06	07
W	Rr	1651	0.049	2015	05	31
W	Rr	1224	0.036	2015	05	24
W	Rr	1355	0.040	2015	05	17
W	Rr	1179	0.035	2015	05	10
W	Rr	1436	0.043	2015	05	03
W	Rr	1671	0.050	2015	04	26
W	Rr	1878	0.056	2015	04	19
W	Rr	2326	0.069	2015	04	12
W	Rr	2636	0.078	2015	04	05
W	Rr	2297	0.068	2015	03	29
W	Rr	1237	0.037	2015	03	22
W	Rr	1453	0.043	2015	03	15
W	Rr	1399	0.042	2015	03	08
W	Rr	1287	0.038	2015	03	01
W	Rr	1249	0.037	2015	02	22
W	Rr	1373	0.041	2015	02	15
W	Rr	1790	0.053	2015	02	08
W	Rr	1672	0.050	2015	02	01
W	Rr	1543	0.046	2015	01	25
W	Rr	1463	0.044	2015	01	18
W	Rr	1696	0.050	2015	01	11
W	Rr	1707	0.051	2015	01	04
W	Rr	1833	0.055	2014	12	28
W	Rr	1335	0.040	2014	12	21
W	Rr	1644	0.049	2014	12	14
W	Rr	1541	0.046	2014	12	07
W	Rr	1335	0.040	2014	11	30
W	Rr	1262	0.038	2014	11	23
W	Rr	2009	0.060	2014	11	16
W	Rr	1566	0.047	2014	11	09
W	Rr	1814	0.054	2014	11	02
W	Rr	1452	0.043	2014	10	26
W	Rr	1642	0.049	2014	10	19
W	Rr	1795	0.053	2014	10	12
W	Rr	1836	0.055	2014	10	05
W	Rr	1662	0.049	2014	09	28
W	Rr	1843	0.055	2014	09	21
W	Rr	1678	0.050	2014	09	14
W	Rr	1598	0.048	2014	09	07
W	Rr	1418	0.042	2014	08	31
W	Rr	1584	0.047	2014	08	24
W	Rr	1571	0.047	2014	08	17
W	Rr	1727	0.051	2014	08	10
W	Rr	1927	0.057	2014	08	03
W	Rr	1691	0.050	2014	07	27
W	Rr	1702	0.051	2014	07	20
W	Rr	1624	0.048	2014	07	13
W	Rr	1831	0.054	2014	07	06
W	Rr	1867	0.056	2014	06	29
W	Rr	1927	0.057	2014	06	22
W	Rr	2134	0.064	2014	06	15
W	Rr	4851	0.144	2014	06	08
W	Rr	2293	0.068	2014	06	01
W	Rr	3180	0.095	2014	05	25
W	Rr	1468	0.044	2014	05	18
W	Rr	1808	0.054	2014	05	11
W	Rr	1998	0.059	2014	05	04
W	Rr	1876	0.056	2014	04	27
W	Rr	2330	0.069	2014	04	20
W	Rr	2565	0.076	2014	04	13
W	Rr	2652	0.079	2014	04	06
W	Rr	2574	0.077	2014	03	30
W	Rr	1186	0.035	2014	03	23
W	Rr	1305	0.039	2014	03	16
W	Rr	2273	0.068	2014	03	09
W	Rr	2231	0.066	2014	03	02
W	Rr	1925	0.057	2014	02	23
W	Rr	7060	0.210	2014	02	16
W	Rr	2854	0.085	2014	02	09
W	Rr	3190	0.095	2014	02	02
W	Rr	3743	0.111	2014	01	26
W	Rr	3643	0.108	2014	01	19
W	Rr	2961	0.088	2014	01	12
W	Rr	2319	0.069	2014	01	05
W	Rr	981	0.029	2013	12	29
W	Rr	1108	0.033	2013	12	22
W	Rr	1226	0.036	2013	12	15
W	Rr	1285	0.038	2013	12	08
W	Rr	1289	0.038	2013	12	01
W	Rr	1404	0.042	2013	11	24
W	Rr	1142	0.034	2013	11	17
W	Rr	1334	0.040	2013	11	10
W	Rr	1277	0.038	2013	11	03
W	Rr	1035	0.031	2013	10	27
W	Rr	1309	0.039	2013	10	20
W	Rr	1302	0.039	2013	10	13
W	Rr	1432	0.043	2013	10	06
W	Rr	1178	0.035	2013	09	29
W	Rr	947	0.028	2013	09	22
W	Rr	1254	0.037	2013	09	15
W	Rr	1099	0.033	2013	09	08
W	Rr	1053	0.031	2013	09	01
W	Rr	1010	0.030	2013	08	25
W	Rr	1102	0.033	2013	08	18
W	Rr	1063	0.032	2013	08	11
W	Rr	1105	0.033	2013	08	04
W	Rr	1377	0.041	2013	07	28
W	Rr	1498	0.045	2013	07	21
W	Rr	1295	0.039	2013	07	14
W	Rr	1237	0.037	2013	07	07
W	Rr	1003	0.030	2013	06	30
W	Rr	1275	0.038	2013	06	23
W	Rr	1072	0.032	2013	06	16
W	Rr	1249	0.037	2013	06	09
W	Rr	1521	0.045	2013	06	02
W	Rr	1256	0.037	2013	05	26
W	Rr	1091	0.032	2013	05	19
W	Rr	1359	0.040	2013	05	12
W	Rr	1130	0.034	2013	05	05
W	Rr	1215	0.036	2013	04	28
W	Rr	1368	0.041	2013	04	21
W	Rr	1318	0.039	2013	04	14
W	Rr	1408	0.042	2013	04	07
W	Rr	1277	0.038	2013	03	31
W	Rr	1452	0.043	2013	03	24
W	Rr	1418	0.042	2013	03	17
W	Rr	1217	0.036	2013	03	10
W	Rr	1490	0.044	2013	03	03
W	Rr	1353	0.040	2013	02	24
W	Rr	1268	0.038	2013	02	17
W	Rr	1274	0.038	2013	02	10
W	Rr	1153	0.034	2013	02	03
W	Rr	1266	0.038	2013	01	27
W	Rr	1271	0.038	2013	01	20
W	Rr	1449	0.043	2013	01	13
W	Rr	1253	0.037	2013	01	06
W	Rr	1309	0.039	2012	12	30
W	Rr	1156	0.034	2012	12	23
W	Rr	1336	0.040	2012	12	16
W	Rr	1575	0.047	2012	12	09
W	Rr	1087	0.032	2012	12	02
W	Rr	1376	0.041	2012	11	25
W	Rr	1136	0.034	2012	11	18
W	Rr	1341	0.040	2012	11	11
W	Rr	1418	0.042	2012	11	04
W	Rr	1103	0.033	2012	10	28
W	Rr	1200	0.036	2012	10	21
W	Rr	1382	0.041	2012	10	14
W	Rr	1127	0.034	2012	10	07
W	Rr	1187	0.035	2012	09	30
W	Rr	1172	0.035	2012	09	23
W	Rr	1034	0.031	2012	09	16
W	Rr	944	0.028	2012	09	09
W	Rr	958	0.029	2012	09	02
W	Rr	734	0.022	2012	08	26
W	Rr	881	0.026	2012	08	19
W	Rr	874	0.026	2012	08	12
W	Rr	973	0.029	2012	08	05
W	Rr	1010	0.030	2012	07	29
W	Rr	943	0.028	2012	07	22
W	Rr	1089	0.032	2012	07	15
W	Rr	888	0.026	2012	07	08
W	Rr	845	0.025	2012	07	01
W	Rr	1070	0.032	2012	06	24
W	Rr	1050	0.031	2012	06	17
W	Rr	1271	0.038	2012	06	10
W	Rr	957	0.028	2012	06	03
W	Rr	1249	0.037	2012	05	27
W	Rr	1055	0.031	2012	05	20
W	Rr	1392	0.041	2012	05	13
W	Rr	1140	0.034	2012	05	06
W	Rr	1807	0.054	2012	04	29
W	Rr	1225	0.036	2012	04	22
W	Rr	1264	0.038	2012	04	15
W	Rr	1075	0.032	2012	04	08
W	Rr	1261	0.038	2012	04	01
W	Rr	1345	0.040	2012	03	25
W	Rr	1254	0.037	2012	03	18
W	Rr	1478	0.044	2012	03	11
W	Rr	1503	0.045	2012	03	04
W	Rr	1532	0.046	2012	02	26
W	Rr	1464	0.044	2012	02	19
W	Rr	1154	0.034	2012	02	12
W	Rr	1240	0.037	2012	02	05
W	Rr	1088	0.032	2012	01	29
W	Rr	1125	0.033	2012	01	22
W	Rr	60	0.002	2012	01	15
W	Rr	1472	0.044	2012	01	08
W	Rr	1122	0.033	2012	01	01
W	Rr	888	0.026	2011	12	25
W	Rr	1360	0.040	2011	12	18
W	Rr	1486	0.044	2011	12	11
W	Rr	1330	0.040	2011	12	04
W	Rr	1094	0.033	2011	11	27
W	Rr	1062	0.032	2011	11	20
W	Rr	1123	0.033	2011	11	13
W	Rr	975	0.029	2011	11	06
W	Rr	1264	0.038	2011	10	30
W	Rr	1140	0.034	2011	10	23
W	Rr	1211	0.036	2011	10	16
W	Rr	1236	0.037	2011	10	09
W	Rr	1128	0.034	2011	10	02
W	Rr	1083	0.032	2011	09	25
W	Rr	1451	0.043	2011	09	18
W	Rr	1278	0.038	2011	09	11
W	Rr	1219	0.036	2011	09	04
W	Rr	1316	0.039	2011	08	28
W	Rr	1119	0.033	2011	08	21
W	Rr	1484	0.044	2011	08	14
W	Rr	1671	0.050	2011	08	07
W	Rr	1319	0.039	2011	07	31
W	Rr	1197	0.036	2011	07	24
W	Rr	1504	0.045	2011	07	17
W	Rr	1367	0.041	2011	07	10
W	Rr	1205	0.036	2011	07	03
W	Rr	1333	0.040	2011	06	26
W	Rr	1059	0.032	2011	06	19
W	Rr	1353	0.040	2011	06	12
W	Rr	1275	0.038	2011	06	05
W	Rr	983	0.029	2011	05	29
W	Rr	1262	0.038	2011	05	22
W	Rr	1374	0.041	2011	05	15
W	Rr	1076	0.032	2011	05	08
W	Rr	0	0.000	2011	05	01
W	Rr	0	0.000	2011	04	24
W	Rr	0	0.000	2011	04	17
W	Rr	0	0.000	2011	04	10
W	Rr	0	0.000	2011	04	03
W	Rr	0	0.000	2011	03	27
W	Rr	24	0.001	2011	03	20
W	Rr	1317	0.039	2011	03	13
W	Rr	1258	0.037	2011	03	06
W	Rr	1372	0.041	2011	02	27
W	Rr	1226	0.036	2011	02	20
W	Rr	1524	0.045	2011	02	13
W	Rr	1366	0.041	2011	02	06
W	Rr	958	0.029	2011	01	30
W	Rr	1273	0.038	2011	01	23
W	Rr	1560	0.046	2011	01	16
W	Rr	1472	0.044	2011	01	09
W	Rr	1310	0.039	2011	01	02
W	Rr	798	0.024	2010	12	26
W	Rr	935	0.028	2010	12	19
W	Rr	0	0.000	2010	12	12
W	Rr	0	0.000	2010	12	05
W	Rr	0	0.000	2010	11	28
W	Rr	0	0.000	2010	11	21
W	Rr	0	0.000	2010	11	14
W	Rr	0	0.000	2010	11	07
W	Rr	0	0.000	2010	10	31
W	Rr	0	0.000	2010	10	24
W	Rr	0	0.000	2010	10	17
W	Rr	0	0.000	2010	10	10
W	Rr	0	0.000	2010	10	03
W	Rr	0	0.000	2010	09	26
W	Rr	0	0.000	2010	09	19
W	Rr	0	0.000	2010	09	12
W	Rr	0	0.000	2010	09	05
W	Rr	0	0.000	2010	08	29
W	Rr	0	0.000	2010	08	22
W	Rr	0	0.000	2010	08	15
W	Rr	0	0.000	2010	08	08
W	Rr	0	0.000	2010	08	01
W	Rr	0	0.000	2010	07	25
W	Rr	0	0.000	2010	07	18
W	Rr	0	0.000	2010	07	11
W	Rr	0	0.000	2010	07	04
W	Rr	15	0.000	2010	06	27
W	Rr	914	0.027	2010	06	20
W	Rr	1104	0.033	2010	06	13
W	Rr	1096	0.033	2010	06	06
W	Rr	1171	0.035	2010	05	30
W	Rr	1115	0.033	2010	05	23
W	Rr	1170	0.035	2010	05	16
W	Rr	1334	0.040	2010	05	09
W	Rr	1109	0.033	2010	05	02
W	Rr	1067	0.032	2010	04	25
W	Rr	1212	0.036	2010	04	18
W	Rr	1054	0.031	2010	04	11
W	Rr	1325	0.039	2010	04	04
W	Rr	811	0.024	2010	03	28
W	Rr	1195	0.036	2010	03	21
W	Rr	1338	0.040	2010	03	14
W	Rr	1113	0.033	2010	03	07
W	Rr	1103	0.033	2010	02	28
W	Rr	1290	0.038	2010	02	21
W	Rr	0	0.000	2010	02	14
W	Rr	0	0.000	2010	02	07
W	Rr	0	0.000	2010	01	31
W	Rr	0	0.000	2010	01	24
W	Rr	0	0.000	2010	01	17
W	Rr	0	0.000	2010	01	10
W	Rr	0	0.000	2010	01	03
W	Rr	78	0.002	2009	12	27
W	Rr	945	0.028	2009	12	20
W	Rr	1140	0.034	2009	12	13
W	Rr	1323	0.039	2009	12	06
W	Rr	1518	0.045	2009	11	29
W	Rr	1352	0.040	2009	11	22
W	Rr	1346	0.040	2009	11	15
W	Rr	1416	0.042	2009	11	08
W	Rr	1734	0.052	2009	11	01
W	Rr	1035	0.031	2009	10	25
W	Rr	1297	0.039	2009	10	18
W	Rr	1267	0.038	2009	10	11
W	Rr	1440	0.043	2009	10	04
W	Rr	1521	0.045	2009	09	27
W	Rr	1121	0.033	2009	09	20
W	Rr	875	0.026	2009	09	13
W	Rr	1032	0.031	2009	09	06
W	Rr	1283	0.038	2009	08	30
W	Rr	1214	0.036	2009	08	23
W	Rr	1402	0.042	2009	08	16
W	Rr	1260	0.038	2009	08	09
W	Rr	1404	0.042	2009	08	02
W	Rr	1380	0.041	2009	07	26
W	Rr	1470	0.044	2009	07	19
W	Rr	1750	0.052	2009	07	12
W	Rr	1847	0.055	2009	07	05
W	Rr	1889	0.056	2009	06	28
W	Rr	1312	0.039	2009	06	21
W	Rr	1093	0.033	2009	06	14
W	Rr	1363	0.041	2009	06	07
W	Rr	1251	0.037	2009	05	31
W	Rr	1352	0.040	2009	05	24
W	Rr	1133	0.034	2009	05	17
W	Rr	1887	0.056	2009	05	10
W	Rr	1369	0.041	2009	05	03
W	Rr	1089	0.032	2009	04	26
W	Rr	1160	0.035	2009	04	19
W	Rr	1189	0.035	2009	04	12
W	Rr	1529	0.046	2009	04	05
W	Rr	1155	0.034	2009	03	29
W	Rr	1230	0.037	2009	03	22
W	Rr	1029	0.031	2009	03	15
W	Rr	1234	0.037	2009	03	08
W	Rr	1486	0.044	2009	03	01
W	Rr	1470	0.044	2009	02	22
W	Rr	1198	0.036	2009	02	15
W	Rr	1802	0.054	2009	02	08
W	Rr	1653	0.049	2009	02	01
W	Rr	1346	0.040	2009	01	25
W	Rr	1431	0.043	2009	01	18
W	Rr	1678	0.050	2009	01	11
W	Rr	1591	0.047	2009	01	04
W	Rr	886	0.026	2008	12	28
W	Rr	1148	0.034	2008	12	21
W	Rr	1428	0.043	2008	12	14
W	Rr	1508	0.045	2008	12	07
W	Rr	1194	0.036	2008	11	30
W	Rr	1070	0.032	2008	11	23
W	Rr	1396	0.042	2008	11	16
W	Rr	1255	0.037	2008	11	09
W	Rr	1314	0.039	2008	11	02
W	Rr	1397	0.042	2008	10	26
W	Rr	1638	0.049	2008	10	19
W	Rr	1298	0.039	2008	10	12
W	Rr	430	0.013	2008	10	05
W	Rr	723	0.022	2008	09	28
W	Rr	1308	0.039	2008	09	21
W	Rr	1242	0.037	2008	09	14
W	Rr	1409	0.042	2008	09	07
W	Rr	1142	0.034	2008	08	31
W	Rr	1022	0.030	2008	08	24
W	Rr	1062	0.032	2008	08	17
W	Rr	1188	0.035	2008	08	10
W	Rr	1232	0.037	2008	08	03
W	Rr	1050	0.031	2008	07	27
W	Rr	1272	0.038	2008	07	20
W	Rr	1305	0.039	2008	07	13
W	Rr	1093	0.033	2008	07	06
W	Rr	1182	0.035	2008	06	29
W	Rr	1937	0.058	2008	06	22
W	Rr	1493	0.044	2008	06	15
W	Rr	1083	0.032	2008	06	08
W	Rr	1283	0.038	2008	06	01
W	Rr	1432	0.043	2008	05	25
W	Rr	1726	0.051	2008	05	18
W	Rr	1580	0.047	2008	05	11
W	Rr	2661	0.079	2008	05	04
W	Rr	3648	0.109	2008	04	27
W	Rr	1400	0.042	2008	04	20
W	Rr	1365	0.041	2008	04	13
W	Rr	1213	0.036	2008	04	06
W	Rr	1670	0.050	2008	03	30
W	Rr	1211	0.036	2008	03	23
W	Rr	1144	0.034	2008	03	16
W	Rr	1301	0.039	2008	03	09
W	Rr	1292	0.038	2008	03	02
W	Rr	1427	0.042	2008	02	24
W	Rr	2207	0.066	2008	02	17
W	Rr	1124	0.033	2008	02	10
W	Rr	1561	0.046	2008	02	03
W	Rr	1533	0.046	2008	01	27
W	Rr	1389	0.041	2008	01	20
W	Rr	1133	0.034	2008	01	13
W	Rr	1404	0.042	2008	01	06
W	Rr	976	0.029	2007	12	30
W	Rr	801	0.024	2007	12	23
W	Rr	675	0.020	2007	12	16
W	*BT	R	26220	2024	01	28
D	Rr	84	0.003	2026	01	21
D	Rr	615	0.018	2026	01	20
D	Rr	981	0.029	2026	01	19
D	Rr	864	0.026	2026	01	18
D	Rr	1274	0.038	2026	01	17
D	Rr	1956	0.058	2026	01	16
D	Rr	3006	0.089	2026	01	15
D	Rr	1680	0.050	2026	01	14
D	Rr	3006	0.089	2026	01	13
D	Rr	2646	0.079	2026	01	12
D	Rr	1338	0.040	2026	01	11
D	Rr	2604	0.078	2026	01	10
D	Rr	4542	0.135	2026	01	09
D	Rr	1746	0.052	2026	01	08
D	Rr	3936	0.117	2026	01	07
D	Rr	3786	0.113	2026	01	06
D	Rr	3138	0.093	2026	01	05
D	Rr	3180	0.095	2026	01	04
D	Rr	1812	0.054	2026	01	03
D	Rr	3714	0.111	2026	01	02
D	Rr	2538	0.076	2026	01	01
D	Rr	2178	0.065	2025	12	31
D	Rr	4104	0.122	2025	12	30
D	Rr	3492	0.104	2025	12	29
D	Rr	1722	0.051	2025	12	28
D	Rr	2262	0.067	2025	12	27
D	Rr	2778	0.083	2025	12	26
D	Rr	1860	0.055	2025	12	25
D	Rr	2610	0.078	2025	12	24
D	Rr	2058	0.061	2025	12	23
D	Rr	1614	0.048	2025	12	22
D	Rr	1254	0.037	2025	12	21
D	Rr	1530	0.046	2025	12	20
D	Rr	2340	0.070	2025	12	19
D	Rr	3582	0.107	2025	12	18
D	Rr	2838	0.084	2025	12	17
D	Rr	3300	0.098	2025	12	16
D	Rr	3264	0.097	2025	12	15
D	Rr	1392	0.041	2025	12	14
D	Rr	1902	0.057	2025	12	13
D	Rr	2586	0.077	2025	12	12
D	Rr	2808	0.084	2025	12	11
D	*BT	R	9912	2024	01	29
d	Rr	393664	11.716	Sun
d	Rr	533135	15.867	Mon
d	Rr	532366	15.844	Tue
d	Rr	538130	16.016	Wed
d	Rr	518430	15.430	Thu
d	Rr	499511	14.866	Fri
d	Rr	344742	10.260	Sat
H	Rr	10	0.000	2026	01	21	05
H	Rr	41	0.001	2026	01	21	04
H	Rr	1	0.000	2026	01	21	03
H	Rr	7	0.000	2026	01	21	02
H	Rr	4	0.000	2026	01	21	01
H	Rr	21	0.001	2026	01	21	00
H	Rr	10	0.000	2026	01	20	23
H	Rr	10	0.000	2026	01	20	22
H	Rr	166	0.005	2026	01	20	21
H	Rr	6	0.000	2026	01	20	20
H	Rr	56	0.002	2026	01	20	19
H	Rr	10	0.000	2026	01	20	18
H	Rr	15	0.000	2026	01	20	17
H	Rr	6	0.000	2026	01	20	16
H	Rr	1	0.000	2026	01	20	15
H	Rr	1	0.000	2026	01	20	14
H	Rr	10	0.000	2026	01	20	13
H	Rr	37	0.001	2026	01	20	12
H	Rr	11	0.000	2026	01	20	11
H	Rr	53	0.002	2026	01	20	10
H	Rr	6	0.000	2026	01	20	09
H	Rr	4	0.000	2026	01	20	08
H	Rr	41	0.001	2026	01	20	07
H	Rr	16	0.000	2026	01	20	06
H	Rr	128	0.004	2026	01	20	05
H	Rr	8	0.000	2026	01	20	04
H	Rr	4	0.000	2026	01	20	03
H	Rr	8	0.000	2026	01	20	02
H	Rr	4	0.000	2026	01	20	01
H	Rr	4	0.000	2026	01	20	00
H	Rr	80	0.002	2026	01	19	23
H	Rr	6	0.000	2026	01	19	22
H	Rr	36	0.001	2026	01	19	21
H	Rr	16	0.000	2026	01	19	20
H	Rr	6	0.000	2026	01	19	19
H	Rr	54	0.002	2026	01	19	18
H	Rr	4	0.000	2026	01	19	17
H	Rr	18	0.001	2026	01	19	16
H	Rr	104	0.003	2026	01	19	15
H	Rr	12	0.000	2026	01	19	14
H	Rr	52	0.002	2026	01	19	13
H	Rr	80	0.002	2026	01	19	12
H	Rr	38	0.001	2026	01	19	11
H	Rr	8	0.000	2026	01	19	10
H	Rr	16	0.000	2026	01	19	09
H	Rr	6	0.000	2026	01	19	08
H	Rr	12	0.000	2026	01	19	07
H	Rr	232	0.007	2026	01	19	06
H	Rr	18	0.001	2026	01	19	05
H	Rr	36	0.001	2026	01	19	04
H	Rr	9	0.000	2026	01	19	03
H	Rr	99	0.003	2026	01	19	02
H	Rr	24	0.001	2026	01	19	01
H	Rr	15	0.000	2026	01	19	00
H	Rr	12	0.000	2026	01	18	23
H	Rr	18	0.001	2026	01	18	22
H	Rr	30	0.001	2026	01	18	21
H	Rr	9	0.000	2026	01	18	20
H	Rr	60	0.002	2026	01	18	19
H	Rr	12	0.000	2026	01	18	18
H	Rr	144	0.004	2026	01	18	17
H	Rr	21	0.001	2026	01	18	16
H	Rr	117	0.003	2026	01	18	15
H	Rr	6	0.000	2026	01	18	14
H	Rr	3	0.000	2026	01	18	13
H	Rr	3	0.000	2026	01	18	12
H	Rr	21	0.001	2026	01	18	11
H	Rr	21	0.001	2026	01	18	10
H	Rr	24	0.001	2026	01	18	09
H	Rr	9	0.000	2026	01	18	08
H	Rr	9	0.000	2026	01	18	07
H	Rr	9	0.000	2026	01	18	06
H	*BT	R	2385	2025	07	26	02
h	Rr	132405	3.941	00
h	Rr	117382	3.494	01
h	Rr	132049	3.930	02
h	Rr	147703	4.396	03
h	Rr	125648	3.740	04
h	Rr	125566	3.737	05
h	Rr	114358	3.404	06
h	Rr	113613	3.381	07
h	Rr	104146	3.100	08
h	Rr	104430	3.108	09
h	Rr	106112	3.158	10
h	Rr	111298	3.312	11
h	Rr	112132	3.337	12
h	Rr	119618	3.560	13
h	Rr	146341	4.355	14
h	Rr	177610	5.286	15
h	Rr	195815	5.828	16
h	Rr	185702	5.527	17
h	Rr	188028	5.596	18
h	Rr	185746	5.528	19
h	Rr	172248	5.126	20
h	Rr	155808	4.637	21
h	Rr	149255	4.442	22
h	Rr	136965	4.076	23
4	Rr	4	0.000	2026	01	21	05	45
4	Rr	4	0.000	2026	01	21	05	30
4	Rr	2	0.000	2026	01	21	05	15
4	Rr	0	0.000	2026	01	21	05	00
4	Rr	1	0.000	2026	01	21	04	45
4	Rr	0	0.000	2026	01	21	04	30
4	Rr	3	0.000	2026	01	21	04	15
4	Rr	37	0.001	2026	01	21	04	00
4	Rr	1	0.000	2026	01	21	03	45
4	Rr	0	0.000	2026	01	21	03	30
4	Rr	0	0.000	2026	01	21	03	15
4	Rr	0	0.000	2026	01	21	03	00
4	Rr	5	0.000	2026	01	21	02	45
4	Rr	1	0.000	2026	01	21	02	30
4	Rr	1	0.000	2026	01	21	02	15
4	Rr	0	0.000	2026	01	21	02	00
4	Rr	0	0.000	2026	01	21	01	45
4	Rr	0	0.000	2026	01	21	01	30
4	Rr	0	0.000	2026	01	21	01	15
4	Rr	4	0.000	2026	01	21	01	00
4	Rr	0	0.000	2026	01	21	00	45
4	Rr	1	0.000	2026	01	21	00	30
4	Rr	4	0.000	2026	01	21	00	15
4	Rr	16	0.000	2026	01	21	00	00
4	Rr	4	0.000	2026	01	20	23	45
4	Rr	1	0.000	2026	01	20	23	30
4	Rr	3	0.000	2026	01	20	23	15
4	Rr	2	0.000	2026	01	20	23	00
4	Rr	0	0.000	2026	01	20	22	45
4	Rr	2	0.000	2026	01	20	22	30
4	Rr	2	0.000	2026	01	20	22	15
4	Rr	6	0.000	2026	01	20	22	00
4	Rr	0	0.000	2026	01	20	21	45
4	Rr	36	0.001	2026	01	20	21	30
4	Rr	130	0.004	2026	01	20	21	15
4	Rr	0	0.000	2026	01	20	21	00
4	Rr	2	0.000	2026	01	20	20	45
4	Rr	0	0.000	2026	01	20	20	30
4	Rr	2	0.000	2026	01	20	20	15
4	Rr	2	0.000	2026	01	20	20	00
4	Rr	53	0.002	2026	01	20	19	45
4	Rr	2	0.000	2026	01	20	19	30
4	Rr	1	0.000	2026	01	20	19	15
4	Rr	0	0.000	2026	01	20	19	00
4	Rr	2	0.000	2026	01	20	18	45
4	Rr	2	0.000	2026	01	20	18	30
4	Rr	4	0.000	2026	01	20	18	15
4	Rr	2	0.000	2026	01	20	18	00
4	Rr	3	0.000	2026	01	20	17	45
4	Rr	2	0.000	2026	01	20	17	30
4	Rr	7	0.000	2026	01	20	17	15
4	Rr	3	0.000	2026	01	20	17	00
4	Rr	1	0.000	2026	01	20	16	45
4	Rr	2	0.000	2026	01	20	16	30
4	Rr	2	0.000	2026	01	20	16	15
4	Rr	1	0.000	2026	01	20	16	00
4	Rr	1	0.000	2026	01	20	15	45
4	Rr	0	0.000	2026	01	20	15	30
4	Rr	0	0.000	2026	01	20	15	15
4	Rr	0	0.000	2026	01	20	15	00
4	Rr	1	0.000	2026	01	20	14	45
4	Rr	0	0.000	2026	01	20	14	30
4	Rr	0	0.000	2026	01	20	14	15
4	Rr	0	0.000	2026	01	20	14	00
4	Rr	5	0.000	2026	01	20	13	45
4	Rr	3	0.000	2026	01	20	13	30
4	Rr	2	0.000	2026	01	20	13	15
4	Rr	0	0.000	2026	01	20	13	00
4	Rr	1	0.000	2026	01	20	12	45
4	Rr	0	0.000	2026	01	20	12	30
4	Rr	35	0.001	2026	01	20	12	15
4	Rr	1	0.000	2026	01	20	12	00
4	Rr	0	0.000	2026	01	20	11	45
4	Rr	2	0.000	2026	01	20	11	30
4	Rr	9	0.000	2026	01	20	11	15
4	Rr	0	0.000	2026	01	20	11	00
4	Rr	1	0.000	2026	01	20	10	45
4	Rr	50	0.001	2026	01	20	10	30
4	Rr	0	0.000	2026	01	20	10	15
4	Rr	2	0.000	2026	01	20	10	00
4	Rr	2	0.000	2026	01	20	09	45
4	Rr	3	0.000	2026	01	20	09	30
4	Rr	1	0.000	2026	01	20	09	15
4	Rr	0	0.000	2026	01	20	09	00
4	Rr	1	0.000	2026	01	20	08	45
4	Rr	1	0.000	2026	01	20	08	30
4	Rr	2	0.000	2026	01	20	08	15
4	Rr	0	0.000	2026	01	20	08	00
4	Rr	4	0.000	2026	01	20	07	45
4	Rr	37	0.001	2026	01	20	07	30
4	Rr	0	0.000	2026	01	20	07	15
4	Rr	0	0.000	2026	01	20	07	00
4	Rr	11	0.000	2026	01	20	06	45
4	Rr	0	0.000	2026	01	20	06	30
4	Rr	4	0.000	2026	01	20	06	15
4	Rr	1	0.000	2026	01	20	06	00
4	*BT	R	2260	2025	07	26	02	30
6	Rr	34390	1.024	00	00
6	Rr	33129	0.986	00	15
6	Rr	31965	0.951	00	30
6	Rr	32921	0.980	00	45
6	Rr	28069	0.835	01	00
6	Rr	29763	0.886	01	15
6	Rr	29081	0.866	01	30
6	Rr	30469	0.907	01	45
6	Rr	29417	0.876	02	00
6	Rr	34242	1.019	02	15
6	Rr	35842	1.067	02	30
6	Rr	32548	0.969	02	45
6	Rr	35971	1.071	03	00
6	Rr	33143	0.986	03	15
6	Rr	36432	1.084	03	30
6	Rr	42157	1.255	03	45
6	Rr	37906	1.128	04	00
6	Rr	27869	0.829	04	15
6	Rr	28798	0.857	04	30
6	Rr	31075	0.925	04	45
6	Rr	29518	0.879	05	00
6	Rr	32617	0.971	05	15
6	Rr	30493	0.908	05	30
6	Rr	32938	0.980	05	45
6	Rr	30459	0.907	06	00
6	Rr	27017	0.804	06	15
6	Rr	30414	0.905	06	30
6	Rr	26468	0.788	06	45
6	Rr	29746	0.885	07	00
6	Rr	30557	0.909	07	15
6	Rr	26619	0.792	07	30
6	Rr	26691	0.794	07	45
6	Rr	25132	0.748	08	00
6	Rr	27336	0.814	08	15
6	Rr	26869	0.800	08	30
6	Rr	24809	0.738	08	45
6	Rr	25407	0.756	09	00
6	Rr	26520	0.789	09	15
6	Rr	28272	0.841	09	30
6	Rr	24231	0.721	09	45
6	Rr	23740	0.707	10	00
6	Rr	25238	0.751	10	15
6	Rr	29545	0.879	10	30
6	Rr	27589	0.821	10	45
6	Rr	28254	0.841	11	00
6	Rr	27738	0.826	11	15
6	Rr	27480	0.818	11	30
6	Rr	27826	0.828	11	45
6	Rr	29301	0.872	12	00
6	Rr	25852	0.769	12	15
6	Rr	29642	0.882	12	30
6	Rr	27337	0.814	12	45
6	Rr	30076	0.895	13	00
6	Rr	28058	0.835	13	15
6	Rr	30711	0.914	13	30
6	Rr	30773	0.916	13	45
6	Rr	35701	1.063	14	00
6	Rr	35325	1.051	14	15
6	Rr	37870	1.127	14	30
6	Rr	37445	1.114	14	45
6	Rr	41171	1.225	15	00
6	Rr	40674	1.211	15	15
6	Rr	47221	1.405	15	30
6	Rr	48544	1.445	15	45
6	Rr	55656	1.656	16	00
6	Rr	44877	1.336	16	15
6	Rr	46697	1.390	16	30
6	Rr	48585	1.446	16	45
6	Rr	46142	1.373	17	00
6	Rr	47158	1.404	17	15
6	Rr	45822	1.364	17	30
6	Rr	46580	1.386	17	45
6	Rr	47631	1.418	18	00
6	Rr	44173	1.315	18	15
6	Rr	46735	1.391	18	30
6	Rr	49489	1.473	18	45
6	Rr	51648	1.537	19	00
6	Rr	43212	1.286	19	15
6	Rr	42031	1.251	19	30
6	Rr	48855	1.454	19	45
6	Rr	44271	1.318	20	00
6	Rr	44017	1.310	20	15
6	Rr	42634	1.269	20	30
6	Rr	41326	1.230	20	45
6	Rr	41283	1.229	21	00
6	Rr	39376	1.172	21	15
6	Rr	38131	1.135	21	30
6	Rr	37018	1.102	21	45
6	Rr	36422	1.084	22	00
6	Rr	39767	1.184	22	15
6	Rr	37919	1.129	22	30
6	Rr	35147	1.046	22	45
6	Rr	35585	1.059	23	00
6	Rr	38271	1.139	23	15
6	Rr	29962	0.892	23	30
6	Rr	33147	0.987	23	45
5	Rr	4	0.000	2026	01	21	05	45
5	Rr	0	0.000	2026	01	21	05	40
5	Rr	2	0.000	2026	01	21	05	35
5	Rr	2	0.000	2026	01	21	05	30
5	Rr	1	0.000	2026	01	21	05	25
5	Rr	0	0.000	2026	01	21	05	20
5	Rr	1	0.000	2026	01	21	05	15
5	Rr	0	0.000	2026	01	21	05	10
5	Rr	0	0.000	2026	01	21	05	05
5	Rr	0	0.000	2026	01	21	05	00
5	Rr	0	0.000	2026	01	21	04	55
5	Rr	1	0.000	2026	01	21	04	50
5	Rr	0	0.000	2026	01	21	04	45
5	Rr	0	0.000	2026	01	21	04	40
5	Rr	0	0.000	2026	01	21	04	35
5	Rr	0	0.000	2026	01	21	04	30
5	Rr	0	0.000	2026	01	21	04	25
5	Rr	2	0.000	2026	01	21	04	20
5	Rr	1	0.000	2026	01	21	04	15
5	Rr	0	0.000	2026	01	21	04	10
5	Rr	37	0.001	2026	01	21	04	05
5	Rr	0	0.000	2026	01	21	04	00
5	Rr	0	0.000	2026	01	21	03	55
5	Rr	1	0.000	2026	01	21	03	50
5	Rr	0	0.000	2026	01	21	03	45
5	Rr	0	0.000	2026	01	21	03	40
5	Rr	0	0.000	2026	01	21	03	35
5	Rr	0	0.000	2026	01	21	03	30
5	Rr	0	0.000	2026	01	21	03	25
5	Rr	0	0.000	2026	01	21	03	20
5	Rr	0	0.000	2026	01	21	03	15
5	Rr	0	0.000	2026	01	21	03	10
5	Rr	0	0.000	2026	01	21	03	05
5	Rr	0	0.000	2026	01	21	03	00
5	Rr	0	0.000	2026	01	21	02	55
5	Rr	5	0.000	2026	01	21	02	50
5	Rr	0	0.000	2026	01	21	02	45
5	Rr	0	0.000	2026	01	21	02	40
5	Rr	1	0.000	2026	01	21	02	35
5	Rr	0	0.000	2026	01	21	02	30
5	Rr	0	0.000	2026	01	21	02	25
5	Rr	1	0.000	2026	01	21	02	20
5	Rr	0	0.000	2026	01	21	02	15
5	Rr	0	0.000	2026	01	21	02	10
5	Rr	0	0.000	2026	01	21	02	05
5	Rr	0	0.000	2026	01	21	02	00
5	Rr	0	0.000	2026	01	21	01	55
5	Rr	0	0.000	2026	01	21	01	50
5	Rr	0	0.000	2026	01	21	01	45
5	Rr	0	0.000	2026	01	21	01	40
5	Rr	0	0.000	2026	01	21	01	35
5	Rr	0	0.000	2026	01	21	01	30
5	Rr	0	0.000	2026	01	21	01	25
5	Rr	0	0.000	2026	01	21	01	20
5	Rr	0	0.000	2026	01	21	01	15
5	Rr	4	0.000	2026	01	21	01	10
5	Rr	0	0.000	2026	01	21	01	05
5	Rr	0	0.000	2026	01	21	01	00
5	Rr	0	0.000	2026	01	21	00	55
5	Rr	0	0.000	2026	01	21	00	50
5	Rr	0	0.000	2026	01	21	00	45
5	Rr	1	0.000	2026	01	21	00	40
5	Rr	0	0.000	2026	01	21	00	35
5	Rr	0	0.000	2026	01	21	00	30
5	Rr	1	0.000	2026	01	21	00	25
5	Rr	0	0.000	2026	01	21	00	20
5	Rr	3	0.000	2026	01	21	00	15
5	Rr	1	0.000	2026	01	21	00	10
5	Rr	15	0.000	2026	01	21	00	05
5	Rr	0	0.000	2026	01	21	00	00
5	Rr	1	0.000	2026	01	20	23	55
5	Rr	0	0.000	2026	01	20	23	50
5	Rr	3	0.000	2026	01	20	23	45
5	Rr	0	0.000	2026	01	20	23	40
5	Rr	0	0.000	2026	01	20	23	35
5	Rr	1	0.000	2026	01	20	23	30
5	Rr	0	0.000	2026	01	20	23	25
5	Rr	3	0.000	2026	01	20	23	20
5	Rr	0	0.000	2026	01	20	23	15
5	Rr	0	0.000	2026	01	20	23	10
5	Rr	1	0.000	2026	01	20	23	05
5	Rr	1	0.000	2026	01	20	23	00
5	Rr	0	0.000	2026	01	20	22	55
5	Rr	0	0.000	2026	01	20	22	50
5	Rr	0	0.000	2026	01	20	22	45
5	Rr	1	0.000	2026	01	20	22	40
5	Rr	1	0.000	2026	01	20	22	35
5	Rr	0	0.000	2026	01	20	22	30
5	Rr	0	0.000	2026	01	20	22	25
5	Rr	0	0.000	2026	01	20	22	20
5	Rr	2	0.000	2026	01	20	22	15
5	Rr	6	0.000	2026	01	20	22	10
5	Rr	0	0.000	2026	01	20	22	05
5	Rr	0	0.000	2026	01	20	22	00
5	Rr	0	0.000	2026	01	20	21	55
5	Rr	0	0.000	2026	01	20	21	50
5	Rr	0	0.000	2026	01	20	21	45
5	Rr	36	0.001	2026	01	20	21	40
5	Rr	0	0.000	2026	01	20	21	35
5	Rr	0	0.000	2026	01	20	21	30
5	Rr	68	0.002	2026	01	20	21	25
5	Rr	2	0.000	2026	01	20	21	20
5	Rr	60	0.002	2026	01	20	21	15
5	Rr	0	0.000	2026	01	20	21	10
5	Rr	0	0.000	2026	01	20	21	05
5	Rr	0	0.000	2026	01	20	21	00
5	Rr	2	0.000	2026	01	20	20	55
5	Rr	0	0.000	2026	01	20	20	50
5	Rr	0	0.000	2026	01	20	20	45
5	Rr	0	0.000	2026	01	20	20	40
5	Rr	0	0.000	2026	01	20	20	35
5	Rr	0	0.000	2026	01	20	20	30
5	Rr	0	0.000	2026	01	20	20	25
5	Rr	2	0.000	2026	01	20	20	20
5	Rr	0	0.000	2026	01	20	20	15
5	Rr	1	0.000	2026	01	20	20	10
5	Rr	1	0.000	2026	01	20	20	05
5	Rr	0	0.000	2026	01	20	20	00
5	Rr	0	0.000	2026	01	20	19	55
5	Rr	53	0.002	2026	01	20	19	50
5	Rr	0	0.000	2026	01	20	19	45
5	Rr	0	0.000	2026	01	20	19	40
5	Rr	2	0.000	2026	01	20	19	35
5	Rr	0	0.000	2026	01	20	19	30
5	Rr	0	0.000	2026	01	20	19	25
5	Rr	0	0.000	2026	01	20	19	20
5	Rr	1	0.000	2026	01	20	19	15
5	Rr	0	0.000	2026	01	20	19	10
5	Rr	0	0.000	2026	01	20	19	05
5	Rr	0	0.000	2026	01	20	19	00
5	Rr	1	0.000	2026	01	20	18	55
5	Rr	0	0.000	2026	01	20	18	50
5	Rr	1	0.000	2026	01	20	18	45
5	Rr	1	0.000	2026	01	20	18	40
5	Rr	0	0.000	2026	01	20	18	35
5	Rr	1	0.000	2026	01	20	18	30
5	Rr	4	0.000	2026	01	20	18	25
5	Rr	0	0.000	2026	01	20	18	20
5	Rr	0	0.000	2026	01	20	18	15
5	Rr	1	0.000	2026	01	20	18	10
5	Rr	0	0.000	2026	01	20	18	05
5	Rr	1	0.000	2026	01	20	18	00
5	Rr	2	0.000	2026	01	20	17	55
5	Rr	1	0.000	2026	01	20	17	50
5	Rr	0	0.000	2026	01	20	17	45
5	Rr	1	0.000	2026	01	20	17	40
5	Rr	1	0.000	2026	01	20	17	35
5	Rr	0	0.000	2026	01	20	17	30
5	Rr	4	0.000	2026	01	20	17	25
5	Rr	3	0.000	2026	01	20	17	20
5	Rr	0	0.000	2026	01	20	17	15
5	Rr	1	0.000	2026	01	20	17	10
5	Rr	0	0.000	2026	01	20	17	05
5	Rr	2	0.000	2026	01	20	17	00
5	Rr	0	0.000	2026	01	20	16	55
5	Rr	0	0.000	2026	01	20	16	50
5	Rr	1	0.000	2026	01	20	16	45
5	Rr	1	0.000	2026	01	20	16	40
5	Rr	0	0.000	2026	01	20	16	35
5	Rr	1	0.000	2026	01	20	16	30
5	Rr	0	0.000	2026	01	20	16	25
5	Rr	2	0.000	2026	01	20	16	20
5	Rr	0	0.000	2026	01	20	16	15
5	Rr	0	0.000	2026	01	20	16	10
5	Rr	0	0.000	2026	01	20	16	05
5	Rr	1	0.000	2026	01	20	16	00
5	Rr	1	0.000	2026	01	20	15	55
5	Rr	0	0.000	2026	01	20	15	50
5	Rr	0	0.000	2026	01	20	15	45
5	Rr	0	0.000	2026	01	20	15	40
5	Rr	0	0.000	2026	01	20	15	35
5	Rr	0	0.000	2026	01	20	15	30
5	Rr	0	0.000	2026	01	20	15	25
5	Rr	0	0.000	2026	01	20	15	20
5	Rr	0	0.000	2026	01	20	15	15
5	Rr	0	0.000	2026	01	20	15	10
5	Rr	0	0.000	2026	01	20	15	05
5	Rr	0	0.000	2026	01	20	15	00
5	Rr	0	0.000	2026	01	20	14	55
5	Rr	1	0.000	2026	01	20	14	50
5	Rr	0	0.000	2026	01	20	14	45
5	Rr	0	0.000	2026	01	20	14	40
5	Rr	0	0.000	2026	01	20	14	35
5	Rr	0	0.000	2026	01	20	14	30
5	Rr	0	0.000	2026	01	20	14	25
5	Rr	0	0.000	2026	01	20	14	20
5	Rr	0	0.000	2026	01	20	14	15
5	Rr	0	0.000	2026	01	20	14	10
5	Rr	0	0.000	2026	01	20	14	05
5	Rr	0	0.000	2026	01	20	14	00
5	Rr	1	0.000	2026	01	20	13	55
5	Rr	2	0.000	2026	01	20	13	50
5	Rr	2	0.000	2026	01	20	13	45
5	Rr	1	0.000	2026	01	20	13	40
5	Rr	2	0.000	2026	01	20	13	35
5	Rr	0	0.000	2026	01	20	13	30
5	Rr	0	0.000	2026	01	20	13	25
5	Rr	2	0.000	2026	01	20	13	20
5	Rr	0	0.000	2026	01	20	13	15
5	Rr	0	0.000	2026	01	20	13	10
5	Rr	0	0.000	2026	01	20	13	05
5	Rr	0	0.000	2026	01	20	13	00
5	Rr	0	0.000	2026	01	20	12	55
5	Rr	1	0.000	2026	01	20	12	50
5	Rr	0	0.000	2026	01	20	12	45
5	Rr	0	0.000	2026	01	20	12	40
5	Rr	0	0.000	2026	01	20	12	35
5	Rr	0	0.000	2026	01	20	12	30
5	Rr	0	0.000	2026	01	20	12	25
5	Rr	0	0.000	2026	01	20	12	20
5	Rr	35	0.001	2026	01	20	12	15
5	Rr	0	0.000	2026	01	20	12	10
5	Rr	1	0.000	2026	01	20	12	05
5	Rr	0	0.000	2026	01	20	12	00
5	Rr	0	0.000	2026	01	20	11	55
5	Rr	0	0.000	2026	01	20	11	50
5	Rr	0	0.000	2026	01	20	11	45
5	Rr	1	0.000	2026	01	20	11	40
5	Rr	0	0.000	2026	01	20	11	35
5	Rr	1	0.000	2026	01	20	11	30
5	Rr	4	0.000	2026	01	20	11	25
5	Rr	4	0.000	2026	01	20	11	20
5	Rr	1	0.000	2026	01	20	11	15
5	Rr	0	0.000	2026	01	20	11	10
5	Rr	0	0.000	2026	01	20	11	05
5	Rr	0	0.000	2026	01	20	11	00
5	Rr	0	0.000	2026	01	20	10	55
5	Rr	0	0.000	2026	01	20	10	50
5	Rr	1	0.000	2026	01	20	10	45
5	Rr	1	0.000	2026	01	20	10	40
5	Rr	49	0.001	2026	01	20	10	35
5	Rr	0	0.000	2026	01	20	10	30
5	Rr	0	0.000	2026	01	20	10	25
5	Rr	0	0.000	2026	01	20	10	20
5	Rr	0	0.000	2026	01	20	10	15
5	Rr	2	0.000	2026	01	20	10	10
5	Rr	0	0.000	2026	01	20	10	05
5	Rr	0	0.000	2026	01	20	10	00
5	Rr	0	0.000	2026	01	20	09	55
5	Rr	1	0.000	2026	01	20	09	50
5	Rr	1	0.000	2026	01	20	09	45
5	Rr	2	0.000	2026	01	20	09	40
5	Rr	0	0.000	2026	01	20	09	35
5	Rr	1	0.000	2026	01	20	09	30
5	Rr	1	0.000	2026	01	20	09	25
5	Rr	0	0.000	2026	01	20	09	20
5	Rr	0	0.000	2026	01	20	09	15
5	Rr	0	0.000	2026	01	20	09	10
5	Rr	0	0.000	2026	01	20	09	05
5	Rr	0	0.000	2026	01	20	09	00
5	Rr	1	0.000	2026	01	20	08	55
5	Rr	0	0.000	2026	01	20	08	50
5	Rr	0	0.000	2026	01	20	08	45
5	Rr	1	0.000	2026	01	20	08	40
5	Rr	0	0.000	2026	01	20	08	35
5	Rr	0	0.000	2026	01	20	08	30
5	Rr	0	0.000	2026	01	20	08	25
5	Rr	2	0.000	2026	01	20	08	20
5	Rr	0	0.000	2026	01	20	08	15
5	Rr	0	0.000	2026	01	20	08	10
5	Rr	0	0.000	2026	01	20	08	05
5	Rr	0	0.000	2026	01	20	08	00
5	Rr	0	0.000	2026	01	20	07	55
5	Rr	4	0.000	2026	01	20	07	50
5	Rr	0	0.000	2026	01	20	07	45
5	Rr	0	0.000	2026	01	20	07	40
5	Rr	37	0.001	2026	01	20	07	35
5	Rr	0	0.000	2026	01	20	07	30
5	Rr	0	0.000	2026	01	20	07	25
5	Rr	0	0.000	2026	01	20	07	20
5	Rr	0	0.000	2026	01	20	07	15
5	Rr	0	0.000	2026	01	20	07	10
5	Rr	0	0.000	2026	01	20	07	05
5	Rr	0	0.000	2026	01	20	07	00
5	Rr	0	0.000	2026	01	20	06	55
5	Rr	11	0.000	2026	01	20	06	50
5	Rr	0	0.000	2026	01	20	06	45
5	Rr	0	0.000	2026	01	20	06	40
5	Rr	0	0.000	2026	01	20	06	35
5	Rr	0	0.000	2026	01	20	06	30
5	Rr	0	0.000	2026	01	20	06	25
5	Rr	4	0.000	2026	01	20	06	20
5	Rr	0	0.000	2026	01	20	06	15
5	Rr	0	0.000	2026	01	20	06	10
5	Rr	0	0.000	2026	01	20	06	05
5	Rr	1	0.000	2026	01	20	06	00
5	Rr	0	0.000	2026	01	20	05	55
5	Rr	2	0.000	2026	01	20	05	50
5	*BT	R	1728	2025	12	10	17	25
7	Rr	10420	0.310	00	00
7	Rr	11320	0.337	00	05
7	Rr	12650	0.376	00	10
7	Rr	9564	0.285	00	15
7	Rr	10535	0.314	00	20
7	Rr	13030	0.388	00	25
7	Rr	11068	0.329	00	30
7	Rr	11187	0.333	00	35
7	Rr	9710	0.289	00	40
7	Rr	11641	0.346	00	45
7	Rr	9289	0.276	00	50
7	Rr	11991	0.357	00	55
7	Rr	8491	0.253	01	00
7	Rr	10536	0.314	01	05
7	Rr	9042	0.269	01	10
7	Rr	9474	0.282	01	15
7	Rr	11028	0.328	01	20
7	Rr	9261	0.276	01	25
7	Rr	9171	0.273	01	30
7	Rr	9540	0.284	01	35
7	Rr	10370	0.309	01	40
7	Rr	9291	0.277	01	45
7	Rr	11799	0.351	01	50
7	Rr	9379	0.279	01	55
7	Rr	8753	0.261	02	00
7	Rr	10883	0.324	02	05
7	Rr	9781	0.291	02	10
7	Rr	11834	0.352	02	15
7	Rr	10538	0.314	02	20
7	Rr	11870	0.353	02	25
7	Rr	11573	0.344	02	30
7	Rr	11680	0.348	02	35
7	Rr	12589	0.375	02	40
7	Rr	10713	0.319	02	45
7	Rr	10642	0.317	02	50
7	Rr	11193	0.333	02	55
7	Rr	12162	0.362	03	00
7	Rr	10017	0.298	03	05
7	Rr	13792	0.410	03	10
7	Rr	11287	0.336	03	15
7	Rr	10884	0.324	03	20
7	Rr	10972	0.327	03	25
7	Rr	11346	0.338	03	30
7	Rr	11258	0.335	03	35
7	Rr	13828	0.412	03	40
7	Rr	12783	0.380	03	45
7	Rr	15023	0.447	03	50
7	Rr	14351	0.427	03	55
7	Rr	15072	0.449	04	00
7	Rr	12052	0.359	04	05
7	Rr	10782	0.321	04	10
7	Rr	10035	0.299	04	15
7	Rr	8627	0.257	04	20
7	Rr	9207	0.274	04	25
7	Rr	9247	0.275	04	30
7	Rr	9212	0.274	04	35
7	Rr	10339	0.308	04	40
7	Rr	9953	0.296	04	45
7	Rr	11003	0.327	04	50
7	Rr	10119	0.301	04	55
7	Rr	10357	0.308	05	00
7	Rr	9289	0.276	05	05
7	Rr	9872	0.294	05	10
7	Rr	11819	0.352	05	15
7	Rr	10368	0.309	05	20
7	Rr	10430	0.310	05	25
7	Rr	8802	0.262	05	30
7	Rr	10549	0.314	05	35
7	Rr	11142	0.332	05	40
7	Rr	12659	0.377	05	45
7	Rr	10463	0.311	05	50
7	Rr	9816	0.292	05	55
7	Rr	9057	0.270	06	00
7	Rr	11490	0.342	06	05
7	Rr	9912	0.295	06	10
7	Rr	10166	0.303	06	15
7	Rr	7355	0.219	06	20
7	Rr	9496	0.283	06	25
7	Rr	10801	0.321	06	30
7	Rr	10433	0.311	06	35
7	Rr	9180	0.273	06	40
7	Rr	8893	0.265	06	45
7	Rr	9790	0.291	06	50
7	Rr	7785	0.232	06	55
7	Rr	11128	0.331	07	00
7	Rr	8888	0.265	07	05
7	Rr	9730	0.290	07	10
7	Rr	9686	0.288	07	15
7	Rr	9287	0.276	07	20
7	Rr	11584	0.345	07	25
7	Rr	10497	0.312	07	30
7	Rr	8210	0.244	07	35
7	Rr	7912	0.235	07	40
7	Rr	11084	0.330	07	45
7	Rr	7373	0.219	07	50
7	Rr	8234	0.245	07	55
7	Rr	8302	0.247	08	00
7	Rr	7835	0.233	08	05
7	Rr	8995	0.268	08	10
7	Rr	8486	0.253	08	15
7	Rr	9354	0.278	08	20
7	Rr	9496	0.283	08	25
7	Rr	8266	0.246	08	30
7	Rr	8298	0.247	08	35
7	Rr	10305	0.307	08	40
7	Rr	9011	0.268	08	45
7	Rr	7127	0.212	08	50
7	Rr	8671	0.258	08	55
7	Rr	7870	0.234	09	00
7	Rr	8229	0.245	09	05
7	Rr	9308	0.277	09	10
7	Rr	6755	0.201	09	15
7	Rr	9339	0.278	09	20
7	Rr	10426	0.310	09	25
7	Rr	8647	0.257	09	30
7	Rr	10060	0.299	09	35
7	Rr	9565	0.285	09	40
7	Rr	10028	0.298	09	45
7	Rr	7182	0.214	09	50
7	Rr	7021	0.209	09	55
7	Rr	8093	0.241	10	00
7	Rr	7125	0.212	10	05
7	Rr	8522	0.254	10	10
7	Rr	7872	0.234	10	15
7	Rr	8284	0.247	10	20
7	Rr	9082	0.270	10	25
7	Rr	9995	0.297	10	30
7	Rr	10364	0.308	10	35
7	Rr	9186	0.273	10	40
7	Rr	9110	0.271	10	45
7	Rr	9783	0.291	10	50
7	Rr	8696	0.259	10	55
7	Rr	10553	0.314	11	00
7	Rr	8425	0.251	11	05
7	Rr	9276	0.276	11	10
7	Rr	8525	0.254	11	15
7	Rr	9248	0.275	11	20
7	Rr	9965	0.297	11	25
7	Rr	9907	0.295	11	30
7	Rr	8928	0.266	11	35
7	Rr	8645	0.257	11	40
7	Rr	9014	0.268	11	45
7	Rr	9522	0.283	11	50
7	Rr	9290	0.276	11	55
7	Rr	9431	0.281	12	00
7	Rr	9832	0.293	12	05
7	Rr	10038	0.299	12	10
7	Rr	9441	0.281	12	15
7	Rr	7827	0.233	12	20
7	Rr	8584	0.255	12	25
7	Rr	10397	0.309	12	30
7	Rr	8595	0.256	12	35
7	Rr	10650	0.317	12	40
7	Rr	8346	0.248	12	45
7	Rr	10103	0.301	12	50
7	Rr	8888	0.265	12	55
7	Rr	9867	0.294	13	00
7	Rr	9876	0.294	13	05
7	Rr	10333	0.308	13	10
7	Rr	9621	0.286	13	15
7	Rr	9042	0.269	13	20
7	Rr	9395	0.280	13	25
7	Rr	10026	0.298	13	30
7	Rr	10160	0.302	13	35
7	Rr	10525	0.313	13	40
7	Rr	10048	0.299	13	45
7	Rr	10563	0.314	13	50
7	Rr	10162	0.302	13	55
7	Rr	12701	0.378	14	00
7	Rr	11816	0.352	14	05
7	Rr	11184	0.333	14	10
7	Rr	11268	0.335	14	15
7	Rr	12359	0.368	14	20
7	Rr	11698	0.348	14	25
7	Rr	11979	0.357	14	30
7	Rr	13280	0.395	14	35
7	Rr	12611	0.375	14	40
7	Rr	12114	0.361	14	45
7	Rr	11608	0.345	14	50
7	Rr	13723	0.408	14	55
7	Rr	12465	0.371	15	00
7	Rr	13727	0.409	15	05
7	Rr	14979	0.446	15	10
7	Rr	11841	0.352	15	15
7	Rr	15963	0.475	15	20
7	Rr	12870	0.383	15	25
7	Rr	15703	0.467	15	30
7	Rr	15285	0.455	15	35
7	Rr	16233	0.483	15	40
7	Rr	12606	0.375	15	45
7	Rr	14761	0.439	15	50
7	Rr	21177	0.630	15	55
7	Rr	18980	0.565	16	00
7	Rr	18498	0.551	16	05
7	Rr	18178	0.541	16	10
7	Rr	16061	0.478	16	15
7	Rr	14184	0.422	16	20
7	Rr	14632	0.435	16	25
7	Rr	15733	0.468	16	30
7	Rr	14958	0.445	16	35
7	Rr	16006	0.476	16	40
7	Rr	17609	0.524	16	45
7	Rr	15651	0.466	16	50
7	Rr	15325	0.456	16	55
7	Rr	15479	0.461	17	00
7	Rr	16352	0.487	17	05
7	Rr	14311	0.426	17	10
7	Rr	15788	0.470	17	15
7	Rr	15272	0.455	17	20
7	Rr	16098	0.479	17	25
7	Rr	15686	0.467	17	30
7	Rr	15001	0.446	17	35
7	Rr	15135	0.450	17	40
7	Rr	15721	0.468	17	45
7	Rr	15105	0.450	17	50
7	Rr	15754	0.469	17	55
7	Rr	16756	0.499	18	00
7	Rr	16620	0.495	18	05
7	Rr	14255	0.424	18	10
7	Rr	15989	0.476	18	15
7	Rr	14847	0.442	18	20
7	Rr	13337	0.397	18	25
7	Rr	15579	0.464	18	30
7	Rr	14423	0.429	18	35
7	Rr	16733	0.498	18	40
7	Rr	14813	0.441	18	45
7	Rr	17675	0.526	18	50
7	Rr	17001	0.506	18	55
7	Rr	16501	0.491	19	00
7	Rr	16542	0.492	19	05
7	Rr	18605	0.554	19	10
7	Rr	14172	0.422	19	15
7	Rr	14233	0.424	19	20
7	Rr	14807	0.441	19	25
7	Rr	12680	0.377	19	30
7	Rr	15387	0.458	19	35
7	Rr	13964	0.416	19	40
7	Rr	15841	0.471	19	45
7	Rr	14176	0.422	19	50
7	Rr	18838	0.561	19	55
7	Rr	15355	0.457	20	00
7	Rr	13929	0.415	20	05
7	Rr	14987	0.446	20	10
7	Rr	14072	0.419	20	15
7	Rr	15001	0.446	20	20
7	Rr	14944	0.445	20	25
7	Rr	15320	0.456	20	30
7	Rr	14500	0.432	20	35
7	Rr	12814	0.381	20	40
7	Rr	14214	0.423	20	45
7	Rr	14345	0.427	20	50
7	Rr	12767	0.380	20	55
7	Rr	12844	0.382	21	00
7	Rr	13781	0.410	21	05
7	Rr	14658	0.436	21	10
7	Rr	13788	0.410	21	15
7	Rr	12084	0.360	21	20
7	Rr	13504	0.402	21	25
7	Rr	13834	0.412	21	30
7	Rr	12826	0.382	21	35
7	Rr	11471	0.341	21	40
7	Rr	13253	0.394	21	45
7	Rr	12713	0.378	21	50
7	Rr	11052	0.329	21	55
7	Rr	11743	0.349	22	00
7	Rr	12004	0.357	22	05
7	Rr	12675	0.377	22	10
7	Rr	14382	0.428	22	15
7	Rr	12710	0.378	22	20
7	Rr	12675	0.377	22	25
7	Rr	13031	0.388	22	30
7	Rr	12788	0.381	22	35
7	Rr	12100	0.360	22	40
7	Rr	11354	0.338	22	45
7	Rr	11597	0.345	22	50
7	Rr	12196	0.363	22	55
7	Rr	12234	0.364	23	00
7	Rr	11145	0.332	23	05
7	Rr	12206	0.363	23	10
7	Rr	12528	0.373	23	15
7	Rr	13879	0.413	23	20
7	Rr	11864	0.353	23	25
7	Rr	9752	0.290	23	30
7	Rr	9575	0.285	23	35
7	Rr	10635	0.317	23	40
7	Rr	10523	0.313	23	45
7	Rr	11785	0.351	23	50
7	Rr	10839	0.323	23	55
o	*f	0R	r
o	lRQ	1	3359978	2427039266	[unresolved numerical addresses]
Z	*f	-20R	r
Z	lRb	1	159874	2.566	66.249
Z	lRb	1	132227	1.794	34
Z	lRb	1	92008	3.582	98
Z	lRb	1	84353	2.025	35
Z	lRb	1	82079	2.524	51
Z	lRb	1	64707	0.050	129.222
Z	lRb	1	60235	0.003	205.254
Z	lRb	1	59917	1.170	104
Z	lRb	1	58770	0.734	47
Z	lRb	1	58493	2.897	54
Z	lRb	1	54172	1.401	69
Z	lRb	1	51549	1.032	52
Z	lRb	1	49179	0.506	49
Z	lRb	1	47059	0.001	66.9
Z	lRb	1	45884	2.331	40
Z	lRb	1	41962	0.051	43
Z	lRb	1	41614	0.000	216.147
Z	lRb	1	40762	0.344	45
Z	lRb	1	39226	0.945	123
Z	lRb	1	35666	2.596	70
Z	lRb	1	2060242	73.447	[not listed: 10010]
S	*f	-50P	r
S	Rb	11742	0.003	66.249.66.195
S	Rb	8854	0.000	66.249.66.196
S	Rb	8717	0.222	216.244.66.229
S	Rb	7534	0.000	70.121.167.44
S	Rb	7266	0.000	66.249.66.197
S	Rb	6736	0.000	66.249.66.72
S	Rb	6242	0.107	68.66.226.98
S	Rb	5690	0.000	66.249.66.73
S	Rb	5451	0.001	66.249.66.74
S	Rb	4702	0.294	14.33.246.211
S	Rb	4522	0.076	40.88.21.235
S	Rb	4429	0.027	162.55.85.223
S	Rb	3684	0.000	66.249.66.166
S	Rb	3576	0.120	51.222.253.7
S	Rb	3572	0.097	51.222.253.16
S	Rb	3482	0.093	51.222.253.19
S	Rb	3405	0.121	51.222.253.1
S	Rb	3357	0.106	51.222.253.6
S	Rb	3353	0.115	51.222.253.15
S	Rb	3350	0.117	51.222.253.5
S	Rb	3343	0.121	51.222.253.18
S	Rb	3307	0.107	51.222.253.14
S	Rb	3292	0.121	51.222.253.11
S	Rb	3248	0.184	192.99.15.146
S	Rb	3116	0.009	78.129.149.5
S	Rb	3069	0.014	52.35.20.1
S	Rb	2983	0.028	212.99.44.81
S	Rb	2542	0.020	49.7.20.111
S	Rb	2489	0.009	49.7.20.105
S	Rb	2480	0.000	82.16.45.40
S	Rb	2303	0.000	66.249.66.164
S	Rb	2278	0.000	185.177.72.144
S	Rb	2175	0.000	66.249.66.165
S	Rb	2144	0.016	52.35.117.102
S	Rb	1992	0.051	66.249.75.109
S	Rb	1829	0.111	37.59.14.116
S	Rb	1781	0.161	75.98.173.33
S	Rb	1736	0.215	79.125.27.96
S	Rb	1597	0.097	78.155.138.20
S	Rb	1566	0.000	62.194.247.203
S	Rb	1551	0.011	195.191.219.132
S	Rb	1543	0.055	199.21.99.79
S	Rb	1489	0.009	195.191.219.131
S	Rb	1467	0.000	49.7.20.135
S	Rb	1459	0.008	92.249.127.111
S	Rb	1457	0.000	35.173.236.178
S	Rb	1373	0.003	34.73.206.133
S	Rb	1352	0.045	49.7.20.102
S	Rb	1330	0.014	109.102.111.58
S	Rb	1304	0.144	5.196.13.127
S	Rb	3186719	96.948	[not listed: 140836]
s	*FR	2013	12	18	21	53
s	*LR	2026	01	21	05	45
s	*f	-20R	s
s	lRS	1	1181713	1109	http://www.gtaeronautics.com/
s	lRS	1	416116	130	http://gtaeronautics.com/
s	lRS	1	19045	12	https://www.google.com/
s	lRS	1	1314	2	https://google.com/
s	lRS	1	1170	2	https://www.bing.com/
s	lRS	1	430	2	https://www.gtaeronautics.com/
s	lRS	1	2221	0	http://www.google.com/
s	lRS	1	1489	0	https://m.baidu.com/
s	lRS	1	1419	0	http://www.baidu.com/
s	lRS	1	1159	0	http://www.trainingindustry.com/
s	lRS	1	854	0	http://google.com/
s	lRS	1	613	0	https://quark.sm.cn/
s	lRS	1	609	0	http://www.mfgpages.com/
s	lRS	1	604	0	http://www.openfos.com/
s	lRS	1	580	0	http://baidu.com/
s	lRS	1	549	0	https://www.griffinarchitectspa.com/
s	lRS	1	517	0	http://www.topicway.com/
s	lRS	1	488	0	https://duckduckgo.com/
s	lRS	1	462	0	http://anti-crisis-seo.com/
s	lRS	1	427	0	https://www.thomasnet.com/
s	lRS	1	55493	6	[not listed: 4521]
f	*FR	2013	12	18	21	53
f	*LR	2026	01	21	05	45
f	*f	-30R	s
f	lRS	1	919575	874	http://www.gtaeronautics.com/
f	lRS	1	14091	63	http://www.gtaeronautics.com/CompNews.html
f	lRS	1	215154	60	http://gtaeronautics.com/
f	lRS	1	6097	39	http://gtaeronautics.com/CCT&M.html
f	lRS	1	7956	37	http://www.gtaeronautics.com/IndNews.html
f	lRS	1	37088	30	http://www.gtaeronautics.com/aboutus.html
f	lRS	1	6091	30	http://www.gtaeronautics.com/consultinga.html
f	lRS	1	17833	12	https://www.google.com/
f	lRS	1	15070	12	http://www.gtaeronautics.com/UASFC.html
f	lRS	1	7467	12	http://www.gtaeronautics.com/RD.html
f	lRS	1	11507	10	http://www.gtaeronautics.com/ConsultingA.html
f	lRS	1	4140	10	http://gtaeronautics.com/UASFC.html
f	lRS	1	5228	9	http://www.gtaeronautics.com/CFMT.html
f	lRS	1	8862	8	http://www.gtaeronautics.com/SRU.html
f	lRS	1	24759	4	http://gtaeronautics.com/links.html
f	lRS	1	11785	4	http://gtaeronautics.com/contactus.html
f	lRS	1	8239	4	http://gtaeronautics.com/aboutus.html
f	lRS	1	6876	3	http://www.gtaeronautics.com/pna.html
f	lRS	1	7403	2	http://www.gtaeronautics.com/GT100HL RPAS.html
f	lRS	1	6336	2	http://gtaeronautics.com/IndNews.html
f	lRS	1	10702	1	http://www.gtaeronautics.com/GT380 RPAS.html
f	lRS	1	8830	1	http://www.gtaeronautics.com/compnews.html
f	lRS	1	96481	0	http://gtaeronautics.com/CompNews.html
f	lRS	1	34279	0	http://www.gtaeronautics.com/index.html
f	lRS	1	17228	0	http://www.gtaeronautics.com/CCT&M.html
f	lRS	1	15435	0	http://www.gtaeronautics.com/contactus.html
f	lRS	1	9025	0	http://gtaeronautics.com/index.html
f	lRS	1	8168	0	http://www.gtaeronautics.com/GT50T RPAS.html
f	lRS	1	7620	0	http://www.gtaeronautics.com/GT1500 RPAS.html
f	lRS	1	5516	0	http://gtaeronautics.com/ConsultingA.html
f	lRS	1	132431	36	[not listed: 5351]
n	*FR	2013	12	19	00	28
n	*LR	2020	10	14	09	11
n	*f	0.500000%Q	s
n	Rq	1	23.505	kit
n	Rq	2	47.009	crew
n	Rq	1	23.505	method
n	Rq	28	35.794	aeronautical
n	Rq	1	23.505	airplane.com
n	Rq	5	117.523	faa
n	Rq	40	176.822	gt
n	Rq	1	23.505	moldings
n	Rq	1	23.505	taranis
n	Rq	1	23.505	twin
n	Rq	2	23.505	installerex
n	Rq	2	23.505	http://gtaeronautics.com/
n	Rq	20	235.046	in
n	Rq	1	23.505	scale
n	Rq	1	23.505	observer
n	Rq	1	23.505	drawing?
n	Rq	2	23.505	is
n	Rq	1	23.505	making
n	Rq	2	47.009	fiber
n	Rq	1	23.505	mitsubishi
n	Rq	1	23.505	fuze
n	Rq	1	23.505	http://www.gtaeronautics.com/indnews.html
n	Rq	1	23.505	consultant
n	Rq	92	23.505	semalt.com
n	Rq	15	94.018	manufacturing
n	Rq	1	23.505	2
n	Rq	1	23.505	base
n	Rq	14	88.411	6
n	Rq	1	23.505	http://gtaeronautics.com/indnews.html
n	Rq	1	23.505	always
n	Rq	28	106.308	engineering
n	Rq	1	23.505	northrop
n	Rq	1	23.505	bandwidth
n	Rq	1	23.505	vegas
n	Rq	3	47.009	basic
n	Rq	1	23.505	qinetiq
n	Rq	1	23.505	tooling
n	Rq	1	23.505	heavy
n	Rq	1	23.505	on
n	Rq	9	188.037	drawings
n	Rq	1	23.505	fia
n	Rq	4	23.505	louis%20vuitton%20fashion%20valley%20phone%20number
n	Rq	3	70.514	rullman
n	Rq	3	23.505	llc
n	Rq	1	23.505	cowling
n	Rq	32	70.514	sale
n	Rq	64	141.028	outlet
n	Rq	1	23.505	rotax
n	Rq	1	23.505	ucav
n	Rq	28	82.803	texan
n	Rq	1	23.505	a
n	Rq	2	23.505	customer
n	Rq	1	23.505	rpa
n	Rq	2	47.009	110cc
n	Rq	30	23.505	designer
n	Rq	20	117.523	www.gtaeronautics.com
n	Rq	1	23.505	work
n	Rq	1	23.505	thomas
n	Rq	1	23.505	engie
n	Rq	1	23.505	qualification
n	Rq	1	23.505	custom
n	Rq	1	23.505	mk3
n	Rq	1	23.505	t
n	Rq	1	23.505	w
n	Rq	1	23.505	uavs
n	Rq	2	23.505	satisfaction
n	Rq	2	47.009	x
n	Rq	1	23.505	crews
n	Rq	3	23.505	photos
n	Rq	1	23.505	finnemeccia
n	Rq	2	47.009	glass
n	Rq	1	70.514	to
n	Rq	5	117.523	engineer
n	Rq	1	23.505	government
n	Rq	1	23.505	gcs
n	Rq	1	23.505	operator
n	Rq	1	23.505	with
n	Rq	6	141.028	aircraft
n	Rq	97	47.009	number
n	Rq	4	70.514	for
n	Rq	2	47.009	aero
n	Rq	1	23.505	december
n	Rq	9	47.009	equipment
n	Rq	2	47.009	engine
n	Rq	1	23.505	mq1
n	Rq	2	47.009	wy
n	Rq	1	23.505	custum
n	Rq	1	23.505	g.t
n	Rq	1	23.505	mechanics
n	Rq	1	47.009	motors
n	Rq	1	23.505	tdw
n	Rq	32	117.523	luggage
n	Rq	1	23.505	opportunities
n	Rq	175	158.925	vuitton
n	Rq	1	70.514	the
n	Rq	1	23.505	show
n	Rq	1	23.505	luggages
n	Rq	1	23.505	stroke
n	Rq	2	23.505	explore
n	Rq	39	47.009	handbags
n	Rq	2	47.009	electric
n	Rq	1	47.009	air
n	Rq	1	23.505	space
n	Rq	1	23.505	quote
n	Rq	1	23.505	require
n	Rq	1	23.505	mpp
n	Rq	4	47.009	jobs
n	Rq	5	117.523	uas
n	Rq	1	23.505	anything
n	Rq	1	23.505	china
n	Rq	1	23.505	airplane
n	Rq	10	235.046	uav
n	Rq	2	23.505	wmaid.com
n	Rq	3	94.018	drone
n	Rq	2	23.505	facebook
n	Rq	7	164.532	fiberglass
n	Rq	1	23.505	college
n	Rq	4	94.018	onboard
n	Rq	3	47.009	gtaeronautics.com
n	Rq	1	23.505	qulificationa
n	Rq	21	64.906	simi
n	Rq	1	23.505	and
n	Rq	5	70.514	flight
n	Rq	17	64.906	at6
n	Rq	1	23.505	xtreme
n	Rq	1	23.505	maintenance
n	Rq	1	23.505	cody
n	Rq	1	23.505	any
n	Rq	1	23.505	tom
n	Rq	1	23.505	systems
n	Rq	1	23.505	payload
n	Rq	2	47.009	gta
n	Rq	2	23.505	granger
n	Rq	8	164.532	extreme
n	Rq	6	117.523	molding
n	Rq	2	23.505	easylifeapp
n	Rq	1	23.505	rating
n	Rq	2	23.505	whitelaw
n	Rq	126	164.532	fashion
n	Rq	2	47.009	ice
n	Rq	2	23.505	http://www.gtaeronautics.com/compnews.html
n	Rq	5	47.009	engineers
n	Rq	3	47.009	composite
n	Rq	1	23.505	skyforce
n	Rq	1	23.505	eengineer
n	Rq	175	158.925	louis
n	Rq	4	94.018	starter
n	Rq	8	23.505	store
n	Rq	14	94.018	cheap
n	Rq	10	211.541	bme
n	Rq	1	23.505	diamond
n	Rq	1	23.505	america2009
n	Rq	7	23.505	content
n	Rq	2	47.009	aeronautic
n	Rq	1	23.505	challenge
n	Rq	1	23.505	piece
n	Rq	1	23.505	how
n	Rq	1	23.505	male
n	Rq	2	47.009	design
n	Rq	2	47.009	flying
n	Rq	1	23.505	carbon
n	Rq	1	23.505	operation
n	Rq	2	23.505	profile
n	Rq	1	23.505	tomas
n	Rq	1	23.505	cia
n	Rq	1	23.505	hummingbird
n	Rq	1	23.505	iron
n	Rq	1	23.505	california
n	Rq	1	23.505	amphibian
n	Rq	1	23.505	110
n	Rq	1	23.505	mentioned
n	Rq	1	23.505	111
n	Rq	1	23.505	over
n	Rq	25	35.794	http://www.gtaeronautics.com/
n	Rq	1	23.505	google.com
n	Rq	1	23.505	fuel
n	Rq	2	23.505	inc
n	Rq	1	23.505	handbag.com
n	Rq	1	23.505	da42
n	Rq	2	47.009	certification
n	Rq	1	23.505	2015
n	Rq	1	23.505	timing
n	Rq	1	23.505	home
n	Rq	1	23.505	aerospacecompanies
n	Rq	1	23.505	anti
n	Rq	1	23.505	ziroli
n	Rq	1	23.505	sketches
n	Rq	5	23.505	purses
n	Rq	1	23.505	downlink
n	Rq	3	23.505	aeronotics
n	Rq	1	23.505	nanotechnology
n	Rq	1	23.505	zephyr
n	Rq	4	23.505	wyoming
n	Rq	2	23.505	technology
n	Rq	3	70.514	companies
n	Rq	1	23.505	muffler
n	Rq	2	23.505	avia
n	Rq	2	23.505	what
n	Rq	145	205.934	valley
n	Rq	1	23.505	microwave
n	Rq	1	23.505	mold
n	Rq	5	94.018	pglm
n	Rq	1	23.505	specialist
n	Rq	23	229.438	drawing
n	Rq	1	23.505	tool
n	Rq	1	23.505	security
n	Rq	6	47.009	prototypes
n	Rq	1	23.505	giant
n	Rq	1	23.505	powell
n	Rq	8	164.532	aerospace
n	Rq	34	129.813	aeronautics
n	Rq	4	94.018	unmanned
n	Rq	1	23.505	radius
n	Rq	1	23.505	zero
n	Rq	1	23.505	tobbot
n	Rq	2	47.009	neverfull
n	Rq	2	47.009	job
n	Rq	1	23.505	onbordstarter
n	Rq	1	47.009	as
n	Rq	20	94.018	ca
n	Rq	13	64.906	at
n	Rq	5	117.523	techniques
n	Rq	1	23.505	does
n	Rq	1	23.505	commercial
n	Rq	1	23.505	www.gt
n	Rq	1	23.505	de
n	Rq	1	23.505	co
n	Rq	1	23.505	speedy
n	Rq	1	23.505	rpas
n	Rq	2	47.009	instrument
n	Rq	1	23.505	do
n	Rq	1	23.505	efi
n	Rq	3	70.514	training
n	Rq	1	23.505	quotation
n	Rq	1	23.505	careers
n	Rq	3	70.514	pilot
n	Rq	9	188.037	bandito
n	Rq	4	94.018	quotes
n	Rq	107	94.018	phone
n	Rq	1	23.505	stations
n	Rq	1	23.505	traing
N	*FR	2013	12	19	00	28
N	*LR	2020	10	14	09	11
N	*f	-200Q	s
N	RQ	9	3775401432	at 6 texan
N	RQ	8	3355912384	at6 texan
N	RQ	7	2516934288	bme extreme
N	RQ	7	2516934288	aerospace engineering drawings
N	RQ	20	2097445240	www.gtaeronautics.com
N	RQ	6	1677956192	texan at6
N	RQ	5	1677956192	bandito pglm
N	RQ	20	1577879376	gt aeronautics
N	RQ	3	1258467144	bandito uav
N	RQ	3	1258467144	onboard starter
N	RQ	2	838978096	fiberglass molding techniques
N	RQ	6	838978096	manufacturing aeronautical prototypes
N	RQ	19	838978096	louis vuitton luggage outlet
N	RQ	10	838978096	louis vuitton fashion valley phone
N	RQ	97	838978096	louis vuitton fashion valley phone number
N	RQ	2	838978096	texan at 6
N	RQ	18	838978096	louis vuitton fashion valley ca
N	RQ	14	738901280	aeronautical engineering drawing
N	RQ	25	638824464	http://www.gtaeronautics.com/
N	RQ	1	419489048	uavs flying over simi valley ca
N	RQ	1	419489048	gt aeronautics simi valley california
N	RQ	1	419489048	aeronautical engineer quote
N	RQ	1	419489048	does aeronautical engineering require drawing?
N	RQ	1	419489048	how to do gt in engineering drawing
N	RQ	2	419489048	http://gtaeronautics.com/
N	RQ	1	419489048	the government college g.t aeronautics
N	RQ	1	419489048	bme engine
N	RQ	1	419489048	uas gcs
N	RQ	1	419489048	http://www.gtaeronautics.com/indnews.html
N	RQ	92	419489048	semalt.com
N	RQ	1	419489048	aero iron mentioned nanotechnology hummingbird uav
N	RQ	1	419489048	basic fiberglass techniques
N	RQ	1	419489048	http://gtaeronautics.com/indnews.html
N	RQ	1	419489048	finnemeccia co
N	RQ	2	419489048	drawing for customer satisfaction
N	RQ	1	419489048	cheap louis vuitton speedy handbag.com
N	RQ	1	419489048	at 6
N	RQ	1	419489048	quotation specialist engineer drawings
N	RQ	1	419489048	challenge xtreme 111 piece mechanics tool kit
N	RQ	1	419489048	uav commercial crew stations
N	RQ	1	419489048	da42 mpp microwave downlink bandwidth
N	RQ	1	419489048	anti ice de ice qinetiq zephyr
N	RQ	4	419489048	louis%20vuitton%20fashion%20valley%20phone%20number
N	RQ	1	419489048	faa uas pilot certification
N	RQ	1	419489048	any flying crews in gta
N	RQ	1	419489048	fiber glass molding job
N	RQ	1	419489048	aerospace drawing
N	RQ	1	419489048	aircraft design consultant
N	RQ	1	419489048	www.gt airplane.com
N	RQ	3	419489048	gt in aeronotics
N	RQ	1	419489048	tom rullman
N	RQ	1	419489048	gt aeronautics simi valley ca
N	RQ	1	419489048	drone base in simi valley
N	RQ	1	419489048	fiberglass mold making techniques
N	RQ	1	419489048	rpa instrument qualification faa instrument rating
N	RQ	1	419489048	extreme bme
N	RQ	1	419489048	uas faa maintenance
N	RQ	1	419489048	louis vuitton neverfull
N	RQ	1	419489048	fiberglass techniques
N	RQ	1	419489048	aircraft companies in simi valley
N	RQ	1	419489048	custom fiberglass moldings
N	RQ	1	419489048	anything
N	RQ	11	419489048	louis vuitton luggage cheap
N	RQ	1	419489048	aeronautical engineering sketches
N	RQ	1	419489048	gtaeronautics.com
N	RQ	1	419489048	giant scale ziroli at 6
N	RQ	9	419489048	outlet louis vuitton handbags
N	RQ	1	419489048	cowling drawing
N	RQ	1	419489048	mitsubishi zero
N	RQ	1	419489048	powell wy gt aeronautics
N	RQ	2	419489048	what is gt in basic engineering drawing
N	RQ	2	419489048	composite molding
N	RQ	1	419489048	aeronautics in simi valley and security work
N	RQ	3	419489048	gt aeronautics llc jobs
N	RQ	1	419489048	crew flight gta
N	RQ	1	419489048	110cc engine timing
N	RQ	1	419489048	aeronautical engineer quotes
N	RQ	2	419489048	http://www.gtaeronautics.com/compnews.html
N	RQ	4	419489048	wyoming flight engineers
N	RQ	1	419489048	a t 6
N	RQ	1	419489048	gt aeronautics unmanned air
N	RQ	1	419489048	fia gt composite tooling
N	RQ	1	419489048	uas pilot certification
N	RQ	1	419489048	quotes on aeronautical engineers
N	RQ	1	419489048	payload for diamond northrop twin engie aircraft
N	RQ	7	419489048	content
N	RQ	1	419489048	bme 110
N	RQ	1	419489048	thomas w rullman gt aeronautics
N	RQ	1	419489048	luggages for sale
N	RQ	2	419489048	easylifeapp profile
N	RQ	2	419489048	simi gt
N	RQ	1	419489048	mq1 design fuel
N	RQ	1	419489048	airplane as always cia america2009
N	RQ	1	419489048	heavy equipment operator jobs
N	RQ	1	419489048	eengineer drawing home
N	RQ	1	419489048	cheap louis vuitton luggage
N	RQ	1	419489048	aero space drone simi valley
N	RQ	1	419489048	2 stroke electric onboard starter
N	RQ	1	419489048	simi valley unmanned aircraft
N	RQ	1	419489048	skyforce observer mk3
N	RQ	2	419489048	granger whitelaw avia
N	RQ	1	419489048	louis vuitton fashion valley neverfull
N	RQ	1	419489048	louis vuitton job opportunities
N	RQ	1	419489048	google.com
N	RQ	1	419489048	uas operation training method
N	RQ	2	419489048	wmaid.com explore gtaeronautics.com
N	RQ	1	419489048	custum muffler 110cc
N	RQ	1	419489048	glass manufacturing drawings
N	RQ	1	419489048	electric motors x male uav x sale
N	RQ	1	419489048	aerospacecompanies in simi valley
N	RQ	1	419489048	fiberglass molding
N	RQ	2	419489048	aeronautical technology inc
N	RQ	1	419489048	taranis ucav
N	RQ	1	419489048	vegas drone uav show december 2015
N	RQ	1	419489048	uav companies in simi valley
N	RQ	1	419489048	unmanned aircraft systems pilot training
N	RQ	2	419489048	installerex facebook
N	RQ	3	419489048	texan at6 photos
N	RQ	1	419489048	aeronautic engineer
N	RQ	30	419489048	designer handbags outlet sale
N	RQ	1	419489048	rpas qulificationa traing with faa
N	RQ	1	419489048	faa uav training
N	RQ	1	419489048	uav companies simi valley
N	RQ	5	419489048	louis vuitton purses outlet
N	RQ	1	419489048	aeronautics
N	RQ	1	419489048	cheap louis vuitton luggage outlet
N	RQ	1	419489048	gt aeronautics tomas rullman
N	RQ	1	419489048	tobbot
N	RQ	1	419489048	radius tdw efi fuze
N	RQ	8	419489048	manufacturing equipment store in simi valley
N	RQ	1	419489048	onbordstarter
N	RQ	1	419489048	aeronautic engineer quotes
N	RQ	1	419489048	rotax amphibian unmanned china
N	RQ	1	419489048	aeronautical engineering quotes
N	RQ	1	419489048	drawing aircraft engineering
N	RQ	1	419489048	gt aeronautics careers
N	RQ	1	419489048	gt aeronautics bandito
N	RQ	1	419489048	cody wy carbon fiber
B	*f	-40R	r
B	Rb	224908	0.000	Mozilla/5.0 (Windows NT 6.1; Win64; x64; rv:109.0) Gecko/20100101 Firefox/115.0
B	Rb	103564	2.898	Mozilla/5.0 (compatible; AhrefsBot/7.0;  http://ahrefs.com/robot/)
B	Rb	82529	1.638	ZoominfoBot (zoominfobot at zoominfo dot com)
B	Rb	81347	1.116	Sogou web spider/4.0( http://www.sogou.com/docs/help/webmasters.htm#07)
B	Rb	66358	1.266	Mozilla/5.0 (compatible; Googlebot/2.1;  http://www.google.com/bot.html)
B	Rb	54208	0.026	Mozilla/5.0 (iPhone; CPU iPhone OS 13_2_3 like Mac OS X) AppleWebKit/605.1.15 (KHTML, like Gecko) Version/13.0.3 Mobile/15E148 Safari/604.1
B	Rb	40927	4.266	Mozilla/5.0 (compatible; bingbot/2.0;  http://www.bing.com/bingbot.htm)
B	Rb	38882	2.168	Mozilla/5.0 (Windows NT 6.3; WOW64) AppleWebKit/537.36 (KHTML, like Gecko) Chrome/33.0.1736.0 Safari/537.36
B	Rb	33531	0.266	Googlebot-Image/1.0
B	Rb	32166	0.000	Mozilla/5.0 AppleWebKit/537.36 (KHTML, like Gecko; compatible; bingbot/2.0;  http://www.bing.com/bingbot.htm) Chrome/116.0.1938.76 Safari/537.36
B	Rb	27767	0.013	Mozilla/5.0 (Windows NT 10.0; Win64; x64; rv:109.0) Gecko/20100101 Firefox/111.0
B	Rb	22553	0.000	Mozilla/5.0 (Linux; Android 5.0) AppleWebKit/537.36 (KHTML, like Gecko) Mobile Safari/537.36 (compatible; Bytespider; spider-feedback@bytedance.com)
B	Rb	16337	0.954	Mozilla/4.0 (compatible; MSIE 6.0; Windows NT 5.1; SV1)
B	Rb	15550	1.399	Mozilla/5.0 (compatible; YandexBot/3.0;  http://yandex.com/bots)
B	Rb	15326	0.000	Mozilla/5.0 (Windows NT 10.0; Win64; x64) AppleWebKit/537.36 (KHTML, like Gecko) Chrome/120.0.0.0 Safari/537.36
B	Rb	15322	0.333	Mozilla/5.0 (Macintosh; Intel Mac OS X 10_15_5) AppleWebKit/605.1.15 (KHTML, like Gecko) Version/13.1.1 Safari/605.1.15 (Applebot/0.1;  http://www.apple.com/go/applebot)
B	Rb	14707	0.000	Mozilla/5.0 (Windows NT 10.0; Win64; x64) AppleWebKit/537.36 (KHTML, like Gecko) Chrome/114.0.0.0 Safari/537.36
B	Rb	14398	0.400	Mozilla/5.0 (Windows NT 5.1; rv:17.0) Gecko/20100101 Firefox/17.0
B	Rb	13947	0.000	Mozilla/5.0 (compatible; Bytespider; spider-feedback@bytedance.com) AppleWebKit/537.36 (KHTML, like Gecko) Chrome/70.0.0.0 Safari/537.36
B	Rb	13695	0.689	Mozilla/5.0 (compatible; Baiduspider/2.0;  http://www.baidu.com/search/spider.html)
B	Rb	13522	0.424	Mozilla/5.0 (Macintosh; Intel Mac OS X 10.11; rv:52.0) Gecko/20100101 Firefox/52.0
B	Rb	13172	0.000	Mozilla/5.0 (Windows NT 10.0; Win64; x64) AppleWebKit/537.36 (KHTML, like Gecko) Chrome/134.0.0.0 Safari/537.36
B	Rb	12977	0.000	Mozilla/5.0 (Windows NT 10.0; Win64; x64) AppleWebKit/537.36 (KHTML, like Gecko) Chrome/131.0.0.0 Safari/537.36
B	Rb	12964	1.355	Mozilla/5.0 (iPhone; CPU iPhone OS 7_0 like Mac OS X) AppleWebKit/537.51.1 (KHTML, like Gecko) Version/7.0 Mobile/11A465 Safari/9537.53 (compatible; bingbot/2.0;  http://www.bing.com/bingbot.htm)
B	Rb	12811	0.220	Mozilla/5.0 (Linux; Android 6.0.1; Nexus 5 Build/MRA58N) AppleWebKit/537.36(KHTML, like Gecko) Chrome/66.0.3359.30 Mobile Safari/537.36
B	Rb	12066	0.000	Mozilla/5.0 (Macintosh; Intel Mac OS X 10_15_7) AppleWebKit/605.1.15 (KHTML, like Gecko) Version/17.4 Safari/605.1.15 (Applebot/0.1;  http://www.apple.com/go/applebot)
B	Rb	11898	0.000	Mozilla/5.0 (Windows NT 10.0; Win64; x64) AppleWebKit/537.36 (KHTML, like Gecko) Chrome/124.0.0.0 Safari/537.36
B	Rb	11563	0.067	Mozilla/5.0 (Windows NT 10.0; Win64; x64) AppleWebKit/537.36 (KHTML, like Gecko) Chrome/113.0.0.0 Safari/537.36
B	Rb	11350	0.000	Mozilla/5.0 (Windows NT 10.0; Win64; x64) AppleWebKit/537.36 (KHTML, like Gecko) Chrome/122.0.0.0 Safari/537.36
B	Rb	11012	0.162	Mozilla/5.0 (Linux; Android 7.0;) AppleWebKit/537.36 (KHTML, like Gecko) Mobile Safari/537.36 (compatible; PetalBot; https://webmaster.petalsearch.com/site/petalbot)
B	Rb	10946	0.170	Mozilla/5.0 (compatible; Dataprovider.com)
B	Rb	10650	0.616	Mozilla/5.0 (Windows NT 6.1; WOW64; Trident/7.0; rv:11.0) like Gecko
B	Rb	10580	0.000	Mozilla/5.0 (Windows NT 10.0; Win64; x64) AppleWebKit/537.36 (KHTML, like Gecko) Chrome/121.0.0.0 Safari/537.36
B	Rb	10575	0.003	Mozilla/5.0 (compatible; MatchorySearch/1.3;  https://www.matchory.com)
B	Rb	10113	0.246	Mozilla/5.0 (compatible; MJ12bot/v1.4.8; http://mj12bot.com/)
B	Rb	9925	0.286	Mozilla/5.0 (Windows NT 10.0; Win64; x64) AppleWebKit/537.36 (KHTML, like Gecko) Chrome/109.0.0.0 Safari/537.36
B	Rb	9648	0.435	Mozilla/5.0 AppleWebKit/537.36 (KHTML, like Gecko; compatible; bingbot/2.0;  http://www.bing.com/bingbot.htm) Chrome/103.0.5060.134 Safari/537.36
B	Rb	9640	0.479	PRurl
B	Rb	9526	0.000	Mozilla/5.0 (Windows NT 10.0; Win64; x64) AppleWebKit/537.36 (KHTML, like Gecko) Chrome/138.0.0.0 Safari/537.36
B	Rb	9276	0.000	Mozilla/5.0 (Linux; Android 10; HD1900 Build/QKQ1.190716.003; wv) AppleWebKit/537.36 (KHTML, like Gecko) Version/4.0 Chrome/75.0.3770.156 Mobile Safari/537.36  aweme_230400 JsSdk/1.0 NetType/WIFI  AppName/aweme app_version/23.4.0 ByteLocale/zh-CN Region/CN AppSkin/white AppTheme/light BytedanceWebview/d8a21c6 WebView/075113004008
B	Rb	2188470	78.105	[not listed: 25639]
b	*f	-15Q	s
b	lRQq	1	25	3775401433	552.488	WhatsApp
b	lRQq	2	25	3775401433	552.488	WhatsApp/2
b	lRQq	1	2	4194890480	613.875	() { :;}; 
b	lRQq	2	2	4194890480	613.875	() { :;}; /bin/bash
b	lRQq	1	259	4194890480	613.875	"Mozilla
b	lRQq	2	259	4194890480	613.875	"Mozilla/5
b	lRQq	1	117	4094813664	599.230	NSPlayer
b	lRQq	2	78	3775401432	552.488	NSPlayer/11
b	lRQq	2	16	1677956192	245.550	NSPlayer/10
b	lRQq	2	17	1677956192	245.550	NSPlayer/9
b	lRQq	2	5	838978096	122.775	NSPlayer/12
b	lRQq	2	1	419489048	61.388	NSPlayer/8
b	lRQq	1	55	4094813664	599.230	UCWEB
b	lRQq	2	55	4094813664	599.230	UCWEB/2
b	lRQq	1	447	3994736848	584.585	Chrome
b	lRQq	2	36	838978096	122.775	Chrome/121
b	lRQq	2	34	838978096	122.775	Chrome/131
b	lRQq	2	16	838978096	122.775	Chrome/132
b	lRQq	2	24	838978096	122.775	Chrome/125
b	lRQq	2	4	419489048	61.388	Chrome/13
b	lRQq	2	12	419489048	61.388	Chrome/41
b	lRQq	2	1	419489048	61.388	Chrome/33
b	lRQq	2	6	419489048	61.388	Chrome/15
b	lRQq	2	1	419489048	61.388	Chrome/70
b	lRQq	2	12	419489048	61.388	Chrome/66
b	lRQq	2	14	419489048	61.388	Chrome/95
b	lRQq	2	12	419489048	61.388	Chrome/120
b	lRQq	2	50	419489048	61.388	Chrome/112
b	lRQq	2	6	419489048	61.388	Chrome/113
b	lRQq	2	22	419489048	61.388	Chrome/122
b	lRQq	2	3	419489048	61.388	Chrome/105
b	lRQq	2	24	419489048	61.388	Chrome/114
b	lRQq	2	12	419489048	61.388	Chrome/123
b	lRQq	2	12	419489048	61.388	Chrome/115
b	lRQq	2	2	419489048	61.388	Chrome/108
b	lRQq	1	1389	3894660032	569.940	Dalvik
b	lRQq	2	27	3675324616	537.843	Dalvik/1
b	lRQq	2	1362	219335416	32.097	Dalvik/2
b	lRQq	1	804	3894660032	569.940	Screaming Frog SEO Spider
b	lRQq	2	71	2097445240	306.938	Screaming Frog SEO Spider/20
b	lRQq	2	394	1258467144	184.163	Screaming Frog SEO Spider/21
b	lRQq	2	15	1258467144	184.163	Screaming Frog SEO Spider/13
b	lRQq	2	60	1258467144	184.163	Screaming Frog SEO Spider/22
b	lRQq	2	29	1258467144	184.163	Screaming Frog SEO Spider/18
b	lRQq	2	69	1258467144	184.163	Screaming Frog SEO Spider/19
b	lRQq	2	68	1258467144	184.163	Screaming Frog SEO Spider/9
b	lRQq	2	39	838978096	122.775	Screaming Frog SEO Spider/12
b	lRQq	2	3	838978096	122.775	Screaming Frog SEO Spider/16
b	lRQq	2	4	838978096	122.775	Screaming Frog SEO Spider/17
b	lRQq	2	4	838978096	122.775	Screaming Frog SEO Spider/8
b	lRQq	2	6	419489048	61.388	Screaming Frog SEO Spider/10
b	lRQq	2	30	419489048	61.388	Screaming Frog SEO Spider/23
b	lRQq	2	2	419489048	61.388	Screaming Frog SEO Spider/14
b	lRQq	2	1	419489048	61.388	Screaming Frog SEO Spider/2
b	lRQq	2	2	419489048	61.388	Screaming Frog SEO Spider/3
b	lRQq	2	1	419489048	61.388	Screaming Frog SEO Spider/4
b	lRQq	2	3	419489048	61.388	Screaming Frog SEO Spider/5
b	lRQq	2	1	419489048	61.388	Screaming Frog SEO Spider/6
b	lRQq	2	2	419489048	61.388	Screaming Frog SEO Spider/7
b	lRQq	1	30	3775401432	552.488	LWP::Simple
b	lRQq	2	17	2097445240	306.938	LWP::Simple/6
b	lRQq	2	13	1677956192	245.550	LWP::Simple/5
b	lRQq	1	55	3775401432	552.488	com.google.android.apps.searchlite
b	lRQq	2	2	838978096	122.775	com.google.android.apps.searchlite/484573
b	lRQq	2	6	419489048	61.388	com.google.android.apps.searchlite/784321
b	lRQq	2	25	419489048	61.388	com.google.android.apps.searchlite/763965
b	lRQq	2	6	419489048	61.388	com.google.android.apps.searchlite/1056791
b	lRQq	2	6	419489048	61.388	com.google.android.apps.searchlite/914689
b	lRQq	2	6	419489048	61.388	com.google.android.apps.searchlite/602374
b	lRQq	2	1	419489048	61.388	com.google.android.apps.searchlite/677613
b	lRQq	2	3	419489048	61.388	com.google.android.apps.searchlite/426028
b	lRQq	1	423	3775401432	552.488	Googlebot
b	lRQq	2	225	2516934288	368.325	Googlebot/2
b	lRQq	2	7	838978096	122.775	Googlebot/Nutch-2
b	lRQq	1	10386	3713688184	543.457	Netscape
b	lRQq	2	2461	3475170984	508.552	Netscape/4
b	lRQq	2	357	3355912384	491.100	Netscape/3
b	lRQq	2	124	3355912384	491.100	Netscape/8
b	lRQq	2	31	1997368424	292.293	Netscape/6
b	lRQq	2	808	838978096	122.775	Netscape/0
b	lRQq	2	8	838978096	122.775	Netscape/5
b	lRQq	2	2	419489048	61.388	Netscape/Nutch-1
b	lRQq	2	73	419489048	61.388	Netscape/%2F4
b	lRQq	2	1	419489048	61.388	Netscape/10
b	lRQq	2	1	419489048	61.388	Netscape/2
b	lRQq	2	9	419489048	61.388	Netscape/Firefox
b	lRQq	2	1	419489048	61.388	Netscape/35
b	lRQq	2	3	419489048	61.388	Netscape/9
b	lRQq	2	5530	319412232	46.742	Netscape/7
b	lRQq	1	590	3675324616	537.843	Wget
b	lRQq	2	590	3675324616	537.843	Wget/1
b	lRQq	1	265966	3536126352	517.473	MSIE
b	lRQq	2	102223	4166567712	609.731	MSIE/7
b	lRQq	2	92980	3563596616	521.493	MSIE/6
b	lRQq	2	39769	3407632144	498.669	MSIE/8
b	lRQq	2	5516	3332562704	487.683	MSIE/10
b	lRQq	2	14932	2193354160	320.973	MSIE/9
b	lRQq	2	405	2097445240	306.938	MSIE/3
b	lRQq	2	55	1677956192	245.550	MSIE/11
b	lRQq	2	439	1158390328	169.517	MSIE/4
b	lRQq	2	6447	996600264	145.841	MSIE/5
b	lRQq	2	728	838978096	122.775	MSIE/2
b	lRQq	1	36	3355912384	491.100	Firefox
b	lRQq	2	24	838978096	122.775	Firefox/2
b	lRQq	2	1	419489048	61.388	Firefox/1
b	lRQq	2	1	419489048	61.388	Firefox/42
b	lRQq	2	5	419489048	61.388	Firefox/33
b	lRQq	2	1	419489048	61.388	Firefox/3
b	lRQq	1	3060122	3066765307	448.787	[not listed: 1011]
p	*f	0Q	s
p	lR	1	1596271	Windows
p	lR	2	736276	Windows NT
p	lR	2	579208	Unknown Windows
p	lR	2	264182	Windows XP
p	lR	2	2238	Windows 95
p	lR	2	437	Windows CE
p	lR	2	2415	Windows 98
p	lR	2	9685	Windows 2000
p	lR	2	389	Windows 3.1
p	lR	2	1441	Windows ME
p	lR	1	424324	Macintosh
p	lR	2	412307	Unknown Macintosh
p	lR	2	3347	Macintosh PowerPC
p	lR	2	8670	Macintosh 68k
p	lR	1	590182	OS unknown
p	lR	1	391919	Known robots
p	lR	1	337757	Unix
p	lR	2	331223	Linux
p	lR	2	22	SunOS
p	lR	2	311	BSD
p	lR	2	6198	Other Unix
p	lR	2	3	HP-UX
p	lR	1	16	WebTV
p	lR	1	13	BeOS
p	lR	1	217	OS/2
p	lR	1	7	Amiga
i	*f	0R	s
i	lRc	1	1388261	0.000	/images/
i	lRc	1	1527488	0.000	[root directory]
i	lRc	1	264799	0.000	/js/
i	lRc	1	133788	0.000	/css/
i	lRc	1	43678	0.000	/uploads/
i	lRc	1	471	0.000	/dev/
i	lRc	2	81	0.000	/dev/images/
i	lRc	2	24	0.000	/dev/css/
i	lRc	2	46	0.000	/dev/js/
i	lRc	1	865	0.000	/videos/
i	lRc	1	541	0.000	/client/
i	lRc	1	6	0.000	/databases/
i	lRc	1	1	0.000	/cgi-bin/
i	lRc	1	1	0.000	/secure/
i	lRc	1	79	0.000	/stats/
r	*f	0.050000%S	s
r	lRSc	1	40686	49	0.000	/indnews.html
r	lRSc	2	141	0	0.000	/indnews.html?referer=www.clickfind.com.au/wp-login.php
r	lRSc	2	1	0	0.000	/indnews.html?referer=top1.co.pl
r	lRSc	2	1	0	0.000	/indnews.html?referer=www.clickfind.com.au//wp-content/themes/busybee/thumb.php?src=http://blogger.com.opontodaarte.com.br/java.php
r	lRSc	1	64115	47	0.000	/compnews.html
r	lRSc	1	58290	34	0.000	/links.html
r	lRSc	1	60917	31	0.000	/aboutus.html
r	lRSc	1	40620	30	0.000	/cct&m.html
r	lRSc	1	42296	30	0.000	/consultinga.html
r	lRSc	1	38672	25	0.000	/cfmt.html
r	lRSc	1	31189	24	0.000	/sru.html
r	lRSc	1	21346	18	0.000	/rd.html
r	lRSc	1	43821	17	0.000	/uasfc.html
r	lRSc	1	48834	17	0.000	/contactus.html
r	lRSc	1	25375	17	0.000	/gt1500+rpas.html
r	lRSc	1	31337	17	0.000	/faq.html
r	lRSc	1	36782	16	0.000	/indevents.html
r	lRSc	1	37293	13	0.000	/pna.html
r	lRSc	1	23313	10	0.000	/gt50t+rpas.html
r	lRSc	1	30379	10	0.000	/employment.html
r	lRSc	1	4272	9	0.000	/uploads/big+horn+basin+drone+festival+event+schedule.pdf
r	lRSc	1	20314	9	0.000	/gt100hl+rpas.html
r	lRSc	1	24437	8	0.000	/gt380+rpas.html
r	lRSc	1	5205	8	0.000	/uploads/idrone-pressrelease-powell-version220119.pdf
r	lRSc	1	4405	8	0.000	/uploads/bighornbasindronefestivalflyer-v2-220110.pdf
r	lRSc	1	3554	6	0.000	/uploads/2022wydronefestflyer+rev2.pdf
r	lRSc	1	4068	5	0.000	/uploads/droneexpojan2022+(1).pdf
r	lRSc	1	5812	4	0.000	/gtatexan.html
r	lRSc	1	4912	4	0.000	/bandituas.html
r	lRSc	1	5610	3	0.000	/banditomav.html
r	lRSc	1	6127	3	0.000	/uavengines.html
r	lRSc	1	2	0	0.000	/client/bandit+timeline2004.html
r	lRSc	1	1	0	0.000	/404.htm
r	lRSc	1	12	0	0.000	/client/gta010707002.html
r	lRSc	1	72	0	0.000	/client/bandito+development.html
r	lRSc	1	1	0	0.000	/stats/browserrep.html
r	lRSc	1	741	0	0.000	/gt50t rpas.html
r	lRSc	1	2	0	0.000	/dev/contactus.html
r	lRSc	1	1	0	0.000	/dev/aboutus.html
r	lRSc	1	18	0	0.000	/client/tacamo+development.html
r	lRSc	1	11	0	0.000	/client/rq2+outlaw.html
r	lRSc	1	1	0	0.000	/client/bandit timeline2008.html
r	lRSc	1	15	0	0.000	/client/bandit.html
r	lRSc	1	993	0	0.000	/gtamt.html
r	lRSc	1	2253	0	0.000	/gt1500 rpas.html
r	lRSc	1	4	0	0.000	/client/gta121004001.html
r	lRSc	1	1	0	0.000	/dev/client.cgi
r	lRSc	1	71	0	0.000	/client/bandit+development.html
r	lRSc	1	2	0	0.000	/client/bandito development.html
r	lRSc	1	2	0	0.000	/stats/domain.html
r	lRSc	1	2	0	0.000	/stats/weekly.html
r	lRSc	1	6356	0	0.000	/pridpass.html
r	lRSc	1	1	0	0.000	/dev/pna.html
r	lRSc	1	1	0	0.000	/client/tacamo development.html
r	lRSc	1	4	0	0.000	/stats/index.htm
r	lRSc	1	4	0	0.000	/stats/nav.html
r	lRSc	1	2	0	0.000	/stats/directory.html
r	lRSc	1	2	0	0.000	/stats/organisation.html
r	lRSc	1	7	0	0.000	/client/bandit+timeline2007.html
r	lRSc	1	1	0	0.000	/dev/pridpass.html
r	lRSc	1	1	0	0.000	/client/bandito timeline2007.html
r	lRSc	1	1	0	0.000	/stats/quick.html
r	lRSc	1	135	0	0.000	/client/welcome.html
r	lRSc	1	3	0	0.000	/client/gta021305001.html
r	lRSc	1	5	0	0.000	/client/gta012405001.html
r	lRSc	1	4	0	0.000	/stats/general.html
r	lRSc	1	1	0	0.000	/stats/dailyrep.html
r	lRSc	1	1	0	0.000	/client/bandit development.html
r	lRSc	1	17	0	0.000	/client/bandit+timeline2008.html
r	lRSc	1	1	0	0.000	/client/bandito+timeline2005.html
r	lRSc	1	23	0	0.000	/client/projectbids.html
r	lRSc	1	1	0	0.000	/stats/host.html
r	lRSc	1	20	0	0.000	/client/clientpna.html
r	lRSc	1	2	0	0.000	/stats/default.asp
r	lRSc	1	21	0	0.000	/index.htm
r	lRSc	1	1	0	0.000	/cgi-bin/testms.pl
r	lRSc	1	14	0	0.000	/client/rq1+bandit.html
r	lRSc	1	6	0	0.000	/client/gta021305002.html
r	lRSc	1	24	0	0.000	/client/tacamo.html
r	lRSc	1	30	0	0.000	/client/mgqgcyat.asp
r	lRSc	1	18702	0	0.000	/default.asp
r	lRSc	1	1666	0	0.000	/gt380 rpas.html
r	lRSc	1	1	0	0.000	/client/bandito+timeline2006.html
r	lRSc	1	16	0	0.000	/client/rq3+bandito.html
r	lRSc	1	1	0	0.000	/dev/uasfc.html
r	lRSc	1	229	0	0.000	/client.cgi
r	lRSc	1	2	0	0.000	/stats/yearly.html
r	lRSc	1	1	0	0.000	/stats/monthly.html
r	lRSc	1	8	0	0.000	/client/gta010707001.html
r	lRSc	1	3749	0	0.000	/bidspridpass.html
r	lRSc	1	12	0	0.000	/client/bandito.html
r	lRSc	1	1	0	0.000	/stats/quarterly.html
r	lRSc	1	8	0	0.000	/client/bandito+timeline2007.html
t	*f	0.100000%B	b
t	lRb	1	1279797	43.756	.jpg  [JPEG graphics]
t	lRb	1	758776	26.229	.html [Hypertext Markup Language]
t	lRb	1	688929	18.517	[directories]
t	lRb	1	22174	5.242	.mp4
t	lRb	1	778	2.157	.wmv
t	lRb	1	87	2.118	.mpg  [MPEG movie]
t	lRb	1	18734	0.911	.asp  [Active Server REQUESTS]
t	lRb	1	108569	0.296	.gif  [GIF graphics]
t	lRb	1	264845	0.254	.js  [JavaScript code]
t	lRb	1	133804	0.225	.css  [Cascading Style Sheets]
t	lRb	1	21504	0.210	.pdf  [Adobe Portable Document Format]
t	lRb	1	61981	0.084	[not listed: 7]
z	*FR	2023	04	05	20	41
z	*LR	2023	05	09	10	03
z	ScR	0	0.000	84837	0
z	ScR	0	0.000	0	1b-  10b
z	ScR	0	0.000	0	11b- 100b
z	ScR	0	0.000	85122	101b-  1kb
z	ScR	0	0.000	509907	1kb- 10kb
z	ScR	0	0.000	352085	10kb-100kb
z	ScR	0	0.000	104639	100kb-  1Mb
z	ScR	0	0.000	4584	1Mb- 10Mb
z	ScR	0	0.000	55	10Mb-100Mb
z	ScR	0	0.000	13	100Mb-  1Gb
c	*FR	2014	03	02	13	52
c	*LR	2026	01	21	05	45
c	*f	0R	a
c	R	3161724	200 OK
c	R	44718	206 Partial content
c	R	413	301 Document moved permanently
c	R	77	302 Document found elsewhere
c	R	153536	304 Not modified since last retrieval
c	R	3565	400 Bad request
c	R	207	401 Authentication required
c	R	5683	403 Access forbidden
c	R	2608564	404 Document not found
c	R	3773	405 Method not allowed
c	R	1693	406 Document not acceptable to client
c	R	141	416 Requested range not valid
c	R	640	500 Internal server error
c	R	128	501 Request type not supported
I	*FR	2007	12	11	00	52
I	*LR	2026	01	21	05	18
I	*f	-30S	s
I	lRS	1	317297	306	/robots.txt
I	lRS	1	17298	14	/ads.txt
I	lRS	1	13893	14	/wp-login.php
I	lRS	1	1389	11	/sitemap_index.xml
I	lRS	1	2291	9	/wp-admin/setup-config.php
I	lRS	1	165	9	/admin/config/search/xmlsitemap
I	lRS	1	184	9	/sitemap-index.xml
I	lRS	1	1092	9	/sitemap
I	lRS	1	232	9	/sitemap_index.xml.gz
I	lRS	1	3302	9	/sitemap.xml
I	lRS	1	165	9	/sitemap/sitemap-index.xml
I	lRS	1	166	9	/sitemap-index.xml.gz
I	lRS	1	163	9	/sitemap-news.xml.gz
I	lRS	1	165	9	/sitemap-news.xml
I	lRS	1	165	9	/sitemap_news.xml
I	lRS	1	2571	9	/wp-admin/install.php
I	lRS	1	163	9	/sitemap_news.xml.gz
I	lRS	1	177	9	/.sitemap.xml
I	lRS	1	729	9	/sitemap.xml.gz
I	lRS	1	2151	8	/bless.php
I	lRS	1	2217	8	/abcd.php
I	lRS	1	298	8	/class-t.api.php
I	lRS	1	6757	8	/admin.php
I	lRS	1	4787	7	/file.php
I	lRS	1	3387	6	/wp-content/plugins/hellopress/wp_filemanager.php
I	lRS	1	608	6	/gifclass.php
I	lRS	1	959	6	/zwso.php
I	lRS	1	1766	6	/style.php
I	lRS	1	9338	6	/xmlrpc.php
I	lRS	1	786	6	/files.php
I	lRS	1	2229477	936	[not listed: 49934]
L	*FR	2007	12	11	00	52
L	*LR	2026	01	21	05	18
L	*f	-20S	s
L	RS	151	151	4.205.210.172
L	RS	151	151	74.235.5.251
L	RS	254	127	52.225.219.229
L	RS	116	116	45.148.10.159
L	RS	72	67	2.58.56.122
L	RS	114	52	2.58.56.162
L	RS	210	42	104.28.235.60
L	RS	180	30	47.238.146.10
L	RS	300	30	8.217.57.196
L	RS	56	28	185.177.72.52
L	RS	150	25	20.39.50.42
L	RS	125	25	45.80.158.124
L	RS	120	19	23.132.164.142
L	RS	36	18	89.187.187.79
L	RS	144	18	45.149.173.233
L	RS	36	18	35.237.236.210
L	RS	90	15	8.217.18.247
L	RS	15	15	47.83.128.121
L	RS	90	15	47.83.190.81
L	RS	135	15	8.210.217.31
L	RS	2621849	514	[not listed: 101861]
K	*FR	2013	12	22	04	20
K	*LR	2026	01	21	00	19
K	*f	-30S	s
K	lRS	1	2830	3	http://gtaeronautics.com/
K	lRS	1	54	3	https://www.google.com/search
K	lRS	1	2261	3	http://www.gtaeronautics.com/gtaTexan.html
K	lRS	1	23183	2	https://duckduckgo.com/
K	lRS	1	1583	2	http://www.gtaeronautics.com/BANDITOMAV.html
K	lRS	1	25889	2	https://www.google.com/
K	lRS	1	10	2	http://www.gtaeronautics.com/phpsso_server/statics/js/ckeditor/plugins/wsc/dialogs/tmpFrameset.html
K	lRS	1	3	1	http://gtaeronautics.com/g.php
K	lRS	1	48	1	https://wordpress.org/
K	lRS	1	24	1	https://twitter.com/
K	lRS	1	19	1	http://gtaeronautics.com/x.php
K	lRS	1	5	1	http://gtaeronautics.com/team
K	lRS	1	22	1	https://t.co/
K	lRS	1	3	1	http://gtaeronautics.com/f6.php
K	lRS	1	5	1	http://gtaeronautics.com/about
K	lRS	1	3	1	http://gtaeronautics.com/ola.php
K	lRS	1	243360	0	[not listed: 8323]
E	*FR	2008	01	06	10	12
E	*LR	2026	01	15	10	21
E	*f	-30S	s
E	lSR	1	1	250	/dev
E	lSR	1	0	240	[not listed: 8]
l	*FR	2008	01	06	10	12
l	*LR	2026	01	15	10	21
l	*f	-20S	s
l	SR	1	6	23.132.164.142
l	SR	0	484	[not listed: 149]
k	*FR	2025	12	24	16	53
k	*LR	2026	01	11	10	06
k	*f	-30S	s
k	lRS	1	24	0	[not listed: 4]
v	*f	-20B	b
v	Rb	2702563	65.103	64.41.87.40
v	Rb	657415	34.897	66.113.131.59
R	*FR	2008	01	06	10	12
R	*LR	2026	01	15	10	21
R	*f	-20R	r
R	R	312	64.41.87.40
R	R	178	66.113.131.59
M	*FR	2007	12	11	00	52
M	*LR	2026	01	21	05	18
M	*f	-20R	r
M	R	2321788	64.41.87.40
M	R	302606	66.113.131.59
J	*FR	2007	12	11	00	53
J	*LR	2017	03	17	18	30
J	*f	-20R	r
J	R	9	gtaeronautics
J	R	5	lorrigkj
J	R	1	rullma2063
J	R	1	administrator
J	R	1	satish
J	R	1	nnnnn
P	*FR	2024	04	17	09	27
P	*LR	2026	01	21	05	45
P	R	230	0
P	R	465	<= 0.01
P	R	8593	0.01-0.02
P	R	364202	0.02-0.05
P	R	414442	0.05-0.1 
P	R	561402	0.1 -0.2 
P	R	653451	0.2 -0.5 
P	R	317630	0.5 -1   
P	R	178919	1-  2 
P	R	74738	2-  5 
P	R	30370	5- 10 
P	R	15140	10- 20 
P	R	59444	20- 60 
P	R	5657	60-120 
P	R	17683	120-300 
