x	VE	analog 5.24
x	HN	gtaeronautics.com
x	PS	2021	02	28	06	17
x	FR	2007	12	18	17	05
x	LR	2021	02	26	23	42
x	E7	2021	02	28	06	17
x	SR	923902
x	S7	1126
x	NC	376251
x	C7	0
x	FL	393220
x	F7	334
x	RR	179
x	R7	0
x	NH	82356
x	H7	240
x	BT	33668925851
x	B7	62655997
1	Rr	12155	1.316	2021
1	Rr	89380	9.674	2020
1	Rr	80088	8.668	2019
1	Rr	68927	7.460	2018
1	Rr	60168	6.512	2017
1	Rr	73316	7.935	2016
1	Rr	80796	8.745	2015
1	Rr	110773	11.990	2014
1	Rr	65173	7.054	2013
1	Rr	60742	6.575	2012
1	Rr	57015	6.171	2011
1	Rr	22139	2.396	2010
1	Rr	69710	7.545	2009
1	Rr	71820	7.774	2008
1	Rr	1700	0.184	2007
1	*BT	R	110773	2014
Q	Rr	12155	1.316	2021	1
Q	Rr	22199	2.403	2020	4
Q	Rr	23882	2.585	2020	3
Q	Rr	21656	2.344	2020	2
Q	Rr	21643	2.343	2020	1
Q	Rr	19098	2.067	2019	4
Q	Rr	19668	2.129	2019	3
Q	Rr	19827	2.146	2019	2
Q	Rr	21495	2.327	2019	1
Q	Rr	18129	1.962	2018	4
Q	Rr	17138	1.855	2018	3
Q	Rr	16928	1.832	2018	2
Q	Rr	16732	1.811	2018	1
Q	Rr	15937	1.725	2017	4
Q	Rr	0	0.000	2017	3
Q	Rr	16831	1.822	2017	2
Q	Rr	27400	2.966	2017	1
Q	Rr	22114	2.394	2016	4
Q	Rr	17621	1.907	2016	3
Q	Rr	15878	1.719	2016	2
Q	Rr	17703	1.916	2016	1
Q	Rr	16575	1.794	2015	4
Q	Rr	22104	2.392	2015	3
Q	Rr	22485	2.434	2015	2
Q	Rr	19632	2.125	2015	1
Q	Rr	21142	2.288	2014	4
Q	Rr	22272	2.411	2014	3
Q	Rr	31453	3.404	2014	2
Q	Rr	35906	3.886	2014	1
Q	Rr	16436	1.779	2013	4
Q	Rr	15216	1.647	2013	3
Q	Rr	16545	1.791	2013	2
Q	Rr	16976	1.837	2013	1
Q	Rr	16578	1.794	2012	4
Q	Rr	12511	1.354	2012	3
Q	Rr	15816	1.712	2012	2
Q	Rr	15837	1.714	2012	1
Q	Rr	15444	1.672	2011	4
Q	Rr	17386	1.882	2011	3
Q	Rr	9395	1.017	2011	2
Q	Rr	14790	1.601	2011	1
Q	Rr	1603	0.174	2010	4
Q	Rr	0	0.000	2010	3
Q	Rr	14047	1.520	2010	2
Q	Rr	6489	0.702	2010	1
Q	Rr	16350	1.770	2009	4
Q	Rr	18220	1.972	2009	3
Q	Rr	17115	1.852	2009	2
Q	Rr	18025	1.951	2009	1
Q	Rr	15905	1.722	2008	4
Q	Rr	15660	1.695	2008	3
Q	Rr	22448	2.430	2008	2
Q	Rr	17807	1.927	2008	1
Q	Rr	1700	0.184	2007	4
Q	*BT	R	35906	2014	1
m	Rr	5641	0.611	2021	02
m	Rr	6514	0.705	2021	01
m	Rr	8069	0.873	2020	12
m	Rr	6579	0.712	2020	11
m	Rr	7551	0.817	2020	10
m	Rr	8028	0.869	2020	09
m	Rr	7741	0.838	2020	08
m	Rr	8113	0.878	2020	07
m	Rr	7317	0.792	2020	06
m	Rr	6898	0.747	2020	05
m	Rr	7441	0.805	2020	04
m	Rr	7524	0.814	2020	03
m	Rr	7322	0.793	2020	02
m	Rr	6797	0.736	2020	01
m	Rr	6573	0.711	2019	12
m	Rr	5917	0.640	2019	11
m	Rr	6608	0.715	2019	10
m	Rr	6791	0.735	2019	09
m	Rr	6597	0.714	2019	08
m	Rr	6280	0.680	2019	07
m	Rr	6317	0.684	2019	06
m	Rr	6847	0.741	2019	05
m	Rr	6663	0.721	2019	04
m	Rr	7059	0.764	2019	03
m	Rr	6374	0.690	2019	02
m	Rr	8062	0.873	2019	01
m	Rr	6957	0.753	2018	12
m	Rr	5422	0.587	2018	11
m	Rr	5750	0.622	2018	10
m	Rr	5458	0.591	2018	09
m	Rr	5735	0.621	2018	08
m	Rr	5945	0.643	2018	07
m	Rr	7110	0.770	2018	06
m	Rr	6440	0.697	2018	05
m	Rr	3378	0.366	2018	04
m	Rr	5789	0.627	2018	03
m	Rr	5369	0.581	2018	02
m	Rr	5574	0.603	2018	01
m	Rr	3906	0.423	2017	12
m	Rr	6533	0.707	2017	11
m	Rr	5498	0.595	2017	10
m	Rr	0	0.000	2017	09
m	Rr	0	0.000	2017	08
m	Rr	0	0.000	2017	07
m	Rr	0	0.000	2017	06
m	Rr	6832	0.739	2017	05
m	Rr	9999	1.082	2017	04
m	Rr	11887	1.287	2017	03
m	Rr	7941	0.860	2017	02
m	Rr	7572	0.820	2017	01
m	Rr	9483	1.026	2016	12
m	Rr	7121	0.771	2016	11
m	Rr	5510	0.596	2016	10
m	Rr	6288	0.681	2016	09
m	Rr	5888	0.637	2016	08
m	Rr	5445	0.589	2016	07
m	Rr	5042	0.546	2016	06
m	Rr	5495	0.595	2016	05
m	Rr	5341	0.578	2016	04
m	Rr	5558	0.602	2016	03
m	Rr	5548	0.600	2016	02
m	Rr	6597	0.714	2016	01
m	Rr	5574	0.603	2015	12
m	Rr	5330	0.577	2015	11
m	Rr	5671	0.614	2015	10
m	Rr	6196	0.671	2015	09
m	Rr	6788	0.735	2015	08
m	Rr	9120	0.987	2015	07
m	Rr	7156	0.775	2015	06
m	Rr	5694	0.616	2015	05
m	Rr	9635	1.043	2015	04
m	Rr	6215	0.673	2015	03
m	Rr	6084	0.659	2015	02
m	Rr	7333	0.794	2015	01
m	Rr	6608	0.715	2014	12
m	Rr	6997	0.757	2014	11
m	Rr	7537	0.816	2014	10
m	Rr	7043	0.762	2014	09
m	Rr	7324	0.793	2014	08
m	Rr	7905	0.856	2014	07
m	Rr	11654	1.261	2014	06
m	Rr	9211	0.997	2014	05
m	Rr	10588	1.146	2014	04
m	Rr	7817	0.846	2014	03
m	Rr	15229	1.648	2014	02
m	Rr	12860	1.392	2014	01
m	Rr	5325	0.576	2013	12
m	Rr	5513	0.597	2013	11
m	Rr	5598	0.606	2013	10
m	Rr	4655	0.504	2013	09
m	Rr	4938	0.534	2013	08
m	Rr	5623	0.609	2013	07
m	Rr	5492	0.594	2013	06
m	Rr	5211	0.564	2013	05
m	Rr	5842	0.632	2013	04
m	Rr	6068	0.657	2013	03
m	Rr	5055	0.547	2013	02
m	Rr	5853	0.634	2013	01
m	Rr	5688	0.616	2012	12
m	Rr	5477	0.593	2012	11
m	Rr	5413	0.586	2012	10
m	Rr	4331	0.469	2012	09
m	Rr	3866	0.418	2012	08
m	Rr	4314	0.467	2012	07
m	Rr	4655	0.504	2012	06
m	Rr	6047	0.655	2012	05
m	Rr	5114	0.554	2012	04
m	Rr	6128	0.663	2012	03
m	Rr	5430	0.588	2012	02
m	Rr	4279	0.463	2012	01
m	Rr	5548	0.600	2011	12
m	Rr	4779	0.517	2011	11
m	Rr	5117	0.554	2011	10
m	Rr	5431	0.588	2011	09
m	Rr	6256	0.677	2011	08
m	Rr	5699	0.617	2011	07
m	Rr	5420	0.587	2011	06
m	Rr	3975	0.430	2011	05
m	Rr	0	0.000	2011	04
m	Rr	3608	0.391	2011	03
m	Rr	5171	0.560	2011	02
m	Rr	6011	0.651	2011	01
m	Rr	1603	0.174	2010	12
m	Rr	0	0.000	2010	11
m	Rr	0	0.000	2010	10
m	Rr	0	0.000	2010	09
m	Rr	0	0.000	2010	08
m	Rr	0	0.000	2010	07
m	Rr	4101	0.444	2010	06
m	Rr	5018	0.543	2010	05
m	Rr	4928	0.533	2010	04
m	Rr	5095	0.551	2010	03
m	Rr	1394	0.151	2010	02
m	Rr	0	0.000	2010	01
m	Rr	4665	0.505	2009	12
m	Rr	6187	0.670	2009	11
m	Rr	5498	0.595	2009	10
m	Rr	5066	0.548	2009	09
m	Rr	5718	0.619	2009	08
m	Rr	7436	0.805	2009	07
m	Rr	5685	0.615	2009	06
m	Rr	6120	0.662	2009	05
m	Rr	5310	0.575	2009	04
m	Rr	5515	0.597	2009	03
m	Rr	6123	0.663	2009	02
m	Rr	6387	0.691	2009	01
m	Rr	5763	0.624	2008	12
m	Rr	5420	0.587	2008	11
m	Rr	4722	0.511	2008	10
m	Rr	5435	0.588	2008	09
m	Rr	4843	0.524	2008	08
m	Rr	5382	0.583	2008	07
m	Rr	6082	0.658	2008	06
m	Rr	9946	1.077	2008	05
m	Rr	6420	0.695	2008	04
m	Rr	5431	0.588	2008	03
m	Rr	6469	0.700	2008	02
m	Rr	5907	0.639	2008	01
m	Rr	1700	0.184	2007	12
m	*BT	R	15229	2014	02
W	Rr	1173	0.127	2021	02	21
W	Rr	1101	0.119	2021	02	14
W	Rr	1699	0.184	2021	02	07
W	Rr	1867	0.202	2021	01	31
W	Rr	1404	0.152	2021	01	24
W	Rr	1564	0.169	2021	01	17
W	Rr	1431	0.155	2021	01	10
W	Rr	1666	0.180	2021	01	03
W	Rr	1926	0.208	2020	12	27
W	Rr	1572	0.170	2020	12	20
W	Rr	1404	0.152	2020	12	13
W	Rr	2272	0.246	2020	12	06
W	Rr	1522	0.165	2020	11	29
W	Rr	1722	0.186	2020	11	22
W	Rr	1580	0.171	2020	11	15
W	Rr	1401	0.152	2020	11	08
W	Rr	1499	0.162	2020	11	01
W	Rr	1470	0.159	2020	10	25
W	Rr	2379	0.257	2020	10	18
W	Rr	1559	0.169	2020	10	11
W	Rr	1729	0.187	2020	10	04
W	Rr	1674	0.181	2020	09	27
W	Rr	1786	0.193	2020	09	20
W	Rr	2200	0.238	2020	09	13
W	Rr	1677	0.182	2020	09	06
W	Rr	1596	0.173	2020	08	30
W	Rr	1833	0.198	2020	08	23
W	Rr	1814	0.196	2020	08	16
W	Rr	2206	0.239	2020	08	09
W	Rr	1397	0.151	2020	08	02
W	Rr	1816	0.197	2020	07	26
W	Rr	1949	0.211	2020	07	19
W	Rr	1532	0.166	2020	07	12
W	Rr	1976	0.214	2020	07	05
W	Rr	1600	0.173	2020	06	28
W	Rr	1627	0.176	2020	06	21
W	Rr	2101	0.227	2020	06	14
W	Rr	1590	0.172	2020	06	07
W	Rr	1492	0.161	2020	05	31
W	Rr	1556	0.168	2020	05	24
W	Rr	1756	0.190	2020	05	17
W	Rr	1568	0.170	2020	05	10
W	Rr	1567	0.170	2020	05	03
W	Rr	1734	0.188	2020	04	26
W	Rr	1675	0.181	2020	04	19
W	Rr	1702	0.184	2020	04	12
W	Rr	1965	0.213	2020	04	05
W	Rr	1329	0.144	2020	03	29
W	Rr	1818	0.197	2020	03	22
W	Rr	1345	0.146	2020	03	15
W	Rr	1581	0.171	2020	03	08
W	Rr	2014	0.218	2020	03	01
W	Rr	1942	0.210	2020	02	23
W	Rr	1748	0.189	2020	02	16
W	Rr	1949	0.211	2020	02	09
W	Rr	1683	0.182	2020	02	02
W	Rr	1436	0.155	2020	01	26
W	Rr	1792	0.194	2020	01	19
W	Rr	1519	0.164	2020	01	12
W	Rr	1420	0.154	2020	01	05
W	Rr	1109	0.120	2019	12	29
W	Rr	1023	0.111	2019	12	22
W	Rr	1584	0.171	2019	12	15
W	Rr	1783	0.193	2019	12	08
W	Rr	1704	0.184	2019	12	01
W	Rr	1178	0.128	2019	11	24
W	Rr	1697	0.184	2019	11	17
W	Rr	1510	0.163	2019	11	10
W	Rr	1383	0.150	2019	11	03
W	Rr	1309	0.142	2019	10	27
W	Rr	1473	0.159	2019	10	20
W	Rr	1519	0.164	2019	10	13
W	Rr	1485	0.161	2019	10	06
W	Rr	1416	0.153	2019	09	29
W	Rr	1499	0.162	2019	09	22
W	Rr	1652	0.179	2019	09	15
W	Rr	1710	0.185	2019	09	08
W	Rr	1485	0.161	2019	09	01
W	Rr	1689	0.183	2019	08	25
W	Rr	1315	0.142	2019	08	18
W	Rr	1619	0.175	2019	08	11
W	Rr	1558	0.169	2019	08	04
W	Rr	1360	0.147	2019	07	28
W	Rr	1191	0.129	2019	07	21
W	Rr	1730	0.187	2019	07	14
W	Rr	1299	0.141	2019	07	07
W	Rr	1339	0.145	2019	06	30
W	Rr	1592	0.172	2019	06	23
W	Rr	1497	0.162	2019	06	16
W	Rr	1450	0.157	2019	06	09
W	Rr	1555	0.168	2019	06	02
W	Rr	1289	0.140	2019	05	26
W	Rr	1863	0.202	2019	05	19
W	Rr	1385	0.150	2019	05	12
W	Rr	1553	0.168	2019	05	05
W	Rr	1655	0.179	2019	04	28
W	Rr	1282	0.139	2019	04	21
W	Rr	1503	0.163	2019	04	14
W	Rr	1623	0.176	2019	04	07
W	Rr	1715	0.186	2019	03	31
W	Rr	1882	0.204	2019	03	24
W	Rr	1464	0.158	2019	03	17
W	Rr	1381	0.149	2019	03	10
W	Rr	1627	0.176	2019	03	03
W	Rr	1773	0.192	2019	02	24
W	Rr	1669	0.181	2019	02	17
W	Rr	1483	0.161	2019	02	10
W	Rr	1391	0.151	2019	02	03
W	Rr	1797	0.195	2019	01	27
W	Rr	1963	0.212	2019	01	20
W	Rr	2029	0.220	2019	01	13
W	Rr	1696	0.184	2019	01	06
W	Rr	1526	0.165	2018	12	30
W	Rr	1226	0.133	2018	12	23
W	Rr	1442	0.156	2018	12	16
W	Rr	1936	0.210	2018	12	09
W	Rr	1809	0.196	2018	12	02
W	Rr	1295	0.140	2018	11	25
W	Rr	1820	0.197	2018	11	18
W	Rr	1802	0.195	2018	11	11
W	Rr	0	0.000	2018	11	04
W	Rr	1473	0.159	2018	10	28
W	Rr	1106	0.120	2018	10	21
W	Rr	1427	0.154	2018	10	14
W	Rr	1214	0.131	2018	10	07
W	Rr	1168	0.126	2018	09	30
W	Rr	1420	0.154	2018	09	23
W	Rr	1197	0.130	2018	09	16
W	Rr	1388	0.150	2018	09	09
W	Rr	1320	0.143	2018	09	02
W	Rr	1246	0.135	2018	08	26
W	Rr	1214	0.131	2018	08	19
W	Rr	1366	0.148	2018	08	12
W	Rr	1195	0.129	2018	08	05
W	Rr	1346	0.146	2018	07	29
W	Rr	1374	0.149	2018	07	22
W	Rr	1508	0.163	2018	07	15
W	Rr	1522	0.165	2018	07	08
W	Rr	909	0.098	2018	07	01
W	Rr	1444	0.156	2018	06	24
W	Rr	2682	0.290	2018	06	17
W	Rr	1365	0.148	2018	06	10
W	Rr	1329	0.144	2018	06	03
W	Rr	1275	0.138	2018	05	27
W	Rr	1392	0.151	2018	05	20
W	Rr	1321	0.143	2018	05	13
W	Rr	1527	0.165	2018	05	06
W	Rr	1517	0.164	2018	04	29
W	Rr	0	0.000	2018	04	22
W	Rr	1364	0.148	2018	04	15
W	Rr	1712	0.185	2018	04	08
W	Rr	0	0.000	2018	04	01
W	Rr	1543	0.167	2018	03	25
W	Rr	1342	0.145	2018	03	18
W	Rr	2429	0.263	2018	03	11
W	Rr	0	0.000	2018	03	04
W	Rr	1366	0.148	2018	02	25
W	Rr	1308	0.142	2018	02	18
W	Rr	1439	0.156	2018	02	11
W	Rr	1731	0.187	2018	02	04
W	Rr	0	0.000	2018	01	28
W	Rr	1434	0.155	2018	01	21
W	Rr	1578	0.171	2018	01	14
W	Rr	1471	0.159	2018	01	07
W	Rr	1246	0.135	2017	12	31
W	Rr	1033	0.112	2017	12	24
W	Rr	1103	0.119	2017	12	17
W	Rr	1406	0.152	2017	12	10
W	Rr	0	0.000	2017	12	03
W	Rr	1335	0.144	2017	11	26
W	Rr	1427	0.154	2017	11	19
W	Rr	1662	0.180	2017	11	12
W	Rr	1414	0.153	2017	11	05
W	Rr	1349	0.146	2017	10	29
W	Rr	1208	0.131	2017	10	22
W	Rr	2013	0.218	2017	10	15
W	Rr	1832	0.198	2017	10	08
W	Rr	0	0.000	2017	10	01
W	Rr	0	0.000	2017	09	24
W	Rr	0	0.000	2017	09	17
W	Rr	0	0.000	2017	09	10
W	Rr	0	0.000	2017	09	03
W	Rr	0	0.000	2017	08	27
W	Rr	0	0.000	2017	08	20
W	Rr	0	0.000	2017	08	13
W	Rr	0	0.000	2017	08	06
W	Rr	0	0.000	2017	07	30
W	Rr	0	0.000	2017	07	23
W	Rr	0	0.000	2017	07	16
W	Rr	0	0.000	2017	07	09
W	Rr	0	0.000	2017	07	02
W	Rr	0	0.000	2017	06	25
W	Rr	0	0.000	2017	06	18
W	Rr	0	0.000	2017	06	11
W	Rr	0	0.000	2017	06	04
W	Rr	25	0.003	2017	05	28
W	Rr	1838	0.199	2017	05	21
W	Rr	1915	0.207	2017	05	14
W	Rr	1676	0.181	2017	05	07
W	Rr	1677	0.182	2017	04	30
W	Rr	2071	0.224	2017	04	23
W	Rr	1978	0.214	2017	04	16
W	Rr	1874	0.203	2017	04	09
W	Rr	3435	0.372	2017	04	02
W	Rr	2619	0.283	2017	03	26
W	Rr	2633	0.285	2017	03	19
W	Rr	2413	0.261	2017	03	12
W	Rr	3092	0.335	2017	03	05
W	Rr	2295	0.248	2017	02	26
W	Rr	2204	0.239	2017	02	19
W	Rr	1869	0.202	2017	02	12
W	Rr	1973	0.214	2017	02	05
W	Rr	1783	0.193	2017	01	29
W	Rr	1768	0.191	2017	01	22
W	Rr	1585	0.172	2017	01	15
W	Rr	1768	0.191	2017	01	08
W	Rr	1740	0.188	2017	01	01
W	Rr	1549	0.168	2016	12	25
W	Rr	2202	0.238	2016	12	18
W	Rr	1812	0.196	2016	12	11
W	Rr	2648	0.287	2016	12	04
W	Rr	2236	0.242	2016	11	27
W	Rr	1321	0.143	2016	11	20
W	Rr	1996	0.216	2016	11	13
W	Rr	1716	0.186	2016	11	06
W	Rr	1564	0.169	2016	10	30
W	Rr	1362	0.147	2016	10	23
W	Rr	1707	0.185	2016	10	16
W	Rr	1696	0.184	2016	10	09
W	Rr	36	0.004	2016	10	02
W	Rr	2002	0.217	2016	09	25
W	Rr	1399	0.151	2016	09	18
W	Rr	1199	0.130	2016	09	11
W	Rr	1326	0.144	2016	09	04
W	Rr	1316	0.142	2016	08	28
W	Rr	1257	0.136	2016	08	21
W	Rr	1208	0.131	2016	08	14
W	Rr	1602	0.173	2016	08	07
W	Rr	1319	0.143	2016	07	31
W	Rr	1796	0.194	2016	07	24
W	Rr	1171	0.127	2016	07	17
W	Rr	1167	0.126	2016	07	10
W	Rr	917	0.099	2016	07	03
W	Rr	920	0.100	2016	06	26
W	Rr	1179	0.128	2016	06	19
W	Rr	1288	0.139	2016	06	12
W	Rr	1237	0.134	2016	06	05
W	Rr	1263	0.137	2016	05	29
W	Rr	1338	0.145	2016	05	22
W	Rr	1184	0.128	2016	05	15
W	Rr	1365	0.148	2016	05	08
W	Rr	974	0.105	2016	05	01
W	Rr	1311	0.142	2016	04	24
W	Rr	1127	0.122	2016	04	17
W	Rr	1248	0.135	2016	04	10
W	Rr	1451	0.157	2016	04	03
W	Rr	987	0.107	2016	03	27
W	Rr	1233	0.133	2016	03	20
W	Rr	1347	0.146	2016	03	13
W	Rr	1347	0.146	2016	03	06
W	Rr	1236	0.134	2016	02	28
W	Rr	1422	0.154	2016	02	21
W	Rr	1085	0.117	2016	02	14
W	Rr	1427	0.154	2016	02	07
W	Rr	1359	0.147	2016	01	31
W	Rr	1708	0.185	2016	01	24
W	Rr	1476	0.160	2016	01	17
W	Rr	1563	0.169	2016	01	10
W	Rr	1381	0.149	2016	01	03
W	Rr	1273	0.138	2015	12	27
W	Rr	1084	0.117	2015	12	20
W	Rr	1344	0.145	2015	12	13
W	Rr	1336	0.145	2015	12	06
W	Rr	1123	0.122	2015	11	29
W	Rr	960	0.104	2015	11	22
W	Rr	1337	0.145	2015	11	15
W	Rr	1400	0.152	2015	11	08
W	Rr	1383	0.150	2015	11	01
W	Rr	1250	0.135	2015	10	25
W	Rr	1366	0.148	2015	10	18
W	Rr	1367	0.148	2015	10	11
W	Rr	1214	0.131	2015	10	04
W	Rr	1152	0.125	2015	09	27
W	Rr	1387	0.150	2015	09	20
W	Rr	1655	0.179	2015	09	13
W	Rr	1526	0.165	2015	09	06
W	Rr	1242	0.134	2015	08	30
W	Rr	1800	0.195	2015	08	23
W	Rr	1527	0.165	2015	08	16
W	Rr	1386	0.150	2015	08	09
W	Rr	1593	0.172	2015	08	02
W	Rr	1567	0.170	2015	07	26
W	Rr	1980	0.214	2015	07	19
W	Rr	2180	0.236	2015	07	12
W	Rr	2008	0.217	2015	07	05
W	Rr	2297	0.249	2015	06	28
W	Rr	1556	0.168	2015	06	21
W	Rr	1380	0.149	2015	06	14
W	Rr	2013	0.218	2015	06	07
W	Rr	1651	0.179	2015	05	31
W	Rr	1224	0.132	2015	05	24
W	Rr	1355	0.147	2015	05	17
W	Rr	1179	0.128	2015	05	10
W	Rr	1436	0.155	2015	05	03
W	Rr	1671	0.181	2015	04	26
W	Rr	1878	0.203	2015	04	19
W	Rr	2326	0.252	2015	04	12
W	Rr	2636	0.285	2015	04	05
W	Rr	2297	0.249	2015	03	29
W	Rr	1237	0.134	2015	03	22
W	Rr	1453	0.157	2015	03	15
W	Rr	1399	0.151	2015	03	08
W	Rr	1287	0.139	2015	03	01
W	Rr	1249	0.135	2015	02	22
W	Rr	1373	0.149	2015	02	15
W	Rr	1790	0.194	2015	02	08
W	Rr	1672	0.181	2015	02	01
W	Rr	1543	0.167	2015	01	25
W	Rr	1463	0.158	2015	01	18
W	Rr	1696	0.184	2015	01	11
W	Rr	1707	0.185	2015	01	04
W	Rr	1833	0.198	2014	12	28
W	Rr	1335	0.144	2014	12	21
W	Rr	1644	0.178	2014	12	14
W	Rr	1541	0.167	2014	12	07
W	Rr	1335	0.144	2014	11	30
W	Rr	1262	0.137	2014	11	23
W	Rr	2009	0.217	2014	11	16
W	Rr	1566	0.169	2014	11	09
W	Rr	1814	0.196	2014	11	02
W	Rr	1452	0.157	2014	10	26
W	Rr	1642	0.178	2014	10	19
W	Rr	1795	0.194	2014	10	12
W	Rr	1836	0.199	2014	10	05
W	Rr	1662	0.180	2014	09	28
W	Rr	1843	0.199	2014	09	21
W	Rr	1678	0.182	2014	09	14
W	Rr	1598	0.173	2014	09	07
W	Rr	1418	0.153	2014	08	31
W	Rr	1584	0.171	2014	08	24
W	Rr	1571	0.170	2014	08	17
W	Rr	1727	0.187	2014	08	10
W	Rr	1927	0.209	2014	08	03
W	Rr	1691	0.183	2014	07	27
W	Rr	1702	0.184	2014	07	20
W	Rr	1624	0.176	2014	07	13
W	Rr	1831	0.198	2014	07	06
W	Rr	1867	0.202	2014	06	29
W	Rr	1927	0.209	2014	06	22
W	Rr	2134	0.231	2014	06	15
W	Rr	4851	0.525	2014	06	08
W	Rr	2293	0.248	2014	06	01
W	Rr	3180	0.344	2014	05	25
W	Rr	1468	0.159	2014	05	18
W	Rr	1808	0.196	2014	05	11
W	Rr	1998	0.216	2014	05	04
W	Rr	1876	0.203	2014	04	27
W	Rr	2330	0.252	2014	04	20
W	Rr	2565	0.278	2014	04	13
W	Rr	2652	0.287	2014	04	06
W	Rr	2574	0.279	2014	03	30
W	Rr	1186	0.128	2014	03	23
W	Rr	1305	0.141	2014	03	16
W	Rr	2273	0.246	2014	03	09
W	Rr	2231	0.241	2014	03	02
W	Rr	1925	0.208	2014	02	23
W	Rr	7060	0.764	2014	02	16
W	Rr	2854	0.309	2014	02	09
W	Rr	3190	0.345	2014	02	02
W	Rr	3743	0.405	2014	01	26
W	Rr	3643	0.394	2014	01	19
W	Rr	2961	0.320	2014	01	12
W	Rr	2319	0.251	2014	01	05
W	Rr	981	0.106	2013	12	29
W	Rr	1108	0.120	2013	12	22
W	Rr	1226	0.133	2013	12	15
W	Rr	1285	0.139	2013	12	08
W	Rr	1289	0.140	2013	12	01
W	Rr	1404	0.152	2013	11	24
W	Rr	1142	0.124	2013	11	17
W	Rr	1334	0.144	2013	11	10
W	Rr	1277	0.138	2013	11	03
W	Rr	1035	0.112	2013	10	27
W	Rr	1309	0.142	2013	10	20
W	Rr	1302	0.141	2013	10	13
W	Rr	1432	0.155	2013	10	06
W	Rr	1178	0.128	2013	09	29
W	Rr	947	0.103	2013	09	22
W	Rr	1254	0.136	2013	09	15
W	Rr	1099	0.119	2013	09	08
W	Rr	1053	0.114	2013	09	01
W	Rr	1010	0.109	2013	08	25
W	Rr	1102	0.119	2013	08	18
W	Rr	1063	0.115	2013	08	11
W	Rr	1105	0.120	2013	08	04
W	Rr	1377	0.149	2013	07	28
W	Rr	1498	0.162	2013	07	21
W	Rr	1295	0.140	2013	07	14
W	Rr	1237	0.134	2013	07	07
W	Rr	1003	0.109	2013	06	30
W	Rr	1275	0.138	2013	06	23
W	Rr	1072	0.116	2013	06	16
W	Rr	1249	0.135	2013	06	09
W	Rr	1521	0.165	2013	06	02
W	Rr	1256	0.136	2013	05	26
W	Rr	1091	0.118	2013	05	19
W	Rr	1359	0.147	2013	05	12
W	Rr	1130	0.122	2013	05	05
W	Rr	1215	0.132	2013	04	28
W	Rr	1368	0.148	2013	04	21
W	Rr	1318	0.143	2013	04	14
W	Rr	1408	0.152	2013	04	07
W	Rr	1277	0.138	2013	03	31
W	Rr	1452	0.157	2013	03	24
W	Rr	1418	0.153	2013	03	17
W	Rr	1217	0.132	2013	03	10
W	Rr	1490	0.161	2013	03	03
W	Rr	1353	0.146	2013	02	24
W	Rr	1268	0.137	2013	02	17
W	Rr	1274	0.138	2013	02	10
W	Rr	1153	0.125	2013	02	03
W	Rr	1266	0.137	2013	01	27
W	Rr	1271	0.138	2013	01	20
W	Rr	1449	0.157	2013	01	13
W	Rr	1253	0.136	2013	01	06
W	Rr	1309	0.142	2012	12	30
W	Rr	1156	0.125	2012	12	23
W	Rr	1336	0.145	2012	12	16
W	Rr	1575	0.170	2012	12	09
W	Rr	1087	0.118	2012	12	02
W	Rr	1376	0.149	2012	11	25
W	Rr	1136	0.123	2012	11	18
W	Rr	1341	0.145	2012	11	11
W	Rr	1418	0.153	2012	11	04
W	Rr	1103	0.119	2012	10	28
W	Rr	1200	0.130	2012	10	21
W	Rr	1382	0.150	2012	10	14
W	Rr	1127	0.122	2012	10	07
W	Rr	1187	0.128	2012	09	30
W	Rr	1172	0.127	2012	09	23
W	Rr	1034	0.112	2012	09	16
W	Rr	944	0.102	2012	09	09
W	Rr	958	0.104	2012	09	02
W	Rr	734	0.079	2012	08	26
W	Rr	881	0.095	2012	08	19
W	Rr	874	0.095	2012	08	12
W	Rr	973	0.105	2012	08	05
W	Rr	1010	0.109	2012	07	29
W	Rr	943	0.102	2012	07	22
W	Rr	1089	0.118	2012	07	15
W	Rr	888	0.096	2012	07	08
W	Rr	845	0.091	2012	07	01
W	Rr	1070	0.116	2012	06	24
W	Rr	1050	0.114	2012	06	17
W	Rr	1271	0.138	2012	06	10
W	Rr	957	0.104	2012	06	03
W	Rr	1249	0.135	2012	05	27
W	Rr	1055	0.114	2012	05	20
W	Rr	1392	0.151	2012	05	13
W	Rr	1140	0.123	2012	05	06
W	Rr	1807	0.196	2012	04	29
W	Rr	1225	0.133	2012	04	22
W	Rr	1264	0.137	2012	04	15
W	Rr	1075	0.116	2012	04	08
W	Rr	1261	0.136	2012	04	01
W	Rr	1345	0.146	2012	03	25
W	Rr	1254	0.136	2012	03	18
W	Rr	1478	0.160	2012	03	11
W	Rr	1503	0.163	2012	03	04
W	Rr	1532	0.166	2012	02	26
W	Rr	1464	0.158	2012	02	19
W	Rr	1154	0.125	2012	02	12
W	Rr	1240	0.134	2012	02	05
W	Rr	1088	0.118	2012	01	29
W	Rr	1125	0.122	2012	01	22
W	Rr	60	0.006	2012	01	15
W	Rr	1472	0.159	2012	01	08
W	Rr	1122	0.121	2012	01	01
W	Rr	888	0.096	2011	12	25
W	Rr	1360	0.147	2011	12	18
W	Rr	1486	0.161	2011	12	11
W	Rr	1330	0.144	2011	12	04
W	Rr	1094	0.118	2011	11	27
W	Rr	1062	0.115	2011	11	20
W	Rr	1123	0.122	2011	11	13
W	Rr	975	0.106	2011	11	06
W	Rr	1264	0.137	2011	10	30
W	Rr	1140	0.123	2011	10	23
W	Rr	1211	0.131	2011	10	16
W	Rr	1236	0.134	2011	10	09
W	Rr	1128	0.122	2011	10	02
W	Rr	1083	0.117	2011	09	25
W	Rr	1451	0.157	2011	09	18
W	Rr	1278	0.138	2011	09	11
W	Rr	1219	0.132	2011	09	04
W	Rr	1316	0.142	2011	08	28
W	Rr	1119	0.121	2011	08	21
W	Rr	1484	0.161	2011	08	14
W	Rr	1671	0.181	2011	08	07
W	Rr	1319	0.143	2011	07	31
W	Rr	1197	0.130	2011	07	24
W	Rr	1504	0.163	2011	07	17
W	Rr	1367	0.148	2011	07	10
W	Rr	1205	0.130	2011	07	03
W	Rr	1333	0.144	2011	06	26
W	Rr	1059	0.115	2011	06	19
W	Rr	1353	0.146	2011	06	12
W	Rr	1275	0.138	2011	06	05
W	Rr	983	0.106	2011	05	29
W	Rr	1262	0.137	2011	05	22
W	Rr	1374	0.149	2011	05	15
W	Rr	1076	0.116	2011	05	08
W	Rr	0	0.000	2011	05	01
W	Rr	0	0.000	2011	04	24
W	Rr	0	0.000	2011	04	17
W	Rr	0	0.000	2011	04	10
W	Rr	0	0.000	2011	04	03
W	Rr	0	0.000	2011	03	27
W	Rr	24	0.003	2011	03	20
W	Rr	1317	0.143	2011	03	13
W	Rr	1258	0.136	2011	03	06
W	Rr	1372	0.149	2011	02	27
W	Rr	1226	0.133	2011	02	20
W	Rr	1524	0.165	2011	02	13
W	Rr	1366	0.148	2011	02	06
W	Rr	958	0.104	2011	01	30
W	Rr	1273	0.138	2011	01	23
W	Rr	1560	0.169	2011	01	16
W	Rr	1472	0.159	2011	01	09
W	Rr	1310	0.142	2011	01	02
W	Rr	798	0.086	2010	12	26
W	Rr	935	0.101	2010	12	19
W	Rr	0	0.000	2010	12	12
W	Rr	0	0.000	2010	12	05
W	Rr	0	0.000	2010	11	28
W	Rr	0	0.000	2010	11	21
W	Rr	0	0.000	2010	11	14
W	Rr	0	0.000	2010	11	07
W	Rr	0	0.000	2010	10	31
W	Rr	0	0.000	2010	10	24
W	Rr	0	0.000	2010	10	17
W	Rr	0	0.000	2010	10	10
W	Rr	0	0.000	2010	10	03
W	Rr	0	0.000	2010	09	26
W	Rr	0	0.000	2010	09	19
W	Rr	0	0.000	2010	09	12
W	Rr	0	0.000	2010	09	05
W	Rr	0	0.000	2010	08	29
W	Rr	0	0.000	2010	08	22
W	Rr	0	0.000	2010	08	15
W	Rr	0	0.000	2010	08	08
W	Rr	0	0.000	2010	08	01
W	Rr	0	0.000	2010	07	25
W	Rr	0	0.000	2010	07	18
W	Rr	0	0.000	2010	07	11
W	Rr	0	0.000	2010	07	04
W	Rr	15	0.002	2010	06	27
W	Rr	914	0.099	2010	06	20
W	Rr	1104	0.119	2010	06	13
W	Rr	1096	0.119	2010	06	06
W	Rr	1171	0.127	2010	05	30
W	Rr	1115	0.121	2010	05	23
W	Rr	1170	0.127	2010	05	16
W	Rr	1334	0.144	2010	05	09
W	Rr	1109	0.120	2010	05	02
W	Rr	1067	0.115	2010	04	25
W	Rr	1212	0.131	2010	04	18
W	Rr	1054	0.114	2010	04	11
W	Rr	1325	0.143	2010	04	04
W	Rr	811	0.088	2010	03	28
W	Rr	1195	0.129	2010	03	21
W	Rr	1338	0.145	2010	03	14
W	Rr	1113	0.120	2010	03	07
W	Rr	1103	0.119	2010	02	28
W	Rr	1290	0.140	2010	02	21
W	Rr	0	0.000	2010	02	14
W	Rr	0	0.000	2010	02	07
W	Rr	0	0.000	2010	01	31
W	Rr	0	0.000	2010	01	24
W	Rr	0	0.000	2010	01	17
W	Rr	0	0.000	2010	01	10
W	Rr	0	0.000	2010	01	03
W	Rr	78	0.008	2009	12	27
W	Rr	945	0.102	2009	12	20
W	Rr	1140	0.123	2009	12	13
W	Rr	1323	0.143	2009	12	06
W	Rr	1518	0.164	2009	11	29
W	Rr	1352	0.146	2009	11	22
W	Rr	1346	0.146	2009	11	15
W	Rr	1416	0.153	2009	11	08
W	Rr	1734	0.188	2009	11	01
W	Rr	1035	0.112	2009	10	25
W	Rr	1297	0.140	2009	10	18
W	Rr	1267	0.137	2009	10	11
W	Rr	1440	0.156	2009	10	04
W	Rr	1521	0.165	2009	09	27
W	Rr	1121	0.121	2009	09	20
W	Rr	875	0.095	2009	09	13
W	Rr	1032	0.112	2009	09	06
W	Rr	1283	0.139	2009	08	30
W	Rr	1214	0.131	2009	08	23
W	Rr	1402	0.152	2009	08	16
W	Rr	1260	0.136	2009	08	09
W	Rr	1404	0.152	2009	08	02
W	Rr	1380	0.149	2009	07	26
W	Rr	1470	0.159	2009	07	19
W	Rr	1750	0.189	2009	07	12
W	Rr	1847	0.200	2009	07	05
W	Rr	1889	0.204	2009	06	28
W	Rr	1312	0.142	2009	06	21
W	Rr	1093	0.118	2009	06	14
W	Rr	1363	0.148	2009	06	07
W	Rr	1251	0.135	2009	05	31
W	Rr	1352	0.146	2009	05	24
W	Rr	1133	0.123	2009	05	17
W	Rr	1887	0.204	2009	05	10
W	Rr	1369	0.148	2009	05	03
W	Rr	1089	0.118	2009	04	26
W	Rr	1160	0.126	2009	04	19
W	Rr	1189	0.129	2009	04	12
W	Rr	1529	0.165	2009	04	05
W	Rr	1155	0.125	2009	03	29
W	Rr	1230	0.133	2009	03	22
W	Rr	1029	0.111	2009	03	15
W	Rr	1234	0.134	2009	03	08
W	Rr	1486	0.161	2009	03	01
W	Rr	1470	0.159	2009	02	22
W	Rr	1198	0.130	2009	02	15
W	Rr	1802	0.195	2009	02	08
W	Rr	1653	0.179	2009	02	01
W	Rr	1346	0.146	2009	01	25
W	Rr	1431	0.155	2009	01	18
W	Rr	1678	0.182	2009	01	11
W	Rr	1591	0.172	2009	01	04
W	Rr	886	0.096	2008	12	28
W	Rr	1148	0.124	2008	12	21
W	Rr	1428	0.155	2008	12	14
W	Rr	1508	0.163	2008	12	07
W	Rr	1194	0.129	2008	11	30
W	Rr	1070	0.116	2008	11	23
W	Rr	1396	0.151	2008	11	16
W	Rr	1255	0.136	2008	11	09
W	Rr	1314	0.142	2008	11	02
W	Rr	1397	0.151	2008	10	26
W	Rr	1638	0.177	2008	10	19
W	Rr	1298	0.140	2008	10	12
W	Rr	430	0.047	2008	10	05
W	Rr	723	0.078	2008	09	28
W	Rr	1308	0.142	2008	09	21
W	Rr	1242	0.134	2008	09	14
W	Rr	1409	0.153	2008	09	07
W	Rr	1142	0.124	2008	08	31
W	Rr	1022	0.111	2008	08	24
W	Rr	1062	0.115	2008	08	17
W	Rr	1188	0.129	2008	08	10
W	Rr	1232	0.133	2008	08	03
W	Rr	1050	0.114	2008	07	27
W	Rr	1272	0.138	2008	07	20
W	Rr	1305	0.141	2008	07	13
W	Rr	1093	0.118	2008	07	06
W	Rr	1182	0.128	2008	06	29
W	Rr	1937	0.210	2008	06	22
W	Rr	1493	0.162	2008	06	15
W	Rr	1083	0.117	2008	06	08
W	Rr	1283	0.139	2008	06	01
W	Rr	1432	0.155	2008	05	25
W	Rr	1726	0.187	2008	05	18
W	Rr	1580	0.171	2008	05	11
W	Rr	2661	0.288	2008	05	04
W	Rr	3648	0.395	2008	04	27
W	Rr	1400	0.152	2008	04	20
W	Rr	1365	0.148	2008	04	13
W	Rr	1213	0.131	2008	04	06
W	Rr	1670	0.181	2008	03	30
W	Rr	1211	0.131	2008	03	23
W	Rr	1144	0.124	2008	03	16
W	Rr	1301	0.141	2008	03	09
W	Rr	1292	0.140	2008	03	02
W	Rr	1427	0.154	2008	02	24
W	Rr	2207	0.239	2008	02	17
W	Rr	1124	0.122	2008	02	10
W	Rr	1561	0.169	2008	02	03
W	Rr	1533	0.166	2008	01	27
W	Rr	1389	0.150	2008	01	20
W	Rr	1133	0.123	2008	01	13
W	Rr	1404	0.152	2008	01	06
W	Rr	976	0.106	2007	12	30
W	Rr	801	0.087	2007	12	23
W	Rr	675	0.073	2007	12	16
W	*BT	R	7060	2014	02	16
D	Rr	194	0.021	2021	02	26
D	Rr	179	0.019	2021	02	25
D	Rr	162	0.018	2021	02	24
D	Rr	223	0.024	2021	02	23
D	Rr	251	0.027	2021	02	22
D	Rr	164	0.018	2021	02	21
D	Rr	0	0.000	2021	02	20
D	Rr	156	0.017	2021	02	19
D	Rr	173	0.019	2021	02	18
D	Rr	114	0.012	2021	02	17
D	Rr	269	0.029	2021	02	16
D	Rr	234	0.025	2021	02	15
D	Rr	155	0.017	2021	02	14
D	Rr	0	0.000	2021	02	13
D	Rr	488	0.053	2021	02	12
D	Rr	306	0.033	2021	02	11
D	Rr	203	0.022	2021	02	10
D	Rr	266	0.029	2021	02	09
D	Rr	220	0.024	2021	02	08
D	Rr	216	0.023	2021	02	07
D	Rr	0	0.000	2021	02	06
D	Rr	367	0.040	2021	02	05
D	Rr	234	0.025	2021	02	04
D	Rr	322	0.035	2021	02	03
D	Rr	402	0.044	2021	02	02
D	Rr	343	0.037	2021	02	01
D	Rr	199	0.022	2021	01	31
D	Rr	0	0.000	2021	01	30
D	Rr	261	0.028	2021	01	29
D	Rr	295	0.032	2021	01	28
D	Rr	203	0.022	2021	01	27
D	Rr	197	0.021	2021	01	26
D	Rr	125	0.014	2021	01	25
D	Rr	323	0.035	2021	01	24
D	Rr	0	0.000	2021	01	23
D	Rr	139	0.015	2021	01	22
D	Rr	516	0.056	2021	01	21
D	Rr	222	0.024	2021	01	20
D	Rr	211	0.023	2021	01	19
D	Rr	275	0.030	2021	01	18
D	Rr	201	0.022	2021	01	17
D	Rr	0	0.000	2021	01	16
D	*BT	R	2131	2008	05	03
d	Rr	109132	11.812	Sun
d	Rr	147543	15.970	Mon
d	Rr	150238	16.261	Tue
d	Rr	148040	16.023	Wed
d	Rr	150558	16.296	Thu
d	Rr	141367	15.301	Fri
d	Rr	77024	8.337	Sat
H	Rr	5	0.001	2021	02	26	23
H	Rr	4	0.000	2021	02	26	22
H	Rr	4	0.000	2021	02	26	21
H	Rr	2	0.000	2021	02	26	20
H	Rr	6	0.001	2021	02	26	19
H	Rr	7	0.001	2021	02	26	18
H	Rr	3	0.000	2021	02	26	17
H	Rr	15	0.002	2021	02	26	16
H	Rr	29	0.003	2021	02	26	15
H	Rr	2	0.000	2021	02	26	14
H	Rr	0	0.000	2021	02	26	13
H	Rr	22	0.002	2021	02	26	12
H	Rr	7	0.001	2021	02	26	11
H	Rr	3	0.000	2021	02	26	10
H	Rr	4	0.000	2021	02	26	09
H	Rr	5	0.001	2021	02	26	08
H	Rr	6	0.001	2021	02	26	07
H	Rr	4	0.000	2021	02	26	06
H	Rr	0	0.000	2021	02	26	05
H	Rr	16	0.002	2021	02	26	04
H	Rr	2	0.000	2021	02	26	03
H	Rr	24	0.003	2021	02	26	02
H	Rr	4	0.000	2021	02	26	01
H	Rr	20	0.002	2021	02	26	00
H	Rr	3	0.000	2021	02	25	23
H	Rr	6	0.001	2021	02	25	22
H	Rr	5	0.001	2021	02	25	21
H	Rr	4	0.000	2021	02	25	20
H	Rr	20	0.002	2021	02	25	19
H	Rr	7	0.001	2021	02	25	18
H	Rr	2	0.000	2021	02	25	17
H	Rr	28	0.003	2021	02	25	16
H	Rr	16	0.002	2021	02	25	15
H	Rr	0	0.000	2021	02	25	14
H	Rr	6	0.001	2021	02	25	13
H	Rr	43	0.005	2021	02	25	12
H	Rr	6	0.001	2021	02	25	11
H	Rr	2	0.000	2021	02	25	10
H	Rr	1	0.000	2021	02	25	09
H	Rr	5	0.001	2021	02	25	08
H	Rr	2	0.000	2021	02	25	07
H	Rr	4	0.000	2021	02	25	06
H	Rr	6	0.001	2021	02	25	05
H	Rr	2	0.000	2021	02	25	04
H	Rr	2	0.000	2021	02	25	03
H	Rr	5	0.001	2021	02	25	02
H	Rr	3	0.000	2021	02	25	01
H	Rr	1	0.000	2021	02	25	00
H	Rr	13	0.001	2021	02	24	23
H	Rr	2	0.000	2021	02	24	22
H	Rr	3	0.000	2021	02	24	21
H	Rr	0	0.000	2021	02	24	20
H	Rr	0	0.000	2021	02	24	19
H	Rr	0	0.000	2021	02	24	18
H	Rr	3	0.000	2021	02	24	17
H	Rr	1	0.000	2021	02	24	16
H	Rr	52	0.006	2021	02	24	15
H	Rr	2	0.000	2021	02	24	14
H	Rr	2	0.000	2021	02	24	13
H	Rr	8	0.001	2021	02	24	12
H	Rr	3	0.000	2021	02	24	11
H	Rr	4	0.000	2021	02	24	10
H	Rr	3	0.000	2021	02	24	09
H	Rr	5	0.001	2021	02	24	08
H	Rr	3	0.000	2021	02	24	07
H	Rr	5	0.001	2021	02	24	06
H	Rr	2	0.000	2021	02	24	05
H	Rr	14	0.002	2021	02	24	04
H	Rr	9	0.001	2021	02	24	03
H	Rr	8	0.001	2021	02	24	02
H	Rr	20	0.002	2021	02	24	01
H	Rr	0	0.000	2021	02	24	00
H	*BT	R	750	2020	12	11	23
h	Rr	36854	3.989	00
h	Rr	35332	3.824	01
h	Rr	35970	3.893	02
h	Rr	35370	3.828	03
h	Rr	34451	3.729	04
h	Rr	32650	3.534	05
h	Rr	32282	3.494	06
h	Rr	31631	3.424	07
h	Rr	30668	3.319	08
h	Rr	29266	3.168	09
h	Rr	29202	3.161	10
h	Rr	32134	3.478	11
h	Rr	33018	3.574	12
h	Rr	35012	3.790	13
h	Rr	40419	4.375	14
h	Rr	44718	4.840	15
h	Rr	48616	5.262	16
h	Rr	48544	5.254	17
h	Rr	49871	5.398	18
h	Rr	49586	5.367	19
h	Rr	49526	5.361	20
h	Rr	46006	4.980	21
h	Rr	42689	4.621	22
h	Rr	40087	4.339	23
4	Rr	2	0.000	2021	02	26	23	30
4	Rr	1	0.000	2021	02	26	23	15
4	Rr	2	0.000	2021	02	26	23	00
4	Rr	1	0.000	2021	02	26	22	45
4	Rr	0	0.000	2021	02	26	22	30
4	Rr	2	0.000	2021	02	26	22	15
4	Rr	1	0.000	2021	02	26	22	00
4	Rr	3	0.000	2021	02	26	21	45
4	Rr	0	0.000	2021	02	26	21	30
4	Rr	0	0.000	2021	02	26	21	15
4	Rr	1	0.000	2021	02	26	21	00
4	Rr	0	0.000	2021	02	26	20	45
4	Rr	1	0.000	2021	02	26	20	30
4	Rr	0	0.000	2021	02	26	20	15
4	Rr	1	0.000	2021	02	26	20	00
4	Rr	0	0.000	2021	02	26	19	45
4	Rr	1	0.000	2021	02	26	19	30
4	Rr	3	0.000	2021	02	26	19	15
4	Rr	2	0.000	2021	02	26	19	00
4	Rr	4	0.000	2021	02	26	18	45
4	Rr	1	0.000	2021	02	26	18	30
4	Rr	0	0.000	2021	02	26	18	15
4	Rr	2	0.000	2021	02	26	18	00
4	Rr	0	0.000	2021	02	26	17	45
4	Rr	2	0.000	2021	02	26	17	30
4	Rr	0	0.000	2021	02	26	17	15
4	Rr	1	0.000	2021	02	26	17	00
4	Rr	0	0.000	2021	02	26	16	45
4	Rr	0	0.000	2021	02	26	16	30
4	Rr	0	0.000	2021	02	26	16	15
4	Rr	15	0.002	2021	02	26	16	00
4	Rr	28	0.003	2021	02	26	15	45
4	Rr	0	0.000	2021	02	26	15	30
4	Rr	1	0.000	2021	02	26	15	15
4	Rr	0	0.000	2021	02	26	15	00
4	Rr	0	0.000	2021	02	26	14	45
4	Rr	0	0.000	2021	02	26	14	30
4	Rr	0	0.000	2021	02	26	14	15
4	Rr	2	0.000	2021	02	26	14	00
4	Rr	0	0.000	2021	02	26	13	45
4	Rr	0	0.000	2021	02	26	13	30
4	Rr	0	0.000	2021	02	26	13	15
4	Rr	0	0.000	2021	02	26	13	00
4	Rr	2	0.000	2021	02	26	12	45
4	Rr	0	0.000	2021	02	26	12	30
4	Rr	20	0.002	2021	02	26	12	15
4	Rr	0	0.000	2021	02	26	12	00
4	Rr	0	0.000	2021	02	26	11	45
4	Rr	2	0.000	2021	02	26	11	30
4	Rr	3	0.000	2021	02	26	11	15
4	Rr	2	0.000	2021	02	26	11	00
4	Rr	0	0.000	2021	02	26	10	45
4	Rr	0	0.000	2021	02	26	10	30
4	Rr	0	0.000	2021	02	26	10	15
4	Rr	3	0.000	2021	02	26	10	00
4	Rr	0	0.000	2021	02	26	09	45
4	Rr	2	0.000	2021	02	26	09	30
4	Rr	0	0.000	2021	02	26	09	15
4	Rr	2	0.000	2021	02	26	09	00
4	Rr	1	0.000	2021	02	26	08	45
4	Rr	0	0.000	2021	02	26	08	30
4	Rr	3	0.000	2021	02	26	08	15
4	Rr	1	0.000	2021	02	26	08	00
4	Rr	3	0.000	2021	02	26	07	45
4	Rr	2	0.000	2021	02	26	07	30
4	Rr	0	0.000	2021	02	26	07	15
4	Rr	1	0.000	2021	02	26	07	00
4	Rr	1	0.000	2021	02	26	06	45
4	Rr	1	0.000	2021	02	26	06	30
4	Rr	1	0.000	2021	02	26	06	15
4	Rr	1	0.000	2021	02	26	06	00
4	Rr	0	0.000	2021	02	26	05	45
4	Rr	0	0.000	2021	02	26	05	30
4	Rr	0	0.000	2021	02	26	05	15
4	Rr	0	0.000	2021	02	26	05	00
4	Rr	14	0.002	2021	02	26	04	45
4	Rr	0	0.000	2021	02	26	04	30
4	Rr	1	0.000	2021	02	26	04	15
4	Rr	1	0.000	2021	02	26	04	00
4	Rr	1	0.000	2021	02	26	03	45
4	Rr	0	0.000	2021	02	26	03	30
4	Rr	1	0.000	2021	02	26	03	15
4	Rr	0	0.000	2021	02	26	03	00
4	Rr	2	0.000	2021	02	26	02	45
4	Rr	0	0.000	2021	02	26	02	30
4	Rr	16	0.002	2021	02	26	02	15
4	Rr	6	0.001	2021	02	26	02	00
4	Rr	2	0.000	2021	02	26	01	45
4	Rr	2	0.000	2021	02	26	01	30
4	Rr	0	0.000	2021	02	26	01	15
4	Rr	0	0.000	2021	02	26	01	00
4	Rr	1	0.000	2021	02	26	00	45
4	Rr	11	0.001	2021	02	26	00	30
4	Rr	7	0.001	2021	02	26	00	15
4	Rr	1	0.000	2021	02	26	00	00
4	Rr	1	0.000	2021	02	25	23	45
4	*BT	R	740	2020	10	18	06	00
6	Rr	9160	0.991	00	00
6	Rr	9225	0.998	00	15
6	Rr	9038	0.978	00	30
6	Rr	9431	1.021	00	45
6	Rr	8821	0.955	01	00
6	Rr	8888	0.962	01	15
6	Rr	8946	0.968	01	30
6	Rr	8677	0.939	01	45
6	Rr	8640	0.935	02	00
6	Rr	9341	1.011	02	15
6	Rr	9168	0.992	02	30
6	Rr	8821	0.955	02	45
6	Rr	8563	0.927	03	00
6	Rr	8383	0.907	03	15
6	Rr	8665	0.938	03	30
6	Rr	9759	1.056	03	45
6	Rr	8676	0.939	04	00
6	Rr	9131	0.988	04	15
6	Rr	8028	0.869	04	30
6	Rr	8616	0.933	04	45
6	Rr	7810	0.845	05	00
6	Rr	8694	0.941	05	15
6	Rr	8395	0.909	05	30
6	Rr	7751	0.839	05	45
6	Rr	8806	0.953	06	00
6	Rr	8036	0.870	06	15
6	Rr	8012	0.867	06	30
6	Rr	7428	0.804	06	45
6	Rr	7912	0.856	07	00
6	Rr	8447	0.914	07	15
6	Rr	8191	0.887	07	30
6	Rr	7081	0.766	07	45
6	Rr	7845	0.849	08	00
6	Rr	7424	0.804	08	15
6	Rr	8279	0.896	08	30
6	Rr	7120	0.771	08	45
6	Rr	7262	0.786	09	00
6	Rr	7530	0.815	09	15
6	Rr	7451	0.806	09	30
6	Rr	7023	0.760	09	45
6	Rr	7058	0.764	10	00
6	Rr	7097	0.768	10	15
6	Rr	7365	0.797	10	30
6	Rr	7682	0.831	10	45
6	Rr	9205	0.996	11	00
6	Rr	7481	0.810	11	15
6	Rr	7552	0.817	11	30
6	Rr	7896	0.855	11	45
6	Rr	9244	1.001	12	00
6	Rr	7672	0.830	12	15
6	Rr	7937	0.859	12	30
6	Rr	8165	0.884	12	45
6	Rr	8667	0.938	13	00
6	Rr	8645	0.936	13	15
6	Rr	9112	0.986	13	30
6	Rr	8588	0.930	13	45
6	Rr	9720	1.052	14	00
6	Rr	10059	1.089	14	15
6	Rr	10293	1.114	14	30
6	Rr	10347	1.120	14	45
6	Rr	10743	1.163	15	00
6	Rr	10719	1.160	15	15
6	Rr	11407	1.235	15	30
6	Rr	11849	1.282	15	45
6	Rr	12066	1.306	16	00
6	Rr	11678	1.264	16	15
6	Rr	12333	1.335	16	30
6	Rr	12539	1.357	16	45
6	Rr	12104	1.310	17	00
6	Rr	12051	1.304	17	15
6	Rr	12377	1.340	17	30
6	Rr	12012	1.300	17	45
6	Rr	11973	1.296	18	00
6	Rr	12703	1.375	18	15
6	Rr	12605	1.364	18	30
6	Rr	12590	1.363	18	45
6	Rr	13476	1.459	19	00
6	Rr	11678	1.264	19	15
6	Rr	12391	1.341	19	30
6	Rr	12041	1.303	19	45
6	Rr	12895	1.396	20	00
6	Rr	12307	1.332	20	15
6	Rr	11824	1.280	20	30
6	Rr	12500	1.353	20	45
6	Rr	12059	1.305	21	00
6	Rr	11474	1.242	21	15
6	Rr	11127	1.204	21	30
6	Rr	11346	1.228	21	45
6	Rr	10805	1.169	22	00
6	Rr	10881	1.178	22	15
6	Rr	10586	1.146	22	30
6	Rr	10417	1.128	22	45
6	Rr	10797	1.169	23	00
6	Rr	10619	1.149	23	15
6	Rr	9532	1.032	23	30
6	Rr	9139	0.989	23	45
5	Rr	1	0.000	2021	02	26	23	40
5	Rr	1	0.000	2021	02	26	23	35
5	Rr	0	0.000	2021	02	26	23	30
5	Rr	0	0.000	2021	02	26	23	25
5	Rr	0	0.000	2021	02	26	23	20
5	Rr	1	0.000	2021	02	26	23	15
5	Rr	0	0.000	2021	02	26	23	10
5	Rr	1	0.000	2021	02	26	23	05
5	Rr	1	0.000	2021	02	26	23	00
5	Rr	1	0.000	2021	02	26	22	55
5	Rr	0	0.000	2021	02	26	22	50
5	Rr	0	0.000	2021	02	26	22	45
5	Rr	0	0.000	2021	02	26	22	40
5	Rr	0	0.000	2021	02	26	22	35
5	Rr	0	0.000	2021	02	26	22	30
5	Rr	0	0.000	2021	02	26	22	25
5	Rr	2	0.000	2021	02	26	22	20
5	Rr	0	0.000	2021	02	26	22	15
5	Rr	1	0.000	2021	02	26	22	10
5	Rr	0	0.000	2021	02	26	22	05
5	Rr	0	0.000	2021	02	26	22	00
5	Rr	0	0.000	2021	02	26	21	55
5	Rr	3	0.000	2021	02	26	21	50
5	Rr	0	0.000	2021	02	26	21	45
5	Rr	0	0.000	2021	02	26	21	40
5	Rr	0	0.000	2021	02	26	21	35
5	Rr	0	0.000	2021	02	26	21	30
5	Rr	0	0.000	2021	02	26	21	25
5	Rr	0	0.000	2021	02	26	21	20
5	Rr	0	0.000	2021	02	26	21	15
5	Rr	0	0.000	2021	02	26	21	10
5	Rr	0	0.000	2021	02	26	21	05
5	Rr	1	0.000	2021	02	26	21	00
5	Rr	0	0.000	2021	02	26	20	55
5	Rr	0	0.000	2021	02	26	20	50
5	Rr	0	0.000	2021	02	26	20	45
5	Rr	0	0.000	2021	02	26	20	40
5	Rr	0	0.000	2021	02	26	20	35
5	Rr	1	0.000	2021	02	26	20	30
5	Rr	0	0.000	2021	02	26	20	25
5	Rr	0	0.000	2021	02	26	20	20
5	Rr	0	0.000	2021	02	26	20	15
5	Rr	1	0.000	2021	02	26	20	10
5	Rr	0	0.000	2021	02	26	20	05
5	Rr	0	0.000	2021	02	26	20	00
5	Rr	0	0.000	2021	02	26	19	55
5	Rr	0	0.000	2021	02	26	19	50
5	Rr	0	0.000	2021	02	26	19	45
5	Rr	0	0.000	2021	02	26	19	40
5	Rr	1	0.000	2021	02	26	19	35
5	Rr	0	0.000	2021	02	26	19	30
5	Rr	0	0.000	2021	02	26	19	25
5	Rr	1	0.000	2021	02	26	19	20
5	Rr	2	0.000	2021	02	26	19	15
5	Rr	0	0.000	2021	02	26	19	10
5	Rr	2	0.000	2021	02	26	19	05
5	Rr	0	0.000	2021	02	26	19	00
5	Rr	1	0.000	2021	02	26	18	55
5	Rr	0	0.000	2021	02	26	18	50
5	Rr	3	0.000	2021	02	26	18	45
5	Rr	0	0.000	2021	02	26	18	40
5	Rr	1	0.000	2021	02	26	18	35
5	Rr	0	0.000	2021	02	26	18	30
5	Rr	0	0.000	2021	02	26	18	25
5	Rr	0	0.000	2021	02	26	18	20
5	Rr	0	0.000	2021	02	26	18	15
5	Rr	0	0.000	2021	02	26	18	10
5	Rr	2	0.000	2021	02	26	18	05
5	Rr	0	0.000	2021	02	26	18	00
5	Rr	0	0.000	2021	02	26	17	55
5	Rr	0	0.000	2021	02	26	17	50
5	Rr	0	0.000	2021	02	26	17	45
5	Rr	0	0.000	2021	02	26	17	40
5	Rr	1	0.000	2021	02	26	17	35
5	Rr	1	0.000	2021	02	26	17	30
5	Rr	0	0.000	2021	02	26	17	25
5	Rr	0	0.000	2021	02	26	17	20
5	Rr	0	0.000	2021	02	26	17	15
5	Rr	0	0.000	2021	02	26	17	10
5	Rr	0	0.000	2021	02	26	17	05
5	Rr	1	0.000	2021	02	26	17	00
5	Rr	0	0.000	2021	02	26	16	55
5	Rr	0	0.000	2021	02	26	16	50
5	Rr	0	0.000	2021	02	26	16	45
5	Rr	0	0.000	2021	02	26	16	40
5	Rr	0	0.000	2021	02	26	16	35
5	Rr	0	0.000	2021	02	26	16	30
5	Rr	0	0.000	2021	02	26	16	25
5	Rr	0	0.000	2021	02	26	16	20
5	Rr	0	0.000	2021	02	26	16	15
5	Rr	0	0.000	2021	02	26	16	10
5	Rr	0	0.000	2021	02	26	16	05
5	Rr	15	0.002	2021	02	26	16	00
5	Rr	28	0.003	2021	02	26	15	55
5	Rr	0	0.000	2021	02	26	15	50
5	Rr	0	0.000	2021	02	26	15	45
5	Rr	0	0.000	2021	02	26	15	40
5	Rr	0	0.000	2021	02	26	15	35
5	Rr	0	0.000	2021	02	26	15	30
5	Rr	0	0.000	2021	02	26	15	25
5	Rr	0	0.000	2021	02	26	15	20
5	Rr	1	0.000	2021	02	26	15	15
5	Rr	0	0.000	2021	02	26	15	10
5	Rr	0	0.000	2021	02	26	15	05
5	Rr	0	0.000	2021	02	26	15	00
5	Rr	0	0.000	2021	02	26	14	55
5	Rr	0	0.000	2021	02	26	14	50
5	Rr	0	0.000	2021	02	26	14	45
5	Rr	0	0.000	2021	02	26	14	40
5	Rr	0	0.000	2021	02	26	14	35
5	Rr	0	0.000	2021	02	26	14	30
5	Rr	0	0.000	2021	02	26	14	25
5	Rr	0	0.000	2021	02	26	14	20
5	Rr	0	0.000	2021	02	26	14	15
5	Rr	1	0.000	2021	02	26	14	10
5	Rr	1	0.000	2021	02	26	14	05
5	Rr	0	0.000	2021	02	26	14	00
5	Rr	0	0.000	2021	02	26	13	55
5	Rr	0	0.000	2021	02	26	13	50
5	Rr	0	0.000	2021	02	26	13	45
5	Rr	0	0.000	2021	02	26	13	40
5	Rr	0	0.000	2021	02	26	13	35
5	Rr	0	0.000	2021	02	26	13	30
5	Rr	0	0.000	2021	02	26	13	25
5	Rr	0	0.000	2021	02	26	13	20
5	Rr	0	0.000	2021	02	26	13	15
5	Rr	0	0.000	2021	02	26	13	10
5	Rr	0	0.000	2021	02	26	13	05
5	Rr	0	0.000	2021	02	26	13	00
5	Rr	1	0.000	2021	02	26	12	55
5	Rr	1	0.000	2021	02	26	12	50
5	Rr	0	0.000	2021	02	26	12	45
5	Rr	0	0.000	2021	02	26	12	40
5	Rr	0	0.000	2021	02	26	12	35
5	Rr	0	0.000	2021	02	26	12	30
5	Rr	12	0.001	2021	02	26	12	25
5	Rr	7	0.001	2021	02	26	12	20
5	Rr	1	0.000	2021	02	26	12	15
5	Rr	0	0.000	2021	02	26	12	10
5	Rr	0	0.000	2021	02	26	12	05
5	Rr	0	0.000	2021	02	26	12	00
5	Rr	0	0.000	2021	02	26	11	55
5	Rr	0	0.000	2021	02	26	11	50
5	Rr	0	0.000	2021	02	26	11	45
5	Rr	1	0.000	2021	02	26	11	40
5	Rr	0	0.000	2021	02	26	11	35
5	Rr	1	0.000	2021	02	26	11	30
5	Rr	3	0.000	2021	02	26	11	25
5	Rr	0	0.000	2021	02	26	11	20
5	Rr	0	0.000	2021	02	26	11	15
5	Rr	0	0.000	2021	02	26	11	10
5	Rr	0	0.000	2021	02	26	11	05
5	Rr	2	0.000	2021	02	26	11	00
5	Rr	0	0.000	2021	02	26	10	55
5	Rr	0	0.000	2021	02	26	10	50
5	Rr	0	0.000	2021	02	26	10	45
5	Rr	0	0.000	2021	02	26	10	40
5	Rr	0	0.000	2021	02	26	10	35
5	Rr	0	0.000	2021	02	26	10	30
5	Rr	0	0.000	2021	02	26	10	25
5	Rr	0	0.000	2021	02	26	10	20
5	Rr	0	0.000	2021	02	26	10	15
5	Rr	2	0.000	2021	02	26	10	10
5	Rr	1	0.000	2021	02	26	10	05
5	Rr	0	0.000	2021	02	26	10	00
5	Rr	0	0.000	2021	02	26	09	55
5	Rr	0	0.000	2021	02	26	09	50
5	Rr	0	0.000	2021	02	26	09	45
5	Rr	0	0.000	2021	02	26	09	40
5	Rr	2	0.000	2021	02	26	09	35
5	Rr	0	0.000	2021	02	26	09	30
5	Rr	0	0.000	2021	02	26	09	25
5	Rr	0	0.000	2021	02	26	09	20
5	Rr	0	0.000	2021	02	26	09	15
5	Rr	1	0.000	2021	02	26	09	10
5	Rr	0	0.000	2021	02	26	09	05
5	Rr	1	0.000	2021	02	26	09	00
5	Rr	0	0.000	2021	02	26	08	55
5	Rr	1	0.000	2021	02	26	08	50
5	Rr	0	0.000	2021	02	26	08	45
5	Rr	0	0.000	2021	02	26	08	40
5	Rr	0	0.000	2021	02	26	08	35
5	Rr	0	0.000	2021	02	26	08	30
5	Rr	1	0.000	2021	02	26	08	25
5	Rr	1	0.000	2021	02	26	08	20
5	Rr	1	0.000	2021	02	26	08	15
5	Rr	1	0.000	2021	02	26	08	10
5	Rr	0	0.000	2021	02	26	08	05
5	Rr	0	0.000	2021	02	26	08	00
5	Rr	1	0.000	2021	02	26	07	55
5	Rr	2	0.000	2021	02	26	07	50
5	Rr	0	0.000	2021	02	26	07	45
5	Rr	2	0.000	2021	02	26	07	40
5	Rr	0	0.000	2021	02	26	07	35
5	Rr	0	0.000	2021	02	26	07	30
5	Rr	0	0.000	2021	02	26	07	25
5	Rr	0	0.000	2021	02	26	07	20
5	Rr	0	0.000	2021	02	26	07	15
5	Rr	0	0.000	2021	02	26	07	10
5	Rr	1	0.000	2021	02	26	07	05
5	Rr	0	0.000	2021	02	26	07	00
5	Rr	0	0.000	2021	02	26	06	55
5	Rr	0	0.000	2021	02	26	06	50
5	Rr	1	0.000	2021	02	26	06	45
5	Rr	0	0.000	2021	02	26	06	40
5	Rr	1	0.000	2021	02	26	06	35
5	Rr	0	0.000	2021	02	26	06	30
5	Rr	0	0.000	2021	02	26	06	25
5	Rr	1	0.000	2021	02	26	06	20
5	Rr	0	0.000	2021	02	26	06	15
5	Rr	0	0.000	2021	02	26	06	10
5	Rr	0	0.000	2021	02	26	06	05
5	Rr	1	0.000	2021	02	26	06	00
5	Rr	0	0.000	2021	02	26	05	55
5	Rr	0	0.000	2021	02	26	05	50
5	Rr	0	0.000	2021	02	26	05	45
5	Rr	0	0.000	2021	02	26	05	40
5	Rr	0	0.000	2021	02	26	05	35
5	Rr	0	0.000	2021	02	26	05	30
5	Rr	0	0.000	2021	02	26	05	25
5	Rr	0	0.000	2021	02	26	05	20
5	Rr	0	0.000	2021	02	26	05	15
5	Rr	0	0.000	2021	02	26	05	10
5	Rr	0	0.000	2021	02	26	05	05
5	Rr	0	0.000	2021	02	26	05	00
5	Rr	0	0.000	2021	02	26	04	55
5	Rr	0	0.000	2021	02	26	04	50
5	Rr	14	0.002	2021	02	26	04	45
5	Rr	0	0.000	2021	02	26	04	40
5	Rr	0	0.000	2021	02	26	04	35
5	Rr	0	0.000	2021	02	26	04	30
5	Rr	0	0.000	2021	02	26	04	25
5	Rr	0	0.000	2021	02	26	04	20
5	Rr	1	0.000	2021	02	26	04	15
5	Rr	0	0.000	2021	02	26	04	10
5	Rr	0	0.000	2021	02	26	04	05
5	Rr	1	0.000	2021	02	26	04	00
5	Rr	0	0.000	2021	02	26	03	55
5	Rr	1	0.000	2021	02	26	03	50
5	Rr	0	0.000	2021	02	26	03	45
5	Rr	0	0.000	2021	02	26	03	40
5	Rr	0	0.000	2021	02	26	03	35
5	Rr	0	0.000	2021	02	26	03	30
5	Rr	0	0.000	2021	02	26	03	25
5	Rr	0	0.000	2021	02	26	03	20
5	Rr	1	0.000	2021	02	26	03	15
5	Rr	0	0.000	2021	02	26	03	10
5	Rr	0	0.000	2021	02	26	03	05
5	Rr	0	0.000	2021	02	26	03	00
5	Rr	1	0.000	2021	02	26	02	55
5	Rr	1	0.000	2021	02	26	02	50
5	Rr	0	0.000	2021	02	26	02	45
5	Rr	0	0.000	2021	02	26	02	40
5	Rr	0	0.000	2021	02	26	02	35
5	Rr	0	0.000	2021	02	26	02	30
5	Rr	1	0.000	2021	02	26	02	25
5	Rr	0	0.000	2021	02	26	02	20
5	Rr	15	0.002	2021	02	26	02	15
5	Rr	0	0.000	2021	02	26	02	10
5	Rr	6	0.001	2021	02	26	02	05
5	Rr	0	0.000	2021	02	26	02	00
5	Rr	0	0.000	2021	02	26	01	55
5	Rr	1	0.000	2021	02	26	01	50
5	Rr	1	0.000	2021	02	26	01	45
5	Rr	0	0.000	2021	02	26	01	40
5	Rr	0	0.000	2021	02	26	01	35
5	Rr	2	0.000	2021	02	26	01	30
5	Rr	0	0.000	2021	02	26	01	25
5	Rr	0	0.000	2021	02	26	01	20
5	Rr	0	0.000	2021	02	26	01	15
5	Rr	0	0.000	2021	02	26	01	10
5	Rr	0	0.000	2021	02	26	01	05
5	Rr	0	0.000	2021	02	26	01	00
5	Rr	1	0.000	2021	02	26	00	55
5	Rr	0	0.000	2021	02	26	00	50
5	Rr	0	0.000	2021	02	26	00	45
5	Rr	3	0.000	2021	02	26	00	40
5	Rr	4	0.000	2021	02	26	00	35
5	Rr	4	0.000	2021	02	26	00	30
5	Rr	3	0.000	2021	02	26	00	25
5	Rr	4	0.000	2021	02	26	00	20
5	Rr	0	0.000	2021	02	26	00	15
5	Rr	1	0.000	2021	02	26	00	10
5	Rr	0	0.000	2021	02	26	00	05
5	Rr	0	0.000	2021	02	26	00	00
5	Rr	1	0.000	2021	02	25	23	55
5	Rr	0	0.000	2021	02	25	23	50
5	Rr	0	0.000	2021	02	25	23	45
5	*BT	R	715	2020	12	11	23	20
7	Rr	2851	0.309	00	00
7	Rr	3349	0.362	00	05
7	Rr	2960	0.320	00	10
7	Rr	2587	0.280	00	15
7	Rr	3101	0.336	00	20
7	Rr	3537	0.383	00	25
7	Rr	2950	0.319	00	30
7	Rr	3020	0.327	00	35
7	Rr	3068	0.332	00	40
7	Rr	3136	0.339	00	45
7	Rr	3420	0.370	00	50
7	Rr	2875	0.311	00	55
7	Rr	2744	0.297	01	00
7	Rr	3005	0.325	01	05
7	Rr	3072	0.333	01	10
7	Rr	2963	0.321	01	15
7	Rr	3157	0.342	01	20
7	Rr	2768	0.300	01	25
7	Rr	2838	0.307	01	30
7	Rr	3072	0.333	01	35
7	Rr	3036	0.329	01	40
7	Rr	2867	0.310	01	45
7	Rr	2702	0.292	01	50
7	Rr	3108	0.336	01	55
7	Rr	2840	0.307	02	00
7	Rr	2929	0.317	02	05
7	Rr	2871	0.311	02	10
7	Rr	3377	0.366	02	15
7	Rr	2943	0.319	02	20
7	Rr	3021	0.327	02	25
7	Rr	3007	0.325	02	30
7	Rr	3272	0.354	02	35
7	Rr	2889	0.313	02	40
7	Rr	2889	0.313	02	45
7	Rr	2655	0.287	02	50
7	Rr	3277	0.355	02	55
7	Rr	2946	0.319	03	00
7	Rr	2821	0.305	03	05
7	Rr	2796	0.303	03	10
7	Rr	2921	0.316	03	15
7	Rr	2716	0.294	03	20
7	Rr	2746	0.297	03	25
7	Rr	2763	0.299	03	30
7	Rr	2961	0.320	03	35
7	Rr	2941	0.318	03	40
7	Rr	3244	0.351	03	45
7	Rr	3550	0.384	03	50
7	Rr	2965	0.321	03	55
7	Rr	2803	0.303	04	00
7	Rr	2852	0.309	04	05
7	Rr	3021	0.327	04	10
7	Rr	3089	0.334	04	15
7	Rr	3170	0.343	04	20
7	Rr	2872	0.311	04	25
7	Rr	2857	0.309	04	30
7	Rr	2534	0.274	04	35
7	Rr	2637	0.285	04	40
7	Rr	3144	0.340	04	45
7	Rr	2684	0.291	04	50
7	Rr	2788	0.302	04	55
7	Rr	2470	0.267	05	00
7	Rr	2441	0.264	05	05
7	Rr	2899	0.314	05	10
7	Rr	2913	0.315	05	15
7	Rr	3010	0.326	05	20
7	Rr	2771	0.300	05	25
7	Rr	3002	0.325	05	30
7	Rr	2856	0.309	05	35
7	Rr	2537	0.275	05	40
7	Rr	2553	0.276	05	45
7	Rr	2528	0.274	05	50
7	Rr	2670	0.289	05	55
7	Rr	2611	0.283	06	00
7	Rr	3423	0.370	06	05
7	Rr	2772	0.300	06	10
7	Rr	2779	0.301	06	15
7	Rr	2593	0.281	06	20
7	Rr	2664	0.288	06	25
7	Rr	2492	0.270	06	30
7	Rr	2689	0.291	06	35
7	Rr	2831	0.306	06	40
7	Rr	2904	0.314	06	45
7	Rr	2299	0.249	06	50
7	Rr	2225	0.241	06	55
7	Rr	2962	0.321	07	00
7	Rr	2504	0.271	07	05
7	Rr	2446	0.265	07	10
7	Rr	2535	0.274	07	15
7	Rr	2745	0.297	07	20
7	Rr	3167	0.343	07	25
7	Rr	3041	0.329	07	30
7	Rr	2714	0.294	07	35
7	Rr	2436	0.264	07	40
7	Rr	2397	0.259	07	45
7	Rr	2277	0.246	07	50
7	Rr	2407	0.261	07	55
7	Rr	2560	0.277	08	00
7	Rr	2706	0.293	08	05
7	Rr	2579	0.279	08	10
7	Rr	2405	0.260	08	15
7	Rr	2502	0.271	08	20
7	Rr	2517	0.272	08	25
7	Rr	3052	0.330	08	30
7	Rr	2675	0.290	08	35
7	Rr	2552	0.276	08	40
7	Rr	2422	0.262	08	45
7	Rr	2347	0.254	08	50
7	Rr	2351	0.254	08	55
7	Rr	2316	0.251	09	00
7	Rr	2615	0.283	09	05
7	Rr	2331	0.252	09	10
7	Rr	2307	0.250	09	15
7	Rr	2715	0.294	09	20
7	Rr	2508	0.271	09	25
7	Rr	2589	0.280	09	30
7	Rr	2282	0.247	09	35
7	Rr	2580	0.279	09	40
7	Rr	2405	0.260	09	45
7	Rr	2222	0.241	09	50
7	Rr	2396	0.259	09	55
7	Rr	2319	0.251	10	00
7	Rr	2288	0.248	10	05
7	Rr	2451	0.265	10	10
7	Rr	2366	0.256	10	15
7	Rr	2255	0.244	10	20
7	Rr	2476	0.268	10	25
7	Rr	2385	0.258	10	30
7	Rr	2388	0.258	10	35
7	Rr	2592	0.281	10	40
7	Rr	2287	0.248	10	45
7	Rr	2580	0.279	10	50
7	Rr	2815	0.305	10	55
7	Rr	3732	0.404	11	00
7	Rr	2854	0.309	11	05
7	Rr	2619	0.283	11	10
7	Rr	2503	0.271	11	15
7	Rr	2570	0.278	11	20
7	Rr	2408	0.261	11	25
7	Rr	2626	0.284	11	30
7	Rr	2314	0.250	11	35
7	Rr	2612	0.283	11	40
7	Rr	2560	0.277	11	45
7	Rr	2658	0.288	11	50
7	Rr	2678	0.290	11	55
7	Rr	3309	0.358	12	00
7	Rr	2981	0.323	12	05
7	Rr	2954	0.320	12	10
7	Rr	2533	0.274	12	15
7	Rr	2595	0.281	12	20
7	Rr	2544	0.275	12	25
7	Rr	2621	0.284	12	30
7	Rr	2550	0.276	12	35
7	Rr	2766	0.299	12	40
7	Rr	2897	0.314	12	45
7	Rr	2613	0.283	12	50
7	Rr	2655	0.287	12	55
7	Rr	2810	0.304	13	00
7	Rr	2825	0.306	13	05
7	Rr	3032	0.328	13	10
7	Rr	2890	0.313	13	15
7	Rr	2815	0.305	13	20
7	Rr	2940	0.318	13	25
7	Rr	2951	0.319	13	30
7	Rr	3234	0.350	13	35
7	Rr	2927	0.317	13	40
7	Rr	2520	0.273	13	45
7	Rr	3057	0.331	13	50
7	Rr	3011	0.326	13	55
7	Rr	2956	0.320	14	00
7	Rr	3400	0.368	14	05
7	Rr	3364	0.364	14	10
7	Rr	3441	0.372	14	15
7	Rr	3338	0.361	14	20
7	Rr	3280	0.355	14	25
7	Rr	3704	0.401	14	30
7	Rr	3433	0.372	14	35
7	Rr	3156	0.342	14	40
7	Rr	3225	0.349	14	45
7	Rr	3372	0.365	14	50
7	Rr	3750	0.406	14	55
7	Rr	3575	0.387	15	00
7	Rr	3607	0.390	15	05
7	Rr	3561	0.385	15	10
7	Rr	3618	0.392	15	15
7	Rr	3322	0.360	15	20
7	Rr	3779	0.409	15	25
7	Rr	3993	0.432	15	30
7	Rr	3612	0.391	15	35
7	Rr	3802	0.412	15	40
7	Rr	3825	0.414	15	45
7	Rr	3876	0.420	15	50
7	Rr	4148	0.449	15	55
7	Rr	4017	0.435	16	00
7	Rr	4177	0.452	16	05
7	Rr	3872	0.419	16	10
7	Rr	4232	0.458	16	15
7	Rr	3838	0.415	16	20
7	Rr	3608	0.391	16	25
7	Rr	3985	0.431	16	30
7	Rr	4218	0.457	16	35
7	Rr	4130	0.447	16	40
7	Rr	4181	0.453	16	45
7	Rr	4274	0.463	16	50
7	Rr	4084	0.442	16	55
7	Rr	3941	0.427	17	00
7	Rr	3948	0.427	17	05
7	Rr	4215	0.456	17	10
7	Rr	3986	0.431	17	15
7	Rr	4002	0.433	17	20
7	Rr	4063	0.440	17	25
7	Rr	4088	0.442	17	30
7	Rr	4220	0.457	17	35
7	Rr	4069	0.440	17	40
7	Rr	3971	0.430	17	45
7	Rr	4143	0.448	17	50
7	Rr	3898	0.422	17	55
7	Rr	3599	0.390	18	00
7	Rr	3836	0.415	18	05
7	Rr	4538	0.491	18	10
7	Rr	4318	0.467	18	15
7	Rr	3978	0.431	18	20
7	Rr	4407	0.477	18	25
7	Rr	4160	0.450	18	30
7	Rr	4242	0.459	18	35
7	Rr	4203	0.455	18	40
7	Rr	4197	0.454	18	45
7	Rr	4211	0.456	18	50
7	Rr	4182	0.453	18	55
7	Rr	4666	0.505	19	00
7	Rr	4468	0.484	19	05
7	Rr	4342	0.470	19	10
7	Rr	3974	0.430	19	15
7	Rr	3942	0.427	19	20
7	Rr	3762	0.407	19	25
7	Rr	4019	0.435	19	30
7	Rr	4202	0.455	19	35
7	Rr	4170	0.451	19	40
7	Rr	4310	0.466	19	45
7	Rr	3817	0.413	19	50
7	Rr	3914	0.424	19	55
7	Rr	4068	0.440	20	00
7	Rr	4447	0.481	20	05
7	Rr	4380	0.474	20	10
7	Rr	3946	0.427	20	15
7	Rr	4266	0.462	20	20
7	Rr	4095	0.443	20	25
7	Rr	3700	0.400	20	30
7	Rr	3935	0.426	20	35
7	Rr	4189	0.453	20	40
7	Rr	4521	0.489	20	45
7	Rr	4041	0.437	20	50
7	Rr	3938	0.426	20	55
7	Rr	4252	0.460	21	00
7	Rr	3799	0.411	21	05
7	Rr	4008	0.434	21	10
7	Rr	3839	0.416	21	15
7	Rr	3468	0.375	21	20
7	Rr	4167	0.451	21	25
7	Rr	3551	0.384	21	30
7	Rr	3748	0.406	21	35
7	Rr	3828	0.414	21	40
7	Rr	3814	0.413	21	45
7	Rr	3984	0.431	21	50
7	Rr	3548	0.384	21	55
7	Rr	3685	0.399	22	00
7	Rr	3466	0.375	22	05
7	Rr	3654	0.395	22	10
7	Rr	3352	0.363	22	15
7	Rr	3779	0.409	22	20
7	Rr	3750	0.406	22	25
7	Rr	3435	0.372	22	30
7	Rr	3827	0.414	22	35
7	Rr	3324	0.360	22	40
7	Rr	3349	0.362	22	45
7	Rr	3605	0.390	22	50
7	Rr	3463	0.375	22	55
7	Rr	3870	0.419	23	00
7	Rr	3525	0.382	23	05
7	Rr	3402	0.368	23	10
7	Rr	3343	0.362	23	15
7	Rr	4080	0.442	23	20
7	Rr	3196	0.346	23	25
7	Rr	3025	0.327	23	30
7	Rr	3411	0.369	23	35
7	Rr	3096	0.335	23	40
7	Rr	3079	0.333	23	45
7	Rr	3139	0.340	23	50
7	Rr	2921	0.316	23	55
o	*f	0R	r
o	lRQ	1	923902	3985770014	[unresolved numerical addresses]
Z	*f	-20R	r
Z	lRb	1	42037	3.329	66.249
Z	lRb	1	39923	1.929	69
Z	lRb	1	24823	1.019	46
Z	lRb	1	21466	3.226	157.55
Z	lRb	1	20187	1.765	35
Z	lRb	1	16277	2.371	207.46
Z	lRb	1	15601	2.675	70
Z	lRb	1	15251	1.525	76
Z	lRb	1	14227	2.464	40
Z	lRb	1	13827	1.631	54
Z	lRb	1	12660	1.630	72
Z	lRb	1	12534	1.041	34
Z	lRb	1	12111	0.116	178.137
Z	lRb	1	11468	1.139	75
Z	lRb	1	11110	1.368	5
Z	lRb	1	10571	0.898	74
Z	lRb	1	10358	1.055	123
Z	lRb	1	9692	0.642	71
Z	lRb	1	8933	0.603	37
Z	lRb	1	8468	0.713	65.55
Z	lRb	1	592378	68.860	[not listed: 8479]
S	*f	-50P	r
S	Rb	4702	0.502	14.33.246.211
S	Rb	3306	0.631	192.234.235.103
S	Rb	3248	0.314	192.99.15.146
S	Rb	2341	0.174	100.43.83.148
S	Rb	1992	0.087	66.249.75.109
S	Rb	1829	0.190	37.59.14.116
S	Rb	1781	0.274	75.98.173.33
S	Rb	1597	0.166	78.155.138.20
S	Rb	1543	0.094	199.21.99.79
S	Rb	1459	0.013	92.249.127.111
S	Rb	1330	0.023	109.102.111.58
S	Rb	1312	0.057	205.203.134.197
S	Rb	1304	0.246	5.196.13.127
S	Rb	1276	0.152	208.115.113.82
S	Rb	1270	0.083	95.108.248.29
S	Rb	1142	0.001	91.207.9.226
S	Rb	1107	0.021	66.249.69.97
S	Rb	1081	0.024	66.249.69.81
S	Rb	1051	0.041	66.249.69.192
S	Rb	1039	0.019	66.249.69.89
S	Rb	1030	0.124	5.255.250.90
S	Rb	1024	0.094	95.108.150.235
S	Rb	1012	0.104	192.99.6.132
S	Rb	989	0.247	75.98.173.84
S	Rb	957	0.233	199.21.99.197
S	Rb	951	0.079	66.249.73.133
S	Rb	815	0.038	178.63.23.80
S	Rb	811	0.119	66.249.64.90
S	Rb	808	0.232	149.202.211.239
S	Rb	791	0.082	192.99.7.55
S	Rb	786	0.149	66.11.128.152
S	Rb	777	0.001	193.150.120.14
S	Rb	772	0.164	79.125.27.96
S	Rb	765	0.038	144.76.27.118
S	Rb	760	0.065	208.115.113.92
S	Rb	756	0.027	82.145.46.102
S	Rb	739	0.012	109.102.111.50
S	Rb	737	0.017	66.249.69.176
S	Rb	704	0.001	109.120.157.179
S	Rb	698	0.032	220.181.125.162
S	Rb	694	0.049	78.155.138.30
S	Rb	686	0.026	66.249.65.212
S	Rb	664	0.069	94.23.59.173
S	Rb	653	0.092	52.21.132.215
S	Rb	649	0.067	46.105.74.59
S	Rb	627	0.020	106.38.241.144
S	Rb	627	0.020	66.249.65.205
S	Rb	627	0.015	66.249.65.219
S	Rb	609	0.063	94.23.215.29
S	Rb	585	0.061	94.23.35.157
S	Rb	865089	94.547	[not listed: 82306]
s	*FR	2013	12	18	21	53
s	*LR	2021	02	26	23	42
s	*f	-20R	s
s	lRS	1	174451	221	http://www.gtaeronautics.com/
s	lRS	1	40217	123	http://gtaeronautics.com/
s	lRS	1	4560	4	https://www.google.com/
s	lRS	1	208	1	https://www.thomasnet.com/
s	lRS	1	1532	0	http://www.google.com/
s	lRS	1	1159	0	http://www.trainingindustry.com/
s	lRS	1	1121	0	http://www.baidu.com/
s	lRS	1	609	0	http://www.mfgpages.com/
s	lRS	1	604	0	http://www.openfos.com/
s	lRS	1	517	0	http://www.topicway.com/
s	lRS	1	462	0	http://anti-crisis-seo.com/
s	lRS	1	395	0	http://uptime.com/
s	lRS	1	362	0	http://semalt.semalt.com/
s	lRS	1	324	0	http://www.bing.com/
s	lRS	1	301	0	http://chimiver.info/
s	lRS	1	280	0	https://www.google.co.in/
s	lRS	1	262	0	http://google.co.jp/
s	lRS	1	236	0	http://www.thomasnet.com/
s	lRS	1	235	0	https://www.bing.com/
s	lRS	1	234	0	http://www.artparquet.ru/
s	lRS	1	46672	74	[not listed: 4164]
f	*FR	2013	12	18	21	53
f	*LR	2021	02	26	23	42
f	*f	-30R	s
f	lRS	1	114916	181	http://www.gtaeronautics.com/
f	lRS	1	27230	112	http://gtaeronautics.com/
f	lRS	1	1967	13	http://www.gtaeronautics.com/uasfc.html
f	lRS	1	3877	10	http://www.gtaeronautics.com/ConsultingA.html
f	lRS	1	5236	8	http://gtaeronautics.com/IndNews.html
f	lRS	1	8549	5	http://www.gtaeronautics.com/aboutus.html
f	lRS	1	4264	4	https://www.google.com/
f	lRS	1	3894	4	http://www.gtaeronautics.com/index.html
f	lRS	1	1719	3	http://www.gtaeronautics.com/CompNews.html
f	lRS	1	1227	2	http://www.gtaeronautics.com/contactus.html
f	lRS	1	2345	1	http://www.gtaeronautics.com/pna.html
f	lRS	1	6668	0	http://www.gtaeronautics.com/CCT&M.html
f	lRS	1	5576	0	http://www.gtaeronautics.com/UASFC.html
f	lRS	1	2108	0	http://www.gtaeronautics.com/GT380 RPAS.html
f	lRS	1	1932	0	http://www.gtaeronautics.com/GT1500 RPAS.html
f	lRS	1	1778	0	http://www.gtaeronautics.com/RD.html
f	lRS	1	1738	0	http://www.gtaeronautics.com/CFMT.html
f	lRS	1	1594	0	http://www.gtaeronautics.com/SRU.html
f	lRS	1	1460	0	http://www.gtaeronautics.com/EMPLOYMENT.html
f	lRS	1	1458	0	http://www.gtaeronautics.com/consultinga.html
f	lRS	1	1430	0	http://www.gtaeronautics.com/IndNews.html
f	lRS	1	1378	0	http://www.gtaeronautics.com/GT50T RPAS.html
f	lRS	1	1169	0	http://gtaeronautics.com/aboutus.html
f	lRS	1	1159	0	http://www.trainingindustry.com/
f	lRS	1	1112	0	http://www.gtaeronautics.com/compnews.html
f	lRS	1	1079	0	http://www.baidu.com/s
f	lRS	1	1037	0	http://www.gtaeronautics.com/links.html
f	lRS	1	892	0	http://www.google.com/url
f	lRS	1	845	0	http://www.gtaeronautics.com/FAQ.html
f	lRS	1	730	0	http://www.gtaeronautics.com/gtaTexan.html
f	lRS	1	64374	80	[not listed: 4770]
n	*FR	2013	12	19	00	28
n	*LR	2020	10	14	09	11
n	*f	0.500000%Q	s
n	Rq	1	11.801	kit
n	Rq	1	11.801	method
n	Rq	2	23.601	crew
n	Rq	28	45.440	aeronautical
n	Rq	1	11.801	airplane.com
n	Rq	5	59.003	faa
n	Rq	40	116.243	gt
n	Rq	1	11.801	moldings
n	Rq	1	11.801	twin
n	Rq	1	11.801	taranis
n	Rq	2	11.801	installerex
n	Rq	2	11.801	http://gtaeronautics.com/
n	Rq	20	118.005	in
n	Rq	1	11.801	scale
n	Rq	1	11.801	observer
n	Rq	1	11.801	drawing?
n	Rq	2	11.801	is
n	Rq	1	11.801	making
n	Rq	2	23.601	fiber
n	Rq	1	11.801	mitsubishi
n	Rq	1	11.801	fuze
n	Rq	1	11.801	http://www.gtaeronautics.com/indnews.html
n	Rq	92	11.801	semalt.com
n	Rq	1	11.801	consultant
n	Rq	15	47.202	manufacturing
n	Rq	1	11.801	2
n	Rq	1	11.801	base
n	Rq	14	165.207	6
n	Rq	1	11.801	http://gtaeronautics.com/indnews.html
n	Rq	1	11.801	always
n	Rq	28	80.841	engineering
n	Rq	1	11.801	northrop
n	Rq	1	11.801	bandwidth
n	Rq	1	11.801	vegas
n	Rq	3	23.601	basic
n	Rq	1	11.801	qinetiq
n	Rq	1	11.801	tooling
n	Rq	1	11.801	on
n	Rq	1	11.801	heavy
n	Rq	9	94.404	drawings
n	Rq	1	11.801	fia
n	Rq	4	11.801	louis%20vuitton%20fashion%20valley%20phone%20number
n	Rq	3	11.801	llc
n	Rq	3	35.402	rullman
n	Rq	1	11.801	cowling
n	Rq	32	35.402	sale
n	Rq	64	70.803	outlet
n	Rq	1	11.801	rotax
n	Rq	1	11.801	ucav
n	Rq	28	69.041	texan
n	Rq	1	11.801	a
n	Rq	2	11.801	customer
n	Rq	1	11.801	rpa
n	Rq	2	23.601	110cc
n	Rq	30	11.801	designer
n	Rq	20	59.003	www.gtaeronautics.com
n	Rq	1	11.801	work
n	Rq	1	11.801	thomas
n	Rq	1	11.801	engie
n	Rq	1	11.801	qualification
n	Rq	1	11.801	custom
n	Rq	1	11.801	mk3
n	Rq	1	11.801	t
n	Rq	1	11.801	uavs
n	Rq	1	11.801	w
n	Rq	2	11.801	satisfaction
n	Rq	2	23.601	x
n	Rq	1	11.801	crews
n	Rq	3	11.801	photos
n	Rq	1	11.801	finnemeccia
n	Rq	2	23.601	glass
n	Rq	1	35.402	to
n	Rq	1	11.801	gcs
n	Rq	5	59.003	engineer
n	Rq	1	11.801	government
n	Rq	1	11.801	operator
n	Rq	6	70.803	aircraft
n	Rq	1	11.801	with
n	Rq	97	23.601	number
n	Rq	4	35.402	for
n	Rq	1	11.801	december
n	Rq	2	23.601	aero
n	Rq	9	23.601	equipment
n	Rq	2	23.601	engine
n	Rq	1	11.801	mq1
n	Rq	2	23.601	wy
n	Rq	1	11.801	custum
n	Rq	1	11.801	g.t
n	Rq	1	11.801	mechanics
n	Rq	1	23.601	motors
n	Rq	1	11.801	tdw
n	Rq	32	59.003	luggage
n	Rq	1	11.801	opportunities
n	Rq	175	200.609	vuitton
n	Rq	1	11.801	show
n	Rq	1	35.402	the
n	Rq	1	11.801	luggages
n	Rq	1	11.801	stroke
n	Rq	2	11.801	explore
n	Rq	39	23.601	handbags
n	Rq	2	23.601	electric
n	Rq	1	11.801	space
n	Rq	1	23.601	air
n	Rq	1	11.801	quote
n	Rq	1	11.801	require
n	Rq	1	11.801	mpp
n	Rq	4	23.601	jobs
n	Rq	5	59.003	uas
n	Rq	1	11.801	anything
n	Rq	1	11.801	china
n	Rq	1	11.801	airplane
n	Rq	10	118.005	uav
n	Rq	2	11.801	wmaid.com
n	Rq	3	47.202	drone
n	Rq	7	82.604	fiberglass
n	Rq	2	11.801	facebook
n	Rq	1	11.801	college
n	Rq	4	47.202	onboard
n	Rq	3	23.601	gtaeronautics.com
n	Rq	1	11.801	qulificationa
n	Rq	21	153.407	simi
n	Rq	1	11.801	and
n	Rq	5	35.402	flight
n	Rq	17	153.407	at6
n	Rq	1	11.801	xtreme
n	Rq	1	11.801	maintenance
n	Rq	1	11.801	cody
n	Rq	1	11.801	systems
n	Rq	1	11.801	any
n	Rq	1	11.801	tom
n	Rq	1	11.801	payload
n	Rq	2	23.601	gta
n	Rq	2	11.801	granger
n	Rq	8	82.604	extreme
n	Rq	6	59.003	molding
n	Rq	2	11.801	easylifeapp
n	Rq	1	11.801	rating
n	Rq	2	11.801	whitelaw
n	Rq	126	82.604	fashion
n	Rq	2	23.601	ice
n	Rq	2	11.801	http://www.gtaeronautics.com/compnews.html
n	Rq	5	23.601	engineers
n	Rq	3	23.601	composite
n	Rq	1	11.801	skyforce
n	Rq	1	11.801	eengineer
n	Rq	175	200.609	louis
n	Rq	8	11.801	store
n	Rq	4	47.202	starter
n	Rq	14	47.202	cheap
n	Rq	1	11.801	diamond
n	Rq	10	106.205	bme
n	Rq	1	11.801	america2009
n	Rq	7	11.801	content
n	Rq	1	11.801	challenge
n	Rq	2	23.601	aeronautic
n	Rq	1	11.801	piece
n	Rq	1	11.801	how
n	Rq	1	11.801	male
n	Rq	2	23.601	design
n	Rq	2	23.601	flying
n	Rq	1	11.801	carbon
n	Rq	1	11.801	operation
n	Rq	2	11.801	profile
n	Rq	1	11.801	tomas
n	Rq	1	11.801	cia
n	Rq	1	11.801	hummingbird
n	Rq	1	11.801	iron
n	Rq	1	11.801	california
n	Rq	1	11.801	amphibian
n	Rq	1	11.801	110
n	Rq	1	11.801	mentioned
n	Rq	1	11.801	111
n	Rq	1	11.801	over
n	Rq	25	45.440	http://www.gtaeronautics.com/
n	Rq	1	11.801	google.com
n	Rq	1	11.801	fuel
n	Rq	2	11.801	inc
n	Rq	1	11.801	handbag.com
n	Rq	1	11.801	da42
n	Rq	2	23.601	certification
n	Rq	1	11.801	timing
n	Rq	1	11.801	2015
n	Rq	1	11.801	home
n	Rq	1	11.801	aerospacecompanies
n	Rq	1	11.801	anti
n	Rq	1	11.801	ziroli
n	Rq	1	11.801	sketches
n	Rq	5	11.801	purses
n	Rq	1	11.801	downlink
n	Rq	3	11.801	aeronotics
n	Rq	1	11.801	nanotechnology
n	Rq	1	11.801	zephyr
n	Rq	4	11.801	wyoming
n	Rq	2	11.801	technology
n	Rq	3	35.402	companies
n	Rq	1	11.801	muffler
n	Rq	2	11.801	avia
n	Rq	2	11.801	what
n	Rq	145	10.038	valley
n	Rq	1	11.801	microwave
n	Rq	1	11.801	mold
n	Rq	5	47.202	pglm
n	Rq	1	11.801	specialist
n	Rq	23	21.839	drawing
n	Rq	1	11.801	tool
n	Rq	1	11.801	security
n	Rq	6	23.601	prototypes
n	Rq	1	11.801	giant
n	Rq	1	11.801	powell
n	Rq	8	82.604	aerospace
n	Rq	4	47.202	unmanned
n	Rq	34	92.642	aeronautics
n	Rq	1	11.801	radius
n	Rq	1	11.801	zero
n	Rq	1	11.801	tobbot
n	Rq	2	23.601	job
n	Rq	2	23.601	neverfull
n	Rq	1	11.801	onbordstarter
n	Rq	20	47.202	ca
n	Rq	1	23.601	as
n	Rq	13	153.407	at
n	Rq	5	59.003	techniques
n	Rq	1	11.801	does
n	Rq	1	11.801	commercial
n	Rq	1	11.801	www.gt
n	Rq	1	11.801	de
n	Rq	1	11.801	co
n	Rq	1	11.801	speedy
n	Rq	1	11.801	rpas
n	Rq	2	23.601	instrument
n	Rq	1	11.801	do
n	Rq	1	11.801	quotation
n	Rq	3	35.402	training
n	Rq	1	11.801	efi
n	Rq	1	11.801	careers
n	Rq	3	35.402	pilot
n	Rq	9	94.404	bandito
n	Rq	4	47.202	quotes
n	Rq	107	47.202	phone
n	Rq	1	11.801	stations
n	Rq	1	11.801	traing
N	*FR	2013	12	19	00	28
N	*LR	2020	10	14	09	11
N	*f	-200Q	s
N	RQ	20	3313041788	gt aeronautics
N	RQ	14	2839750104	aeronautical engineering drawing
N	RQ	9	2129812578	at 6 texan
N	RQ	8	1893166736	at6 texan
N	RQ	7	1419875052	bme extreme
N	RQ	7	1419875052	aerospace engineering drawings
N	RQ	20	1183229210	www.gtaeronautics.com
N	RQ	6	946583368	texan at6
N	RQ	5	946583368	bandito pglm
N	RQ	25	911241228	http://www.gtaeronautics.com/
N	RQ	3	709937526	bandito uav
N	RQ	3	709937526	onboard starter
N	RQ	2	473291684	fiberglass molding techniques
N	RQ	6	473291684	manufacturing aeronautical prototypes
N	RQ	19	473291684	louis vuitton luggage outlet
N	RQ	10	473291684	louis vuitton fashion valley phone
N	RQ	97	473291684	louis vuitton fashion valley phone number
N	RQ	2	473291684	texan at 6
N	RQ	18	473291684	louis vuitton fashion valley ca
N	RQ	1	236645842	uavs flying over simi valley ca
N	RQ	1	236645842	gt aeronautics simi valley california
N	RQ	1	236645842	aeronautical engineer quote
N	RQ	1	236645842	does aeronautical engineering require drawing?
N	RQ	1	236645842	how to do gt in engineering drawing
N	RQ	2	236645842	http://gtaeronautics.com/
N	RQ	1	236645842	the government college g.t aeronautics
N	RQ	1	236645842	bme engine
N	RQ	1	236645842	uas gcs
N	RQ	1	236645842	http://www.gtaeronautics.com/indnews.html
N	RQ	92	236645842	semalt.com
N	RQ	1	236645842	aero iron mentioned nanotechnology hummingbird uav
N	RQ	1	236645842	basic fiberglass techniques
N	RQ	1	236645842	http://gtaeronautics.com/indnews.html
N	RQ	1	236645842	finnemeccia co
N	RQ	2	236645842	drawing for customer satisfaction
N	RQ	1	236645842	cheap louis vuitton speedy handbag.com
N	RQ	1	236645842	at 6
N	RQ	1	236645842	quotation specialist engineer drawings
N	RQ	1	236645842	challenge xtreme 111 piece mechanics tool kit
N	RQ	1	236645842	uav commercial crew stations
N	RQ	1	236645842	da42 mpp microwave downlink bandwidth
N	RQ	1	236645842	anti ice de ice qinetiq zephyr
N	RQ	4	236645842	louis%20vuitton%20fashion%20valley%20phone%20number
N	RQ	1	236645842	faa uas pilot certification
N	RQ	1	236645842	any flying crews in gta
N	RQ	1	236645842	aerospace drawing
N	RQ	1	236645842	fiber glass molding job
N	RQ	1	236645842	aircraft design consultant
N	RQ	1	236645842	www.gt airplane.com
N	RQ	3	236645842	gt in aeronotics
N	RQ	1	236645842	tom rullman
N	RQ	1	236645842	gt aeronautics simi valley ca
N	RQ	1	236645842	drone base in simi valley
N	RQ	1	236645842	fiberglass mold making techniques
N	RQ	1	236645842	rpa instrument qualification faa instrument rating
N	RQ	1	236645842	extreme bme
N	RQ	1	236645842	uas faa maintenance
N	RQ	1	236645842	louis vuitton neverfull
N	RQ	1	236645842	fiberglass techniques
N	RQ	1	236645842	aircraft companies in simi valley
N	RQ	1	236645842	custom fiberglass moldings
N	RQ	11	236645842	louis vuitton luggage cheap
N	RQ	1	236645842	anything
N	RQ	1	236645842	aeronautical engineering sketches
N	RQ	1	236645842	gtaeronautics.com
N	RQ	1	236645842	giant scale ziroli at 6
N	RQ	9	236645842	outlet louis vuitton handbags
N	RQ	1	236645842	cowling drawing
N	RQ	1	236645842	mitsubishi zero
N	RQ	1	236645842	powell wy gt aeronautics
N	RQ	2	236645842	what is gt in basic engineering drawing
N	RQ	2	236645842	composite molding
N	RQ	1	236645842	aeronautics in simi valley and security work
N	RQ	3	236645842	gt aeronautics llc jobs
N	RQ	1	236645842	crew flight gta
N	RQ	1	236645842	110cc engine timing
N	RQ	1	236645842	aeronautical engineer quotes
N	RQ	2	236645842	http://www.gtaeronautics.com/compnews.html
N	RQ	4	236645842	wyoming flight engineers
N	RQ	1	236645842	a t 6
N	RQ	1	236645842	gt aeronautics unmanned air
N	RQ	1	236645842	fia gt composite tooling
N	RQ	1	236645842	uas pilot certification
N	RQ	1	236645842	quotes on aeronautical engineers
N	RQ	1	236645842	payload for diamond northrop twin engie aircraft
N	RQ	7	236645842	content
N	RQ	1	236645842	bme 110
N	RQ	1	236645842	thomas w rullman gt aeronautics
N	RQ	1	236645842	luggages for sale
N	RQ	2	236645842	easylifeapp profile
N	RQ	2	236645842	simi gt
N	RQ	1	236645842	mq1 design fuel
N	RQ	1	236645842	airplane as always cia america2009
N	RQ	1	236645842	eengineer drawing home
N	RQ	1	236645842	heavy equipment operator jobs
N	RQ	1	236645842	aero space drone simi valley
N	RQ	1	236645842	cheap louis vuitton luggage
N	RQ	1	236645842	2 stroke electric onboard starter
N	RQ	1	236645842	skyforce observer mk3
N	RQ	1	236645842	simi valley unmanned aircraft
N	RQ	2	236645842	granger whitelaw avia
N	RQ	1	236645842	louis vuitton fashion valley neverfull
N	RQ	1	236645842	louis vuitton job opportunities
N	RQ	1	236645842	google.com
N	RQ	1	236645842	uas operation training method
N	RQ	2	236645842	wmaid.com explore gtaeronautics.com
N	RQ	1	236645842	custum muffler 110cc
N	RQ	1	236645842	glass manufacturing drawings
N	RQ	1	236645842	electric motors x male uav x sale
N	RQ	1	236645842	aerospacecompanies in simi valley
N	RQ	1	236645842	fiberglass molding
N	RQ	2	236645842	aeronautical technology inc
N	RQ	1	236645842	taranis ucav
N	RQ	1	236645842	vegas drone uav show december 2015
N	RQ	1	236645842	uav companies in simi valley
N	RQ	1	236645842	unmanned aircraft systems pilot training
N	RQ	2	236645842	installerex facebook
N	RQ	3	236645842	texan at6 photos
N	RQ	1	236645842	aeronautic engineer
N	RQ	30	236645842	designer handbags outlet sale
N	RQ	1	236645842	rpas qulificationa traing with faa
N	RQ	1	236645842	faa uav training
N	RQ	1	236645842	uav companies simi valley
N	RQ	5	236645842	louis vuitton purses outlet
N	RQ	1	236645842	aeronautics
N	RQ	1	236645842	cheap louis vuitton luggage outlet
N	RQ	1	236645842	gt aeronautics tomas rullman
N	RQ	1	236645842	tobbot
N	RQ	1	236645842	radius tdw efi fuze
N	RQ	8	236645842	manufacturing equipment store in simi valley
N	RQ	1	236645842	aeronautic engineer quotes
N	RQ	1	236645842	onbordstarter
N	RQ	1	236645842	rotax amphibian unmanned china
N	RQ	1	236645842	aeronautical engineering quotes
N	RQ	1	236645842	drawing aircraft engineering
N	RQ	1	236645842	gt aeronautics careers
N	RQ	1	236645842	gt aeronautics bandito
N	RQ	1	236645842	cody wy carbon fiber
B	*f	-40R	r
B	Rb	33968	4.858	Mozilla/5.0 (compatible; bingbot/2.0;  http://www.bing.com/bingbot.htm)
B	Rb	25671	1.905	Mozilla/5.0 (compatible; Googlebot/2.1;  http://www.google.com/bot.html)
B	Rb	25577	1.690	ZoominfoBot (zoominfobot at zoominfo dot com)
B	Rb	15583	1.564	Mozilla/4.0 (compatible; MSIE 6.0; Windows NT 5.1; SV1)
B	Rb	12468	2.282	Mozilla/5.0 (iPhone; CPU iPhone OS 7_0 like Mac OS X) AppleWebKit/537.51.1 (KHTML, like Gecko) Version/7.0 Mobile/11A465 Safari/9537.53 (compatible; bingbot/2.0;  http://www.bing.com/bingbot.htm)
B	Rb	9867	1.133	Mozilla/5.0 (compatible; Baiduspider/2.0;  http://www.baidu.com/search/spider.html)
B	Rb	9810	1.132	Mozilla/5.0 (compatible; YandexBot/3.0;  http://yandex.com/bots)
B	Rb	9577	0.909	Mozilla/5.0 (Windows NT 6.1; WOW64; Trident/7.0; rv:11.0) like Gecko
B	Rb	8061	1.522	Mozilla/4.0 (compatible; MSIE 7.0; Windows NT 5.1; .NET CLR 1.1.4322; .NET CLR 2.0.50727)
B	Rb	7397	0.692	Mozilla/5.0 (compatible; Yahoo! Slurp; http://help.yahoo.com/help/us/ysearch/slurp)
B	Rb	7100	0.361	Mozilla/4.0 (compatible; MSIE 6.0; Windows NT 5.1; SV1; .NET CLR 2.0.50727)
B	Rb	6931	0.316	Mozilla/4.0 (compatible;)
B	Rb	6398	0.525	Mozilla/4.0 (compatible; MSIE 6.0; Windows NT 5.1)
B	Rb	6164	0.076	Mozilla/4.0 (compatible; MSIE 7.0; Windows NT 5.1; .NET CLR 1.1.4322; .NET CLR 2.0.50727; .NET CLR 3.0.4506.2152; .NET CLR 3.5.30729)
B	Rb	6150	0.593	Mozilla/4.0 (compatible; MSIE 7.0; Windows NT 6.1; WOW64; Trident/5.0; SLCC2; .NET CLR 2.0.50727; .NET CLR 3.5.30729; .NET CLR 3.0.30729; Media Center PC 6.0; .NET4.0C; .NET4.0E)
B	Rb	6059	0.377	Mozilla/5.0 (Windows NT 6.1; WOW64) AppleWebKit/537.36 (KHTML, like Gecko) Chrome/36.0.1985.143 Safari/537.36
B	Rb	5848	0.447	Sosospider ( http://help.soso.com/webspider.htm)
B	Rb	5665	0.185	Googlebot-Image/1.0
B	Rb	5436	0.509	Mozilla/5.0 (Windows; U; Windows NT 5.1; en-US; rv:1.7.2) Gecko/20040804 Netscape/7.2 (ax)
B	Rb	5308	0.218	Mozilla/4.0 (compatible; MSIE 7.0; Windows NT 5.1; .NET CLR 1.1.4322; .NET CLR 2.0.50727; .NET CLR 3.0.04506.30)
B	Rb	5198	0.538	Mozilla/4.0 (compatible; MSIE 7.0; Windows NT 5.1)
B	Rb	4870	0.203	Mozilla/5.0 (compatible; MSIE 9.0; Windows NT 6.1; WOW64; Trident/5.0)
B	Rb	4577	0.568	Sogou web spider/4.0( http://www.sogou.com/docs/help/webmasters.htm#07)
B	Rb	4446	0.297	Mozilla/5.0 (compatible; Yahoo! Slurp/3.0; http://help.yahoo.com/help/us/ysearch/slurp)
B	Rb	4368	0.059	Mozilla/4.0 (compatible; MSIE 7.0; Windows NT 5.1; .NET CLR 2.0.50727; .NET CLR 3.0.4506.2152; .NET CLR 3.5.30729)
B	Rb	4346	1.298	Mozilla/5.0 (Windows NT 6.3; WOW64) AppleWebKit/537.36 (KHTML, like Gecko) Chrome/33.0.1736.0 Safari/537.36
B	Rb	4114	0.626	Mozilla/5.0 (Linux; Android 6.0.1; Nexus 5X Build/MMB29P) AppleWebKit/537.36 (KHTML, like Gecko) Chrome/41.0.2272.96 Mobile Safari/537.36 (compatible; Googlebot/2.1;  http://www.google.com/bot.html)
B	Rb	4082	0.701	Mozilla/5.0 (iPhone; CPU iPhone OS 7_0 like Mac OS X) AppleWebKit/537.51.1 (KHTML, like Gecko) Version/7.0 Mobile/11A465 Safari/9537.53 BingPreview/1.0b
B	Rb	3758	0.250	Mozilla/4.0 (compatible; MSIE 6.0; Windows NT 5.1; SV1; .NET CLR 1.1.4322)
B	Rb	3595	0.468	Mozilla/4.0 (compatible; MSIE 7.0; Windows NT 5.1; InfoPath.2; .NET CLR 2.0.50727; .NET CLR)
B	Rb	3493	0.302	Mozilla/5.0 (compatible; MJ12bot/v1.4.5; http://www.majestic12.co.uk/bot.php? )
B	Rb	3481	0.207	Mozilla/5.0 (X11; Datanyze; Linux x86_64) AppleWebKit/537.36 (KHTML, like Gecko) Chrome/65.0.3325.181 Safari/537.36
B	Rb	3239	0.587	PRurl
B	Rb	3206	0.910	Mozilla/4.0 (compatible; MSIE 7.0; Windows NT 5.1; .NET CLR 2.0.50727; .NET CLR 1.1.4322)
B	Rb	3128	0.114	Mozilla/5.0 (compatible; SeznamBot/3.2;  http://napoveda.seznam.cz/en/seznambot-intro/)
B	Rb	3062	0.133	Mozilla/4.0 (compatible; MSIE 7.0; Windows NT 5.1; .NET CLR 1.1.4322)
B	Rb	3049	0.069	Mozilla/4.0 (compatible; MSIE 8.0; Windows NT 5.1; Trident/4.0; .NET CLR 2.0.50727; .NET CLR 3.0.4506.2152; .NET CLR 3.5.30729; .NET4.0C; .NET CLR 1.1.4322)
B	Rb	2870	0.274	Mozilla/4.0 (compatible; MSIE 6.0; Windows NT 5.1; SV1; .NET CLR 1.1.4322; .NET CLR 2.0.50727)
B	Rb	2868	0.351	Mozilla/5.0 (compatible; MSIE 9.0; Windows NT 6.1; Trident/5.0)
B	Rb	2805	0.536	Mozilla/5.0 (Windows NT 6.1; WOW64; rv:40.0) Gecko/20100101 Firefox/40.1
B	Rb	621234	70.216	[not listed: 18944]
b	*f	-15Q	s
b	lRQq	1	254896	3310441521	1726.806	MSIE
b	lRQq	2	90875	3323955766	1733.855	MSIE/6
b	lRQq	2	371	946583371	493.761	MSIE/3
b	lRQq	2	99682	2514181240	1311.457	MSIE/7
b	lRQq	2	13215	2013037022	1050.049	MSIE/9
b	lRQq	2	5953	2899685246	1512.546	MSIE/5
b	lRQq	2	37402	2248217902	1172.725	MSIE/8
b	lRQq	2	4755	1338441634	698.163	MSIE/10
b	lRQq	2	403	1183229210	617.201	MSIE/4
b	lRQq	2	698	473291684	246.880	MSIE/2
b	lRQq	2	12	236645842	123.440	MSIE/11
b	lRQq	1	9636	2461735705	1284.101	Netscape
b	lRQq	2	2409	3514345493	1833.167	Netscape/4
b	lRQq	2	24	3076395946	1604.722	Netscape/6
b	lRQq	2	5529	2129812578	1110.961	Netscape/7
b	lRQq	2	332	1419875052	740.641	Netscape/3
b	lRQq	2	32	1183229210	617.201	Netscape/8
b	lRQq	2	784	473291684	246.880	Netscape/0
b	lRQq	2	6	473291684	246.880	Netscape/5
b	lRQq	2	2	236645842	123.440	Netscape/Nutch-1
b	lRQq	2	73	236645842	123.440	Netscape/%2F4
b	lRQq	2	1	236645842	123.440	Netscape/10
b	lRQq	2	9	236645842	123.440	Netscape/Firefox
b	lRQq	2	3	236645842	123.440	Netscape/9
b	lRQq	1	147	4022979314	2098.483	User-Agent: Mozilla
b	lRQq	2	147	4022979314	2098.483	User-Agent: Mozilla/5
b	lRQq	1	94	4022979314	2098.483	Screaming Frog SEO Spider
b	lRQq	2	67	709937526	370.320	Screaming Frog SEO Spider/9
b	lRQq	2	3	473291684	246.880	Screaming Frog SEO Spider/12
b	lRQq	2	3	473291684	246.880	Screaming Frog SEO Spider/13
b	lRQq	2	4	473291684	246.880	Screaming Frog SEO Spider/8
b	lRQq	2	6	236645842	123.440	Screaming Frog SEO Spider/10
b	lRQq	2	1	236645842	123.440	Screaming Frog SEO Spider/2
b	lRQq	2	2	236645842	123.440	Screaming Frog SEO Spider/3
b	lRQq	2	1	236645842	123.440	Screaming Frog SEO Spider/4
b	lRQq	2	3	236645842	123.440	Screaming Frog SEO Spider/5
b	lRQq	2	1	236645842	123.440	Screaming Frog SEO Spider/14
b	lRQq	2	1	236645842	123.440	Screaming Frog SEO Spider/6
b	lRQq	2	2	236645842	123.440	Screaming Frog SEO Spider/7
b	lRQq	1	314	3549687630	1851.602	Wget
b	lRQq	2	314	3549687630	1851.602	Wget/1
b	lRQq	1	20	3549687630	1851.602	com.google.GoogleMobile
b	lRQq	2	3	709937526	370.320	com.google.GoogleMobile/42
b	lRQq	2	2	473291684	246.880	com.google.GoogleMobile/62
b	lRQq	2	2	473291684	246.880	com.google.GoogleMobile/67
b	lRQq	2	2	473291684	246.880	com.google.GoogleMobile/41
b	lRQq	2	1	236645842	123.440	com.google.GoogleMobile/72
b	lRQq	2	1	236645842	123.440	com.google.GoogleMobile/65
b	lRQq	2	3	236645842	123.440	com.google.GoogleMobile/38
b	lRQq	2	3	236645842	123.440	com.google.GoogleMobile/60
b	lRQq	2	1	236645842	123.440	com.google.GoogleMobile/61
b	lRQq	2	2	236645842	123.440	com.google.GoogleMobile/34
b	lRQq	1	32	3549687630	1851.602	WordPress
b	lRQq	2	19	2603104262	1357.842	WordPress/4
b	lRQq	2	13	946583368	493.761	WordPress/3
b	lRQq	1	44	3313041788	1728.162	UCWEB
b	lRQq	2	44	3313041788	1728.162	UCWEB/2
b	lRQq	1	59	3277699648	1709.727	Dalvik
b	lRQq	2	27	4259625156	2221.923	Dalvik/1
b	lRQq	2	32	3313041788	1728.162	Dalvik/2
b	lRQq	1	1501	3277699648	1709.727	Apache-HttpClient
b	lRQq	2	1500	3041053806	1586.287	Apache-HttpClient/4
b	lRQq	2	1	236645842	123.440	Apache-HttpClient/UNAVAILABLE
b	lRQq	1	785	3076395946	1604.722	Python-urllib
b	lRQq	2	728	1419875052	740.641	Python-urllib/2
b	lRQq	2	52	1183229210	617.201	Python-urllib/3
b	lRQq	2	5	473291684	246.880	Python-urllib/1
b	lRQq	1	54	3076395946	1604.722	Google
b	lRQq	2	50	2603104262	1357.842	Google/2
b	lRQq	2	4	473291684	246.880	Google/1
b	lRQq	1	129	3076395946	1604.722	AppEngine-Google; ( http:
b	lRQq	2	129	3076395946	1604.722	AppEngine-Google; ( http://code
b	lRQq	1	36	2839750104	1481.282	PHP
b	lRQq	2	26	2366458420	1234.402	PHP/5
b	lRQq	2	1	236645842	123.440	PHP/4
b	lRQq	1	131	2366458420	1234.402	Lynx
b	lRQq	2	131	2366458420	1234.402	Lynx/2
b	lRQq	1	646949	2960280315	1544.153	[not listed: 775]
p	*f	0Q	s
p	lR	1	213844	OS unknown
p	lR	1	511668	Windows
p	lR	2	42602	Windows NT
p	lR	2	215362	Unknown Windows
p	lR	2	237899	Windows XP
p	lR	2	389	Windows CE
p	lR	2	2146	Windows 95
p	lR	2	2314	Windows 98
p	lR	2	9188	Windows 2000
p	lR	2	377	Windows 3.1
p	lR	2	1391	Windows ME
p	lR	1	48494	Unix
p	lR	2	47760	Linux
p	lR	2	22	SunOS
p	lR	2	43	BSD
p	lR	2	666	Other Unix
p	lR	2	3	HP-UX
p	lR	1	64868	Known robots
p	lR	1	75922	Macintosh
p	lR	2	71904	Unknown Macintosh
p	lR	2	907	Macintosh 68k
p	lR	2	3111	Macintosh PowerPC
p	lR	1	16	WebTV
p	lR	1	1	BeOS
p	lR	1	8	OS/2
p	lR	1	6	Amiga
i	*f	0R	s
i	lRc	1	532452	50.138	[root directory]
i	lRc	1	245325	49.620	/images/
i	lRc	1	94671	0.138	/js/
i	lRc	1	49814	0.104	/css/
i	lRc	1	865	0.000	/videos/
i	lRc	1	541	0.000	/client/
i	lRc	1	1	0.000	/cgi-bin/
i	lRc	1	172	0.000	/dev/
i	lRc	2	23	0.000	/dev/css/
i	lRc	2	44	0.000	/dev/js/
i	lRc	2	59	0.000	/dev/images/
i	lRc	1	1	0.000	/secure/
i	lRc	1	60	0.000	/stats/
r	*f	0.050000%S	s
r	lRSc	1	25164	34	2.093	/aboutus.html
r	lRSc	1	21566	33	21.247	/compnews.html
r	lRSc	1	16479	32	1.178	/contactus.html
r	lRSc	1	15709	29	1.518	/cfmt.html
r	lRSc	1	20388	28	2.452	/uasfc.html
r	lRSc	1	4150	27	1.629	/gt380+rpas.html
r	lRSc	1	12211	27	1.082	/pna.html
r	lRSc	1	7318	27	1.701	/sru.html
r	lRSc	1	16298	25	2.325	/consultinga.html
r	lRSc	1	4270	25	1.572	/gt1500+rpas.html
r	lRSc	1	15703	24	1.858	/cct&m.html
r	lRSc	1	3917	23	1.463	/gt50t+rpas.html
r	lRSc	1	13176	22	1.342	/indevents.html
r	lRSc	1	13724	21	0.813	/employment.html
r	lRSc	1	26369	14	55.669	/indnews.html
r	lRSc	2	120	2	7.955	/indnews.html?referer=www.clickfind.com.au/wp-login.php
r	lRSc	2	1	0	0.000	/indnews.html?referer=top1.co.pl
r	lRSc	2	1	0	0.000	/indnews.html?referer=www.clickfind.com.au//wp-content/themes/busybee/thumb.php?src=http://blogger.com.opontodaarte.com.br/java.php
r	lRSc	1	11995	13	0.944	/faq.html
r	lRSc	1	13814	11	0.773	/links.html
r	lRSc	1	9312	4	0.082	/rd.html
r	lRSc	1	3835	3	0.122	/gtatexan.html
r	lRSc	1	3743	2	0.068	/banditomav.html
r	lRSc	1	3660	1	0.068	/bandituas.html
r	lRSc	1	1	0	0.000	/client/bandito timeline2007.html
r	lRSc	1	2	0	0.000	/client/bandit+timeline2004.html
r	lRSc	1	1	0	0.000	/stats/quick.html
r	lRSc	1	1	0	0.000	/404.htm
r	lRSc	1	12	0	0.000	/client/gta010707002.html
r	lRSc	1	72	0	0.000	/client/bandito+development.html
r	lRSc	1	135	0	0.000	/client/welcome.html
r	lRSc	1	3	0	0.000	/client/gta021305001.html
r	lRSc	1	1	0	0.000	/stats/browserrep.html
r	lRSc	1	741	0	0.000	/gt50t rpas.html
r	lRSc	1	5	0	0.000	/client/gta012405001.html
r	lRSc	1	2	0	0.000	/dev/contactus.html
r	lRSc	1	3	0	0.000	/stats/general.html
r	lRSc	1	1	0	0.000	/dev/aboutus.html
r	lRSc	1	18	0	0.000	/client/tacamo+development.html
r	lRSc	1	1	0	0.000	/client/bandit development.html
r	lRSc	1	17	0	0.000	/client/bandit+timeline2008.html
r	lRSc	1	1	0	0.000	/client/bandito+timeline2005.html
r	lRSc	1	23	0	0.000	/client/projectbids.html
r	lRSc	1	1	0	0.000	/stats/host.html
r	lRSc	1	11	0	0.000	/client/rq2+outlaw.html
r	lRSc	1	1	0	0.000	/client/bandit timeline2008.html
r	lRSc	1	20	0	0.000	/client/clientpna.html
r	lRSc	1	15	0	0.000	/client/bandit.html
r	lRSc	1	2	0	0.000	/stats/default.asp
r	lRSc	1	21	0	0.000	/index.htm
r	lRSc	1	1	0	0.000	/cgi-bin/testms.pl
r	lRSc	1	974	0	0.000	/gtamt.html
r	lRSc	1	14	0	0.000	/client/rq1+bandit.html
r	lRSc	1	2253	0	0.000	/gt1500 rpas.html
r	lRSc	1	6	0	0.000	/client/gta021305002.html
r	lRSc	1	4	0	0.000	/client/gta121004001.html
r	lRSc	1	24	0	0.000	/client/tacamo.html
r	lRSc	1	30	0	0.000	/client/mgqgcyat.asp
r	lRSc	1	1	0	0.000	/dev/client.cgi
r	lRSc	1	18702	0	0.000	/default.asp
r	lRSc	1	1666	0	0.000	/gt380 rpas.html
r	lRSc	1	1	0	0.000	/client/bandito+timeline2006.html
r	lRSc	1	16	0	0.000	/client/rq3+bandito.html
r	lRSc	1	1	0	0.000	/dev/uasfc.html
r	lRSc	1	229	0	0.000	/client.cgi
r	lRSc	1	71	0	0.000	/client/bandit+development.html
r	lRSc	1	2	0	0.000	/client/bandito development.html
r	lRSc	1	2	0	0.000	/stats/yearly.html
r	lRSc	1	2	0	0.000	/stats/domain.html
r	lRSc	1	1	0	0.000	/stats/monthly.html
r	lRSc	1	1	0	0.000	/stats/weekly.html
r	lRSc	1	8	0	0.000	/client/gta010707001.html
r	lRSc	1	3978	0	0.000	/uavengines.html
r	lRSc	1	3749	0	0.000	/bidspridpass.html
r	lRSc	1	6356	0	0.000	/pridpass.html
r	lRSc	1	12	0	0.000	/client/bandito.html
r	lRSc	1	1	0	0.000	/dev/pna.html
r	lRSc	1	1	0	0.000	/client/tacamo development.html
r	lRSc	1	3	0	0.000	/stats/index.htm
r	lRSc	1	3	0	0.000	/stats/nav.html
r	lRSc	1	1	0	0.000	/stats/quarterly.html
r	lRSc	1	2	0	0.000	/stats/directory.html
r	lRSc	1	2	0	0.000	/stats/organisation.html
r	lRSc	1	8	0	0.000	/client/bandito+timeline2007.html
r	lRSc	1	7	0	0.000	/client/bandit+timeline2007.html
r	lRSc	1	1	0	0.000	/dev/pridpass.html
t	*f	0.100000%B	b
t	lRb	1	283055	40.242	.html [Hypertext Markup Language]
t	lRb	1	188242	27.398	.jpg  [JPEG graphics]
t	lRb	1	217860	22.252	[directories]
t	lRb	1	778	3.685	.wmv
t	lRb	1	87	3.618	.mpg  [MPEG movie]
t	lRb	1	18734	1.556	.asp  [Active Server REQUESTS]
t	lRb	1	57160	0.460	.gif  [GIF graphics]
t	lRb	1	94715	0.364	.js  [JavaScript code]
t	lRb	1	49829	0.322	.css  [Cascading Style Sheets]
t	lRb	1	13175	0.102	.ico
t	lRb	1	267	0.001	[not listed: 5]
z	*FR	2009	06	30	04	42
z	*LR	2021	02	26	23	42
z	ScR	115	0.000	67612	0
z	ScR	0	0.000	0	1b-  10b
z	ScR	0	0.000	0	11b- 100b
z	ScR	39	0.012	78067	101b-  1kb
z	ScR	427	4.100	429422	1kb- 10kb
z	ScR	433	40.513	298259	10kb-100kb
z	ScR	110	44.745	49919	100kb-  1Mb
z	ScR	2	10.630	580	1Mb- 10Mb
z	ScR	0	0.000	43	10Mb-100Mb
c	*FR	2014	03	02	13	52
c	*LR	2021	02	26	23	42
c	*f	0R	a
c	R	844187	200 OK
c	R	6118	206 Partial content
c	R	102	301 Document moved permanently
c	R	77	302 Document found elsewhere
c	R	73597	304 Not modified since last retrieval
c	R	559	400 Bad request
c	R	207	401 Authentication required
c	R	143	403 Access forbidden
c	R	390333	404 Document not found
c	R	716	405 Method not allowed
c	R	463	406 Document not acceptable to client
c	R	60	416 Requested range not valid
c	R	612	500 Internal server error
c	R	127	501 Request type not supported
I	*FR	2007	12	11	00	52
I	*LR	2021	02	26	20	57
I	*f	-30S	s
I	lRS	1	92570	134	/robots.txt
I	lRS	1	343	13	/.env
I	lRS	1	2433	12	/ads.txt
I	lRS	1	26	8	/.git/head
I	lRS	1	808	7	/
I	lRS	1	5677	7	/wp-login.php
I	lRS	1	11	3	/providers/htmleditorproviders/telerik/telerik.web.ui.dialoghandler.aspx
I	lRS	1	11	3	/common/admin/photogallery2/telerik.web.ui.dialoghandler.aspx
I	lRS	1	8	3	/components/general/admin/usercontrol/telerik.web.ui.dialoghandler.aspx
I	lRS	1	71	3	/vendor/.env
I	lRS	1	7	3	/desktopmodule/uiquestioncontrols/uiaskquestion/telerik.web.ui.dialoghandler.aspx
I	lRS	1	7	3	/admin/serverside/telerik.web.ui.dialoghandler.aspx
I	lRS	1	6	3	/desktopmodules/news/telerik.web.ui.dialoghandler.aspx
I	lRS	1	11	3	/telerik.web.ui.dialoghandler.aspx
I	lRS	1	8	3	/common/admin/calendar/telerik.web.ui.dialoghandler.aspx
I	lRS	1	1454	3	/xmlrpc.php
I	lRS	1	6	3	/desktopmodules/base/editcontrols/telerik.web.ui.dialoghandler.aspx
I	lRS	1	11	3	/desktopmodules/dnnwerk.radeditorprovider/dialoghandler.aspx
I	lRS	1	6	3	/el/providers/htmleditorproviders/telerik/telerik.web.ui.dialoghandler.aspx
I	lRS	1	7	3	/desktopmodules/tncomments/telerik.web.ui.dialoghandler.aspx
I	lRS	1	9	3	/modules/shop/manage/telerik.web.ui.dialoghandler.aspx
I	lRS	1	6	3	/admin/telerik.web.ui.dialoghandler.aspx
I	lRS	1	7	3	/modules/cms/telerik.web.ui.dialoghandler.aspx
I	lRS	1	6	3	/desktopmodules/ya.controls/angularmain/telerik.web.ui.dialoghandler.aspx
I	lRS	1	8	3	/_controls/responsive/telerik.web.ui.dialoghandler.aspx
I	lRS	1	8	3	/dashboard/usercontrol/cms/page/telerik.web.ui.dialoghandler.aspx
I	lRS	1	8	3	/cms/portlets/telerik.web.ui.dialoghandler.aspx
I	lRS	1	71	3	/public/.env
I	lRS	1	8	3	/asicommon/controls/contentmanagement/contentdesigner/telerik.web.ui.dialoghandler.aspx
I	lRS	1	12	3	/desktopmodules/admin/radeditorprovider/dialoghandler.aspx
I	lRS	1	289596	81	[not listed: 21042]
L	*FR	2007	12	11	00	52
L	*LR	2021	02	26	20	57
L	*f	-20S	s
L	RS	138	112	150.136.138.129
L	RS	12	12	34.227.224.241
L	RS	22	7	66.249.73.176
L	RS	42	7	216.18.204.197
L	RS	15	6	66.249.65.20
L	RS	5	5	193.169.255.188
L	RS	5	5	193.169.254.212
L	RS	18	5	66.249.73.174
L	RS	36	5	157.55.39.44
L	RS	4	4	135.125.10.8
L	RS	8	4	34.236.55.223
L	RS	26	4	216.160.239.174
L	RS	21	4	66.249.65.18
L	RS	11	4	104.196.222.23
L	RS	11	3	34.92.71.173
L	RS	6	3	40.77.167.4
L	RS	14	3	66.249.73.172
L	RS	14	3	185.191.171.3
L	RS	2	2	217.160.247.82
L	RS	2	2	85.208.3.18
L	RS	392808	134	[not listed: 72002]
K	*FR	2013	12	22	04	20
K	*LR	2021	02	24	11	06
K	*f	-30S	s
K	lRS	1	787	2	http://gtaeronautics.com/
K	lRS	1	20766	1	http://www.gtaeronautics.com/
K	lRS	1	28804	0	[not listed: 4815]
E	*FR	2008	01	06	10	12
E	*LR	2018	02	26	21	55
E	*f	-30S	s
E	lSR	1	0	179	[not listed: 6]
l	*FR	2008	01	06	10	12
l	*LR	2018	02	26	21	55
l	*f	-20S	s
l	SR	0	179	[not listed: 98]
v	*f	-20B	b
v	Rb	657415	59.618	66.113.131.59
v	Rb	266487	40.382	64.41.87.40
R	*FR	2008	01	06	10	12
R	*LR	2018	02	26	21	55
R	*f	-20R	r
R	R	178	66.113.131.59
R	R	1	64.41.87.40
M	*FR	2007	12	11	00	52
M	*LR	2021	02	26	20	57
M	*f	-20R	r
M	R	302606	66.113.131.59
M	R	90614	64.41.87.40
J	*FR	2007	12	11	00	53
J	*LR	2017	03	17	18	30
J	*f	-20R	r
J	R	9	gtaeronautics
J	R	5	lorrigkj
J	R	1	rullma2063
J	R	1	administrator
J	R	1	satish
J	R	1	nnnnn
P	*FR	2021	01	03	12	39
P	*LR	2021	02	26	23	42
P	R	20	0
P	R	0	<= 0.01
P	R	453	0.01-0.02
P	R	21870	0.02-0.05
P	R	50689	0.05-0.1 
P	R	64336	0.1 -0.2 
P	R	63971	0.2 -0.5 
P	R	33122	0.5 -1   
P	R	17319	1-  2 
P	R	7418	2-  5 
P	R	4139	5- 10 
P	R	1457	10- 20 
P	R	1373	20- 60 
P	R	241	60-120 
P	R	67	120-300 
