x	VE	analog 5.24
x	HN	gtaeronautics.com
x	PS	2022	04	17	05	46
x	FR	2007	12	18	17	05
x	LR	2022	04	15	23	25
x	E7	2022	04	17	05	46
x	SR	1034089
x	S7	1605
x	NC	408327
x	C7	0
x	FL	420100
x	F7	390
x	RR	186
x	R7	0
x	NH	91711
x	H7	292
x	BT	42263840683
x	B7	192801468
1	Rr	23425	2.265	2022
1	Rr	98917	9.566	2021
1	Rr	89380	8.643	2020
1	Rr	80088	7.745	2019
1	Rr	68927	6.665	2018
1	Rr	60168	5.818	2017
1	Rr	73316	7.090	2016
1	Rr	80796	7.813	2015
1	Rr	110773	10.712	2014
1	Rr	65173	6.302	2013
1	Rr	60742	5.874	2012
1	Rr	57015	5.514	2011
1	Rr	22139	2.141	2010
1	Rr	69710	6.741	2009
1	Rr	71820	6.945	2008
1	Rr	1700	0.164	2007
1	*BT	R	110773	2014
Q	Rr	3555	0.344	2022	2
Q	Rr	19870	1.921	2022	1
Q	Rr	21154	2.046	2021	4
Q	Rr	26826	2.594	2021	3
Q	Rr	30675	2.966	2021	2
Q	Rr	20262	1.959	2021	1
Q	Rr	22199	2.147	2020	4
Q	Rr	23882	2.309	2020	3
Q	Rr	21656	2.094	2020	2
Q	Rr	21643	2.093	2020	1
Q	Rr	19098	1.847	2019	4
Q	Rr	19668	1.902	2019	3
Q	Rr	19827	1.917	2019	2
Q	Rr	21495	2.079	2019	1
Q	Rr	18129	1.753	2018	4
Q	Rr	17138	1.657	2018	3
Q	Rr	16928	1.637	2018	2
Q	Rr	16732	1.618	2018	1
Q	Rr	15937	1.541	2017	4
Q	Rr	0	0.000	2017	3
Q	Rr	16831	1.628	2017	2
Q	Rr	27400	2.650	2017	1
Q	Rr	22114	2.139	2016	4
Q	Rr	17621	1.704	2016	3
Q	Rr	15878	1.535	2016	2
Q	Rr	17703	1.712	2016	1
Q	Rr	16575	1.603	2015	4
Q	Rr	22104	2.138	2015	3
Q	Rr	22485	2.174	2015	2
Q	Rr	19632	1.898	2015	1
Q	Rr	21142	2.045	2014	4
Q	Rr	22272	2.154	2014	3
Q	Rr	31453	3.042	2014	2
Q	Rr	35906	3.472	2014	1
Q	Rr	16436	1.589	2013	4
Q	Rr	15216	1.471	2013	3
Q	Rr	16545	1.600	2013	2
Q	Rr	16976	1.642	2013	1
Q	Rr	16578	1.603	2012	4
Q	Rr	12511	1.210	2012	3
Q	Rr	15816	1.529	2012	2
Q	Rr	15837	1.531	2012	1
Q	Rr	15444	1.493	2011	4
Q	Rr	17386	1.681	2011	3
Q	Rr	9395	0.909	2011	2
Q	Rr	14790	1.430	2011	1
Q	Rr	1603	0.155	2010	4
Q	Rr	0	0.000	2010	3
Q	Rr	14047	1.358	2010	2
Q	Rr	6489	0.628	2010	1
Q	Rr	16350	1.581	2009	4
Q	Rr	18220	1.762	2009	3
Q	Rr	17115	1.655	2009	2
Q	Rr	18025	1.743	2009	1
Q	Rr	15905	1.538	2008	4
Q	Rr	15660	1.514	2008	3
Q	Rr	22448	2.171	2008	2
Q	Rr	17807	1.722	2008	1
Q	Rr	1700	0.164	2007	4
Q	*BT	R	35906	2014	1
m	Rr	3555	0.344	2022	04
m	Rr	6380	0.617	2022	03
m	Rr	6175	0.597	2022	02
m	Rr	7315	0.707	2022	01
m	Rr	7667	0.741	2021	12
m	Rr	7097	0.686	2021	11
m	Rr	6390	0.618	2021	10
m	Rr	6059	0.586	2021	09
m	Rr	9092	0.879	2021	08
m	Rr	11675	1.129	2021	07
m	Rr	10152	0.982	2021	06
m	Rr	10231	0.989	2021	05
m	Rr	10292	0.995	2021	04
m	Rr	7948	0.769	2021	03
m	Rr	5800	0.561	2021	02
m	Rr	6514	0.630	2021	01
m	Rr	8069	0.780	2020	12
m	Rr	6579	0.636	2020	11
m	Rr	7551	0.730	2020	10
m	Rr	8028	0.776	2020	09
m	Rr	7741	0.749	2020	08
m	Rr	8113	0.785	2020	07
m	Rr	7317	0.708	2020	06
m	Rr	6898	0.667	2020	05
m	Rr	7441	0.720	2020	04
m	Rr	7524	0.728	2020	03
m	Rr	7322	0.708	2020	02
m	Rr	6797	0.657	2020	01
m	Rr	6573	0.636	2019	12
m	Rr	5917	0.572	2019	11
m	Rr	6608	0.639	2019	10
m	Rr	6791	0.657	2019	09
m	Rr	6597	0.638	2019	08
m	Rr	6280	0.607	2019	07
m	Rr	6317	0.611	2019	06
m	Rr	6847	0.662	2019	05
m	Rr	6663	0.644	2019	04
m	Rr	7059	0.683	2019	03
m	Rr	6374	0.616	2019	02
m	Rr	8062	0.780	2019	01
m	Rr	6957	0.673	2018	12
m	Rr	5422	0.524	2018	11
m	Rr	5750	0.556	2018	10
m	Rr	5458	0.528	2018	09
m	Rr	5735	0.555	2018	08
m	Rr	5945	0.575	2018	07
m	Rr	7110	0.688	2018	06
m	Rr	6440	0.623	2018	05
m	Rr	3378	0.327	2018	04
m	Rr	5789	0.560	2018	03
m	Rr	5369	0.519	2018	02
m	Rr	5574	0.539	2018	01
m	Rr	3906	0.378	2017	12
m	Rr	6533	0.632	2017	11
m	Rr	5498	0.532	2017	10
m	Rr	0	0.000	2017	09
m	Rr	0	0.000	2017	08
m	Rr	0	0.000	2017	07
m	Rr	0	0.000	2017	06
m	Rr	6832	0.661	2017	05
m	Rr	9999	0.967	2017	04
m	Rr	11887	1.150	2017	03
m	Rr	7941	0.768	2017	02
m	Rr	7572	0.732	2017	01
m	Rr	9483	0.917	2016	12
m	Rr	7121	0.689	2016	11
m	Rr	5510	0.533	2016	10
m	Rr	6288	0.608	2016	09
m	Rr	5888	0.569	2016	08
m	Rr	5445	0.527	2016	07
m	Rr	5042	0.488	2016	06
m	Rr	5495	0.531	2016	05
m	Rr	5341	0.516	2016	04
m	Rr	5558	0.537	2016	03
m	Rr	5548	0.537	2016	02
m	Rr	6597	0.638	2016	01
m	Rr	5574	0.539	2015	12
m	Rr	5330	0.515	2015	11
m	Rr	5671	0.548	2015	10
m	Rr	6196	0.599	2015	09
m	Rr	6788	0.656	2015	08
m	Rr	9120	0.882	2015	07
m	Rr	7156	0.692	2015	06
m	Rr	5694	0.551	2015	05
m	Rr	9635	0.932	2015	04
m	Rr	6215	0.601	2015	03
m	Rr	6084	0.588	2015	02
m	Rr	7333	0.709	2015	01
m	Rr	6608	0.639	2014	12
m	Rr	6997	0.677	2014	11
m	Rr	7537	0.729	2014	10
m	Rr	7043	0.681	2014	09
m	Rr	7324	0.708	2014	08
m	Rr	7905	0.764	2014	07
m	Rr	11654	1.127	2014	06
m	Rr	9211	0.891	2014	05
m	Rr	10588	1.024	2014	04
m	Rr	7817	0.756	2014	03
m	Rr	15229	1.473	2014	02
m	Rr	12860	1.244	2014	01
m	Rr	5325	0.515	2013	12
m	Rr	5513	0.533	2013	11
m	Rr	5598	0.541	2013	10
m	Rr	4655	0.450	2013	09
m	Rr	4938	0.478	2013	08
m	Rr	5623	0.544	2013	07
m	Rr	5492	0.531	2013	06
m	Rr	5211	0.504	2013	05
m	Rr	5842	0.565	2013	04
m	Rr	6068	0.587	2013	03
m	Rr	5055	0.489	2013	02
m	Rr	5853	0.566	2013	01
m	Rr	5688	0.550	2012	12
m	Rr	5477	0.530	2012	11
m	Rr	5413	0.523	2012	10
m	Rr	4331	0.419	2012	09
m	Rr	3866	0.374	2012	08
m	Rr	4314	0.417	2012	07
m	Rr	4655	0.450	2012	06
m	Rr	6047	0.585	2012	05
m	Rr	5114	0.495	2012	04
m	Rr	6128	0.593	2012	03
m	Rr	5430	0.525	2012	02
m	Rr	4279	0.414	2012	01
m	Rr	5548	0.537	2011	12
m	Rr	4779	0.462	2011	11
m	Rr	5117	0.495	2011	10
m	Rr	5431	0.525	2011	09
m	Rr	6256	0.605	2011	08
m	Rr	5699	0.551	2011	07
m	Rr	5420	0.524	2011	06
m	Rr	3975	0.384	2011	05
m	Rr	0	0.000	2011	04
m	Rr	3608	0.349	2011	03
m	Rr	5171	0.500	2011	02
m	Rr	6011	0.581	2011	01
m	Rr	1603	0.155	2010	12
m	Rr	0	0.000	2010	11
m	Rr	0	0.000	2010	10
m	Rr	0	0.000	2010	09
m	Rr	0	0.000	2010	08
m	Rr	0	0.000	2010	07
m	Rr	4101	0.397	2010	06
m	Rr	5018	0.485	2010	05
m	Rr	4928	0.477	2010	04
m	Rr	5095	0.493	2010	03
m	Rr	1394	0.135	2010	02
m	Rr	0	0.000	2010	01
m	Rr	4665	0.451	2009	12
m	Rr	6187	0.598	2009	11
m	Rr	5498	0.532	2009	10
m	Rr	5066	0.490	2009	09
m	Rr	5718	0.553	2009	08
m	Rr	7436	0.719	2009	07
m	Rr	5685	0.550	2009	06
m	Rr	6120	0.592	2009	05
m	Rr	5310	0.513	2009	04
m	Rr	5515	0.533	2009	03
m	Rr	6123	0.592	2009	02
m	Rr	6387	0.618	2009	01
m	Rr	5763	0.557	2008	12
m	Rr	5420	0.524	2008	11
m	Rr	4722	0.457	2008	10
m	Rr	5435	0.526	2008	09
m	Rr	4843	0.468	2008	08
m	Rr	5382	0.520	2008	07
m	Rr	6082	0.588	2008	06
m	Rr	9946	0.962	2008	05
m	Rr	6420	0.621	2008	04
m	Rr	5431	0.525	2008	03
m	Rr	6469	0.626	2008	02
m	Rr	5907	0.571	2008	01
m	Rr	1700	0.164	2007	12
m	*BT	R	15229	2014	02
W	Rr	1630	0.158	2022	04	10
W	Rr	1670	0.161	2022	04	03
W	Rr	1588	0.154	2022	03	27
W	Rr	1204	0.116	2022	03	20
W	Rr	1350	0.131	2022	03	13
W	Rr	1488	0.144	2022	03	06
W	Rr	1368	0.132	2022	02	27
W	Rr	1481	0.143	2022	02	20
W	Rr	1657	0.160	2022	02	13
W	Rr	1518	0.147	2022	02	06
W	Rr	1787	0.173	2022	01	30
W	Rr	2021	0.195	2022	01	23
W	Rr	1429	0.138	2022	01	16
W	Rr	1693	0.164	2022	01	09
W	Rr	1541	0.149	2022	01	02
W	Rr	1311	0.127	2021	12	26
W	Rr	1839	0.178	2021	12	19
W	Rr	1732	0.167	2021	12	12
W	Rr	2001	0.194	2021	12	05
W	Rr	1641	0.159	2021	11	28
W	Rr	1615	0.156	2021	11	21
W	Rr	1673	0.162	2021	11	14
W	Rr	1625	0.157	2021	11	07
W	Rr	1523	0.147	2021	10	31
W	Rr	1562	0.151	2021	10	24
W	Rr	1474	0.143	2021	10	17
W	Rr	1349	0.130	2021	10	10
W	Rr	1615	0.156	2021	10	03
W	Rr	1598	0.155	2021	09	26
W	Rr	1646	0.159	2021	09	19
W	Rr	1203	0.116	2021	09	12
W	Rr	1106	0.107	2021	09	05
W	Rr	1383	0.134	2021	08	29
W	Rr	1685	0.163	2021	08	22
W	Rr	2071	0.200	2021	08	15
W	Rr	2279	0.220	2021	08	08
W	Rr	2374	0.230	2021	08	01
W	Rr	2543	0.246	2021	07	25
W	Rr	2843	0.275	2021	07	18
W	Rr	2777	0.269	2021	07	11
W	Rr	2756	0.267	2021	07	04
W	Rr	2524	0.244	2021	06	27
W	Rr	2466	0.238	2021	06	20
W	Rr	2262	0.219	2021	06	13
W	Rr	2264	0.219	2021	06	06
W	Rr	2101	0.203	2021	05	30
W	Rr	3009	0.291	2021	05	23
W	Rr	1989	0.192	2021	05	16
W	Rr	2386	0.231	2021	05	09
W	Rr	2138	0.207	2021	05	02
W	Rr	1668	0.161	2021	04	25
W	Rr	2413	0.233	2021	04	18
W	Rr	3035	0.293	2021	04	11
W	Rr	2709	0.262	2021	04	04
W	Rr	1942	0.188	2021	03	28
W	Rr	1666	0.161	2021	03	21
W	Rr	1476	0.143	2021	03	14
W	Rr	1713	0.166	2021	03	07
W	Rr	1777	0.172	2021	02	28
W	Rr	1173	0.113	2021	02	21
W	Rr	1101	0.106	2021	02	14
W	Rr	1699	0.164	2021	02	07
W	Rr	1867	0.181	2021	01	31
W	Rr	1404	0.136	2021	01	24
W	Rr	1564	0.151	2021	01	17
W	Rr	1431	0.138	2021	01	10
W	Rr	1666	0.161	2021	01	03
W	Rr	1926	0.186	2020	12	27
W	Rr	1572	0.152	2020	12	20
W	Rr	1404	0.136	2020	12	13
W	Rr	2272	0.220	2020	12	06
W	Rr	1522	0.147	2020	11	29
W	Rr	1722	0.167	2020	11	22
W	Rr	1580	0.153	2020	11	15
W	Rr	1401	0.135	2020	11	08
W	Rr	1499	0.145	2020	11	01
W	Rr	1470	0.142	2020	10	25
W	Rr	2379	0.230	2020	10	18
W	Rr	1559	0.151	2020	10	11
W	Rr	1729	0.167	2020	10	04
W	Rr	1674	0.162	2020	09	27
W	Rr	1786	0.173	2020	09	20
W	Rr	2200	0.213	2020	09	13
W	Rr	1677	0.162	2020	09	06
W	Rr	1596	0.154	2020	08	30
W	Rr	1833	0.177	2020	08	23
W	Rr	1814	0.175	2020	08	16
W	Rr	2206	0.213	2020	08	09
W	Rr	1397	0.135	2020	08	02
W	Rr	1816	0.176	2020	07	26
W	Rr	1949	0.188	2020	07	19
W	Rr	1532	0.148	2020	07	12
W	Rr	1976	0.191	2020	07	05
W	Rr	1600	0.155	2020	06	28
W	Rr	1627	0.157	2020	06	21
W	Rr	2101	0.203	2020	06	14
W	Rr	1590	0.154	2020	06	07
W	Rr	1492	0.144	2020	05	31
W	Rr	1556	0.150	2020	05	24
W	Rr	1756	0.170	2020	05	17
W	Rr	1568	0.152	2020	05	10
W	Rr	1567	0.152	2020	05	03
W	Rr	1734	0.168	2020	04	26
W	Rr	1675	0.162	2020	04	19
W	Rr	1702	0.165	2020	04	12
W	Rr	1965	0.190	2020	04	05
W	Rr	1329	0.129	2020	03	29
W	Rr	1818	0.176	2020	03	22
W	Rr	1345	0.130	2020	03	15
W	Rr	1581	0.153	2020	03	08
W	Rr	2014	0.195	2020	03	01
W	Rr	1942	0.188	2020	02	23
W	Rr	1748	0.169	2020	02	16
W	Rr	1949	0.188	2020	02	09
W	Rr	1683	0.163	2020	02	02
W	Rr	1436	0.139	2020	01	26
W	Rr	1792	0.173	2020	01	19
W	Rr	1519	0.147	2020	01	12
W	Rr	1420	0.137	2020	01	05
W	Rr	1109	0.107	2019	12	29
W	Rr	1023	0.099	2019	12	22
W	Rr	1584	0.153	2019	12	15
W	Rr	1783	0.172	2019	12	08
W	Rr	1704	0.165	2019	12	01
W	Rr	1178	0.114	2019	11	24
W	Rr	1697	0.164	2019	11	17
W	Rr	1510	0.146	2019	11	10
W	Rr	1383	0.134	2019	11	03
W	Rr	1309	0.127	2019	10	27
W	Rr	1473	0.142	2019	10	20
W	Rr	1519	0.147	2019	10	13
W	Rr	1485	0.144	2019	10	06
W	Rr	1416	0.137	2019	09	29
W	Rr	1499	0.145	2019	09	22
W	Rr	1652	0.160	2019	09	15
W	Rr	1710	0.165	2019	09	08
W	Rr	1485	0.144	2019	09	01
W	Rr	1689	0.163	2019	08	25
W	Rr	1315	0.127	2019	08	18
W	Rr	1619	0.157	2019	08	11
W	Rr	1558	0.151	2019	08	04
W	Rr	1360	0.132	2019	07	28
W	Rr	1191	0.115	2019	07	21
W	Rr	1730	0.167	2019	07	14
W	Rr	1299	0.126	2019	07	07
W	Rr	1339	0.129	2019	06	30
W	Rr	1592	0.154	2019	06	23
W	Rr	1497	0.145	2019	06	16
W	Rr	1450	0.140	2019	06	09
W	Rr	1555	0.150	2019	06	02
W	Rr	1289	0.125	2019	05	26
W	Rr	1863	0.180	2019	05	19
W	Rr	1385	0.134	2019	05	12
W	Rr	1553	0.150	2019	05	05
W	Rr	1655	0.160	2019	04	28
W	Rr	1282	0.124	2019	04	21
W	Rr	1503	0.145	2019	04	14
W	Rr	1623	0.157	2019	04	07
W	Rr	1715	0.166	2019	03	31
W	Rr	1882	0.182	2019	03	24
W	Rr	1464	0.142	2019	03	17
W	Rr	1381	0.134	2019	03	10
W	Rr	1627	0.157	2019	03	03
W	Rr	1773	0.171	2019	02	24
W	Rr	1669	0.161	2019	02	17
W	Rr	1483	0.143	2019	02	10
W	Rr	1391	0.135	2019	02	03
W	Rr	1797	0.174	2019	01	27
W	Rr	1963	0.190	2019	01	20
W	Rr	2029	0.196	2019	01	13
W	Rr	1696	0.164	2019	01	06
W	Rr	1526	0.148	2018	12	30
W	Rr	1226	0.119	2018	12	23
W	Rr	1442	0.139	2018	12	16
W	Rr	1936	0.187	2018	12	09
W	Rr	1809	0.175	2018	12	02
W	Rr	1295	0.125	2018	11	25
W	Rr	1820	0.176	2018	11	18
W	Rr	1802	0.174	2018	11	11
W	Rr	0	0.000	2018	11	04
W	Rr	1473	0.142	2018	10	28
W	Rr	1106	0.107	2018	10	21
W	Rr	1427	0.138	2018	10	14
W	Rr	1214	0.117	2018	10	07
W	Rr	1168	0.113	2018	09	30
W	Rr	1420	0.137	2018	09	23
W	Rr	1197	0.116	2018	09	16
W	Rr	1388	0.134	2018	09	09
W	Rr	1320	0.128	2018	09	02
W	Rr	1246	0.120	2018	08	26
W	Rr	1214	0.117	2018	08	19
W	Rr	1366	0.132	2018	08	12
W	Rr	1195	0.116	2018	08	05
W	Rr	1346	0.130	2018	07	29
W	Rr	1374	0.133	2018	07	22
W	Rr	1508	0.146	2018	07	15
W	Rr	1522	0.147	2018	07	08
W	Rr	909	0.088	2018	07	01
W	Rr	1444	0.140	2018	06	24
W	Rr	2682	0.259	2018	06	17
W	Rr	1365	0.132	2018	06	10
W	Rr	1329	0.129	2018	06	03
W	Rr	1275	0.123	2018	05	27
W	Rr	1392	0.135	2018	05	20
W	Rr	1321	0.128	2018	05	13
W	Rr	1527	0.148	2018	05	06
W	Rr	1517	0.147	2018	04	29
W	Rr	0	0.000	2018	04	22
W	Rr	1364	0.132	2018	04	15
W	Rr	1712	0.166	2018	04	08
W	Rr	0	0.000	2018	04	01
W	Rr	1543	0.149	2018	03	25
W	Rr	1342	0.130	2018	03	18
W	Rr	2429	0.235	2018	03	11
W	Rr	0	0.000	2018	03	04
W	Rr	1366	0.132	2018	02	25
W	Rr	1308	0.126	2018	02	18
W	Rr	1439	0.139	2018	02	11
W	Rr	1731	0.167	2018	02	04
W	Rr	0	0.000	2018	01	28
W	Rr	1434	0.139	2018	01	21
W	Rr	1578	0.153	2018	01	14
W	Rr	1471	0.142	2018	01	07
W	Rr	1246	0.120	2017	12	31
W	Rr	1033	0.100	2017	12	24
W	Rr	1103	0.107	2017	12	17
W	Rr	1406	0.136	2017	12	10
W	Rr	0	0.000	2017	12	03
W	Rr	1335	0.129	2017	11	26
W	Rr	1427	0.138	2017	11	19
W	Rr	1662	0.161	2017	11	12
W	Rr	1414	0.137	2017	11	05
W	Rr	1349	0.130	2017	10	29
W	Rr	1208	0.117	2017	10	22
W	Rr	2013	0.195	2017	10	15
W	Rr	1832	0.177	2017	10	08
W	Rr	0	0.000	2017	10	01
W	Rr	0	0.000	2017	09	24
W	Rr	0	0.000	2017	09	17
W	Rr	0	0.000	2017	09	10
W	Rr	0	0.000	2017	09	03
W	Rr	0	0.000	2017	08	27
W	Rr	0	0.000	2017	08	20
W	Rr	0	0.000	2017	08	13
W	Rr	0	0.000	2017	08	06
W	Rr	0	0.000	2017	07	30
W	Rr	0	0.000	2017	07	23
W	Rr	0	0.000	2017	07	16
W	Rr	0	0.000	2017	07	09
W	Rr	0	0.000	2017	07	02
W	Rr	0	0.000	2017	06	25
W	Rr	0	0.000	2017	06	18
W	Rr	0	0.000	2017	06	11
W	Rr	0	0.000	2017	06	04
W	Rr	25	0.002	2017	05	28
W	Rr	1838	0.178	2017	05	21
W	Rr	1915	0.185	2017	05	14
W	Rr	1676	0.162	2017	05	07
W	Rr	1677	0.162	2017	04	30
W	Rr	2071	0.200	2017	04	23
W	Rr	1978	0.191	2017	04	16
W	Rr	1874	0.181	2017	04	09
W	Rr	3435	0.332	2017	04	02
W	Rr	2619	0.253	2017	03	26
W	Rr	2633	0.255	2017	03	19
W	Rr	2413	0.233	2017	03	12
W	Rr	3092	0.299	2017	03	05
W	Rr	2295	0.222	2017	02	26
W	Rr	2204	0.213	2017	02	19
W	Rr	1869	0.181	2017	02	12
W	Rr	1973	0.191	2017	02	05
W	Rr	1783	0.172	2017	01	29
W	Rr	1768	0.171	2017	01	22
W	Rr	1585	0.153	2017	01	15
W	Rr	1768	0.171	2017	01	08
W	Rr	1740	0.168	2017	01	01
W	Rr	1549	0.150	2016	12	25
W	Rr	2202	0.213	2016	12	18
W	Rr	1812	0.175	2016	12	11
W	Rr	2648	0.256	2016	12	04
W	Rr	2236	0.216	2016	11	27
W	Rr	1321	0.128	2016	11	20
W	Rr	1996	0.193	2016	11	13
W	Rr	1716	0.166	2016	11	06
W	Rr	1564	0.151	2016	10	30
W	Rr	1362	0.132	2016	10	23
W	Rr	1707	0.165	2016	10	16
W	Rr	1696	0.164	2016	10	09
W	Rr	36	0.003	2016	10	02
W	Rr	2002	0.194	2016	09	25
W	Rr	1399	0.135	2016	09	18
W	Rr	1199	0.116	2016	09	11
W	Rr	1326	0.128	2016	09	04
W	Rr	1316	0.127	2016	08	28
W	Rr	1257	0.122	2016	08	21
W	Rr	1208	0.117	2016	08	14
W	Rr	1602	0.155	2016	08	07
W	Rr	1319	0.128	2016	07	31
W	Rr	1796	0.174	2016	07	24
W	Rr	1171	0.113	2016	07	17
W	Rr	1167	0.113	2016	07	10
W	Rr	917	0.089	2016	07	03
W	Rr	920	0.089	2016	06	26
W	Rr	1179	0.114	2016	06	19
W	Rr	1288	0.125	2016	06	12
W	Rr	1237	0.120	2016	06	05
W	Rr	1263	0.122	2016	05	29
W	Rr	1338	0.129	2016	05	22
W	Rr	1184	0.114	2016	05	15
W	Rr	1365	0.132	2016	05	08
W	Rr	974	0.094	2016	05	01
W	Rr	1311	0.127	2016	04	24
W	Rr	1127	0.109	2016	04	17
W	Rr	1248	0.121	2016	04	10
W	Rr	1451	0.140	2016	04	03
W	Rr	987	0.095	2016	03	27
W	Rr	1233	0.119	2016	03	20
W	Rr	1347	0.130	2016	03	13
W	Rr	1347	0.130	2016	03	06
W	Rr	1236	0.120	2016	02	28
W	Rr	1422	0.138	2016	02	21
W	Rr	1085	0.105	2016	02	14
W	Rr	1427	0.138	2016	02	07
W	Rr	1359	0.131	2016	01	31
W	Rr	1708	0.165	2016	01	24
W	Rr	1476	0.143	2016	01	17
W	Rr	1563	0.151	2016	01	10
W	Rr	1381	0.134	2016	01	03
W	Rr	1273	0.123	2015	12	27
W	Rr	1084	0.105	2015	12	20
W	Rr	1344	0.130	2015	12	13
W	Rr	1336	0.129	2015	12	06
W	Rr	1123	0.109	2015	11	29
W	Rr	960	0.093	2015	11	22
W	Rr	1337	0.129	2015	11	15
W	Rr	1400	0.135	2015	11	08
W	Rr	1383	0.134	2015	11	01
W	Rr	1250	0.121	2015	10	25
W	Rr	1366	0.132	2015	10	18
W	Rr	1367	0.132	2015	10	11
W	Rr	1214	0.117	2015	10	04
W	Rr	1152	0.111	2015	09	27
W	Rr	1387	0.134	2015	09	20
W	Rr	1655	0.160	2015	09	13
W	Rr	1526	0.148	2015	09	06
W	Rr	1242	0.120	2015	08	30
W	Rr	1800	0.174	2015	08	23
W	Rr	1527	0.148	2015	08	16
W	Rr	1386	0.134	2015	08	09
W	Rr	1593	0.154	2015	08	02
W	Rr	1567	0.152	2015	07	26
W	Rr	1980	0.191	2015	07	19
W	Rr	2180	0.211	2015	07	12
W	Rr	2008	0.194	2015	07	05
W	Rr	2297	0.222	2015	06	28
W	Rr	1556	0.150	2015	06	21
W	Rr	1380	0.133	2015	06	14
W	Rr	2013	0.195	2015	06	07
W	Rr	1651	0.160	2015	05	31
W	Rr	1224	0.118	2015	05	24
W	Rr	1355	0.131	2015	05	17
W	Rr	1179	0.114	2015	05	10
W	Rr	1436	0.139	2015	05	03
W	Rr	1671	0.162	2015	04	26
W	Rr	1878	0.182	2015	04	19
W	Rr	2326	0.225	2015	04	12
W	Rr	2636	0.255	2015	04	05
W	Rr	2297	0.222	2015	03	29
W	Rr	1237	0.120	2015	03	22
W	Rr	1453	0.141	2015	03	15
W	Rr	1399	0.135	2015	03	08
W	Rr	1287	0.124	2015	03	01
W	Rr	1249	0.121	2015	02	22
W	Rr	1373	0.133	2015	02	15
W	Rr	1790	0.173	2015	02	08
W	Rr	1672	0.162	2015	02	01
W	Rr	1543	0.149	2015	01	25
W	Rr	1463	0.141	2015	01	18
W	Rr	1696	0.164	2015	01	11
W	Rr	1707	0.165	2015	01	04
W	Rr	1833	0.177	2014	12	28
W	Rr	1335	0.129	2014	12	21
W	Rr	1644	0.159	2014	12	14
W	Rr	1541	0.149	2014	12	07
W	Rr	1335	0.129	2014	11	30
W	Rr	1262	0.122	2014	11	23
W	Rr	2009	0.194	2014	11	16
W	Rr	1566	0.151	2014	11	09
W	Rr	1814	0.175	2014	11	02
W	Rr	1452	0.140	2014	10	26
W	Rr	1642	0.159	2014	10	19
W	Rr	1795	0.174	2014	10	12
W	Rr	1836	0.178	2014	10	05
W	Rr	1662	0.161	2014	09	28
W	Rr	1843	0.178	2014	09	21
W	Rr	1678	0.162	2014	09	14
W	Rr	1598	0.155	2014	09	07
W	Rr	1418	0.137	2014	08	31
W	Rr	1584	0.153	2014	08	24
W	Rr	1571	0.152	2014	08	17
W	Rr	1727	0.167	2014	08	10
W	Rr	1927	0.186	2014	08	03
W	Rr	1691	0.164	2014	07	27
W	Rr	1702	0.165	2014	07	20
W	Rr	1624	0.157	2014	07	13
W	Rr	1831	0.177	2014	07	06
W	Rr	1867	0.181	2014	06	29
W	Rr	1927	0.186	2014	06	22
W	Rr	2134	0.206	2014	06	15
W	Rr	4851	0.469	2014	06	08
W	Rr	2293	0.222	2014	06	01
W	Rr	3180	0.308	2014	05	25
W	Rr	1468	0.142	2014	05	18
W	Rr	1808	0.175	2014	05	11
W	Rr	1998	0.193	2014	05	04
W	Rr	1876	0.181	2014	04	27
W	Rr	2330	0.225	2014	04	20
W	Rr	2565	0.248	2014	04	13
W	Rr	2652	0.256	2014	04	06
W	Rr	2574	0.249	2014	03	30
W	Rr	1186	0.115	2014	03	23
W	Rr	1305	0.126	2014	03	16
W	Rr	2273	0.220	2014	03	09
W	Rr	2231	0.216	2014	03	02
W	Rr	1925	0.186	2014	02	23
W	Rr	7060	0.683	2014	02	16
W	Rr	2854	0.276	2014	02	09
W	Rr	3190	0.308	2014	02	02
W	Rr	3743	0.362	2014	01	26
W	Rr	3643	0.352	2014	01	19
W	Rr	2961	0.286	2014	01	12
W	Rr	2319	0.224	2014	01	05
W	Rr	981	0.095	2013	12	29
W	Rr	1108	0.107	2013	12	22
W	Rr	1226	0.119	2013	12	15
W	Rr	1285	0.124	2013	12	08
W	Rr	1289	0.125	2013	12	01
W	Rr	1404	0.136	2013	11	24
W	Rr	1142	0.110	2013	11	17
W	Rr	1334	0.129	2013	11	10
W	Rr	1277	0.123	2013	11	03
W	Rr	1035	0.100	2013	10	27
W	Rr	1309	0.127	2013	10	20
W	Rr	1302	0.126	2013	10	13
W	Rr	1432	0.138	2013	10	06
W	Rr	1178	0.114	2013	09	29
W	Rr	947	0.092	2013	09	22
W	Rr	1254	0.121	2013	09	15
W	Rr	1099	0.106	2013	09	08
W	Rr	1053	0.102	2013	09	01
W	Rr	1010	0.098	2013	08	25
W	Rr	1102	0.107	2013	08	18
W	Rr	1063	0.103	2013	08	11
W	Rr	1105	0.107	2013	08	04
W	Rr	1377	0.133	2013	07	28
W	Rr	1498	0.145	2013	07	21
W	Rr	1295	0.125	2013	07	14
W	Rr	1237	0.120	2013	07	07
W	Rr	1003	0.097	2013	06	30
W	Rr	1275	0.123	2013	06	23
W	Rr	1072	0.104	2013	06	16
W	Rr	1249	0.121	2013	06	09
W	Rr	1521	0.147	2013	06	02
W	Rr	1256	0.121	2013	05	26
W	Rr	1091	0.106	2013	05	19
W	Rr	1359	0.131	2013	05	12
W	Rr	1130	0.109	2013	05	05
W	Rr	1215	0.117	2013	04	28
W	Rr	1368	0.132	2013	04	21
W	Rr	1318	0.127	2013	04	14
W	Rr	1408	0.136	2013	04	07
W	Rr	1277	0.123	2013	03	31
W	Rr	1452	0.140	2013	03	24
W	Rr	1418	0.137	2013	03	17
W	Rr	1217	0.118	2013	03	10
W	Rr	1490	0.144	2013	03	03
W	Rr	1353	0.131	2013	02	24
W	Rr	1268	0.123	2013	02	17
W	Rr	1274	0.123	2013	02	10
W	Rr	1153	0.111	2013	02	03
W	Rr	1266	0.122	2013	01	27
W	Rr	1271	0.123	2013	01	20
W	Rr	1449	0.140	2013	01	13
W	Rr	1253	0.121	2013	01	06
W	Rr	1309	0.127	2012	12	30
W	Rr	1156	0.112	2012	12	23
W	Rr	1336	0.129	2012	12	16
W	Rr	1575	0.152	2012	12	09
W	Rr	1087	0.105	2012	12	02
W	Rr	1376	0.133	2012	11	25
W	Rr	1136	0.110	2012	11	18
W	Rr	1341	0.130	2012	11	11
W	Rr	1418	0.137	2012	11	04
W	Rr	1103	0.107	2012	10	28
W	Rr	1200	0.116	2012	10	21
W	Rr	1382	0.134	2012	10	14
W	Rr	1127	0.109	2012	10	07
W	Rr	1187	0.115	2012	09	30
W	Rr	1172	0.113	2012	09	23
W	Rr	1034	0.100	2012	09	16
W	Rr	944	0.091	2012	09	09
W	Rr	958	0.093	2012	09	02
W	Rr	734	0.071	2012	08	26
W	Rr	881	0.085	2012	08	19
W	Rr	874	0.085	2012	08	12
W	Rr	973	0.094	2012	08	05
W	Rr	1010	0.098	2012	07	29
W	Rr	943	0.091	2012	07	22
W	Rr	1089	0.105	2012	07	15
W	Rr	888	0.086	2012	07	08
W	Rr	845	0.082	2012	07	01
W	Rr	1070	0.103	2012	06	24
W	Rr	1050	0.102	2012	06	17
W	Rr	1271	0.123	2012	06	10
W	Rr	957	0.093	2012	06	03
W	Rr	1249	0.121	2012	05	27
W	Rr	1055	0.102	2012	05	20
W	Rr	1392	0.135	2012	05	13
W	Rr	1140	0.110	2012	05	06
W	Rr	1807	0.175	2012	04	29
W	Rr	1225	0.118	2012	04	22
W	Rr	1264	0.122	2012	04	15
W	Rr	1075	0.104	2012	04	08
W	Rr	1261	0.122	2012	04	01
W	Rr	1345	0.130	2012	03	25
W	Rr	1254	0.121	2012	03	18
W	Rr	1478	0.143	2012	03	11
W	Rr	1503	0.145	2012	03	04
W	Rr	1532	0.148	2012	02	26
W	Rr	1464	0.142	2012	02	19
W	Rr	1154	0.112	2012	02	12
W	Rr	1240	0.120	2012	02	05
W	Rr	1088	0.105	2012	01	29
W	Rr	1125	0.109	2012	01	22
W	Rr	60	0.006	2012	01	15
W	Rr	1472	0.142	2012	01	08
W	Rr	1122	0.109	2012	01	01
W	Rr	888	0.086	2011	12	25
W	Rr	1360	0.132	2011	12	18
W	Rr	1486	0.144	2011	12	11
W	Rr	1330	0.129	2011	12	04
W	Rr	1094	0.106	2011	11	27
W	Rr	1062	0.103	2011	11	20
W	Rr	1123	0.109	2011	11	13
W	Rr	975	0.094	2011	11	06
W	Rr	1264	0.122	2011	10	30
W	Rr	1140	0.110	2011	10	23
W	Rr	1211	0.117	2011	10	16
W	Rr	1236	0.120	2011	10	09
W	Rr	1128	0.109	2011	10	02
W	Rr	1083	0.105	2011	09	25
W	Rr	1451	0.140	2011	09	18
W	Rr	1278	0.124	2011	09	11
W	Rr	1219	0.118	2011	09	04
W	Rr	1316	0.127	2011	08	28
W	Rr	1119	0.108	2011	08	21
W	Rr	1484	0.144	2011	08	14
W	Rr	1671	0.162	2011	08	07
W	Rr	1319	0.128	2011	07	31
W	Rr	1197	0.116	2011	07	24
W	Rr	1504	0.145	2011	07	17
W	Rr	1367	0.132	2011	07	10
W	Rr	1205	0.117	2011	07	03
W	Rr	1333	0.129	2011	06	26
W	Rr	1059	0.102	2011	06	19
W	Rr	1353	0.131	2011	06	12
W	Rr	1275	0.123	2011	06	05
W	Rr	983	0.095	2011	05	29
W	Rr	1262	0.122	2011	05	22
W	Rr	1374	0.133	2011	05	15
W	Rr	1076	0.104	2011	05	08
W	Rr	0	0.000	2011	05	01
W	Rr	0	0.000	2011	04	24
W	Rr	0	0.000	2011	04	17
W	Rr	0	0.000	2011	04	10
W	Rr	0	0.000	2011	04	03
W	Rr	0	0.000	2011	03	27
W	Rr	24	0.002	2011	03	20
W	Rr	1317	0.127	2011	03	13
W	Rr	1258	0.122	2011	03	06
W	Rr	1372	0.133	2011	02	27
W	Rr	1226	0.119	2011	02	20
W	Rr	1524	0.147	2011	02	13
W	Rr	1366	0.132	2011	02	06
W	Rr	958	0.093	2011	01	30
W	Rr	1273	0.123	2011	01	23
W	Rr	1560	0.151	2011	01	16
W	Rr	1472	0.142	2011	01	09
W	Rr	1310	0.127	2011	01	02
W	Rr	798	0.077	2010	12	26
W	Rr	935	0.090	2010	12	19
W	Rr	0	0.000	2010	12	12
W	Rr	0	0.000	2010	12	05
W	Rr	0	0.000	2010	11	28
W	Rr	0	0.000	2010	11	21
W	Rr	0	0.000	2010	11	14
W	Rr	0	0.000	2010	11	07
W	Rr	0	0.000	2010	10	31
W	Rr	0	0.000	2010	10	24
W	Rr	0	0.000	2010	10	17
W	Rr	0	0.000	2010	10	10
W	Rr	0	0.000	2010	10	03
W	Rr	0	0.000	2010	09	26
W	Rr	0	0.000	2010	09	19
W	Rr	0	0.000	2010	09	12
W	Rr	0	0.000	2010	09	05
W	Rr	0	0.000	2010	08	29
W	Rr	0	0.000	2010	08	22
W	Rr	0	0.000	2010	08	15
W	Rr	0	0.000	2010	08	08
W	Rr	0	0.000	2010	08	01
W	Rr	0	0.000	2010	07	25
W	Rr	0	0.000	2010	07	18
W	Rr	0	0.000	2010	07	11
W	Rr	0	0.000	2010	07	04
W	Rr	15	0.001	2010	06	27
W	Rr	914	0.088	2010	06	20
W	Rr	1104	0.107	2010	06	13
W	Rr	1096	0.106	2010	06	06
W	Rr	1171	0.113	2010	05	30
W	Rr	1115	0.108	2010	05	23
W	Rr	1170	0.113	2010	05	16
W	Rr	1334	0.129	2010	05	09
W	Rr	1109	0.107	2010	05	02
W	Rr	1067	0.103	2010	04	25
W	Rr	1212	0.117	2010	04	18
W	Rr	1054	0.102	2010	04	11
W	Rr	1325	0.128	2010	04	04
W	Rr	811	0.078	2010	03	28
W	Rr	1195	0.116	2010	03	21
W	Rr	1338	0.129	2010	03	14
W	Rr	1113	0.108	2010	03	07
W	Rr	1103	0.107	2010	02	28
W	Rr	1290	0.125	2010	02	21
W	Rr	0	0.000	2010	02	14
W	Rr	0	0.000	2010	02	07
W	Rr	0	0.000	2010	01	31
W	Rr	0	0.000	2010	01	24
W	Rr	0	0.000	2010	01	17
W	Rr	0	0.000	2010	01	10
W	Rr	0	0.000	2010	01	03
W	Rr	78	0.008	2009	12	27
W	Rr	945	0.091	2009	12	20
W	Rr	1140	0.110	2009	12	13
W	Rr	1323	0.128	2009	12	06
W	Rr	1518	0.147	2009	11	29
W	Rr	1352	0.131	2009	11	22
W	Rr	1346	0.130	2009	11	15
W	Rr	1416	0.137	2009	11	08
W	Rr	1734	0.168	2009	11	01
W	Rr	1035	0.100	2009	10	25
W	Rr	1297	0.125	2009	10	18
W	Rr	1267	0.123	2009	10	11
W	Rr	1440	0.139	2009	10	04
W	Rr	1521	0.147	2009	09	27
W	Rr	1121	0.108	2009	09	20
W	Rr	875	0.085	2009	09	13
W	Rr	1032	0.100	2009	09	06
W	Rr	1283	0.124	2009	08	30
W	Rr	1214	0.117	2009	08	23
W	Rr	1402	0.136	2009	08	16
W	Rr	1260	0.122	2009	08	09
W	Rr	1404	0.136	2009	08	02
W	Rr	1380	0.133	2009	07	26
W	Rr	1470	0.142	2009	07	19
W	Rr	1750	0.169	2009	07	12
W	Rr	1847	0.179	2009	07	05
W	Rr	1889	0.183	2009	06	28
W	Rr	1312	0.127	2009	06	21
W	Rr	1093	0.106	2009	06	14
W	Rr	1363	0.132	2009	06	07
W	Rr	1251	0.121	2009	05	31
W	Rr	1352	0.131	2009	05	24
W	Rr	1133	0.110	2009	05	17
W	Rr	1887	0.182	2009	05	10
W	Rr	1369	0.132	2009	05	03
W	Rr	1089	0.105	2009	04	26
W	Rr	1160	0.112	2009	04	19
W	Rr	1189	0.115	2009	04	12
W	Rr	1529	0.148	2009	04	05
W	Rr	1155	0.112	2009	03	29
W	Rr	1230	0.119	2009	03	22
W	Rr	1029	0.100	2009	03	15
W	Rr	1234	0.119	2009	03	08
W	Rr	1486	0.144	2009	03	01
W	Rr	1470	0.142	2009	02	22
W	Rr	1198	0.116	2009	02	15
W	Rr	1802	0.174	2009	02	08
W	Rr	1653	0.160	2009	02	01
W	Rr	1346	0.130	2009	01	25
W	Rr	1431	0.138	2009	01	18
W	Rr	1678	0.162	2009	01	11
W	Rr	1591	0.154	2009	01	04
W	Rr	886	0.086	2008	12	28
W	Rr	1148	0.111	2008	12	21
W	Rr	1428	0.138	2008	12	14
W	Rr	1508	0.146	2008	12	07
W	Rr	1194	0.115	2008	11	30
W	Rr	1070	0.103	2008	11	23
W	Rr	1396	0.135	2008	11	16
W	Rr	1255	0.121	2008	11	09
W	Rr	1314	0.127	2008	11	02
W	Rr	1397	0.135	2008	10	26
W	Rr	1638	0.158	2008	10	19
W	Rr	1298	0.126	2008	10	12
W	Rr	430	0.042	2008	10	05
W	Rr	723	0.070	2008	09	28
W	Rr	1308	0.126	2008	09	21
W	Rr	1242	0.120	2008	09	14
W	Rr	1409	0.136	2008	09	07
W	Rr	1142	0.110	2008	08	31
W	Rr	1022	0.099	2008	08	24
W	Rr	1062	0.103	2008	08	17
W	Rr	1188	0.115	2008	08	10
W	Rr	1232	0.119	2008	08	03
W	Rr	1050	0.102	2008	07	27
W	Rr	1272	0.123	2008	07	20
W	Rr	1305	0.126	2008	07	13
W	Rr	1093	0.106	2008	07	06
W	Rr	1182	0.114	2008	06	29
W	Rr	1937	0.187	2008	06	22
W	Rr	1493	0.144	2008	06	15
W	Rr	1083	0.105	2008	06	08
W	Rr	1283	0.124	2008	06	01
W	Rr	1432	0.138	2008	05	25
W	Rr	1726	0.167	2008	05	18
W	Rr	1580	0.153	2008	05	11
W	Rr	2661	0.257	2008	05	04
W	Rr	3648	0.353	2008	04	27
W	Rr	1400	0.135	2008	04	20
W	Rr	1365	0.132	2008	04	13
W	Rr	1213	0.117	2008	04	06
W	Rr	1670	0.161	2008	03	30
W	Rr	1211	0.117	2008	03	23
W	Rr	1144	0.111	2008	03	16
W	Rr	1301	0.126	2008	03	09
W	Rr	1292	0.125	2008	03	02
W	Rr	1427	0.138	2008	02	24
W	Rr	2207	0.213	2008	02	17
W	Rr	1124	0.109	2008	02	10
W	Rr	1561	0.151	2008	02	03
W	Rr	1533	0.148	2008	01	27
W	Rr	1389	0.134	2008	01	20
W	Rr	1133	0.110	2008	01	13
W	Rr	1404	0.136	2008	01	06
W	Rr	976	0.094	2007	12	30
W	Rr	801	0.077	2007	12	23
W	Rr	675	0.065	2007	12	16
W	*BT	R	7060	2014	02	16
D	Rr	167	0.016	2022	04	15
D	Rr	204	0.020	2022	04	14
D	Rr	292	0.028	2022	04	13
D	Rr	504	0.049	2022	04	12
D	Rr	296	0.029	2022	04	11
D	Rr	167	0.016	2022	04	10
D	Rr	0	0.000	2022	04	09
D	Rr	282	0.027	2022	04	08
D	Rr	159	0.015	2022	04	07
D	Rr	338	0.033	2022	04	06
D	Rr	548	0.053	2022	04	05
D	Rr	223	0.022	2022	04	04
D	Rr	120	0.012	2022	04	03
D	Rr	0	0.000	2022	04	02
D	Rr	255	0.025	2022	04	01
D	Rr	281	0.027	2022	03	31
D	Rr	218	0.021	2022	03	30
D	Rr	217	0.021	2022	03	29
D	Rr	283	0.027	2022	03	28
D	Rr	334	0.032	2022	03	27
D	Rr	0	0.000	2022	03	26
D	Rr	192	0.019	2022	03	25
D	Rr	316	0.031	2022	03	24
D	Rr	234	0.023	2022	03	23
D	Rr	171	0.017	2022	03	22
D	Rr	122	0.012	2022	03	21
D	Rr	169	0.016	2022	03	20
D	Rr	0	0.000	2022	03	19
D	Rr	119	0.012	2022	03	18
D	Rr	229	0.022	2022	03	17
D	Rr	370	0.036	2022	03	16
D	Rr	268	0.026	2022	03	15
D	Rr	221	0.021	2022	03	14
D	Rr	143	0.014	2022	03	13
D	Rr	0	0.000	2022	03	12
D	Rr	144	0.014	2022	03	11
D	Rr	239	0.023	2022	03	10
D	Rr	202	0.020	2022	03	09
D	Rr	200	0.019	2022	03	08
D	Rr	368	0.036	2022	03	07
D	Rr	335	0.032	2022	03	06
D	Rr	0	0.000	2022	03	05
D	*BT	R	2131	2008	05	03
d	Rr	124479	12.038	Sun
d	Rr	166772	16.127	Mon
d	Rr	169819	16.422	Tue
d	Rr	167948	16.241	Wed
d	Rr	168354	16.280	Thu
d	Rr	159693	15.443	Fri
d	Rr	77024	7.448	Sat
H	Rr	5	0.000	2022	04	15	23
H	Rr	4	0.000	2022	04	15	22
H	Rr	2	0.000	2022	04	15	21
H	Rr	2	0.000	2022	04	15	20
H	Rr	1	0.000	2022	04	15	19
H	Rr	3	0.000	2022	04	15	18
H	Rr	74	0.007	2022	04	15	17
H	Rr	0	0.000	2022	04	15	16
H	Rr	3	0.000	2022	04	15	15
H	Rr	14	0.001	2022	04	15	14
H	Rr	0	0.000	2022	04	15	13
H	Rr	2	0.000	2022	04	15	12
H	Rr	8	0.001	2022	04	15	11
H	Rr	2	0.000	2022	04	15	10
H	Rr	0	0.000	2022	04	15	09
H	Rr	1	0.000	2022	04	15	08
H	Rr	7	0.001	2022	04	15	07
H	Rr	6	0.001	2022	04	15	06
H	Rr	7	0.001	2022	04	15	05
H	Rr	1	0.000	2022	04	15	04
H	Rr	17	0.002	2022	04	15	03
H	Rr	2	0.000	2022	04	15	02
H	Rr	3	0.000	2022	04	15	01
H	Rr	3	0.000	2022	04	15	00
H	Rr	1	0.000	2022	04	14	23
H	Rr	24	0.002	2022	04	14	22
H	Rr	38	0.004	2022	04	14	21
H	Rr	21	0.002	2022	04	14	20
H	Rr	13	0.001	2022	04	14	19
H	Rr	9	0.001	2022	04	14	18
H	Rr	5	0.000	2022	04	14	17
H	Rr	12	0.001	2022	04	14	16
H	Rr	1	0.000	2022	04	14	15
H	Rr	3	0.000	2022	04	14	14
H	Rr	2	0.000	2022	04	14	13
H	Rr	3	0.000	2022	04	14	12
H	Rr	7	0.001	2022	04	14	11
H	Rr	3	0.000	2022	04	14	10
H	Rr	37	0.004	2022	04	14	09
H	Rr	2	0.000	2022	04	14	08
H	Rr	3	0.000	2022	04	14	07
H	Rr	2	0.000	2022	04	14	06
H	Rr	2	0.000	2022	04	14	05
H	Rr	5	0.000	2022	04	14	04
H	Rr	2	0.000	2022	04	14	03
H	Rr	3	0.000	2022	04	14	02
H	Rr	2	0.000	2022	04	14	01
H	Rr	4	0.000	2022	04	14	00
H	Rr	3	0.000	2022	04	13	23
H	Rr	2	0.000	2022	04	13	22
H	Rr	5	0.000	2022	04	13	21
H	Rr	1	0.000	2022	04	13	20
H	Rr	46	0.004	2022	04	13	19
H	Rr	47	0.005	2022	04	13	18
H	Rr	46	0.004	2022	04	13	17
H	Rr	3	0.000	2022	04	13	16
H	Rr	22	0.002	2022	04	13	15
H	Rr	1	0.000	2022	04	13	14
H	Rr	9	0.001	2022	04	13	13
H	Rr	4	0.000	2022	04	13	12
H	Rr	42	0.004	2022	04	13	11
H	Rr	0	0.000	2022	04	13	10
H	Rr	6	0.001	2022	04	13	09
H	Rr	3	0.000	2022	04	13	08
H	Rr	3	0.000	2022	04	13	07
H	Rr	2	0.000	2022	04	13	06
H	Rr	4	0.000	2022	04	13	05
H	Rr	3	0.000	2022	04	13	04
H	Rr	3	0.000	2022	04	13	03
H	Rr	3	0.000	2022	04	13	02
H	Rr	27	0.003	2022	04	13	01
H	Rr	7	0.001	2022	04	13	00
H	*BT	R	750	2020	12	11	23
h	Rr	40407	3.907	00
h	Rr	39367	3.807	01
h	Rr	40393	3.906	02
h	Rr	39968	3.865	03
h	Rr	38717	3.744	04
h	Rr	36841	3.563	05
h	Rr	36195	3.500	06
h	Rr	35418	3.425	07
h	Rr	34221	3.309	08
h	Rr	32775	3.169	09
h	Rr	32961	3.187	10
h	Rr	36606	3.540	11
h	Rr	36615	3.541	12
h	Rr	38408	3.714	13
h	Rr	45140	4.365	14
h	Rr	50922	4.924	15
h	Rr	54853	5.304	16
h	Rr	55174	5.336	17
h	Rr	56191	5.434	18
h	Rr	55236	5.342	19
h	Rr	54645	5.284	20
h	Rr	51485	4.979	21
h	Rr	47086	4.553	22
h	Rr	44465	4.300	23
4	Rr	2	0.000	2022	04	15	23	15
4	Rr	3	0.000	2022	04	15	23	00
4	Rr	4	0.000	2022	04	15	22	45
4	Rr	0	0.000	2022	04	15	22	30
4	Rr	0	0.000	2022	04	15	22	15
4	Rr	0	0.000	2022	04	15	22	00
4	Rr	1	0.000	2022	04	15	21	45
4	Rr	0	0.000	2022	04	15	21	30
4	Rr	1	0.000	2022	04	15	21	15
4	Rr	0	0.000	2022	04	15	21	00
4	Rr	0	0.000	2022	04	15	20	45
4	Rr	0	0.000	2022	04	15	20	30
4	Rr	0	0.000	2022	04	15	20	15
4	Rr	2	0.000	2022	04	15	20	00
4	Rr	1	0.000	2022	04	15	19	45
4	Rr	0	0.000	2022	04	15	19	30
4	Rr	0	0.000	2022	04	15	19	15
4	Rr	0	0.000	2022	04	15	19	00
4	Rr	2	0.000	2022	04	15	18	45
4	Rr	0	0.000	2022	04	15	18	30
4	Rr	1	0.000	2022	04	15	18	15
4	Rr	0	0.000	2022	04	15	18	00
4	Rr	2	0.000	2022	04	15	17	45
4	Rr	1	0.000	2022	04	15	17	30
4	Rr	22	0.002	2022	04	15	17	15
4	Rr	49	0.005	2022	04	15	17	00
4	Rr	0	0.000	2022	04	15	16	45
4	Rr	0	0.000	2022	04	15	16	30
4	Rr	0	0.000	2022	04	15	16	15
4	Rr	0	0.000	2022	04	15	16	00
4	Rr	0	0.000	2022	04	15	15	45
4	Rr	0	0.000	2022	04	15	15	30
4	Rr	1	0.000	2022	04	15	15	15
4	Rr	2	0.000	2022	04	15	15	00
4	Rr	0	0.000	2022	04	15	14	45
4	Rr	5	0.000	2022	04	15	14	30
4	Rr	1	0.000	2022	04	15	14	15
4	Rr	8	0.001	2022	04	15	14	00
4	Rr	0	0.000	2022	04	15	13	45
4	Rr	0	0.000	2022	04	15	13	30
4	Rr	0	0.000	2022	04	15	13	15
4	Rr	0	0.000	2022	04	15	13	00
4	Rr	0	0.000	2022	04	15	12	45
4	Rr	0	0.000	2022	04	15	12	30
4	Rr	0	0.000	2022	04	15	12	15
4	Rr	2	0.000	2022	04	15	12	00
4	Rr	1	0.000	2022	04	15	11	45
4	Rr	5	0.000	2022	04	15	11	30
4	Rr	1	0.000	2022	04	15	11	15
4	Rr	1	0.000	2022	04	15	11	00
4	Rr	2	0.000	2022	04	15	10	45
4	Rr	0	0.000	2022	04	15	10	30
4	Rr	0	0.000	2022	04	15	10	15
4	Rr	0	0.000	2022	04	15	10	00
4	Rr	0	0.000	2022	04	15	09	45
4	Rr	0	0.000	2022	04	15	09	30
4	Rr	0	0.000	2022	04	15	09	15
4	Rr	0	0.000	2022	04	15	09	00
4	Rr	0	0.000	2022	04	15	08	45
4	Rr	0	0.000	2022	04	15	08	30
4	Rr	1	0.000	2022	04	15	08	15
4	Rr	0	0.000	2022	04	15	08	00
4	Rr	0	0.000	2022	04	15	07	45
4	Rr	2	0.000	2022	04	15	07	30
4	Rr	5	0.000	2022	04	15	07	15
4	Rr	0	0.000	2022	04	15	07	00
4	Rr	2	0.000	2022	04	15	06	45
4	Rr	1	0.000	2022	04	15	06	30
4	Rr	3	0.000	2022	04	15	06	15
4	Rr	0	0.000	2022	04	15	06	00
4	Rr	3	0.000	2022	04	15	05	45
4	Rr	1	0.000	2022	04	15	05	30
4	Rr	0	0.000	2022	04	15	05	15
4	Rr	3	0.000	2022	04	15	05	00
4	Rr	0	0.000	2022	04	15	04	45
4	Rr	0	0.000	2022	04	15	04	30
4	Rr	1	0.000	2022	04	15	04	15
4	Rr	0	0.000	2022	04	15	04	00
4	Rr	1	0.000	2022	04	15	03	45
4	Rr	0	0.000	2022	04	15	03	30
4	Rr	16	0.002	2022	04	15	03	15
4	Rr	0	0.000	2022	04	15	03	00
4	Rr	2	0.000	2022	04	15	02	45
4	Rr	0	0.000	2022	04	15	02	30
4	Rr	0	0.000	2022	04	15	02	15
4	Rr	0	0.000	2022	04	15	02	00
4	Rr	1	0.000	2022	04	15	01	45
4	Rr	0	0.000	2022	04	15	01	30
4	Rr	0	0.000	2022	04	15	01	15
4	Rr	2	0.000	2022	04	15	01	00
4	Rr	0	0.000	2022	04	15	00	45
4	Rr	1	0.000	2022	04	15	00	30
4	Rr	1	0.000	2022	04	15	00	15
4	Rr	1	0.000	2022	04	15	00	00
4	Rr	1	0.000	2022	04	14	23	45
4	Rr	0	0.000	2022	04	14	23	30
4	*BT	R	744	2021	04	12	15	00
6	Rr	9958	0.963	00	00
6	Rr	10051	0.972	00	15
6	Rr	10033	0.970	00	30
6	Rr	10365	1.002	00	45
6	Rr	9666	0.935	01	00
6	Rr	9929	0.960	01	15
6	Rr	9969	0.964	01	30
6	Rr	9803	0.948	01	45
6	Rr	9587	0.927	02	00
6	Rr	10585	1.024	02	15
6	Rr	10308	0.997	02	30
6	Rr	9913	0.959	02	45
6	Rr	9514	0.920	03	00
6	Rr	9427	0.912	03	15
6	Rr	9788	0.947	03	30
6	Rr	11239	1.087	03	45
6	Rr	9719	0.940	04	00
6	Rr	10189	0.985	04	15
6	Rr	9203	0.890	04	30
6	Rr	9606	0.929	04	45
6	Rr	8912	0.862	05	00
6	Rr	9756	0.943	05	15
6	Rr	9436	0.912	05	30
6	Rr	8737	0.845	05	45
6	Rr	9822	0.950	06	00
6	Rr	8911	0.862	06	15
6	Rr	9031	0.873	06	30
6	Rr	8431	0.815	06	45
6	Rr	8825	0.853	07	00
6	Rr	9204	0.890	07	15
6	Rr	9194	0.889	07	30
6	Rr	8195	0.792	07	45
6	Rr	8866	0.857	08	00
6	Rr	8442	0.816	08	15
6	Rr	8976	0.868	08	30
6	Rr	7937	0.768	08	45
6	Rr	8355	0.808	09	00
6	Rr	8383	0.811	09	15
6	Rr	8134	0.787	09	30
6	Rr	7903	0.764	09	45
6	Rr	7879	0.762	10	00
6	Rr	7903	0.764	10	15
6	Rr	8084	0.782	10	30
6	Rr	9095	0.880	10	45
6	Rr	10190	0.985	11	00
6	Rr	8623	0.834	11	15
6	Rr	8872	0.858	11	30
6	Rr	8921	0.863	11	45
6	Rr	10086	0.975	12	00
6	Rr	8690	0.840	12	15
6	Rr	8827	0.854	12	30
6	Rr	9012	0.871	12	45
6	Rr	9508	0.919	13	00
6	Rr	9421	0.911	13	15
6	Rr	9984	0.965	13	30
6	Rr	9495	0.918	13	45
6	Rr	10885	1.053	14	00
6	Rr	11450	1.107	14	15
6	Rr	11390	1.101	14	30
6	Rr	11415	1.104	14	45
6	Rr	12510	1.210	15	00
6	Rr	11991	1.160	15	15
6	Rr	12979	1.255	15	30
6	Rr	13442	1.300	15	45
6	Rr	13570	1.312	16	00
6	Rr	13381	1.294	16	15
6	Rr	13942	1.348	16	30
6	Rr	13960	1.350	16	45
6	Rr	14047	1.358	17	00
6	Rr	13555	1.311	17	15
6	Rr	14043	1.358	17	30
6	Rr	13529	1.308	17	45
6	Rr	13667	1.322	18	00
6	Rr	14138	1.367	18	15
6	Rr	14080	1.362	18	30
6	Rr	14306	1.383	18	45
6	Rr	14870	1.438	19	00
6	Rr	13330	1.289	19	15
6	Rr	13493	1.305	19	30
6	Rr	13543	1.310	19	45
6	Rr	14157	1.369	20	00
6	Rr	13674	1.322	20	15
6	Rr	12990	1.256	20	30
6	Rr	13824	1.337	20	45
6	Rr	13793	1.334	21	00
6	Rr	12676	1.226	21	15
6	Rr	12360	1.195	21	30
6	Rr	12656	1.224	21	45
6	Rr	11912	1.152	22	00
6	Rr	11978	1.158	22	15
6	Rr	11772	1.138	22	30
6	Rr	11424	1.105	22	45
6	Rr	11810	1.142	23	00
6	Rr	11956	1.156	23	15
6	Rr	10575	1.023	23	30
6	Rr	10124	0.979	23	45
5	Rr	1	0.000	2022	04	15	23	25
5	Rr	1	0.000	2022	04	15	23	20
5	Rr	0	0.000	2022	04	15	23	15
5	Rr	0	0.000	2022	04	15	23	10
5	Rr	0	0.000	2022	04	15	23	05
5	Rr	3	0.000	2022	04	15	23	00
5	Rr	4	0.000	2022	04	15	22	55
5	Rr	0	0.000	2022	04	15	22	50
5	Rr	0	0.000	2022	04	15	22	45
5	Rr	0	0.000	2022	04	15	22	40
5	Rr	0	0.000	2022	04	15	22	35
5	Rr	0	0.000	2022	04	15	22	30
5	Rr	0	0.000	2022	04	15	22	25
5	Rr	0	0.000	2022	04	15	22	20
5	Rr	0	0.000	2022	04	15	22	15
5	Rr	0	0.000	2022	04	15	22	10
5	Rr	0	0.000	2022	04	15	22	05
5	Rr	0	0.000	2022	04	15	22	00
5	Rr	1	0.000	2022	04	15	21	55
5	Rr	0	0.000	2022	04	15	21	50
5	Rr	0	0.000	2022	04	15	21	45
5	Rr	0	0.000	2022	04	15	21	40
5	Rr	0	0.000	2022	04	15	21	35
5	Rr	0	0.000	2022	04	15	21	30
5	Rr	0	0.000	2022	04	15	21	25
5	Rr	1	0.000	2022	04	15	21	20
5	Rr	0	0.000	2022	04	15	21	15
5	Rr	0	0.000	2022	04	15	21	10
5	Rr	0	0.000	2022	04	15	21	05
5	Rr	0	0.000	2022	04	15	21	00
5	Rr	0	0.000	2022	04	15	20	55
5	Rr	0	0.000	2022	04	15	20	50
5	Rr	0	0.000	2022	04	15	20	45
5	Rr	0	0.000	2022	04	15	20	40
5	Rr	0	0.000	2022	04	15	20	35
5	Rr	0	0.000	2022	04	15	20	30
5	Rr	0	0.000	2022	04	15	20	25
5	Rr	0	0.000	2022	04	15	20	20
5	Rr	0	0.000	2022	04	15	20	15
5	Rr	1	0.000	2022	04	15	20	10
5	Rr	1	0.000	2022	04	15	20	05
5	Rr	0	0.000	2022	04	15	20	00
5	Rr	0	0.000	2022	04	15	19	55
5	Rr	0	0.000	2022	04	15	19	50
5	Rr	1	0.000	2022	04	15	19	45
5	Rr	0	0.000	2022	04	15	19	40
5	Rr	0	0.000	2022	04	15	19	35
5	Rr	0	0.000	2022	04	15	19	30
5	Rr	0	0.000	2022	04	15	19	25
5	Rr	0	0.000	2022	04	15	19	20
5	Rr	0	0.000	2022	04	15	19	15
5	Rr	0	0.000	2022	04	15	19	10
5	Rr	0	0.000	2022	04	15	19	05
5	Rr	0	0.000	2022	04	15	19	00
5	Rr	1	0.000	2022	04	15	18	55
5	Rr	0	0.000	2022	04	15	18	50
5	Rr	1	0.000	2022	04	15	18	45
5	Rr	0	0.000	2022	04	15	18	40
5	Rr	0	0.000	2022	04	15	18	35
5	Rr	0	0.000	2022	04	15	18	30
5	Rr	0	0.000	2022	04	15	18	25
5	Rr	0	0.000	2022	04	15	18	20
5	Rr	1	0.000	2022	04	15	18	15
5	Rr	0	0.000	2022	04	15	18	10
5	Rr	0	0.000	2022	04	15	18	05
5	Rr	0	0.000	2022	04	15	18	00
5	Rr	1	0.000	2022	04	15	17	55
5	Rr	1	0.000	2022	04	15	17	50
5	Rr	0	0.000	2022	04	15	17	45
5	Rr	0	0.000	2022	04	15	17	40
5	Rr	0	0.000	2022	04	15	17	35
5	Rr	1	0.000	2022	04	15	17	30
5	Rr	0	0.000	2022	04	15	17	25
5	Rr	0	0.000	2022	04	15	17	20
5	Rr	22	0.002	2022	04	15	17	15
5	Rr	0	0.000	2022	04	15	17	10
5	Rr	21	0.002	2022	04	15	17	05
5	Rr	28	0.003	2022	04	15	17	00
5	Rr	0	0.000	2022	04	15	16	55
5	Rr	0	0.000	2022	04	15	16	50
5	Rr	0	0.000	2022	04	15	16	45
5	Rr	0	0.000	2022	04	15	16	40
5	Rr	0	0.000	2022	04	15	16	35
5	Rr	0	0.000	2022	04	15	16	30
5	Rr	0	0.000	2022	04	15	16	25
5	Rr	0	0.000	2022	04	15	16	20
5	Rr	0	0.000	2022	04	15	16	15
5	Rr	0	0.000	2022	04	15	16	10
5	Rr	0	0.000	2022	04	15	16	05
5	Rr	0	0.000	2022	04	15	16	00
5	Rr	0	0.000	2022	04	15	15	55
5	Rr	0	0.000	2022	04	15	15	50
5	Rr	0	0.000	2022	04	15	15	45
5	Rr	0	0.000	2022	04	15	15	40
5	Rr	0	0.000	2022	04	15	15	35
5	Rr	0	0.000	2022	04	15	15	30
5	Rr	0	0.000	2022	04	15	15	25
5	Rr	0	0.000	2022	04	15	15	20
5	Rr	1	0.000	2022	04	15	15	15
5	Rr	0	0.000	2022	04	15	15	10
5	Rr	0	0.000	2022	04	15	15	05
5	Rr	2	0.000	2022	04	15	15	00
5	Rr	0	0.000	2022	04	15	14	55
5	Rr	0	0.000	2022	04	15	14	50
5	Rr	0	0.000	2022	04	15	14	45
5	Rr	5	0.000	2022	04	15	14	40
5	Rr	0	0.000	2022	04	15	14	35
5	Rr	0	0.000	2022	04	15	14	30
5	Rr	1	0.000	2022	04	15	14	25
5	Rr	0	0.000	2022	04	15	14	20
5	Rr	0	0.000	2022	04	15	14	15
5	Rr	2	0.000	2022	04	15	14	10
5	Rr	0	0.000	2022	04	15	14	05
5	Rr	6	0.001	2022	04	15	14	00
5	Rr	0	0.000	2022	04	15	13	55
5	Rr	0	0.000	2022	04	15	13	50
5	Rr	0	0.000	2022	04	15	13	45
5	Rr	0	0.000	2022	04	15	13	40
5	Rr	0	0.000	2022	04	15	13	35
5	Rr	0	0.000	2022	04	15	13	30
5	Rr	0	0.000	2022	04	15	13	25
5	Rr	0	0.000	2022	04	15	13	20
5	Rr	0	0.000	2022	04	15	13	15
5	Rr	0	0.000	2022	04	15	13	10
5	Rr	0	0.000	2022	04	15	13	05
5	Rr	0	0.000	2022	04	15	13	00
5	Rr	0	0.000	2022	04	15	12	55
5	Rr	0	0.000	2022	04	15	12	50
5	Rr	0	0.000	2022	04	15	12	45
5	Rr	0	0.000	2022	04	15	12	40
5	Rr	0	0.000	2022	04	15	12	35
5	Rr	0	0.000	2022	04	15	12	30
5	Rr	0	0.000	2022	04	15	12	25
5	Rr	0	0.000	2022	04	15	12	20
5	Rr	0	0.000	2022	04	15	12	15
5	Rr	1	0.000	2022	04	15	12	10
5	Rr	1	0.000	2022	04	15	12	05
5	Rr	0	0.000	2022	04	15	12	00
5	Rr	0	0.000	2022	04	15	11	55
5	Rr	0	0.000	2022	04	15	11	50
5	Rr	1	0.000	2022	04	15	11	45
5	Rr	1	0.000	2022	04	15	11	40
5	Rr	4	0.000	2022	04	15	11	35
5	Rr	0	0.000	2022	04	15	11	30
5	Rr	0	0.000	2022	04	15	11	25
5	Rr	1	0.000	2022	04	15	11	20
5	Rr	0	0.000	2022	04	15	11	15
5	Rr	0	0.000	2022	04	15	11	10
5	Rr	0	0.000	2022	04	15	11	05
5	Rr	1	0.000	2022	04	15	11	00
5	Rr	1	0.000	2022	04	15	10	55
5	Rr	1	0.000	2022	04	15	10	50
5	Rr	0	0.000	2022	04	15	10	45
5	Rr	0	0.000	2022	04	15	10	40
5	Rr	0	0.000	2022	04	15	10	35
5	Rr	0	0.000	2022	04	15	10	30
5	Rr	0	0.000	2022	04	15	10	25
5	Rr	0	0.000	2022	04	15	10	20
5	Rr	0	0.000	2022	04	15	10	15
5	Rr	0	0.000	2022	04	15	10	10
5	Rr	0	0.000	2022	04	15	10	05
5	Rr	0	0.000	2022	04	15	10	00
5	Rr	0	0.000	2022	04	15	09	55
5	Rr	0	0.000	2022	04	15	09	50
5	Rr	0	0.000	2022	04	15	09	45
5	Rr	0	0.000	2022	04	15	09	40
5	Rr	0	0.000	2022	04	15	09	35
5	Rr	0	0.000	2022	04	15	09	30
5	Rr	0	0.000	2022	04	15	09	25
5	Rr	0	0.000	2022	04	15	09	20
5	Rr	0	0.000	2022	04	15	09	15
5	Rr	0	0.000	2022	04	15	09	10
5	Rr	0	0.000	2022	04	15	09	05
5	Rr	0	0.000	2022	04	15	09	00
5	Rr	0	0.000	2022	04	15	08	55
5	Rr	0	0.000	2022	04	15	08	50
5	Rr	0	0.000	2022	04	15	08	45
5	Rr	0	0.000	2022	04	15	08	40
5	Rr	0	0.000	2022	04	15	08	35
5	Rr	0	0.000	2022	04	15	08	30
5	Rr	0	0.000	2022	04	15	08	25
5	Rr	0	0.000	2022	04	15	08	20
5	Rr	1	0.000	2022	04	15	08	15
5	Rr	0	0.000	2022	04	15	08	10
5	Rr	0	0.000	2022	04	15	08	05
5	Rr	0	0.000	2022	04	15	08	00
5	Rr	0	0.000	2022	04	15	07	55
5	Rr	0	0.000	2022	04	15	07	50
5	Rr	0	0.000	2022	04	15	07	45
5	Rr	2	0.000	2022	04	15	07	40
5	Rr	0	0.000	2022	04	15	07	35
5	Rr	0	0.000	2022	04	15	07	30
5	Rr	4	0.000	2022	04	15	07	25
5	Rr	1	0.000	2022	04	15	07	20
5	Rr	0	0.000	2022	04	15	07	15
5	Rr	0	0.000	2022	04	15	07	10
5	Rr	0	0.000	2022	04	15	07	05
5	Rr	0	0.000	2022	04	15	07	00
5	Rr	1	0.000	2022	04	15	06	55
5	Rr	0	0.000	2022	04	15	06	50
5	Rr	1	0.000	2022	04	15	06	45
5	Rr	0	0.000	2022	04	15	06	40
5	Rr	1	0.000	2022	04	15	06	35
5	Rr	0	0.000	2022	04	15	06	30
5	Rr	2	0.000	2022	04	15	06	25
5	Rr	0	0.000	2022	04	15	06	20
5	Rr	1	0.000	2022	04	15	06	15
5	Rr	0	0.000	2022	04	15	06	10
5	Rr	0	0.000	2022	04	15	06	05
5	Rr	0	0.000	2022	04	15	06	00
5	Rr	3	0.000	2022	04	15	05	55
5	Rr	0	0.000	2022	04	15	05	50
5	Rr	0	0.000	2022	04	15	05	45
5	Rr	0	0.000	2022	04	15	05	40
5	Rr	1	0.000	2022	04	15	05	35
5	Rr	0	0.000	2022	04	15	05	30
5	Rr	0	0.000	2022	04	15	05	25
5	Rr	0	0.000	2022	04	15	05	20
5	Rr	0	0.000	2022	04	15	05	15
5	Rr	1	0.000	2022	04	15	05	10
5	Rr	0	0.000	2022	04	15	05	05
5	Rr	2	0.000	2022	04	15	05	00
5	Rr	0	0.000	2022	04	15	04	55
5	Rr	0	0.000	2022	04	15	04	50
5	Rr	0	0.000	2022	04	15	04	45
5	Rr	0	0.000	2022	04	15	04	40
5	Rr	0	0.000	2022	04	15	04	35
5	Rr	0	0.000	2022	04	15	04	30
5	Rr	1	0.000	2022	04	15	04	25
5	Rr	0	0.000	2022	04	15	04	20
5	Rr	0	0.000	2022	04	15	04	15
5	Rr	0	0.000	2022	04	15	04	10
5	Rr	0	0.000	2022	04	15	04	05
5	Rr	0	0.000	2022	04	15	04	00
5	Rr	0	0.000	2022	04	15	03	55
5	Rr	1	0.000	2022	04	15	03	50
5	Rr	0	0.000	2022	04	15	03	45
5	Rr	0	0.000	2022	04	15	03	40
5	Rr	0	0.000	2022	04	15	03	35
5	Rr	0	0.000	2022	04	15	03	30
5	Rr	0	0.000	2022	04	15	03	25
5	Rr	0	0.000	2022	04	15	03	20
5	Rr	16	0.002	2022	04	15	03	15
5	Rr	0	0.000	2022	04	15	03	10
5	Rr	0	0.000	2022	04	15	03	05
5	Rr	0	0.000	2022	04	15	03	00
5	Rr	0	0.000	2022	04	15	02	55
5	Rr	1	0.000	2022	04	15	02	50
5	Rr	1	0.000	2022	04	15	02	45
5	Rr	0	0.000	2022	04	15	02	40
5	Rr	0	0.000	2022	04	15	02	35
5	Rr	0	0.000	2022	04	15	02	30
5	Rr	0	0.000	2022	04	15	02	25
5	Rr	0	0.000	2022	04	15	02	20
5	Rr	0	0.000	2022	04	15	02	15
5	Rr	0	0.000	2022	04	15	02	10
5	Rr	0	0.000	2022	04	15	02	05
5	Rr	0	0.000	2022	04	15	02	00
5	Rr	0	0.000	2022	04	15	01	55
5	Rr	1	0.000	2022	04	15	01	50
5	Rr	0	0.000	2022	04	15	01	45
5	Rr	0	0.000	2022	04	15	01	40
5	Rr	0	0.000	2022	04	15	01	35
5	Rr	0	0.000	2022	04	15	01	30
5	Rr	0	0.000	2022	04	15	01	25
5	Rr	0	0.000	2022	04	15	01	20
5	Rr	0	0.000	2022	04	15	01	15
5	Rr	0	0.000	2022	04	15	01	10
5	Rr	2	0.000	2022	04	15	01	05
5	Rr	0	0.000	2022	04	15	01	00
5	Rr	0	0.000	2022	04	15	00	55
5	Rr	0	0.000	2022	04	15	00	50
5	Rr	0	0.000	2022	04	15	00	45
5	Rr	0	0.000	2022	04	15	00	40
5	Rr	0	0.000	2022	04	15	00	35
5	Rr	1	0.000	2022	04	15	00	30
5	Rr	0	0.000	2022	04	15	00	25
5	Rr	0	0.000	2022	04	15	00	20
5	Rr	1	0.000	2022	04	15	00	15
5	Rr	1	0.000	2022	04	15	00	10
5	Rr	0	0.000	2022	04	15	00	05
5	Rr	0	0.000	2022	04	15	00	00
5	Rr	0	0.000	2022	04	14	23	55
5	Rr	1	0.000	2022	04	14	23	50
5	Rr	0	0.000	2022	04	14	23	45
5	Rr	0	0.000	2022	04	14	23	40
5	Rr	0	0.000	2022	04	14	23	35
5	Rr	0	0.000	2022	04	14	23	30
5	*BT	R	715	2020	12	11	23	20
7	Rr	3085	0.298	00	00
7	Rr	3633	0.351	00	05
7	Rr	3240	0.313	00	10
7	Rr	2798	0.271	00	15
7	Rr	3414	0.330	00	20
7	Rr	3839	0.371	00	25
7	Rr	3316	0.321	00	30
7	Rr	3277	0.317	00	35
7	Rr	3440	0.333	00	40
7	Rr	3509	0.339	00	45
7	Rr	3646	0.353	00	50
7	Rr	3210	0.310	00	55
7	Rr	2991	0.289	01	00
7	Rr	3284	0.318	01	05
7	Rr	3391	0.328	01	10
7	Rr	3328	0.322	01	15
7	Rr	3474	0.336	01	20
7	Rr	3127	0.302	01	25
7	Rr	3202	0.310	01	30
7	Rr	3426	0.331	01	35
7	Rr	3341	0.323	01	40
7	Rr	3242	0.314	01	45
7	Rr	3101	0.300	01	50
7	Rr	3460	0.335	01	55
7	Rr	3167	0.306	02	00
7	Rr	3268	0.316	02	05
7	Rr	3152	0.305	02	10
7	Rr	3701	0.358	02	15
7	Rr	3431	0.332	02	20
7	Rr	3453	0.334	02	25
7	Rr	3374	0.326	02	30
7	Rr	3603	0.348	02	35
7	Rr	3331	0.322	02	40
7	Rr	3261	0.315	02	45
7	Rr	3022	0.292	02	50
7	Rr	3630	0.351	02	55
7	Rr	3301	0.319	03	00
7	Rr	3093	0.299	03	05
7	Rr	3120	0.302	03	10
7	Rr	3382	0.327	03	15
7	Rr	3040	0.294	03	20
7	Rr	3005	0.291	03	25
7	Rr	3118	0.302	03	30
7	Rr	3341	0.323	03	35
7	Rr	3329	0.322	03	40
7	Rr	3598	0.348	03	45
7	Rr	4250	0.411	03	50
7	Rr	3391	0.328	03	55
7	Rr	3149	0.305	04	00
7	Rr	3183	0.308	04	05
7	Rr	3387	0.328	04	10
7	Rr	3404	0.329	04	15
7	Rr	3548	0.343	04	20
7	Rr	3237	0.313	04	25
7	Rr	3244	0.314	04	30
7	Rr	2980	0.288	04	35
7	Rr	2979	0.288	04	40
7	Rr	3479	0.336	04	45
7	Rr	3025	0.293	04	50
7	Rr	3102	0.300	04	55
7	Rr	2842	0.275	05	00
7	Rr	2769	0.268	05	05
7	Rr	3301	0.319	05	10
7	Rr	3199	0.309	05	15
7	Rr	3386	0.327	05	20
7	Rr	3171	0.307	05	25
7	Rr	3367	0.326	05	30
7	Rr	3191	0.309	05	35
7	Rr	2878	0.278	05	40
7	Rr	2880	0.279	05	45
7	Rr	2815	0.272	05	50
7	Rr	3042	0.294	05	55
7	Rr	2998	0.290	06	00
7	Rr	3653	0.353	06	05
7	Rr	3171	0.307	06	10
7	Rr	3082	0.298	06	15
7	Rr	2881	0.279	06	20
7	Rr	2948	0.285	06	25
7	Rr	2924	0.283	06	30
7	Rr	2993	0.289	06	35
7	Rr	3114	0.301	06	40
7	Rr	3219	0.311	06	45
7	Rr	2613	0.253	06	50
7	Rr	2599	0.251	06	55
7	Rr	3184	0.308	07	00
7	Rr	2780	0.269	07	05
7	Rr	2861	0.277	07	10
7	Rr	2741	0.265	07	15
7	Rr	3068	0.297	07	20
7	Rr	3395	0.328	07	25
7	Rr	3395	0.328	07	30
7	Rr	3067	0.297	07	35
7	Rr	2732	0.264	07	40
7	Rr	2794	0.270	07	45
7	Rr	2643	0.256	07	50
7	Rr	2758	0.267	07	55
7	Rr	2864	0.277	08	00
7	Rr	3113	0.301	08	05
7	Rr	2889	0.279	08	10
7	Rr	2754	0.266	08	15
7	Rr	2825	0.273	08	20
7	Rr	2863	0.277	08	25
7	Rr	3277	0.317	08	30
7	Rr	2902	0.281	08	35
7	Rr	2797	0.270	08	40
7	Rr	2663	0.258	08	45
7	Rr	2619	0.253	08	50
7	Rr	2655	0.257	08	55
7	Rr	2652	0.256	09	00
7	Rr	2954	0.286	09	05
7	Rr	2749	0.266	09	10
7	Rr	2601	0.252	09	15
7	Rr	3007	0.291	09	20
7	Rr	2775	0.268	09	25
7	Rr	2791	0.270	09	30
7	Rr	2562	0.248	09	35
7	Rr	2781	0.269	09	40
7	Rr	2708	0.262	09	45
7	Rr	2455	0.237	09	50
7	Rr	2740	0.265	09	55
7	Rr	2641	0.255	10	00
7	Rr	2517	0.243	10	05
7	Rr	2721	0.263	10	10
7	Rr	2549	0.246	10	15
7	Rr	2465	0.238	10	20
7	Rr	2889	0.279	10	25
7	Rr	2637	0.255	10	30
7	Rr	2656	0.257	10	35
7	Rr	2791	0.270	10	40
7	Rr	2637	0.255	10	45
7	Rr	3267	0.316	10	50
7	Rr	3191	0.309	10	55
7	Rr	4137	0.400	11	00
7	Rr	3094	0.299	11	05
7	Rr	2959	0.286	11	10
7	Rr	2897	0.280	11	15
7	Rr	2955	0.286	11	20
7	Rr	2771	0.268	11	25
7	Rr	3092	0.299	11	30
7	Rr	2807	0.271	11	35
7	Rr	2973	0.287	11	40
7	Rr	2977	0.288	11	45
7	Rr	2933	0.284	11	50
7	Rr	3011	0.291	11	55
7	Rr	3565	0.345	12	00
7	Rr	3236	0.313	12	05
7	Rr	3285	0.318	12	10
7	Rr	2761	0.267	12	15
7	Rr	2991	0.289	12	20
7	Rr	2938	0.284	12	25
7	Rr	2972	0.287	12	30
7	Rr	2798	0.271	12	35
7	Rr	3057	0.296	12	40
7	Rr	3166	0.306	12	45
7	Rr	2856	0.276	12	50
7	Rr	2990	0.289	12	55
7	Rr	3052	0.295	13	00
7	Rr	3068	0.297	13	05
7	Rr	3388	0.328	13	10
7	Rr	3112	0.301	13	15
7	Rr	3057	0.296	13	20
7	Rr	3252	0.314	13	25
7	Rr	3251	0.314	13	30
7	Rr	3630	0.351	13	35
7	Rr	3103	0.300	13	40
7	Rr	2809	0.272	13	45
7	Rr	3397	0.329	13	50
7	Rr	3289	0.318	13	55
7	Rr	3461	0.335	14	00
7	Rr	3663	0.354	14	05
7	Rr	3761	0.364	14	10
7	Rr	3961	0.383	14	15
7	Rr	3708	0.359	14	20
7	Rr	3781	0.366	14	25
7	Rr	4049	0.392	14	30
7	Rr	3842	0.372	14	35
7	Rr	3499	0.338	14	40
7	Rr	3649	0.353	14	45
7	Rr	3674	0.355	14	50
7	Rr	4092	0.396	14	55
7	Rr	4220	0.408	15	00
7	Rr	4396	0.425	15	05
7	Rr	3894	0.377	15	10
7	Rr	3994	0.386	15	15
7	Rr	3796	0.367	15	20
7	Rr	4201	0.406	15	25
7	Rr	4573	0.442	15	30
7	Rr	4020	0.389	15	35
7	Rr	4386	0.424	15	40
7	Rr	4344	0.420	15	45
7	Rr	4389	0.424	15	50
7	Rr	4709	0.455	15	55
7	Rr	4496	0.435	16	00
7	Rr	4640	0.449	16	05
7	Rr	4434	0.429	16	10
7	Rr	4809	0.465	16	15
7	Rr	4448	0.430	16	20
7	Rr	4124	0.399	16	25
7	Rr	4553	0.440	16	30
7	Rr	4753	0.460	16	35
7	Rr	4636	0.448	16	40
7	Rr	4691	0.454	16	45
7	Rr	4720	0.456	16	50
7	Rr	4549	0.440	16	55
7	Rr	4640	0.449	17	00
7	Rr	4531	0.438	17	05
7	Rr	4876	0.472	17	10
7	Rr	4409	0.426	17	15
7	Rr	4535	0.439	17	20
7	Rr	4611	0.446	17	25
7	Rr	4700	0.455	17	30
7	Rr	4742	0.459	17	35
7	Rr	4601	0.445	17	40
7	Rr	4572	0.442	17	45
7	Rr	4524	0.437	17	50
7	Rr	4433	0.429	17	55
7	Rr	4091	0.396	18	00
7	Rr	4437	0.429	18	05
7	Rr	5139	0.497	18	10
7	Rr	4823	0.466	18	15
7	Rr	4445	0.430	18	20
7	Rr	4870	0.471	18	25
7	Rr	4608	0.446	18	30
7	Rr	4748	0.459	18	35
7	Rr	4724	0.457	18	40
7	Rr	4712	0.456	18	45
7	Rr	4716	0.456	18	50
7	Rr	4878	0.472	18	55
7	Rr	5191	0.502	19	00
7	Rr	4889	0.473	19	05
7	Rr	4790	0.463	19	10
7	Rr	4486	0.434	19	15
7	Rr	4533	0.438	19	20
7	Rr	4311	0.417	19	25
7	Rr	4309	0.417	19	30
7	Rr	4535	0.439	19	35
7	Rr	4649	0.450	19	40
7	Rr	4822	0.466	19	45
7	Rr	4273	0.413	19	50
7	Rr	4448	0.430	19	55
7	Rr	4382	0.424	20	00
7	Rr	4996	0.483	20	05
7	Rr	4779	0.462	20	10
7	Rr	4443	0.430	20	15
7	Rr	4710	0.455	20	20
7	Rr	4521	0.437	20	25
7	Rr	4101	0.397	20	30
7	Rr	4274	0.413	20	35
7	Rr	4615	0.446	20	40
7	Rr	4848	0.469	20	45
7	Rr	4366	0.422	20	50
7	Rr	4610	0.446	20	55
7	Rr	5058	0.489	21	00
7	Rr	4313	0.417	21	05
7	Rr	4422	0.428	21	10
7	Rr	4300	0.416	21	15
7	Rr	3846	0.372	21	20
7	Rr	4530	0.438	21	25
7	Rr	3953	0.382	21	30
7	Rr	4208	0.407	21	35
7	Rr	4199	0.406	21	40
7	Rr	4233	0.409	21	45
7	Rr	4486	0.434	21	50
7	Rr	3937	0.381	21	55
7	Rr	4006	0.387	22	00
7	Rr	3844	0.372	22	05
7	Rr	4062	0.393	22	10
7	Rr	3618	0.350	22	15
7	Rr	4154	0.402	22	20
7	Rr	4206	0.407	22	25
7	Rr	3798	0.367	22	30
7	Rr	4216	0.408	22	35
7	Rr	3758	0.363	22	40
7	Rr	3759	0.364	22	45
7	Rr	3958	0.383	22	50
7	Rr	3707	0.358	22	55
7	Rr	4156	0.402	23	00
7	Rr	3862	0.373	23	05
7	Rr	3792	0.367	23	10
7	Rr	3765	0.364	23	15
7	Rr	4561	0.441	23	20
7	Rr	3630	0.351	23	25
7	Rr	3453	0.334	23	30
7	Rr	3674	0.355	23	35
7	Rr	3448	0.333	23	40
7	Rr	3443	0.333	23	45
7	Rr	3494	0.338	23	50
7	Rr	3187	0.308	23	55
o	*f	0R	r
o	lRQ	1	1034089	389170314	[unresolved numerical addresses]
Z	*f	-20R	r
Z	lRb	1	43922	2.900	66.249
Z	lRb	1	40512	1.717	69
Z	lRb	1	29018	2.089	35
Z	lRb	1	25032	0.842	46
Z	lRb	1	22869	2.869	157.55
Z	lRb	1	22054	3.462	70
Z	lRb	1	20223	1.493	34
Z	lRb	1	17803	2.274	207.46
Z	lRb	1	17711	2.005	54
Z	lRb	1	16855	2.531	40
Z	lRb	1	15652	1.341	76
Z	lRb	1	13595	1.562	72
Z	lRb	1	12389	1.225	5
Z	lRb	1	12111	0.092	178.137
Z	lRb	1	12047	1.064	75
Z	lRb	1	11629	1.054	123
Z	lRb	1	10957	0.841	74
Z	lRb	1	10117	0.671	71
Z	lRb	1	9728	1.083	104
Z	lRb	1	9230	0.511	37
Z	lRb	1	660635	68.374	[not listed: 8735]
S	*f	-50P	r
S	Rb	4702	0.400	14.33.246.211
S	Rb	3866	0.806	192.234.235.103
S	Rb	3248	0.250	192.99.15.146
S	Rb	2341	0.138	100.43.83.148
S	Rb	1992	0.069	66.249.75.109
S	Rb	1829	0.151	37.59.14.116
S	Rb	1781	0.219	75.98.173.33
S	Rb	1597	0.132	78.155.138.20
S	Rb	1543	0.075	199.21.99.79
S	Rb	1459	0.010	92.249.127.111
S	Rb	1330	0.018	109.102.111.58
S	Rb	1312	0.046	205.203.134.197
S	Rb	1304	0.196	5.196.13.127
S	Rb	1276	0.121	208.115.113.82
S	Rb	1270	0.066	95.108.248.29
S	Rb	1266	0.043	49.7.20.102
S	Rb	1155	0.236	75.98.173.84
S	Rb	1142	0.001	91.207.9.226
S	Rb	1126	0.206	79.125.27.96
S	Rb	1107	0.017	66.249.69.97
S	Rb	1081	0.019	66.249.69.81
S	Rb	1051	0.033	66.249.69.192
S	Rb	1047	0.018	106.38.241.144
S	Rb	1039	0.015	66.249.69.89
S	Rb	1030	0.099	5.255.250.90
S	Rb	1024	0.075	95.108.150.235
S	Rb	1012	0.083	192.99.6.132
S	Rb	957	0.185	199.21.99.197
S	Rb	951	0.063	66.249.73.133
S	Rb	936	0.019	49.7.20.111
S	Rb	905	0.037	144.76.27.118
S	Rb	815	0.030	178.63.23.80
S	Rb	812	0.095	66.249.64.90
S	Rb	808	0.185	149.202.211.239
S	Rb	806	0.114	216.244.66.229
S	Rb	791	0.065	192.99.7.55
S	Rb	786	0.119	66.11.128.152
S	Rb	777	0.001	193.150.120.14
S	Rb	760	0.052	208.115.113.92
S	Rb	744	0.010	109.102.111.20
S	Rb	739	0.010	109.102.111.50
S	Rb	721	0.004	106.38.241.177
S	Rb	704	0.001	109.120.157.179
S	Rb	698	0.026	220.181.125.162
S	Rb	694	0.039	78.155.138.30
S	Rb	686	0.020	66.249.65.212
S	Rb	670	0.045	49.7.20.108
S	Rb	664	0.055	94.23.59.173
S	Rb	653	0.073	52.21.132.215
S	Rb	649	0.054	46.105.74.59
S	Rb	972433	95.157	[not listed: 91661]
s	*FR	2013	12	18	21	53
s	*LR	2022	04	15	22	59
s	*f	-20R	s
s	lRS	1	210994	811	http://www.gtaeronautics.com/
s	lRS	1	51153	171	http://gtaeronautics.com/
s	lRS	1	5152	11	https://www.google.com/
s	lRS	1	278	4	https://www.thomasnet.com/
s	lRS	1	1552	0	http://www.google.com/
s	lRS	1	1246	0	http://www.baidu.com/
s	lRS	1	1159	0	http://www.trainingindustry.com/
s	lRS	1	609	0	http://www.mfgpages.com/
s	lRS	1	604	0	http://www.openfos.com/
s	lRS	1	517	0	http://www.topicway.com/
s	lRS	1	462	0	http://anti-crisis-seo.com/
s	lRS	1	395	0	http://uptime.com/
s	lRS	1	362	0	http://semalt.semalt.com/
s	lRS	1	327	0	http://www.bing.com/
s	lRS	1	301	0	http://chimiver.info/
s	lRS	1	280	0	https://www.google.co.in/
s	lRS	1	262	0	http://google.co.jp/
s	lRS	1	259	0	https://www.bing.com/
s	lRS	1	236	0	http://www.thomasnet.com/
s	lRS	1	234	0	http://www.artparquet.ru/
s	lRS	1	48732	7	[not listed: 4344]
f	*FR	2013	12	18	21	53
f	*LR	2022	04	15	22	59
f	*f	-30R	s
f	lRS	1	143889	661	http://www.gtaeronautics.com/
f	lRS	1	35165	109	http://gtaeronautics.com/
f	lRS	1	1054	31	http://gtaeronautics.com/index.html
f	lRS	1	9839	24	http://www.gtaeronautics.com/aboutus.html
f	lRS	1	1649	24	http://www.gtaeronautics.com/IndNews.html
f	lRS	1	4470	23	http://www.gtaeronautics.com/index.html
f	lRS	1	2152	16	http://www.gtaeronautics.com/CompNews.html
f	lRS	1	2023	13	http://www.gtaeronautics.com/RD.html
f	lRS	1	4747	11	https://www.google.com/
f	lRS	1	1516	11	http://gtaeronautics.com/aboutus.html
f	lRS	1	1717	10	http://www.gtaeronautics.com/GT50T RPAS.html
f	lRS	1	2276	9	http://www.gtaeronautics.com/GT1500 RPAS.html
f	lRS	1	2549	4	http://www.gtaeronautics.com/GT380 RPAS.html
f	lRS	1	2538	4	http://www.gtaeronautics.com/pna.html
f	lRS	1	1917	3	http://www.gtaeronautics.com/SRU.html
f	lRS	1	1446	2	http://www.gtaeronautics.com/contactus.html
f	lRS	1	893	2	http://www.gtaeronautics.com/FAQ.html
f	lRS	1	7074	1	http://www.gtaeronautics.com/CCT&M.html
f	lRS	1	5610	1	http://gtaeronautics.com/IndNews.html
f	lRS	1	1569	1	http://www.gtaeronautics.com/EMPLOYMENT.html
f	lRS	1	1129	1	http://www.gtaeronautics.com/links.html
f	lRS	1	6065	0	http://www.gtaeronautics.com/UASFC.html
f	lRS	1	4296	0	http://www.gtaeronautics.com/ConsultingA.html
f	lRS	1	2035	0	http://www.gtaeronautics.com/uasfc.html
f	lRS	1	1836	0	http://www.gtaeronautics.com/CFMT.html
f	lRS	1	1708	0	http://www.gtaeronautics.com/consultinga.html
f	lRS	1	1268	0	http://www.gtaeronautics.com/compnews.html
f	lRS	1	1159	0	http://www.trainingindustry.com/
f	lRS	1	1080	0	http://www.baidu.com/s
f	lRS	1	892	0	http://www.google.com/url
f	lRS	1	69553	43	[not listed: 5004]
n	*FR	2013	12	19	00	28
n	*LR	2020	10	14	09	11
n	*f	0.500000%Q	s
n	Rq	1	3623.255	kit
n	Rq	1	3623.255	method
n	Rq	2	7246.510	crew
n	Rq	28	7485.484	aeronautical
n	Rq	1	3623.255	airplane.com
n	Rq	5	2066.025	faa
n	Rq	40	5149.639	gt
n	Rq	1	3623.255	moldings
n	Rq	1	3623.255	twin
n	Rq	1	3623.255	taranis
n	Rq	2	3623.255	installerex
n	Rq	2	3623.255	http://gtaeronautics.com/
n	Rq	20	4132.050	in
n	Rq	1	3623.255	scale
n	Rq	1	3623.255	observer
n	Rq	1	3623.255	drawing?
n	Rq	2	3623.255	is
n	Rq	1	3623.255	making
n	Rq	2	7246.510	fiber
n	Rq	1	3623.255	mitsubishi
n	Rq	1	3623.255	fuze
n	Rq	1	3623.255	http://www.gtaeronautics.com/indnews.html
n	Rq	92	3623.255	semalt.com
n	Rq	1	3623.255	consultant
n	Rq	15	6467.895	manufacturing
n	Rq	1	3623.255	2
n	Rq	1	3623.255	base
n	Rq	14	2574.819	6
n	Rq	1	3623.255	http://gtaeronautics.com/indnews.html
n	Rq	1	3623.255	always
n	Rq	28	2304.999	engineering
n	Rq	1	3623.255	northrop
n	Rq	1	3623.255	bandwidth
n	Rq	1	3623.255	vegas
n	Rq	3	7246.510	basic
n	Rq	1	3623.255	qinetiq
n	Rq	1	3623.255	tooling
n	Rq	1	3623.255	on
n	Rq	1	3623.255	heavy
n	Rq	9	4910.665	drawings
n	Rq	1	3623.255	fia
n	Rq	4	3623.255	louis%20vuitton%20fashion%20valley%20phone%20number
n	Rq	3	3623.255	llc
n	Rq	3	2844.640	rullman
n	Rq	1	3623.255	cowling
n	Rq	32	2844.640	sale
n	Rq	64	5689.280	outlet
n	Rq	1	3623.255	rotax
n	Rq	1	3623.255	ucav
n	Rq	28	6706.869	texan
n	Rq	1	3623.255	a
n	Rq	2	3623.255	customer
n	Rq	1	3623.255	rpa
n	Rq	2	7246.510	110cc
n	Rq	30	3623.255	designer
n	Rq	20	2066.025	www.gtaeronautics.com
n	Rq	1	3623.255	work
n	Rq	1	3623.255	thomas
n	Rq	1	3623.255	engie
n	Rq	1	3623.255	qualification
n	Rq	1	3623.255	custom
n	Rq	1	3623.255	mk3
n	Rq	1	3623.255	t
n	Rq	1	3623.255	uavs
n	Rq	1	3623.255	w
n	Rq	2	3623.255	satisfaction
n	Rq	2	7246.510	x
n	Rq	1	3623.255	crews
n	Rq	3	3623.255	photos
n	Rq	1	3623.255	finnemeccia
n	Rq	2	7246.510	glass
n	Rq	1	2844.640	to
n	Rq	1	3623.255	gcs
n	Rq	5	2066.025	engineer
n	Rq	1	3623.255	government
n	Rq	1	3623.255	operator
n	Rq	6	5689.280	aircraft
n	Rq	1	3623.255	with
n	Rq	97	7246.510	number
n	Rq	4	2844.640	for
n	Rq	1	3623.255	december
n	Rq	2	7246.510	aero
n	Rq	9	7246.510	equipment
n	Rq	2	7246.510	engine
n	Rq	1	3623.255	mq1
n	Rq	2	7246.510	wy
n	Rq	1	3623.255	custum
n	Rq	1	3623.255	g.t
n	Rq	1	3623.255	mechanics
n	Rq	1	7246.510	motors
n	Rq	1	3623.255	tdw
n	Rq	32	2066.025	luggage
n	Rq	1	3623.255	opportunities
n	Rq	175	5419.459	vuitton
n	Rq	1	3623.255	show
n	Rq	1	2844.640	the
n	Rq	1	3623.255	luggages
n	Rq	1	3623.255	stroke
n	Rq	2	3623.255	explore
n	Rq	39	7246.510	handbags
n	Rq	2	7246.510	electric
n	Rq	1	3623.255	space
n	Rq	1	7246.510	air
n	Rq	1	3623.255	quote
n	Rq	1	3623.255	require
n	Rq	1	3623.255	mpp
n	Rq	4	7246.510	jobs
n	Rq	5	2066.025	uas
n	Rq	1	3623.255	anything
n	Rq	1	3623.255	china
n	Rq	1	3623.255	airplane
n	Rq	10	4132.050	uav
n	Rq	2	3623.255	wmaid.com
n	Rq	3	6467.895	drone
n	Rq	7	1287.410	fiberglass
n	Rq	2	3623.255	facebook
n	Rq	1	3623.255	college
n	Rq	4	6467.895	onboard
n	Rq	3	7246.510	gtaeronautics.com
n	Rq	1	3623.255	qulificationa
n	Rq	21	6976.690	simi
n	Rq	1	3623.255	and
n	Rq	5	2844.640	flight
n	Rq	17	6976.690	at6
n	Rq	1	3623.255	xtreme
n	Rq	1	3623.255	maintenance
n	Rq	1	3623.255	cody
n	Rq	1	3623.255	systems
n	Rq	1	3623.255	any
n	Rq	1	3623.255	tom
n	Rq	1	3623.255	payload
n	Rq	2	7246.510	gta
n	Rq	2	3623.255	granger
n	Rq	8	1287.410	extreme
n	Rq	6	2066.025	molding
n	Rq	2	3623.255	easylifeapp
n	Rq	1	3623.255	rating
n	Rq	2	3623.255	whitelaw
n	Rq	126	1287.410	fashion
n	Rq	2	7246.510	ice
n	Rq	2	3623.255	http://www.gtaeronautics.com/compnews.html
n	Rq	5	7246.510	engineers
n	Rq	3	7246.510	composite
n	Rq	1	3623.255	skyforce
n	Rq	1	3623.255	eengineer
n	Rq	175	5419.459	louis
n	Rq	8	3623.255	store
n	Rq	4	6467.895	starter
n	Rq	14	6467.895	cheap
n	Rq	1	3623.255	diamond
n	Rq	10	508.795	bme
n	Rq	1	3623.255	america2009
n	Rq	7	3623.255	content
n	Rq	1	3623.255	challenge
n	Rq	2	7246.510	aeronautic
n	Rq	1	3623.255	piece
n	Rq	1	3623.255	how
n	Rq	1	3623.255	male
n	Rq	2	7246.510	design
n	Rq	2	7246.510	flying
n	Rq	1	3623.255	carbon
n	Rq	1	3623.255	operation
n	Rq	2	3623.255	profile
n	Rq	1	3623.255	tomas
n	Rq	1	3623.255	cia
n	Rq	1	3623.255	hummingbird
n	Rq	1	3623.255	iron
n	Rq	1	3623.255	california
n	Rq	1	3623.255	amphibian
n	Rq	1	3623.255	110
n	Rq	1	3623.255	mentioned
n	Rq	1	3623.255	111
n	Rq	1	3623.255	over
n	Rq	25	7485.484	http://www.gtaeronautics.com/
n	Rq	1	3623.255	google.com
n	Rq	1	3623.255	fuel
n	Rq	2	3623.255	inc
n	Rq	1	3623.255	handbag.com
n	Rq	1	3623.255	da42
n	Rq	2	7246.510	certification
n	Rq	1	3623.255	timing
n	Rq	1	3623.255	2015
n	Rq	1	3623.255	home
n	Rq	1	3623.255	aerospacecompanies
n	Rq	1	3623.255	anti
n	Rq	1	3623.255	ziroli
n	Rq	1	3623.255	sketches
n	Rq	5	3623.255	purses
n	Rq	1	3623.255	downlink
n	Rq	3	3623.255	aeronotics
n	Rq	1	3623.255	nanotechnology
n	Rq	1	3623.255	zephyr
n	Rq	4	3623.255	wyoming
n	Rq	2	3623.255	technology
n	Rq	3	2844.640	companies
n	Rq	1	3623.255	muffler
n	Rq	2	3623.255	avia
n	Rq	2	3623.255	what
n	Rq	145	4640.844	valley
n	Rq	1	3623.255	microwave
n	Rq	1	3623.255	mold
n	Rq	5	6467.895	pglm
n	Rq	1	3623.255	specialist
n	Rq	23	238.974	drawing
n	Rq	1	3623.255	tool
n	Rq	1	3623.255	security
n	Rq	6	7246.510	prototypes
n	Rq	1	3623.255	giant
n	Rq	1	3623.255	powell
n	Rq	8	1287.410	aerospace
n	Rq	4	6467.895	unmanned
n	Rq	34	5928.254	aeronautics
n	Rq	1	3623.255	radius
n	Rq	1	3623.255	zero
n	Rq	1	3623.255	tobbot
n	Rq	2	7246.510	job
n	Rq	2	7246.510	neverfull
n	Rq	1	3623.255	onbordstarter
n	Rq	20	6467.895	ca
n	Rq	1	7246.510	as
n	Rq	13	6976.690	at
n	Rq	5	2066.025	techniques
n	Rq	1	3623.255	does
n	Rq	1	3623.255	commercial
n	Rq	1	3623.255	www.gt
n	Rq	1	3623.255	de
n	Rq	1	3623.255	co
n	Rq	1	3623.255	speedy
n	Rq	1	3623.255	rpas
n	Rq	2	7246.510	instrument
n	Rq	1	3623.255	do
n	Rq	1	3623.255	quotation
n	Rq	3	2844.640	training
n	Rq	1	3623.255	efi
n	Rq	1	3623.255	careers
n	Rq	3	2844.640	pilot
n	Rq	9	4910.665	bandito
n	Rq	4	6467.895	quotes
n	Rq	107	6467.895	phone
n	Rq	1	3623.255	stations
n	Rq	1	3623.255	traing
N	*FR	2013	12	19	00	28
N	*LR	2020	10	14	09	11
N	*f	-200Q	s
N	RQ	25	4006156888	http://www.gtaeronautics.com/
N	RQ	2	3878260232	fiberglass molding techniques
N	RQ	6	3878260232	manufacturing aeronautical prototypes
N	RQ	19	3878260232	louis vuitton luggage outlet
N	RQ	10	3878260232	louis vuitton fashion valley phone
N	RQ	97	3878260232	louis vuitton fashion valley phone number
N	RQ	2	3878260232	texan at 6
N	RQ	18	3878260232	louis vuitton fashion valley ca
N	RQ	6	3461553168	texan at6
N	RQ	5	3461553168	bandito pglm
N	RQ	7	3044846104	bme extreme
N	RQ	7	3044846104	aerospace engineering drawings
N	RQ	8	2628139040	at6 texan
N	RQ	1	1939130116	uavs flying over simi valley ca
N	RQ	1	1939130116	gt aeronautics simi valley california
N	RQ	1	1939130116	aeronautical engineer quote
N	RQ	1	1939130116	does aeronautical engineering require drawing?
N	RQ	1	1939130116	how to do gt in engineering drawing
N	RQ	2	1939130116	http://gtaeronautics.com/
N	RQ	1	1939130116	the government college g.t aeronautics
N	RQ	1	1939130116	bme engine
N	RQ	1	1939130116	uas gcs
N	RQ	1	1939130116	http://www.gtaeronautics.com/indnews.html
N	RQ	92	1939130116	semalt.com
N	RQ	1	1939130116	aero iron mentioned nanotechnology hummingbird uav
N	RQ	1	1939130116	basic fiberglass techniques
N	RQ	1	1939130116	http://gtaeronautics.com/indnews.html
N	RQ	1	1939130116	finnemeccia co
N	RQ	2	1939130116	drawing for customer satisfaction
N	RQ	1	1939130116	cheap louis vuitton speedy handbag.com
N	RQ	1	1939130116	at 6
N	RQ	1	1939130116	quotation specialist engineer drawings
N	RQ	1	1939130116	challenge xtreme 111 piece mechanics tool kit
N	RQ	1	1939130116	uav commercial crew stations
N	RQ	1	1939130116	da42 mpp microwave downlink bandwidth
N	RQ	1	1939130116	anti ice de ice qinetiq zephyr
N	RQ	4	1939130116	louis%20vuitton%20fashion%20valley%20phone%20number
N	RQ	1	1939130116	faa uas pilot certification
N	RQ	1	1939130116	any flying crews in gta
N	RQ	1	1939130116	aerospace drawing
N	RQ	1	1939130116	fiber glass molding job
N	RQ	1	1939130116	aircraft design consultant
N	RQ	1	1939130116	www.gt airplane.com
N	RQ	3	1939130116	gt in aeronotics
N	RQ	1	1939130116	tom rullman
N	RQ	1	1939130116	gt aeronautics simi valley ca
N	RQ	1	1939130116	drone base in simi valley
N	RQ	1	1939130116	fiberglass mold making techniques
N	RQ	1	1939130116	rpa instrument qualification faa instrument rating
N	RQ	1	1939130116	extreme bme
N	RQ	1	1939130116	uas faa maintenance
N	RQ	1	1939130116	louis vuitton neverfull
N	RQ	1	1939130116	fiberglass techniques
N	RQ	1	1939130116	aircraft companies in simi valley
N	RQ	1	1939130116	custom fiberglass moldings
N	RQ	11	1939130116	louis vuitton luggage cheap
N	RQ	1	1939130116	anything
N	RQ	1	1939130116	aeronautical engineering sketches
N	RQ	1	1939130116	gtaeronautics.com
N	RQ	1	1939130116	giant scale ziroli at 6
N	RQ	9	1939130116	outlet louis vuitton handbags
N	RQ	1	1939130116	cowling drawing
N	RQ	1	1939130116	mitsubishi zero
N	RQ	1	1939130116	powell wy gt aeronautics
N	RQ	2	1939130116	what is gt in basic engineering drawing
N	RQ	2	1939130116	composite molding
N	RQ	1	1939130116	aeronautics in simi valley and security work
N	RQ	3	1939130116	gt aeronautics llc jobs
N	RQ	1	1939130116	crew flight gta
N	RQ	1	1939130116	110cc engine timing
N	RQ	1	1939130116	aeronautical engineer quotes
N	RQ	2	1939130116	http://www.gtaeronautics.com/compnews.html
N	RQ	4	1939130116	wyoming flight engineers
N	RQ	1	1939130116	a t 6
N	RQ	1	1939130116	gt aeronautics unmanned air
N	RQ	1	1939130116	fia gt composite tooling
N	RQ	1	1939130116	uas pilot certification
N	RQ	1	1939130116	quotes on aeronautical engineers
N	RQ	1	1939130116	payload for diamond northrop twin engie aircraft
N	RQ	7	1939130116	content
N	RQ	1	1939130116	bme 110
N	RQ	1	1939130116	thomas w rullman gt aeronautics
N	RQ	1	1939130116	luggages for sale
N	RQ	2	1939130116	easylifeapp profile
N	RQ	2	1939130116	simi gt
N	RQ	1	1939130116	mq1 design fuel
N	RQ	1	1939130116	airplane as always cia america2009
N	RQ	1	1939130116	eengineer drawing home
N	RQ	1	1939130116	heavy equipment operator jobs
N	RQ	1	1939130116	aero space drone simi valley
N	RQ	1	1939130116	cheap louis vuitton luggage
N	RQ	1	1939130116	2 stroke electric onboard starter
N	RQ	1	1939130116	skyforce observer mk3
N	RQ	1	1939130116	simi valley unmanned aircraft
N	RQ	2	1939130116	granger whitelaw avia
N	RQ	1	1939130116	louis vuitton fashion valley neverfull
N	RQ	1	1939130116	louis vuitton job opportunities
N	RQ	1	1939130116	google.com
N	RQ	1	1939130116	uas operation training method
N	RQ	2	1939130116	wmaid.com explore gtaeronautics.com
N	RQ	1	1939130116	custum muffler 110cc
N	RQ	1	1939130116	glass manufacturing drawings
N	RQ	1	1939130116	electric motors x male uav x sale
N	RQ	1	1939130116	aerospacecompanies in simi valley
N	RQ	1	1939130116	fiberglass molding
N	RQ	2	1939130116	aeronautical technology inc
N	RQ	1	1939130116	taranis ucav
N	RQ	1	1939130116	vegas drone uav show december 2015
N	RQ	1	1939130116	uav companies in simi valley
N	RQ	1	1939130116	unmanned aircraft systems pilot training
N	RQ	2	1939130116	installerex facebook
N	RQ	3	1939130116	texan at6 photos
N	RQ	1	1939130116	aeronautic engineer
N	RQ	30	1939130116	designer handbags outlet sale
N	RQ	1	1939130116	rpas qulificationa traing with faa
N	RQ	1	1939130116	faa uav training
N	RQ	1	1939130116	uav companies simi valley
N	RQ	5	1939130116	louis vuitton purses outlet
N	RQ	1	1939130116	aeronautics
N	RQ	1	1939130116	cheap louis vuitton luggage outlet
N	RQ	1	1939130116	gt aeronautics tomas rullman
N	RQ	1	1939130116	tobbot
N	RQ	1	1939130116	radius tdw efi fuze
N	RQ	8	1939130116	manufacturing equipment store in simi valley
N	RQ	1	1939130116	aeronautic engineer quotes
N	RQ	1	1939130116	onbordstarter
N	RQ	1	1939130116	rotax amphibian unmanned china
N	RQ	1	1939130116	aeronautical engineering quotes
N	RQ	1	1939130116	drawing aircraft engineering
N	RQ	1	1939130116	gt aeronautics careers
N	RQ	1	1939130116	gt aeronautics bandito
N	RQ	1	1939130116	cody wy carbon fiber
N	RQ	14	1794724912	aeronautical engineering drawing
N	RQ	3	1522423052	bandito uav
N	RQ	3	1522423052	onboard starter
N	RQ	20	1378017848	gt aeronautics
N	RQ	20	1105715988	www.gtaeronautics.com
N	RQ	9	272301860	at 6 texan
B	*f	-40R	r
B	Rb	38402	5.008	Mozilla/5.0 (compatible; bingbot/2.0;  http://www.bing.com/bingbot.htm)
B	Rb	37906	2.026	ZoominfoBot (zoominfobot at zoominfo dot com)
B	Rb	26381	1.636	Mozilla/5.0 (compatible; Googlebot/2.1;  http://www.google.com/bot.html)
B	Rb	16186	1.296	Mozilla/4.0 (compatible; MSIE 6.0; Windows NT 5.1; SV1)
B	Rb	13797	0.915	Sogou web spider/4.0( http://www.sogou.com/docs/help/webmasters.htm#07)
B	Rb	12856	1.837	Mozilla/5.0 (iPhone; CPU iPhone OS 7_0 like Mac OS X) AppleWebKit/537.51.1 (KHTML, like Gecko) Version/7.0 Mobile/11A465 Safari/9537.53 (compatible; bingbot/2.0;  http://www.bing.com/bingbot.htm)
B	Rb	10146	0.959	Mozilla/5.0 (compatible; YandexBot/3.0;  http://yandex.com/bots)
B	Rb	10027	0.918	Mozilla/5.0 (compatible; Baiduspider/2.0;  http://www.baidu.com/search/spider.html)
B	Rb	9979	0.809	Mozilla/5.0 (Windows NT 6.1; WOW64; Trident/7.0; rv:11.0) like Gecko
B	Rb	8402	0.644	Mozilla/5.0 (compatible; AhrefsBot/7.0;  http://ahrefs.com/robot/)
B	Rb	8061	1.210	Mozilla/4.0 (compatible; MSIE 7.0; Windows NT 5.1; .NET CLR 1.1.4322; .NET CLR 2.0.50727)
B	Rb	7454	0.555	Mozilla/5.0 (compatible; Yahoo! Slurp; http://help.yahoo.com/help/us/ysearch/slurp)
B	Rb	7100	0.287	Mozilla/4.0 (compatible; MSIE 6.0; Windows NT 5.1; SV1; .NET CLR 2.0.50727)
B	Rb	6942	0.251	Mozilla/4.0 (compatible;)
B	Rb	6440	0.417	Mozilla/4.0 (compatible; MSIE 6.0; Windows NT 5.1)
B	Rb	6164	0.060	Mozilla/4.0 (compatible; MSIE 7.0; Windows NT 5.1; .NET CLR 1.1.4322; .NET CLR 2.0.50727; .NET CLR 3.0.4506.2152; .NET CLR 3.5.30729)
B	Rb	6152	0.471	Mozilla/4.0 (compatible; MSIE 7.0; Windows NT 6.1; WOW64; Trident/5.0; SLCC2; .NET CLR 2.0.50727; .NET CLR 3.5.30729; .NET CLR 3.0.30729; Media Center PC 6.0; .NET4.0C; .NET4.0E)
B	Rb	6079	0.306	Mozilla/5.0 (Windows NT 6.1; WOW64) AppleWebKit/537.36 (KHTML, like Gecko) Chrome/36.0.1985.143 Safari/537.36
B	Rb	5856	0.195	Googlebot-Image/1.0
B	Rb	5848	0.355	Sosospider ( http://help.soso.com/webspider.htm)
B	Rb	5657	1.872	Mozilla/5.0 (Windows NT 6.3; WOW64) AppleWebKit/537.36 (KHTML, like Gecko) Chrome/33.0.1736.0 Safari/537.36
B	Rb	5436	0.404	Mozilla/5.0 (Windows; U; Windows NT 5.1; en-US; rv:1.7.2) Gecko/20040804 Netscape/7.2 (ax)
B	Rb	5308	0.173	Mozilla/4.0 (compatible; MSIE 7.0; Windows NT 5.1; .NET CLR 1.1.4322; .NET CLR 2.0.50727; .NET CLR 3.0.04506.30)
B	Rb	5198	0.428	Mozilla/4.0 (compatible; MSIE 7.0; Windows NT 5.1)
B	Rb	4873	0.161	Mozilla/5.0 (compatible; MSIE 9.0; Windows NT 6.1; WOW64; Trident/5.0)
B	Rb	4446	0.236	Mozilla/5.0 (compatible; Yahoo! Slurp/3.0; http://help.yahoo.com/help/us/ysearch/slurp)
B	Rb	4368	0.047	Mozilla/4.0 (compatible; MSIE 7.0; Windows NT 5.1; .NET CLR 2.0.50727; .NET CLR 3.0.4506.2152; .NET CLR 3.5.30729)
B	Rb	4270	0.596	Mozilla/5.0 (iPhone; CPU iPhone OS 7_0 like Mac OS X) AppleWebKit/537.51.1 (KHTML, like Gecko) Version/7.0 Mobile/11A465 Safari/9537.53 BingPreview/1.0b
B	Rb	4114	0.497	Mozilla/5.0 (Linux; Android 6.0.1; Nexus 5X Build/MMB29P) AppleWebKit/537.36 (KHTML, like Gecko) Chrome/41.0.2272.96 Mobile Safari/537.36 (compatible; Googlebot/2.1;  http://www.google.com/bot.html)
B	Rb	3783	0.198	Mozilla/4.0 (compatible; MSIE 6.0; Windows NT 5.1; SV1; .NET CLR 1.1.4322)
B	Rb	3707	1.018	Mozilla/5.0 (Linux; U; Android 8.1.0; zh-CN; EML-AL00 Build/HUAWEIEML-AL00) AppleWebKit/537.36 (KHTML, like Gecko) Version/4.0 Chrome/57.0.2987.108 baidu.sogo.uc.UCBrowser/11.9.4.974 UWS/2.13.1.48 Mobile Safari/537.36 AliApp(DingTalk/4.5.11) com.alibaba.android.rimet/10487439 Channel/227200 language/zh-CN
B	Rb	3697	0.128	Mozilla/5.0 (compatible; SeznamBot/3.2;  http://napoveda.seznam.cz/en/seznambot-intro/)
B	Rb	3595	0.372	Mozilla/4.0 (compatible; MSIE 7.0; Windows NT 5.1; InfoPath.2; .NET CLR 2.0.50727; .NET CLR)
B	Rb	3576	0.552	PRurl
B	Rb	3493	0.240	Mozilla/5.0 (compatible; MJ12bot/v1.4.5; http://www.majestic12.co.uk/bot.php? )
B	Rb	3481	0.164	Mozilla/5.0 (X11; Datanyze; Linux x86_64) AppleWebKit/537.36 (KHTML, like Gecko) Chrome/65.0.3325.181 Safari/537.36
B	Rb	3206	0.723	Mozilla/4.0 (compatible; MSIE 7.0; Windows NT 5.1; .NET CLR 2.0.50727; .NET CLR 1.1.4322)
B	Rb	3062	0.106	Mozilla/4.0 (compatible; MSIE 7.0; Windows NT 5.1; .NET CLR 1.1.4322)
B	Rb	3049	0.054	Mozilla/4.0 (compatible; MSIE 8.0; Windows NT 5.1; Trident/4.0; .NET CLR 2.0.50727; .NET CLR 3.0.4506.2152; .NET CLR 3.5.30729; .NET4.0C; .NET CLR 1.1.4322)
B	Rb	2944	0.308	Mozilla/5.0 (compatible; MSIE 9.0; Windows NT 6.1; Trident/5.0)
B	Rb	693081	71.565	[not listed: 20158]
b	*f	-15Q	s
b	lRQq	1	1694	3973139801	108.920	python-requests
b	lRQq	2	1676	1761707825	48.296	python-requests/2
b	lRQq	2	6	3878260232	106.319	python-requests/0
b	lRQq	2	12	2628139040	72.048	python-requests/1
b	lRQq	1	30	4278458748	117.290	MobileSafari
b	lRQq	2	2	3878260232	106.319	MobileSafari/9537
b	lRQq	2	19	2900440900	79.513	MobileSafari/604
b	lRQq	2	5	1939130116	53.160	MobileSafari/8612
b	lRQq	2	1	1522423052	41.736	MobileSafari/601
b	lRQq	2	3	1105715988	30.312	MobileSafari/602
b	lRQq	1	39	4150562092	113.784	Safari
b	lRQq	2	2	3878260232	106.319	Safari/14606
b	lRQq	2	20	3878260232	106.319	Safari/12604
b	lRQq	2	2	1939130116	53.160	Safari/16612
b	lRQq	2	4	1939130116	53.160	Safari/17612
b	lRQq	2	1	1939130116	53.160	Safari/11601
b	lRQq	2	1	1939130116	53.160	Safari/10603
b	lRQq	2	2	1939130116	53.160	Safari/11604
b	lRQq	2	4	1939130116	53.160	Safari/15609
b	lRQq	2	3	1939130116	53.160	Safari/16610
b	lRQq	1	93	4150562092	113.784	GuzzleHttp
b	lRQq	2	92	2211431976	60.625	GuzzleHttp/6
b	lRQq	2	1	1939130116	53.160	GuzzleHttp/7
b	lRQq	1	45	3878260232	106.319	Riddler (http:
b	lRQq	2	45	3878260232	106.319	Riddler (http://riddler
b	lRQq	1	320	3878260232	106.319	Blackboard Safeassign
b	lRQq	2	66	1939130116	53.160	Blackboard Safeassign/0
b	lRQq	1	566	3878260232	106.319	Baiduspider ( http:
b	lRQq	2	566	3878260232	106.319	Baiduspider ( http://www
b	lRQq	1	306	3878260232	106.319	NextGenSearchBot
b	lRQq	2	6	1939130116	53.160	NextGenSearchBot/4
b	lRQq	2	300	1939130116	53.160	NextGenSearchBot/1
b	lRQq	1	15	3878260232	106.319	PagesInventory (robot http:
b	lRQq	2	15	3878260232	106.319	PagesInventory (robot http://www
b	lRQq	1	8	3878260232	106.319	colly - https:
b	lRQq	2	8	3878260232	106.319	colly - https://github
b	lRQq	1	11	3878260232	106.319	BlackBerry9630
b	lRQq	2	11	3878260232	106.319	BlackBerry9630/5
b	lRQq	1	18	3878260232	106.319	Brodie
b	lRQq	2	18	3878260232	106.319	Brodie/1
b	lRQq	1	587	3878260232	106.319	Aboundex
b	lRQq	2	587	3878260232	106.319	Aboundex/0
b	lRQq	1	26	3878260232	106.319	CazoodleBot
b	lRQq	2	1	1939130116	53.160	CazoodleBot/0
b	lRQq	2	25	1939130116	53.160	CazoodleBot/CazoodleBot-0
b	lRQq	1	482	3878260232	106.319	BUbiNG ( http:
b	lRQq	2	482	3878260232	106.319	BUbiNG ( http://law
b	lRQq	1	1020282	268735230	7.367	[not listed: 871]
p	*f	0Q	s
p	lR	1	547096	Windows
p	lR	2	58502	Windows NT
p	lR	2	232348	Unknown Windows
p	lR	2	240111	Windows XP
p	lR	2	2215	Windows 95
p	lR	2	400	Windows CE
p	lR	2	2345	Windows 98
p	lR	2	9372	Windows 2000
p	lR	2	384	Windows 3.1
p	lR	2	1419	Windows ME
p	lR	1	86174	Known robots
p	lR	1	88254	Macintosh
p	lR	2	84126	Unknown Macintosh
p	lR	2	3132	Macintosh PowerPC
p	lR	2	996	Macintosh 68k
p	lR	1	240843	OS unknown
p	lR	1	62108	Unix
p	lR	2	61135	Linux
p	lR	2	22	SunOS
p	lR	2	54	BSD
p	lR	2	894	Other Unix
p	lR	2	3	HP-UX
p	lR	1	16	WebTV
p	lR	1	1	BeOS
p	lR	1	23	OS/2
p	lR	1	7	Amiga
i	*f	0R	s
i	lRc	1	596525	24.111	[root directory]
i	lRc	1	278306	73.566	/images/
i	lRc	1	103429	0.093	/js/
i	lRc	1	54028	0.077	/css/
i	lRc	1	140	2.153	/uploads/
i	lRc	1	865	0.000	/videos/
i	lRc	1	541	0.000	/client/
i	lRc	1	1	0.000	/cgi-bin/
i	lRc	1	179	0.000	/dev/
i	lRc	2	23	0.000	/dev/css/
i	lRc	2	44	0.000	/dev/js/
i	lRc	2	59	0.000	/dev/images/
i	lRc	1	1	0.000	/secure/
i	lRc	1	74	0.000	/stats/
r	*f	0.050000%S	s
r	lRSc	1	27788	40	1.459	/aboutus.html
r	lRSc	1	27425	31	76.558	/indnews.html
r	lRSc	2	141	0	0.000	/indnews.html?referer=www.clickfind.com.au/wp-login.php
r	lRSc	2	1	0	0.000	/indnews.html?referer=top1.co.pl
r	lRSc	2	1	0	0.000	/indnews.html?referer=www.clickfind.com.au//wp-content/themes/busybee/thumb.php?src=http://blogger.com.opontodaarte.com.br/java.php
r	lRSc	1	18949	31	0.686	/contactus.html
r	lRSc	1	23926	23	12.380	/compnews.html
r	lRSc	1	14248	19	1.126	/indevents.html
r	lRSc	1	14274	19	0.454	/pna.html
r	lRSc	1	13103	17	0.848	/faq.html
r	lRSc	1	14925	16	0.779	/links.html
r	lRSc	1	17691	14	0.543	/cfmt.html
r	lRSc	1	18310	13	0.704	/consultinga.html
r	lRSc	1	9224	13	0.540	/sru.html
r	lRSc	1	15822	12	0.349	/employment.html
r	lRSc	1	17465	12	0.614	/cct&m.html
r	lRSc	1	22420	12	0.712	/uasfc.html
r	lRSc	1	1341	11	0.473	/gt100hl+rpas.html
r	lRSc	1	6002	11	0.489	/gt1500+rpas.html
r	lRSc	1	5651	10	0.433	/gt50t+rpas.html
r	lRSc	1	5969	9	0.397	/gt380+rpas.html
r	lRSc	1	9911	5	0.266	/rd.html
r	lRSc	1	4107	3	0.098	/uavengines.html
r	lRSc	1	24	2	0.002	/uploads/idrone-pressrelease-powell-version220119.pdf
r	lRSc	1	18	1	0.001	/uploads/droneexpojan2022+(1).pdf
r	lRSc	1	3813	1	0.044	/banditomav.html
r	lRSc	1	15	1	0.001	/uploads/big+horn+basin+drone+festival+event+schedule.pdf
r	lRSc	1	22	1	0.001	/uploads/bighornbasindronefestivalflyer-v2-220110.pdf
r	lRSc	1	13	1	0.001	/uploads/2022wydronefestflyer+rev2.pdf
r	lRSc	1	3923	1	0.040	/gtatexan.html
r	lRSc	1	1	0	0.000	/client/bandito timeline2007.html
r	lRSc	1	2	0	0.000	/client/bandit+timeline2004.html
r	lRSc	1	1	0	0.000	/stats/quick.html
r	lRSc	1	1	0	0.000	/404.htm
r	lRSc	1	12	0	0.000	/client/gta010707002.html
r	lRSc	1	72	0	0.000	/client/bandito+development.html
r	lRSc	1	135	0	0.000	/client/welcome.html
r	lRSc	1	3	0	0.000	/client/gta021305001.html
r	lRSc	1	1	0	0.000	/stats/browserrep.html
r	lRSc	1	741	0	0.000	/gt50t rpas.html
r	lRSc	1	5	0	0.000	/client/gta012405001.html
r	lRSc	1	2	0	0.000	/dev/contactus.html
r	lRSc	1	4	0	0.000	/stats/general.html
r	lRSc	1	1	0	0.000	/stats/dailyrep.html
r	lRSc	1	1	0	0.000	/dev/aboutus.html
r	lRSc	1	18	0	0.000	/client/tacamo+development.html
r	lRSc	1	1	0	0.000	/client/bandit development.html
r	lRSc	1	17	0	0.000	/client/bandit+timeline2008.html
r	lRSc	1	1	0	0.000	/client/bandito+timeline2005.html
r	lRSc	1	23	0	0.000	/client/projectbids.html
r	lRSc	1	1	0	0.000	/stats/host.html
r	lRSc	1	11	0	0.000	/client/rq2+outlaw.html
r	lRSc	1	1	0	0.000	/client/bandit timeline2008.html
r	lRSc	1	20	0	0.000	/client/clientpna.html
r	lRSc	1	15	0	0.000	/client/bandit.html
r	lRSc	1	2	0	0.000	/stats/default.asp
r	lRSc	1	21	0	0.000	/index.htm
r	lRSc	1	1	0	0.000	/cgi-bin/testms.pl
r	lRSc	1	979	0	0.000	/gtamt.html
r	lRSc	1	14	0	0.000	/client/rq1+bandit.html
r	lRSc	1	2253	0	0.000	/gt1500 rpas.html
r	lRSc	1	6	0	0.000	/client/gta021305002.html
r	lRSc	1	4	0	0.000	/client/gta121004001.html
r	lRSc	1	24	0	0.000	/client/tacamo.html
r	lRSc	1	30	0	0.000	/client/mgqgcyat.asp
r	lRSc	1	1	0	0.000	/dev/client.cgi
r	lRSc	1	18702	0	0.000	/default.asp
r	lRSc	1	1666	0	0.000	/gt380 rpas.html
r	lRSc	1	1	0	0.000	/client/bandito+timeline2006.html
r	lRSc	1	16	0	0.000	/client/rq3+bandito.html
r	lRSc	1	1	0	0.000	/dev/uasfc.html
r	lRSc	1	229	0	0.000	/client.cgi
r	lRSc	1	71	0	0.000	/client/bandit+development.html
r	lRSc	1	2	0	0.000	/client/bandito development.html
r	lRSc	1	2	0	0.000	/stats/yearly.html
r	lRSc	1	2	0	0.000	/stats/domain.html
r	lRSc	1	1	0	0.000	/stats/monthly.html
r	lRSc	1	2	0	0.000	/stats/weekly.html
r	lRSc	1	8	0	0.000	/client/gta010707001.html
r	lRSc	1	3749	0	0.000	/bidspridpass.html
r	lRSc	1	6356	0	0.000	/pridpass.html
r	lRSc	1	12	0	0.000	/client/bandito.html
r	lRSc	1	1	0	0.000	/dev/pna.html
r	lRSc	1	1	0	0.000	/client/tacamo development.html
r	lRSc	1	4	0	0.000	/stats/index.htm
r	lRSc	1	4	0	0.000	/stats/nav.html
r	lRSc	1	1	0	0.000	/stats/quarterly.html
r	lRSc	1	3707	0	0.000	/bandituas.html
r	lRSc	1	2	0	0.000	/stats/directory.html
r	lRSc	1	2	0	0.000	/stats/organisation.html
r	lRSc	1	8	0	0.000	/client/bandito+timeline2007.html
r	lRSc	1	7	0	0.000	/client/bandit+timeline2007.html
r	lRSc	1	1	0	0.000	/dev/pridpass.html
t	*f	0.100000%B	b
t	lRb	1	218946	35.774	.jpg  [JPEG graphics]
t	lRb	1	316279	34.389	.html [Hypertext Markup Language]
t	lRb	1	246105	21.472	[directories]
t	lRb	1	778	2.936	.wmv
t	lRb	1	87	2.882	.mpg  [MPEG movie]
t	lRb	1	18734	1.240	.asp  [Active Server REQUESTS]
t	lRb	1	59443	0.383	.gif  [GIF graphics]
t	lRb	1	103473	0.319	.js  [JavaScript code]
t	lRb	1	54043	0.282	.css  [Cascading Style Sheets]
t	lRb	1	48	0.171	.mp4
t	lRb	1	16153	0.152	[not listed: 7]
z	*FR	2009	06	30	04	42
z	*LR	2022	04	15	23	25
z	ScR	121	0.000	78530	0
z	ScR	0	0.000	0	1b-  10b
z	ScR	0	0.000	0	11b- 100b
z	ScR	38	0.005	81529	101b-  1kb
z	ScR	536	1.222	472844	1kb- 10kb
z	ScR	287	4.693	331355	10kb-100kb
z	ScR	585	58.866	67870	100kb-  1Mb
z	ScR	38	35.214	1918	1Mb- 10Mb
z	ScR	0	0.000	43	10Mb-100Mb
c	*FR	2014	03	02	13	52
c	*LR	2022	04	15	23	25
c	*f	0R	a
c	R	951093	200 OK
c	R	6962	206 Partial content
c	R	109	301 Document moved permanently
c	R	77	302 Document found elsewhere
c	R	76034	304 Not modified since last retrieval
c	R	751	400 Bad request
c	R	207	401 Authentication required
c	R	197	403 Access forbidden
c	R	416621	404 Document not found
c	R	1016	405 Method not allowed
c	R	475	406 Document not acceptable to client
c	R	88	416 Requested range not valid
c	R	617	500 Internal server error
c	R	128	501 Request type not supported
I	*FR	2007	12	11	00	52
I	*LR	2022	04	15	20	37
I	*f	-30S	s
I	lRS	1	101938	144	/robots.txt
I	lRS	1	3245	23	/ads.txt
I	lRS	1	2083	22	/xmlrpc.php
I	lRS	1	779	10	/.env
I	lRS	1	429	6	/wp1/wp-includes/wlwmanifest.xml
I	lRS	1	413	6	/shop/wp-includes/wlwmanifest.xml
I	lRS	1	312	6	/2019/wp-includes/wlwmanifest.xml
I	lRS	1	586	6	/wp-includes/wlwmanifest.xml
I	lRS	1	433	6	/web/wp-includes/wlwmanifest.xml
I	lRS	1	427	6	/sito/wp-includes/wlwmanifest.xml
I	lRS	1	573	6	/blog/wp-includes/wlwmanifest.xml
I	lRS	1	522	6	/apple-touch-icon.png
I	lRS	1	429	6	/website/wp-includes/wlwmanifest.xml
I	lRS	1	429	6	/news/wp-includes/wlwmanifest.xml
I	lRS	1	572	6	/wordpress/wp-includes/wlwmanifest.xml
I	lRS	1	573	6	/wp/wp-includes/wlwmanifest.xml
I	lRS	1	570	6	/cms/wp-includes/wlwmanifest.xml
I	lRS	1	430	6	/wp2/wp-includes/wlwmanifest.xml
I	lRS	1	430	6	/test/wp-includes/wlwmanifest.xml
I	lRS	1	457	6	/apple-touch-icon-precomposed.png
I	lRS	1	573	6	/site/wp-includes/wlwmanifest.xml
I	lRS	1	336	5	/2018/wp-includes/wlwmanifest.xml
I	lRS	1	124	5	/webmail
I	lRS	1	687	5	/wordpress/
I	lRS	1	333	5	/media/wp-includes/wlwmanifest.xml
I	lRS	1	1139	4	/
I	lRS	1	855	4	/sitemap.xml
I	lRS	1	4	4	/dceditor/flashtool/aspx/uploadimg.aspx
I	lRS	1	4	4	/dceditor/flashtool/aspx/browsefile.aspx
I	lRS	1	6318	3	/wp-login.php
I	lRS	1	294091	50	[not listed: 22403]
L	*FR	2007	12	11	00	52
L	*LR	2022	04	15	20	37
L	*f	-20S	s
L	RS	36	36	54.224.52.26
L	RS	19	19	20.228.211.153
L	RS	18	18	164.92.91.147
L	RS	18	18	193.142.58.22
L	RS	18	18	20.118.172.88
L	RS	36	15	94.130.219.242
L	RS	10	10	178.128.231.54
L	RS	8	8	154.212.113.166
L	RS	1621	8	216.244.66.229
L	RS	6	6	44.200.201.52
L	RS	6	6	102.133.191.120
L	RS	16	6	47.223.64.86
L	RS	6	6	98.127.100.28
L	RS	26	5	66.249.66.138
L	RS	38	4	194.38.20.161
L	RS	36	4	117.148.130.28
L	RS	39	4	185.191.171.40
L	RS	155	4	66.249.64.94
L	RS	7	4	92.118.36.208
L	RS	211	4	157.90.182.26
L	RS	417770	187	[not listed: 76730]
K	*FR	2013	12	22	04	20
K	*LR	2022	04	12	03	24
K	*f	-30S	s
K	lRS	1	165	3	http://www.gtaeronautics.com/uavengines.html
K	lRS	1	2	1	http://www.gtaeronautics.com/contact
K	lRS	1	2	1	http://www.gtaeronautics.com/contact-us.html
K	lRS	1	2	1	http://www.gtaeronautics.com/contact-us
K	lRS	1	3	1	http://www.gtaeronautics.com/contact.html
K	lRS	1	51554	0	[not listed: 4901]
E	*FR	2008	01	06	10	12
E	*LR	2022	02	25	13	03
E	*f	-30S	s
E	lSR	1	0	186	[not listed: 6]
l	*FR	2008	01	06	10	12
l	*LR	2022	02	25	13	03
l	*f	-20S	s
l	SR	0	186	[not listed: 103]
v	*f	-20B	b
v	Rb	376674	52.506	64.41.87.40
v	Rb	657415	47.494	66.113.131.59
R	*FR	2008	01	06	10	12
R	*LR	2022	02	25	13	03
R	*f	-20R	r
R	R	178	66.113.131.59
R	R	8	64.41.87.40
M	*FR	2007	12	11	00	52
M	*LR	2022	04	15	20	37
M	*f	-20R	r
M	R	302606	66.113.131.59
M	R	117494	64.41.87.40
J	*FR	2007	12	11	00	53
J	*LR	2017	03	17	18	30
J	*f	-20R	r
J	R	9	gtaeronautics
J	R	5	lorrigkj
J	R	1	rullma2063
J	R	1	administrator
J	R	1	satish
J	R	1	nnnnn
P	*FR	2022	03	10	19	59
P	*LR	2022	04	15	23	25
P	R	56	0
P	R	0	<= 0.01
P	R	693	0.01-0.02
P	R	31257	0.02-0.05
P	R	70034	0.05-0.1 
P	R	86740	0.1 -0.2 
P	R	88294	0.2 -0.5 
P	R	43926	0.5 -1   
P	R	25025	1-  2 
P	R	11126	2-  5 
P	R	6802	5- 10 
P	R	2929	10- 20 
P	R	8750	20- 60 
P	R	840	60-120 
P	R	177	120-300 
