x	VE	analog 5.24
x	HN	gtaeronautics.com
x	PS	2024	01	21	01	59
x	FR	2007	12	18	17	05
x	LR	2024	01	20	05	56
x	E7	2024	01	21	01	59
x	SR	1638982
x	S7	7218
x	NC	585729
x	C7	0
x	FL	610452
x	F7	1663
x	RR	248
x	R7	0
x	NH	108791
x	H7	482
x	BT	57520368399
x	B7	0
1	Rr	34776	2.122	2024
1	Rr	511208	31.191	2023
1	Rr	82334	5.023	2022
1	Rr	98917	6.035	2021
1	Rr	89380	5.453	2020
1	Rr	80088	4.886	2019
1	Rr	68927	4.205	2018
1	Rr	60168	3.671	2017
1	Rr	73316	4.473	2016
1	Rr	80796	4.930	2015
1	Rr	110773	6.759	2014
1	Rr	65173	3.976	2013
1	Rr	60742	3.706	2012
1	Rr	57015	3.479	2011
1	Rr	22139	1.351	2010
1	Rr	69710	4.253	2009
1	Rr	71820	4.382	2008
1	Rr	1700	0.104	2007
1	*BT	R	511208	2023
Q	Rr	34776	2.122	2024	1
Q	Rr	182268	11.121	2023	4
Q	Rr	165939	10.125	2023	3
Q	Rr	135306	8.255	2023	2
Q	Rr	27695	1.690	2023	1
Q	Rr	20307	1.239	2022	4
Q	Rr	20362	1.242	2022	3
Q	Rr	21795	1.330	2022	2
Q	Rr	19870	1.212	2022	1
Q	Rr	21154	1.291	2021	4
Q	Rr	26826	1.637	2021	3
Q	Rr	30675	1.872	2021	2
Q	Rr	20262	1.236	2021	1
Q	Rr	22199	1.354	2020	4
Q	Rr	23882	1.457	2020	3
Q	Rr	21656	1.321	2020	2
Q	Rr	21643	1.321	2020	1
Q	Rr	19098	1.165	2019	4
Q	Rr	19668	1.200	2019	3
Q	Rr	19827	1.210	2019	2
Q	Rr	21495	1.311	2019	1
Q	Rr	18129	1.106	2018	4
Q	Rr	17138	1.046	2018	3
Q	Rr	16928	1.033	2018	2
Q	Rr	16732	1.021	2018	1
Q	Rr	15937	0.972	2017	4
Q	Rr	0	0.000	2017	3
Q	Rr	16831	1.027	2017	2
Q	Rr	27400	1.672	2017	1
Q	Rr	22114	1.349	2016	4
Q	Rr	17621	1.075	2016	3
Q	Rr	15878	0.969	2016	2
Q	Rr	17703	1.080	2016	1
Q	Rr	16575	1.011	2015	4
Q	Rr	22104	1.349	2015	3
Q	Rr	22485	1.372	2015	2
Q	Rr	19632	1.198	2015	1
Q	Rr	21142	1.290	2014	4
Q	Rr	22272	1.359	2014	3
Q	Rr	31453	1.919	2014	2
Q	Rr	35906	2.191	2014	1
Q	Rr	16436	1.003	2013	4
Q	Rr	15216	0.928	2013	3
Q	Rr	16545	1.009	2013	2
Q	Rr	16976	1.036	2013	1
Q	Rr	16578	1.011	2012	4
Q	Rr	12511	0.763	2012	3
Q	Rr	15816	0.965	2012	2
Q	Rr	15837	0.966	2012	1
Q	Rr	15444	0.942	2011	4
Q	Rr	17386	1.061	2011	3
Q	Rr	9395	0.573	2011	2
Q	Rr	14790	0.902	2011	1
Q	Rr	1603	0.098	2010	4
Q	Rr	0	0.000	2010	3
Q	Rr	14047	0.857	2010	2
Q	Rr	6489	0.396	2010	1
Q	Rr	16350	0.998	2009	4
Q	Rr	18220	1.112	2009	3
Q	Rr	17115	1.044	2009	2
Q	Rr	18025	1.100	2009	1
Q	Rr	15905	0.970	2008	4
Q	Rr	15660	0.955	2008	3
Q	Rr	22448	1.370	2008	2
Q	Rr	17807	1.086	2008	1
Q	Rr	1700	0.104	2007	4
Q	*BT	R	182268	2023	4
m	Rr	34776	2.122	2024	01
m	Rr	54270	3.311	2023	12
m	Rr	61278	3.739	2023	11
m	Rr	66720	4.071	2023	10
m	Rr	51132	3.120	2023	09
m	Rr	54561	3.329	2023	08
m	Rr	60246	3.676	2023	07
m	Rr	66204	4.039	2023	06
m	Rr	60120	3.668	2023	05
m	Rr	8982	0.548	2023	04
m	Rr	10848	0.662	2023	03
m	Rr	8360	0.510	2023	02
m	Rr	8487	0.518	2023	01
m	Rr	6950	0.424	2022	12
m	Rr	6349	0.387	2022	11
m	Rr	7008	0.428	2022	10
m	Rr	6740	0.411	2022	09
m	Rr	6863	0.419	2022	08
m	Rr	6759	0.412	2022	07
m	Rr	6567	0.401	2022	06
m	Rr	8427	0.514	2022	05
m	Rr	6801	0.415	2022	04
m	Rr	6380	0.389	2022	03
m	Rr	6175	0.377	2022	02
m	Rr	7315	0.446	2022	01
m	Rr	7667	0.468	2021	12
m	Rr	7097	0.433	2021	11
m	Rr	6390	0.390	2021	10
m	Rr	6059	0.370	2021	09
m	Rr	9092	0.555	2021	08
m	Rr	11675	0.712	2021	07
m	Rr	10152	0.619	2021	06
m	Rr	10231	0.624	2021	05
m	Rr	10292	0.628	2021	04
m	Rr	7948	0.485	2021	03
m	Rr	5800	0.354	2021	02
m	Rr	6514	0.397	2021	01
m	Rr	8069	0.492	2020	12
m	Rr	6579	0.401	2020	11
m	Rr	7551	0.461	2020	10
m	Rr	8028	0.490	2020	09
m	Rr	7741	0.472	2020	08
m	Rr	8113	0.495	2020	07
m	Rr	7317	0.446	2020	06
m	Rr	6898	0.421	2020	05
m	Rr	7441	0.454	2020	04
m	Rr	7524	0.459	2020	03
m	Rr	7322	0.447	2020	02
m	Rr	6797	0.415	2020	01
m	Rr	6573	0.401	2019	12
m	Rr	5917	0.361	2019	11
m	Rr	6608	0.403	2019	10
m	Rr	6791	0.414	2019	09
m	Rr	6597	0.403	2019	08
m	Rr	6280	0.383	2019	07
m	Rr	6317	0.385	2019	06
m	Rr	6847	0.418	2019	05
m	Rr	6663	0.407	2019	04
m	Rr	7059	0.431	2019	03
m	Rr	6374	0.389	2019	02
m	Rr	8062	0.492	2019	01
m	Rr	6957	0.424	2018	12
m	Rr	5422	0.331	2018	11
m	Rr	5750	0.351	2018	10
m	Rr	5458	0.333	2018	09
m	Rr	5735	0.350	2018	08
m	Rr	5945	0.363	2018	07
m	Rr	7110	0.434	2018	06
m	Rr	6440	0.393	2018	05
m	Rr	3378	0.206	2018	04
m	Rr	5789	0.353	2018	03
m	Rr	5369	0.328	2018	02
m	Rr	5574	0.340	2018	01
m	Rr	3906	0.238	2017	12
m	Rr	6533	0.399	2017	11
m	Rr	5498	0.335	2017	10
m	Rr	0	0.000	2017	09
m	Rr	0	0.000	2017	08
m	Rr	0	0.000	2017	07
m	Rr	0	0.000	2017	06
m	Rr	6832	0.417	2017	05
m	Rr	9999	0.610	2017	04
m	Rr	11887	0.725	2017	03
m	Rr	7941	0.485	2017	02
m	Rr	7572	0.462	2017	01
m	Rr	9483	0.579	2016	12
m	Rr	7121	0.434	2016	11
m	Rr	5510	0.336	2016	10
m	Rr	6288	0.384	2016	09
m	Rr	5888	0.359	2016	08
m	Rr	5445	0.332	2016	07
m	Rr	5042	0.308	2016	06
m	Rr	5495	0.335	2016	05
m	Rr	5341	0.326	2016	04
m	Rr	5558	0.339	2016	03
m	Rr	5548	0.339	2016	02
m	Rr	6597	0.403	2016	01
m	Rr	5574	0.340	2015	12
m	Rr	5330	0.325	2015	11
m	Rr	5671	0.346	2015	10
m	Rr	6196	0.378	2015	09
m	Rr	6788	0.414	2015	08
m	Rr	9120	0.556	2015	07
m	Rr	7156	0.437	2015	06
m	Rr	5694	0.347	2015	05
m	Rr	9635	0.588	2015	04
m	Rr	6215	0.379	2015	03
m	Rr	6084	0.371	2015	02
m	Rr	7333	0.447	2015	01
m	Rr	6608	0.403	2014	12
m	Rr	6997	0.427	2014	11
m	Rr	7537	0.460	2014	10
m	Rr	7043	0.430	2014	09
m	Rr	7324	0.447	2014	08
m	Rr	7905	0.482	2014	07
m	Rr	11654	0.711	2014	06
m	Rr	9211	0.562	2014	05
m	Rr	10588	0.646	2014	04
m	Rr	7817	0.477	2014	03
m	Rr	15229	0.929	2014	02
m	Rr	12860	0.785	2014	01
m	Rr	5325	0.325	2013	12
m	Rr	5513	0.336	2013	11
m	Rr	5598	0.342	2013	10
m	Rr	4655	0.284	2013	09
m	Rr	4938	0.301	2013	08
m	Rr	5623	0.343	2013	07
m	Rr	5492	0.335	2013	06
m	Rr	5211	0.318	2013	05
m	Rr	5842	0.356	2013	04
m	Rr	6068	0.370	2013	03
m	Rr	5055	0.308	2013	02
m	Rr	5853	0.357	2013	01
m	Rr	5688	0.347	2012	12
m	Rr	5477	0.334	2012	11
m	Rr	5413	0.330	2012	10
m	Rr	4331	0.264	2012	09
m	Rr	3866	0.236	2012	08
m	Rr	4314	0.263	2012	07
m	Rr	4655	0.284	2012	06
m	Rr	6047	0.369	2012	05
m	Rr	5114	0.312	2012	04
m	Rr	6128	0.374	2012	03
m	Rr	5430	0.331	2012	02
m	Rr	4279	0.261	2012	01
m	Rr	5548	0.339	2011	12
m	Rr	4779	0.292	2011	11
m	Rr	5117	0.312	2011	10
m	Rr	5431	0.331	2011	09
m	Rr	6256	0.382	2011	08
m	Rr	5699	0.348	2011	07
m	Rr	5420	0.331	2011	06
m	Rr	3975	0.243	2011	05
m	Rr	0	0.000	2011	04
m	Rr	3608	0.220	2011	03
m	Rr	5171	0.316	2011	02
m	Rr	6011	0.367	2011	01
m	Rr	1603	0.098	2010	12
m	Rr	0	0.000	2010	11
m	Rr	0	0.000	2010	10
m	Rr	0	0.000	2010	09
m	Rr	0	0.000	2010	08
m	Rr	0	0.000	2010	07
m	Rr	4101	0.250	2010	06
m	Rr	5018	0.306	2010	05
m	Rr	4928	0.301	2010	04
m	Rr	5095	0.311	2010	03
m	Rr	1394	0.085	2010	02
m	Rr	0	0.000	2010	01
m	Rr	4665	0.285	2009	12
m	Rr	6187	0.377	2009	11
m	Rr	5498	0.335	2009	10
m	Rr	5066	0.309	2009	09
m	Rr	5718	0.349	2009	08
m	Rr	7436	0.454	2009	07
m	Rr	5685	0.347	2009	06
m	Rr	6120	0.373	2009	05
m	Rr	5310	0.324	2009	04
m	Rr	5515	0.336	2009	03
m	Rr	6123	0.374	2009	02
m	Rr	6387	0.390	2009	01
m	Rr	5763	0.352	2008	12
m	Rr	5420	0.331	2008	11
m	Rr	4722	0.288	2008	10
m	Rr	5435	0.332	2008	09
m	Rr	4843	0.295	2008	08
m	Rr	5382	0.328	2008	07
m	Rr	6082	0.371	2008	06
m	Rr	9946	0.607	2008	05
m	Rr	6420	0.392	2008	04
m	Rr	5431	0.331	2008	03
m	Rr	6469	0.395	2008	02
m	Rr	5907	0.360	2008	01
m	Rr	1700	0.104	2007	12
m	*BT	R	66720	2023	10
W	Rr	8022	0.489	2024	01	14
W	Rr	15324	0.935	2024	01	07
W	Rr	12552	0.766	2023	12	31
W	Rr	11406	0.696	2023	12	24
W	Rr	11184	0.682	2023	12	17
W	Rr	13956	0.852	2023	12	10
W	Rr	13644	0.832	2023	12	03
W	Rr	12390	0.756	2023	11	26
W	Rr	11682	0.713	2023	11	19
W	Rr	15756	0.961	2023	11	12
W	Rr	16596	1.013	2023	11	05
W	Rr	16104	0.983	2023	10	29
W	Rr	13980	0.853	2023	10	22
W	Rr	15450	0.943	2023	10	15
W	Rr	14713	0.898	2023	10	08
W	Rr	14285	0.872	2023	10	01
W	Rr	14478	0.883	2023	09	24
W	Rr	11904	0.726	2023	09	17
W	Rr	10968	0.669	2023	09	10
W	Rr	10482	0.640	2023	09	03
W	Rr	10800	0.659	2023	08	27
W	Rr	14568	0.889	2023	08	20
W	Rr	12504	0.763	2023	08	13
W	Rr	12076	0.737	2023	08	06
W	Rr	10997	0.671	2023	07	30
W	Rr	13392	0.817	2023	07	23
W	Rr	13224	0.807	2023	07	16
W	Rr	16128	0.984	2023	07	09
W	Rr	13356	0.815	2023	07	02
W	Rr	12558	0.766	2023	06	25
W	Rr	17082	1.042	2023	06	18
W	Rr	16452	1.004	2023	06	11
W	Rr	15336	0.936	2023	06	04
W	Rr	13482	0.823	2023	05	28
W	Rr	16248	0.991	2023	05	21
W	Rr	15078	0.920	2023	05	14
W	Rr	17181	1.048	2023	05	07
W	Rr	4282	0.261	2023	04	30
W	Rr	2458	0.150	2023	04	23
W	Rr	2269	0.138	2023	04	16
W	Rr	1553	0.095	2023	04	09
W	Rr	2389	0.146	2023	04	02
W	Rr	1701	0.104	2023	03	26
W	Rr	1943	0.119	2023	03	19
W	Rr	2225	0.136	2023	03	12
W	Rr	2192	0.134	2023	03	05
W	Rr	4055	0.247	2023	02	26
W	Rr	2406	0.147	2023	02	19
W	Rr	1898	0.116	2023	02	12
W	Rr	1890	0.115	2023	02	05
W	Rr	1861	0.114	2023	01	29
W	Rr	1686	0.103	2023	01	22
W	Rr	1779	0.109	2023	01	15
W	Rr	1833	0.112	2023	01	08
W	Rr	2226	0.136	2023	01	01
W	Rr	1280	0.078	2022	12	25
W	Rr	1806	0.110	2022	12	18
W	Rr	1773	0.108	2022	12	11
W	Rr	1532	0.093	2022	12	04
W	Rr	1586	0.097	2022	11	27
W	Rr	1093	0.067	2022	11	20
W	Rr	1366	0.083	2022	11	13
W	Rr	1972	0.120	2022	11	06
W	Rr	1396	0.085	2022	10	30
W	Rr	1547	0.094	2022	10	23
W	Rr	1641	0.100	2022	10	16
W	Rr	1747	0.107	2022	10	09
W	Rr	1568	0.096	2022	10	02
W	Rr	1379	0.084	2022	09	25
W	Rr	1695	0.103	2022	09	18
W	Rr	1701	0.104	2022	09	11
W	Rr	1568	0.096	2022	09	04
W	Rr	1562	0.095	2022	08	28
W	Rr	1488	0.091	2022	08	21
W	Rr	1646	0.100	2022	08	14
W	Rr	1430	0.087	2022	08	07
W	Rr	1446	0.088	2022	07	31
W	Rr	1383	0.084	2022	07	24
W	Rr	1661	0.101	2022	07	17
W	Rr	1478	0.090	2022	07	10
W	Rr	1711	0.104	2022	07	03
W	Rr	1804	0.110	2022	06	26
W	Rr	1298	0.079	2022	06	19
W	Rr	1407	0.086	2022	06	12
W	Rr	1396	0.085	2022	06	05
W	Rr	1638	0.100	2022	05	29
W	Rr	1724	0.105	2022	05	22
W	Rr	2427	0.148	2022	05	15
W	Rr	2100	0.128	2022	05	08
W	Rr	1414	0.086	2022	05	01
W	Rr	1865	0.114	2022	04	24
W	Rr	1381	0.084	2022	04	17
W	Rr	1630	0.099	2022	04	10
W	Rr	1670	0.102	2022	04	03
W	Rr	1588	0.097	2022	03	27
W	Rr	1204	0.073	2022	03	20
W	Rr	1350	0.082	2022	03	13
W	Rr	1488	0.091	2022	03	06
W	Rr	1368	0.083	2022	02	27
W	Rr	1481	0.090	2022	02	20
W	Rr	1657	0.101	2022	02	13
W	Rr	1518	0.093	2022	02	06
W	Rr	1787	0.109	2022	01	30
W	Rr	2021	0.123	2022	01	23
W	Rr	1429	0.087	2022	01	16
W	Rr	1693	0.103	2022	01	09
W	Rr	1541	0.094	2022	01	02
W	Rr	1311	0.080	2021	12	26
W	Rr	1839	0.112	2021	12	19
W	Rr	1732	0.106	2021	12	12
W	Rr	2001	0.122	2021	12	05
W	Rr	1641	0.100	2021	11	28
W	Rr	1615	0.099	2021	11	21
W	Rr	1673	0.102	2021	11	14
W	Rr	1625	0.099	2021	11	07
W	Rr	1523	0.093	2021	10	31
W	Rr	1562	0.095	2021	10	24
W	Rr	1474	0.090	2021	10	17
W	Rr	1349	0.082	2021	10	10
W	Rr	1615	0.099	2021	10	03
W	Rr	1598	0.097	2021	09	26
W	Rr	1646	0.100	2021	09	19
W	Rr	1203	0.073	2021	09	12
W	Rr	1106	0.067	2021	09	05
W	Rr	1383	0.084	2021	08	29
W	Rr	1685	0.103	2021	08	22
W	Rr	2071	0.126	2021	08	15
W	Rr	2279	0.139	2021	08	08
W	Rr	2374	0.145	2021	08	01
W	Rr	2543	0.155	2021	07	25
W	Rr	2843	0.173	2021	07	18
W	Rr	2777	0.169	2021	07	11
W	Rr	2756	0.168	2021	07	04
W	Rr	2524	0.154	2021	06	27
W	Rr	2466	0.150	2021	06	20
W	Rr	2262	0.138	2021	06	13
W	Rr	2264	0.138	2021	06	06
W	Rr	2101	0.128	2021	05	30
W	Rr	3009	0.184	2021	05	23
W	Rr	1989	0.121	2021	05	16
W	Rr	2386	0.146	2021	05	09
W	Rr	2138	0.130	2021	05	02
W	Rr	1668	0.102	2021	04	25
W	Rr	2413	0.147	2021	04	18
W	Rr	3035	0.185	2021	04	11
W	Rr	2709	0.165	2021	04	04
W	Rr	1942	0.118	2021	03	28
W	Rr	1666	0.102	2021	03	21
W	Rr	1476	0.090	2021	03	14
W	Rr	1713	0.105	2021	03	07
W	Rr	1777	0.108	2021	02	28
W	Rr	1173	0.072	2021	02	21
W	Rr	1101	0.067	2021	02	14
W	Rr	1699	0.104	2021	02	07
W	Rr	1867	0.114	2021	01	31
W	Rr	1404	0.086	2021	01	24
W	Rr	1564	0.095	2021	01	17
W	Rr	1431	0.087	2021	01	10
W	Rr	1666	0.102	2021	01	03
W	Rr	1926	0.118	2020	12	27
W	Rr	1572	0.096	2020	12	20
W	Rr	1404	0.086	2020	12	13
W	Rr	2272	0.139	2020	12	06
W	Rr	1522	0.093	2020	11	29
W	Rr	1722	0.105	2020	11	22
W	Rr	1580	0.096	2020	11	15
W	Rr	1401	0.085	2020	11	08
W	Rr	1499	0.091	2020	11	01
W	Rr	1470	0.090	2020	10	25
W	Rr	2379	0.145	2020	10	18
W	Rr	1559	0.095	2020	10	11
W	Rr	1729	0.105	2020	10	04
W	Rr	1674	0.102	2020	09	27
W	Rr	1786	0.109	2020	09	20
W	Rr	2200	0.134	2020	09	13
W	Rr	1677	0.102	2020	09	06
W	Rr	1596	0.097	2020	08	30
W	Rr	1833	0.112	2020	08	23
W	Rr	1814	0.111	2020	08	16
W	Rr	2206	0.135	2020	08	09
W	Rr	1397	0.085	2020	08	02
W	Rr	1816	0.111	2020	07	26
W	Rr	1949	0.119	2020	07	19
W	Rr	1532	0.093	2020	07	12
W	Rr	1976	0.121	2020	07	05
W	Rr	1600	0.098	2020	06	28
W	Rr	1627	0.099	2020	06	21
W	Rr	2101	0.128	2020	06	14
W	Rr	1590	0.097	2020	06	07
W	Rr	1492	0.091	2020	05	31
W	Rr	1556	0.095	2020	05	24
W	Rr	1756	0.107	2020	05	17
W	Rr	1568	0.096	2020	05	10
W	Rr	1567	0.096	2020	05	03
W	Rr	1734	0.106	2020	04	26
W	Rr	1675	0.102	2020	04	19
W	Rr	1702	0.104	2020	04	12
W	Rr	1965	0.120	2020	04	05
W	Rr	1329	0.081	2020	03	29
W	Rr	1818	0.111	2020	03	22
W	Rr	1345	0.082	2020	03	15
W	Rr	1581	0.096	2020	03	08
W	Rr	2014	0.123	2020	03	01
W	Rr	1942	0.118	2020	02	23
W	Rr	1748	0.107	2020	02	16
W	Rr	1949	0.119	2020	02	09
W	Rr	1683	0.103	2020	02	02
W	Rr	1436	0.088	2020	01	26
W	Rr	1792	0.109	2020	01	19
W	Rr	1519	0.093	2020	01	12
W	Rr	1420	0.087	2020	01	05
W	Rr	1109	0.068	2019	12	29
W	Rr	1023	0.062	2019	12	22
W	Rr	1584	0.097	2019	12	15
W	Rr	1783	0.109	2019	12	08
W	Rr	1704	0.104	2019	12	01
W	Rr	1178	0.072	2019	11	24
W	Rr	1697	0.104	2019	11	17
W	Rr	1510	0.092	2019	11	10
W	Rr	1383	0.084	2019	11	03
W	Rr	1309	0.080	2019	10	27
W	Rr	1473	0.090	2019	10	20
W	Rr	1519	0.093	2019	10	13
W	Rr	1485	0.091	2019	10	06
W	Rr	1416	0.086	2019	09	29
W	Rr	1499	0.091	2019	09	22
W	Rr	1652	0.101	2019	09	15
W	Rr	1710	0.104	2019	09	08
W	Rr	1485	0.091	2019	09	01
W	Rr	1689	0.103	2019	08	25
W	Rr	1315	0.080	2019	08	18
W	Rr	1619	0.099	2019	08	11
W	Rr	1558	0.095	2019	08	04
W	Rr	1360	0.083	2019	07	28
W	Rr	1191	0.073	2019	07	21
W	Rr	1730	0.106	2019	07	14
W	Rr	1299	0.079	2019	07	07
W	Rr	1339	0.082	2019	06	30
W	Rr	1592	0.097	2019	06	23
W	Rr	1497	0.091	2019	06	16
W	Rr	1450	0.088	2019	06	09
W	Rr	1555	0.095	2019	06	02
W	Rr	1289	0.079	2019	05	26
W	Rr	1863	0.114	2019	05	19
W	Rr	1385	0.085	2019	05	12
W	Rr	1553	0.095	2019	05	05
W	Rr	1655	0.101	2019	04	28
W	Rr	1282	0.078	2019	04	21
W	Rr	1503	0.092	2019	04	14
W	Rr	1623	0.099	2019	04	07
W	Rr	1715	0.105	2019	03	31
W	Rr	1882	0.115	2019	03	24
W	Rr	1464	0.089	2019	03	17
W	Rr	1381	0.084	2019	03	10
W	Rr	1627	0.099	2019	03	03
W	Rr	1773	0.108	2019	02	24
W	Rr	1669	0.102	2019	02	17
W	Rr	1483	0.090	2019	02	10
W	Rr	1391	0.085	2019	02	03
W	Rr	1797	0.110	2019	01	27
W	Rr	1963	0.120	2019	01	20
W	Rr	2029	0.124	2019	01	13
W	Rr	1696	0.103	2019	01	06
W	Rr	1526	0.093	2018	12	30
W	Rr	1226	0.075	2018	12	23
W	Rr	1442	0.088	2018	12	16
W	Rr	1936	0.118	2018	12	09
W	Rr	1809	0.110	2018	12	02
W	Rr	1295	0.079	2018	11	25
W	Rr	1820	0.111	2018	11	18
W	Rr	1802	0.110	2018	11	11
W	Rr	0	0.000	2018	11	04
W	Rr	1473	0.090	2018	10	28
W	Rr	1106	0.067	2018	10	21
W	Rr	1427	0.087	2018	10	14
W	Rr	1214	0.074	2018	10	07
W	Rr	1168	0.071	2018	09	30
W	Rr	1420	0.087	2018	09	23
W	Rr	1197	0.073	2018	09	16
W	Rr	1388	0.085	2018	09	09
W	Rr	1320	0.081	2018	09	02
W	Rr	1246	0.076	2018	08	26
W	Rr	1214	0.074	2018	08	19
W	Rr	1366	0.083	2018	08	12
W	Rr	1195	0.073	2018	08	05
W	Rr	1346	0.082	2018	07	29
W	Rr	1374	0.084	2018	07	22
W	Rr	1508	0.092	2018	07	15
W	Rr	1522	0.093	2018	07	08
W	Rr	909	0.055	2018	07	01
W	Rr	1444	0.088	2018	06	24
W	Rr	2682	0.164	2018	06	17
W	Rr	1365	0.083	2018	06	10
W	Rr	1329	0.081	2018	06	03
W	Rr	1275	0.078	2018	05	27
W	Rr	1392	0.085	2018	05	20
W	Rr	1321	0.081	2018	05	13
W	Rr	1527	0.093	2018	05	06
W	Rr	1517	0.093	2018	04	29
W	Rr	0	0.000	2018	04	22
W	Rr	1364	0.083	2018	04	15
W	Rr	1712	0.104	2018	04	08
W	Rr	0	0.000	2018	04	01
W	Rr	1543	0.094	2018	03	25
W	Rr	1342	0.082	2018	03	18
W	Rr	2429	0.148	2018	03	11
W	Rr	0	0.000	2018	03	04
W	Rr	1366	0.083	2018	02	25
W	Rr	1308	0.080	2018	02	18
W	Rr	1439	0.088	2018	02	11
W	Rr	1731	0.106	2018	02	04
W	Rr	0	0.000	2018	01	28
W	Rr	1434	0.087	2018	01	21
W	Rr	1578	0.096	2018	01	14
W	Rr	1471	0.090	2018	01	07
W	Rr	1246	0.076	2017	12	31
W	Rr	1033	0.063	2017	12	24
W	Rr	1103	0.067	2017	12	17
W	Rr	1406	0.086	2017	12	10
W	Rr	0	0.000	2017	12	03
W	Rr	1335	0.081	2017	11	26
W	Rr	1427	0.087	2017	11	19
W	Rr	1662	0.101	2017	11	12
W	Rr	1414	0.086	2017	11	05
W	Rr	1349	0.082	2017	10	29
W	Rr	1208	0.074	2017	10	22
W	Rr	2013	0.123	2017	10	15
W	Rr	1832	0.112	2017	10	08
W	Rr	0	0.000	2017	10	01
W	Rr	0	0.000	2017	09	24
W	Rr	0	0.000	2017	09	17
W	Rr	0	0.000	2017	09	10
W	Rr	0	0.000	2017	09	03
W	Rr	0	0.000	2017	08	27
W	Rr	0	0.000	2017	08	20
W	Rr	0	0.000	2017	08	13
W	Rr	0	0.000	2017	08	06
W	Rr	0	0.000	2017	07	30
W	Rr	0	0.000	2017	07	23
W	Rr	0	0.000	2017	07	16
W	Rr	0	0.000	2017	07	09
W	Rr	0	0.000	2017	07	02
W	Rr	0	0.000	2017	06	25
W	Rr	0	0.000	2017	06	18
W	Rr	0	0.000	2017	06	11
W	Rr	0	0.000	2017	06	04
W	Rr	25	0.002	2017	05	28
W	Rr	1838	0.112	2017	05	21
W	Rr	1915	0.117	2017	05	14
W	Rr	1676	0.102	2017	05	07
W	Rr	1677	0.102	2017	04	30
W	Rr	2071	0.126	2017	04	23
W	Rr	1978	0.121	2017	04	16
W	Rr	1874	0.114	2017	04	09
W	Rr	3435	0.210	2017	04	02
W	Rr	2619	0.160	2017	03	26
W	Rr	2633	0.161	2017	03	19
W	Rr	2413	0.147	2017	03	12
W	Rr	3092	0.189	2017	03	05
W	Rr	2295	0.140	2017	02	26
W	Rr	2204	0.134	2017	02	19
W	Rr	1869	0.114	2017	02	12
W	Rr	1973	0.120	2017	02	05
W	Rr	1783	0.109	2017	01	29
W	Rr	1768	0.108	2017	01	22
W	Rr	1585	0.097	2017	01	15
W	Rr	1768	0.108	2017	01	08
W	Rr	1740	0.106	2017	01	01
W	Rr	1549	0.095	2016	12	25
W	Rr	2202	0.134	2016	12	18
W	Rr	1812	0.111	2016	12	11
W	Rr	2648	0.162	2016	12	04
W	Rr	2236	0.136	2016	11	27
W	Rr	1321	0.081	2016	11	20
W	Rr	1996	0.122	2016	11	13
W	Rr	1716	0.105	2016	11	06
W	Rr	1564	0.095	2016	10	30
W	Rr	1362	0.083	2016	10	23
W	Rr	1707	0.104	2016	10	16
W	Rr	1696	0.103	2016	10	09
W	Rr	36	0.002	2016	10	02
W	Rr	2002	0.122	2016	09	25
W	Rr	1399	0.085	2016	09	18
W	Rr	1199	0.073	2016	09	11
W	Rr	1326	0.081	2016	09	04
W	Rr	1316	0.080	2016	08	28
W	Rr	1257	0.077	2016	08	21
W	Rr	1208	0.074	2016	08	14
W	Rr	1602	0.098	2016	08	07
W	Rr	1319	0.080	2016	07	31
W	Rr	1796	0.110	2016	07	24
W	Rr	1171	0.071	2016	07	17
W	Rr	1167	0.071	2016	07	10
W	Rr	917	0.056	2016	07	03
W	Rr	920	0.056	2016	06	26
W	Rr	1179	0.072	2016	06	19
W	Rr	1288	0.079	2016	06	12
W	Rr	1237	0.075	2016	06	05
W	Rr	1263	0.077	2016	05	29
W	Rr	1338	0.082	2016	05	22
W	Rr	1184	0.072	2016	05	15
W	Rr	1365	0.083	2016	05	08
W	Rr	974	0.059	2016	05	01
W	Rr	1311	0.080	2016	04	24
W	Rr	1127	0.069	2016	04	17
W	Rr	1248	0.076	2016	04	10
W	Rr	1451	0.089	2016	04	03
W	Rr	987	0.060	2016	03	27
W	Rr	1233	0.075	2016	03	20
W	Rr	1347	0.082	2016	03	13
W	Rr	1347	0.082	2016	03	06
W	Rr	1236	0.075	2016	02	28
W	Rr	1422	0.087	2016	02	21
W	Rr	1085	0.066	2016	02	14
W	Rr	1427	0.087	2016	02	07
W	Rr	1359	0.083	2016	01	31
W	Rr	1708	0.104	2016	01	24
W	Rr	1476	0.090	2016	01	17
W	Rr	1563	0.095	2016	01	10
W	Rr	1381	0.084	2016	01	03
W	Rr	1273	0.078	2015	12	27
W	Rr	1084	0.066	2015	12	20
W	Rr	1344	0.082	2015	12	13
W	Rr	1336	0.082	2015	12	06
W	Rr	1123	0.069	2015	11	29
W	Rr	960	0.059	2015	11	22
W	Rr	1337	0.082	2015	11	15
W	Rr	1400	0.085	2015	11	08
W	Rr	1383	0.084	2015	11	01
W	Rr	1250	0.076	2015	10	25
W	Rr	1366	0.083	2015	10	18
W	Rr	1367	0.083	2015	10	11
W	Rr	1214	0.074	2015	10	04
W	Rr	1152	0.070	2015	09	27
W	Rr	1387	0.085	2015	09	20
W	Rr	1655	0.101	2015	09	13
W	Rr	1526	0.093	2015	09	06
W	Rr	1242	0.076	2015	08	30
W	Rr	1800	0.110	2015	08	23
W	Rr	1527	0.093	2015	08	16
W	Rr	1386	0.085	2015	08	09
W	Rr	1593	0.097	2015	08	02
W	Rr	1567	0.096	2015	07	26
W	Rr	1980	0.121	2015	07	19
W	Rr	2180	0.133	2015	07	12
W	Rr	2008	0.123	2015	07	05
W	Rr	2297	0.140	2015	06	28
W	Rr	1556	0.095	2015	06	21
W	Rr	1380	0.084	2015	06	14
W	Rr	2013	0.123	2015	06	07
W	Rr	1651	0.101	2015	05	31
W	Rr	1224	0.075	2015	05	24
W	Rr	1355	0.083	2015	05	17
W	Rr	1179	0.072	2015	05	10
W	Rr	1436	0.088	2015	05	03
W	Rr	1671	0.102	2015	04	26
W	Rr	1878	0.115	2015	04	19
W	Rr	2326	0.142	2015	04	12
W	Rr	2636	0.161	2015	04	05
W	Rr	2297	0.140	2015	03	29
W	Rr	1237	0.075	2015	03	22
W	Rr	1453	0.089	2015	03	15
W	Rr	1399	0.085	2015	03	08
W	Rr	1287	0.079	2015	03	01
W	Rr	1249	0.076	2015	02	22
W	Rr	1373	0.084	2015	02	15
W	Rr	1790	0.109	2015	02	08
W	Rr	1672	0.102	2015	02	01
W	Rr	1543	0.094	2015	01	25
W	Rr	1463	0.089	2015	01	18
W	Rr	1696	0.103	2015	01	11
W	Rr	1707	0.104	2015	01	04
W	Rr	1833	0.112	2014	12	28
W	Rr	1335	0.081	2014	12	21
W	Rr	1644	0.100	2014	12	14
W	Rr	1541	0.094	2014	12	07
W	Rr	1335	0.081	2014	11	30
W	Rr	1262	0.077	2014	11	23
W	Rr	2009	0.123	2014	11	16
W	Rr	1566	0.096	2014	11	09
W	Rr	1814	0.111	2014	11	02
W	Rr	1452	0.089	2014	10	26
W	Rr	1642	0.100	2014	10	19
W	Rr	1795	0.110	2014	10	12
W	Rr	1836	0.112	2014	10	05
W	Rr	1662	0.101	2014	09	28
W	Rr	1843	0.112	2014	09	21
W	Rr	1678	0.102	2014	09	14
W	Rr	1598	0.097	2014	09	07
W	Rr	1418	0.087	2014	08	31
W	Rr	1584	0.097	2014	08	24
W	Rr	1571	0.096	2014	08	17
W	Rr	1727	0.105	2014	08	10
W	Rr	1927	0.118	2014	08	03
W	Rr	1691	0.103	2014	07	27
W	Rr	1702	0.104	2014	07	20
W	Rr	1624	0.099	2014	07	13
W	Rr	1831	0.112	2014	07	06
W	Rr	1867	0.114	2014	06	29
W	Rr	1927	0.118	2014	06	22
W	Rr	2134	0.130	2014	06	15
W	Rr	4851	0.296	2014	06	08
W	Rr	2293	0.140	2014	06	01
W	Rr	3180	0.194	2014	05	25
W	Rr	1468	0.090	2014	05	18
W	Rr	1808	0.110	2014	05	11
W	Rr	1998	0.122	2014	05	04
W	Rr	1876	0.114	2014	04	27
W	Rr	2330	0.142	2014	04	20
W	Rr	2565	0.156	2014	04	13
W	Rr	2652	0.162	2014	04	06
W	Rr	2574	0.157	2014	03	30
W	Rr	1186	0.072	2014	03	23
W	Rr	1305	0.080	2014	03	16
W	Rr	2273	0.139	2014	03	09
W	Rr	2231	0.136	2014	03	02
W	Rr	1925	0.117	2014	02	23
W	Rr	7060	0.431	2014	02	16
W	Rr	2854	0.174	2014	02	09
W	Rr	3190	0.195	2014	02	02
W	Rr	3743	0.228	2014	01	26
W	Rr	3643	0.222	2014	01	19
W	Rr	2961	0.181	2014	01	12
W	Rr	2319	0.141	2014	01	05
W	Rr	981	0.060	2013	12	29
W	Rr	1108	0.068	2013	12	22
W	Rr	1226	0.075	2013	12	15
W	Rr	1285	0.078	2013	12	08
W	Rr	1289	0.079	2013	12	01
W	Rr	1404	0.086	2013	11	24
W	Rr	1142	0.070	2013	11	17
W	Rr	1334	0.081	2013	11	10
W	Rr	1277	0.078	2013	11	03
W	Rr	1035	0.063	2013	10	27
W	Rr	1309	0.080	2013	10	20
W	Rr	1302	0.079	2013	10	13
W	Rr	1432	0.087	2013	10	06
W	Rr	1178	0.072	2013	09	29
W	Rr	947	0.058	2013	09	22
W	Rr	1254	0.077	2013	09	15
W	Rr	1099	0.067	2013	09	08
W	Rr	1053	0.064	2013	09	01
W	Rr	1010	0.062	2013	08	25
W	Rr	1102	0.067	2013	08	18
W	Rr	1063	0.065	2013	08	11
W	Rr	1105	0.067	2013	08	04
W	Rr	1377	0.084	2013	07	28
W	Rr	1498	0.091	2013	07	21
W	Rr	1295	0.079	2013	07	14
W	Rr	1237	0.075	2013	07	07
W	Rr	1003	0.061	2013	06	30
W	Rr	1275	0.078	2013	06	23
W	Rr	1072	0.065	2013	06	16
W	Rr	1249	0.076	2013	06	09
W	Rr	1521	0.093	2013	06	02
W	Rr	1256	0.077	2013	05	26
W	Rr	1091	0.067	2013	05	19
W	Rr	1359	0.083	2013	05	12
W	Rr	1130	0.069	2013	05	05
W	Rr	1215	0.074	2013	04	28
W	Rr	1368	0.083	2013	04	21
W	Rr	1318	0.080	2013	04	14
W	Rr	1408	0.086	2013	04	07
W	Rr	1277	0.078	2013	03	31
W	Rr	1452	0.089	2013	03	24
W	Rr	1418	0.087	2013	03	17
W	Rr	1217	0.074	2013	03	10
W	Rr	1490	0.091	2013	03	03
W	Rr	1353	0.083	2013	02	24
W	Rr	1268	0.077	2013	02	17
W	Rr	1274	0.078	2013	02	10
W	Rr	1153	0.070	2013	02	03
W	Rr	1266	0.077	2013	01	27
W	Rr	1271	0.078	2013	01	20
W	Rr	1449	0.088	2013	01	13
W	Rr	1253	0.076	2013	01	06
W	Rr	1309	0.080	2012	12	30
W	Rr	1156	0.071	2012	12	23
W	Rr	1336	0.082	2012	12	16
W	Rr	1575	0.096	2012	12	09
W	Rr	1087	0.066	2012	12	02
W	Rr	1376	0.084	2012	11	25
W	Rr	1136	0.069	2012	11	18
W	Rr	1341	0.082	2012	11	11
W	Rr	1418	0.087	2012	11	04
W	Rr	1103	0.067	2012	10	28
W	Rr	1200	0.073	2012	10	21
W	Rr	1382	0.084	2012	10	14
W	Rr	1127	0.069	2012	10	07
W	Rr	1187	0.072	2012	09	30
W	Rr	1172	0.072	2012	09	23
W	Rr	1034	0.063	2012	09	16
W	Rr	944	0.058	2012	09	09
W	Rr	958	0.058	2012	09	02
W	Rr	734	0.045	2012	08	26
W	Rr	881	0.054	2012	08	19
W	Rr	874	0.053	2012	08	12
W	Rr	973	0.059	2012	08	05
W	Rr	1010	0.062	2012	07	29
W	Rr	943	0.058	2012	07	22
W	Rr	1089	0.066	2012	07	15
W	Rr	888	0.054	2012	07	08
W	Rr	845	0.052	2012	07	01
W	Rr	1070	0.065	2012	06	24
W	Rr	1050	0.064	2012	06	17
W	Rr	1271	0.078	2012	06	10
W	Rr	957	0.058	2012	06	03
W	Rr	1249	0.076	2012	05	27
W	Rr	1055	0.064	2012	05	20
W	Rr	1392	0.085	2012	05	13
W	Rr	1140	0.070	2012	05	06
W	Rr	1807	0.110	2012	04	29
W	Rr	1225	0.075	2012	04	22
W	Rr	1264	0.077	2012	04	15
W	Rr	1075	0.066	2012	04	08
W	Rr	1261	0.077	2012	04	01
W	Rr	1345	0.082	2012	03	25
W	Rr	1254	0.077	2012	03	18
W	Rr	1478	0.090	2012	03	11
W	Rr	1503	0.092	2012	03	04
W	Rr	1532	0.093	2012	02	26
W	Rr	1464	0.089	2012	02	19
W	Rr	1154	0.070	2012	02	12
W	Rr	1240	0.076	2012	02	05
W	Rr	1088	0.066	2012	01	29
W	Rr	1125	0.069	2012	01	22
W	Rr	60	0.004	2012	01	15
W	Rr	1472	0.090	2012	01	08
W	Rr	1122	0.068	2012	01	01
W	Rr	888	0.054	2011	12	25
W	Rr	1360	0.083	2011	12	18
W	Rr	1486	0.091	2011	12	11
W	Rr	1330	0.081	2011	12	04
W	Rr	1094	0.067	2011	11	27
W	Rr	1062	0.065	2011	11	20
W	Rr	1123	0.069	2011	11	13
W	Rr	975	0.059	2011	11	06
W	Rr	1264	0.077	2011	10	30
W	Rr	1140	0.070	2011	10	23
W	Rr	1211	0.074	2011	10	16
W	Rr	1236	0.075	2011	10	09
W	Rr	1128	0.069	2011	10	02
W	Rr	1083	0.066	2011	09	25
W	Rr	1451	0.089	2011	09	18
W	Rr	1278	0.078	2011	09	11
W	Rr	1219	0.074	2011	09	04
W	Rr	1316	0.080	2011	08	28
W	Rr	1119	0.068	2011	08	21
W	Rr	1484	0.091	2011	08	14
W	Rr	1671	0.102	2011	08	07
W	Rr	1319	0.080	2011	07	31
W	Rr	1197	0.073	2011	07	24
W	Rr	1504	0.092	2011	07	17
W	Rr	1367	0.083	2011	07	10
W	Rr	1205	0.074	2011	07	03
W	Rr	1333	0.081	2011	06	26
W	Rr	1059	0.065	2011	06	19
W	Rr	1353	0.083	2011	06	12
W	Rr	1275	0.078	2011	06	05
W	Rr	983	0.060	2011	05	29
W	Rr	1262	0.077	2011	05	22
W	Rr	1374	0.084	2011	05	15
W	Rr	1076	0.066	2011	05	08
W	Rr	0	0.000	2011	05	01
W	Rr	0	0.000	2011	04	24
W	Rr	0	0.000	2011	04	17
W	Rr	0	0.000	2011	04	10
W	Rr	0	0.000	2011	04	03
W	Rr	0	0.000	2011	03	27
W	Rr	24	0.001	2011	03	20
W	Rr	1317	0.080	2011	03	13
W	Rr	1258	0.077	2011	03	06
W	Rr	1372	0.084	2011	02	27
W	Rr	1226	0.075	2011	02	20
W	Rr	1524	0.093	2011	02	13
W	Rr	1366	0.083	2011	02	06
W	Rr	958	0.058	2011	01	30
W	Rr	1273	0.078	2011	01	23
W	Rr	1560	0.095	2011	01	16
W	Rr	1472	0.090	2011	01	09
W	Rr	1310	0.080	2011	01	02
W	Rr	798	0.049	2010	12	26
W	Rr	935	0.057	2010	12	19
W	Rr	0	0.000	2010	12	12
W	Rr	0	0.000	2010	12	05
W	Rr	0	0.000	2010	11	28
W	Rr	0	0.000	2010	11	21
W	Rr	0	0.000	2010	11	14
W	Rr	0	0.000	2010	11	07
W	Rr	0	0.000	2010	10	31
W	Rr	0	0.000	2010	10	24
W	Rr	0	0.000	2010	10	17
W	Rr	0	0.000	2010	10	10
W	Rr	0	0.000	2010	10	03
W	Rr	0	0.000	2010	09	26
W	Rr	0	0.000	2010	09	19
W	Rr	0	0.000	2010	09	12
W	Rr	0	0.000	2010	09	05
W	Rr	0	0.000	2010	08	29
W	Rr	0	0.000	2010	08	22
W	Rr	0	0.000	2010	08	15
W	Rr	0	0.000	2010	08	08
W	Rr	0	0.000	2010	08	01
W	Rr	0	0.000	2010	07	25
W	Rr	0	0.000	2010	07	18
W	Rr	0	0.000	2010	07	11
W	Rr	0	0.000	2010	07	04
W	Rr	15	0.001	2010	06	27
W	Rr	914	0.056	2010	06	20
W	Rr	1104	0.067	2010	06	13
W	Rr	1096	0.067	2010	06	06
W	Rr	1171	0.071	2010	05	30
W	Rr	1115	0.068	2010	05	23
W	Rr	1170	0.071	2010	05	16
W	Rr	1334	0.081	2010	05	09
W	Rr	1109	0.068	2010	05	02
W	Rr	1067	0.065	2010	04	25
W	Rr	1212	0.074	2010	04	18
W	Rr	1054	0.064	2010	04	11
W	Rr	1325	0.081	2010	04	04
W	Rr	811	0.049	2010	03	28
W	Rr	1195	0.073	2010	03	21
W	Rr	1338	0.082	2010	03	14
W	Rr	1113	0.068	2010	03	07
W	Rr	1103	0.067	2010	02	28
W	Rr	1290	0.079	2010	02	21
W	Rr	0	0.000	2010	02	14
W	Rr	0	0.000	2010	02	07
W	Rr	0	0.000	2010	01	31
W	Rr	0	0.000	2010	01	24
W	Rr	0	0.000	2010	01	17
W	Rr	0	0.000	2010	01	10
W	Rr	0	0.000	2010	01	03
W	Rr	78	0.005	2009	12	27
W	Rr	945	0.058	2009	12	20
W	Rr	1140	0.070	2009	12	13
W	Rr	1323	0.081	2009	12	06
W	Rr	1518	0.093	2009	11	29
W	Rr	1352	0.082	2009	11	22
W	Rr	1346	0.082	2009	11	15
W	Rr	1416	0.086	2009	11	08
W	Rr	1734	0.106	2009	11	01
W	Rr	1035	0.063	2009	10	25
W	Rr	1297	0.079	2009	10	18
W	Rr	1267	0.077	2009	10	11
W	Rr	1440	0.088	2009	10	04
W	Rr	1521	0.093	2009	09	27
W	Rr	1121	0.068	2009	09	20
W	Rr	875	0.053	2009	09	13
W	Rr	1032	0.063	2009	09	06
W	Rr	1283	0.078	2009	08	30
W	Rr	1214	0.074	2009	08	23
W	Rr	1402	0.086	2009	08	16
W	Rr	1260	0.077	2009	08	09
W	Rr	1404	0.086	2009	08	02
W	Rr	1380	0.084	2009	07	26
W	Rr	1470	0.090	2009	07	19
W	Rr	1750	0.107	2009	07	12
W	Rr	1847	0.113	2009	07	05
W	Rr	1889	0.115	2009	06	28
W	Rr	1312	0.080	2009	06	21
W	Rr	1093	0.067	2009	06	14
W	Rr	1363	0.083	2009	06	07
W	Rr	1251	0.076	2009	05	31
W	Rr	1352	0.082	2009	05	24
W	Rr	1133	0.069	2009	05	17
W	Rr	1887	0.115	2009	05	10
W	Rr	1369	0.084	2009	05	03
W	Rr	1089	0.066	2009	04	26
W	Rr	1160	0.071	2009	04	19
W	Rr	1189	0.073	2009	04	12
W	Rr	1529	0.093	2009	04	05
W	Rr	1155	0.070	2009	03	29
W	Rr	1230	0.075	2009	03	22
W	Rr	1029	0.063	2009	03	15
W	Rr	1234	0.075	2009	03	08
W	Rr	1486	0.091	2009	03	01
W	Rr	1470	0.090	2009	02	22
W	Rr	1198	0.073	2009	02	15
W	Rr	1802	0.110	2009	02	08
W	Rr	1653	0.101	2009	02	01
W	Rr	1346	0.082	2009	01	25
W	Rr	1431	0.087	2009	01	18
W	Rr	1678	0.102	2009	01	11
W	Rr	1591	0.097	2009	01	04
W	Rr	886	0.054	2008	12	28
W	Rr	1148	0.070	2008	12	21
W	Rr	1428	0.087	2008	12	14
W	Rr	1508	0.092	2008	12	07
W	Rr	1194	0.073	2008	11	30
W	Rr	1070	0.065	2008	11	23
W	Rr	1396	0.085	2008	11	16
W	Rr	1255	0.077	2008	11	09
W	Rr	1314	0.080	2008	11	02
W	Rr	1397	0.085	2008	10	26
W	Rr	1638	0.100	2008	10	19
W	Rr	1298	0.079	2008	10	12
W	Rr	430	0.026	2008	10	05
W	Rr	723	0.044	2008	09	28
W	Rr	1308	0.080	2008	09	21
W	Rr	1242	0.076	2008	09	14
W	Rr	1409	0.086	2008	09	07
W	Rr	1142	0.070	2008	08	31
W	Rr	1022	0.062	2008	08	24
W	Rr	1062	0.065	2008	08	17
W	Rr	1188	0.072	2008	08	10
W	Rr	1232	0.075	2008	08	03
W	Rr	1050	0.064	2008	07	27
W	Rr	1272	0.078	2008	07	20
W	Rr	1305	0.080	2008	07	13
W	Rr	1093	0.067	2008	07	06
W	Rr	1182	0.072	2008	06	29
W	Rr	1937	0.118	2008	06	22
W	Rr	1493	0.091	2008	06	15
W	Rr	1083	0.066	2008	06	08
W	Rr	1283	0.078	2008	06	01
W	Rr	1432	0.087	2008	05	25
W	Rr	1726	0.105	2008	05	18
W	Rr	1580	0.096	2008	05	11
W	Rr	2661	0.162	2008	05	04
W	Rr	3648	0.223	2008	04	27
W	Rr	1400	0.085	2008	04	20
W	Rr	1365	0.083	2008	04	13
W	Rr	1213	0.074	2008	04	06
W	Rr	1670	0.102	2008	03	30
W	Rr	1211	0.074	2008	03	23
W	Rr	1144	0.070	2008	03	16
W	Rr	1301	0.079	2008	03	09
W	Rr	1292	0.079	2008	03	02
W	Rr	1427	0.087	2008	02	24
W	Rr	2207	0.135	2008	02	17
W	Rr	1124	0.069	2008	02	10
W	Rr	1561	0.095	2008	02	03
W	Rr	1533	0.094	2008	01	27
W	Rr	1389	0.085	2008	01	20
W	Rr	1133	0.069	2008	01	13
W	Rr	1404	0.086	2008	01	06
W	Rr	976	0.060	2007	12	30
W	Rr	801	0.049	2007	12	23
W	Rr	675	0.041	2007	12	16
W	*BT	R	17181	2023	05	07
D	Rr	49	0.003	2024	01	20
D	Rr	299	0.018	2024	01	19
D	Rr	649	0.040	2024	01	18
D	Rr	1199	0.073	2024	01	17
D	Rr	1211	0.074	2024	01	16
D	Rr	1615	0.099	2024	01	15
D	Rr	3000	0.183	2024	01	14
D	Rr	1842	0.112	2024	01	13
D	Rr	2844	0.174	2024	01	12
D	Rr	1596	0.097	2024	01	11
D	Rr	2184	0.133	2024	01	10
D	Rr	2460	0.150	2024	01	09
D	Rr	2712	0.165	2024	01	08
D	Rr	1686	0.103	2024	01	07
D	Rr	1374	0.084	2024	01	06
D	Rr	1218	0.074	2024	01	05
D	Rr	2268	0.138	2024	01	04
D	Rr	2400	0.146	2024	01	03
D	Rr	2646	0.161	2024	01	02
D	Rr	1524	0.093	2024	01	01
D	Rr	1122	0.068	2023	12	31
D	Rr	2364	0.144	2023	12	30
D	Rr	1284	0.078	2023	12	29
D	Rr	1590	0.097	2023	12	28
D	Rr	1296	0.079	2023	12	27
D	Rr	1926	0.118	2023	12	26
D	Rr	552	0.034	2023	12	25
D	Rr	2394	0.146	2023	12	24
D	Rr	2136	0.130	2023	12	23
D	Rr	1476	0.090	2023	12	22
D	Rr	1188	0.072	2023	12	21
D	Rr	1608	0.098	2023	12	20
D	Rr	1902	0.116	2023	12	19
D	Rr	1944	0.119	2023	12	18
D	Rr	930	0.057	2023	12	17
D	Rr	1872	0.114	2023	12	16
D	Rr	1446	0.088	2023	12	15
D	Rr	2412	0.147	2023	12	14
D	Rr	2496	0.152	2023	12	13
D	Rr	1818	0.111	2023	12	12
D	Rr	2166	0.132	2023	12	11
D	Rr	1746	0.107	2023	12	10
D	*BT	R	5220	2023	05	08
d	Rr	195049	11.901	Sun
d	Rr	261589	15.960	Mon
d	Rr	263519	16.078	Tue
d	Rr	269968	16.472	Wed
d	Rr	261134	15.933	Thu
d	Rr	248540	15.164	Fri
d	Rr	139183	8.492	Sat
H	Rr	3	0.000	2024	01	20	05
H	Rr	9	0.001	2024	01	20	04
H	Rr	3	0.000	2024	01	20	03
H	Rr	4	0.000	2024	01	20	02
H	Rr	27	0.002	2024	01	20	01
H	Rr	3	0.000	2024	01	20	00
H	Rr	2	0.000	2024	01	19	23
H	Rr	35	0.002	2024	01	19	22
H	Rr	6	0.000	2024	01	19	21
H	Rr	4	0.000	2024	01	19	20
H	Rr	38	0.002	2024	01	19	19
H	Rr	3	0.000	2024	01	19	18
H	Rr	7	0.000	2024	01	19	17
H	Rr	2	0.000	2024	01	19	16
H	Rr	4	0.000	2024	01	19	15
H	Rr	11	0.001	2024	01	19	14
H	Rr	2	0.000	2024	01	19	13
H	Rr	5	0.000	2024	01	19	12
H	Rr	5	0.000	2024	01	19	11
H	Rr	1	0.000	2024	01	19	10
H	Rr	5	0.000	2024	01	19	09
H	Rr	5	0.000	2024	01	19	08
H	Rr	7	0.000	2024	01	19	07
H	Rr	41	0.003	2024	01	19	06
H	Rr	4	0.000	2024	01	19	05
H	Rr	4	0.000	2024	01	19	04
H	Rr	10	0.001	2024	01	19	03
H	Rr	4	0.000	2024	01	19	02
H	Rr	2	0.000	2024	01	19	01
H	Rr	92	0.006	2024	01	19	00
H	Rr	16	0.001	2024	01	18	23
H	Rr	8	0.000	2024	01	18	22
H	Rr	74	0.005	2024	01	18	21
H	Rr	70	0.004	2024	01	18	20
H	Rr	6	0.000	2024	01	18	19
H	Rr	8	0.000	2024	01	18	18
H	Rr	16	0.001	2024	01	18	17
H	Rr	70	0.004	2024	01	18	16
H	Rr	2	0.000	2024	01	18	15
H	Rr	78	0.005	2024	01	18	14
H	Rr	8	0.000	2024	01	18	13
H	Rr	2	0.000	2024	01	18	12
H	Rr	56	0.003	2024	01	18	11
H	Rr	20	0.001	2024	01	18	10
H	Rr	114	0.007	2024	01	18	09
H	Rr	18	0.001	2024	01	18	08
H	Rr	30	0.002	2024	01	18	07
H	Rr	8	0.000	2024	01	18	06
H	Rr	9	0.001	2024	01	18	05
H	Rr	3	0.000	2024	01	18	04
H	Rr	12	0.001	2024	01	18	03
H	Rr	15	0.001	2024	01	18	02
H	Rr	0	0.000	2024	01	18	01
H	Rr	6	0.000	2024	01	18	00
H	Rr	12	0.001	2024	01	17	23
H	Rr	114	0.007	2024	01	17	22
H	Rr	27	0.002	2024	01	17	21
H	Rr	18	0.001	2024	01	17	20
H	Rr	27	0.002	2024	01	17	19
H	Rr	24	0.001	2024	01	17	18
H	Rr	36	0.002	2024	01	17	17
H	Rr	30	0.002	2024	01	17	16
H	Rr	102	0.006	2024	01	17	15
H	Rr	18	0.001	2024	01	17	14
H	Rr	6	0.000	2024	01	17	13
H	Rr	18	0.001	2024	01	17	12
H	Rr	30	0.002	2024	01	17	11
H	Rr	45	0.003	2024	01	17	10
H	Rr	6	0.000	2024	01	17	09
H	Rr	12	0.001	2024	01	17	08
H	Rr	111	0.007	2024	01	17	07
H	Rr	15	0.001	2024	01	17	06
H	*BT	R	1302	2023	11	30	17
h	Rr	63411	3.869	00
h	Rr	60513	3.692	01
h	Rr	62655	3.823	02
h	Rr	63948	3.902	03
h	Rr	62117	3.790	04
h	Rr	60183	3.672	05
h	Rr	56356	3.438	06
h	Rr	57210	3.491	07
h	Rr	53492	3.264	08
h	Rr	50093	3.056	09
h	Rr	54944	3.352	10
h	Rr	57781	3.525	11
h	Rr	56947	3.475	12
h	Rr	62262	3.799	13
h	Rr	76087	4.642	14
h	Rr	81100	4.948	15
h	Rr	88541	5.402	16
h	Rr	91363	5.574	17
h	Rr	89485	5.460	18
h	Rr	88336	5.390	19
h	Rr	84164	5.135	20
h	Rr	80248	4.896	21
h	Rr	69577	4.245	22
h	Rr	68169	4.159	23
4	Rr	3	0.000	2024	01	20	05	00
4	Rr	1	0.000	2024	01	20	04	45
4	Rr	4	0.000	2024	01	20	04	30
4	Rr	2	0.000	2024	01	20	04	15
4	Rr	2	0.000	2024	01	20	04	00
4	Rr	1	0.000	2024	01	20	03	45
4	Rr	1	0.000	2024	01	20	03	30
4	Rr	0	0.000	2024	01	20	03	15
4	Rr	1	0.000	2024	01	20	03	00
4	Rr	0	0.000	2024	01	20	02	45
4	Rr	0	0.000	2024	01	20	02	30
4	Rr	4	0.000	2024	01	20	02	15
4	Rr	0	0.000	2024	01	20	02	00
4	Rr	4	0.000	2024	01	20	01	45
4	Rr	2	0.000	2024	01	20	01	30
4	Rr	1	0.000	2024	01	20	01	15
4	Rr	20	0.001	2024	01	20	01	00
4	Rr	0	0.000	2024	01	20	00	45
4	Rr	1	0.000	2024	01	20	00	30
4	Rr	1	0.000	2024	01	20	00	15
4	Rr	1	0.000	2024	01	20	00	00
4	Rr	0	0.000	2024	01	19	23	45
4	Rr	0	0.000	2024	01	19	23	30
4	Rr	2	0.000	2024	01	19	23	15
4	Rr	0	0.000	2024	01	19	23	00
4	Rr	0	0.000	2024	01	19	22	45
4	Rr	0	0.000	2024	01	19	22	30
4	Rr	33	0.002	2024	01	19	22	15
4	Rr	2	0.000	2024	01	19	22	00
4	Rr	0	0.000	2024	01	19	21	45
4	Rr	1	0.000	2024	01	19	21	30
4	Rr	5	0.000	2024	01	19	21	15
4	Rr	0	0.000	2024	01	19	21	00
4	Rr	3	0.000	2024	01	19	20	45
4	Rr	1	0.000	2024	01	19	20	30
4	Rr	0	0.000	2024	01	19	20	15
4	Rr	0	0.000	2024	01	19	20	00
4	Rr	1	0.000	2024	01	19	19	45
4	Rr	2	0.000	2024	01	19	19	30
4	Rr	34	0.002	2024	01	19	19	15
4	Rr	1	0.000	2024	01	19	19	00
4	Rr	1	0.000	2024	01	19	18	45
4	Rr	0	0.000	2024	01	19	18	30
4	Rr	1	0.000	2024	01	19	18	15
4	Rr	1	0.000	2024	01	19	18	00
4	Rr	3	0.000	2024	01	19	17	45
4	Rr	2	0.000	2024	01	19	17	30
4	Rr	2	0.000	2024	01	19	17	15
4	Rr	0	0.000	2024	01	19	17	00
4	Rr	0	0.000	2024	01	19	16	45
4	Rr	1	0.000	2024	01	19	16	30
4	Rr	1	0.000	2024	01	19	16	15
4	Rr	0	0.000	2024	01	19	16	00
4	Rr	2	0.000	2024	01	19	15	45
4	Rr	1	0.000	2024	01	19	15	30
4	Rr	1	0.000	2024	01	19	15	15
4	Rr	0	0.000	2024	01	19	15	00
4	Rr	3	0.000	2024	01	19	14	45
4	Rr	2	0.000	2024	01	19	14	30
4	Rr	2	0.000	2024	01	19	14	15
4	Rr	4	0.000	2024	01	19	14	00
4	Rr	0	0.000	2024	01	19	13	45
4	Rr	0	0.000	2024	01	19	13	30
4	Rr	0	0.000	2024	01	19	13	15
4	Rr	2	0.000	2024	01	19	13	00
4	Rr	0	0.000	2024	01	19	12	45
4	Rr	0	0.000	2024	01	19	12	30
4	Rr	4	0.000	2024	01	19	12	15
4	Rr	1	0.000	2024	01	19	12	00
4	Rr	3	0.000	2024	01	19	11	45
4	Rr	0	0.000	2024	01	19	11	30
4	Rr	1	0.000	2024	01	19	11	15
4	Rr	1	0.000	2024	01	19	11	00
4	Rr	1	0.000	2024	01	19	10	45
4	Rr	0	0.000	2024	01	19	10	30
4	Rr	0	0.000	2024	01	19	10	15
4	Rr	0	0.000	2024	01	19	10	00
4	Rr	1	0.000	2024	01	19	09	45
4	Rr	3	0.000	2024	01	19	09	30
4	Rr	1	0.000	2024	01	19	09	15
4	Rr	0	0.000	2024	01	19	09	00
4	Rr	1	0.000	2024	01	19	08	45
4	Rr	2	0.000	2024	01	19	08	30
4	Rr	2	0.000	2024	01	19	08	15
4	Rr	0	0.000	2024	01	19	08	00
4	Rr	6	0.000	2024	01	19	07	45
4	Rr	1	0.000	2024	01	19	07	30
4	Rr	0	0.000	2024	01	19	07	15
4	Rr	0	0.000	2024	01	19	07	00
4	Rr	34	0.002	2024	01	19	06	45
4	Rr	0	0.000	2024	01	19	06	30
4	Rr	2	0.000	2024	01	19	06	15
4	Rr	5	0.000	2024	01	19	06	00
4	Rr	2	0.000	2024	01	19	05	45
4	Rr	2	0.000	2024	01	19	05	30
4	Rr	0	0.000	2024	01	19	05	15
4	*BT	R	975	2023	05	08	18	00
6	Rr	15998	0.976	00	00
6	Rr	15094	0.921	00	15
6	Rr	16068	0.980	00	30
6	Rr	16251	0.992	00	45
6	Rr	14470	0.883	01	00
6	Rr	15488	0.945	01	15
6	Rr	14814	0.904	01	30
6	Rr	15741	0.960	01	45
6	Rr	13874	0.847	02	00
6	Rr	16420	1.002	02	15
6	Rr	16447	1.003	02	30
6	Rr	15914	0.971	02	45
6	Rr	15366	0.938	03	00
6	Rr	14821	0.904	03	15
6	Rr	15474	0.944	03	30
6	Rr	18287	1.116	03	45
6	Rr	15203	0.928	04	00
6	Rr	14825	0.905	04	15
6	Rr	15757	0.961	04	30
6	Rr	16332	0.996	04	45
6	Rr	15011	0.916	05	00
6	Rr	16205	0.989	05	15
6	Rr	14624	0.892	05	30
6	Rr	14343	0.875	05	45
6	Rr	15176	0.926	06	00
6	Rr	13824	0.843	06	15
6	Rr	14268	0.871	06	30
6	Rr	13088	0.799	06	45
6	Rr	14778	0.902	07	00
6	Rr	14581	0.890	07	15
6	Rr	14165	0.864	07	30
6	Rr	13686	0.835	07	45
6	Rr	13324	0.813	08	00
6	Rr	13562	0.827	08	15
6	Rr	14097	0.860	08	30
6	Rr	12509	0.763	08	45
6	Rr	11726	0.715	09	00
6	Rr	12166	0.742	09	15
6	Rr	14294	0.872	09	30
6	Rr	11907	0.726	09	45
6	Rr	12553	0.766	10	00
6	Rr	13596	0.830	10	15
6	Rr	14594	0.890	10	30
6	Rr	14201	0.866	10	45
6	Rr	15879	0.969	11	00
6	Rr	14320	0.874	11	15
6	Rr	14843	0.906	11	30
6	Rr	12739	0.777	11	45
6	Rr	15300	0.934	12	00
6	Rr	13436	0.820	12	15
6	Rr	13274	0.810	12	30
6	Rr	14937	0.911	12	45
6	Rr	14213	0.867	13	00
6	Rr	16592	1.012	13	15
6	Rr	16322	0.996	13	30
6	Rr	15135	0.923	13	45
6	Rr	18295	1.116	14	00
6	Rr	20479	1.249	14	15
6	Rr	18948	1.156	14	30
6	Rr	18365	1.121	14	45
6	Rr	18912	1.154	15	00
6	Rr	19444	1.186	15	15
6	Rr	21399	1.306	15	30
6	Rr	21345	1.302	15	45
6	Rr	22341	1.363	16	00
6	Rr	21963	1.340	16	15
6	Rr	21842	1.333	16	30
6	Rr	22395	1.366	16	45
6	Rr	23860	1.456	17	00
6	Rr	23228	1.417	17	15
6	Rr	22691	1.384	17	30
6	Rr	21584	1.317	17	45
6	Rr	23589	1.439	18	00
6	Rr	20869	1.273	18	15
6	Rr	22380	1.365	18	30
6	Rr	22647	1.382	18	45
6	Rr	22308	1.361	19	00
6	Rr	20177	1.231	19	15
6	Rr	21959	1.340	19	30
6	Rr	23892	1.458	19	45
6	Rr	20563	1.255	20	00
6	Rr	22273	1.359	20	15
6	Rr	19259	1.175	20	30
6	Rr	22069	1.347	20	45
6	Rr	20798	1.269	21	00
6	Rr	20101	1.226	21	15
6	Rr	18901	1.153	21	30
6	Rr	20448	1.248	21	45
6	Rr	16915	1.032	22	00
6	Rr	17508	1.068	22	15
6	Rr	17517	1.069	22	30
6	Rr	17637	1.076	22	45
6	Rr	18565	1.133	23	00
6	Rr	18840	1.149	23	15
6	Rr	15118	0.922	23	30
6	Rr	15646	0.955	23	45
5	Rr	3	0.000	2024	01	20	05	10
5	Rr	0	0.000	2024	01	20	05	05
5	Rr	0	0.000	2024	01	20	05	00
5	Rr	0	0.000	2024	01	20	04	55
5	Rr	1	0.000	2024	01	20	04	50
5	Rr	0	0.000	2024	01	20	04	45
5	Rr	0	0.000	2024	01	20	04	40
5	Rr	2	0.000	2024	01	20	04	35
5	Rr	2	0.000	2024	01	20	04	30
5	Rr	0	0.000	2024	01	20	04	25
5	Rr	2	0.000	2024	01	20	04	20
5	Rr	0	0.000	2024	01	20	04	15
5	Rr	0	0.000	2024	01	20	04	10
5	Rr	0	0.000	2024	01	20	04	05
5	Rr	2	0.000	2024	01	20	04	00
5	Rr	0	0.000	2024	01	20	03	55
5	Rr	0	0.000	2024	01	20	03	50
5	Rr	1	0.000	2024	01	20	03	45
5	Rr	0	0.000	2024	01	20	03	40
5	Rr	1	0.000	2024	01	20	03	35
5	Rr	0	0.000	2024	01	20	03	30
5	Rr	0	0.000	2024	01	20	03	25
5	Rr	0	0.000	2024	01	20	03	20
5	Rr	0	0.000	2024	01	20	03	15
5	Rr	1	0.000	2024	01	20	03	10
5	Rr	0	0.000	2024	01	20	03	05
5	Rr	0	0.000	2024	01	20	03	00
5	Rr	0	0.000	2024	01	20	02	55
5	Rr	0	0.000	2024	01	20	02	50
5	Rr	0	0.000	2024	01	20	02	45
5	Rr	0	0.000	2024	01	20	02	40
5	Rr	0	0.000	2024	01	20	02	35
5	Rr	0	0.000	2024	01	20	02	30
5	Rr	0	0.000	2024	01	20	02	25
5	Rr	3	0.000	2024	01	20	02	20
5	Rr	1	0.000	2024	01	20	02	15
5	Rr	0	0.000	2024	01	20	02	10
5	Rr	0	0.000	2024	01	20	02	05
5	Rr	0	0.000	2024	01	20	02	00
5	Rr	0	0.000	2024	01	20	01	55
5	Rr	4	0.000	2024	01	20	01	50
5	Rr	0	0.000	2024	01	20	01	45
5	Rr	1	0.000	2024	01	20	01	40
5	Rr	1	0.000	2024	01	20	01	35
5	Rr	0	0.000	2024	01	20	01	30
5	Rr	0	0.000	2024	01	20	01	25
5	Rr	1	0.000	2024	01	20	01	20
5	Rr	0	0.000	2024	01	20	01	15
5	Rr	0	0.000	2024	01	20	01	10
5	Rr	1	0.000	2024	01	20	01	05
5	Rr	19	0.001	2024	01	20	01	00
5	Rr	0	0.000	2024	01	20	00	55
5	Rr	0	0.000	2024	01	20	00	50
5	Rr	0	0.000	2024	01	20	00	45
5	Rr	0	0.000	2024	01	20	00	40
5	Rr	1	0.000	2024	01	20	00	35
5	Rr	0	0.000	2024	01	20	00	30
5	Rr	0	0.000	2024	01	20	00	25
5	Rr	1	0.000	2024	01	20	00	20
5	Rr	0	0.000	2024	01	20	00	15
5	Rr	1	0.000	2024	01	20	00	10
5	Rr	0	0.000	2024	01	20	00	05
5	Rr	0	0.000	2024	01	20	00	00
5	Rr	0	0.000	2024	01	19	23	55
5	Rr	0	0.000	2024	01	19	23	50
5	Rr	0	0.000	2024	01	19	23	45
5	Rr	0	0.000	2024	01	19	23	40
5	Rr	0	0.000	2024	01	19	23	35
5	Rr	0	0.000	2024	01	19	23	30
5	Rr	0	0.000	2024	01	19	23	25
5	Rr	2	0.000	2024	01	19	23	20
5	Rr	0	0.000	2024	01	19	23	15
5	Rr	0	0.000	2024	01	19	23	10
5	Rr	0	0.000	2024	01	19	23	05
5	Rr	0	0.000	2024	01	19	23	00
5	Rr	0	0.000	2024	01	19	22	55
5	Rr	0	0.000	2024	01	19	22	50
5	Rr	0	0.000	2024	01	19	22	45
5	Rr	0	0.000	2024	01	19	22	40
5	Rr	0	0.000	2024	01	19	22	35
5	Rr	0	0.000	2024	01	19	22	30
5	Rr	0	0.000	2024	01	19	22	25
5	Rr	2	0.000	2024	01	19	22	20
5	Rr	31	0.002	2024	01	19	22	15
5	Rr	1	0.000	2024	01	19	22	10
5	Rr	1	0.000	2024	01	19	22	05
5	Rr	0	0.000	2024	01	19	22	00
5	Rr	0	0.000	2024	01	19	21	55
5	Rr	0	0.000	2024	01	19	21	50
5	Rr	0	0.000	2024	01	19	21	45
5	Rr	0	0.000	2024	01	19	21	40
5	Rr	1	0.000	2024	01	19	21	35
5	Rr	0	0.000	2024	01	19	21	30
5	Rr	5	0.000	2024	01	19	21	25
5	Rr	0	0.000	2024	01	19	21	20
5	Rr	0	0.000	2024	01	19	21	15
5	Rr	0	0.000	2024	01	19	21	10
5	Rr	0	0.000	2024	01	19	21	05
5	Rr	0	0.000	2024	01	19	21	00
5	Rr	1	0.000	2024	01	19	20	55
5	Rr	0	0.000	2024	01	19	20	50
5	Rr	2	0.000	2024	01	19	20	45
5	Rr	0	0.000	2024	01	19	20	40
5	Rr	0	0.000	2024	01	19	20	35
5	Rr	1	0.000	2024	01	19	20	30
5	Rr	0	0.000	2024	01	19	20	25
5	Rr	0	0.000	2024	01	19	20	20
5	Rr	0	0.000	2024	01	19	20	15
5	Rr	0	0.000	2024	01	19	20	10
5	Rr	0	0.000	2024	01	19	20	05
5	Rr	0	0.000	2024	01	19	20	00
5	Rr	1	0.000	2024	01	19	19	55
5	Rr	0	0.000	2024	01	19	19	50
5	Rr	0	0.000	2024	01	19	19	45
5	Rr	1	0.000	2024	01	19	19	40
5	Rr	0	0.000	2024	01	19	19	35
5	Rr	1	0.000	2024	01	19	19	30
5	Rr	1	0.000	2024	01	19	19	25
5	Rr	0	0.000	2024	01	19	19	20
5	Rr	33	0.002	2024	01	19	19	15
5	Rr	0	0.000	2024	01	19	19	10
5	Rr	0	0.000	2024	01	19	19	05
5	Rr	1	0.000	2024	01	19	19	00
5	Rr	1	0.000	2024	01	19	18	55
5	Rr	0	0.000	2024	01	19	18	50
5	Rr	0	0.000	2024	01	19	18	45
5	Rr	0	0.000	2024	01	19	18	40
5	Rr	0	0.000	2024	01	19	18	35
5	Rr	0	0.000	2024	01	19	18	30
5	Rr	0	0.000	2024	01	19	18	25
5	Rr	0	0.000	2024	01	19	18	20
5	Rr	1	0.000	2024	01	19	18	15
5	Rr	1	0.000	2024	01	19	18	10
5	Rr	0	0.000	2024	01	19	18	05
5	Rr	0	0.000	2024	01	19	18	00
5	Rr	0	0.000	2024	01	19	17	55
5	Rr	2	0.000	2024	01	19	17	50
5	Rr	1	0.000	2024	01	19	17	45
5	Rr	0	0.000	2024	01	19	17	40
5	Rr	0	0.000	2024	01	19	17	35
5	Rr	2	0.000	2024	01	19	17	30
5	Rr	2	0.000	2024	01	19	17	25
5	Rr	0	0.000	2024	01	19	17	20
5	Rr	0	0.000	2024	01	19	17	15
5	Rr	0	0.000	2024	01	19	17	10
5	Rr	0	0.000	2024	01	19	17	05
5	Rr	0	0.000	2024	01	19	17	00
5	Rr	0	0.000	2024	01	19	16	55
5	Rr	0	0.000	2024	01	19	16	50
5	Rr	0	0.000	2024	01	19	16	45
5	Rr	0	0.000	2024	01	19	16	40
5	Rr	1	0.000	2024	01	19	16	35
5	Rr	0	0.000	2024	01	19	16	30
5	Rr	0	0.000	2024	01	19	16	25
5	Rr	0	0.000	2024	01	19	16	20
5	Rr	1	0.000	2024	01	19	16	15
5	Rr	0	0.000	2024	01	19	16	10
5	Rr	0	0.000	2024	01	19	16	05
5	Rr	0	0.000	2024	01	19	16	00
5	Rr	0	0.000	2024	01	19	15	55
5	Rr	1	0.000	2024	01	19	15	50
5	Rr	1	0.000	2024	01	19	15	45
5	Rr	1	0.000	2024	01	19	15	40
5	Rr	0	0.000	2024	01	19	15	35
5	Rr	0	0.000	2024	01	19	15	30
5	Rr	0	0.000	2024	01	19	15	25
5	Rr	1	0.000	2024	01	19	15	20
5	Rr	0	0.000	2024	01	19	15	15
5	Rr	0	0.000	2024	01	19	15	10
5	Rr	0	0.000	2024	01	19	15	05
5	Rr	0	0.000	2024	01	19	15	00
5	Rr	0	0.000	2024	01	19	14	55
5	Rr	0	0.000	2024	01	19	14	50
5	Rr	3	0.000	2024	01	19	14	45
5	Rr	0	0.000	2024	01	19	14	40
5	Rr	1	0.000	2024	01	19	14	35
5	Rr	1	0.000	2024	01	19	14	30
5	Rr	2	0.000	2024	01	19	14	25
5	Rr	0	0.000	2024	01	19	14	20
5	Rr	0	0.000	2024	01	19	14	15
5	Rr	0	0.000	2024	01	19	14	10
5	Rr	3	0.000	2024	01	19	14	05
5	Rr	1	0.000	2024	01	19	14	00
5	Rr	0	0.000	2024	01	19	13	55
5	Rr	0	0.000	2024	01	19	13	50
5	Rr	0	0.000	2024	01	19	13	45
5	Rr	0	0.000	2024	01	19	13	40
5	Rr	0	0.000	2024	01	19	13	35
5	Rr	0	0.000	2024	01	19	13	30
5	Rr	0	0.000	2024	01	19	13	25
5	Rr	0	0.000	2024	01	19	13	20
5	Rr	0	0.000	2024	01	19	13	15
5	Rr	0	0.000	2024	01	19	13	10
5	Rr	1	0.000	2024	01	19	13	05
5	Rr	1	0.000	2024	01	19	13	00
5	Rr	0	0.000	2024	01	19	12	55
5	Rr	0	0.000	2024	01	19	12	50
5	Rr	0	0.000	2024	01	19	12	45
5	Rr	0	0.000	2024	01	19	12	40
5	Rr	0	0.000	2024	01	19	12	35
5	Rr	0	0.000	2024	01	19	12	30
5	Rr	3	0.000	2024	01	19	12	25
5	Rr	0	0.000	2024	01	19	12	20
5	Rr	1	0.000	2024	01	19	12	15
5	Rr	0	0.000	2024	01	19	12	10
5	Rr	0	0.000	2024	01	19	12	05
5	Rr	1	0.000	2024	01	19	12	00
5	Rr	0	0.000	2024	01	19	11	55
5	Rr	3	0.000	2024	01	19	11	50
5	Rr	0	0.000	2024	01	19	11	45
5	Rr	0	0.000	2024	01	19	11	40
5	Rr	0	0.000	2024	01	19	11	35
5	Rr	0	0.000	2024	01	19	11	30
5	Rr	0	0.000	2024	01	19	11	25
5	Rr	0	0.000	2024	01	19	11	20
5	Rr	1	0.000	2024	01	19	11	15
5	Rr	0	0.000	2024	01	19	11	10
5	Rr	1	0.000	2024	01	19	11	05
5	Rr	0	0.000	2024	01	19	11	00
5	Rr	0	0.000	2024	01	19	10	55
5	Rr	0	0.000	2024	01	19	10	50
5	Rr	1	0.000	2024	01	19	10	45
5	Rr	0	0.000	2024	01	19	10	40
5	Rr	0	0.000	2024	01	19	10	35
5	Rr	0	0.000	2024	01	19	10	30
5	Rr	0	0.000	2024	01	19	10	25
5	Rr	0	0.000	2024	01	19	10	20
5	Rr	0	0.000	2024	01	19	10	15
5	Rr	0	0.000	2024	01	19	10	10
5	Rr	0	0.000	2024	01	19	10	05
5	Rr	0	0.000	2024	01	19	10	00
5	Rr	0	0.000	2024	01	19	09	55
5	Rr	0	0.000	2024	01	19	09	50
5	Rr	1	0.000	2024	01	19	09	45
5	Rr	0	0.000	2024	01	19	09	40
5	Rr	2	0.000	2024	01	19	09	35
5	Rr	1	0.000	2024	01	19	09	30
5	Rr	0	0.000	2024	01	19	09	25
5	Rr	0	0.000	2024	01	19	09	20
5	Rr	1	0.000	2024	01	19	09	15
5	Rr	0	0.000	2024	01	19	09	10
5	Rr	0	0.000	2024	01	19	09	05
5	Rr	0	0.000	2024	01	19	09	00
5	Rr	1	0.000	2024	01	19	08	55
5	Rr	0	0.000	2024	01	19	08	50
5	Rr	0	0.000	2024	01	19	08	45
5	Rr	1	0.000	2024	01	19	08	40
5	Rr	1	0.000	2024	01	19	08	35
5	Rr	0	0.000	2024	01	19	08	30
5	Rr	1	0.000	2024	01	19	08	25
5	Rr	1	0.000	2024	01	19	08	20
5	Rr	0	0.000	2024	01	19	08	15
5	Rr	0	0.000	2024	01	19	08	10
5	Rr	0	0.000	2024	01	19	08	05
5	Rr	0	0.000	2024	01	19	08	00
5	Rr	1	0.000	2024	01	19	07	55
5	Rr	4	0.000	2024	01	19	07	50
5	Rr	1	0.000	2024	01	19	07	45
5	Rr	1	0.000	2024	01	19	07	40
5	Rr	0	0.000	2024	01	19	07	35
5	Rr	0	0.000	2024	01	19	07	30
5	Rr	0	0.000	2024	01	19	07	25
5	Rr	0	0.000	2024	01	19	07	20
5	Rr	0	0.000	2024	01	19	07	15
5	Rr	0	0.000	2024	01	19	07	10
5	Rr	0	0.000	2024	01	19	07	05
5	Rr	0	0.000	2024	01	19	07	00
5	Rr	0	0.000	2024	01	19	06	55
5	Rr	18	0.001	2024	01	19	06	50
5	Rr	16	0.001	2024	01	19	06	45
5	Rr	0	0.000	2024	01	19	06	40
5	Rr	0	0.000	2024	01	19	06	35
5	Rr	0	0.000	2024	01	19	06	30
5	Rr	0	0.000	2024	01	19	06	25
5	Rr	1	0.000	2024	01	19	06	20
5	Rr	1	0.000	2024	01	19	06	15
5	Rr	4	0.000	2024	01	19	06	10
5	Rr	1	0.000	2024	01	19	06	05
5	Rr	0	0.000	2024	01	19	06	00
5	Rr	2	0.000	2024	01	19	05	55
5	Rr	0	0.000	2024	01	19	05	50
5	Rr	0	0.000	2024	01	19	05	45
5	Rr	2	0.000	2024	01	19	05	40
5	Rr	0	0.000	2024	01	19	05	35
5	Rr	0	0.000	2024	01	19	05	30
5	Rr	0	0.000	2024	01	19	05	25
5	Rr	0	0.000	2024	01	19	05	20
5	Rr	0	0.000	2024	01	19	05	15
5	*BT	R	945	2023	05	08	18	00
7	Rr	5699	0.348	00	00
7	Rr	4859	0.296	00	05
7	Rr	5440	0.332	00	10
7	Rr	3979	0.243	00	15
7	Rr	5298	0.323	00	20
7	Rr	5817	0.355	00	25
7	Rr	5111	0.312	00	30
7	Rr	5793	0.353	00	35
7	Rr	5164	0.315	00	40
7	Rr	5251	0.320	00	45
7	Rr	5544	0.338	00	50
7	Rr	5456	0.333	00	55
7	Rr	5002	0.305	01	00
7	Rr	4850	0.296	01	05
7	Rr	4618	0.282	01	10
7	Rr	5160	0.315	01	15
7	Rr	5721	0.349	01	20
7	Rr	4607	0.281	01	25
7	Rr	4737	0.289	01	30
7	Rr	4698	0.287	01	35
7	Rr	5379	0.328	01	40
7	Rr	5068	0.309	01	45
7	Rr	5530	0.337	01	50
7	Rr	5143	0.314	01	55
7	Rr	4541	0.277	02	00
7	Rr	4554	0.278	02	05
7	Rr	4779	0.292	02	10
7	Rr	5823	0.355	02	15
7	Rr	4961	0.303	02	20
7	Rr	5636	0.344	02	25
7	Rr	5570	0.340	02	30
7	Rr	5487	0.335	02	35
7	Rr	5390	0.329	02	40
7	Rr	4653	0.284	02	45
7	Rr	5418	0.331	02	50
7	Rr	5843	0.357	02	55
7	Rr	5724	0.349	03	00
7	Rr	4819	0.294	03	05
7	Rr	4823	0.294	03	10
7	Rr	4941	0.301	03	15
7	Rr	4944	0.302	03	20
7	Rr	4936	0.301	03	25
7	Rr	5318	0.324	03	30
7	Rr	5081	0.310	03	35
7	Rr	5075	0.310	03	40
7	Rr	5979	0.365	03	45
7	Rr	6697	0.409	03	50
7	Rr	5611	0.342	03	55
7	Rr	5019	0.306	04	00
7	Rr	5024	0.307	04	05
7	Rr	5160	0.315	04	10
7	Rr	5170	0.315	04	15
7	Rr	4548	0.277	04	20
7	Rr	5107	0.312	04	25
7	Rr	4905	0.299	04	30
7	Rr	4854	0.296	04	35
7	Rr	5998	0.366	04	40
7	Rr	5571	0.340	04	45
7	Rr	5522	0.337	04	50
7	Rr	5239	0.320	04	55
7	Rr	5241	0.320	05	00
7	Rr	4999	0.305	05	05
7	Rr	4771	0.291	05	10
7	Rr	6005	0.366	05	15
7	Rr	5339	0.326	05	20
7	Rr	4861	0.297	05	25
7	Rr	4900	0.299	05	30
7	Rr	4919	0.300	05	35
7	Rr	4805	0.293	05	40
7	Rr	4514	0.275	05	45
7	Rr	4864	0.297	05	50
7	Rr	4965	0.303	05	55
7	Rr	4644	0.283	06	00
7	Rr	5620	0.343	06	05
7	Rr	4912	0.300	06	10
7	Rr	5117	0.312	06	15
7	Rr	4028	0.246	06	20
7	Rr	4679	0.285	06	25
7	Rr	4783	0.292	06	30
7	Rr	4887	0.298	06	35
7	Rr	4598	0.281	06	40
7	Rr	4598	0.281	06	45
7	Rr	4430	0.270	06	50
7	Rr	4060	0.248	06	55
7	Rr	5940	0.362	07	00
7	Rr	4344	0.265	07	05
7	Rr	4494	0.274	07	10
7	Rr	4471	0.273	07	15
7	Rr	5182	0.316	07	20
7	Rr	4928	0.301	07	25
7	Rr	4852	0.296	07	30
7	Rr	4864	0.297	07	35
7	Rr	4449	0.271	07	40
7	Rr	5338	0.326	07	45
7	Rr	4016	0.245	07	50
7	Rr	4332	0.264	07	55
7	Rr	4680	0.286	08	00
7	Rr	4316	0.263	08	05
7	Rr	4328	0.264	08	10
7	Rr	4325	0.264	08	15
7	Rr	4538	0.277	08	20
7	Rr	4699	0.287	08	25
7	Rr	4520	0.276	08	30
7	Rr	4783	0.292	08	35
7	Rr	4794	0.292	08	40
7	Rr	4712	0.287	08	45
7	Rr	4054	0.247	08	50
7	Rr	3743	0.228	08	55
7	Rr	4132	0.252	09	00
7	Rr	3823	0.233	09	05
7	Rr	3771	0.230	09	10
7	Rr	3356	0.205	09	15
7	Rr	4146	0.253	09	20
7	Rr	4664	0.285	09	25
7	Rr	4242	0.259	09	30
7	Rr	4709	0.287	09	35
7	Rr	5343	0.326	09	40
7	Rr	3964	0.242	09	45
7	Rr	3899	0.238	09	50
7	Rr	4044	0.247	09	55
7	Rr	4308	0.263	10	00
7	Rr	3900	0.238	10	05
7	Rr	4345	0.265	10	10
7	Rr	3937	0.240	10	15
7	Rr	4732	0.289	10	20
7	Rr	4927	0.301	10	25
7	Rr	4612	0.281	10	30
7	Rr	5206	0.318	10	35
7	Rr	4776	0.291	10	40
7	Rr	3968	0.242	10	45
7	Rr	5585	0.341	10	50
7	Rr	4648	0.284	10	55
7	Rr	6188	0.378	11	00
7	Rr	4940	0.301	11	05
7	Rr	4751	0.290	11	10
7	Rr	4547	0.277	11	15
7	Rr	4108	0.251	11	20
7	Rr	5665	0.346	11	25
7	Rr	6293	0.384	11	30
7	Rr	4245	0.259	11	35
7	Rr	4305	0.263	11	40
7	Rr	4557	0.278	11	45
7	Rr	4172	0.255	11	50
7	Rr	4010	0.245	11	55
7	Rr	4984	0.304	12	00
7	Rr	5273	0.322	12	05
7	Rr	5043	0.308	12	10
7	Rr	4311	0.263	12	15
7	Rr	4585	0.280	12	20
7	Rr	4540	0.277	12	25
7	Rr	4266	0.260	12	30
7	Rr	4559	0.278	12	35
7	Rr	4449	0.271	12	40
7	Rr	4747	0.290	12	45
7	Rr	5054	0.308	12	50
7	Rr	5136	0.313	12	55
7	Rr	4673	0.285	13	00
7	Rr	4430	0.270	13	05
7	Rr	5110	0.312	13	10
7	Rr	5472	0.334	13	15
7	Rr	5674	0.346	13	20
7	Rr	5446	0.332	13	25
7	Rr	4818	0.294	13	30
7	Rr	5521	0.337	13	35
7	Rr	5983	0.365	13	40
7	Rr	4095	0.250	13	45
7	Rr	5844	0.357	13	50
7	Rr	5196	0.317	13	55
7	Rr	6006	0.366	14	00
7	Rr	6395	0.390	14	05
7	Rr	5894	0.360	14	10
7	Rr	7614	0.465	14	15
7	Rr	6753	0.412	14	20
7	Rr	6112	0.373	14	25
7	Rr	6464	0.394	14	30
7	Rr	5905	0.360	14	35
7	Rr	6579	0.401	14	40
7	Rr	6016	0.367	14	45
7	Rr	5257	0.321	14	50
7	Rr	7092	0.433	14	55
7	Rr	6952	0.424	15	00
7	Rr	5442	0.332	15	05
7	Rr	6518	0.398	15	10
7	Rr	5742	0.350	15	15
7	Rr	7252	0.442	15	20
7	Rr	6450	0.394	15	25
7	Rr	6646	0.405	15	30
7	Rr	6546	0.399	15	35
7	Rr	8207	0.501	15	40
7	Rr	6143	0.375	15	45
7	Rr	7631	0.466	15	50
7	Rr	7571	0.462	15	55
7	Rr	7009	0.428	16	00
7	Rr	7665	0.468	16	05
7	Rr	7667	0.468	16	10
7	Rr	8017	0.489	16	15
7	Rr	7207	0.440	16	20
7	Rr	6739	0.411	16	25
7	Rr	7119	0.434	16	30
7	Rr	7319	0.447	16	35
7	Rr	7404	0.452	16	40
7	Rr	7643	0.466	16	45
7	Rr	8060	0.492	16	50
7	Rr	6692	0.408	16	55
7	Rr	7911	0.483	17	00
7	Rr	8278	0.505	17	05
7	Rr	7671	0.468	17	10
7	Rr	7201	0.439	17	15
7	Rr	8312	0.507	17	20
7	Rr	7715	0.471	17	25
7	Rr	8214	0.501	17	30
7	Rr	7097	0.433	17	35
7	Rr	7380	0.450	17	40
7	Rr	7282	0.444	17	45
7	Rr	7158	0.437	17	50
7	Rr	7144	0.436	17	55
7	Rr	8811	0.538	18	00
7	Rr	7390	0.451	18	05
7	Rr	7388	0.451	18	10
7	Rr	7224	0.441	18	15
7	Rr	6573	0.401	18	20
7	Rr	7072	0.431	18	25
7	Rr	7410	0.452	18	30
7	Rr	6685	0.408	18	35
7	Rr	8285	0.505	18	40
7	Rr	6512	0.397	18	45
7	Rr	8792	0.536	18	50
7	Rr	7343	0.448	18	55
7	Rr	7825	0.477	19	00
7	Rr	7217	0.440	19	05
7	Rr	7266	0.443	19	10
7	Rr	6734	0.411	19	15
7	Rr	6642	0.405	19	20
7	Rr	6801	0.415	19	25
7	Rr	6821	0.416	19	30
7	Rr	8337	0.509	19	35
7	Rr	6801	0.415	19	40
7	Rr	7942	0.485	19	45
7	Rr	7593	0.463	19	50
7	Rr	8357	0.510	19	55
7	Rr	7343	0.448	20	00
7	Rr	6744	0.411	20	05
7	Rr	6476	0.395	20	10
7	Rr	6856	0.418	20	15
7	Rr	8273	0.505	20	20
7	Rr	7144	0.436	20	25
7	Rr	6561	0.400	20	30
7	Rr	6745	0.412	20	35
7	Rr	5953	0.363	20	40
7	Rr	7811	0.477	20	45
7	Rr	7501	0.458	20	50
7	Rr	6757	0.412	20	55
7	Rr	7451	0.455	21	00
7	Rr	6888	0.420	21	05
7	Rr	6459	0.394	21	10
7	Rr	6621	0.404	21	15
7	Rr	6250	0.381	21	20
7	Rr	7230	0.441	21	25
7	Rr	5692	0.347	21	30
7	Rr	7220	0.441	21	35
7	Rr	5989	0.365	21	40
7	Rr	7822	0.477	21	45
7	Rr	7234	0.441	21	50
7	Rr	5392	0.329	21	55
7	Rr	5473	0.334	22	00
7	Rr	5627	0.343	22	05
7	Rr	5815	0.355	22	10
7	Rr	5715	0.349	22	15
7	Rr	6228	0.380	22	20
7	Rr	5565	0.340	22	25
7	Rr	5678	0.346	22	30
7	Rr	6366	0.388	22	35
7	Rr	5473	0.334	22	40
7	Rr	6677	0.407	22	45
7	Rr	5650	0.345	22	50
7	Rr	5310	0.324	22	55
7	Rr	6045	0.369	23	00
7	Rr	5856	0.357	23	05
7	Rr	6664	0.407	23	10
7	Rr	6527	0.398	23	15
7	Rr	6637	0.405	23	20
7	Rr	5676	0.346	23	25
7	Rr	4748	0.290	23	30
7	Rr	5129	0.313	23	35
7	Rr	5241	0.320	23	40
7	Rr	4755	0.290	23	45
7	Rr	5578	0.340	23	50
7	Rr	5313	0.324	23	55
o	*f	0R	r
o	lRQ	1	1638982	2560439452	[unresolved numerical addresses]
Z	*f	-20R	r
Z	lRb	1	79124	3.582	98
Z	lRb	1	72262	2.566	66.249
Z	lRb	1	54478	2.524	51
Z	lRb	1	48379	1.794	34
Z	lRb	1	46378	2.025	35
Z	lRb	1	43635	1.401	69
Z	lRb	1	31457	2.897	54
Z	lRb	1	31003	0.506	49
Z	lRb	1	27653	0.945	123
Z	lRb	1	26155	0.641	46
Z	lRb	1	25327	2.331	40
Z	lRb	1	25197	2.469	157.55
Z	lRb	1	22827	2.596	70
Z	lRb	1	20695	1.924	207.46
Z	lRb	1	20561	1.160	76
Z	lRb	1	19371	1.170	104
Z	lRb	1	17755	1.032	52
Z	lRb	1	16616	1.539	72
Z	lRb	1	15853	0.895	75
Z	lRb	1	14500	1.201	5
Z	lRb	1	979756	64.801	[not listed: 9147]
S	*f	-50P	r
S	Rb	4702	0.294	14.33.246.211
S	Rb	3866	0.592	192.234.235.103
S	Rb	3516	0.000	66.249.66.166
S	Rb	3368	0.027	162.55.85.223
S	Rb	3248	0.184	192.99.15.146
S	Rb	2791	0.222	216.244.66.229
S	Rb	2542	0.020	49.7.20.111
S	Rb	2489	0.009	49.7.20.105
S	Rb	2341	0.102	100.43.83.148
S	Rb	2232	0.000	66.249.66.164
S	Rb	2091	0.000	66.249.66.165
S	Rb	2005	0.107	68.66.226.98
S	Rb	1992	0.051	66.249.75.109
S	Rb	1829	0.111	37.59.14.116
S	Rb	1781	0.161	75.98.173.33
S	Rb	1750	0.000	66.249.66.167
S	Rb	1736	0.215	79.125.27.96
S	Rb	1597	0.097	78.155.138.20
S	Rb	1543	0.055	199.21.99.79
S	Rb	1461	0.000	49.7.20.135
S	Rb	1459	0.008	92.249.127.111
S	Rb	1352	0.045	49.7.20.102
S	Rb	1339	0.001	66.249.66.168
S	Rb	1330	0.014	109.102.111.58
S	Rb	1312	0.033	205.203.134.197
S	Rb	1304	0.144	5.196.13.127
S	Rb	1285	0.033	144.76.27.118
S	Rb	1276	0.089	208.115.113.82
S	Rb	1270	0.048	95.108.248.29
S	Rb	1155	0.173	75.98.173.84
S	Rb	1142	0.001	91.207.9.226
S	Rb	1107	0.012	66.249.69.97
S	Rb	1099	0.014	52.35.20.1
S	Rb	1081	0.014	66.249.69.81
S	Rb	1074	0.000	49.7.21.96
S	Rb	1048	0.064	157.90.182.26
S	Rb	1047	0.013	106.38.241.144
S	Rb	1039	0.011	66.249.69.89
S	Rb	1030	0.073	5.255.250.90
S	Rb	1024	0.055	95.108.150.235
S	Rb	1012	0.061	192.99.6.132
S	Rb	957	0.136	199.21.99.197
S	Rb	912	0.000	49.7.21.93
S	Rb	815	0.022	178.63.23.80
S	Rb	811	0.000	123.183.224.65
S	Rb	808	0.136	149.202.211.239
S	Rb	795	0.052	49.7.20.108
S	Rb	791	0.048	192.99.7.55
S	Rb	786	0.087	66.11.128.152
S	Rb	777	0.001	193.150.120.14
S	Rb	1557865	96.362	[not listed: 108741]
s	*FR	2013	12	18	21	53
s	*LR	2024	01	20	04	04
s	*f	-20R	s
s	lRS	1	455251	853	http://www.gtaeronautics.com/
s	lRS	1	113563	219	http://gtaeronautics.com/
s	lRS	1	8239	6	https://www.google.com/
s	lRS	1	1698	0	http://www.google.com/
s	lRS	1	1287	0	http://www.baidu.com/
s	lRS	1	1159	0	http://www.trainingindustry.com/
s	lRS	1	609	0	http://www.mfgpages.com/
s	lRS	1	604	0	http://www.openfos.com/
s	lRS	1	517	0	http://www.topicway.com/
s	lRS	1	505	0	https://www.bing.com/
s	lRS	1	462	0	http://anti-crisis-seo.com/
s	lRS	1	420	0	http://122.144.179.12/
s	lRS	1	399	0	https://www.thomasnet.com/
s	lRS	1	395	0	http://uptime.com/
s	lRS	1	394	0	http://baidu.com/
s	lRS	1	362	0	http://semalt.semalt.com/
s	lRS	1	328	0	http://www.bing.com/
s	lRS	1	301	0	http://chimiver.info/
s	lRS	1	281	0	https://www.google.co.in/
s	lRS	1	262	0	http://google.co.jp/
s	lRS	1	50411	5	[not listed: 4431]
f	*FR	2013	12	18	21	53
f	*LR	2024	01	20	04	04
f	*f	-30R	s
f	lRS	1	338029	718	http://www.gtaeronautics.com/
f	lRS	1	73968	73	http://gtaeronautics.com/
f	lRS	1	11575	61	http://www.gtaeronautics.com/index.html
f	lRS	1	7191	61	http://gtaeronautics.com/links.html
f	lRS	1	3516	26	http://gtaeronautics.com/contactus.html
f	lRS	1	16799	10	http://www.gtaeronautics.com/aboutus.html
f	lRS	1	5181	7	http://www.gtaeronautics.com/GT380 RPAS.html
f	lRS	1	3948	7	http://www.gtaeronautics.com/GT1500 RPAS.html
f	lRS	1	7637	6	https://www.google.com/
f	lRS	1	3216	5	http://gtaeronautics.com/aboutus.html
f	lRS	1	2197	5	http://www.gtaeronautics.com/GT100HL RPAS.html
f	lRS	1	10015	4	http://www.gtaeronautics.com/CCT&M.html
f	lRS	1	3899	4	http://www.gtaeronautics.com/pna.html
f	lRS	1	3084	4	http://www.gtaeronautics.com/contactus.html
f	lRS	1	8378	3	http://www.gtaeronautics.com/UASFC.html
f	lRS	1	4144	3	http://www.gtaeronautics.com/CompNews.html
f	lRS	1	3947	3	http://www.gtaeronautics.com/SRU.html
f	lRS	1	3032	3	http://www.gtaeronautics.com/RD.html
f	lRS	1	2952	3	http://gtaeronautics.com/index.html
f	lRS	1	2811	3	http://www.gtaeronautics.com/IndNews.html
f	lRS	1	2780	3	http://www.gtaeronautics.com/CFMT.html
f	lRS	1	2682	3	http://gtaeronautics.com/CCT&M.html
f	lRS	1	2097	3	http://gtaeronautics.com/ConsultingA.html
f	lRS	1	3720	2	http://www.gtaeronautics.com/GT50T RPAS.html
f	lRS	1	5880	1	http://gtaeronautics.com/IndNews.html
f	lRS	1	4544	1	http://www.gtaeronautics.com/compnews.html
f	lRS	1	2879	1	http://www.gtaeronautics.com/consultinga.html
f	lRS	1	2466	1	http://www.gtaeronautics.com/uasfc.html
f	lRS	1	6445	0	http://www.gtaeronautics.com/ConsultingA.html
f	lRS	1	2019	0	http://www.gtaeronautics.com/EMPLOYMENT.html
f	lRS	1	86416	59	[not listed: 5139]
n	*FR	2013	12	19	00	28
n	*LR	2020	10	14	09	11
n	*f	0.500000%Q	s
n	Rq	1	2014.852	kit
n	Rq	1	2014.852	method
n	Rq	2	1454.517	crew
n	Rq	28	548.569	aeronautical
n	Rq	1	2014.852	airplane.com
n	Rq	5	2348.700	faa
n	Rq	40	2336.934	gt
n	Rq	1	2014.852	moldings
n	Rq	1	2014.852	twin
n	Rq	1	2014.852	taranis
n	Rq	2	2014.852	installerex
n	Rq	2	2014.852	http://gtaeronautics.com/
n	Rq	20	2122.213	in
n	Rq	1	2014.852	scale
n	Rq	1	2014.852	observer
n	Rq	1	2014.852	drawing?
n	Rq	2	2014.852	is
n	Rq	1	2014.852	making
n	Rq	2	1454.517	fiber
n	Rq	1	2014.852	mitsubishi
n	Rq	1	2014.852	fuze
n	Rq	1	2014.852	http://www.gtaeronautics.com/indnews.html
n	Rq	92	2014.852	semalt.com
n	Rq	1	2014.852	consultant
n	Rq	15	333.848	manufacturing
n	Rq	1	2014.852	2
n	Rq	1	2014.852	base
n	Rq	14	2456.061	6
n	Rq	1	2014.852	http://gtaeronautics.com/indnews.html
n	Rq	1	2014.852	always
n	Rq	28	1442.752	engineering
n	Rq	1	2014.852	northrop
n	Rq	1	2014.852	bandwidth
n	Rq	1	2014.852	vegas
n	Rq	3	1454.517	basic
n	Rq	1	2014.852	qinetiq
n	Rq	1	2014.852	tooling
n	Rq	1	2014.852	on
n	Rq	1	2014.852	heavy
n	Rq	9	667.695	drawings
n	Rq	1	2014.852	fia
n	Rq	4	2014.852	louis%20vuitton%20fashion%20valley%20phone%20number
n	Rq	3	2014.852	llc
n	Rq	3	894.183	rullman
n	Rq	1	2014.852	cowling
n	Rq	32	894.183	sale
n	Rq	64	1788.365	outlet
n	Rq	1	2014.852	rotax
n	Rq	1	2014.852	ucav
n	Rq	28	2003.086	texan
n	Rq	1	2014.852	a
n	Rq	2	2014.852	customer
n	Rq	1	2014.852	rpa
n	Rq	2	1454.517	110cc
n	Rq	30	2014.852	designer
n	Rq	20	2348.700	www.gtaeronautics.com
n	Rq	1	2014.852	work
n	Rq	1	2014.852	thomas
n	Rq	1	2014.852	engie
n	Rq	1	2014.852	qualification
n	Rq	1	2014.852	custom
n	Rq	1	2014.852	mk3
n	Rq	1	2014.852	t
n	Rq	1	2014.852	uavs
n	Rq	1	2014.852	w
n	Rq	2	2014.852	satisfaction
n	Rq	2	1454.517	x
n	Rq	1	2014.852	crews
n	Rq	3	2014.852	photos
n	Rq	1	2014.852	finnemeccia
n	Rq	2	1454.517	glass
n	Rq	1	894.183	to
n	Rq	1	2014.852	gcs
n	Rq	5	2348.700	engineer
n	Rq	1	2014.852	government
n	Rq	1	2014.852	operator
n	Rq	6	1788.365	aircraft
n	Rq	1	2014.852	with
n	Rq	97	1454.517	number
n	Rq	4	894.183	for
n	Rq	1	2014.852	december
n	Rq	2	1454.517	aero
n	Rq	9	1454.517	equipment
n	Rq	2	1454.517	engine
n	Rq	1	2014.852	mq1
n	Rq	2	1454.517	wy
n	Rq	1	2014.852	custum
n	Rq	1	2014.852	g.t
n	Rq	1	2014.852	mechanics
n	Rq	1	1454.517	motors
n	Rq	1	2014.852	tdw
n	Rq	32	2348.700	luggage
n	Rq	1	2014.852	opportunities
n	Rq	175	775.056	vuitton
n	Rq	1	2014.852	show
n	Rq	1	894.183	the
n	Rq	1	2014.852	luggages
n	Rq	1	2014.852	stroke
n	Rq	2	2014.852	explore
n	Rq	39	1454.517	handbags
n	Rq	2	1454.517	electric
n	Rq	1	2014.852	space
n	Rq	1	1454.517	air
n	Rq	1	2014.852	quote
n	Rq	1	2014.852	require
n	Rq	1	2014.852	mpp
n	Rq	4	1454.517	jobs
n	Rq	5	2348.700	uas
n	Rq	1	2014.852	anything
n	Rq	1	2014.852	china
n	Rq	1	2014.852	airplane
n	Rq	10	2122.213	uav
n	Rq	2	2014.852	wmaid.com
n	Rq	3	333.848	drone
n	Rq	7	1228.030	fiberglass
n	Rq	2	2014.852	facebook
n	Rq	1	2014.852	college
n	Rq	4	333.848	onboard
n	Rq	3	1454.517	gtaeronautics.com
n	Rq	1	2014.852	qulificationa
n	Rq	21	441.208	simi
n	Rq	1	2014.852	and
n	Rq	5	894.183	flight
n	Rq	17	441.208	at6
n	Rq	1	2014.852	xtreme
n	Rq	1	2014.852	maintenance
n	Rq	1	2014.852	cody
n	Rq	1	2014.852	systems
n	Rq	1	2014.852	any
n	Rq	1	2014.852	tom
n	Rq	1	2014.852	payload
n	Rq	2	1454.517	gta
n	Rq	2	2014.852	granger
n	Rq	8	1228.030	extreme
n	Rq	6	2348.700	molding
n	Rq	2	2014.852	easylifeapp
n	Rq	1	2014.852	rating
n	Rq	2	2014.852	whitelaw
n	Rq	126	1228.030	fashion
n	Rq	2	1454.517	ice
n	Rq	2	2014.852	http://www.gtaeronautics.com/compnews.html
n	Rq	5	1454.517	engineers
n	Rq	3	1454.517	composite
n	Rq	1	2014.852	skyforce
n	Rq	1	2014.852	eengineer
n	Rq	175	775.056	louis
n	Rq	8	2014.852	store
n	Rq	4	333.848	starter
n	Rq	14	333.848	cheap
n	Rq	1	2014.852	diamond
n	Rq	10	107.361	bme
n	Rq	1	2014.852	america2009
n	Rq	7	2014.852	content
n	Rq	1	2014.852	challenge
n	Rq	2	1454.517	aeronautic
n	Rq	1	2014.852	piece
n	Rq	1	2014.852	how
n	Rq	1	2014.852	male
n	Rq	2	1454.517	design
n	Rq	2	1454.517	flying
n	Rq	1	2014.852	carbon
n	Rq	1	2014.852	operation
n	Rq	2	2014.852	profile
n	Rq	1	2014.852	tomas
n	Rq	1	2014.852	cia
n	Rq	1	2014.852	hummingbird
n	Rq	1	2014.852	iron
n	Rq	1	2014.852	california
n	Rq	1	2014.852	amphibian
n	Rq	1	2014.852	110
n	Rq	1	2014.852	mentioned
n	Rq	1	2014.852	111
n	Rq	1	2014.852	over
n	Rq	25	548.569	http://www.gtaeronautics.com/
n	Rq	1	2014.852	google.com
n	Rq	1	2014.852	fuel
n	Rq	2	2014.852	inc
n	Rq	1	2014.852	handbag.com
n	Rq	1	2014.852	da42
n	Rq	2	1454.517	certification
n	Rq	1	2014.852	timing
n	Rq	1	2014.852	2015
n	Rq	1	2014.852	home
n	Rq	1	2014.852	aerospacecompanies
n	Rq	1	2014.852	anti
n	Rq	1	2014.852	ziroli
n	Rq	1	2014.852	sketches
n	Rq	5	2014.852	purses
n	Rq	1	2014.852	downlink
n	Rq	3	2014.852	aeronotics
n	Rq	1	2014.852	nanotechnology
n	Rq	1	2014.852	zephyr
n	Rq	4	2014.852	wyoming
n	Rq	2	2014.852	technology
n	Rq	3	894.183	companies
n	Rq	1	2014.852	muffler
n	Rq	2	2014.852	avia
n	Rq	2	2014.852	what
n	Rq	145	2229.574	valley
n	Rq	1	2014.852	microwave
n	Rq	1	2014.852	mold
n	Rq	5	333.848	pglm
n	Rq	1	2014.852	specialist
n	Rq	23	1669.239	drawing
n	Rq	1	2014.852	tool
n	Rq	1	2014.852	security
n	Rq	6	1454.517	prototypes
n	Rq	1	2014.852	giant
n	Rq	1	2014.852	powell
n	Rq	8	1228.030	aerospace
n	Rq	4	333.848	unmanned
n	Rq	34	882.417	aeronautics
n	Rq	1	2014.852	radius
n	Rq	1	2014.852	zero
n	Rq	1	2014.852	tobbot
n	Rq	2	1454.517	job
n	Rq	2	1454.517	neverfull
n	Rq	1	2014.852	onbordstarter
n	Rq	20	333.848	ca
n	Rq	1	1454.517	as
n	Rq	13	441.208	at
n	Rq	5	2348.700	techniques
n	Rq	1	2014.852	does
n	Rq	1	2014.852	commercial
n	Rq	1	2014.852	www.gt
n	Rq	1	2014.852	de
n	Rq	1	2014.852	co
n	Rq	1	2014.852	speedy
n	Rq	1	2014.852	rpas
n	Rq	2	1454.517	instrument
n	Rq	1	2014.852	do
n	Rq	1	2014.852	quotation
n	Rq	3	894.183	training
n	Rq	1	2014.852	efi
n	Rq	1	2014.852	careers
n	Rq	3	894.183	pilot
n	Rq	9	667.695	bandito
n	Rq	4	333.848	quotes
n	Rq	107	333.848	phone
n	Rq	1	2014.852	stations
n	Rq	1	2014.852	traing
N	*FR	2013	12	19	00	28
N	*LR	2020	10	14	09	11
N	*f	-200Q	s
N	RQ	20	4096284950	gt aeronautics
N	RQ	20	3917225937	www.gtaeronautics.com
N	RQ	1	3360425565	uavs flying over simi valley ca
N	RQ	1	3360425565	gt aeronautics simi valley california
N	RQ	1	3360425565	aeronautical engineer quote
N	RQ	1	3360425565	does aeronautical engineering require drawing?
N	RQ	1	3360425565	how to do gt in engineering drawing
N	RQ	2	3360425565	http://gtaeronautics.com/
N	RQ	1	3360425565	the government college g.t aeronautics
N	RQ	1	3360425565	bme engine
N	RQ	1	3360425565	uas gcs
N	RQ	1	3360425565	http://www.gtaeronautics.com/indnews.html
N	RQ	92	3360425565	semalt.com
N	RQ	1	3360425565	aero iron mentioned nanotechnology hummingbird uav
N	RQ	1	3360425565	basic fiberglass techniques
N	RQ	1	3360425565	http://gtaeronautics.com/indnews.html
N	RQ	1	3360425565	finnemeccia co
N	RQ	2	3360425565	drawing for customer satisfaction
N	RQ	1	3360425565	cheap louis vuitton speedy handbag.com
N	RQ	1	3360425565	at 6
N	RQ	1	3360425565	quotation specialist engineer drawings
N	RQ	1	3360425565	challenge xtreme 111 piece mechanics tool kit
N	RQ	1	3360425565	uav commercial crew stations
N	RQ	1	3360425565	da42 mpp microwave downlink bandwidth
N	RQ	1	3360425565	anti ice de ice qinetiq zephyr
N	RQ	4	3360425565	louis%20vuitton%20fashion%20valley%20phone%20number
N	RQ	1	3360425565	faa uas pilot certification
N	RQ	1	3360425565	any flying crews in gta
N	RQ	1	3360425565	aerospace drawing
N	RQ	1	3360425565	fiber glass molding job
N	RQ	1	3360425565	aircraft design consultant
N	RQ	1	3360425565	www.gt airplane.com
N	RQ	3	3360425565	gt in aeronotics
N	RQ	1	3360425565	tom rullman
N	RQ	1	3360425565	gt aeronautics simi valley ca
N	RQ	1	3360425565	drone base in simi valley
N	RQ	1	3360425565	fiberglass mold making techniques
N	RQ	1	3360425565	rpa instrument qualification faa instrument rating
N	RQ	1	3360425565	extreme bme
N	RQ	1	3360425565	uas faa maintenance
N	RQ	1	3360425565	louis vuitton neverfull
N	RQ	1	3360425565	fiberglass techniques
N	RQ	1	3360425565	aircraft companies in simi valley
N	RQ	1	3360425565	custom fiberglass moldings
N	RQ	11	3360425565	louis vuitton luggage cheap
N	RQ	1	3360425565	anything
N	RQ	1	3360425565	aeronautical engineering sketches
N	RQ	1	3360425565	gtaeronautics.com
N	RQ	1	3360425565	giant scale ziroli at 6
N	RQ	9	3360425565	outlet louis vuitton handbags
N	RQ	1	3360425565	cowling drawing
N	RQ	1	3360425565	mitsubishi zero
N	RQ	1	3360425565	powell wy gt aeronautics
N	RQ	2	3360425565	what is gt in basic engineering drawing
N	RQ	2	3360425565	composite molding
N	RQ	1	3360425565	aeronautics in simi valley and security work
N	RQ	3	3360425565	gt aeronautics llc jobs
N	RQ	1	3360425565	crew flight gta
N	RQ	1	3360425565	110cc engine timing
N	RQ	1	3360425565	aeronautical engineer quotes
N	RQ	2	3360425565	http://www.gtaeronautics.com/compnews.html
N	RQ	4	3360425565	wyoming flight engineers
N	RQ	1	3360425565	a t 6
N	RQ	1	3360425565	gt aeronautics unmanned air
N	RQ	1	3360425565	fia gt composite tooling
N	RQ	1	3360425565	uas pilot certification
N	RQ	1	3360425565	quotes on aeronautical engineers
N	RQ	1	3360425565	payload for diamond northrop twin engie aircraft
N	RQ	7	3360425565	content
N	RQ	1	3360425565	bme 110
N	RQ	1	3360425565	thomas w rullman gt aeronautics
N	RQ	1	3360425565	luggages for sale
N	RQ	2	3360425565	easylifeapp profile
N	RQ	2	3360425565	simi gt
N	RQ	1	3360425565	mq1 design fuel
N	RQ	1	3360425565	airplane as always cia america2009
N	RQ	1	3360425565	eengineer drawing home
N	RQ	1	3360425565	heavy equipment operator jobs
N	RQ	1	3360425565	aero space drone simi valley
N	RQ	1	3360425565	cheap louis vuitton luggage
N	RQ	1	3360425565	2 stroke electric onboard starter
N	RQ	1	3360425565	skyforce observer mk3
N	RQ	1	3360425565	simi valley unmanned aircraft
N	RQ	2	3360425565	granger whitelaw avia
N	RQ	1	3360425565	louis vuitton fashion valley neverfull
N	RQ	1	3360425565	louis vuitton job opportunities
N	RQ	1	3360425565	google.com
N	RQ	1	3360425565	uas operation training method
N	RQ	2	3360425565	wmaid.com explore gtaeronautics.com
N	RQ	1	3360425565	custum muffler 110cc
N	RQ	1	3360425565	glass manufacturing drawings
N	RQ	1	3360425565	electric motors x male uav x sale
N	RQ	1	3360425565	aerospacecompanies in simi valley
N	RQ	1	3360425565	fiberglass molding
N	RQ	2	3360425565	aeronautical technology inc
N	RQ	1	3360425565	taranis ucav
N	RQ	1	3360425565	vegas drone uav show december 2015
N	RQ	1	3360425565	uav companies in simi valley
N	RQ	1	3360425565	unmanned aircraft systems pilot training
N	RQ	2	3360425565	installerex facebook
N	RQ	3	3360425565	texan at6 photos
N	RQ	1	3360425565	aeronautic engineer
N	RQ	30	3360425565	designer handbags outlet sale
N	RQ	1	3360425565	rpas qulificationa traing with faa
N	RQ	1	3360425565	faa uav training
N	RQ	1	3360425565	uav companies simi valley
N	RQ	5	3360425565	louis vuitton purses outlet
N	RQ	1	3360425565	aeronautics
N	RQ	1	3360425565	cheap louis vuitton luggage outlet
N	RQ	1	3360425565	gt aeronautics tomas rullman
N	RQ	1	3360425565	tobbot
N	RQ	1	3360425565	radius tdw efi fuze
N	RQ	8	3360425565	manufacturing equipment store in simi valley
N	RQ	1	3360425565	aeronautic engineer quotes
N	RQ	1	3360425565	onbordstarter
N	RQ	1	3360425565	rotax amphibian unmanned china
N	RQ	1	3360425565	aeronautical engineering quotes
N	RQ	1	3360425565	drawing aircraft engineering
N	RQ	1	3360425565	gt aeronautics careers
N	RQ	1	3360425565	gt aeronautics bandito
N	RQ	1	3360425565	cody wy carbon fiber
N	RQ	7	2982684206	bme extreme
N	RQ	7	2982684206	aerospace engineering drawings
N	RQ	2	2425883834	fiberglass molding techniques
N	RQ	6	2425883834	manufacturing aeronautical prototypes
N	RQ	19	2425883834	louis vuitton luggage outlet
N	RQ	10	2425883834	louis vuitton fashion valley phone
N	RQ	97	2425883834	louis vuitton fashion valley phone number
N	RQ	2	2425883834	texan at 6
N	RQ	18	2425883834	louis vuitton fashion valley ca
N	RQ	14	1670401116	aeronautical engineering drawing
N	RQ	3	1491342103	bandito uav
N	RQ	3	1491342103	onboard starter
N	RQ	8	1113600744	at6 texan
N	RQ	25	914918398	http://www.gtaeronautics.com/
N	RQ	6	556800372	texan at6
N	RQ	5	556800372	bandito pglm
N	RQ	9	179059013	at 6 texan
B	*f	-40R	r
B	Rb	70236	2.898	Mozilla/5.0 (compatible; AhrefsBot/7.0;  http://ahrefs.com/robot/)
B	Rb	57595	1.116	Sogou web spider/4.0( http://www.sogou.com/docs/help/webmasters.htm#07)
B	Rb	52836	1.638	ZoominfoBot (zoominfobot at zoominfo dot com)
B	Rb	49156	0.000	Mozilla/5.0 (Windows NT 6.1; Win64; x64; rv:109.0) Gecko/20100101 Firefox/115.0
B	Rb	40898	4.266	Mozilla/5.0 (compatible; bingbot/2.0;  http://www.bing.com/bingbot.htm)
B	Rb	37880	1.266	Mozilla/5.0 (compatible; Googlebot/2.1;  http://www.google.com/bot.html)
B	Rb	16307	0.954	Mozilla/4.0 (compatible; MSIE 6.0; Windows NT 5.1; SV1)
B	Rb	15451	2.168	Mozilla/5.0 (Windows NT 6.3; WOW64) AppleWebKit/537.36 (KHTML, like Gecko) Chrome/33.0.1736.0 Safari/537.36
B	Rb	12964	1.355	Mozilla/5.0 (iPhone; CPU iPhone OS 7_0 like Mac OS X) AppleWebKit/537.51.1 (KHTML, like Gecko) Version/7.0 Mobile/11A465 Safari/9537.53 (compatible; bingbot/2.0;  http://www.bing.com/bingbot.htm)
B	Rb	12896	0.266	Googlebot-Image/1.0
B	Rb	12486	1.399	Mozilla/5.0 (compatible; YandexBot/3.0;  http://yandex.com/bots)
B	Rb	12120	0.000	Mozilla/5.0 (Windows NT 10.0; Win64; x64) AppleWebKit/537.36 (KHTML, like Gecko) Chrome/114.0.0.0 Safari/537.36
B	Rb	11288	0.333	Mozilla/5.0 (Macintosh; Intel Mac OS X 10_15_5) AppleWebKit/605.1.15 (KHTML, like Gecko) Version/13.1.1 Safari/605.1.15 (Applebot/0.1;  http://www.apple.com/go/applebot)
B	Rb	10921	0.689	Mozilla/5.0 (compatible; Baiduspider/2.0;  http://www.baidu.com/search/spider.html)
B	Rb	10308	0.616	Mozilla/5.0 (Windows NT 6.1; WOW64; Trident/7.0; rv:11.0) like Gecko
B	Rb	9648	0.435	Mozilla/5.0 AppleWebKit/537.36 (KHTML, like Gecko; compatible; bingbot/2.0;  http://www.bing.com/bingbot.htm) Chrome/103.0.5060.134 Safari/537.36
B	Rb	8061	0.886	Mozilla/4.0 (compatible; MSIE 7.0; Windows NT 5.1; .NET CLR 1.1.4322; .NET CLR 2.0.50727)
B	Rb	7632	0.067	Mozilla/5.0 (Windows NT 10.0; Win64; x64) AppleWebKit/537.36 (KHTML, like Gecko) Chrome/113.0.0.0 Safari/537.36
B	Rb	7492	0.408	Mozilla/5.0 (compatible; Yahoo! Slurp; http://help.yahoo.com/help/us/ysearch/slurp)
B	Rb	7478	0.000	Mozilla/5.0 (Windows NT 10.0; Win64; x64) AppleWebKit/537.36 (KHTML, like Gecko) Chrome/120.0.0.0 Safari/537.36
B	Rb	7194	0.000	Mozilla/5.0 (Windows NT 10.0; Win64; x64) AppleWebKit/537.36 (KHTML, like Gecko) Chrome/116.0.0.0 Safari/537.36
B	Rb	7181	0.200	Mozilla/4.0 (compatible;)
B	Rb	7141	0.210	Mozilla/4.0 (compatible; MSIE 6.0; Windows NT 5.1; SV1; .NET CLR 2.0.50727)
B	Rb	6482	0.307	Mozilla/4.0 (compatible; MSIE 6.0; Windows NT 5.1)
B	Rb	6460	0.190	Mozilla/5.0 (compatible; BLEXBot/1.0;  http://webmeup-crawler.com/)
B	Rb	6164	0.044	Mozilla/4.0 (compatible; MSIE 7.0; Windows NT 5.1; .NET CLR 1.1.4322; .NET CLR 2.0.50727; .NET CLR 3.0.4506.2152; .NET CLR 3.5.30729)
B	Rb	6152	0.345	Mozilla/4.0 (compatible; MSIE 7.0; Windows NT 6.1; WOW64; Trident/5.0; SLCC2; .NET CLR 2.0.50727; .NET CLR 3.5.30729; .NET CLR 3.0.30729; Media Center PC 6.0; .NET4.0C; .NET4.0E)
B	Rb	6079	0.224	Mozilla/5.0 (Windows NT 6.1; WOW64) AppleWebKit/537.36 (KHTML, like Gecko) Chrome/36.0.1985.143 Safari/537.36
B	Rb	5977	0.424	Mozilla/5.0 (Macintosh; Intel Mac OS X 10.11; rv:52.0) Gecko/20100101 Firefox/52.0
B	Rb	5934	0.000	Mozilla/5.0 (Windows NT 6.1; Win64; x64; rv:109.0) Gecko/20100101 Firefox/114.0
B	Rb	5848	0.260	Sosospider ( http://help.soso.com/webspider.htm)
B	Rb	5810	0.000	Mozilla/5.0 (Windows NT 10.0; Win64; x64) AppleWebKit/537.36 (KHTML, like Gecko) Chrome/119.0.0.0 Safari/537.36
B	Rb	5436	0.296	Mozilla/5.0 (Windows; U; Windows NT 5.1; en-US; rv:1.7.2) Gecko/20040804 Netscape/7.2 (ax)
B	Rb	5409	0.479	PRurl
B	Rb	5308	0.127	Mozilla/4.0 (compatible; MSIE 7.0; Windows NT 5.1; .NET CLR 1.1.4322; .NET CLR 2.0.50727; .NET CLR 3.0.04506.30)
B	Rb	5284	0.193	Mozilla/5.0 (Windows NT 6.1; WOW64; rv:14.0) Gecko/20100101 Firefox/13.0.1
B	Rb	5280	0.400	Mozilla/5.0 (Windows NT 5.1; rv:17.0) Gecko/20100101 Firefox/17.0
B	Rb	5279	0.315	Mozilla/4.0 (compatible; MSIE 7.0; Windows NT 5.1)
B	Rb	4917	0.118	Mozilla/5.0 (compatible; MSIE 9.0; Windows NT 6.1; WOW64; Trident/5.0)
B	Rb	4836	0.000	Mozilla/5.0 (Windows NT 6.1; Win64; x64; rv:109.0) Gecko/20100101 Firefox/113.0
B	Rb	1044559	75.107	[not listed: 22036]
b	*f	-15Q	s
b	lRQq	1	4581	4216473964	220.154	python-requests
b	lRQq	2	4563	676989386	35.347	python-requests/2
b	lRQq	2	6	2425883834	126.662	python-requests/0
b	lRQq	2	12	1113600744	58.144	python-requests/1
b	lRQq	1	5409	3360425571	175.457	PRurl
b	lRQq	1	1670	4076661617	212.854	Safari
b	lRQq	2	92	3917225937	204.529	Safari/18614
b	lRQq	2	2	3360425565	175.457	Safari/16612
b	lRQq	2	4	3360425565	175.457	Safari/17612
b	lRQq	2	19	3360425565	175.457	Safari/17614
b	lRQq	2	4	3360425565	175.457	Safari/15609
b	lRQq	2	1	3360425565	175.457	Safari/11601
b	lRQq	2	1	3360425565	175.457	Safari/10603
b	lRQq	2	2	3360425565	175.457	Safari/11604
b	lRQq	2	3	3360425565	175.457	Safari/16610
b	lRQq	2	12	3360425565	175.457	Safari/537
b	lRQq	2	2	2425883834	126.662	Safari/14606
b	lRQq	2	90	2425883834	126.662	Safari/19617
b	lRQq	2	20	2425883834	126.662	Safari/12604
b	lRQq	2	1172	2048142475	106.939	Safari/18615
b	lRQq	2	17	1491342103	77.867	Safari/17613
b	lRQq	2	7	1491342103	77.867	Safari/16614
b	lRQq	2	222	556800372	29.072	Safari/19616
b	lRQq	1	2007	4057038284	211.829	Konqueror
b	lRQq	2	51	3917225937	204.529	Konqueror/4
b	lRQq	2	2	3360425565	175.457	Konqueror/2
b	lRQq	2	1954	1074354078	56.095	Konqueror/3
b	lRQq	1	186	3917225937	204.529	Client
b	lRQq	2	18	3360425565	175.457	Client/35574
b	lRQq	2	12	3360425565	175.457	Client/33911
b	lRQq	2	42	3360425565	175.457	Client/34739
b	lRQq	2	66	3360425565	175.457	Client/36782
b	lRQq	2	48	3360425565	175.457	Client/35843
b	lRQq	1	232	3917225937	204.529	DomainCrawler
b	lRQq	2	134	3360425565	175.457	DomainCrawler/3
b	lRQq	2	15	2425883834	126.662	DomainCrawler/1
b	lRQq	2	83	2425883834	126.662	DomainCrawler/2
b	lRQq	1	16	3917225937	204.529	Windows-Media-Player
b	lRQq	2	1	3360425565	175.457	Windows-Media-Player/9
b	lRQq	2	4	3360425565	175.457	Windows-Media-Player/10
b	lRQq	2	11	1491342103	77.867	Windows-Media-Player/11
b	lRQq	1	27	3917225937	204.529	W3C_Validator
b	lRQq	2	27	3917225937	204.529	W3C_Validator/1
b	lRQq	1	204	3917225937	204.529	Dispatch
b	lRQq	2	204	3917225937	204.529	Dispatch/0
b	lRQq	1	16	3917225937	204.529	${${lower:${lower:jndi}}:${lower:rmi}:
b	lRQq	2	6	3360425565	175.457	${${lower:${lower:jndi}}:${lower:rmi}://188
b	lRQq	2	4	3360425565	175.457	${${lower:${lower:jndi}}:${lower:rmi}://144
b	lRQq	2	2	3360425565	175.457	${${lower:${lower:jndi}}:${lower:rmi}://167
b	lRQq	2	4	2425883834	126.662	${${lower:${lower:jndi}}:${lower:rmi}://51
b	lRQq	1	4235	3917225937	204.529	msnbot
b	lRQq	2	2837	2425883834	126.662	msnbot/2
b	lRQq	2	1397	2425883834	126.662	msnbot/1
b	lRQq	1	33	3718543591	194.155	WordPress
b	lRQq	2	1	2425883834	126.662	WordPress/6
b	lRQq	2	19	735859385	38.421	WordPress/4
b	lRQq	2	13	556800372	29.072	WordPress/3
b	lRQq	1	49	3718543591	194.155	UCWEB
b	lRQq	2	49	3718543591	194.155	UCWEB/2
b	lRQq	1	2	3539484578	184.806	() { :;}; 
b	lRQq	2	2	3539484578	184.806	() { :;}; /bin/bash
b	lRQq	1	968	3539484578	184.806	axios
b	lRQq	2	948	3917225937	204.529	axios/0
b	lRQq	2	20	3917225937	204.529	axios/1
b	lRQq	1	1606748	102578547	5.356	[not listed: 929]
p	*f	0Q	s
p	lR	1	785334	Windows
p	lR	2	340238	Unknown Windows
p	lR	2	179874	Windows NT
p	lR	2	248925	Windows XP
p	lR	2	2233	Windows 95
p	lR	2	408	Windows CE
p	lR	2	2367	Windows 98
p	lR	2	9475	Windows 2000
p	lR	2	384	Windows 3.1
p	lR	2	1430	Windows ME
p	lR	1	334565	OS unknown
p	lR	1	219068	Known robots
p	lR	1	126269	Unix
p	lR	2	123397	Linux
p	lR	2	22	SunOS
p	lR	2	60	BSD
p	lR	2	2787	Other Unix
p	lR	2	3	HP-UX
p	lR	1	161064	Macintosh
p	lR	2	156497	Unknown Macintosh
p	lR	2	1325	Macintosh 68k
p	lR	2	3242	Macintosh PowerPC
p	lR	1	16	WebTV
p	lR	1	13	BeOS
p	lR	1	47	OS/2
p	lR	1	7	Amiga
i	*f	0R	s
i	lRc	1	555005	0.000	/images/
i	lRc	1	845023	0.000	[root directory]
i	lRc	1	151801	0.000	/js/
i	lRc	1	78141	0.000	/css/
i	lRc	1	7276	0.000	/uploads/
i	lRc	1	865	0.000	/videos/
i	lRc	1	541	0.000	/client/
i	lRc	1	1	0.000	/cgi-bin/
i	lRc	1	254	0.000	/dev/
i	lRc	2	24	0.000	/dev/css/
i	lRc	2	46	0.000	/dev/js/
i	lRc	2	81	0.000	/dev/images/
i	lRc	1	1	0.000	/secure/
i	lRc	1	74	0.000	/stats/
r	*f	0.050000%S	s
r	lRSc	1	25309	71	0.000	/links.html
r	lRSc	1	32539	28	0.000	/compnews.html
r	lRSc	1	36352	27	0.000	/aboutus.html
r	lRSc	1	25450	24	0.000	/contactus.html
r	lRSc	1	19636	23	0.000	/indevents.html
r	lRSc	1	23030	19	0.000	/cct&m.html
r	lRSc	1	29875	17	0.000	/indnews.html
r	lRSc	2	141	0	0.000	/indnews.html?referer=www.clickfind.com.au/wp-login.php
r	lRSc	2	1	0	0.000	/indnews.html?referer=top1.co.pl
r	lRSc	2	1	0	0.000	/indnews.html?referer=www.clickfind.com.au//wp-content/themes/busybee/thumb.php?src=http://blogger.com.opontodaarte.com.br/java.php
r	lRSc	1	27543	17	0.000	/uasfc.html
r	lRSc	1	23560	16	0.000	/consultinga.html
r	lRSc	1	22424	16	0.000	/cfmt.html
r	lRSc	1	1456	15	0.000	/uploads/idrone-pressrelease-powell-version220119.pdf
r	lRSc	1	19425	15	0.000	/employment.html
r	lRSc	1	19896	15	0.000	/pna.html
r	lRSc	1	14572	15	0.000	/sru.html
r	lRSc	1	10713	14	0.000	/gt380+rpas.html
r	lRSc	1	6129	14	0.000	/gt100hl+rpas.html
r	lRSc	1	17594	12	0.000	/faq.html
r	lRSc	1	10607	12	0.000	/gt1500+rpas.html
r	lRSc	1	10093	10	0.000	/gt50t+rpas.html
r	lRSc	1	12568	7	0.000	/rd.html
r	lRSc	1	813	4	0.000	/uploads/big+horn+basin+drone+festival+event+schedule.pdf
r	lRSc	1	598	4	0.000	/uploads/2022wydronefestflyer+rev2.pdf
r	lRSc	1	784	3	0.000	/uploads/droneexpojan2022+(1).pdf
r	lRSc	1	707	2	0.000	/uploads/bighornbasindronefestivalflyer-v2-220110.pdf
r	lRSc	1	4265	1	0.000	/banditomav.html
r	lRSc	1	4471	1	0.000	/uavengines.html
r	lRSc	1	4231	1	0.000	/gtatexan.html
r	lRSc	1	3963	1	0.000	/bandituas.html
r	lRSc	1	1	0	0.000	/client/bandito timeline2007.html
r	lRSc	1	2	0	0.000	/client/bandit+timeline2004.html
r	lRSc	1	1	0	0.000	/stats/quick.html
r	lRSc	1	1	0	0.000	/404.htm
r	lRSc	1	12	0	0.000	/client/gta010707002.html
r	lRSc	1	72	0	0.000	/client/bandito+development.html
r	lRSc	1	135	0	0.000	/client/welcome.html
r	lRSc	1	3	0	0.000	/client/gta021305001.html
r	lRSc	1	1	0	0.000	/stats/browserrep.html
r	lRSc	1	741	0	0.000	/gt50t rpas.html
r	lRSc	1	5	0	0.000	/client/gta012405001.html
r	lRSc	1	2	0	0.000	/dev/contactus.html
r	lRSc	1	4	0	0.000	/stats/general.html
r	lRSc	1	1	0	0.000	/stats/dailyrep.html
r	lRSc	1	1	0	0.000	/dev/aboutus.html
r	lRSc	1	18	0	0.000	/client/tacamo+development.html
r	lRSc	1	1	0	0.000	/client/bandit development.html
r	lRSc	1	17	0	0.000	/client/bandit+timeline2008.html
r	lRSc	1	1	0	0.000	/client/bandito+timeline2005.html
r	lRSc	1	23	0	0.000	/client/projectbids.html
r	lRSc	1	1	0	0.000	/stats/host.html
r	lRSc	1	11	0	0.000	/client/rq2+outlaw.html
r	lRSc	1	1	0	0.000	/client/bandit timeline2008.html
r	lRSc	1	20	0	0.000	/client/clientpna.html
r	lRSc	1	15	0	0.000	/client/bandit.html
r	lRSc	1	2	0	0.000	/stats/default.asp
r	lRSc	1	21	0	0.000	/index.htm
r	lRSc	1	1	0	0.000	/cgi-bin/testms.pl
r	lRSc	1	987	0	0.000	/gtamt.html
r	lRSc	1	14	0	0.000	/client/rq1+bandit.html
r	lRSc	1	2253	0	0.000	/gt1500 rpas.html
r	lRSc	1	6	0	0.000	/client/gta021305002.html
r	lRSc	1	4	0	0.000	/client/gta121004001.html
r	lRSc	1	24	0	0.000	/client/tacamo.html
r	lRSc	1	30	0	0.000	/client/mgqgcyat.asp
r	lRSc	1	1	0	0.000	/dev/client.cgi
r	lRSc	1	18702	0	0.000	/default.asp
r	lRSc	1	1666	0	0.000	/gt380 rpas.html
r	lRSc	1	1	0	0.000	/client/bandito+timeline2006.html
r	lRSc	1	16	0	0.000	/client/rq3+bandito.html
r	lRSc	1	1	0	0.000	/dev/uasfc.html
r	lRSc	1	229	0	0.000	/client.cgi
r	lRSc	1	71	0	0.000	/client/bandit+development.html
r	lRSc	1	2	0	0.000	/client/bandito development.html
r	lRSc	1	2	0	0.000	/stats/yearly.html
r	lRSc	1	2	0	0.000	/stats/domain.html
r	lRSc	1	1	0	0.000	/stats/monthly.html
r	lRSc	1	2	0	0.000	/stats/weekly.html
r	lRSc	1	8	0	0.000	/client/gta010707001.html
r	lRSc	1	3749	0	0.000	/bidspridpass.html
r	lRSc	1	6356	0	0.000	/pridpass.html
r	lRSc	1	12	0	0.000	/client/bandito.html
r	lRSc	1	1	0	0.000	/dev/pna.html
r	lRSc	1	1	0	0.000	/client/tacamo development.html
r	lRSc	1	4	0	0.000	/stats/index.htm
r	lRSc	1	4	0	0.000	/stats/nav.html
r	lRSc	1	1	0	0.000	/stats/quarterly.html
r	lRSc	1	2	0	0.000	/stats/directory.html
r	lRSc	1	2	0	0.000	/stats/organisation.html
r	lRSc	1	8	0	0.000	/client/bandito+timeline2007.html
r	lRSc	1	7	0	0.000	/client/bandit+timeline2007.html
r	lRSc	1	1	0	0.000	/dev/pridpass.html
t	*f	0.100000%B	b
t	lRb	1	482161	43.756	.jpg  [JPEG graphics]
t	lRb	1	420538	26.229	.html [Hypertext Markup Language]
t	lRb	1	377683	18.517	[directories]
t	lRb	1	2918	5.242	.mp4
t	lRb	1	778	2.157	.wmv
t	lRb	1	87	2.118	.mpg  [MPEG movie]
t	lRb	1	18734	0.911	.asp  [Active Server REQUESTS]
t	lRb	1	72949	0.296	.gif  [GIF graphics]
t	lRb	1	151847	0.254	.js  [JavaScript code]
t	lRb	1	78157	0.225	.css  [Cascading Style Sheets]
t	lRb	1	4358	0.210	.pdf  [Adobe Portable Document Format]
t	lRb	1	28772	0.084	[not listed: 6]
z	*FR	2023	04	05	20	41
z	*LR	2023	05	09	10	03
z	ScR	0	0.000	84837	0
z	ScR	0	0.000	0	1b-  10b
z	ScR	0	0.000	0	11b- 100b
z	ScR	0	0.000	85122	101b-  1kb
z	ScR	0	0.000	509907	1kb- 10kb
z	ScR	0	0.000	352085	10kb-100kb
z	ScR	0	0.000	104639	100kb-  1Mb
z	ScR	0	0.000	4584	1Mb- 10Mb
z	ScR	0	0.000	55	10Mb-100Mb
z	ScR	0	0.000	13	100Mb-  1Gb
c	*FR	2014	03	02	13	52
c	*LR	2024	01	20	05	56
c	*f	0R	a
c	R	1534357	200 OK
c	R	8330	206 Partial content
c	R	171	301 Document moved permanently
c	R	77	302 Document found elsewhere
c	R	96295	304 Not modified since last retrieval
c	R	1048	400 Bad request
c	R	207	401 Authentication required
c	R	442	403 Access forbidden
c	R	604809	404 Document not found
c	R	2179	405 Method not allowed
c	R	874	406 Document not acceptable to client
c	R	141	416 Requested range not valid
c	R	624	500 Internal server error
c	R	128	501 Request type not supported
I	*FR	2007	12	11	00	52
I	*LR	2024	01	20	05	56
I	*f	-30S	s
I	lRS	1	147663	174	/robots.txt
I	lRS	1	7464	13	/ads.txt
I	lRS	1	4412	6	/xmlrpc.php
I	lRS	1	8470	6	/wp-login.php
I	lRS	1	245	5	/dropdown.php
I	lRS	1	2973	5	/.env
I	lRS	1	194	5	/wp-content/plugins/fix/up.php
I	lRS	1	548	4	/wp-admin/admin-ajax.php
I	lRS	1	1356	4	/wordpress/
I	lRS	1	159	4	/wp-head.php
I	lRS	1	72	4	/alfanew.php
I	lRS	1	158	4	/wp-admin/js/about.php
I	lRS	1	428	4	/fckeditor/editor/filemanager/connectors/asp/connector.asp
I	lRS	1	219	3	/.vscode/sftp.json
I	lRS	1	11	3	/cn/css/css_whir.css
I	lRS	1	234	3	/.well-known/
I	lRS	1	282	3	/about.php
I	lRS	1	1320	3	/videos/bandito+004+flt+8+clip+092508.wmv
I	lRS	1	19	3	/res/images/nopic.jpg
I	lRS	1	163	3	/wp-content/uploads/
I	lRS	1	1039	3	/admin.php
I	lRS	1	385	3	/wp-admin/install.php
I	lRS	1	11	3	/css/css_whir.css
I	lRS	1	203	3	/wp-admin/dropdown.php
I	lRS	1	347	3	/simple.php
I	lRS	1	68	2	/wp-content/plugins/install.php
I	lRS	1	19	2	/www.gz
I	lRS	1	16	2	/www.bak
I	lRS	1	54	2	/wsoyanz.php
I	lRS	1	54	2	/wp-admin/css/colors/blue/cloud.php
I	lRS	1	431737	1379	[not listed: 27026]
L	*FR	2007	12	11	00	52
L	*LR	2024	01	20	05	56
L	*f	-20S	s
L	RS	297	97	181.214.166.89
L	RS	74	64	45.138.16.202
L	RS	80	40	1.63.41.3
L	RS	80	40	1.63.40.251
L	RS	78	39	1.63.40.234
L	RS	74	37	1.63.40.236
L	RS	72	36	1.63.40.255
L	RS	68	34	1.63.40.249
L	RS	66	33	1.63.40.231
L	RS	192	32	91.92.253.121
L	RS	64	32	1.63.40.235
L	RS	64	32	1.63.40.230
L	RS	64	32	1.63.40.225
L	RS	62	31	60.14.231.127
L	RS	62	31	1.63.40.252
L	RS	60	30	1.63.40.250
L	RS	60	30	1.63.40.247
L	RS	60	30	1.63.40.241
L	RS	60	30	1.63.40.229
L	RS	58	29	1.63.40.222
L	RS	608757	904	[not listed: 84569]
K	*FR	2013	12	22	04	20
K	*LR	2024	01	19	06	05
K	*f	-30S	s
K	lRS	1	123	4	http://gtaeronautics.com/FCKeditor/editor/filemanager/connectors/asp/connector.asp
K	lRS	1	365	2	https://www.google.com/
K	lRS	1	4	1	http://www.gtaeronautics.com/contactus.html
K	lRS	1	1841	1	http://gtaeronautics.com/
K	lRS	1	4	1	http://shop.rawpp.com/pics/
K	lRS	1	65024	0	[not listed: 5933]
E	*FR	2008	01	06	10	12
E	*LR	2024	01	10	15	24
E	*f	-30S	s
E	lSR	1	0	248	[not listed: 7]
l	*FR	2008	01	06	10	12
l	*LR	2024	01	10	15	24
l	*f	-20S	s
l	SR	0	248	[not listed: 115]
v	*f	-20B	b
v	Rb	981567	65.103	64.41.87.40
v	Rb	657415	34.897	66.113.131.59
R	*FR	2008	01	06	10	12
R	*LR	2024	01	10	15	24
R	*f	-20R	r
R	R	178	66.113.131.59
R	R	70	64.41.87.40
M	*FR	2007	12	11	00	52
M	*LR	2024	01	20	05	56
M	*f	-20R	r
M	R	307846	64.41.87.40
M	R	302606	66.113.131.59
J	*FR	2007	12	11	00	53
J	*LR	2017	03	17	18	30
J	*f	-20R	r
J	R	9	gtaeronautics
J	R	5	lorrigkj
J	R	1	rullma2063
J	R	1	administrator
J	R	1	satish
J	R	1	nnnnn
P	*FR	2023	11	08	09	11
P	*LR	2024	01	20	05	13
P	R	212	0
P	R	84	<= 0.01
P	R	2063	0.01-0.02
P	R	115820	0.02-0.05
P	R	163302	0.05-0.1 
P	R	218408	0.1 -0.2 
P	R	222170	0.2 -0.5 
P	R	112114	0.5 -1   
P	R	61944	1-  2 
P	R	27172	2-  5 
P	R	11993	5- 10 
P	R	5629	10- 20 
P	R	22581	20- 60 
P	R	3361	60-120 
P	R	14664	120-300 
