x	VE	analog 5.24
x	HN	gtaeronautics.com
x	PS	2021	11	21	05	49
x	FR	2007	12	18	17	05
x	LR	2021	11	19	23	43
x	E7	2021	11	21	05	49
x	SR	1000525
x	S7	1630
x	NC	395883
x	C7	0
x	FL	410658
x	F7	339
x	RR	183
x	R7	0
x	NH	88470
x	H7	345
x	BT	38821947972
x	B7	186280041
1	Rr	88778	8.873	2021
1	Rr	89380	8.933	2020
1	Rr	80088	8.005	2019
1	Rr	68927	6.889	2018
1	Rr	60168	6.014	2017
1	Rr	73316	7.328	2016
1	Rr	80796	8.075	2015
1	Rr	110773	11.071	2014
1	Rr	65173	6.514	2013
1	Rr	60742	6.071	2012
1	Rr	57015	5.699	2011
1	Rr	22139	2.213	2010
1	Rr	69710	6.967	2009
1	Rr	71820	7.178	2008
1	Rr	1700	0.170	2007
1	*BT	R	110773	2014
Q	Rr	11015	1.101	2021	4
Q	Rr	26826	2.681	2021	3
Q	Rr	30675	3.066	2021	2
Q	Rr	20262	2.025	2021	1
Q	Rr	22199	2.219	2020	4
Q	Rr	23882	2.387	2020	3
Q	Rr	21656	2.164	2020	2
Q	Rr	21643	2.163	2020	1
Q	Rr	19098	1.909	2019	4
Q	Rr	19668	1.966	2019	3
Q	Rr	19827	1.982	2019	2
Q	Rr	21495	2.148	2019	1
Q	Rr	18129	1.812	2018	4
Q	Rr	17138	1.713	2018	3
Q	Rr	16928	1.692	2018	2
Q	Rr	16732	1.672	2018	1
Q	Rr	15937	1.593	2017	4
Q	Rr	0	0.000	2017	3
Q	Rr	16831	1.682	2017	2
Q	Rr	27400	2.739	2017	1
Q	Rr	22114	2.210	2016	4
Q	Rr	17621	1.761	2016	3
Q	Rr	15878	1.587	2016	2
Q	Rr	17703	1.769	2016	1
Q	Rr	16575	1.657	2015	4
Q	Rr	22104	2.209	2015	3
Q	Rr	22485	2.247	2015	2
Q	Rr	19632	1.962	2015	1
Q	Rr	21142	2.113	2014	4
Q	Rr	22272	2.226	2014	3
Q	Rr	31453	3.144	2014	2
Q	Rr	35906	3.589	2014	1
Q	Rr	16436	1.643	2013	4
Q	Rr	15216	1.521	2013	3
Q	Rr	16545	1.654	2013	2
Q	Rr	16976	1.697	2013	1
Q	Rr	16578	1.657	2012	4
Q	Rr	12511	1.250	2012	3
Q	Rr	15816	1.581	2012	2
Q	Rr	15837	1.583	2012	1
Q	Rr	15444	1.544	2011	4
Q	Rr	17386	1.738	2011	3
Q	Rr	9395	0.939	2011	2
Q	Rr	14790	1.478	2011	1
Q	Rr	1603	0.160	2010	4
Q	Rr	0	0.000	2010	3
Q	Rr	14047	1.404	2010	2
Q	Rr	6489	0.649	2010	1
Q	Rr	16350	1.634	2009	4
Q	Rr	18220	1.821	2009	3
Q	Rr	17115	1.711	2009	2
Q	Rr	18025	1.802	2009	1
Q	Rr	15905	1.590	2008	4
Q	Rr	15660	1.565	2008	3
Q	Rr	22448	2.244	2008	2
Q	Rr	17807	1.780	2008	1
Q	Rr	1700	0.170	2007	4
Q	*BT	R	35906	2014	1
m	Rr	4625	0.462	2021	11
m	Rr	6390	0.639	2021	10
m	Rr	6059	0.606	2021	09
m	Rr	9092	0.909	2021	08
m	Rr	11675	1.167	2021	07
m	Rr	10152	1.015	2021	06
m	Rr	10231	1.023	2021	05
m	Rr	10292	1.029	2021	04
m	Rr	7948	0.794	2021	03
m	Rr	5800	0.580	2021	02
m	Rr	6514	0.651	2021	01
m	Rr	8069	0.806	2020	12
m	Rr	6579	0.658	2020	11
m	Rr	7551	0.755	2020	10
m	Rr	8028	0.802	2020	09
m	Rr	7741	0.774	2020	08
m	Rr	8113	0.811	2020	07
m	Rr	7317	0.731	2020	06
m	Rr	6898	0.689	2020	05
m	Rr	7441	0.744	2020	04
m	Rr	7524	0.752	2020	03
m	Rr	7322	0.732	2020	02
m	Rr	6797	0.679	2020	01
m	Rr	6573	0.657	2019	12
m	Rr	5917	0.591	2019	11
m	Rr	6608	0.660	2019	10
m	Rr	6791	0.679	2019	09
m	Rr	6597	0.659	2019	08
m	Rr	6280	0.628	2019	07
m	Rr	6317	0.631	2019	06
m	Rr	6847	0.684	2019	05
m	Rr	6663	0.666	2019	04
m	Rr	7059	0.706	2019	03
m	Rr	6374	0.637	2019	02
m	Rr	8062	0.806	2019	01
m	Rr	6957	0.695	2018	12
m	Rr	5422	0.542	2018	11
m	Rr	5750	0.575	2018	10
m	Rr	5458	0.546	2018	09
m	Rr	5735	0.573	2018	08
m	Rr	5945	0.594	2018	07
m	Rr	7110	0.711	2018	06
m	Rr	6440	0.644	2018	05
m	Rr	3378	0.338	2018	04
m	Rr	5789	0.579	2018	03
m	Rr	5369	0.537	2018	02
m	Rr	5574	0.557	2018	01
m	Rr	3906	0.390	2017	12
m	Rr	6533	0.653	2017	11
m	Rr	5498	0.550	2017	10
m	Rr	0	0.000	2017	09
m	Rr	0	0.000	2017	08
m	Rr	0	0.000	2017	07
m	Rr	0	0.000	2017	06
m	Rr	6832	0.683	2017	05
m	Rr	9999	0.999	2017	04
m	Rr	11887	1.188	2017	03
m	Rr	7941	0.794	2017	02
m	Rr	7572	0.757	2017	01
m	Rr	9483	0.948	2016	12
m	Rr	7121	0.712	2016	11
m	Rr	5510	0.551	2016	10
m	Rr	6288	0.628	2016	09
m	Rr	5888	0.588	2016	08
m	Rr	5445	0.544	2016	07
m	Rr	5042	0.504	2016	06
m	Rr	5495	0.549	2016	05
m	Rr	5341	0.534	2016	04
m	Rr	5558	0.556	2016	03
m	Rr	5548	0.555	2016	02
m	Rr	6597	0.659	2016	01
m	Rr	5574	0.557	2015	12
m	Rr	5330	0.533	2015	11
m	Rr	5671	0.567	2015	10
m	Rr	6196	0.619	2015	09
m	Rr	6788	0.678	2015	08
m	Rr	9120	0.912	2015	07
m	Rr	7156	0.715	2015	06
m	Rr	5694	0.569	2015	05
m	Rr	9635	0.963	2015	04
m	Rr	6215	0.621	2015	03
m	Rr	6084	0.608	2015	02
m	Rr	7333	0.733	2015	01
m	Rr	6608	0.660	2014	12
m	Rr	6997	0.699	2014	11
m	Rr	7537	0.753	2014	10
m	Rr	7043	0.704	2014	09
m	Rr	7324	0.732	2014	08
m	Rr	7905	0.790	2014	07
m	Rr	11654	1.165	2014	06
m	Rr	9211	0.921	2014	05
m	Rr	10588	1.058	2014	04
m	Rr	7817	0.781	2014	03
m	Rr	15229	1.522	2014	02
m	Rr	12860	1.285	2014	01
m	Rr	5325	0.532	2013	12
m	Rr	5513	0.551	2013	11
m	Rr	5598	0.560	2013	10
m	Rr	4655	0.465	2013	09
m	Rr	4938	0.494	2013	08
m	Rr	5623	0.562	2013	07
m	Rr	5492	0.549	2013	06
m	Rr	5211	0.521	2013	05
m	Rr	5842	0.584	2013	04
m	Rr	6068	0.606	2013	03
m	Rr	5055	0.505	2013	02
m	Rr	5853	0.585	2013	01
m	Rr	5688	0.569	2012	12
m	Rr	5477	0.547	2012	11
m	Rr	5413	0.541	2012	10
m	Rr	4331	0.433	2012	09
m	Rr	3866	0.386	2012	08
m	Rr	4314	0.431	2012	07
m	Rr	4655	0.465	2012	06
m	Rr	6047	0.604	2012	05
m	Rr	5114	0.511	2012	04
m	Rr	6128	0.612	2012	03
m	Rr	5430	0.543	2012	02
m	Rr	4279	0.428	2012	01
m	Rr	5548	0.555	2011	12
m	Rr	4779	0.478	2011	11
m	Rr	5117	0.511	2011	10
m	Rr	5431	0.543	2011	09
m	Rr	6256	0.625	2011	08
m	Rr	5699	0.570	2011	07
m	Rr	5420	0.542	2011	06
m	Rr	3975	0.397	2011	05
m	Rr	0	0.000	2011	04
m	Rr	3608	0.361	2011	03
m	Rr	5171	0.517	2011	02
m	Rr	6011	0.601	2011	01
m	Rr	1603	0.160	2010	12
m	Rr	0	0.000	2010	11
m	Rr	0	0.000	2010	10
m	Rr	0	0.000	2010	09
m	Rr	0	0.000	2010	08
m	Rr	0	0.000	2010	07
m	Rr	4101	0.410	2010	06
m	Rr	5018	0.502	2010	05
m	Rr	4928	0.493	2010	04
m	Rr	5095	0.509	2010	03
m	Rr	1394	0.139	2010	02
m	Rr	0	0.000	2010	01
m	Rr	4665	0.466	2009	12
m	Rr	6187	0.618	2009	11
m	Rr	5498	0.550	2009	10
m	Rr	5066	0.506	2009	09
m	Rr	5718	0.571	2009	08
m	Rr	7436	0.743	2009	07
m	Rr	5685	0.568	2009	06
m	Rr	6120	0.612	2009	05
m	Rr	5310	0.531	2009	04
m	Rr	5515	0.551	2009	03
m	Rr	6123	0.612	2009	02
m	Rr	6387	0.638	2009	01
m	Rr	5763	0.576	2008	12
m	Rr	5420	0.542	2008	11
m	Rr	4722	0.472	2008	10
m	Rr	5435	0.543	2008	09
m	Rr	4843	0.484	2008	08
m	Rr	5382	0.538	2008	07
m	Rr	6082	0.608	2008	06
m	Rr	9946	0.994	2008	05
m	Rr	6420	0.642	2008	04
m	Rr	5431	0.543	2008	03
m	Rr	6469	0.647	2008	02
m	Rr	5907	0.590	2008	01
m	Rr	1700	0.170	2007	12
m	*BT	R	15229	2014	02
W	Rr	1673	0.167	2021	11	14
W	Rr	1625	0.162	2021	11	07
W	Rr	1523	0.152	2021	10	31
W	Rr	1562	0.156	2021	10	24
W	Rr	1474	0.147	2021	10	17
W	Rr	1349	0.135	2021	10	10
W	Rr	1615	0.161	2021	10	03
W	Rr	1598	0.160	2021	09	26
W	Rr	1646	0.165	2021	09	19
W	Rr	1203	0.120	2021	09	12
W	Rr	1106	0.111	2021	09	05
W	Rr	1383	0.138	2021	08	29
W	Rr	1685	0.168	2021	08	22
W	Rr	2071	0.207	2021	08	15
W	Rr	2279	0.228	2021	08	08
W	Rr	2374	0.237	2021	08	01
W	Rr	2543	0.254	2021	07	25
W	Rr	2843	0.284	2021	07	18
W	Rr	2777	0.278	2021	07	11
W	Rr	2756	0.275	2021	07	04
W	Rr	2524	0.252	2021	06	27
W	Rr	2466	0.246	2021	06	20
W	Rr	2262	0.226	2021	06	13
W	Rr	2264	0.226	2021	06	06
W	Rr	2101	0.210	2021	05	30
W	Rr	3009	0.301	2021	05	23
W	Rr	1989	0.199	2021	05	16
W	Rr	2386	0.238	2021	05	09
W	Rr	2138	0.214	2021	05	02
W	Rr	1668	0.167	2021	04	25
W	Rr	2413	0.241	2021	04	18
W	Rr	3035	0.303	2021	04	11
W	Rr	2709	0.271	2021	04	04
W	Rr	1942	0.194	2021	03	28
W	Rr	1666	0.167	2021	03	21
W	Rr	1476	0.148	2021	03	14
W	Rr	1713	0.171	2021	03	07
W	Rr	1777	0.178	2021	02	28
W	Rr	1173	0.117	2021	02	21
W	Rr	1101	0.110	2021	02	14
W	Rr	1699	0.170	2021	02	07
W	Rr	1867	0.187	2021	01	31
W	Rr	1404	0.140	2021	01	24
W	Rr	1564	0.156	2021	01	17
W	Rr	1431	0.143	2021	01	10
W	Rr	1666	0.167	2021	01	03
W	Rr	1926	0.192	2020	12	27
W	Rr	1572	0.157	2020	12	20
W	Rr	1404	0.140	2020	12	13
W	Rr	2272	0.227	2020	12	06
W	Rr	1522	0.152	2020	11	29
W	Rr	1722	0.172	2020	11	22
W	Rr	1580	0.158	2020	11	15
W	Rr	1401	0.140	2020	11	08
W	Rr	1499	0.150	2020	11	01
W	Rr	1470	0.147	2020	10	25
W	Rr	2379	0.238	2020	10	18
W	Rr	1559	0.156	2020	10	11
W	Rr	1729	0.173	2020	10	04
W	Rr	1674	0.167	2020	09	27
W	Rr	1786	0.179	2020	09	20
W	Rr	2200	0.220	2020	09	13
W	Rr	1677	0.168	2020	09	06
W	Rr	1596	0.160	2020	08	30
W	Rr	1833	0.183	2020	08	23
W	Rr	1814	0.181	2020	08	16
W	Rr	2206	0.220	2020	08	09
W	Rr	1397	0.140	2020	08	02
W	Rr	1816	0.182	2020	07	26
W	Rr	1949	0.195	2020	07	19
W	Rr	1532	0.153	2020	07	12
W	Rr	1976	0.197	2020	07	05
W	Rr	1600	0.160	2020	06	28
W	Rr	1627	0.163	2020	06	21
W	Rr	2101	0.210	2020	06	14
W	Rr	1590	0.159	2020	06	07
W	Rr	1492	0.149	2020	05	31
W	Rr	1556	0.156	2020	05	24
W	Rr	1756	0.176	2020	05	17
W	Rr	1568	0.157	2020	05	10
W	Rr	1567	0.157	2020	05	03
W	Rr	1734	0.173	2020	04	26
W	Rr	1675	0.167	2020	04	19
W	Rr	1702	0.170	2020	04	12
W	Rr	1965	0.196	2020	04	05
W	Rr	1329	0.133	2020	03	29
W	Rr	1818	0.182	2020	03	22
W	Rr	1345	0.134	2020	03	15
W	Rr	1581	0.158	2020	03	08
W	Rr	2014	0.201	2020	03	01
W	Rr	1942	0.194	2020	02	23
W	Rr	1748	0.175	2020	02	16
W	Rr	1949	0.195	2020	02	09
W	Rr	1683	0.168	2020	02	02
W	Rr	1436	0.144	2020	01	26
W	Rr	1792	0.179	2020	01	19
W	Rr	1519	0.152	2020	01	12
W	Rr	1420	0.142	2020	01	05
W	Rr	1109	0.111	2019	12	29
W	Rr	1023	0.102	2019	12	22
W	Rr	1584	0.158	2019	12	15
W	Rr	1783	0.178	2019	12	08
W	Rr	1704	0.170	2019	12	01
W	Rr	1178	0.118	2019	11	24
W	Rr	1697	0.170	2019	11	17
W	Rr	1510	0.151	2019	11	10
W	Rr	1383	0.138	2019	11	03
W	Rr	1309	0.131	2019	10	27
W	Rr	1473	0.147	2019	10	20
W	Rr	1519	0.152	2019	10	13
W	Rr	1485	0.148	2019	10	06
W	Rr	1416	0.142	2019	09	29
W	Rr	1499	0.150	2019	09	22
W	Rr	1652	0.165	2019	09	15
W	Rr	1710	0.171	2019	09	08
W	Rr	1485	0.148	2019	09	01
W	Rr	1689	0.169	2019	08	25
W	Rr	1315	0.131	2019	08	18
W	Rr	1619	0.162	2019	08	11
W	Rr	1558	0.156	2019	08	04
W	Rr	1360	0.136	2019	07	28
W	Rr	1191	0.119	2019	07	21
W	Rr	1730	0.173	2019	07	14
W	Rr	1299	0.130	2019	07	07
W	Rr	1339	0.134	2019	06	30
W	Rr	1592	0.159	2019	06	23
W	Rr	1497	0.150	2019	06	16
W	Rr	1450	0.145	2019	06	09
W	Rr	1555	0.155	2019	06	02
W	Rr	1289	0.129	2019	05	26
W	Rr	1863	0.186	2019	05	19
W	Rr	1385	0.138	2019	05	12
W	Rr	1553	0.155	2019	05	05
W	Rr	1655	0.165	2019	04	28
W	Rr	1282	0.128	2019	04	21
W	Rr	1503	0.150	2019	04	14
W	Rr	1623	0.162	2019	04	07
W	Rr	1715	0.171	2019	03	31
W	Rr	1882	0.188	2019	03	24
W	Rr	1464	0.146	2019	03	17
W	Rr	1381	0.138	2019	03	10
W	Rr	1627	0.163	2019	03	03
W	Rr	1773	0.177	2019	02	24
W	Rr	1669	0.167	2019	02	17
W	Rr	1483	0.148	2019	02	10
W	Rr	1391	0.139	2019	02	03
W	Rr	1797	0.180	2019	01	27
W	Rr	1963	0.196	2019	01	20
W	Rr	2029	0.203	2019	01	13
W	Rr	1696	0.170	2019	01	06
W	Rr	1526	0.153	2018	12	30
W	Rr	1226	0.123	2018	12	23
W	Rr	1442	0.144	2018	12	16
W	Rr	1936	0.193	2018	12	09
W	Rr	1809	0.181	2018	12	02
W	Rr	1295	0.129	2018	11	25
W	Rr	1820	0.182	2018	11	18
W	Rr	1802	0.180	2018	11	11
W	Rr	0	0.000	2018	11	04
W	Rr	1473	0.147	2018	10	28
W	Rr	1106	0.111	2018	10	21
W	Rr	1427	0.143	2018	10	14
W	Rr	1214	0.121	2018	10	07
W	Rr	1168	0.117	2018	09	30
W	Rr	1420	0.142	2018	09	23
W	Rr	1197	0.120	2018	09	16
W	Rr	1388	0.139	2018	09	09
W	Rr	1320	0.132	2018	09	02
W	Rr	1246	0.125	2018	08	26
W	Rr	1214	0.121	2018	08	19
W	Rr	1366	0.137	2018	08	12
W	Rr	1195	0.119	2018	08	05
W	Rr	1346	0.135	2018	07	29
W	Rr	1374	0.137	2018	07	22
W	Rr	1508	0.151	2018	07	15
W	Rr	1522	0.152	2018	07	08
W	Rr	909	0.091	2018	07	01
W	Rr	1444	0.144	2018	06	24
W	Rr	2682	0.268	2018	06	17
W	Rr	1365	0.136	2018	06	10
W	Rr	1329	0.133	2018	06	03
W	Rr	1275	0.127	2018	05	27
W	Rr	1392	0.139	2018	05	20
W	Rr	1321	0.132	2018	05	13
W	Rr	1527	0.153	2018	05	06
W	Rr	1517	0.152	2018	04	29
W	Rr	0	0.000	2018	04	22
W	Rr	1364	0.136	2018	04	15
W	Rr	1712	0.171	2018	04	08
W	Rr	0	0.000	2018	04	01
W	Rr	1543	0.154	2018	03	25
W	Rr	1342	0.134	2018	03	18
W	Rr	2429	0.243	2018	03	11
W	Rr	0	0.000	2018	03	04
W	Rr	1366	0.137	2018	02	25
W	Rr	1308	0.131	2018	02	18
W	Rr	1439	0.144	2018	02	11
W	Rr	1731	0.173	2018	02	04
W	Rr	0	0.000	2018	01	28
W	Rr	1434	0.143	2018	01	21
W	Rr	1578	0.158	2018	01	14
W	Rr	1471	0.147	2018	01	07
W	Rr	1246	0.125	2017	12	31
W	Rr	1033	0.103	2017	12	24
W	Rr	1103	0.110	2017	12	17
W	Rr	1406	0.141	2017	12	10
W	Rr	0	0.000	2017	12	03
W	Rr	1335	0.133	2017	11	26
W	Rr	1427	0.143	2017	11	19
W	Rr	1662	0.166	2017	11	12
W	Rr	1414	0.141	2017	11	05
W	Rr	1349	0.135	2017	10	29
W	Rr	1208	0.121	2017	10	22
W	Rr	2013	0.201	2017	10	15
W	Rr	1832	0.183	2017	10	08
W	Rr	0	0.000	2017	10	01
W	Rr	0	0.000	2017	09	24
W	Rr	0	0.000	2017	09	17
W	Rr	0	0.000	2017	09	10
W	Rr	0	0.000	2017	09	03
W	Rr	0	0.000	2017	08	27
W	Rr	0	0.000	2017	08	20
W	Rr	0	0.000	2017	08	13
W	Rr	0	0.000	2017	08	06
W	Rr	0	0.000	2017	07	30
W	Rr	0	0.000	2017	07	23
W	Rr	0	0.000	2017	07	16
W	Rr	0	0.000	2017	07	09
W	Rr	0	0.000	2017	07	02
W	Rr	0	0.000	2017	06	25
W	Rr	0	0.000	2017	06	18
W	Rr	0	0.000	2017	06	11
W	Rr	0	0.000	2017	06	04
W	Rr	25	0.002	2017	05	28
W	Rr	1838	0.184	2017	05	21
W	Rr	1915	0.191	2017	05	14
W	Rr	1676	0.168	2017	05	07
W	Rr	1677	0.168	2017	04	30
W	Rr	2071	0.207	2017	04	23
W	Rr	1978	0.198	2017	04	16
W	Rr	1874	0.187	2017	04	09
W	Rr	3435	0.343	2017	04	02
W	Rr	2619	0.262	2017	03	26
W	Rr	2633	0.263	2017	03	19
W	Rr	2413	0.241	2017	03	12
W	Rr	3092	0.309	2017	03	05
W	Rr	2295	0.229	2017	02	26
W	Rr	2204	0.220	2017	02	19
W	Rr	1869	0.187	2017	02	12
W	Rr	1973	0.197	2017	02	05
W	Rr	1783	0.178	2017	01	29
W	Rr	1768	0.177	2017	01	22
W	Rr	1585	0.158	2017	01	15
W	Rr	1768	0.177	2017	01	08
W	Rr	1740	0.174	2017	01	01
W	Rr	1549	0.155	2016	12	25
W	Rr	2202	0.220	2016	12	18
W	Rr	1812	0.181	2016	12	11
W	Rr	2648	0.265	2016	12	04
W	Rr	2236	0.223	2016	11	27
W	Rr	1321	0.132	2016	11	20
W	Rr	1996	0.199	2016	11	13
W	Rr	1716	0.172	2016	11	06
W	Rr	1564	0.156	2016	10	30
W	Rr	1362	0.136	2016	10	23
W	Rr	1707	0.171	2016	10	16
W	Rr	1696	0.170	2016	10	09
W	Rr	36	0.004	2016	10	02
W	Rr	2002	0.200	2016	09	25
W	Rr	1399	0.140	2016	09	18
W	Rr	1199	0.120	2016	09	11
W	Rr	1326	0.133	2016	09	04
W	Rr	1316	0.132	2016	08	28
W	Rr	1257	0.126	2016	08	21
W	Rr	1208	0.121	2016	08	14
W	Rr	1602	0.160	2016	08	07
W	Rr	1319	0.132	2016	07	31
W	Rr	1796	0.180	2016	07	24
W	Rr	1171	0.117	2016	07	17
W	Rr	1167	0.117	2016	07	10
W	Rr	917	0.092	2016	07	03
W	Rr	920	0.092	2016	06	26
W	Rr	1179	0.118	2016	06	19
W	Rr	1288	0.129	2016	06	12
W	Rr	1237	0.124	2016	06	05
W	Rr	1263	0.126	2016	05	29
W	Rr	1338	0.134	2016	05	22
W	Rr	1184	0.118	2016	05	15
W	Rr	1365	0.136	2016	05	08
W	Rr	974	0.097	2016	05	01
W	Rr	1311	0.131	2016	04	24
W	Rr	1127	0.113	2016	04	17
W	Rr	1248	0.125	2016	04	10
W	Rr	1451	0.145	2016	04	03
W	Rr	987	0.099	2016	03	27
W	Rr	1233	0.123	2016	03	20
W	Rr	1347	0.135	2016	03	13
W	Rr	1347	0.135	2016	03	06
W	Rr	1236	0.124	2016	02	28
W	Rr	1422	0.142	2016	02	21
W	Rr	1085	0.108	2016	02	14
W	Rr	1427	0.143	2016	02	07
W	Rr	1359	0.136	2016	01	31
W	Rr	1708	0.171	2016	01	24
W	Rr	1476	0.148	2016	01	17
W	Rr	1563	0.156	2016	01	10
W	Rr	1381	0.138	2016	01	03
W	Rr	1273	0.127	2015	12	27
W	Rr	1084	0.108	2015	12	20
W	Rr	1344	0.134	2015	12	13
W	Rr	1336	0.134	2015	12	06
W	Rr	1123	0.112	2015	11	29
W	Rr	960	0.096	2015	11	22
W	Rr	1337	0.134	2015	11	15
W	Rr	1400	0.140	2015	11	08
W	Rr	1383	0.138	2015	11	01
W	Rr	1250	0.125	2015	10	25
W	Rr	1366	0.137	2015	10	18
W	Rr	1367	0.137	2015	10	11
W	Rr	1214	0.121	2015	10	04
W	Rr	1152	0.115	2015	09	27
W	Rr	1387	0.139	2015	09	20
W	Rr	1655	0.165	2015	09	13
W	Rr	1526	0.153	2015	09	06
W	Rr	1242	0.124	2015	08	30
W	Rr	1800	0.180	2015	08	23
W	Rr	1527	0.153	2015	08	16
W	Rr	1386	0.139	2015	08	09
W	Rr	1593	0.159	2015	08	02
W	Rr	1567	0.157	2015	07	26
W	Rr	1980	0.198	2015	07	19
W	Rr	2180	0.218	2015	07	12
W	Rr	2008	0.201	2015	07	05
W	Rr	2297	0.230	2015	06	28
W	Rr	1556	0.156	2015	06	21
W	Rr	1380	0.138	2015	06	14
W	Rr	2013	0.201	2015	06	07
W	Rr	1651	0.165	2015	05	31
W	Rr	1224	0.122	2015	05	24
W	Rr	1355	0.135	2015	05	17
W	Rr	1179	0.118	2015	05	10
W	Rr	1436	0.144	2015	05	03
W	Rr	1671	0.167	2015	04	26
W	Rr	1878	0.188	2015	04	19
W	Rr	2326	0.232	2015	04	12
W	Rr	2636	0.263	2015	04	05
W	Rr	2297	0.230	2015	03	29
W	Rr	1237	0.124	2015	03	22
W	Rr	1453	0.145	2015	03	15
W	Rr	1399	0.140	2015	03	08
W	Rr	1287	0.129	2015	03	01
W	Rr	1249	0.125	2015	02	22
W	Rr	1373	0.137	2015	02	15
W	Rr	1790	0.179	2015	02	08
W	Rr	1672	0.167	2015	02	01
W	Rr	1543	0.154	2015	01	25
W	Rr	1463	0.146	2015	01	18
W	Rr	1696	0.170	2015	01	11
W	Rr	1707	0.171	2015	01	04
W	Rr	1833	0.183	2014	12	28
W	Rr	1335	0.133	2014	12	21
W	Rr	1644	0.164	2014	12	14
W	Rr	1541	0.154	2014	12	07
W	Rr	1335	0.133	2014	11	30
W	Rr	1262	0.126	2014	11	23
W	Rr	2009	0.201	2014	11	16
W	Rr	1566	0.157	2014	11	09
W	Rr	1814	0.181	2014	11	02
W	Rr	1452	0.145	2014	10	26
W	Rr	1642	0.164	2014	10	19
W	Rr	1795	0.179	2014	10	12
W	Rr	1836	0.184	2014	10	05
W	Rr	1662	0.166	2014	09	28
W	Rr	1843	0.184	2014	09	21
W	Rr	1678	0.168	2014	09	14
W	Rr	1598	0.160	2014	09	07
W	Rr	1418	0.142	2014	08	31
W	Rr	1584	0.158	2014	08	24
W	Rr	1571	0.157	2014	08	17
W	Rr	1727	0.173	2014	08	10
W	Rr	1927	0.193	2014	08	03
W	Rr	1691	0.169	2014	07	27
W	Rr	1702	0.170	2014	07	20
W	Rr	1624	0.162	2014	07	13
W	Rr	1831	0.183	2014	07	06
W	Rr	1867	0.187	2014	06	29
W	Rr	1927	0.193	2014	06	22
W	Rr	2134	0.213	2014	06	15
W	Rr	4851	0.485	2014	06	08
W	Rr	2293	0.229	2014	06	01
W	Rr	3180	0.318	2014	05	25
W	Rr	1468	0.147	2014	05	18
W	Rr	1808	0.181	2014	05	11
W	Rr	1998	0.200	2014	05	04
W	Rr	1876	0.188	2014	04	27
W	Rr	2330	0.233	2014	04	20
W	Rr	2565	0.256	2014	04	13
W	Rr	2652	0.265	2014	04	06
W	Rr	2574	0.257	2014	03	30
W	Rr	1186	0.119	2014	03	23
W	Rr	1305	0.130	2014	03	16
W	Rr	2273	0.227	2014	03	09
W	Rr	2231	0.223	2014	03	02
W	Rr	1925	0.192	2014	02	23
W	Rr	7060	0.706	2014	02	16
W	Rr	2854	0.285	2014	02	09
W	Rr	3190	0.319	2014	02	02
W	Rr	3743	0.374	2014	01	26
W	Rr	3643	0.364	2014	01	19
W	Rr	2961	0.296	2014	01	12
W	Rr	2319	0.232	2014	01	05
W	Rr	981	0.098	2013	12	29
W	Rr	1108	0.111	2013	12	22
W	Rr	1226	0.123	2013	12	15
W	Rr	1285	0.128	2013	12	08
W	Rr	1289	0.129	2013	12	01
W	Rr	1404	0.140	2013	11	24
W	Rr	1142	0.114	2013	11	17
W	Rr	1334	0.133	2013	11	10
W	Rr	1277	0.128	2013	11	03
W	Rr	1035	0.103	2013	10	27
W	Rr	1309	0.131	2013	10	20
W	Rr	1302	0.130	2013	10	13
W	Rr	1432	0.143	2013	10	06
W	Rr	1178	0.118	2013	09	29
W	Rr	947	0.095	2013	09	22
W	Rr	1254	0.125	2013	09	15
W	Rr	1099	0.110	2013	09	08
W	Rr	1053	0.105	2013	09	01
W	Rr	1010	0.101	2013	08	25
W	Rr	1102	0.110	2013	08	18
W	Rr	1063	0.106	2013	08	11
W	Rr	1105	0.110	2013	08	04
W	Rr	1377	0.138	2013	07	28
W	Rr	1498	0.150	2013	07	21
W	Rr	1295	0.129	2013	07	14
W	Rr	1237	0.124	2013	07	07
W	Rr	1003	0.100	2013	06	30
W	Rr	1275	0.127	2013	06	23
W	Rr	1072	0.107	2013	06	16
W	Rr	1249	0.125	2013	06	09
W	Rr	1521	0.152	2013	06	02
W	Rr	1256	0.126	2013	05	26
W	Rr	1091	0.109	2013	05	19
W	Rr	1359	0.136	2013	05	12
W	Rr	1130	0.113	2013	05	05
W	Rr	1215	0.121	2013	04	28
W	Rr	1368	0.137	2013	04	21
W	Rr	1318	0.132	2013	04	14
W	Rr	1408	0.141	2013	04	07
W	Rr	1277	0.128	2013	03	31
W	Rr	1452	0.145	2013	03	24
W	Rr	1418	0.142	2013	03	17
W	Rr	1217	0.122	2013	03	10
W	Rr	1490	0.149	2013	03	03
W	Rr	1353	0.135	2013	02	24
W	Rr	1268	0.127	2013	02	17
W	Rr	1274	0.127	2013	02	10
W	Rr	1153	0.115	2013	02	03
W	Rr	1266	0.127	2013	01	27
W	Rr	1271	0.127	2013	01	20
W	Rr	1449	0.145	2013	01	13
W	Rr	1253	0.125	2013	01	06
W	Rr	1309	0.131	2012	12	30
W	Rr	1156	0.116	2012	12	23
W	Rr	1336	0.134	2012	12	16
W	Rr	1575	0.157	2012	12	09
W	Rr	1087	0.109	2012	12	02
W	Rr	1376	0.138	2012	11	25
W	Rr	1136	0.114	2012	11	18
W	Rr	1341	0.134	2012	11	11
W	Rr	1418	0.142	2012	11	04
W	Rr	1103	0.110	2012	10	28
W	Rr	1200	0.120	2012	10	21
W	Rr	1382	0.138	2012	10	14
W	Rr	1127	0.113	2012	10	07
W	Rr	1187	0.119	2012	09	30
W	Rr	1172	0.117	2012	09	23
W	Rr	1034	0.103	2012	09	16
W	Rr	944	0.094	2012	09	09
W	Rr	958	0.096	2012	09	02
W	Rr	734	0.073	2012	08	26
W	Rr	881	0.088	2012	08	19
W	Rr	874	0.087	2012	08	12
W	Rr	973	0.097	2012	08	05
W	Rr	1010	0.101	2012	07	29
W	Rr	943	0.094	2012	07	22
W	Rr	1089	0.109	2012	07	15
W	Rr	888	0.089	2012	07	08
W	Rr	845	0.084	2012	07	01
W	Rr	1070	0.107	2012	06	24
W	Rr	1050	0.105	2012	06	17
W	Rr	1271	0.127	2012	06	10
W	Rr	957	0.096	2012	06	03
W	Rr	1249	0.125	2012	05	27
W	Rr	1055	0.105	2012	05	20
W	Rr	1392	0.139	2012	05	13
W	Rr	1140	0.114	2012	05	06
W	Rr	1807	0.181	2012	04	29
W	Rr	1225	0.122	2012	04	22
W	Rr	1264	0.126	2012	04	15
W	Rr	1075	0.107	2012	04	08
W	Rr	1261	0.126	2012	04	01
W	Rr	1345	0.134	2012	03	25
W	Rr	1254	0.125	2012	03	18
W	Rr	1478	0.148	2012	03	11
W	Rr	1503	0.150	2012	03	04
W	Rr	1532	0.153	2012	02	26
W	Rr	1464	0.146	2012	02	19
W	Rr	1154	0.115	2012	02	12
W	Rr	1240	0.124	2012	02	05
W	Rr	1088	0.109	2012	01	29
W	Rr	1125	0.112	2012	01	22
W	Rr	60	0.006	2012	01	15
W	Rr	1472	0.147	2012	01	08
W	Rr	1122	0.112	2012	01	01
W	Rr	888	0.089	2011	12	25
W	Rr	1360	0.136	2011	12	18
W	Rr	1486	0.149	2011	12	11
W	Rr	1330	0.133	2011	12	04
W	Rr	1094	0.109	2011	11	27
W	Rr	1062	0.106	2011	11	20
W	Rr	1123	0.112	2011	11	13
W	Rr	975	0.097	2011	11	06
W	Rr	1264	0.126	2011	10	30
W	Rr	1140	0.114	2011	10	23
W	Rr	1211	0.121	2011	10	16
W	Rr	1236	0.124	2011	10	09
W	Rr	1128	0.113	2011	10	02
W	Rr	1083	0.108	2011	09	25
W	Rr	1451	0.145	2011	09	18
W	Rr	1278	0.128	2011	09	11
W	Rr	1219	0.122	2011	09	04
W	Rr	1316	0.132	2011	08	28
W	Rr	1119	0.112	2011	08	21
W	Rr	1484	0.148	2011	08	14
W	Rr	1671	0.167	2011	08	07
W	Rr	1319	0.132	2011	07	31
W	Rr	1197	0.120	2011	07	24
W	Rr	1504	0.150	2011	07	17
W	Rr	1367	0.137	2011	07	10
W	Rr	1205	0.120	2011	07	03
W	Rr	1333	0.133	2011	06	26
W	Rr	1059	0.106	2011	06	19
W	Rr	1353	0.135	2011	06	12
W	Rr	1275	0.127	2011	06	05
W	Rr	983	0.098	2011	05	29
W	Rr	1262	0.126	2011	05	22
W	Rr	1374	0.137	2011	05	15
W	Rr	1076	0.108	2011	05	08
W	Rr	0	0.000	2011	05	01
W	Rr	0	0.000	2011	04	24
W	Rr	0	0.000	2011	04	17
W	Rr	0	0.000	2011	04	10
W	Rr	0	0.000	2011	04	03
W	Rr	0	0.000	2011	03	27
W	Rr	24	0.002	2011	03	20
W	Rr	1317	0.132	2011	03	13
W	Rr	1258	0.126	2011	03	06
W	Rr	1372	0.137	2011	02	27
W	Rr	1226	0.123	2011	02	20
W	Rr	1524	0.152	2011	02	13
W	Rr	1366	0.137	2011	02	06
W	Rr	958	0.096	2011	01	30
W	Rr	1273	0.127	2011	01	23
W	Rr	1560	0.156	2011	01	16
W	Rr	1472	0.147	2011	01	09
W	Rr	1310	0.131	2011	01	02
W	Rr	798	0.080	2010	12	26
W	Rr	935	0.093	2010	12	19
W	Rr	0	0.000	2010	12	12
W	Rr	0	0.000	2010	12	05
W	Rr	0	0.000	2010	11	28
W	Rr	0	0.000	2010	11	21
W	Rr	0	0.000	2010	11	14
W	Rr	0	0.000	2010	11	07
W	Rr	0	0.000	2010	10	31
W	Rr	0	0.000	2010	10	24
W	Rr	0	0.000	2010	10	17
W	Rr	0	0.000	2010	10	10
W	Rr	0	0.000	2010	10	03
W	Rr	0	0.000	2010	09	26
W	Rr	0	0.000	2010	09	19
W	Rr	0	0.000	2010	09	12
W	Rr	0	0.000	2010	09	05
W	Rr	0	0.000	2010	08	29
W	Rr	0	0.000	2010	08	22
W	Rr	0	0.000	2010	08	15
W	Rr	0	0.000	2010	08	08
W	Rr	0	0.000	2010	08	01
W	Rr	0	0.000	2010	07	25
W	Rr	0	0.000	2010	07	18
W	Rr	0	0.000	2010	07	11
W	Rr	0	0.000	2010	07	04
W	Rr	15	0.001	2010	06	27
W	Rr	914	0.091	2010	06	20
W	Rr	1104	0.110	2010	06	13
W	Rr	1096	0.110	2010	06	06
W	Rr	1171	0.117	2010	05	30
W	Rr	1115	0.111	2010	05	23
W	Rr	1170	0.117	2010	05	16
W	Rr	1334	0.133	2010	05	09
W	Rr	1109	0.111	2010	05	02
W	Rr	1067	0.107	2010	04	25
W	Rr	1212	0.121	2010	04	18
W	Rr	1054	0.105	2010	04	11
W	Rr	1325	0.132	2010	04	04
W	Rr	811	0.081	2010	03	28
W	Rr	1195	0.119	2010	03	21
W	Rr	1338	0.134	2010	03	14
W	Rr	1113	0.111	2010	03	07
W	Rr	1103	0.110	2010	02	28
W	Rr	1290	0.129	2010	02	21
W	Rr	0	0.000	2010	02	14
W	Rr	0	0.000	2010	02	07
W	Rr	0	0.000	2010	01	31
W	Rr	0	0.000	2010	01	24
W	Rr	0	0.000	2010	01	17
W	Rr	0	0.000	2010	01	10
W	Rr	0	0.000	2010	01	03
W	Rr	78	0.008	2009	12	27
W	Rr	945	0.094	2009	12	20
W	Rr	1140	0.114	2009	12	13
W	Rr	1323	0.132	2009	12	06
W	Rr	1518	0.152	2009	11	29
W	Rr	1352	0.135	2009	11	22
W	Rr	1346	0.135	2009	11	15
W	Rr	1416	0.142	2009	11	08
W	Rr	1734	0.173	2009	11	01
W	Rr	1035	0.103	2009	10	25
W	Rr	1297	0.130	2009	10	18
W	Rr	1267	0.127	2009	10	11
W	Rr	1440	0.144	2009	10	04
W	Rr	1521	0.152	2009	09	27
W	Rr	1121	0.112	2009	09	20
W	Rr	875	0.087	2009	09	13
W	Rr	1032	0.103	2009	09	06
W	Rr	1283	0.128	2009	08	30
W	Rr	1214	0.121	2009	08	23
W	Rr	1402	0.140	2009	08	16
W	Rr	1260	0.126	2009	08	09
W	Rr	1404	0.140	2009	08	02
W	Rr	1380	0.138	2009	07	26
W	Rr	1470	0.147	2009	07	19
W	Rr	1750	0.175	2009	07	12
W	Rr	1847	0.185	2009	07	05
W	Rr	1889	0.189	2009	06	28
W	Rr	1312	0.131	2009	06	21
W	Rr	1093	0.109	2009	06	14
W	Rr	1363	0.136	2009	06	07
W	Rr	1251	0.125	2009	05	31
W	Rr	1352	0.135	2009	05	24
W	Rr	1133	0.113	2009	05	17
W	Rr	1887	0.189	2009	05	10
W	Rr	1369	0.137	2009	05	03
W	Rr	1089	0.109	2009	04	26
W	Rr	1160	0.116	2009	04	19
W	Rr	1189	0.119	2009	04	12
W	Rr	1529	0.153	2009	04	05
W	Rr	1155	0.115	2009	03	29
W	Rr	1230	0.123	2009	03	22
W	Rr	1029	0.103	2009	03	15
W	Rr	1234	0.123	2009	03	08
W	Rr	1486	0.149	2009	03	01
W	Rr	1470	0.147	2009	02	22
W	Rr	1198	0.120	2009	02	15
W	Rr	1802	0.180	2009	02	08
W	Rr	1653	0.165	2009	02	01
W	Rr	1346	0.135	2009	01	25
W	Rr	1431	0.143	2009	01	18
W	Rr	1678	0.168	2009	01	11
W	Rr	1591	0.159	2009	01	04
W	Rr	886	0.089	2008	12	28
W	Rr	1148	0.115	2008	12	21
W	Rr	1428	0.143	2008	12	14
W	Rr	1508	0.151	2008	12	07
W	Rr	1194	0.119	2008	11	30
W	Rr	1070	0.107	2008	11	23
W	Rr	1396	0.140	2008	11	16
W	Rr	1255	0.125	2008	11	09
W	Rr	1314	0.131	2008	11	02
W	Rr	1397	0.140	2008	10	26
W	Rr	1638	0.164	2008	10	19
W	Rr	1298	0.130	2008	10	12
W	Rr	430	0.043	2008	10	05
W	Rr	723	0.072	2008	09	28
W	Rr	1308	0.131	2008	09	21
W	Rr	1242	0.124	2008	09	14
W	Rr	1409	0.141	2008	09	07
W	Rr	1142	0.114	2008	08	31
W	Rr	1022	0.102	2008	08	24
W	Rr	1062	0.106	2008	08	17
W	Rr	1188	0.119	2008	08	10
W	Rr	1232	0.123	2008	08	03
W	Rr	1050	0.105	2008	07	27
W	Rr	1272	0.127	2008	07	20
W	Rr	1305	0.130	2008	07	13
W	Rr	1093	0.109	2008	07	06
W	Rr	1182	0.118	2008	06	29
W	Rr	1937	0.194	2008	06	22
W	Rr	1493	0.149	2008	06	15
W	Rr	1083	0.108	2008	06	08
W	Rr	1283	0.128	2008	06	01
W	Rr	1432	0.143	2008	05	25
W	Rr	1726	0.173	2008	05	18
W	Rr	1580	0.158	2008	05	11
W	Rr	2661	0.266	2008	05	04
W	Rr	3648	0.365	2008	04	27
W	Rr	1400	0.140	2008	04	20
W	Rr	1365	0.136	2008	04	13
W	Rr	1213	0.121	2008	04	06
W	Rr	1670	0.167	2008	03	30
W	Rr	1211	0.121	2008	03	23
W	Rr	1144	0.114	2008	03	16
W	Rr	1301	0.130	2008	03	09
W	Rr	1292	0.129	2008	03	02
W	Rr	1427	0.143	2008	02	24
W	Rr	2207	0.221	2008	02	17
W	Rr	1124	0.112	2008	02	10
W	Rr	1561	0.156	2008	02	03
W	Rr	1533	0.153	2008	01	27
W	Rr	1389	0.139	2008	01	20
W	Rr	1133	0.113	2008	01	13
W	Rr	1404	0.140	2008	01	06
W	Rr	976	0.098	2007	12	30
W	Rr	801	0.080	2007	12	23
W	Rr	675	0.067	2007	12	16
W	*BT	R	7060	2014	02	16
D	Rr	394	0.039	2021	11	19
D	Rr	245	0.024	2021	11	18
D	Rr	298	0.030	2021	11	17
D	Rr	282	0.028	2021	11	16
D	Rr	242	0.024	2021	11	15
D	Rr	212	0.021	2021	11	14
D	Rr	0	0.000	2021	11	13
D	Rr	105	0.010	2021	11	12
D	Rr	319	0.032	2021	11	11
D	Rr	441	0.044	2021	11	10
D	Rr	179	0.018	2021	11	09
D	Rr	419	0.042	2021	11	08
D	Rr	162	0.016	2021	11	07
D	Rr	0	0.000	2021	11	06
D	Rr	360	0.036	2021	11	05
D	Rr	166	0.017	2021	11	04
D	Rr	226	0.023	2021	11	03
D	Rr	331	0.033	2021	11	02
D	Rr	244	0.024	2021	11	01
D	Rr	196	0.020	2021	10	31
D	Rr	0	0.000	2021	10	30
D	Rr	347	0.035	2021	10	29
D	Rr	246	0.025	2021	10	28
D	Rr	299	0.030	2021	10	27
D	Rr	242	0.024	2021	10	26
D	Rr	247	0.025	2021	10	25
D	Rr	181	0.018	2021	10	24
D	Rr	0	0.000	2021	10	23
D	Rr	158	0.016	2021	10	22
D	Rr	189	0.019	2021	10	21
D	Rr	332	0.033	2021	10	20
D	Rr	200	0.020	2021	10	19
D	Rr	368	0.037	2021	10	18
D	Rr	227	0.023	2021	10	17
D	Rr	0	0.000	2021	10	16
D	Rr	274	0.027	2021	10	15
D	Rr	198	0.020	2021	10	14
D	Rr	373	0.037	2021	10	13
D	Rr	140	0.014	2021	10	12
D	Rr	169	0.017	2021	10	11
D	Rr	195	0.019	2021	10	10
D	Rr	0	0.000	2021	10	09
D	*BT	R	2131	2008	05	03
d	Rr	120127	12.006	Sun
d	Rr	161069	16.098	Mon
d	Rr	163401	16.332	Tue
d	Rr	162090	16.200	Wed
d	Rr	162526	16.244	Thu
d	Rr	154288	15.421	Fri
d	Rr	77024	7.698	Sat
H	Rr	5	0.000	2021	11	19	23
H	Rr	2	0.000	2021	11	19	22
H	Rr	2	0.000	2021	11	19	21
H	Rr	3	0.000	2021	11	19	20
H	Rr	29	0.003	2021	11	19	19
H	Rr	5	0.000	2021	11	19	18
H	Rr	3	0.000	2021	11	19	17
H	Rr	14	0.001	2021	11	19	16
H	Rr	31	0.003	2021	11	19	15
H	Rr	24	0.002	2021	11	19	14
H	Rr	25	0.002	2021	11	19	13
H	Rr	1	0.000	2021	11	19	12
H	Rr	2	0.000	2021	11	19	11
H	Rr	3	0.000	2021	11	19	10
H	Rr	83	0.008	2021	11	19	09
H	Rr	3	0.000	2021	11	19	08
H	Rr	0	0.000	2021	11	19	07
H	Rr	0	0.000	2021	11	19	06
H	Rr	9	0.001	2021	11	19	05
H	Rr	104	0.010	2021	11	19	04
H	Rr	27	0.003	2021	11	19	03
H	Rr	13	0.001	2021	11	19	02
H	Rr	3	0.000	2021	11	19	01
H	Rr	3	0.000	2021	11	19	00
H	Rr	14	0.001	2021	11	18	23
H	Rr	1	0.000	2021	11	18	22
H	Rr	5	0.000	2021	11	18	21
H	Rr	1	0.000	2021	11	18	20
H	Rr	2	0.000	2021	11	18	19
H	Rr	4	0.000	2021	11	18	18
H	Rr	1	0.000	2021	11	18	17
H	Rr	10	0.001	2021	11	18	16
H	Rr	9	0.001	2021	11	18	15
H	Rr	3	0.000	2021	11	18	14
H	Rr	4	0.000	2021	11	18	13
H	Rr	6	0.001	2021	11	18	12
H	Rr	9	0.001	2021	11	18	11
H	Rr	24	0.002	2021	11	18	10
H	Rr	26	0.003	2021	11	18	09
H	Rr	5	0.000	2021	11	18	08
H	Rr	2	0.000	2021	11	18	07
H	Rr	3	0.000	2021	11	18	06
H	Rr	4	0.000	2021	11	18	05
H	Rr	3	0.000	2021	11	18	04
H	Rr	5	0.000	2021	11	18	03
H	Rr	5	0.000	2021	11	18	02
H	Rr	12	0.001	2021	11	18	01
H	Rr	87	0.009	2021	11	18	00
H	Rr	1	0.000	2021	11	17	23
H	Rr	7	0.001	2021	11	17	22
H	Rr	59	0.006	2021	11	17	21
H	Rr	30	0.003	2021	11	17	20
H	Rr	8	0.001	2021	11	17	19
H	Rr	25	0.002	2021	11	17	18
H	Rr	7	0.001	2021	11	17	17
H	Rr	3	0.000	2021	11	17	16
H	Rr	2	0.000	2021	11	17	15
H	Rr	3	0.000	2021	11	17	14
H	Rr	5	0.000	2021	11	17	13
H	Rr	24	0.002	2021	11	17	12
H	Rr	3	0.000	2021	11	17	11
H	Rr	31	0.003	2021	11	17	10
H	Rr	3	0.000	2021	11	17	09
H	Rr	6	0.001	2021	11	17	08
H	Rr	3	0.000	2021	11	17	07
H	Rr	44	0.004	2021	11	17	06
H	Rr	7	0.001	2021	11	17	05
H	Rr	2	0.000	2021	11	17	04
H	Rr	5	0.000	2021	11	17	03
H	Rr	3	0.000	2021	11	17	02
H	Rr	3	0.000	2021	11	17	01
H	Rr	14	0.001	2021	11	17	00
H	*BT	R	750	2020	12	11	23
h	Rr	39188	3.917	00
h	Rr	38337	3.832	01
h	Rr	39209	3.919	02
h	Rr	38490	3.847	03
h	Rr	37566	3.755	04
h	Rr	35318	3.530	05
h	Rr	34995	3.498	06
h	Rr	34475	3.446	07
h	Rr	33329	3.331	08
h	Rr	31836	3.182	09
h	Rr	31587	3.157	10
h	Rr	35314	3.530	11
h	Rr	35656	3.564	12
h	Rr	37487	3.747	13
h	Rr	43714	4.369	14
h	Rr	49452	4.943	15
h	Rr	52912	5.288	16
h	Rr	52987	5.296	17
h	Rr	53929	5.390	18
h	Rr	53255	5.323	19
h	Rr	52923	5.290	20
h	Rr	49667	4.964	21
h	Rr	45636	4.561	22
h	Rr	43263	4.324	23
4	Rr	1	0.000	2021	11	19	23	30
4	Rr	0	0.000	2021	11	19	23	15
4	Rr	4	0.000	2021	11	19	23	00
4	Rr	1	0.000	2021	11	19	22	45
4	Rr	0	0.000	2021	11	19	22	30
4	Rr	1	0.000	2021	11	19	22	15
4	Rr	0	0.000	2021	11	19	22	00
4	Rr	1	0.000	2021	11	19	21	45
4	Rr	0	0.000	2021	11	19	21	30
4	Rr	0	0.000	2021	11	19	21	15
4	Rr	1	0.000	2021	11	19	21	00
4	Rr	2	0.000	2021	11	19	20	45
4	Rr	1	0.000	2021	11	19	20	30
4	Rr	0	0.000	2021	11	19	20	15
4	Rr	0	0.000	2021	11	19	20	00
4	Rr	3	0.000	2021	11	19	19	45
4	Rr	2	0.000	2021	11	19	19	30
4	Rr	24	0.002	2021	11	19	19	15
4	Rr	0	0.000	2021	11	19	19	00
4	Rr	3	0.000	2021	11	19	18	45
4	Rr	0	0.000	2021	11	19	18	30
4	Rr	0	0.000	2021	11	19	18	15
4	Rr	2	0.000	2021	11	19	18	00
4	Rr	1	0.000	2021	11	19	17	45
4	Rr	0	0.000	2021	11	19	17	30
4	Rr	1	0.000	2021	11	19	17	15
4	Rr	1	0.000	2021	11	19	17	00
4	Rr	3	0.000	2021	11	19	16	45
4	Rr	0	0.000	2021	11	19	16	30
4	Rr	10	0.001	2021	11	19	16	15
4	Rr	1	0.000	2021	11	19	16	00
4	Rr	0	0.000	2021	11	19	15	45
4	Rr	31	0.003	2021	11	19	15	30
4	Rr	0	0.000	2021	11	19	15	15
4	Rr	0	0.000	2021	11	19	15	00
4	Rr	3	0.000	2021	11	19	14	45
4	Rr	2	0.000	2021	11	19	14	30
4	Rr	19	0.002	2021	11	19	14	15
4	Rr	0	0.000	2021	11	19	14	00
4	Rr	1	0.000	2021	11	19	13	45
4	Rr	0	0.000	2021	11	19	13	30
4	Rr	21	0.002	2021	11	19	13	15
4	Rr	3	0.000	2021	11	19	13	00
4	Rr	0	0.000	2021	11	19	12	45
4	Rr	0	0.000	2021	11	19	12	30
4	Rr	0	0.000	2021	11	19	12	15
4	Rr	1	0.000	2021	11	19	12	00
4	Rr	1	0.000	2021	11	19	11	45
4	Rr	1	0.000	2021	11	19	11	30
4	Rr	0	0.000	2021	11	19	11	15
4	Rr	0	0.000	2021	11	19	11	00
4	Rr	1	0.000	2021	11	19	10	45
4	Rr	1	0.000	2021	11	19	10	30
4	Rr	1	0.000	2021	11	19	10	15
4	Rr	0	0.000	2021	11	19	10	00
4	Rr	76	0.008	2021	11	19	09	45
4	Rr	2	0.000	2021	11	19	09	30
4	Rr	5	0.000	2021	11	19	09	15
4	Rr	0	0.000	2021	11	19	09	00
4	Rr	0	0.000	2021	11	19	08	45
4	Rr	1	0.000	2021	11	19	08	30
4	Rr	1	0.000	2021	11	19	08	15
4	Rr	1	0.000	2021	11	19	08	00
4	Rr	0	0.000	2021	11	19	07	45
4	Rr	0	0.000	2021	11	19	07	30
4	Rr	0	0.000	2021	11	19	07	15
4	Rr	0	0.000	2021	11	19	07	00
4	Rr	0	0.000	2021	11	19	06	45
4	Rr	0	0.000	2021	11	19	06	30
4	Rr	0	0.000	2021	11	19	06	15
4	Rr	0	0.000	2021	11	19	06	00
4	Rr	3	0.000	2021	11	19	05	45
4	Rr	0	0.000	2021	11	19	05	30
4	Rr	5	0.000	2021	11	19	05	15
4	Rr	1	0.000	2021	11	19	05	00
4	Rr	9	0.001	2021	11	19	04	45
4	Rr	34	0.003	2021	11	19	04	30
4	Rr	60	0.006	2021	11	19	04	15
4	Rr	1	0.000	2021	11	19	04	00
4	Rr	24	0.002	2021	11	19	03	45
4	Rr	0	0.000	2021	11	19	03	30
4	Rr	3	0.000	2021	11	19	03	15
4	Rr	0	0.000	2021	11	19	03	00
4	Rr	10	0.001	2021	11	19	02	45
4	Rr	2	0.000	2021	11	19	02	30
4	Rr	0	0.000	2021	11	19	02	15
4	Rr	1	0.000	2021	11	19	02	00
4	Rr	1	0.000	2021	11	19	01	45
4	Rr	0	0.000	2021	11	19	01	30
4	Rr	2	0.000	2021	11	19	01	15
4	Rr	0	0.000	2021	11	19	01	00
4	Rr	0	0.000	2021	11	19	00	45
4	Rr	3	0.000	2021	11	19	00	30
4	Rr	0	0.000	2021	11	19	00	15
4	Rr	0	0.000	2021	11	19	00	00
4	Rr	1	0.000	2021	11	18	23	45
4	*BT	R	744	2021	04	12	15	00
6	Rr	9683	0.968	00	00
6	Rr	9725	0.972	00	15
6	Rr	9728	0.972	00	30
6	Rr	10052	1.005	00	45
6	Rr	9425	0.942	01	00
6	Rr	9625	0.962	01	15
6	Rr	9690	0.968	01	30
6	Rr	9597	0.959	01	45
6	Rr	9364	0.936	02	00
6	Rr	10250	1.024	02	15
6	Rr	9997	0.999	02	30
6	Rr	9598	0.959	02	45
6	Rr	9241	0.924	03	00
6	Rr	8971	0.897	03	15
6	Rr	9458	0.945	03	30
6	Rr	10820	1.081	03	45
6	Rr	9347	0.934	04	00
6	Rr	9938	0.993	04	15
6	Rr	8904	0.890	04	30
6	Rr	9377	0.937	04	45
6	Rr	8572	0.857	05	00
6	Rr	9337	0.933	05	15
6	Rr	9028	0.902	05	30
6	Rr	8381	0.838	05	45
6	Rr	9541	0.954	06	00
6	Rr	8584	0.858	06	15
6	Rr	8708	0.870	06	30
6	Rr	8162	0.816	06	45
6	Rr	8696	0.869	07	00
6	Rr	8946	0.894	07	15
6	Rr	8918	0.891	07	30
6	Rr	7915	0.791	07	45
6	Rr	8548	0.854	08	00
6	Rr	8219	0.821	08	15
6	Rr	8806	0.880	08	30
6	Rr	7756	0.775	08	45
6	Rr	8124	0.812	09	00
6	Rr	8198	0.819	09	15
6	Rr	7924	0.792	09	30
6	Rr	7590	0.759	09	45
6	Rr	7696	0.769	10	00
6	Rr	7710	0.771	10	15
6	Rr	7854	0.785	10	30
6	Rr	8327	0.832	10	45
6	Rr	9800	0.979	11	00
6	Rr	8424	0.842	11	15
6	Rr	8467	0.846	11	30
6	Rr	8623	0.862	11	45
6	Rr	9841	0.984	12	00
6	Rr	8407	0.840	12	15
6	Rr	8616	0.861	12	30
6	Rr	8792	0.879	12	45
6	Rr	9263	0.926	13	00
6	Rr	9200	0.920	13	15
6	Rr	9794	0.979	13	30
6	Rr	9230	0.923	13	45
6	Rr	10464	1.046	14	00
6	Rr	11060	1.105	14	15
6	Rr	11089	1.108	14	30
6	Rr	11101	1.110	14	45
6	Rr	12250	1.224	15	00
6	Rr	11711	1.170	15	15
6	Rr	12481	1.247	15	30
6	Rr	13010	1.300	15	45
6	Rr	12980	1.297	16	00
6	Rr	12937	1.293	16	15
6	Rr	13443	1.344	16	30
6	Rr	13552	1.354	16	45
6	Rr	13354	1.335	17	00
6	Rr	13142	1.314	17	15
6	Rr	13663	1.366	17	30
6	Rr	12828	1.282	17	45
6	Rr	13022	1.302	18	00
6	Rr	13571	1.356	18	15
6	Rr	13653	1.365	18	30
6	Rr	13683	1.368	18	45
6	Rr	14378	1.437	19	00
6	Rr	12777	1.277	19	15
6	Rr	13076	1.307	19	30
6	Rr	13024	1.302	19	45
6	Rr	13635	1.363	20	00
6	Rr	13208	1.320	20	15
6	Rr	12553	1.255	20	30
6	Rr	13527	1.352	20	45
6	Rr	13295	1.329	21	00
6	Rr	12279	1.227	21	15
6	Rr	11931	1.192	21	30
6	Rr	12162	1.216	21	45
6	Rr	11554	1.155	22	00
6	Rr	11530	1.152	22	15
6	Rr	11428	1.142	22	30
6	Rr	11124	1.112	22	45
6	Rr	11545	1.154	23	00
6	Rr	11585	1.158	23	15
6	Rr	10318	1.031	23	30
6	Rr	9815	0.981	23	45
5	Rr	1	0.000	2021	11	19	23	30
5	Rr	0	0.000	2021	11	19	23	25
5	Rr	0	0.000	2021	11	19	23	20
5	Rr	0	0.000	2021	11	19	23	15
5	Rr	0	0.000	2021	11	19	23	10
5	Rr	0	0.000	2021	11	19	23	05
5	Rr	4	0.000	2021	11	19	23	00
5	Rr	0	0.000	2021	11	19	22	55
5	Rr	0	0.000	2021	11	19	22	50
5	Rr	1	0.000	2021	11	19	22	45
5	Rr	0	0.000	2021	11	19	22	40
5	Rr	0	0.000	2021	11	19	22	35
5	Rr	0	0.000	2021	11	19	22	30
5	Rr	0	0.000	2021	11	19	22	25
5	Rr	1	0.000	2021	11	19	22	20
5	Rr	0	0.000	2021	11	19	22	15
5	Rr	0	0.000	2021	11	19	22	10
5	Rr	0	0.000	2021	11	19	22	05
5	Rr	0	0.000	2021	11	19	22	00
5	Rr	0	0.000	2021	11	19	21	55
5	Rr	0	0.000	2021	11	19	21	50
5	Rr	1	0.000	2021	11	19	21	45
5	Rr	0	0.000	2021	11	19	21	40
5	Rr	0	0.000	2021	11	19	21	35
5	Rr	0	0.000	2021	11	19	21	30
5	Rr	0	0.000	2021	11	19	21	25
5	Rr	0	0.000	2021	11	19	21	20
5	Rr	0	0.000	2021	11	19	21	15
5	Rr	0	0.000	2021	11	19	21	10
5	Rr	0	0.000	2021	11	19	21	05
5	Rr	1	0.000	2021	11	19	21	00
5	Rr	1	0.000	2021	11	19	20	55
5	Rr	1	0.000	2021	11	19	20	50
5	Rr	0	0.000	2021	11	19	20	45
5	Rr	0	0.000	2021	11	19	20	40
5	Rr	0	0.000	2021	11	19	20	35
5	Rr	1	0.000	2021	11	19	20	30
5	Rr	0	0.000	2021	11	19	20	25
5	Rr	0	0.000	2021	11	19	20	20
5	Rr	0	0.000	2021	11	19	20	15
5	Rr	0	0.000	2021	11	19	20	10
5	Rr	0	0.000	2021	11	19	20	05
5	Rr	0	0.000	2021	11	19	20	00
5	Rr	2	0.000	2021	11	19	19	55
5	Rr	0	0.000	2021	11	19	19	50
5	Rr	1	0.000	2021	11	19	19	45
5	Rr	1	0.000	2021	11	19	19	40
5	Rr	0	0.000	2021	11	19	19	35
5	Rr	1	0.000	2021	11	19	19	30
5	Rr	24	0.002	2021	11	19	19	25
5	Rr	0	0.000	2021	11	19	19	20
5	Rr	0	0.000	2021	11	19	19	15
5	Rr	0	0.000	2021	11	19	19	10
5	Rr	0	0.000	2021	11	19	19	05
5	Rr	0	0.000	2021	11	19	19	00
5	Rr	1	0.000	2021	11	19	18	55
5	Rr	1	0.000	2021	11	19	18	50
5	Rr	1	0.000	2021	11	19	18	45
5	Rr	0	0.000	2021	11	19	18	40
5	Rr	0	0.000	2021	11	19	18	35
5	Rr	0	0.000	2021	11	19	18	30
5	Rr	0	0.000	2021	11	19	18	25
5	Rr	0	0.000	2021	11	19	18	20
5	Rr	0	0.000	2021	11	19	18	15
5	Rr	2	0.000	2021	11	19	18	10
5	Rr	0	0.000	2021	11	19	18	05
5	Rr	0	0.000	2021	11	19	18	00
5	Rr	1	0.000	2021	11	19	17	55
5	Rr	0	0.000	2021	11	19	17	50
5	Rr	0	0.000	2021	11	19	17	45
5	Rr	0	0.000	2021	11	19	17	40
5	Rr	0	0.000	2021	11	19	17	35
5	Rr	0	0.000	2021	11	19	17	30
5	Rr	1	0.000	2021	11	19	17	25
5	Rr	0	0.000	2021	11	19	17	20
5	Rr	0	0.000	2021	11	19	17	15
5	Rr	0	0.000	2021	11	19	17	10
5	Rr	0	0.000	2021	11	19	17	05
5	Rr	1	0.000	2021	11	19	17	00
5	Rr	0	0.000	2021	11	19	16	55
5	Rr	0	0.000	2021	11	19	16	50
5	Rr	3	0.000	2021	11	19	16	45
5	Rr	0	0.000	2021	11	19	16	40
5	Rr	0	0.000	2021	11	19	16	35
5	Rr	0	0.000	2021	11	19	16	30
5	Rr	3	0.000	2021	11	19	16	25
5	Rr	7	0.001	2021	11	19	16	20
5	Rr	0	0.000	2021	11	19	16	15
5	Rr	0	0.000	2021	11	19	16	10
5	Rr	0	0.000	2021	11	19	16	05
5	Rr	1	0.000	2021	11	19	16	00
5	Rr	0	0.000	2021	11	19	15	55
5	Rr	0	0.000	2021	11	19	15	50
5	Rr	0	0.000	2021	11	19	15	45
5	Rr	31	0.003	2021	11	19	15	40
5	Rr	0	0.000	2021	11	19	15	35
5	Rr	0	0.000	2021	11	19	15	30
5	Rr	0	0.000	2021	11	19	15	25
5	Rr	0	0.000	2021	11	19	15	20
5	Rr	0	0.000	2021	11	19	15	15
5	Rr	0	0.000	2021	11	19	15	10
5	Rr	0	0.000	2021	11	19	15	05
5	Rr	0	0.000	2021	11	19	15	00
5	Rr	1	0.000	2021	11	19	14	55
5	Rr	2	0.000	2021	11	19	14	50
5	Rr	0	0.000	2021	11	19	14	45
5	Rr	2	0.000	2021	11	19	14	40
5	Rr	0	0.000	2021	11	19	14	35
5	Rr	0	0.000	2021	11	19	14	30
5	Rr	19	0.002	2021	11	19	14	25
5	Rr	0	0.000	2021	11	19	14	20
5	Rr	0	0.000	2021	11	19	14	15
5	Rr	0	0.000	2021	11	19	14	10
5	Rr	0	0.000	2021	11	19	14	05
5	Rr	0	0.000	2021	11	19	14	00
5	Rr	0	0.000	2021	11	19	13	55
5	Rr	0	0.000	2021	11	19	13	50
5	Rr	1	0.000	2021	11	19	13	45
5	Rr	0	0.000	2021	11	19	13	40
5	Rr	0	0.000	2021	11	19	13	35
5	Rr	0	0.000	2021	11	19	13	30
5	Rr	0	0.000	2021	11	19	13	25
5	Rr	21	0.002	2021	11	19	13	20
5	Rr	0	0.000	2021	11	19	13	15
5	Rr	0	0.000	2021	11	19	13	10
5	Rr	1	0.000	2021	11	19	13	05
5	Rr	2	0.000	2021	11	19	13	00
5	Rr	0	0.000	2021	11	19	12	55
5	Rr	0	0.000	2021	11	19	12	50
5	Rr	0	0.000	2021	11	19	12	45
5	Rr	0	0.000	2021	11	19	12	40
5	Rr	0	0.000	2021	11	19	12	35
5	Rr	0	0.000	2021	11	19	12	30
5	Rr	0	0.000	2021	11	19	12	25
5	Rr	0	0.000	2021	11	19	12	20
5	Rr	0	0.000	2021	11	19	12	15
5	Rr	1	0.000	2021	11	19	12	10
5	Rr	0	0.000	2021	11	19	12	05
5	Rr	0	0.000	2021	11	19	12	00
5	Rr	0	0.000	2021	11	19	11	55
5	Rr	0	0.000	2021	11	19	11	50
5	Rr	1	0.000	2021	11	19	11	45
5	Rr	1	0.000	2021	11	19	11	40
5	Rr	0	0.000	2021	11	19	11	35
5	Rr	0	0.000	2021	11	19	11	30
5	Rr	0	0.000	2021	11	19	11	25
5	Rr	0	0.000	2021	11	19	11	20
5	Rr	0	0.000	2021	11	19	11	15
5	Rr	0	0.000	2021	11	19	11	10
5	Rr	0	0.000	2021	11	19	11	05
5	Rr	0	0.000	2021	11	19	11	00
5	Rr	0	0.000	2021	11	19	10	55
5	Rr	0	0.000	2021	11	19	10	50
5	Rr	1	0.000	2021	11	19	10	45
5	Rr	1	0.000	2021	11	19	10	40
5	Rr	0	0.000	2021	11	19	10	35
5	Rr	0	0.000	2021	11	19	10	30
5	Rr	0	0.000	2021	11	19	10	25
5	Rr	0	0.000	2021	11	19	10	20
5	Rr	1	0.000	2021	11	19	10	15
5	Rr	0	0.000	2021	11	19	10	10
5	Rr	0	0.000	2021	11	19	10	05
5	Rr	0	0.000	2021	11	19	10	00
5	Rr	76	0.008	2021	11	19	09	55
5	Rr	0	0.000	2021	11	19	09	50
5	Rr	0	0.000	2021	11	19	09	45
5	Rr	0	0.000	2021	11	19	09	40
5	Rr	0	0.000	2021	11	19	09	35
5	Rr	2	0.000	2021	11	19	09	30
5	Rr	1	0.000	2021	11	19	09	25
5	Rr	4	0.000	2021	11	19	09	20
5	Rr	0	0.000	2021	11	19	09	15
5	Rr	0	0.000	2021	11	19	09	10
5	Rr	0	0.000	2021	11	19	09	05
5	Rr	0	0.000	2021	11	19	09	00
5	Rr	0	0.000	2021	11	19	08	55
5	Rr	0	0.000	2021	11	19	08	50
5	Rr	0	0.000	2021	11	19	08	45
5	Rr	0	0.000	2021	11	19	08	40
5	Rr	1	0.000	2021	11	19	08	35
5	Rr	0	0.000	2021	11	19	08	30
5	Rr	0	0.000	2021	11	19	08	25
5	Rr	0	0.000	2021	11	19	08	20
5	Rr	1	0.000	2021	11	19	08	15
5	Rr	0	0.000	2021	11	19	08	10
5	Rr	1	0.000	2021	11	19	08	05
5	Rr	0	0.000	2021	11	19	08	00
5	Rr	0	0.000	2021	11	19	07	55
5	Rr	0	0.000	2021	11	19	07	50
5	Rr	0	0.000	2021	11	19	07	45
5	Rr	0	0.000	2021	11	19	07	40
5	Rr	0	0.000	2021	11	19	07	35
5	Rr	0	0.000	2021	11	19	07	30
5	Rr	0	0.000	2021	11	19	07	25
5	Rr	0	0.000	2021	11	19	07	20
5	Rr	0	0.000	2021	11	19	07	15
5	Rr	0	0.000	2021	11	19	07	10
5	Rr	0	0.000	2021	11	19	07	05
5	Rr	0	0.000	2021	11	19	07	00
5	Rr	0	0.000	2021	11	19	06	55
5	Rr	0	0.000	2021	11	19	06	50
5	Rr	0	0.000	2021	11	19	06	45
5	Rr	0	0.000	2021	11	19	06	40
5	Rr	0	0.000	2021	11	19	06	35
5	Rr	0	0.000	2021	11	19	06	30
5	Rr	0	0.000	2021	11	19	06	25
5	Rr	0	0.000	2021	11	19	06	20
5	Rr	0	0.000	2021	11	19	06	15
5	Rr	0	0.000	2021	11	19	06	10
5	Rr	0	0.000	2021	11	19	06	05
5	Rr	0	0.000	2021	11	19	06	00
5	Rr	0	0.000	2021	11	19	05	55
5	Rr	3	0.000	2021	11	19	05	50
5	Rr	0	0.000	2021	11	19	05	45
5	Rr	0	0.000	2021	11	19	05	40
5	Rr	0	0.000	2021	11	19	05	35
5	Rr	0	0.000	2021	11	19	05	30
5	Rr	4	0.000	2021	11	19	05	25
5	Rr	1	0.000	2021	11	19	05	20
5	Rr	0	0.000	2021	11	19	05	15
5	Rr	0	0.000	2021	11	19	05	10
5	Rr	0	0.000	2021	11	19	05	05
5	Rr	1	0.000	2021	11	19	05	00
5	Rr	6	0.001	2021	11	19	04	55
5	Rr	0	0.000	2021	11	19	04	50
5	Rr	3	0.000	2021	11	19	04	45
5	Rr	12	0.001	2021	11	19	04	40
5	Rr	1	0.000	2021	11	19	04	35
5	Rr	21	0.002	2021	11	19	04	30
5	Rr	19	0.002	2021	11	19	04	25
5	Rr	26	0.003	2021	11	19	04	20
5	Rr	15	0.001	2021	11	19	04	15
5	Rr	0	0.000	2021	11	19	04	10
5	Rr	0	0.000	2021	11	19	04	05
5	Rr	1	0.000	2021	11	19	04	00
5	Rr	3	0.000	2021	11	19	03	55
5	Rr	21	0.002	2021	11	19	03	50
5	Rr	0	0.000	2021	11	19	03	45
5	Rr	0	0.000	2021	11	19	03	40
5	Rr	0	0.000	2021	11	19	03	35
5	Rr	0	0.000	2021	11	19	03	30
5	Rr	0	0.000	2021	11	19	03	25
5	Rr	0	0.000	2021	11	19	03	20
5	Rr	3	0.000	2021	11	19	03	15
5	Rr	0	0.000	2021	11	19	03	10
5	Rr	0	0.000	2021	11	19	03	05
5	Rr	0	0.000	2021	11	19	03	00
5	Rr	2	0.000	2021	11	19	02	55
5	Rr	8	0.001	2021	11	19	02	50
5	Rr	0	0.000	2021	11	19	02	45
5	Rr	2	0.000	2021	11	19	02	40
5	Rr	0	0.000	2021	11	19	02	35
5	Rr	0	0.000	2021	11	19	02	30
5	Rr	0	0.000	2021	11	19	02	25
5	Rr	0	0.000	2021	11	19	02	20
5	Rr	0	0.000	2021	11	19	02	15
5	Rr	0	0.000	2021	11	19	02	10
5	Rr	0	0.000	2021	11	19	02	05
5	Rr	1	0.000	2021	11	19	02	00
5	Rr	0	0.000	2021	11	19	01	55
5	Rr	0	0.000	2021	11	19	01	50
5	Rr	1	0.000	2021	11	19	01	45
5	Rr	0	0.000	2021	11	19	01	40
5	Rr	0	0.000	2021	11	19	01	35
5	Rr	0	0.000	2021	11	19	01	30
5	Rr	0	0.000	2021	11	19	01	25
5	Rr	2	0.000	2021	11	19	01	20
5	Rr	0	0.000	2021	11	19	01	15
5	Rr	0	0.000	2021	11	19	01	10
5	Rr	0	0.000	2021	11	19	01	05
5	Rr	0	0.000	2021	11	19	01	00
5	Rr	0	0.000	2021	11	19	00	55
5	Rr	0	0.000	2021	11	19	00	50
5	Rr	0	0.000	2021	11	19	00	45
5	Rr	3	0.000	2021	11	19	00	40
5	Rr	0	0.000	2021	11	19	00	35
5	Rr	0	0.000	2021	11	19	00	30
5	Rr	0	0.000	2021	11	19	00	25
5	Rr	0	0.000	2021	11	19	00	20
5	Rr	0	0.000	2021	11	19	00	15
5	Rr	0	0.000	2021	11	19	00	10
5	Rr	0	0.000	2021	11	19	00	05
5	Rr	0	0.000	2021	11	19	00	00
5	Rr	0	0.000	2021	11	18	23	55
5	Rr	0	0.000	2021	11	18	23	50
5	Rr	1	0.000	2021	11	18	23	45
5	Rr	1	0.000	2021	11	18	23	40
5	Rr	0	0.000	2021	11	18	23	35
5	*BT	R	715	2020	12	11	23	20
7	Rr	3058	0.306	00	00
7	Rr	3509	0.351	00	05
7	Rr	3116	0.311	00	10
7	Rr	2712	0.271	00	15
7	Rr	3275	0.327	00	20
7	Rr	3738	0.374	00	25
7	Rr	3244	0.324	00	30
7	Rr	3163	0.316	00	35
7	Rr	3321	0.332	00	40
7	Rr	3378	0.338	00	45
7	Rr	3597	0.360	00	50
7	Rr	3077	0.308	00	55
7	Rr	2919	0.292	01	00
7	Rr	3183	0.318	01	05
7	Rr	3323	0.332	01	10
7	Rr	3225	0.322	01	15
7	Rr	3366	0.336	01	20
7	Rr	3034	0.303	01	25
7	Rr	3094	0.309	01	30
7	Rr	3315	0.331	01	35
7	Rr	3281	0.328	01	40
7	Rr	3149	0.315	01	45
7	Rr	3051	0.305	01	50
7	Rr	3397	0.340	01	55
7	Rr	3094	0.309	02	00
7	Rr	3184	0.318	02	05
7	Rr	3086	0.308	02	10
7	Rr	3608	0.361	02	15
7	Rr	3297	0.330	02	20
7	Rr	3345	0.334	02	25
7	Rr	3284	0.328	02	30
7	Rr	3539	0.354	02	35
7	Rr	3174	0.317	02	40
7	Rr	3156	0.315	02	45
7	Rr	2927	0.293	02	50
7	Rr	3515	0.351	02	55
7	Rr	3176	0.317	03	00
7	Rr	3013	0.301	03	05
7	Rr	3052	0.305	03	10
7	Rr	3192	0.319	03	15
7	Rr	2888	0.289	03	20
7	Rr	2891	0.289	03	25
7	Rr	3046	0.304	03	30
7	Rr	3250	0.325	03	35
7	Rr	3162	0.316	03	40
7	Rr	3501	0.350	03	45
7	Rr	4052	0.405	03	50
7	Rr	3267	0.327	03	55
7	Rr	3055	0.305	04	00
7	Rr	3084	0.308	04	05
7	Rr	3208	0.321	04	10
7	Rr	3308	0.331	04	15
7	Rr	3470	0.347	04	20
7	Rr	3160	0.316	04	25
7	Rr	3151	0.315	04	30
7	Rr	2867	0.287	04	35
7	Rr	2886	0.288	04	40
7	Rr	3401	0.340	04	45
7	Rr	2967	0.297	04	50
7	Rr	3009	0.301	04	55
7	Rr	2742	0.274	05	00
7	Rr	2696	0.269	05	05
7	Rr	3134	0.313	05	10
7	Rr	3080	0.308	05	15
7	Rr	3205	0.320	05	20
7	Rr	3052	0.305	05	25
7	Rr	3270	0.327	05	30
7	Rr	3062	0.306	05	35
7	Rr	2696	0.269	05	40
7	Rr	2803	0.280	05	45
7	Rr	2676	0.267	05	50
7	Rr	2902	0.290	05	55
7	Rr	2940	0.294	06	00
7	Rr	3570	0.357	06	05
7	Rr	3031	0.303	06	10
7	Rr	2948	0.295	06	15
7	Rr	2781	0.278	06	20
7	Rr	2855	0.285	06	25
7	Rr	2761	0.276	06	30
7	Rr	2937	0.294	06	35
7	Rr	3010	0.301	06	40
7	Rr	3096	0.309	06	45
7	Rr	2537	0.254	06	50
7	Rr	2529	0.253	06	55
7	Rr	3164	0.316	07	00
7	Rr	2727	0.273	07	05
7	Rr	2805	0.280	07	10
7	Rr	2689	0.269	07	15
7	Rr	2937	0.294	07	20
7	Rr	3320	0.332	07	25
7	Rr	3305	0.330	07	30
7	Rr	2980	0.298	07	35
7	Rr	2633	0.263	07	40
7	Rr	2648	0.265	07	45
7	Rr	2587	0.259	07	50
7	Rr	2680	0.268	07	55
7	Rr	2762	0.276	08	00
7	Rr	3019	0.302	08	05
7	Rr	2767	0.277	08	10
7	Rr	2640	0.264	08	15
7	Rr	2769	0.277	08	20
7	Rr	2810	0.281	08	25
7	Rr	3223	0.322	08	30
7	Rr	2828	0.283	08	35
7	Rr	2755	0.275	08	40
7	Rr	2595	0.259	08	45
7	Rr	2562	0.256	08	50
7	Rr	2599	0.260	08	55
7	Rr	2586	0.258	09	00
7	Rr	2904	0.290	09	05
7	Rr	2634	0.263	09	10
7	Rr	2528	0.253	09	15
7	Rr	2971	0.297	09	20
7	Rr	2699	0.270	09	25
7	Rr	2750	0.275	09	30
7	Rr	2480	0.248	09	35
7	Rr	2694	0.269	09	40
7	Rr	2559	0.256	09	45
7	Rr	2397	0.240	09	50
7	Rr	2634	0.263	09	55
7	Rr	2595	0.259	10	00
7	Rr	2470	0.247	10	05
7	Rr	2631	0.263	10	10
7	Rr	2505	0.250	10	15
7	Rr	2434	0.243	10	20
7	Rr	2771	0.277	10	25
7	Rr	2551	0.255	10	30
7	Rr	2575	0.257	10	35
7	Rr	2728	0.273	10	40
7	Rr	2504	0.250	10	45
7	Rr	2786	0.278	10	50
7	Rr	3037	0.304	10	55
7	Rr	3914	0.391	11	00
7	Rr	3024	0.302	11	05
7	Rr	2862	0.286	11	10
7	Rr	2808	0.281	11	15
7	Rr	2898	0.290	11	20
7	Rr	2718	0.272	11	25
7	Rr	2924	0.292	11	30
7	Rr	2638	0.264	11	35
7	Rr	2905	0.290	11	40
7	Rr	2837	0.284	11	45
7	Rr	2865	0.286	11	50
7	Rr	2921	0.292	11	55
7	Rr	3468	0.347	12	00
7	Rr	3186	0.318	12	05
7	Rr	3187	0.319	12	10
7	Rr	2712	0.271	12	15
7	Rr	2898	0.290	12	20
7	Rr	2797	0.280	12	25
7	Rr	2892	0.289	12	30
7	Rr	2762	0.276	12	35
7	Rr	2962	0.296	12	40
7	Rr	3096	0.309	12	45
7	Rr	2804	0.280	12	50
7	Rr	2892	0.289	12	55
7	Rr	3006	0.300	13	00
7	Rr	3005	0.300	13	05
7	Rr	3252	0.325	13	10
7	Rr	3048	0.305	13	15
7	Rr	3000	0.300	13	20
7	Rr	3152	0.315	13	25
7	Rr	3207	0.321	13	30
7	Rr	3521	0.352	13	35
7	Rr	3066	0.306	13	40
7	Rr	2715	0.271	13	45
7	Rr	3279	0.328	13	50
7	Rr	3236	0.323	13	55
7	Rr	3279	0.328	14	00
7	Rr	3597	0.360	14	05
7	Rr	3588	0.359	14	10
7	Rr	3810	0.381	14	15
7	Rr	3574	0.357	14	20
7	Rr	3676	0.367	14	25
7	Rr	3979	0.398	14	30
7	Rr	3721	0.372	14	35
7	Rr	3389	0.339	14	40
7	Rr	3491	0.349	14	45
7	Rr	3606	0.360	14	50
7	Rr	4004	0.400	14	55
7	Rr	4167	0.416	15	00
7	Rr	4299	0.430	15	05
7	Rr	3784	0.378	15	10
7	Rr	3934	0.393	15	15
7	Rr	3653	0.365	15	20
7	Rr	4124	0.412	15	25
7	Rr	4370	0.437	15	30
7	Rr	3904	0.390	15	35
7	Rr	4207	0.420	15	40
7	Rr	4223	0.422	15	45
7	Rr	4264	0.426	15	50
7	Rr	4523	0.452	15	55
7	Rr	4235	0.423	16	00
7	Rr	4507	0.450	16	05
7	Rr	4238	0.424	16	10
7	Rr	4668	0.467	16	15
7	Rr	4272	0.427	16	20
7	Rr	3997	0.399	16	25
7	Rr	4373	0.437	16	30
7	Rr	4569	0.457	16	35
7	Rr	4501	0.450	16	40
7	Rr	4580	0.458	16	45
7	Rr	4560	0.456	16	50
7	Rr	4412	0.441	16	55
7	Rr	4375	0.437	17	00
7	Rr	4343	0.434	17	05
7	Rr	4636	0.463	17	10
7	Rr	4250	0.425	17	15
7	Rr	4403	0.440	17	20
7	Rr	4489	0.449	17	25
7	Rr	4561	0.456	17	30
7	Rr	4667	0.466	17	35
7	Rr	4435	0.443	17	40
7	Rr	4228	0.423	17	45
7	Rr	4408	0.441	17	50
7	Rr	4192	0.419	17	55
7	Rr	3858	0.386	18	00
7	Rr	4264	0.426	18	05
7	Rr	4900	0.490	18	10
7	Rr	4617	0.461	18	15
7	Rr	4272	0.427	18	20
7	Rr	4682	0.468	18	25
7	Rr	4450	0.445	18	30
7	Rr	4609	0.461	18	35
7	Rr	4594	0.459	18	40
7	Rr	4543	0.454	18	45
7	Rr	4490	0.449	18	50
7	Rr	4650	0.465	18	55
7	Rr	5061	0.506	19	00
7	Rr	4714	0.471	19	05
7	Rr	4603	0.460	19	10
7	Rr	4356	0.435	19	15
7	Rr	4302	0.430	19	20
7	Rr	4119	0.412	19	25
7	Rr	4206	0.420	19	30
7	Rr	4378	0.438	19	35
7	Rr	4492	0.449	19	40
7	Rr	4690	0.469	19	45
7	Rr	4076	0.407	19	50
7	Rr	4258	0.426	19	55
7	Rr	4258	0.426	20	00
7	Rr	4757	0.475	20	05
7	Rr	4620	0.462	20	10
7	Rr	4306	0.430	20	15
7	Rr	4508	0.451	20	20
7	Rr	4394	0.439	20	25
7	Rr	3920	0.392	20	30
7	Rr	4189	0.419	20	35
7	Rr	4444	0.444	20	40
7	Rr	4739	0.474	20	45
7	Rr	4267	0.426	20	50
7	Rr	4521	0.452	20	55
7	Rr	4889	0.489	21	00
7	Rr	4131	0.413	21	05
7	Rr	4275	0.427	21	10
7	Rr	4101	0.410	21	15
7	Rr	3753	0.375	21	20
7	Rr	4425	0.442	21	25
7	Rr	3812	0.381	21	30
7	Rr	4062	0.406	21	35
7	Rr	4057	0.405	21	40
7	Rr	4110	0.411	21	45
7	Rr	4261	0.426	21	50
7	Rr	3791	0.379	21	55
7	Rr	3883	0.388	22	00
7	Rr	3749	0.375	22	05
7	Rr	3922	0.392	22	10
7	Rr	3527	0.353	22	15
7	Rr	3974	0.397	22	20
7	Rr	4029	0.403	22	25
7	Rr	3702	0.370	22	30
7	Rr	4110	0.411	22	35
7	Rr	3616	0.361	22	40
7	Rr	3653	0.365	22	45
7	Rr	3827	0.382	22	50
7	Rr	3644	0.364	22	55
7	Rr	4108	0.411	23	00
7	Rr	3780	0.378	23	05
7	Rr	3657	0.366	23	10
7	Rr	3674	0.367	23	15
7	Rr	4407	0.440	23	20
7	Rr	3504	0.350	23	25
7	Rr	3353	0.335	23	30
7	Rr	3614	0.361	23	35
7	Rr	3351	0.335	23	40
7	Rr	3335	0.333	23	45
7	Rr	3402	0.340	23	50
7	Rr	3078	0.308	23	55
o	*f	0R	r
o	lRQ	1	1000525	2418093347	[unresolved numerical addresses]
Z	*f	-20R	r
Z	lRb	1	43169	3.016	66.249
Z	lRb	1	40314	1.794	69
Z	lRb	1	27513	2.048	35
Z	lRb	1	24949	0.906	46
Z	lRb	1	22463	3.033	157.55
Z	lRb	1	19560	3.156	70
Z	lRb	1	18132	1.365	34
Z	lRb	1	17237	2.299	207.46
Z	lRb	1	16767	1.911	54
Z	lRb	1	15937	2.525	40
Z	lRb	1	15462	1.395	76
Z	lRb	1	13462	1.645	72
Z	lRb	1	12162	1.270	5
Z	lRb	1	12111	0.100	178.137
Z	lRb	1	11901	1.095	75
Z	lRb	1	11212	1.066	123
Z	lRb	1	10894	0.877	74
Z	lRb	1	9931	0.655	71
Z	lRb	1	9271	1.025	104
Z	lRb	1	9159	0.542	37
Z	lRb	1	638919	68.277	[not listed: 8644]
S	*f	-50P	r
S	Rb	4702	0.436	14.33.246.211
S	Rb	3842	0.861	192.234.235.103
S	Rb	3248	0.273	192.99.15.146
S	Rb	2341	0.151	100.43.83.148
S	Rb	1992	0.076	66.249.75.109
S	Rb	1829	0.165	37.59.14.116
S	Rb	1781	0.238	75.98.173.33
S	Rb	1597	0.144	78.155.138.20
S	Rb	1543	0.081	199.21.99.79
S	Rb	1459	0.011	92.249.127.111
S	Rb	1330	0.020	109.102.111.58
S	Rb	1312	0.050	205.203.134.197
S	Rb	1304	0.213	5.196.13.127
S	Rb	1276	0.132	208.115.113.82
S	Rb	1270	0.072	95.108.248.29
S	Rb	1263	0.046	49.7.20.102
S	Rb	1155	0.257	75.98.173.84
S	Rb	1142	0.001	91.207.9.226
S	Rb	1107	0.018	66.249.69.97
S	Rb	1081	0.021	66.249.69.81
S	Rb	1051	0.036	66.249.69.192
S	Rb	1047	0.019	106.38.241.144
S	Rb	1039	0.017	66.249.69.89
S	Rb	1030	0.108	5.255.250.90
S	Rb	1024	0.082	95.108.150.235
S	Rb	1012	0.090	192.99.6.132
S	Rb	1000	0.194	79.125.27.96
S	Rb	957	0.202	199.21.99.197
S	Rb	951	0.069	66.249.73.133
S	Rb	865	0.038	144.76.27.118
S	Rb	815	0.033	178.63.23.80
S	Rb	812	0.103	66.249.64.90
S	Rb	808	0.202	149.202.211.239
S	Rb	791	0.071	192.99.7.55
S	Rb	786	0.129	66.11.128.152
S	Rb	777	0.001	193.150.120.14
S	Rb	760	0.056	208.115.113.92
S	Rb	756	0.023	82.145.46.102
S	Rb	744	0.011	109.102.111.20
S	Rb	739	0.011	109.102.111.50
S	Rb	721	0.004	106.38.241.177
S	Rb	710	0.100	216.244.66.229
S	Rb	704	0.001	109.120.157.179
S	Rb	698	0.028	220.181.125.162
S	Rb	694	0.042	78.155.138.30
S	Rb	686	0.022	66.249.65.212
S	Rb	681	0.019	49.7.20.111
S	Rb	664	0.060	94.23.59.173
S	Rb	653	0.080	52.21.132.215
S	Rb	649	0.058	46.105.74.59
S	Rb	939327	94.827	[not listed: 88420]
s	*FR	2013	12	18	21	53
s	*LR	2021	11	19	23	01
s	*f	-20R	s
s	lRS	1	197508	646	http://www.gtaeronautics.com/
s	lRS	1	47279	205	http://gtaeronautics.com/
s	lRS	1	4952	20	https://www.google.com/
s	lRS	1	248	1	https://www.bing.com/
s	lRS	1	1542	0	http://www.google.com/
s	lRS	1	1159	0	http://www.trainingindustry.com/
s	lRS	1	1123	0	http://www.baidu.com/
s	lRS	1	609	0	http://www.mfgpages.com/
s	lRS	1	604	0	http://www.openfos.com/
s	lRS	1	517	0	http://www.topicway.com/
s	lRS	1	462	0	http://anti-crisis-seo.com/
s	lRS	1	395	0	http://uptime.com/
s	lRS	1	362	0	http://semalt.semalt.com/
s	lRS	1	326	0	http://www.bing.com/
s	lRS	1	301	0	http://chimiver.info/
s	lRS	1	280	0	https://www.google.co.in/
s	lRS	1	262	0	http://google.co.jp/
s	lRS	1	253	0	https://www.thomasnet.com/
s	lRS	1	236	0	http://www.thomasnet.com/
s	lRS	1	234	0	http://www.artparquet.ru/
s	lRS	1	48384	28	[not listed: 4311]
f	*FR	2013	12	18	21	53
f	*LR	2021	11	19	23	01
f	*f	-30R	s
f	lRS	1	133208	433	http://www.gtaeronautics.com/
f	lRS	1	32631	148	http://gtaeronautics.com/
f	lRS	1	4212	43	http://www.gtaeronautics.com/index.html
f	lRS	1	9361	30	http://www.gtaeronautics.com/aboutus.html
f	lRS	1	2394	28	http://www.gtaeronautics.com/GT380 RPAS.html
f	lRS	1	4554	19	https://www.google.com/
f	lRS	1	2007	17	http://www.gtaeronautics.com/uasfc.html
f	lRS	1	2130	16	http://www.gtaeronautics.com/GT1500 RPAS.html
f	lRS	1	1356	15	http://gtaeronautics.com/aboutus.html
f	lRS	1	1375	13	http://www.gtaeronautics.com/contactus.html
f	lRS	1	6922	12	http://www.gtaeronautics.com/CCT&M.html
f	lRS	1	1228	10	http://www.gtaeronautics.com/compnews.html
f	lRS	1	5880	9	http://www.gtaeronautics.com/UASFC.html
f	lRS	1	1588	7	http://www.gtaeronautics.com/GT50T RPAS.html
f	lRS	1	860	5	http://gtaeronautics.com/index.html
f	lRS	1	5520	4	http://gtaeronautics.com/IndNews.html
f	lRS	1	1106	4	http://www.gtaeronautics.com/links.html
f	lRS	1	4209	0	http://www.gtaeronautics.com/ConsultingA.html
f	lRS	1	2458	0	http://www.gtaeronautics.com/pna.html
f	lRS	1	1944	0	http://www.gtaeronautics.com/RD.html
f	lRS	1	1930	0	http://www.gtaeronautics.com/CompNews.html
f	lRS	1	1793	0	http://www.gtaeronautics.com/CFMT.html
f	lRS	1	1770	0	http://www.gtaeronautics.com/SRU.html
f	lRS	1	1662	0	http://www.gtaeronautics.com/consultinga.html
f	lRS	1	1561	0	http://www.gtaeronautics.com/IndNews.html
f	lRS	1	1538	0	http://www.gtaeronautics.com/EMPLOYMENT.html
f	lRS	1	1159	0	http://www.trainingindustry.com/
f	lRS	1	1079	0	http://www.baidu.com/s
f	lRS	1	892	0	http://www.google.com/url
f	lRS	1	878	0	http://www.gtaeronautics.com/FAQ.html
f	lRS	1	67831	87	[not listed: 4937]
n	*FR	2013	12	19	00	28
n	*LR	2020	10	14	09	11
n	*f	0.500000%Q	s
n	Rq	1	374.500	kit
n	Rq	1	374.500	method
n	Rq	2	748.999	crew
n	Rq	28	228.370	aeronautical
n	Rq	1	374.500	airplane.com
n	Rq	5	92.360	faa
n	Rq	40	695.230	gt
n	Rq	1	374.500	moldings
n	Rq	1	374.500	twin
n	Rq	1	374.500	taranis
n	Rq	2	374.500	installerex
n	Rq	2	374.500	http://gtaeronautics.com/
n	Rq	20	184.720	in
n	Rq	1	374.500	scale
n	Rq	1	374.500	observer
n	Rq	1	374.500	drawing?
n	Rq	2	374.500	is
n	Rq	1	374.500	making
n	Rq	2	748.999	fiber
n	Rq	1	374.500	mitsubishi
n	Rq	1	374.500	fuze
n	Rq	1	374.500	http://www.gtaeronautics.com/indnews.html
n	Rq	92	374.500	semalt.com
n	Rq	1	374.500	consultant
n	Rq	15	607.929	manufacturing
n	Rq	1	374.500	2
n	Rq	1	374.500	base
n	Rq	14	792.650	6
n	Rq	1	374.500	http://gtaeronautics.com/indnews.html
n	Rq	1	374.500	always
n	Rq	28	461.800	engineering
n	Rq	1	374.500	northrop
n	Rq	1	374.500	bandwidth
n	Rq	1	374.500	vegas
n	Rq	3	748.999	basic
n	Rq	1	374.500	qinetiq
n	Rq	1	374.500	tooling
n	Rq	1	374.500	on
n	Rq	1	374.500	heavy
n	Rq	9	325.790	drawings
n	Rq	1	374.500	fia
n	Rq	4	374.500	louis%20vuitton%20fashion%20valley%20phone%20number
n	Rq	3	374.500	llc
n	Rq	3	233.430	rullman
n	Rq	1	374.500	cowling
n	Rq	32	233.430	sale
n	Rq	64	466.860	outlet
n	Rq	1	374.500	rotax
n	Rq	1	374.500	ucav
n	Rq	28	87.301	texan
n	Rq	1	374.500	a
n	Rq	2	374.500	customer
n	Rq	1	374.500	rpa
n	Rq	2	748.999	110cc
n	Rq	30	374.500	designer
n	Rq	20	92.360	www.gtaeronautics.com
n	Rq	1	374.500	work
n	Rq	1	374.500	thomas
n	Rq	1	374.500	engie
n	Rq	1	374.500	qualification
n	Rq	1	374.500	custom
n	Rq	1	374.500	mk3
n	Rq	1	374.500	t
n	Rq	1	374.500	uavs
n	Rq	1	374.500	w
n	Rq	2	374.500	satisfaction
n	Rq	2	748.999	x
n	Rq	1	374.500	crews
n	Rq	3	374.500	photos
n	Rq	1	374.500	finnemeccia
n	Rq	2	748.999	glass
n	Rq	1	233.430	to
n	Rq	1	374.500	gcs
n	Rq	5	92.360	engineer
n	Rq	1	374.500	government
n	Rq	1	374.500	operator
n	Rq	6	466.860	aircraft
n	Rq	1	374.500	with
n	Rq	97	748.999	number
n	Rq	4	233.430	for
n	Rq	1	374.500	december
n	Rq	2	748.999	aero
n	Rq	9	748.999	equipment
n	Rq	2	748.999	engine
n	Rq	1	374.500	mq1
n	Rq	2	748.999	wy
n	Rq	1	374.500	custum
n	Rq	1	374.500	g.t
n	Rq	1	374.500	mechanics
n	Rq	1	748.999	motors
n	Rq	1	374.500	tdw
n	Rq	32	92.360	luggage
n	Rq	1	374.500	opportunities
n	Rq	175	136.010	vuitton
n	Rq	1	374.500	show
n	Rq	1	233.430	the
n	Rq	1	374.500	luggages
n	Rq	1	374.500	stroke
n	Rq	2	374.500	explore
n	Rq	39	748.999	handbags
n	Rq	2	748.999	electric
n	Rq	1	374.500	space
n	Rq	1	748.999	air
n	Rq	1	374.500	quote
n	Rq	1	374.500	require
n	Rq	1	374.500	mpp
n	Rq	4	748.999	jobs
n	Rq	5	92.360	uas
n	Rq	1	374.500	anything
n	Rq	1	374.500	china
n	Rq	1	374.500	airplane
n	Rq	10	184.720	uav
n	Rq	2	374.500	wmaid.com
n	Rq	3	607.929	drone
n	Rq	7	841.359	fiberglass
n	Rq	2	374.500	facebook
n	Rq	1	374.500	college
n	Rq	4	607.929	onboard
n	Rq	3	748.999	gtaeronautics.com
n	Rq	1	374.500	qulificationa
n	Rq	21	418.150	simi
n	Rq	1	374.500	and
n	Rq	5	233.430	flight
n	Rq	17	418.150	at6
n	Rq	1	374.500	xtreme
n	Rq	1	374.500	maintenance
n	Rq	1	374.500	cody
n	Rq	1	374.500	systems
n	Rq	1	374.500	any
n	Rq	1	374.500	tom
n	Rq	1	374.500	payload
n	Rq	2	748.999	gta
n	Rq	2	374.500	granger
n	Rq	8	841.359	extreme
n	Rq	6	92.360	molding
n	Rq	2	374.500	easylifeapp
n	Rq	1	374.500	rating
n	Rq	2	374.500	whitelaw
n	Rq	126	841.359	fashion
n	Rq	2	748.999	ice
n	Rq	2	374.500	http://www.gtaeronautics.com/compnews.html
n	Rq	5	748.999	engineers
n	Rq	3	748.999	composite
n	Rq	1	374.500	skyforce
n	Rq	1	374.500	eengineer
n	Rq	175	136.010	louis
n	Rq	8	374.500	store
n	Rq	4	607.929	starter
n	Rq	14	607.929	cheap
n	Rq	1	374.500	diamond
n	Rq	10	700.289	bme
n	Rq	1	374.500	america2009
n	Rq	7	374.500	content
n	Rq	1	374.500	challenge
n	Rq	2	748.999	aeronautic
n	Rq	1	374.500	piece
n	Rq	1	374.500	how
n	Rq	1	374.500	male
n	Rq	2	748.999	design
n	Rq	2	748.999	flying
n	Rq	1	374.500	carbon
n	Rq	1	374.500	operation
n	Rq	2	374.500	profile
n	Rq	1	374.500	tomas
n	Rq	1	374.500	cia
n	Rq	1	374.500	hummingbird
n	Rq	1	374.500	iron
n	Rq	1	374.500	california
n	Rq	1	374.500	amphibian
n	Rq	1	374.500	110
n	Rq	1	374.500	mentioned
n	Rq	1	374.500	111
n	Rq	1	374.500	over
n	Rq	25	228.370	http://www.gtaeronautics.com/
n	Rq	1	374.500	google.com
n	Rq	1	374.500	fuel
n	Rq	2	374.500	inc
n	Rq	1	374.500	handbag.com
n	Rq	1	374.500	da42
n	Rq	2	748.999	certification
n	Rq	1	374.500	timing
n	Rq	1	374.500	2015
n	Rq	1	374.500	home
n	Rq	1	374.500	aerospacecompanies
n	Rq	1	374.500	anti
n	Rq	1	374.500	ziroli
n	Rq	1	374.500	sketches
n	Rq	5	374.500	purses
n	Rq	1	374.500	downlink
n	Rq	3	374.500	aeronotics
n	Rq	1	374.500	nanotechnology
n	Rq	1	374.500	zephyr
n	Rq	4	374.500	wyoming
n	Rq	2	374.500	technology
n	Rq	3	233.430	companies
n	Rq	1	374.500	muffler
n	Rq	2	374.500	avia
n	Rq	2	374.500	what
n	Rq	145	885.010	valley
n	Rq	1	374.500	microwave
n	Rq	1	374.500	mold
n	Rq	5	607.929	pglm
n	Rq	1	374.500	specialist
n	Rq	23	369.440	drawing
n	Rq	1	374.500	tool
n	Rq	1	374.500	security
n	Rq	6	748.999	prototypes
n	Rq	1	374.500	giant
n	Rq	1	374.500	powell
n	Rq	8	841.359	aerospace
n	Rq	4	607.929	unmanned
n	Rq	34	836.300	aeronautics
n	Rq	1	374.500	radius
n	Rq	1	374.500	zero
n	Rq	1	374.500	tobbot
n	Rq	2	748.999	job
n	Rq	2	748.999	neverfull
n	Rq	1	374.500	onbordstarter
n	Rq	20	607.929	ca
n	Rq	1	748.999	as
n	Rq	13	418.150	at
n	Rq	5	92.360	techniques
n	Rq	1	374.500	does
n	Rq	1	374.500	commercial
n	Rq	1	374.500	www.gt
n	Rq	1	374.500	de
n	Rq	1	374.500	co
n	Rq	1	374.500	speedy
n	Rq	1	374.500	rpas
n	Rq	2	748.999	instrument
n	Rq	1	374.500	do
n	Rq	1	374.500	quotation
n	Rq	3	233.430	training
n	Rq	1	374.500	efi
n	Rq	1	374.500	careers
n	Rq	3	233.430	pilot
n	Rq	9	325.790	bandito
n	Rq	4	607.929	quotes
n	Rq	107	607.929	phone
n	Rq	1	374.500	stations
n	Rq	1	374.500	traing
N	*FR	2013	12	19	00	28
N	*LR	2020	10	14	09	11
N	*f	-200Q	s
N	RQ	20	3824876252	gt aeronautics
N	RQ	2	3614244676	fiberglass molding techniques
N	RQ	6	3614244676	manufacturing aeronautical prototypes
N	RQ	19	3614244676	louis vuitton luggage outlet
N	RQ	10	3614244676	louis vuitton fashion valley phone
N	RQ	97	3614244676	louis vuitton fashion valley phone number
N	RQ	2	3614244676	texan at 6
N	RQ	18	3614244676	louis vuitton fashion valley ca
N	RQ	9	3379199154	at 6 texan
N	RQ	6	2933522056	texan at6
N	RQ	5	2933522056	bandito pglm
N	RQ	7	2252799436	bme extreme
N	RQ	7	2252799436	aerospace engineering drawings
N	RQ	1	1807122338	uavs flying over simi valley ca
N	RQ	1	1807122338	gt aeronautics simi valley california
N	RQ	1	1807122338	aeronautical engineer quote
N	RQ	1	1807122338	does aeronautical engineering require drawing?
N	RQ	1	1807122338	how to do gt in engineering drawing
N	RQ	2	1807122338	http://gtaeronautics.com/
N	RQ	1	1807122338	the government college g.t aeronautics
N	RQ	1	1807122338	bme engine
N	RQ	1	1807122338	uas gcs
N	RQ	1	1807122338	http://www.gtaeronautics.com/indnews.html
N	RQ	92	1807122338	semalt.com
N	RQ	1	1807122338	aero iron mentioned nanotechnology hummingbird uav
N	RQ	1	1807122338	basic fiberglass techniques
N	RQ	1	1807122338	http://gtaeronautics.com/indnews.html
N	RQ	1	1807122338	finnemeccia co
N	RQ	2	1807122338	drawing for customer satisfaction
N	RQ	1	1807122338	cheap louis vuitton speedy handbag.com
N	RQ	1	1807122338	at 6
N	RQ	1	1807122338	quotation specialist engineer drawings
N	RQ	1	1807122338	challenge xtreme 111 piece mechanics tool kit
N	RQ	1	1807122338	uav commercial crew stations
N	RQ	1	1807122338	da42 mpp microwave downlink bandwidth
N	RQ	1	1807122338	anti ice de ice qinetiq zephyr
N	RQ	4	1807122338	louis%20vuitton%20fashion%20valley%20phone%20number
N	RQ	1	1807122338	faa uas pilot certification
N	RQ	1	1807122338	any flying crews in gta
N	RQ	1	1807122338	aerospace drawing
N	RQ	1	1807122338	fiber glass molding job
N	RQ	1	1807122338	aircraft design consultant
N	RQ	1	1807122338	www.gt airplane.com
N	RQ	3	1807122338	gt in aeronotics
N	RQ	1	1807122338	tom rullman
N	RQ	1	1807122338	gt aeronautics simi valley ca
N	RQ	1	1807122338	drone base in simi valley
N	RQ	1	1807122338	fiberglass mold making techniques
N	RQ	1	1807122338	rpa instrument qualification faa instrument rating
N	RQ	1	1807122338	extreme bme
N	RQ	1	1807122338	uas faa maintenance
N	RQ	1	1807122338	louis vuitton neverfull
N	RQ	1	1807122338	fiberglass techniques
N	RQ	1	1807122338	aircraft companies in simi valley
N	RQ	1	1807122338	custom fiberglass moldings
N	RQ	11	1807122338	louis vuitton luggage cheap
N	RQ	1	1807122338	anything
N	RQ	1	1807122338	aeronautical engineering sketches
N	RQ	1	1807122338	gtaeronautics.com
N	RQ	1	1807122338	giant scale ziroli at 6
N	RQ	9	1807122338	outlet louis vuitton handbags
N	RQ	1	1807122338	cowling drawing
N	RQ	1	1807122338	mitsubishi zero
N	RQ	1	1807122338	powell wy gt aeronautics
N	RQ	2	1807122338	what is gt in basic engineering drawing
N	RQ	2	1807122338	composite molding
N	RQ	1	1807122338	aeronautics in simi valley and security work
N	RQ	3	1807122338	gt aeronautics llc jobs
N	RQ	1	1807122338	crew flight gta
N	RQ	1	1807122338	110cc engine timing
N	RQ	1	1807122338	aeronautical engineer quotes
N	RQ	2	1807122338	http://www.gtaeronautics.com/compnews.html
N	RQ	4	1807122338	wyoming flight engineers
N	RQ	1	1807122338	a t 6
N	RQ	1	1807122338	gt aeronautics unmanned air
N	RQ	1	1807122338	fia gt composite tooling
N	RQ	1	1807122338	uas pilot certification
N	RQ	1	1807122338	quotes on aeronautical engineers
N	RQ	1	1807122338	payload for diamond northrop twin engie aircraft
N	RQ	7	1807122338	content
N	RQ	1	1807122338	bme 110
N	RQ	1	1807122338	thomas w rullman gt aeronautics
N	RQ	1	1807122338	luggages for sale
N	RQ	2	1807122338	easylifeapp profile
N	RQ	2	1807122338	simi gt
N	RQ	1	1807122338	mq1 design fuel
N	RQ	1	1807122338	airplane as always cia america2009
N	RQ	1	1807122338	eengineer drawing home
N	RQ	1	1807122338	heavy equipment operator jobs
N	RQ	1	1807122338	aero space drone simi valley
N	RQ	1	1807122338	cheap louis vuitton luggage
N	RQ	1	1807122338	2 stroke electric onboard starter
N	RQ	1	1807122338	skyforce observer mk3
N	RQ	1	1807122338	simi valley unmanned aircraft
N	RQ	2	1807122338	granger whitelaw avia
N	RQ	1	1807122338	louis vuitton fashion valley neverfull
N	RQ	1	1807122338	louis vuitton job opportunities
N	RQ	1	1807122338	google.com
N	RQ	1	1807122338	uas operation training method
N	RQ	2	1807122338	wmaid.com explore gtaeronautics.com
N	RQ	1	1807122338	custum muffler 110cc
N	RQ	1	1807122338	glass manufacturing drawings
N	RQ	1	1807122338	electric motors x male uav x sale
N	RQ	1	1807122338	aerospacecompanies in simi valley
N	RQ	1	1807122338	fiberglass molding
N	RQ	2	1807122338	aeronautical technology inc
N	RQ	1	1807122338	taranis ucav
N	RQ	1	1807122338	vegas drone uav show december 2015
N	RQ	1	1807122338	uav companies in simi valley
N	RQ	1	1807122338	unmanned aircraft systems pilot training
N	RQ	2	1807122338	installerex facebook
N	RQ	3	1807122338	texan at6 photos
N	RQ	1	1807122338	aeronautic engineer
N	RQ	30	1807122338	designer handbags outlet sale
N	RQ	1	1807122338	rpas qulificationa traing with faa
N	RQ	1	1807122338	faa uav training
N	RQ	1	1807122338	uav companies simi valley
N	RQ	5	1807122338	louis vuitton purses outlet
N	RQ	1	1807122338	aeronautics
N	RQ	1	1807122338	cheap louis vuitton luggage outlet
N	RQ	1	1807122338	gt aeronautics tomas rullman
N	RQ	1	1807122338	tobbot
N	RQ	1	1807122338	radius tdw efi fuze
N	RQ	8	1807122338	manufacturing equipment store in simi valley
N	RQ	1	1807122338	aeronautic engineer quotes
N	RQ	1	1807122338	onbordstarter
N	RQ	1	1807122338	rotax amphibian unmanned china
N	RQ	1	1807122338	aeronautical engineering quotes
N	RQ	1	1807122338	drawing aircraft engineering
N	RQ	1	1807122338	gt aeronautics careers
N	RQ	1	1807122338	gt aeronautics bandito
N	RQ	1	1807122338	cody wy carbon fiber
N	RQ	8	1572076816	at6 texan
N	RQ	3	1126399718	bandito uav
N	RQ	3	1126399718	onboard starter
N	RQ	25	1101985772	http://www.gtaeronautics.com/
N	RQ	20	445677098	www.gtaeronautics.com
N	RQ	14	210631576	aeronautical engineering drawing
B	*f	-40R	r
B	Rb	36996	5.025	Mozilla/5.0 (compatible; bingbot/2.0;  http://www.bing.com/bingbot.htm)
B	Rb	36306	2.097	ZoominfoBot (zoominfobot at zoominfo dot com)
B	Rb	26170	1.744	Mozilla/5.0 (compatible; Googlebot/2.1;  http://www.google.com/bot.html)
B	Rb	16127	1.402	Mozilla/4.0 (compatible; MSIE 6.0; Windows NT 5.1; SV1)
B	Rb	12705	1.992	Mozilla/5.0 (iPhone; CPU iPhone OS 7_0 like Mac OS X) AppleWebKit/537.51.1 (KHTML, like Gecko) Version/7.0 Mobile/11A465 Safari/9537.53 (compatible; bingbot/2.0;  http://www.bing.com/bingbot.htm)
B	Rb	12560	0.819	Sogou web spider/4.0( http://www.sogou.com/docs/help/webmasters.htm#07)
B	Rb	10025	1.013	Mozilla/5.0 (compatible; YandexBot/3.0;  http://yandex.com/bots)
B	Rb	9978	0.995	Mozilla/5.0 (compatible; Baiduspider/2.0;  http://www.baidu.com/search/spider.html)
B	Rb	9881	0.859	Mozilla/5.0 (Windows NT 6.1; WOW64; Trident/7.0; rv:11.0) like Gecko
B	Rb	8061	1.318	Mozilla/4.0 (compatible; MSIE 7.0; Windows NT 5.1; .NET CLR 1.1.4322; .NET CLR 2.0.50727)
B	Rb	7452	0.604	Mozilla/5.0 (compatible; Yahoo! Slurp; http://help.yahoo.com/help/us/ysearch/slurp)
B	Rb	7100	0.313	Mozilla/4.0 (compatible; MSIE 6.0; Windows NT 5.1; SV1; .NET CLR 2.0.50727)
B	Rb	6942	0.273	Mozilla/4.0 (compatible;)
B	Rb	6669	0.500	Mozilla/5.0 (compatible; AhrefsBot/7.0;  http://ahrefs.com/robot/)
B	Rb	6434	0.455	Mozilla/4.0 (compatible; MSIE 6.0; Windows NT 5.1)
B	Rb	6164	0.066	Mozilla/4.0 (compatible; MSIE 7.0; Windows NT 5.1; .NET CLR 1.1.4322; .NET CLR 2.0.50727; .NET CLR 3.0.4506.2152; .NET CLR 3.5.30729)
B	Rb	6152	0.513	Mozilla/4.0 (compatible; MSIE 7.0; Windows NT 6.1; WOW64; Trident/5.0; SLCC2; .NET CLR 2.0.50727; .NET CLR 3.5.30729; .NET CLR 3.0.30729; Media Center PC 6.0; .NET4.0C; .NET4.0E)
B	Rb	6079	0.334	Mozilla/5.0 (Windows NT 6.1; WOW64) AppleWebKit/537.36 (KHTML, like Gecko) Chrome/36.0.1985.143 Safari/537.36
B	Rb	5848	0.387	Sosospider ( http://help.soso.com/webspider.htm)
B	Rb	5809	0.184	Googlebot-Image/1.0
B	Rb	5436	0.440	Mozilla/5.0 (Windows; U; Windows NT 5.1; en-US; rv:1.7.2) Gecko/20040804 Netscape/7.2 (ax)
B	Rb	5308	0.189	Mozilla/4.0 (compatible; MSIE 7.0; Windows NT 5.1; .NET CLR 1.1.4322; .NET CLR 2.0.50727; .NET CLR 3.0.04506.30)
B	Rb	5241	1.740	Mozilla/5.0 (Windows NT 6.3; WOW64) AppleWebKit/537.36 (KHTML, like Gecko) Chrome/33.0.1736.0 Safari/537.36
B	Rb	5198	0.466	Mozilla/4.0 (compatible; MSIE 7.0; Windows NT 5.1)
B	Rb	4873	0.175	Mozilla/5.0 (compatible; MSIE 9.0; Windows NT 6.1; WOW64; Trident/5.0)
B	Rb	4446	0.257	Mozilla/5.0 (compatible; Yahoo! Slurp/3.0; http://help.yahoo.com/help/us/ysearch/slurp)
B	Rb	4368	0.051	Mozilla/4.0 (compatible; MSIE 7.0; Windows NT 5.1; .NET CLR 2.0.50727; .NET CLR 3.0.4506.2152; .NET CLR 3.5.30729)
B	Rb	4268	0.649	Mozilla/5.0 (iPhone; CPU iPhone OS 7_0 like Mac OS X) AppleWebKit/537.51.1 (KHTML, like Gecko) Version/7.0 Mobile/11A465 Safari/9537.53 BingPreview/1.0b
B	Rb	4114	0.542	Mozilla/5.0 (Linux; Android 6.0.1; Nexus 5X Build/MMB29P) AppleWebKit/537.36 (KHTML, like Gecko) Chrome/41.0.2272.96 Mobile Safari/537.36 (compatible; Googlebot/2.1;  http://www.google.com/bot.html)
B	Rb	3780	0.216	Mozilla/4.0 (compatible; MSIE 6.0; Windows NT 5.1; SV1; .NET CLR 1.1.4322)
B	Rb	3595	0.405	Mozilla/4.0 (compatible; MSIE 7.0; Windows NT 5.1; InfoPath.2; .NET CLR 2.0.50727; .NET CLR)
B	Rb	3515	0.113	Mozilla/5.0 (compatible; SeznamBot/3.2;  http://napoveda.seznam.cz/en/seznambot-intro/)
B	Rb	3493	0.261	Mozilla/5.0 (compatible; MJ12bot/v1.4.5; http://www.majestic12.co.uk/bot.php? )
B	Rb	3481	0.179	Mozilla/5.0 (X11; Datanyze; Linux x86_64) AppleWebKit/537.36 (KHTML, like Gecko) Chrome/65.0.3325.181 Safari/537.36
B	Rb	3452	0.565	PRurl
B	Rb	3260	0.938	Mozilla/5.0 (Linux; U; Android 8.1.0; zh-CN; EML-AL00 Build/HUAWEIEML-AL00) AppleWebKit/537.36 (KHTML, like Gecko) Version/4.0 Chrome/57.0.2987.108 baidu.sogo.uc.UCBrowser/11.9.4.974 UWS/2.13.1.48 Mobile Safari/537.36 AliApp(DingTalk/4.5.11) com.alibaba.android.rimet/10487439 Channel/227200 language/zh-CN
B	Rb	3206	0.788	Mozilla/4.0 (compatible; MSIE 7.0; Windows NT 5.1; .NET CLR 2.0.50727; .NET CLR 1.1.4322)
B	Rb	3062	0.115	Mozilla/4.0 (compatible; MSIE 7.0; Windows NT 5.1; .NET CLR 1.1.4322)
B	Rb	3049	0.059	Mozilla/4.0 (compatible; MSIE 8.0; Windows NT 5.1; Trident/4.0; .NET CLR 2.0.50727; .NET CLR 3.0.4506.2152; .NET CLR 3.5.30729; .NET4.0C; .NET CLR 1.1.4322)
B	Rb	2922	0.332	Mozilla/5.0 (compatible; MSIE 9.0; Windows NT 6.1; Trident/5.0)
B	Rb	667612	70.628	[not listed: 19756]
b	*f	-15Q	s
b	lRQq	1	46	3824876254	138.707	UCWEB
b	lRQq	2	46	3824876254	138.707	UCWEB/2
b	lRQq	1	6	3614244677	131.068	colly - https:
b	lRQq	2	6	3614244677	131.068	colly - https://github
b	lRQq	1	122	4059921774	147.230	MSIE or
b	lRQq	1	14	4059921774	147.230	PycURL
b	lRQq	2	14	4059921774	147.230	PycURL/7
b	lRQq	1	129	3824876252	138.707	AppEngine-Google; ( http:
b	lRQq	2	129	3824876252	138.707	AppEngine-Google; ( http://code
b	lRQq	1	45	3614244676	131.068	Riddler (http:
b	lRQq	2	45	3614244676	131.068	Riddler (http://riddler
b	lRQq	1	320	3614244676	131.068	Blackboard Safeassign
b	lRQq	2	66	1807122338	65.534	Blackboard Safeassign/0
b	lRQq	1	566	3614244676	131.068	Baiduspider ( http:
b	lRQq	2	566	3614244676	131.068	Baiduspider ( http://www
b	lRQq	1	306	3614244676	131.068	NextGenSearchBot
b	lRQq	2	6	1807122338	65.534	NextGenSearchBot/4
b	lRQq	2	300	1807122338	65.534	NextGenSearchBot/1
b	lRQq	1	15	3614244676	131.068	PagesInventory (robot http:
b	lRQq	2	15	3614244676	131.068	PagesInventory (robot http://www
b	lRQq	1	11	3614244676	131.068	BlackBerry9630
b	lRQq	2	11	3614244676	131.068	BlackBerry9630/5
b	lRQq	1	18	3614244676	131.068	Brodie
b	lRQq	2	18	3614244676	131.068	Brodie/1
b	lRQq	1	587	3614244676	131.068	Aboundex
b	lRQq	2	587	3614244676	131.068	Aboundex/0
b	lRQq	1	26	3614244676	131.068	CazoodleBot
b	lRQq	2	1	1807122338	65.534	CazoodleBot/0
b	lRQq	2	25	1807122338	65.534	CazoodleBot/CazoodleBot-0
b	lRQq	1	482	3614244676	131.068	BUbiNG ( http:
b	lRQq	2	482	3614244676	131.068	BUbiNG ( http://law
b	lRQq	1	988444	3065815301	111.180	[not listed: 850]
p	*f	0Q	s
p	lR	1	533792	Windows
p	lR	2	52203	Windows NT
p	lR	2	225894	Unknown Windows
p	lR	2	239611	Windows XP
p	lR	2	2209	Windows 95
p	lR	2	394	Windows CE
p	lR	2	2339	Windows 98
p	lR	2	9339	Windows 2000
p	lR	2	384	Windows 3.1
p	lR	2	1419	Windows ME
p	lR	1	234514	OS unknown
p	lR	1	83669	Macintosh
p	lR	2	79566	Unknown Macintosh
p	lR	2	3116	Macintosh PowerPC
p	lR	2	987	Macintosh 68k
p	lR	1	81245	Known robots
p	lR	1	57885	Unix
p	lR	2	57032	Linux
p	lR	2	22	SunOS
p	lR	2	47	BSD
p	lR	2	781	Other Unix
p	lR	2	3	HP-UX
p	lR	1	16	WebTV
p	lR	1	1	BeOS
p	lR	1	8	OS/2
p	lR	1	7	Amiga
i	*f	0R	s
i	lRc	1	265256	80.471	/images/
i	lRc	1	580065	19.305	[root directory]
i	lRc	1	100780	0.120	/js/
i	lRc	1	52766	0.104	/css/
i	lRc	1	865	0.000	/videos/
i	lRc	1	541	0.000	/client/
i	lRc	1	1	0.000	/cgi-bin/
i	lRc	1	176	0.000	/dev/
i	lRc	2	23	0.000	/dev/css/
i	lRc	2	44	0.000	/dev/js/
i	lRc	2	59	0.000	/dev/images/
i	lRc	1	1	0.000	/secure/
i	lRc	1	74	0.000	/stats/
r	*FR	2007	12	18	17	11
r	*LR	2021	11	19	19	45
r	*f	0.050000%S	s
r	lRSc	1	27101	31	1.740	/aboutus.html
r	lRSc	1	23342	22	16.905	/compnews.html
r	lRSc	1	18327	22	0.835	/contactus.html
r	lRSc	1	5497	20	1.296	/gt380+rpas.html
r	lRSc	1	21943	20	1.792	/uasfc.html
r	lRSc	1	17853	19	1.802	/consultinga.html
r	lRSc	1	8782	19	1.056	/sru.html
r	lRSc	1	5594	19	1.162	/gt1500+rpas.html
r	lRSc	1	15427	16	0.640	/employment.html
r	lRSc	1	27087	16	65.799	/indnews.html
r	lRSc	2	139	0	0.000	/indnews.html?referer=www.clickfind.com.au/wp-login.php
r	lRSc	2	1	0	0.000	/indnews.html?referer=top1.co.pl
r	lRSc	2	1	0	0.000	/indnews.html?referer=www.clickfind.com.au//wp-content/themes/busybee/thumb.php?src=http://blogger.com.opontodaarte.com.br/java.php
r	lRSc	1	13770	16	0.568	/pna.html
r	lRSc	1	14588	15	1.084	/links.html
r	lRSc	1	5245	14	0.849	/gt50t+rpas.html
r	lRSc	1	17086	13	1.028	/cct&m.html
r	lRSc	1	17262	12	0.704	/cfmt.html
r	lRSc	1	985	12	0.693	/gt100hl+rpas.html
r	lRSc	1	13906	11	0.565	/indevents.html
r	lRSc	1	12755	8	0.520	/faq.html
r	lRSc	1	9705	5	0.262	/rd.html
r	lRSc	1	3800	4	0.286	/banditomav.html
r	lRSc	1	3703	3	0.217	/bandituas.html
r	lRSc	1	4081	2	0.068	/uavengines.html
r	lRSc	1	3910	2	0.129	/gtatexan.html
r	lRSc	1	1	0	0.000	/client/bandito timeline2007.html
r	lRSc	1	2	0	0.000	/client/bandit+timeline2004.html
r	lRSc	1	1	0	0.000	/stats/quick.html
r	lRSc	1	1	0	0.000	/404.htm
r	lRSc	1	12	0	0.000	/client/gta010707002.html
r	lRSc	1	72	0	0.000	/client/bandito+development.html
r	lRSc	1	135	0	0.000	/client/welcome.html
r	lRSc	1	3	0	0.000	/client/gta021305001.html
r	lRSc	1	1	0	0.000	/stats/browserrep.html
r	lRSc	1	741	0	0.000	/gt50t rpas.html
r	lRSc	1	5	0	0.000	/client/gta012405001.html
r	lRSc	1	2	0	0.000	/dev/contactus.html
r	lRSc	1	4	0	0.000	/stats/general.html
r	lRSc	1	1	0	0.000	/stats/dailyrep.html
r	lRSc	1	1	0	0.000	/dev/aboutus.html
r	lRSc	1	18	0	0.000	/client/tacamo+development.html
r	lRSc	1	1	0	0.000	/client/bandit development.html
r	lRSc	1	17	0	0.000	/client/bandit+timeline2008.html
r	lRSc	1	1	0	0.000	/client/bandito+timeline2005.html
r	lRSc	1	23	0	0.000	/client/projectbids.html
r	lRSc	1	1	0	0.000	/stats/host.html
r	lRSc	1	11	0	0.000	/client/rq2+outlaw.html
r	lRSc	1	1	0	0.000	/client/bandit timeline2008.html
r	lRSc	1	20	0	0.000	/client/clientpna.html
r	lRSc	1	15	0	0.000	/client/bandit.html
r	lRSc	1	2	0	0.000	/stats/default.asp
r	lRSc	1	21	0	0.000	/index.htm
r	lRSc	1	1	0	0.000	/cgi-bin/testms.pl
r	lRSc	1	977	0	0.000	/gtamt.html
r	lRSc	1	14	0	0.000	/client/rq1+bandit.html
r	lRSc	1	2253	0	0.000	/gt1500 rpas.html
r	lRSc	1	6	0	0.000	/client/gta021305002.html
r	lRSc	1	4	0	0.000	/client/gta121004001.html
r	lRSc	1	24	0	0.000	/client/tacamo.html
r	lRSc	1	30	0	0.000	/client/mgqgcyat.asp
r	lRSc	1	1	0	0.000	/dev/client.cgi
r	lRSc	1	18702	0	0.000	/default.asp
r	lRSc	1	1666	0	0.000	/gt380 rpas.html
r	lRSc	1	1	0	0.000	/client/bandito+timeline2006.html
r	lRSc	1	16	0	0.000	/client/rq3+bandito.html
r	lRSc	1	1	0	0.000	/dev/uasfc.html
r	lRSc	1	229	0	0.000	/client.cgi
r	lRSc	1	71	0	0.000	/client/bandit+development.html
r	lRSc	1	2	0	0.000	/client/bandito development.html
r	lRSc	1	2	0	0.000	/stats/yearly.html
r	lRSc	1	2	0	0.000	/stats/domain.html
r	lRSc	1	1	0	0.000	/stats/monthly.html
r	lRSc	1	2	0	0.000	/stats/weekly.html
r	lRSc	1	8	0	0.000	/client/gta010707001.html
r	lRSc	1	3749	0	0.000	/bidspridpass.html
r	lRSc	1	6356	0	0.000	/pridpass.html
r	lRSc	1	12	0	0.000	/client/bandito.html
r	lRSc	1	1	0	0.000	/dev/pna.html
r	lRSc	1	1	0	0.000	/client/tacamo development.html
r	lRSc	1	4	0	0.000	/stats/index.htm
r	lRSc	1	4	0	0.000	/stats/nav.html
r	lRSc	1	1	0	0.000	/stats/quarterly.html
r	lRSc	1	2	0	0.000	/stats/directory.html
r	lRSc	1	2	0	0.000	/stats/organisation.html
r	lRSc	1	8	0	0.000	/client/bandito+timeline2007.html
r	lRSc	1	7	0	0.000	/client/bandit+timeline2007.html
r	lRSc	1	1	0	0.000	/dev/pridpass.html
t	*f	0.100000%B	b
t	lRb	1	308032	36.697	.html [Hypertext Markup Language]
t	lRb	1	206717	32.533	.jpg  [JPEG graphics]
t	lRb	1	238873	21.940	[directories]
t	lRb	1	778	3.196	.wmv
t	lRb	1	87	3.138	.mpg  [MPEG movie]
t	lRb	1	18734	1.350	.asp  [Active Server REQUESTS]
t	lRb	1	58622	0.411	.gif  [GIF graphics]
t	lRb	1	100824	0.337	.js  [JavaScript code]
t	lRb	1	52781	0.299	.css  [Cascading Style Sheets]
t	lRb	1	15077	0.101	[not listed: 6]
z	*FR	2009	06	30	04	42
z	*LR	2021	11	19	23	30
z	ScR	58	0.000	76851	0
z	ScR	0	0.000	0	1b-  10b
z	ScR	0	0.000	0	11b- 100b
z	ScR	72	0.007	80263	101b-  1kb
z	ScR	610	1.445	460674	1kb- 10kb
z	ScR	538	17.301	322484	10kb-100kb
z	ScR	307	41.633	58960	100kb-  1Mb
z	ScR	45	39.615	1250	1Mb- 10Mb
z	ScR	0	0.000	43	10Mb-100Mb
c	*FR	2014	03	02	13	52
c	*LR	2021	11	19	23	43
c	*f	0R	a
c	R	918860	200 OK
c	R	6492	206 Partial content
c	R	106	301 Document moved permanently
c	R	77	302 Document found elsewhere
c	R	75173	304 Not modified since last retrieval
c	R	718	400 Bad request
c	R	207	401 Authentication required
c	R	178	403 Access forbidden
c	R	407407	404 Document not found
c	R	861	405 Method not allowed
c	R	464	406 Document not acceptable to client
c	R	80	416 Requested range not valid
c	R	615	500 Internal server error
c	R	128	501 Request type not supported
I	*FR	2007	12	11	00	52
I	*LR	2021	11	19	23	43
I	*f	-30S	s
I	lRS	1	98949	141	/robots.txt
I	lRS	1	70	24	/webmail
I	lRS	1	2942	13	/ads.txt
I	lRS	1	556	11	/.env
I	lRS	1	6141	8	/wp-login.php
I	lRS	1	123	6	/images/rq3b+005+006.jpg
I	lRS	1	754	6	/videos/bandito+004+flt+8+clip+092508.wmv
I	lRS	1	140	6	/images/rq3b+005+006a.jpg
I	lRS	1	16	6	/data/dede.php
I	lRS	1	35	6	/inc/aspcms_advjs.asp
I	lRS	1	974	5	/
I	lRS	1	89	5	/index.asp
I	lRS	1	1739	4	/xmlrpc.php
I	lRS	1	604	4	/wordpress/
I	lRS	1	470	4	/pridpass.html
I	lRS	1	802	3	/sitemap.xml
I	lRS	1	9	3	/app/.env
I	lRS	1	77	3	/sitemap.html
I	lRS	1	159	3	/vendor/phpunit/phpunit/src/util/php/eval-stdin.php
I	lRS	1	21	3	/wp-includes/css/modules.php
I	lRS	1	32	2	/sites/default/files/
I	lRS	1	8	2	/telerik.web.ui.webresource.axd
I	lRS	1	33	2	/.well-known/
I	lRS	1	34	2	/wp-admin/css/
I	lRS	1	7	2	/index.php/module/aciton/param1/${@eval($_post[ok])}
I	lRS	1	66	2	/coon.php
I	lRS	1	65	2	/data/
I	lRS	1	75	2	/sitemap_index.xml
I	lRS	1	54	2	/website-sitemap.xml
I	lRS	1	33	2	/admin/controller/extension/extension/
I	lRS	1	295577	55	[not listed: 21861]
L	*FR	2007	12	11	00	52
L	*LR	2021	11	19	23	43
L	*f	-20S	s
L	RS	22	18	180.56.221.21
L	RS	17	17	34.121.244.54
L	RS	8	8	110.82.145.29
L	RS	31	7	66.249.64.231
L	RS	6	6	44.192.94.32
L	RS	46	6	66.249.70.126
L	RS	50	5	203.159.80.220
L	RS	10	5	37.0.11.64
L	RS	7	5	173.239.198.99
L	RS	6	5	173.239.198.108
L	RS	5	5	34.76.121.81
L	RS	15	5	40.77.167.98
L	RS	4	4	65.21.206.46
L	RS	4	4	223.242.20.48
L	RS	4	4	106.35.175.228
L	RS	4	4	123.168.94.117
L	RS	4	4	114.239.149.238
L	RS	4	4	117.26.42.251
L	RS	7	4	173.239.198.98
L	RS	4	4	223.242.108.52
L	RS	410400	215	[not listed: 75327]
K	*FR	2013	12	22	04	20
K	*LR	2021	11	19	18	22
K	*f	-30S	s
K	lRS	1	370	34	http://misc.yahoo.com.cn/
K	lRS	1	175	15	http://www.gtaeronautics.com/BANDITOMAV.html
K	lRS	1	361	8	http://www.baidu.com/
K	lRS	1	867	4	http://gtaeronautics.com/
K	lRS	1	395	3	http://www.gtaeronautics.com/gtaTexan.html
K	lRS	1	49226	0	[not listed: 4892]
E	*FR	2008	01	06	10	12
E	*LR	2021	09	24	12	44
E	*f	-30S	s
E	lSR	1	0	183	[not listed: 6]
l	*FR	2008	01	06	10	12
l	*LR	2021	09	24	12	44
l	*f	-20S	s
l	SR	0	183	[not listed: 101]
v	*f	-20B	b
v	Rb	657415	51.704	66.113.131.59
v	Rb	343110	48.296	64.41.87.40
R	*FR	2008	01	06	10	12
R	*LR	2021	09	24	12	44
R	*f	-20R	r
R	R	178	66.113.131.59
R	R	5	64.41.87.40
M	*FR	2007	12	11	00	52
M	*LR	2021	11	19	23	43
M	*f	-20R	r
M	R	302606	66.113.131.59
M	R	108052	64.41.87.40
J	*FR	2007	12	11	00	53
J	*LR	2017	03	17	18	30
J	*f	-20R	r
J	R	9	gtaeronautics
J	R	5	lorrigkj
J	R	1	rullma2063
J	R	1	administrator
J	R	1	satish
J	R	1	nnnnn
P	*FR	2021	07	23	10	02
P	*LR	2021	11	19	23	30
P	R	37	0
P	R	0	<= 0.01
P	R	613	0.01-0.02
P	R	28454	0.02-0.05
P	R	64849	0.05-0.1 
P	R	79754	0.1 -0.2 
P	R	80508	0.2 -0.5 
P	R	40274	0.5 -1   
P	R	22254	1-  2 
P	R	9570	2-  5 
P	R	5650	5- 10 
P	R	2282	10- 20 
P	R	7963	20- 60 
P	R	726	60-120 
P	R	154	120-300 
