x	VE	analog 5.24
x	HN	gtaeronautics.com
x	PS	2021	10	10	05	46
x	FR	2007	12	18	17	05
x	LR	2021	10	08	23	52
x	E7	2021	10	10	05	46
x	SR	991319
x	S7	1558
x	NC	392337
x	C7	0
x	FL	408158
x	F7	650
x	RR	183
x	R7	0
x	NH	87589
x	H7	317
x	BT	37943529608
x	B7	120769615
1	Rr	79572	8.027	2021
1	Rr	89380	9.016	2020
1	Rr	80088	8.079	2019
1	Rr	68927	6.953	2018
1	Rr	60168	6.069	2017
1	Rr	73316	7.396	2016
1	Rr	80796	8.150	2015
1	Rr	110773	11.174	2014
1	Rr	65173	6.574	2013
1	Rr	60742	6.127	2012
1	Rr	57015	5.751	2011
1	Rr	22139	2.233	2010
1	Rr	69710	7.032	2009
1	Rr	71820	7.245	2008
1	Rr	1700	0.171	2007
1	*BT	R	110773	2014
Q	Rr	1809	0.182	2021	4
Q	Rr	26826	2.706	2021	3
Q	Rr	30675	3.094	2021	2
Q	Rr	20262	2.044	2021	1
Q	Rr	22199	2.239	2020	4
Q	Rr	23882	2.409	2020	3
Q	Rr	21656	2.185	2020	2
Q	Rr	21643	2.183	2020	1
Q	Rr	19098	1.927	2019	4
Q	Rr	19668	1.984	2019	3
Q	Rr	19827	2.000	2019	2
Q	Rr	21495	2.168	2019	1
Q	Rr	18129	1.829	2018	4
Q	Rr	17138	1.729	2018	3
Q	Rr	16928	1.708	2018	2
Q	Rr	16732	1.688	2018	1
Q	Rr	15937	1.608	2017	4
Q	Rr	0	0.000	2017	3
Q	Rr	16831	1.698	2017	2
Q	Rr	27400	2.764	2017	1
Q	Rr	22114	2.231	2016	4
Q	Rr	17621	1.778	2016	3
Q	Rr	15878	1.602	2016	2
Q	Rr	17703	1.786	2016	1
Q	Rr	16575	1.672	2015	4
Q	Rr	22104	2.230	2015	3
Q	Rr	22485	2.268	2015	2
Q	Rr	19632	1.980	2015	1
Q	Rr	21142	2.133	2014	4
Q	Rr	22272	2.247	2014	3
Q	Rr	31453	3.173	2014	2
Q	Rr	35906	3.622	2014	1
Q	Rr	16436	1.658	2013	4
Q	Rr	15216	1.535	2013	3
Q	Rr	16545	1.669	2013	2
Q	Rr	16976	1.712	2013	1
Q	Rr	16578	1.672	2012	4
Q	Rr	12511	1.262	2012	3
Q	Rr	15816	1.595	2012	2
Q	Rr	15837	1.598	2012	1
Q	Rr	15444	1.558	2011	4
Q	Rr	17386	1.754	2011	3
Q	Rr	9395	0.948	2011	2
Q	Rr	14790	1.492	2011	1
Q	Rr	1603	0.162	2010	4
Q	Rr	0	0.000	2010	3
Q	Rr	14047	1.417	2010	2
Q	Rr	6489	0.655	2010	1
Q	Rr	16350	1.649	2009	4
Q	Rr	18220	1.838	2009	3
Q	Rr	17115	1.726	2009	2
Q	Rr	18025	1.818	2009	1
Q	Rr	15905	1.604	2008	4
Q	Rr	15660	1.580	2008	3
Q	Rr	22448	2.264	2008	2
Q	Rr	17807	1.796	2008	1
Q	Rr	1700	0.171	2007	4
Q	*BT	R	35906	2014	1
m	Rr	1809	0.182	2021	10
m	Rr	6059	0.611	2021	09
m	Rr	9092	0.917	2021	08
m	Rr	11675	1.178	2021	07
m	Rr	10152	1.024	2021	06
m	Rr	10231	1.032	2021	05
m	Rr	10292	1.038	2021	04
m	Rr	7948	0.802	2021	03
m	Rr	5800	0.585	2021	02
m	Rr	6514	0.657	2021	01
m	Rr	8069	0.814	2020	12
m	Rr	6579	0.664	2020	11
m	Rr	7551	0.762	2020	10
m	Rr	8028	0.810	2020	09
m	Rr	7741	0.781	2020	08
m	Rr	8113	0.818	2020	07
m	Rr	7317	0.738	2020	06
m	Rr	6898	0.696	2020	05
m	Rr	7441	0.751	2020	04
m	Rr	7524	0.759	2020	03
m	Rr	7322	0.739	2020	02
m	Rr	6797	0.686	2020	01
m	Rr	6573	0.663	2019	12
m	Rr	5917	0.597	2019	11
m	Rr	6608	0.667	2019	10
m	Rr	6791	0.685	2019	09
m	Rr	6597	0.665	2019	08
m	Rr	6280	0.633	2019	07
m	Rr	6317	0.637	2019	06
m	Rr	6847	0.691	2019	05
m	Rr	6663	0.672	2019	04
m	Rr	7059	0.712	2019	03
m	Rr	6374	0.643	2019	02
m	Rr	8062	0.813	2019	01
m	Rr	6957	0.702	2018	12
m	Rr	5422	0.547	2018	11
m	Rr	5750	0.580	2018	10
m	Rr	5458	0.551	2018	09
m	Rr	5735	0.579	2018	08
m	Rr	5945	0.600	2018	07
m	Rr	7110	0.717	2018	06
m	Rr	6440	0.650	2018	05
m	Rr	3378	0.341	2018	04
m	Rr	5789	0.584	2018	03
m	Rr	5369	0.542	2018	02
m	Rr	5574	0.562	2018	01
m	Rr	3906	0.394	2017	12
m	Rr	6533	0.659	2017	11
m	Rr	5498	0.555	2017	10
m	Rr	0	0.000	2017	09
m	Rr	0	0.000	2017	08
m	Rr	0	0.000	2017	07
m	Rr	0	0.000	2017	06
m	Rr	6832	0.689	2017	05
m	Rr	9999	1.009	2017	04
m	Rr	11887	1.199	2017	03
m	Rr	7941	0.801	2017	02
m	Rr	7572	0.764	2017	01
m	Rr	9483	0.957	2016	12
m	Rr	7121	0.718	2016	11
m	Rr	5510	0.556	2016	10
m	Rr	6288	0.634	2016	09
m	Rr	5888	0.594	2016	08
m	Rr	5445	0.549	2016	07
m	Rr	5042	0.509	2016	06
m	Rr	5495	0.554	2016	05
m	Rr	5341	0.539	2016	04
m	Rr	5558	0.561	2016	03
m	Rr	5548	0.560	2016	02
m	Rr	6597	0.665	2016	01
m	Rr	5574	0.562	2015	12
m	Rr	5330	0.538	2015	11
m	Rr	5671	0.572	2015	10
m	Rr	6196	0.625	2015	09
m	Rr	6788	0.685	2015	08
m	Rr	9120	0.920	2015	07
m	Rr	7156	0.722	2015	06
m	Rr	5694	0.574	2015	05
m	Rr	9635	0.972	2015	04
m	Rr	6215	0.627	2015	03
m	Rr	6084	0.614	2015	02
m	Rr	7333	0.740	2015	01
m	Rr	6608	0.667	2014	12
m	Rr	6997	0.706	2014	11
m	Rr	7537	0.760	2014	10
m	Rr	7043	0.710	2014	09
m	Rr	7324	0.739	2014	08
m	Rr	7905	0.797	2014	07
m	Rr	11654	1.176	2014	06
m	Rr	9211	0.929	2014	05
m	Rr	10588	1.068	2014	04
m	Rr	7817	0.789	2014	03
m	Rr	15229	1.536	2014	02
m	Rr	12860	1.297	2014	01
m	Rr	5325	0.537	2013	12
m	Rr	5513	0.556	2013	11
m	Rr	5598	0.565	2013	10
m	Rr	4655	0.470	2013	09
m	Rr	4938	0.498	2013	08
m	Rr	5623	0.567	2013	07
m	Rr	5492	0.554	2013	06
m	Rr	5211	0.526	2013	05
m	Rr	5842	0.589	2013	04
m	Rr	6068	0.612	2013	03
m	Rr	5055	0.510	2013	02
m	Rr	5853	0.590	2013	01
m	Rr	5688	0.574	2012	12
m	Rr	5477	0.552	2012	11
m	Rr	5413	0.546	2012	10
m	Rr	4331	0.437	2012	09
m	Rr	3866	0.390	2012	08
m	Rr	4314	0.435	2012	07
m	Rr	4655	0.470	2012	06
m	Rr	6047	0.610	2012	05
m	Rr	5114	0.516	2012	04
m	Rr	6128	0.618	2012	03
m	Rr	5430	0.548	2012	02
m	Rr	4279	0.432	2012	01
m	Rr	5548	0.560	2011	12
m	Rr	4779	0.482	2011	11
m	Rr	5117	0.516	2011	10
m	Rr	5431	0.548	2011	09
m	Rr	6256	0.631	2011	08
m	Rr	5699	0.575	2011	07
m	Rr	5420	0.547	2011	06
m	Rr	3975	0.401	2011	05
m	Rr	0	0.000	2011	04
m	Rr	3608	0.364	2011	03
m	Rr	5171	0.522	2011	02
m	Rr	6011	0.606	2011	01
m	Rr	1603	0.162	2010	12
m	Rr	0	0.000	2010	11
m	Rr	0	0.000	2010	10
m	Rr	0	0.000	2010	09
m	Rr	0	0.000	2010	08
m	Rr	0	0.000	2010	07
m	Rr	4101	0.414	2010	06
m	Rr	5018	0.506	2010	05
m	Rr	4928	0.497	2010	04
m	Rr	5095	0.514	2010	03
m	Rr	1394	0.141	2010	02
m	Rr	0	0.000	2010	01
m	Rr	4665	0.471	2009	12
m	Rr	6187	0.624	2009	11
m	Rr	5498	0.555	2009	10
m	Rr	5066	0.511	2009	09
m	Rr	5718	0.577	2009	08
m	Rr	7436	0.750	2009	07
m	Rr	5685	0.573	2009	06
m	Rr	6120	0.617	2009	05
m	Rr	5310	0.536	2009	04
m	Rr	5515	0.556	2009	03
m	Rr	6123	0.618	2009	02
m	Rr	6387	0.644	2009	01
m	Rr	5763	0.581	2008	12
m	Rr	5420	0.547	2008	11
m	Rr	4722	0.476	2008	10
m	Rr	5435	0.548	2008	09
m	Rr	4843	0.489	2008	08
m	Rr	5382	0.543	2008	07
m	Rr	6082	0.614	2008	06
m	Rr	9946	1.003	2008	05
m	Rr	6420	0.648	2008	04
m	Rr	5431	0.548	2008	03
m	Rr	6469	0.653	2008	02
m	Rr	5907	0.596	2008	01
m	Rr	1700	0.171	2007	12
m	*BT	R	15229	2014	02
W	Rr	1615	0.163	2021	10	03
W	Rr	1598	0.161	2021	09	26
W	Rr	1646	0.166	2021	09	19
W	Rr	1203	0.121	2021	09	12
W	Rr	1106	0.112	2021	09	05
W	Rr	1383	0.140	2021	08	29
W	Rr	1685	0.170	2021	08	22
W	Rr	2071	0.209	2021	08	15
W	Rr	2279	0.230	2021	08	08
W	Rr	2374	0.239	2021	08	01
W	Rr	2543	0.257	2021	07	25
W	Rr	2843	0.287	2021	07	18
W	Rr	2777	0.280	2021	07	11
W	Rr	2756	0.278	2021	07	04
W	Rr	2524	0.255	2021	06	27
W	Rr	2466	0.249	2021	06	20
W	Rr	2262	0.228	2021	06	13
W	Rr	2264	0.228	2021	06	06
W	Rr	2101	0.212	2021	05	30
W	Rr	3009	0.304	2021	05	23
W	Rr	1989	0.201	2021	05	16
W	Rr	2386	0.241	2021	05	09
W	Rr	2138	0.216	2021	05	02
W	Rr	1668	0.168	2021	04	25
W	Rr	2413	0.243	2021	04	18
W	Rr	3035	0.306	2021	04	11
W	Rr	2709	0.273	2021	04	04
W	Rr	1942	0.196	2021	03	28
W	Rr	1666	0.168	2021	03	21
W	Rr	1476	0.149	2021	03	14
W	Rr	1713	0.173	2021	03	07
W	Rr	1777	0.179	2021	02	28
W	Rr	1173	0.118	2021	02	21
W	Rr	1101	0.111	2021	02	14
W	Rr	1699	0.171	2021	02	07
W	Rr	1867	0.188	2021	01	31
W	Rr	1404	0.142	2021	01	24
W	Rr	1564	0.158	2021	01	17
W	Rr	1431	0.144	2021	01	10
W	Rr	1666	0.168	2021	01	03
W	Rr	1926	0.194	2020	12	27
W	Rr	1572	0.159	2020	12	20
W	Rr	1404	0.142	2020	12	13
W	Rr	2272	0.229	2020	12	06
W	Rr	1522	0.154	2020	11	29
W	Rr	1722	0.174	2020	11	22
W	Rr	1580	0.159	2020	11	15
W	Rr	1401	0.141	2020	11	08
W	Rr	1499	0.151	2020	11	01
W	Rr	1470	0.148	2020	10	25
W	Rr	2379	0.240	2020	10	18
W	Rr	1559	0.157	2020	10	11
W	Rr	1729	0.174	2020	10	04
W	Rr	1674	0.169	2020	09	27
W	Rr	1786	0.180	2020	09	20
W	Rr	2200	0.222	2020	09	13
W	Rr	1677	0.169	2020	09	06
W	Rr	1596	0.161	2020	08	30
W	Rr	1833	0.185	2020	08	23
W	Rr	1814	0.183	2020	08	16
W	Rr	2206	0.223	2020	08	09
W	Rr	1397	0.141	2020	08	02
W	Rr	1816	0.183	2020	07	26
W	Rr	1949	0.197	2020	07	19
W	Rr	1532	0.155	2020	07	12
W	Rr	1976	0.199	2020	07	05
W	Rr	1600	0.161	2020	06	28
W	Rr	1627	0.164	2020	06	21
W	Rr	2101	0.212	2020	06	14
W	Rr	1590	0.160	2020	06	07
W	Rr	1492	0.151	2020	05	31
W	Rr	1556	0.157	2020	05	24
W	Rr	1756	0.177	2020	05	17
W	Rr	1568	0.158	2020	05	10
W	Rr	1567	0.158	2020	05	03
W	Rr	1734	0.175	2020	04	26
W	Rr	1675	0.169	2020	04	19
W	Rr	1702	0.172	2020	04	12
W	Rr	1965	0.198	2020	04	05
W	Rr	1329	0.134	2020	03	29
W	Rr	1818	0.183	2020	03	22
W	Rr	1345	0.136	2020	03	15
W	Rr	1581	0.159	2020	03	08
W	Rr	2014	0.203	2020	03	01
W	Rr	1942	0.196	2020	02	23
W	Rr	1748	0.176	2020	02	16
W	Rr	1949	0.197	2020	02	09
W	Rr	1683	0.170	2020	02	02
W	Rr	1436	0.145	2020	01	26
W	Rr	1792	0.181	2020	01	19
W	Rr	1519	0.153	2020	01	12
W	Rr	1420	0.143	2020	01	05
W	Rr	1109	0.112	2019	12	29
W	Rr	1023	0.103	2019	12	22
W	Rr	1584	0.160	2019	12	15
W	Rr	1783	0.180	2019	12	08
W	Rr	1704	0.172	2019	12	01
W	Rr	1178	0.119	2019	11	24
W	Rr	1697	0.171	2019	11	17
W	Rr	1510	0.152	2019	11	10
W	Rr	1383	0.140	2019	11	03
W	Rr	1309	0.132	2019	10	27
W	Rr	1473	0.149	2019	10	20
W	Rr	1519	0.153	2019	10	13
W	Rr	1485	0.150	2019	10	06
W	Rr	1416	0.143	2019	09	29
W	Rr	1499	0.151	2019	09	22
W	Rr	1652	0.167	2019	09	15
W	Rr	1710	0.172	2019	09	08
W	Rr	1485	0.150	2019	09	01
W	Rr	1689	0.170	2019	08	25
W	Rr	1315	0.133	2019	08	18
W	Rr	1619	0.163	2019	08	11
W	Rr	1558	0.157	2019	08	04
W	Rr	1360	0.137	2019	07	28
W	Rr	1191	0.120	2019	07	21
W	Rr	1730	0.175	2019	07	14
W	Rr	1299	0.131	2019	07	07
W	Rr	1339	0.135	2019	06	30
W	Rr	1592	0.161	2019	06	23
W	Rr	1497	0.151	2019	06	16
W	Rr	1450	0.146	2019	06	09
W	Rr	1555	0.157	2019	06	02
W	Rr	1289	0.130	2019	05	26
W	Rr	1863	0.188	2019	05	19
W	Rr	1385	0.140	2019	05	12
W	Rr	1553	0.157	2019	05	05
W	Rr	1655	0.167	2019	04	28
W	Rr	1282	0.129	2019	04	21
W	Rr	1503	0.152	2019	04	14
W	Rr	1623	0.164	2019	04	07
W	Rr	1715	0.173	2019	03	31
W	Rr	1882	0.190	2019	03	24
W	Rr	1464	0.148	2019	03	17
W	Rr	1381	0.139	2019	03	10
W	Rr	1627	0.164	2019	03	03
W	Rr	1773	0.179	2019	02	24
W	Rr	1669	0.168	2019	02	17
W	Rr	1483	0.150	2019	02	10
W	Rr	1391	0.140	2019	02	03
W	Rr	1797	0.181	2019	01	27
W	Rr	1963	0.198	2019	01	20
W	Rr	2029	0.205	2019	01	13
W	Rr	1696	0.171	2019	01	06
W	Rr	1526	0.154	2018	12	30
W	Rr	1226	0.124	2018	12	23
W	Rr	1442	0.145	2018	12	16
W	Rr	1936	0.195	2018	12	09
W	Rr	1809	0.182	2018	12	02
W	Rr	1295	0.131	2018	11	25
W	Rr	1820	0.184	2018	11	18
W	Rr	1802	0.182	2018	11	11
W	Rr	0	0.000	2018	11	04
W	Rr	1473	0.149	2018	10	28
W	Rr	1106	0.112	2018	10	21
W	Rr	1427	0.144	2018	10	14
W	Rr	1214	0.122	2018	10	07
W	Rr	1168	0.118	2018	09	30
W	Rr	1420	0.143	2018	09	23
W	Rr	1197	0.121	2018	09	16
W	Rr	1388	0.140	2018	09	09
W	Rr	1320	0.133	2018	09	02
W	Rr	1246	0.126	2018	08	26
W	Rr	1214	0.122	2018	08	19
W	Rr	1366	0.138	2018	08	12
W	Rr	1195	0.121	2018	08	05
W	Rr	1346	0.136	2018	07	29
W	Rr	1374	0.139	2018	07	22
W	Rr	1508	0.152	2018	07	15
W	Rr	1522	0.154	2018	07	08
W	Rr	909	0.092	2018	07	01
W	Rr	1444	0.146	2018	06	24
W	Rr	2682	0.271	2018	06	17
W	Rr	1365	0.138	2018	06	10
W	Rr	1329	0.134	2018	06	03
W	Rr	1275	0.129	2018	05	27
W	Rr	1392	0.140	2018	05	20
W	Rr	1321	0.133	2018	05	13
W	Rr	1527	0.154	2018	05	06
W	Rr	1517	0.153	2018	04	29
W	Rr	0	0.000	2018	04	22
W	Rr	1364	0.138	2018	04	15
W	Rr	1712	0.173	2018	04	08
W	Rr	0	0.000	2018	04	01
W	Rr	1543	0.156	2018	03	25
W	Rr	1342	0.135	2018	03	18
W	Rr	2429	0.245	2018	03	11
W	Rr	0	0.000	2018	03	04
W	Rr	1366	0.138	2018	02	25
W	Rr	1308	0.132	2018	02	18
W	Rr	1439	0.145	2018	02	11
W	Rr	1731	0.175	2018	02	04
W	Rr	0	0.000	2018	01	28
W	Rr	1434	0.145	2018	01	21
W	Rr	1578	0.159	2018	01	14
W	Rr	1471	0.148	2018	01	07
W	Rr	1246	0.126	2017	12	31
W	Rr	1033	0.104	2017	12	24
W	Rr	1103	0.111	2017	12	17
W	Rr	1406	0.142	2017	12	10
W	Rr	0	0.000	2017	12	03
W	Rr	1335	0.135	2017	11	26
W	Rr	1427	0.144	2017	11	19
W	Rr	1662	0.168	2017	11	12
W	Rr	1414	0.143	2017	11	05
W	Rr	1349	0.136	2017	10	29
W	Rr	1208	0.122	2017	10	22
W	Rr	2013	0.203	2017	10	15
W	Rr	1832	0.185	2017	10	08
W	Rr	0	0.000	2017	10	01
W	Rr	0	0.000	2017	09	24
W	Rr	0	0.000	2017	09	17
W	Rr	0	0.000	2017	09	10
W	Rr	0	0.000	2017	09	03
W	Rr	0	0.000	2017	08	27
W	Rr	0	0.000	2017	08	20
W	Rr	0	0.000	2017	08	13
W	Rr	0	0.000	2017	08	06
W	Rr	0	0.000	2017	07	30
W	Rr	0	0.000	2017	07	23
W	Rr	0	0.000	2017	07	16
W	Rr	0	0.000	2017	07	09
W	Rr	0	0.000	2017	07	02
W	Rr	0	0.000	2017	06	25
W	Rr	0	0.000	2017	06	18
W	Rr	0	0.000	2017	06	11
W	Rr	0	0.000	2017	06	04
W	Rr	25	0.003	2017	05	28
W	Rr	1838	0.185	2017	05	21
W	Rr	1915	0.193	2017	05	14
W	Rr	1676	0.169	2017	05	07
W	Rr	1677	0.169	2017	04	30
W	Rr	2071	0.209	2017	04	23
W	Rr	1978	0.200	2017	04	16
W	Rr	1874	0.189	2017	04	09
W	Rr	3435	0.347	2017	04	02
W	Rr	2619	0.264	2017	03	26
W	Rr	2633	0.266	2017	03	19
W	Rr	2413	0.243	2017	03	12
W	Rr	3092	0.312	2017	03	05
W	Rr	2295	0.232	2017	02	26
W	Rr	2204	0.222	2017	02	19
W	Rr	1869	0.189	2017	02	12
W	Rr	1973	0.199	2017	02	05
W	Rr	1783	0.180	2017	01	29
W	Rr	1768	0.178	2017	01	22
W	Rr	1585	0.160	2017	01	15
W	Rr	1768	0.178	2017	01	08
W	Rr	1740	0.176	2017	01	01
W	Rr	1549	0.156	2016	12	25
W	Rr	2202	0.222	2016	12	18
W	Rr	1812	0.183	2016	12	11
W	Rr	2648	0.267	2016	12	04
W	Rr	2236	0.226	2016	11	27
W	Rr	1321	0.133	2016	11	20
W	Rr	1996	0.201	2016	11	13
W	Rr	1716	0.173	2016	11	06
W	Rr	1564	0.158	2016	10	30
W	Rr	1362	0.137	2016	10	23
W	Rr	1707	0.172	2016	10	16
W	Rr	1696	0.171	2016	10	09
W	Rr	36	0.004	2016	10	02
W	Rr	2002	0.202	2016	09	25
W	Rr	1399	0.141	2016	09	18
W	Rr	1199	0.121	2016	09	11
W	Rr	1326	0.134	2016	09	04
W	Rr	1316	0.133	2016	08	28
W	Rr	1257	0.127	2016	08	21
W	Rr	1208	0.122	2016	08	14
W	Rr	1602	0.162	2016	08	07
W	Rr	1319	0.133	2016	07	31
W	Rr	1796	0.181	2016	07	24
W	Rr	1171	0.118	2016	07	17
W	Rr	1167	0.118	2016	07	10
W	Rr	917	0.093	2016	07	03
W	Rr	920	0.093	2016	06	26
W	Rr	1179	0.119	2016	06	19
W	Rr	1288	0.130	2016	06	12
W	Rr	1237	0.125	2016	06	05
W	Rr	1263	0.127	2016	05	29
W	Rr	1338	0.135	2016	05	22
W	Rr	1184	0.119	2016	05	15
W	Rr	1365	0.138	2016	05	08
W	Rr	974	0.098	2016	05	01
W	Rr	1311	0.132	2016	04	24
W	Rr	1127	0.114	2016	04	17
W	Rr	1248	0.126	2016	04	10
W	Rr	1451	0.146	2016	04	03
W	Rr	987	0.100	2016	03	27
W	Rr	1233	0.124	2016	03	20
W	Rr	1347	0.136	2016	03	13
W	Rr	1347	0.136	2016	03	06
W	Rr	1236	0.125	2016	02	28
W	Rr	1422	0.143	2016	02	21
W	Rr	1085	0.109	2016	02	14
W	Rr	1427	0.144	2016	02	07
W	Rr	1359	0.137	2016	01	31
W	Rr	1708	0.172	2016	01	24
W	Rr	1476	0.149	2016	01	17
W	Rr	1563	0.158	2016	01	10
W	Rr	1381	0.139	2016	01	03
W	Rr	1273	0.128	2015	12	27
W	Rr	1084	0.109	2015	12	20
W	Rr	1344	0.136	2015	12	13
W	Rr	1336	0.135	2015	12	06
W	Rr	1123	0.113	2015	11	29
W	Rr	960	0.097	2015	11	22
W	Rr	1337	0.135	2015	11	15
W	Rr	1400	0.141	2015	11	08
W	Rr	1383	0.140	2015	11	01
W	Rr	1250	0.126	2015	10	25
W	Rr	1366	0.138	2015	10	18
W	Rr	1367	0.138	2015	10	11
W	Rr	1214	0.122	2015	10	04
W	Rr	1152	0.116	2015	09	27
W	Rr	1387	0.140	2015	09	20
W	Rr	1655	0.167	2015	09	13
W	Rr	1526	0.154	2015	09	06
W	Rr	1242	0.125	2015	08	30
W	Rr	1800	0.182	2015	08	23
W	Rr	1527	0.154	2015	08	16
W	Rr	1386	0.140	2015	08	09
W	Rr	1593	0.161	2015	08	02
W	Rr	1567	0.158	2015	07	26
W	Rr	1980	0.200	2015	07	19
W	Rr	2180	0.220	2015	07	12
W	Rr	2008	0.203	2015	07	05
W	Rr	2297	0.232	2015	06	28
W	Rr	1556	0.157	2015	06	21
W	Rr	1380	0.139	2015	06	14
W	Rr	2013	0.203	2015	06	07
W	Rr	1651	0.167	2015	05	31
W	Rr	1224	0.123	2015	05	24
W	Rr	1355	0.137	2015	05	17
W	Rr	1179	0.119	2015	05	10
W	Rr	1436	0.145	2015	05	03
W	Rr	1671	0.169	2015	04	26
W	Rr	1878	0.189	2015	04	19
W	Rr	2326	0.235	2015	04	12
W	Rr	2636	0.266	2015	04	05
W	Rr	2297	0.232	2015	03	29
W	Rr	1237	0.125	2015	03	22
W	Rr	1453	0.147	2015	03	15
W	Rr	1399	0.141	2015	03	08
W	Rr	1287	0.130	2015	03	01
W	Rr	1249	0.126	2015	02	22
W	Rr	1373	0.139	2015	02	15
W	Rr	1790	0.181	2015	02	08
W	Rr	1672	0.169	2015	02	01
W	Rr	1543	0.156	2015	01	25
W	Rr	1463	0.148	2015	01	18
W	Rr	1696	0.171	2015	01	11
W	Rr	1707	0.172	2015	01	04
W	Rr	1833	0.185	2014	12	28
W	Rr	1335	0.135	2014	12	21
W	Rr	1644	0.166	2014	12	14
W	Rr	1541	0.155	2014	12	07
W	Rr	1335	0.135	2014	11	30
W	Rr	1262	0.127	2014	11	23
W	Rr	2009	0.203	2014	11	16
W	Rr	1566	0.158	2014	11	09
W	Rr	1814	0.183	2014	11	02
W	Rr	1452	0.146	2014	10	26
W	Rr	1642	0.166	2014	10	19
W	Rr	1795	0.181	2014	10	12
W	Rr	1836	0.185	2014	10	05
W	Rr	1662	0.168	2014	09	28
W	Rr	1843	0.186	2014	09	21
W	Rr	1678	0.169	2014	09	14
W	Rr	1598	0.161	2014	09	07
W	Rr	1418	0.143	2014	08	31
W	Rr	1584	0.160	2014	08	24
W	Rr	1571	0.158	2014	08	17
W	Rr	1727	0.174	2014	08	10
W	Rr	1927	0.194	2014	08	03
W	Rr	1691	0.171	2014	07	27
W	Rr	1702	0.172	2014	07	20
W	Rr	1624	0.164	2014	07	13
W	Rr	1831	0.185	2014	07	06
W	Rr	1867	0.188	2014	06	29
W	Rr	1927	0.194	2014	06	22
W	Rr	2134	0.215	2014	06	15
W	Rr	4851	0.489	2014	06	08
W	Rr	2293	0.231	2014	06	01
W	Rr	3180	0.321	2014	05	25
W	Rr	1468	0.148	2014	05	18
W	Rr	1808	0.182	2014	05	11
W	Rr	1998	0.202	2014	05	04
W	Rr	1876	0.189	2014	04	27
W	Rr	2330	0.235	2014	04	20
W	Rr	2565	0.259	2014	04	13
W	Rr	2652	0.268	2014	04	06
W	Rr	2574	0.260	2014	03	30
W	Rr	1186	0.120	2014	03	23
W	Rr	1305	0.132	2014	03	16
W	Rr	2273	0.229	2014	03	09
W	Rr	2231	0.225	2014	03	02
W	Rr	1925	0.194	2014	02	23
W	Rr	7060	0.712	2014	02	16
W	Rr	2854	0.288	2014	02	09
W	Rr	3190	0.322	2014	02	02
W	Rr	3743	0.378	2014	01	26
W	Rr	3643	0.367	2014	01	19
W	Rr	2961	0.299	2014	01	12
W	Rr	2319	0.234	2014	01	05
W	Rr	981	0.099	2013	12	29
W	Rr	1108	0.112	2013	12	22
W	Rr	1226	0.124	2013	12	15
W	Rr	1285	0.130	2013	12	08
W	Rr	1289	0.130	2013	12	01
W	Rr	1404	0.142	2013	11	24
W	Rr	1142	0.115	2013	11	17
W	Rr	1334	0.135	2013	11	10
W	Rr	1277	0.129	2013	11	03
W	Rr	1035	0.104	2013	10	27
W	Rr	1309	0.132	2013	10	20
W	Rr	1302	0.131	2013	10	13
W	Rr	1432	0.144	2013	10	06
W	Rr	1178	0.119	2013	09	29
W	Rr	947	0.096	2013	09	22
W	Rr	1254	0.126	2013	09	15
W	Rr	1099	0.111	2013	09	08
W	Rr	1053	0.106	2013	09	01
W	Rr	1010	0.102	2013	08	25
W	Rr	1102	0.111	2013	08	18
W	Rr	1063	0.107	2013	08	11
W	Rr	1105	0.111	2013	08	04
W	Rr	1377	0.139	2013	07	28
W	Rr	1498	0.151	2013	07	21
W	Rr	1295	0.131	2013	07	14
W	Rr	1237	0.125	2013	07	07
W	Rr	1003	0.101	2013	06	30
W	Rr	1275	0.129	2013	06	23
W	Rr	1072	0.108	2013	06	16
W	Rr	1249	0.126	2013	06	09
W	Rr	1521	0.153	2013	06	02
W	Rr	1256	0.127	2013	05	26
W	Rr	1091	0.110	2013	05	19
W	Rr	1359	0.137	2013	05	12
W	Rr	1130	0.114	2013	05	05
W	Rr	1215	0.123	2013	04	28
W	Rr	1368	0.138	2013	04	21
W	Rr	1318	0.133	2013	04	14
W	Rr	1408	0.142	2013	04	07
W	Rr	1277	0.129	2013	03	31
W	Rr	1452	0.146	2013	03	24
W	Rr	1418	0.143	2013	03	17
W	Rr	1217	0.123	2013	03	10
W	Rr	1490	0.150	2013	03	03
W	Rr	1353	0.136	2013	02	24
W	Rr	1268	0.128	2013	02	17
W	Rr	1274	0.129	2013	02	10
W	Rr	1153	0.116	2013	02	03
W	Rr	1266	0.128	2013	01	27
W	Rr	1271	0.128	2013	01	20
W	Rr	1449	0.146	2013	01	13
W	Rr	1253	0.126	2013	01	06
W	Rr	1309	0.132	2012	12	30
W	Rr	1156	0.117	2012	12	23
W	Rr	1336	0.135	2012	12	16
W	Rr	1575	0.159	2012	12	09
W	Rr	1087	0.110	2012	12	02
W	Rr	1376	0.139	2012	11	25
W	Rr	1136	0.115	2012	11	18
W	Rr	1341	0.135	2012	11	11
W	Rr	1418	0.143	2012	11	04
W	Rr	1103	0.111	2012	10	28
W	Rr	1200	0.121	2012	10	21
W	Rr	1382	0.139	2012	10	14
W	Rr	1127	0.114	2012	10	07
W	Rr	1187	0.120	2012	09	30
W	Rr	1172	0.118	2012	09	23
W	Rr	1034	0.104	2012	09	16
W	Rr	944	0.095	2012	09	09
W	Rr	958	0.097	2012	09	02
W	Rr	734	0.074	2012	08	26
W	Rr	881	0.089	2012	08	19
W	Rr	874	0.088	2012	08	12
W	Rr	973	0.098	2012	08	05
W	Rr	1010	0.102	2012	07	29
W	Rr	943	0.095	2012	07	22
W	Rr	1089	0.110	2012	07	15
W	Rr	888	0.090	2012	07	08
W	Rr	845	0.085	2012	07	01
W	Rr	1070	0.108	2012	06	24
W	Rr	1050	0.106	2012	06	17
W	Rr	1271	0.128	2012	06	10
W	Rr	957	0.097	2012	06	03
W	Rr	1249	0.126	2012	05	27
W	Rr	1055	0.106	2012	05	20
W	Rr	1392	0.140	2012	05	13
W	Rr	1140	0.115	2012	05	06
W	Rr	1807	0.182	2012	04	29
W	Rr	1225	0.124	2012	04	22
W	Rr	1264	0.128	2012	04	15
W	Rr	1075	0.108	2012	04	08
W	Rr	1261	0.127	2012	04	01
W	Rr	1345	0.136	2012	03	25
W	Rr	1254	0.126	2012	03	18
W	Rr	1478	0.149	2012	03	11
W	Rr	1503	0.152	2012	03	04
W	Rr	1532	0.155	2012	02	26
W	Rr	1464	0.148	2012	02	19
W	Rr	1154	0.116	2012	02	12
W	Rr	1240	0.125	2012	02	05
W	Rr	1088	0.110	2012	01	29
W	Rr	1125	0.113	2012	01	22
W	Rr	60	0.006	2012	01	15
W	Rr	1472	0.148	2012	01	08
W	Rr	1122	0.113	2012	01	01
W	Rr	888	0.090	2011	12	25
W	Rr	1360	0.137	2011	12	18
W	Rr	1486	0.150	2011	12	11
W	Rr	1330	0.134	2011	12	04
W	Rr	1094	0.110	2011	11	27
W	Rr	1062	0.107	2011	11	20
W	Rr	1123	0.113	2011	11	13
W	Rr	975	0.098	2011	11	06
W	Rr	1264	0.128	2011	10	30
W	Rr	1140	0.115	2011	10	23
W	Rr	1211	0.122	2011	10	16
W	Rr	1236	0.125	2011	10	09
W	Rr	1128	0.114	2011	10	02
W	Rr	1083	0.109	2011	09	25
W	Rr	1451	0.146	2011	09	18
W	Rr	1278	0.129	2011	09	11
W	Rr	1219	0.123	2011	09	04
W	Rr	1316	0.133	2011	08	28
W	Rr	1119	0.113	2011	08	21
W	Rr	1484	0.150	2011	08	14
W	Rr	1671	0.169	2011	08	07
W	Rr	1319	0.133	2011	07	31
W	Rr	1197	0.121	2011	07	24
W	Rr	1504	0.152	2011	07	17
W	Rr	1367	0.138	2011	07	10
W	Rr	1205	0.122	2011	07	03
W	Rr	1333	0.134	2011	06	26
W	Rr	1059	0.107	2011	06	19
W	Rr	1353	0.136	2011	06	12
W	Rr	1275	0.129	2011	06	05
W	Rr	983	0.099	2011	05	29
W	Rr	1262	0.127	2011	05	22
W	Rr	1374	0.139	2011	05	15
W	Rr	1076	0.109	2011	05	08
W	Rr	0	0.000	2011	05	01
W	Rr	0	0.000	2011	04	24
W	Rr	0	0.000	2011	04	17
W	Rr	0	0.000	2011	04	10
W	Rr	0	0.000	2011	04	03
W	Rr	0	0.000	2011	03	27
W	Rr	24	0.002	2011	03	20
W	Rr	1317	0.133	2011	03	13
W	Rr	1258	0.127	2011	03	06
W	Rr	1372	0.138	2011	02	27
W	Rr	1226	0.124	2011	02	20
W	Rr	1524	0.154	2011	02	13
W	Rr	1366	0.138	2011	02	06
W	Rr	958	0.097	2011	01	30
W	Rr	1273	0.128	2011	01	23
W	Rr	1560	0.157	2011	01	16
W	Rr	1472	0.148	2011	01	09
W	Rr	1310	0.132	2011	01	02
W	Rr	798	0.080	2010	12	26
W	Rr	935	0.094	2010	12	19
W	Rr	0	0.000	2010	12	12
W	Rr	0	0.000	2010	12	05
W	Rr	0	0.000	2010	11	28
W	Rr	0	0.000	2010	11	21
W	Rr	0	0.000	2010	11	14
W	Rr	0	0.000	2010	11	07
W	Rr	0	0.000	2010	10	31
W	Rr	0	0.000	2010	10	24
W	Rr	0	0.000	2010	10	17
W	Rr	0	0.000	2010	10	10
W	Rr	0	0.000	2010	10	03
W	Rr	0	0.000	2010	09	26
W	Rr	0	0.000	2010	09	19
W	Rr	0	0.000	2010	09	12
W	Rr	0	0.000	2010	09	05
W	Rr	0	0.000	2010	08	29
W	Rr	0	0.000	2010	08	22
W	Rr	0	0.000	2010	08	15
W	Rr	0	0.000	2010	08	08
W	Rr	0	0.000	2010	08	01
W	Rr	0	0.000	2010	07	25
W	Rr	0	0.000	2010	07	18
W	Rr	0	0.000	2010	07	11
W	Rr	0	0.000	2010	07	04
W	Rr	15	0.002	2010	06	27
W	Rr	914	0.092	2010	06	20
W	Rr	1104	0.111	2010	06	13
W	Rr	1096	0.111	2010	06	06
W	Rr	1171	0.118	2010	05	30
W	Rr	1115	0.112	2010	05	23
W	Rr	1170	0.118	2010	05	16
W	Rr	1334	0.135	2010	05	09
W	Rr	1109	0.112	2010	05	02
W	Rr	1067	0.108	2010	04	25
W	Rr	1212	0.122	2010	04	18
W	Rr	1054	0.106	2010	04	11
W	Rr	1325	0.134	2010	04	04
W	Rr	811	0.082	2010	03	28
W	Rr	1195	0.121	2010	03	21
W	Rr	1338	0.135	2010	03	14
W	Rr	1113	0.112	2010	03	07
W	Rr	1103	0.111	2010	02	28
W	Rr	1290	0.130	2010	02	21
W	Rr	0	0.000	2010	02	14
W	Rr	0	0.000	2010	02	07
W	Rr	0	0.000	2010	01	31
W	Rr	0	0.000	2010	01	24
W	Rr	0	0.000	2010	01	17
W	Rr	0	0.000	2010	01	10
W	Rr	0	0.000	2010	01	03
W	Rr	78	0.008	2009	12	27
W	Rr	945	0.095	2009	12	20
W	Rr	1140	0.115	2009	12	13
W	Rr	1323	0.133	2009	12	06
W	Rr	1518	0.153	2009	11	29
W	Rr	1352	0.136	2009	11	22
W	Rr	1346	0.136	2009	11	15
W	Rr	1416	0.143	2009	11	08
W	Rr	1734	0.175	2009	11	01
W	Rr	1035	0.104	2009	10	25
W	Rr	1297	0.131	2009	10	18
W	Rr	1267	0.128	2009	10	11
W	Rr	1440	0.145	2009	10	04
W	Rr	1521	0.153	2009	09	27
W	Rr	1121	0.113	2009	09	20
W	Rr	875	0.088	2009	09	13
W	Rr	1032	0.104	2009	09	06
W	Rr	1283	0.129	2009	08	30
W	Rr	1214	0.122	2009	08	23
W	Rr	1402	0.141	2009	08	16
W	Rr	1260	0.127	2009	08	09
W	Rr	1404	0.142	2009	08	02
W	Rr	1380	0.139	2009	07	26
W	Rr	1470	0.148	2009	07	19
W	Rr	1750	0.177	2009	07	12
W	Rr	1847	0.186	2009	07	05
W	Rr	1889	0.191	2009	06	28
W	Rr	1312	0.132	2009	06	21
W	Rr	1093	0.110	2009	06	14
W	Rr	1363	0.137	2009	06	07
W	Rr	1251	0.126	2009	05	31
W	Rr	1352	0.136	2009	05	24
W	Rr	1133	0.114	2009	05	17
W	Rr	1887	0.190	2009	05	10
W	Rr	1369	0.138	2009	05	03
W	Rr	1089	0.110	2009	04	26
W	Rr	1160	0.117	2009	04	19
W	Rr	1189	0.120	2009	04	12
W	Rr	1529	0.154	2009	04	05
W	Rr	1155	0.117	2009	03	29
W	Rr	1230	0.124	2009	03	22
W	Rr	1029	0.104	2009	03	15
W	Rr	1234	0.124	2009	03	08
W	Rr	1486	0.150	2009	03	01
W	Rr	1470	0.148	2009	02	22
W	Rr	1198	0.121	2009	02	15
W	Rr	1802	0.182	2009	02	08
W	Rr	1653	0.167	2009	02	01
W	Rr	1346	0.136	2009	01	25
W	Rr	1431	0.144	2009	01	18
W	Rr	1678	0.169	2009	01	11
W	Rr	1591	0.160	2009	01	04
W	Rr	886	0.089	2008	12	28
W	Rr	1148	0.116	2008	12	21
W	Rr	1428	0.144	2008	12	14
W	Rr	1508	0.152	2008	12	07
W	Rr	1194	0.120	2008	11	30
W	Rr	1070	0.108	2008	11	23
W	Rr	1396	0.141	2008	11	16
W	Rr	1255	0.127	2008	11	09
W	Rr	1314	0.133	2008	11	02
W	Rr	1397	0.141	2008	10	26
W	Rr	1638	0.165	2008	10	19
W	Rr	1298	0.131	2008	10	12
W	Rr	430	0.043	2008	10	05
W	Rr	723	0.073	2008	09	28
W	Rr	1308	0.132	2008	09	21
W	Rr	1242	0.125	2008	09	14
W	Rr	1409	0.142	2008	09	07
W	Rr	1142	0.115	2008	08	31
W	Rr	1022	0.103	2008	08	24
W	Rr	1062	0.107	2008	08	17
W	Rr	1188	0.120	2008	08	10
W	Rr	1232	0.124	2008	08	03
W	Rr	1050	0.106	2008	07	27
W	Rr	1272	0.128	2008	07	20
W	Rr	1305	0.132	2008	07	13
W	Rr	1093	0.110	2008	07	06
W	Rr	1182	0.119	2008	06	29
W	Rr	1937	0.195	2008	06	22
W	Rr	1493	0.151	2008	06	15
W	Rr	1083	0.109	2008	06	08
W	Rr	1283	0.129	2008	06	01
W	Rr	1432	0.144	2008	05	25
W	Rr	1726	0.174	2008	05	18
W	Rr	1580	0.159	2008	05	11
W	Rr	2661	0.268	2008	05	04
W	Rr	3648	0.368	2008	04	27
W	Rr	1400	0.141	2008	04	20
W	Rr	1365	0.138	2008	04	13
W	Rr	1213	0.122	2008	04	06
W	Rr	1670	0.168	2008	03	30
W	Rr	1211	0.122	2008	03	23
W	Rr	1144	0.115	2008	03	16
W	Rr	1301	0.131	2008	03	09
W	Rr	1292	0.130	2008	03	02
W	Rr	1427	0.144	2008	02	24
W	Rr	2207	0.223	2008	02	17
W	Rr	1124	0.113	2008	02	10
W	Rr	1561	0.157	2008	02	03
W	Rr	1533	0.155	2008	01	27
W	Rr	1389	0.140	2008	01	20
W	Rr	1133	0.114	2008	01	13
W	Rr	1404	0.142	2008	01	06
W	Rr	976	0.098	2007	12	30
W	Rr	801	0.081	2007	12	23
W	Rr	675	0.068	2007	12	16
W	*BT	R	7060	2014	02	16
D	Rr	169	0.017	2021	10	08
D	Rr	289	0.029	2021	10	07
D	Rr	437	0.044	2021	10	06
D	Rr	222	0.022	2021	10	05
D	Rr	182	0.018	2021	10	04
D	Rr	316	0.032	2021	10	03
D	Rr	0	0.000	2021	10	02
D	Rr	194	0.020	2021	10	01
D	Rr	250	0.025	2021	09	30
D	Rr	264	0.027	2021	09	29
D	Rr	251	0.025	2021	09	28
D	Rr	291	0.029	2021	09	27
D	Rr	348	0.035	2021	09	26
D	Rr	0	0.000	2021	09	25
D	Rr	246	0.025	2021	09	24
D	Rr	292	0.029	2021	09	23
D	Rr	378	0.038	2021	09	22
D	Rr	143	0.014	2021	09	21
D	Rr	305	0.031	2021	09	20
D	Rr	282	0.028	2021	09	19
D	Rr	0	0.000	2021	09	18
D	Rr	125	0.013	2021	09	17
D	Rr	263	0.027	2021	09	16
D	Rr	260	0.026	2021	09	15
D	Rr	210	0.021	2021	09	14
D	Rr	202	0.020	2021	09	13
D	Rr	143	0.014	2021	09	12
D	Rr	0	0.000	2021	09	11
D	Rr	154	0.016	2021	09	10
D	Rr	208	0.021	2021	09	09
D	Rr	186	0.019	2021	09	08
D	Rr	176	0.018	2021	09	07
D	Rr	128	0.013	2021	09	06
D	Rr	254	0.026	2021	09	05
D	Rr	0	0.000	2021	09	04
D	Rr	275	0.028	2021	09	03
D	Rr	273	0.028	2021	09	02
D	Rr	152	0.015	2021	09	01
D	Rr	296	0.030	2021	08	31
D	Rr	254	0.026	2021	08	30
D	Rr	133	0.013	2021	08	29
D	Rr	0	0.000	2021	08	28
D	*BT	R	2131	2008	05	03
d	Rr	118954	12.000	Sun
d	Rr	159380	16.078	Mon
d	Rr	162027	16.345	Tue
d	Rr	160121	16.152	Wed
d	Rr	161163	16.257	Thu
d	Rr	152650	15.399	Fri
d	Rr	77024	7.770	Sat
H	Rr	6	0.001	2021	10	08	23
H	Rr	7	0.001	2021	10	08	22
H	Rr	8	0.001	2021	10	08	21
H	Rr	42	0.004	2021	10	08	20
H	Rr	6	0.001	2021	10	08	19
H	Rr	3	0.000	2021	10	08	18
H	Rr	6	0.001	2021	10	08	17
H	Rr	3	0.000	2021	10	08	16
H	Rr	7	0.001	2021	10	08	15
H	Rr	6	0.001	2021	10	08	14
H	Rr	2	0.000	2021	10	08	13
H	Rr	0	0.000	2021	10	08	12
H	Rr	3	0.000	2021	10	08	11
H	Rr	7	0.001	2021	10	08	10
H	Rr	21	0.002	2021	10	08	09
H	Rr	7	0.001	2021	10	08	08
H	Rr	4	0.000	2021	10	08	07
H	Rr	11	0.001	2021	10	08	06
H	Rr	0	0.000	2021	10	08	05
H	Rr	2	0.000	2021	10	08	04
H	Rr	6	0.001	2021	10	08	03
H	Rr	2	0.000	2021	10	08	02
H	Rr	4	0.000	2021	10	08	01
H	Rr	6	0.001	2021	10	08	00
H	Rr	7	0.001	2021	10	07	23
H	Rr	6	0.001	2021	10	07	22
H	Rr	8	0.001	2021	10	07	21
H	Rr	6	0.001	2021	10	07	20
H	Rr	98	0.010	2021	10	07	19
H	Rr	17	0.002	2021	10	07	18
H	Rr	0	0.000	2021	10	07	17
H	Rr	3	0.000	2021	10	07	16
H	Rr	9	0.001	2021	10	07	15
H	Rr	6	0.001	2021	10	07	14
H	Rr	5	0.001	2021	10	07	13
H	Rr	3	0.000	2021	10	07	12
H	Rr	4	0.000	2021	10	07	11
H	Rr	3	0.000	2021	10	07	10
H	Rr	0	0.000	2021	10	07	09
H	Rr	5	0.001	2021	10	07	08
H	Rr	1	0.000	2021	10	07	07
H	Rr	5	0.001	2021	10	07	06
H	Rr	8	0.001	2021	10	07	05
H	Rr	9	0.001	2021	10	07	04
H	Rr	4	0.000	2021	10	07	03
H	Rr	24	0.002	2021	10	07	02
H	Rr	33	0.003	2021	10	07	01
H	Rr	25	0.003	2021	10	07	00
H	Rr	37	0.004	2021	10	06	23
H	Rr	30	0.003	2021	10	06	22
H	Rr	24	0.002	2021	10	06	21
H	Rr	15	0.002	2021	10	06	20
H	Rr	34	0.003	2021	10	06	19
H	Rr	21	0.002	2021	10	06	18
H	Rr	67	0.007	2021	10	06	17
H	Rr	84	0.008	2021	10	06	16
H	Rr	17	0.002	2021	10	06	15
H	Rr	2	0.000	2021	10	06	14
H	Rr	13	0.001	2021	10	06	13
H	Rr	9	0.001	2021	10	06	12
H	Rr	20	0.002	2021	10	06	11
H	Rr	22	0.002	2021	10	06	10
H	Rr	7	0.001	2021	10	06	09
H	Rr	6	0.001	2021	10	06	08
H	Rr	5	0.001	2021	10	06	07
H	Rr	5	0.001	2021	10	06	06
H	Rr	3	0.000	2021	10	06	05
H	Rr	1	0.000	2021	10	06	04
H	Rr	5	0.001	2021	10	06	03
H	Rr	4	0.000	2021	10	06	02
H	Rr	5	0.001	2021	10	06	01
H	Rr	1	0.000	2021	10	06	00
H	*BT	R	750	2020	12	11	23
h	Rr	38798	3.914	00
h	Rr	38016	3.835	01
h	Rr	38831	3.917	02
h	Rr	38086	3.842	03
h	Rr	37087	3.741	04
h	Rr	35117	3.542	05
h	Rr	34628	3.493	06
h	Rr	34195	3.449	07
h	Rr	32958	3.325	08
h	Rr	31491	3.177	09
h	Rr	31234	3.151	10
h	Rr	34994	3.530	11
h	Rr	35273	3.558	12
h	Rr	37256	3.758	13
h	Rr	43310	4.369	14
h	Rr	48882	4.931	15
h	Rr	52327	5.279	16
h	Rr	52352	5.281	17
h	Rr	53398	5.387	18
h	Rr	52866	5.333	19
h	Rr	52542	5.300	20
h	Rr	49368	4.980	21
h	Rr	45368	4.577	22
h	Rr	42942	4.332	23
4	Rr	1	0.000	2021	10	08	23	45
4	Rr	1	0.000	2021	10	08	23	30
4	Rr	0	0.000	2021	10	08	23	15
4	Rr	4	0.000	2021	10	08	23	00
4	Rr	2	0.000	2021	10	08	22	45
4	Rr	1	0.000	2021	10	08	22	30
4	Rr	3	0.000	2021	10	08	22	15
4	Rr	1	0.000	2021	10	08	22	00
4	Rr	1	0.000	2021	10	08	21	45
4	Rr	4	0.000	2021	10	08	21	30
4	Rr	1	0.000	2021	10	08	21	15
4	Rr	2	0.000	2021	10	08	21	00
4	Rr	1	0.000	2021	10	08	20	45
4	Rr	1	0.000	2021	10	08	20	30
4	Rr	39	0.004	2021	10	08	20	15
4	Rr	1	0.000	2021	10	08	20	00
4	Rr	1	0.000	2021	10	08	19	45
4	Rr	1	0.000	2021	10	08	19	30
4	Rr	4	0.000	2021	10	08	19	15
4	Rr	0	0.000	2021	10	08	19	00
4	Rr	0	0.000	2021	10	08	18	45
4	Rr	0	0.000	2021	10	08	18	30
4	Rr	1	0.000	2021	10	08	18	15
4	Rr	2	0.000	2021	10	08	18	00
4	Rr	0	0.000	2021	10	08	17	45
4	Rr	0	0.000	2021	10	08	17	30
4	Rr	6	0.001	2021	10	08	17	15
4	Rr	0	0.000	2021	10	08	17	00
4	Rr	2	0.000	2021	10	08	16	45
4	Rr	0	0.000	2021	10	08	16	30
4	Rr	1	0.000	2021	10	08	16	15
4	Rr	0	0.000	2021	10	08	16	00
4	Rr	5	0.001	2021	10	08	15	45
4	Rr	1	0.000	2021	10	08	15	30
4	Rr	1	0.000	2021	10	08	15	15
4	Rr	0	0.000	2021	10	08	15	00
4	Rr	0	0.000	2021	10	08	14	45
4	Rr	6	0.001	2021	10	08	14	30
4	Rr	0	0.000	2021	10	08	14	15
4	Rr	0	0.000	2021	10	08	14	00
4	Rr	0	0.000	2021	10	08	13	45
4	Rr	0	0.000	2021	10	08	13	30
4	Rr	1	0.000	2021	10	08	13	15
4	Rr	1	0.000	2021	10	08	13	00
4	Rr	0	0.000	2021	10	08	12	45
4	Rr	0	0.000	2021	10	08	12	30
4	Rr	0	0.000	2021	10	08	12	15
4	Rr	0	0.000	2021	10	08	12	00
4	Rr	0	0.000	2021	10	08	11	45
4	Rr	1	0.000	2021	10	08	11	30
4	Rr	0	0.000	2021	10	08	11	15
4	Rr	2	0.000	2021	10	08	11	00
4	Rr	0	0.000	2021	10	08	10	45
4	Rr	3	0.000	2021	10	08	10	30
4	Rr	1	0.000	2021	10	08	10	15
4	Rr	3	0.000	2021	10	08	10	00
4	Rr	20	0.002	2021	10	08	09	45
4	Rr	1	0.000	2021	10	08	09	30
4	Rr	0	0.000	2021	10	08	09	15
4	Rr	0	0.000	2021	10	08	09	00
4	Rr	4	0.000	2021	10	08	08	45
4	Rr	2	0.000	2021	10	08	08	30
4	Rr	0	0.000	2021	10	08	08	15
4	Rr	1	0.000	2021	10	08	08	00
4	Rr	2	0.000	2021	10	08	07	45
4	Rr	2	0.000	2021	10	08	07	30
4	Rr	0	0.000	2021	10	08	07	15
4	Rr	0	0.000	2021	10	08	07	00
4	Rr	1	0.000	2021	10	08	06	45
4	Rr	9	0.001	2021	10	08	06	30
4	Rr	1	0.000	2021	10	08	06	15
4	Rr	0	0.000	2021	10	08	06	00
4	Rr	0	0.000	2021	10	08	05	45
4	Rr	0	0.000	2021	10	08	05	30
4	Rr	0	0.000	2021	10	08	05	15
4	Rr	0	0.000	2021	10	08	05	00
4	Rr	0	0.000	2021	10	08	04	45
4	Rr	1	0.000	2021	10	08	04	30
4	Rr	0	0.000	2021	10	08	04	15
4	Rr	1	0.000	2021	10	08	04	00
4	Rr	3	0.000	2021	10	08	03	45
4	Rr	2	0.000	2021	10	08	03	30
4	Rr	0	0.000	2021	10	08	03	15
4	Rr	1	0.000	2021	10	08	03	00
4	Rr	0	0.000	2021	10	08	02	45
4	Rr	1	0.000	2021	10	08	02	30
4	Rr	0	0.000	2021	10	08	02	15
4	Rr	1	0.000	2021	10	08	02	00
4	Rr	1	0.000	2021	10	08	01	45
4	Rr	2	0.000	2021	10	08	01	30
4	Rr	0	0.000	2021	10	08	01	15
4	Rr	1	0.000	2021	10	08	01	00
4	Rr	6	0.001	2021	10	08	00	45
4	Rr	0	0.000	2021	10	08	00	30
4	Rr	0	0.000	2021	10	08	00	15
4	Rr	0	0.000	2021	10	08	00	00
4	*BT	R	744	2021	04	12	15	00
6	Rr	9625	0.971	00	00
6	Rr	9668	0.975	00	15
6	Rr	9556	0.964	00	30
6	Rr	9949	1.004	00	45
6	Rr	9355	0.944	01	00
6	Rr	9566	0.965	01	15
6	Rr	9586	0.967	01	30
6	Rr	9509	0.959	01	45
6	Rr	9242	0.932	02	00
6	Rr	10174	1.026	02	15
6	Rr	9890	0.998	02	30
6	Rr	9525	0.961	02	45
6	Rr	9180	0.926	03	00
6	Rr	8919	0.900	03	15
6	Rr	9352	0.943	03	30
6	Rr	10635	1.073	03	45
6	Rr	9263	0.934	04	00
6	Rr	9849	0.994	04	15
6	Rr	8682	0.876	04	30
6	Rr	9293	0.937	04	45
6	Rr	8535	0.861	05	00
6	Rr	9288	0.937	05	15
6	Rr	8992	0.907	05	30
6	Rr	8302	0.837	05	45
6	Rr	9403	0.949	06	00
6	Rr	8557	0.863	06	15
6	Rr	8597	0.867	06	30
6	Rr	8071	0.814	06	45
6	Rr	8632	0.871	07	00
6	Rr	8918	0.900	07	15
6	Rr	8828	0.891	07	30
6	Rr	7817	0.789	07	45
6	Rr	8423	0.850	08	00
6	Rr	8106	0.818	08	15
6	Rr	8719	0.880	08	30
6	Rr	7710	0.778	08	45
6	Rr	8036	0.811	09	00
6	Rr	8109	0.818	09	15
6	Rr	7864	0.793	09	30
6	Rr	7482	0.755	09	45
6	Rr	7640	0.771	10	00
6	Rr	7647	0.771	10	15
6	Rr	7753	0.782	10	30
6	Rr	8194	0.827	10	45
6	Rr	9733	0.982	11	00
6	Rr	8355	0.843	11	15
6	Rr	8385	0.846	11	30
6	Rr	8521	0.860	11	45
6	Rr	9750	0.984	12	00
6	Rr	8313	0.839	12	15
6	Rr	8504	0.858	12	30
6	Rr	8706	0.878	12	45
6	Rr	9186	0.927	13	00
6	Rr	9147	0.923	13	15
6	Rr	9772	0.986	13	30
6	Rr	9151	0.923	13	45
6	Rr	10370	1.046	14	00
6	Rr	10913	1.101	14	15
6	Rr	10982	1.108	14	30
6	Rr	11045	1.114	14	45
6	Rr	12067	1.217	15	00
6	Rr	11572	1.167	15	15
6	Rr	12363	1.247	15	30
6	Rr	12880	1.299	15	45
6	Rr	12856	1.297	16	00
6	Rr	12729	1.284	16	15
6	Rr	13309	1.343	16	30
6	Rr	13433	1.355	16	45
6	Rr	13178	1.329	17	00
6	Rr	12944	1.306	17	15
6	Rr	13468	1.359	17	30
6	Rr	12762	1.287	17	45
6	Rr	12877	1.299	18	00
6	Rr	13497	1.362	18	15
6	Rr	13505	1.362	18	30
6	Rr	13519	1.364	18	45
6	Rr	14320	1.445	19	00
6	Rr	12672	1.278	19	15
6	Rr	12981	1.309	19	30
6	Rr	12893	1.301	19	45
6	Rr	13548	1.367	20	00
6	Rr	13134	1.325	20	15
6	Rr	12449	1.256	20	30
6	Rr	13411	1.353	20	45
6	Rr	13238	1.335	21	00
6	Rr	12198	1.230	21	15
6	Rr	11821	1.192	21	30
6	Rr	12111	1.222	21	45
6	Rr	11517	1.162	22	00
6	Rr	11497	1.160	22	15
6	Rr	11301	1.140	22	30
6	Rr	11053	1.115	22	45
6	Rr	11406	1.151	23	00
6	Rr	11528	1.163	23	15
6	Rr	10255	1.034	23	30
6	Rr	9753	0.984	23	45
5	Rr	1	0.000	2021	10	08	23	50
5	Rr	0	0.000	2021	10	08	23	45
5	Rr	0	0.000	2021	10	08	23	40
5	Rr	0	0.000	2021	10	08	23	35
5	Rr	1	0.000	2021	10	08	23	30
5	Rr	0	0.000	2021	10	08	23	25
5	Rr	0	0.000	2021	10	08	23	20
5	Rr	0	0.000	2021	10	08	23	15
5	Rr	1	0.000	2021	10	08	23	10
5	Rr	0	0.000	2021	10	08	23	05
5	Rr	3	0.000	2021	10	08	23	00
5	Rr	1	0.000	2021	10	08	22	55
5	Rr	0	0.000	2021	10	08	22	50
5	Rr	1	0.000	2021	10	08	22	45
5	Rr	1	0.000	2021	10	08	22	40
5	Rr	0	0.000	2021	10	08	22	35
5	Rr	0	0.000	2021	10	08	22	30
5	Rr	1	0.000	2021	10	08	22	25
5	Rr	1	0.000	2021	10	08	22	20
5	Rr	1	0.000	2021	10	08	22	15
5	Rr	1	0.000	2021	10	08	22	10
5	Rr	0	0.000	2021	10	08	22	05
5	Rr	0	0.000	2021	10	08	22	00
5	Rr	1	0.000	2021	10	08	21	55
5	Rr	0	0.000	2021	10	08	21	50
5	Rr	0	0.000	2021	10	08	21	45
5	Rr	1	0.000	2021	10	08	21	40
5	Rr	1	0.000	2021	10	08	21	35
5	Rr	2	0.000	2021	10	08	21	30
5	Rr	0	0.000	2021	10	08	21	25
5	Rr	0	0.000	2021	10	08	21	20
5	Rr	1	0.000	2021	10	08	21	15
5	Rr	0	0.000	2021	10	08	21	10
5	Rr	1	0.000	2021	10	08	21	05
5	Rr	1	0.000	2021	10	08	21	00
5	Rr	0	0.000	2021	10	08	20	55
5	Rr	0	0.000	2021	10	08	20	50
5	Rr	1	0.000	2021	10	08	20	45
5	Rr	0	0.000	2021	10	08	20	40
5	Rr	1	0.000	2021	10	08	20	35
5	Rr	0	0.000	2021	10	08	20	30
5	Rr	0	0.000	2021	10	08	20	25
5	Rr	1	0.000	2021	10	08	20	20
5	Rr	38	0.004	2021	10	08	20	15
5	Rr	0	0.000	2021	10	08	20	10
5	Rr	1	0.000	2021	10	08	20	05
5	Rr	0	0.000	2021	10	08	20	00
5	Rr	0	0.000	2021	10	08	19	55
5	Rr	1	0.000	2021	10	08	19	50
5	Rr	0	0.000	2021	10	08	19	45
5	Rr	0	0.000	2021	10	08	19	40
5	Rr	1	0.000	2021	10	08	19	35
5	Rr	0	0.000	2021	10	08	19	30
5	Rr	1	0.000	2021	10	08	19	25
5	Rr	1	0.000	2021	10	08	19	20
5	Rr	2	0.000	2021	10	08	19	15
5	Rr	0	0.000	2021	10	08	19	10
5	Rr	0	0.000	2021	10	08	19	05
5	Rr	0	0.000	2021	10	08	19	00
5	Rr	0	0.000	2021	10	08	18	55
5	Rr	0	0.000	2021	10	08	18	50
5	Rr	0	0.000	2021	10	08	18	45
5	Rr	0	0.000	2021	10	08	18	40
5	Rr	0	0.000	2021	10	08	18	35
5	Rr	0	0.000	2021	10	08	18	30
5	Rr	0	0.000	2021	10	08	18	25
5	Rr	0	0.000	2021	10	08	18	20
5	Rr	1	0.000	2021	10	08	18	15
5	Rr	2	0.000	2021	10	08	18	10
5	Rr	0	0.000	2021	10	08	18	05
5	Rr	0	0.000	2021	10	08	18	00
5	Rr	0	0.000	2021	10	08	17	55
5	Rr	0	0.000	2021	10	08	17	50
5	Rr	0	0.000	2021	10	08	17	45
5	Rr	0	0.000	2021	10	08	17	40
5	Rr	0	0.000	2021	10	08	17	35
5	Rr	0	0.000	2021	10	08	17	30
5	Rr	0	0.000	2021	10	08	17	25
5	Rr	4	0.000	2021	10	08	17	20
5	Rr	2	0.000	2021	10	08	17	15
5	Rr	0	0.000	2021	10	08	17	10
5	Rr	0	0.000	2021	10	08	17	05
5	Rr	0	0.000	2021	10	08	17	00
5	Rr	1	0.000	2021	10	08	16	55
5	Rr	0	0.000	2021	10	08	16	50
5	Rr	1	0.000	2021	10	08	16	45
5	Rr	0	0.000	2021	10	08	16	40
5	Rr	0	0.000	2021	10	08	16	35
5	Rr	0	0.000	2021	10	08	16	30
5	Rr	1	0.000	2021	10	08	16	25
5	Rr	0	0.000	2021	10	08	16	20
5	Rr	0	0.000	2021	10	08	16	15
5	Rr	0	0.000	2021	10	08	16	10
5	Rr	0	0.000	2021	10	08	16	05
5	Rr	0	0.000	2021	10	08	16	00
5	Rr	1	0.000	2021	10	08	15	55
5	Rr	0	0.000	2021	10	08	15	50
5	Rr	4	0.000	2021	10	08	15	45
5	Rr	1	0.000	2021	10	08	15	40
5	Rr	0	0.000	2021	10	08	15	35
5	Rr	0	0.000	2021	10	08	15	30
5	Rr	1	0.000	2021	10	08	15	25
5	Rr	0	0.000	2021	10	08	15	20
5	Rr	0	0.000	2021	10	08	15	15
5	Rr	0	0.000	2021	10	08	15	10
5	Rr	0	0.000	2021	10	08	15	05
5	Rr	0	0.000	2021	10	08	15	00
5	Rr	0	0.000	2021	10	08	14	55
5	Rr	0	0.000	2021	10	08	14	50
5	Rr	0	0.000	2021	10	08	14	45
5	Rr	6	0.001	2021	10	08	14	40
5	Rr	0	0.000	2021	10	08	14	35
5	Rr	0	0.000	2021	10	08	14	30
5	Rr	0	0.000	2021	10	08	14	25
5	Rr	0	0.000	2021	10	08	14	20
5	Rr	0	0.000	2021	10	08	14	15
5	Rr	0	0.000	2021	10	08	14	10
5	Rr	0	0.000	2021	10	08	14	05
5	Rr	0	0.000	2021	10	08	14	00
5	Rr	0	0.000	2021	10	08	13	55
5	Rr	0	0.000	2021	10	08	13	50
5	Rr	0	0.000	2021	10	08	13	45
5	Rr	0	0.000	2021	10	08	13	40
5	Rr	0	0.000	2021	10	08	13	35
5	Rr	0	0.000	2021	10	08	13	30
5	Rr	1	0.000	2021	10	08	13	25
5	Rr	0	0.000	2021	10	08	13	20
5	Rr	0	0.000	2021	10	08	13	15
5	Rr	1	0.000	2021	10	08	13	10
5	Rr	0	0.000	2021	10	08	13	05
5	Rr	0	0.000	2021	10	08	13	00
5	Rr	0	0.000	2021	10	08	12	55
5	Rr	0	0.000	2021	10	08	12	50
5	Rr	0	0.000	2021	10	08	12	45
5	Rr	0	0.000	2021	10	08	12	40
5	Rr	0	0.000	2021	10	08	12	35
5	Rr	0	0.000	2021	10	08	12	30
5	Rr	0	0.000	2021	10	08	12	25
5	Rr	0	0.000	2021	10	08	12	20
5	Rr	0	0.000	2021	10	08	12	15
5	Rr	0	0.000	2021	10	08	12	10
5	Rr	0	0.000	2021	10	08	12	05
5	Rr	0	0.000	2021	10	08	12	00
5	Rr	0	0.000	2021	10	08	11	55
5	Rr	0	0.000	2021	10	08	11	50
5	Rr	0	0.000	2021	10	08	11	45
5	Rr	0	0.000	2021	10	08	11	40
5	Rr	0	0.000	2021	10	08	11	35
5	Rr	1	0.000	2021	10	08	11	30
5	Rr	0	0.000	2021	10	08	11	25
5	Rr	0	0.000	2021	10	08	11	20
5	Rr	0	0.000	2021	10	08	11	15
5	Rr	2	0.000	2021	10	08	11	10
5	Rr	0	0.000	2021	10	08	11	05
5	Rr	0	0.000	2021	10	08	11	00
5	Rr	0	0.000	2021	10	08	10	55
5	Rr	0	0.000	2021	10	08	10	50
5	Rr	0	0.000	2021	10	08	10	45
5	Rr	0	0.000	2021	10	08	10	40
5	Rr	2	0.000	2021	10	08	10	35
5	Rr	1	0.000	2021	10	08	10	30
5	Rr	0	0.000	2021	10	08	10	25
5	Rr	0	0.000	2021	10	08	10	20
5	Rr	1	0.000	2021	10	08	10	15
5	Rr	0	0.000	2021	10	08	10	10
5	Rr	1	0.000	2021	10	08	10	05
5	Rr	2	0.000	2021	10	08	10	00
5	Rr	19	0.002	2021	10	08	09	55
5	Rr	1	0.000	2021	10	08	09	50
5	Rr	0	0.000	2021	10	08	09	45
5	Rr	1	0.000	2021	10	08	09	40
5	Rr	0	0.000	2021	10	08	09	35
5	Rr	0	0.000	2021	10	08	09	30
5	Rr	0	0.000	2021	10	08	09	25
5	Rr	0	0.000	2021	10	08	09	20
5	Rr	0	0.000	2021	10	08	09	15
5	Rr	0	0.000	2021	10	08	09	10
5	Rr	0	0.000	2021	10	08	09	05
5	Rr	0	0.000	2021	10	08	09	00
5	Rr	4	0.000	2021	10	08	08	55
5	Rr	0	0.000	2021	10	08	08	50
5	Rr	0	0.000	2021	10	08	08	45
5	Rr	0	0.000	2021	10	08	08	40
5	Rr	1	0.000	2021	10	08	08	35
5	Rr	1	0.000	2021	10	08	08	30
5	Rr	0	0.000	2021	10	08	08	25
5	Rr	0	0.000	2021	10	08	08	20
5	Rr	0	0.000	2021	10	08	08	15
5	Rr	0	0.000	2021	10	08	08	10
5	Rr	0	0.000	2021	10	08	08	05
5	Rr	1	0.000	2021	10	08	08	00
5	Rr	1	0.000	2021	10	08	07	55
5	Rr	1	0.000	2021	10	08	07	50
5	Rr	0	0.000	2021	10	08	07	45
5	Rr	1	0.000	2021	10	08	07	40
5	Rr	0	0.000	2021	10	08	07	35
5	Rr	1	0.000	2021	10	08	07	30
5	Rr	0	0.000	2021	10	08	07	25
5	Rr	0	0.000	2021	10	08	07	20
5	Rr	0	0.000	2021	10	08	07	15
5	Rr	0	0.000	2021	10	08	07	10
5	Rr	0	0.000	2021	10	08	07	05
5	Rr	0	0.000	2021	10	08	07	00
5	Rr	1	0.000	2021	10	08	06	55
5	Rr	0	0.000	2021	10	08	06	50
5	Rr	0	0.000	2021	10	08	06	45
5	Rr	5	0.001	2021	10	08	06	40
5	Rr	3	0.000	2021	10	08	06	35
5	Rr	1	0.000	2021	10	08	06	30
5	Rr	1	0.000	2021	10	08	06	25
5	Rr	0	0.000	2021	10	08	06	20
5	Rr	0	0.000	2021	10	08	06	15
5	Rr	0	0.000	2021	10	08	06	10
5	Rr	0	0.000	2021	10	08	06	05
5	Rr	0	0.000	2021	10	08	06	00
5	Rr	0	0.000	2021	10	08	05	55
5	Rr	0	0.000	2021	10	08	05	50
5	Rr	0	0.000	2021	10	08	05	45
5	Rr	0	0.000	2021	10	08	05	40
5	Rr	0	0.000	2021	10	08	05	35
5	Rr	0	0.000	2021	10	08	05	30
5	Rr	0	0.000	2021	10	08	05	25
5	Rr	0	0.000	2021	10	08	05	20
5	Rr	0	0.000	2021	10	08	05	15
5	Rr	0	0.000	2021	10	08	05	10
5	Rr	0	0.000	2021	10	08	05	05
5	Rr	0	0.000	2021	10	08	05	00
5	Rr	0	0.000	2021	10	08	04	55
5	Rr	0	0.000	2021	10	08	04	50
5	Rr	0	0.000	2021	10	08	04	45
5	Rr	0	0.000	2021	10	08	04	40
5	Rr	1	0.000	2021	10	08	04	35
5	Rr	0	0.000	2021	10	08	04	30
5	Rr	0	0.000	2021	10	08	04	25
5	Rr	0	0.000	2021	10	08	04	20
5	Rr	0	0.000	2021	10	08	04	15
5	Rr	1	0.000	2021	10	08	04	10
5	Rr	0	0.000	2021	10	08	04	05
5	Rr	0	0.000	2021	10	08	04	00
5	Rr	2	0.000	2021	10	08	03	55
5	Rr	1	0.000	2021	10	08	03	50
5	Rr	0	0.000	2021	10	08	03	45
5	Rr	0	0.000	2021	10	08	03	40
5	Rr	2	0.000	2021	10	08	03	35
5	Rr	0	0.000	2021	10	08	03	30
5	Rr	0	0.000	2021	10	08	03	25
5	Rr	0	0.000	2021	10	08	03	20
5	Rr	0	0.000	2021	10	08	03	15
5	Rr	0	0.000	2021	10	08	03	10
5	Rr	0	0.000	2021	10	08	03	05
5	Rr	1	0.000	2021	10	08	03	00
5	Rr	0	0.000	2021	10	08	02	55
5	Rr	0	0.000	2021	10	08	02	50
5	Rr	0	0.000	2021	10	08	02	45
5	Rr	1	0.000	2021	10	08	02	40
5	Rr	0	0.000	2021	10	08	02	35
5	Rr	0	0.000	2021	10	08	02	30
5	Rr	0	0.000	2021	10	08	02	25
5	Rr	0	0.000	2021	10	08	02	20
5	Rr	0	0.000	2021	10	08	02	15
5	Rr	0	0.000	2021	10	08	02	10
5	Rr	1	0.000	2021	10	08	02	05
5	Rr	0	0.000	2021	10	08	02	00
5	Rr	0	0.000	2021	10	08	01	55
5	Rr	1	0.000	2021	10	08	01	50
5	Rr	0	0.000	2021	10	08	01	45
5	Rr	0	0.000	2021	10	08	01	40
5	Rr	0	0.000	2021	10	08	01	35
5	Rr	2	0.000	2021	10	08	01	30
5	Rr	0	0.000	2021	10	08	01	25
5	Rr	0	0.000	2021	10	08	01	20
5	Rr	0	0.000	2021	10	08	01	15
5	Rr	0	0.000	2021	10	08	01	10
5	Rr	1	0.000	2021	10	08	01	05
5	Rr	0	0.000	2021	10	08	01	00
5	Rr	2	0.000	2021	10	08	00	55
5	Rr	1	0.000	2021	10	08	00	50
5	Rr	3	0.000	2021	10	08	00	45
5	Rr	0	0.000	2021	10	08	00	40
5	Rr	0	0.000	2021	10	08	00	35
5	Rr	0	0.000	2021	10	08	00	30
5	Rr	0	0.000	2021	10	08	00	25
5	Rr	0	0.000	2021	10	08	00	20
5	Rr	0	0.000	2021	10	08	00	15
5	Rr	0	0.000	2021	10	08	00	10
5	Rr	0	0.000	2021	10	08	00	05
5	Rr	0	0.000	2021	10	08	00	00
5	Rr	0	0.000	2021	10	07	23	55
5	*BT	R	715	2020	12	11	23	20
7	Rr	3030	0.306	00	00
7	Rr	3494	0.352	00	05
7	Rr	3101	0.313	00	10
7	Rr	2694	0.272	00	15
7	Rr	3263	0.329	00	20
7	Rr	3711	0.374	00	25
7	Rr	3135	0.316	00	30
7	Rr	3154	0.318	00	35
7	Rr	3267	0.330	00	40
7	Rr	3338	0.337	00	45
7	Rr	3564	0.360	00	50
7	Rr	3047	0.307	00	55
7	Rr	2896	0.292	01	00
7	Rr	3163	0.319	01	05
7	Rr	3296	0.332	01	10
7	Rr	3215	0.324	01	15
7	Rr	3332	0.336	01	20
7	Rr	3019	0.305	01	25
7	Rr	3065	0.309	01	30
7	Rr	3280	0.331	01	35
7	Rr	3241	0.327	01	40
7	Rr	3096	0.312	01	45
7	Rr	3028	0.305	01	50
7	Rr	3385	0.341	01	55
7	Rr	3060	0.309	02	00
7	Rr	3129	0.316	02	05
7	Rr	3053	0.308	02	10
7	Rr	3582	0.361	02	15
7	Rr	3267	0.330	02	20
7	Rr	3325	0.335	02	25
7	Rr	3239	0.327	02	30
7	Rr	3528	0.356	02	35
7	Rr	3123	0.315	02	40
7	Rr	3127	0.315	02	45
7	Rr	2895	0.292	02	50
7	Rr	3503	0.353	02	55
7	Rr	3140	0.317	03	00
7	Rr	3005	0.303	03	05
7	Rr	3035	0.306	03	10
7	Rr	3165	0.319	03	15
7	Rr	2877	0.290	03	20
7	Rr	2877	0.290	03	25
7	Rr	3006	0.303	03	30
7	Rr	3214	0.324	03	35
7	Rr	3132	0.316	03	40
7	Rr	3458	0.349	03	45
7	Rr	3962	0.400	03	50
7	Rr	3215	0.324	03	55
7	Rr	3039	0.307	04	00
7	Rr	3051	0.308	04	05
7	Rr	3173	0.320	04	10
7	Rr	3280	0.331	04	15
7	Rr	3438	0.347	04	20
7	Rr	3131	0.316	04	25
7	Rr	3007	0.303	04	30
7	Rr	2839	0.286	04	35
7	Rr	2836	0.286	04	40
7	Rr	3390	0.342	04	45
7	Rr	2954	0.298	04	50
7	Rr	2949	0.297	04	55
7	Rr	2724	0.275	05	00
7	Rr	2685	0.271	05	05
7	Rr	3126	0.315	05	10
7	Rr	3071	0.310	05	15
7	Rr	3182	0.321	05	20
7	Rr	3035	0.306	05	25
7	Rr	3258	0.329	05	30
7	Rr	3045	0.307	05	35
7	Rr	2689	0.271	05	40
7	Rr	2752	0.278	05	45
7	Rr	2663	0.269	05	50
7	Rr	2887	0.291	05	55
7	Rr	2898	0.292	06	00
7	Rr	3551	0.358	06	05
7	Rr	2954	0.298	06	10
7	Rr	2939	0.296	06	15
7	Rr	2774	0.280	06	20
7	Rr	2844	0.287	06	25
7	Rr	2697	0.272	06	30
7	Rr	2906	0.293	06	35
7	Rr	2994	0.302	06	40
7	Rr	3072	0.310	06	45
7	Rr	2509	0.253	06	50
7	Rr	2490	0.251	06	55
7	Rr	3143	0.317	07	00
7	Rr	2688	0.271	07	05
7	Rr	2801	0.283	07	10
7	Rr	2680	0.270	07	15
7	Rr	2931	0.296	07	20
7	Rr	3307	0.334	07	25
7	Rr	3268	0.330	07	30
7	Rr	2948	0.297	07	35
7	Rr	2612	0.263	07	40
7	Rr	2631	0.265	07	45
7	Rr	2539	0.256	07	50
7	Rr	2647	0.267	07	55
7	Rr	2721	0.274	08	00
7	Rr	2994	0.302	08	05
7	Rr	2708	0.273	08	10
7	Rr	2615	0.264	08	15
7	Rr	2716	0.274	08	20
7	Rr	2775	0.280	08	25
7	Rr	3184	0.321	08	30
7	Rr	2811	0.284	08	35
7	Rr	2724	0.275	08	40
7	Rr	2581	0.260	08	45
7	Rr	2543	0.257	08	50
7	Rr	2586	0.261	08	55
7	Rr	2541	0.256	09	00
7	Rr	2886	0.291	09	05
7	Rr	2609	0.263	09	10
7	Rr	2515	0.254	09	15
7	Rr	2902	0.293	09	20
7	Rr	2692	0.272	09	25
7	Rr	2742	0.277	09	30
7	Rr	2437	0.246	09	35
7	Rr	2685	0.271	09	40
7	Rr	2553	0.258	09	45
7	Rr	2385	0.241	09	50
7	Rr	2544	0.257	09	55
7	Rr	2562	0.258	10	00
7	Rr	2457	0.248	10	05
7	Rr	2621	0.264	10	10
7	Rr	2494	0.252	10	15
7	Rr	2415	0.244	10	20
7	Rr	2738	0.276	10	25
7	Rr	2498	0.252	10	30
7	Rr	2555	0.258	10	35
7	Rr	2700	0.272	10	40
7	Rr	2482	0.250	10	45
7	Rr	2735	0.276	10	50
7	Rr	2977	0.300	10	55
7	Rr	3898	0.393	11	00
7	Rr	3010	0.304	11	05
7	Rr	2825	0.285	11	10
7	Rr	2764	0.279	11	15
7	Rr	2886	0.291	11	20
7	Rr	2705	0.273	11	25
7	Rr	2913	0.294	11	30
7	Rr	2586	0.261	11	35
7	Rr	2886	0.291	11	40
7	Rr	2782	0.281	11	45
7	Rr	2831	0.286	11	50
7	Rr	2908	0.293	11	55
7	Rr	3460	0.349	12	00
7	Rr	3155	0.318	12	05
7	Rr	3135	0.316	12	10
7	Rr	2697	0.272	12	15
7	Rr	2834	0.286	12	20
7	Rr	2782	0.281	12	25
7	Rr	2836	0.286	12	30
7	Rr	2722	0.275	12	35
7	Rr	2946	0.297	12	40
7	Rr	3053	0.308	12	45
7	Rr	2792	0.282	12	50
7	Rr	2861	0.289	12	55
7	Rr	2979	0.301	13	00
7	Rr	2973	0.300	13	05
7	Rr	3234	0.326	13	10
7	Rr	3038	0.306	13	15
7	Rr	2973	0.300	13	20
7	Rr	3136	0.316	13	25
7	Rr	3199	0.323	13	30
7	Rr	3515	0.355	13	35
7	Rr	3058	0.308	13	40
7	Rr	2696	0.272	13	45
7	Rr	3235	0.326	13	50
7	Rr	3220	0.325	13	55
7	Rr	3244	0.327	14	00
7	Rr	3567	0.360	14	05
7	Rr	3559	0.359	14	10
7	Rr	3752	0.378	14	15
7	Rr	3537	0.357	14	20
7	Rr	3624	0.366	14	25
7	Rr	3938	0.397	14	30
7	Rr	3704	0.374	14	35
7	Rr	3340	0.337	14	40
7	Rr	3471	0.350	14	45
7	Rr	3596	0.363	14	50
7	Rr	3978	0.401	14	55
7	Rr	4106	0.414	15	00
7	Rr	4239	0.428	15	05
7	Rr	3722	0.375	15	10
7	Rr	3900	0.393	15	15
7	Rr	3586	0.362	15	20
7	Rr	4086	0.412	15	25
7	Rr	4319	0.436	15	30
7	Rr	3885	0.392	15	35
7	Rr	4159	0.420	15	40
7	Rr	4191	0.423	15	45
7	Rr	4210	0.425	15	50
7	Rr	4479	0.452	15	55
7	Rr	4194	0.423	16	00
7	Rr	4454	0.449	16	05
7	Rr	4208	0.424	16	10
7	Rr	4660	0.470	16	15
7	Rr	4135	0.417	16	20
7	Rr	3934	0.397	16	25
7	Rr	4333	0.437	16	30
7	Rr	4494	0.453	16	35
7	Rr	4482	0.452	16	40
7	Rr	4521	0.456	16	45
7	Rr	4518	0.456	16	50
7	Rr	4394	0.443	16	55
7	Rr	4316	0.435	17	00
7	Rr	4265	0.430	17	05
7	Rr	4597	0.464	17	10
7	Rr	4209	0.425	17	15
7	Rr	4303	0.434	17	20
7	Rr	4432	0.447	17	25
7	Rr	4492	0.453	17	30
7	Rr	4593	0.463	17	35
7	Rr	4383	0.442	17	40
7	Rr	4207	0.424	17	45
7	Rr	4399	0.444	17	50
7	Rr	4156	0.419	17	55
7	Rr	3800	0.383	18	00
7	Rr	4228	0.427	18	05
7	Rr	4849	0.489	18	10
7	Rr	4583	0.462	18	15
7	Rr	4244	0.428	18	20
7	Rr	4670	0.471	18	25
7	Rr	4406	0.444	18	30
7	Rr	4553	0.459	18	35
7	Rr	4546	0.459	18	40
7	Rr	4512	0.455	18	45
7	Rr	4417	0.446	18	50
7	Rr	4590	0.463	18	55
7	Rr	5054	0.510	19	00
7	Rr	4679	0.472	19	05
7	Rr	4587	0.463	19	10
7	Rr	4350	0.439	19	15
7	Rr	4230	0.427	19	20
7	Rr	4092	0.413	19	25
7	Rr	4156	0.419	19	30
7	Rr	4371	0.441	19	35
7	Rr	4454	0.449	19	40
7	Rr	4677	0.472	19	45
7	Rr	4028	0.406	19	50
7	Rr	4188	0.422	19	55
7	Rr	4235	0.427	20	00
7	Rr	4729	0.477	20	05
7	Rr	4584	0.462	20	10
7	Rr	4294	0.433	20	15
7	Rr	4478	0.452	20	20
7	Rr	4362	0.440	20	25
7	Rr	3871	0.390	20	30
7	Rr	4183	0.422	20	35
7	Rr	4395	0.443	20	40
7	Rr	4698	0.474	20	45
7	Rr	4250	0.429	20	50
7	Rr	4463	0.450	20	55
7	Rr	4876	0.492	21	00
7	Rr	4126	0.416	21	05
7	Rr	4236	0.427	21	10
7	Rr	4094	0.413	21	15
7	Rr	3733	0.377	21	20
7	Rr	4371	0.441	21	25
7	Rr	3769	0.380	21	30
7	Rr	4046	0.408	21	35
7	Rr	4006	0.404	21	40
7	Rr	4092	0.413	21	45
7	Rr	4244	0.428	21	50
7	Rr	3775	0.381	21	55
7	Rr	3874	0.391	22	00
7	Rr	3738	0.377	22	05
7	Rr	3905	0.394	22	10
7	Rr	3521	0.355	22	15
7	Rr	3956	0.399	22	20
7	Rr	4020	0.406	22	25
7	Rr	3678	0.371	22	30
7	Rr	4036	0.407	22	35
7	Rr	3587	0.362	22	40
7	Rr	3640	0.367	22	45
7	Rr	3797	0.383	22	50
7	Rr	3616	0.365	22	55
7	Rr	4027	0.406	23	00
7	Rr	3740	0.377	23	05
7	Rr	3639	0.367	23	10
7	Rr	3664	0.370	23	15
7	Rr	4393	0.443	23	20
7	Rr	3471	0.350	23	25
7	Rr	3336	0.337	23	30
7	Rr	3606	0.364	23	35
7	Rr	3313	0.334	23	40
7	Rr	3307	0.334	23	45
7	Rr	3377	0.341	23	50
7	Rr	3069	0.310	23	55
o	*f	0R	r
o	lRQ	1	991319	1016747014	[unresolved numerical addresses]
Z	*f	-20R	r
Z	lRb	1	43059	3.069	66.249
Z	lRb	1	40264	1.808	69
Z	lRb	1	27166	2.045	35
Z	lRb	1	24922	0.923	46
Z	lRb	1	22297	3.059	157.55
Z	lRb	1	18847	3.060	70
Z	lRb	1	17623	1.329	34
Z	lRb	1	17069	2.291	207.46
Z	lRb	1	16498	1.860	54
Z	lRb	1	15598	2.502	40
Z	lRb	1	15452	1.427	76
Z	lRb	1	13456	1.682	72
Z	lRb	1	12111	0.103	178.137
Z	lRb	1	11961	1.282	5
Z	lRb	1	11900	1.119	75
Z	lRb	1	11010	1.049	123
Z	lRb	1	10885	0.892	74
Z	lRb	1	9880	0.650	71
Z	lRb	1	9137	1.018	104
Z	lRb	1	9121	0.554	37
Z	lRb	1	633063	68.279	[not listed: 8625]
S	*f	-50P	r
S	Rb	4702	0.446	14.33.246.211
S	Rb	3794	0.846	192.234.235.103
S	Rb	3248	0.279	192.99.15.146
S	Rb	2341	0.154	100.43.83.148
S	Rb	1992	0.077	66.249.75.109
S	Rb	1829	0.168	37.59.14.116
S	Rb	1781	0.243	75.98.173.33
S	Rb	1597	0.147	78.155.138.20
S	Rb	1543	0.083	199.21.99.79
S	Rb	1459	0.012	92.249.127.111
S	Rb	1330	0.020	109.102.111.58
S	Rb	1312	0.051	205.203.134.197
S	Rb	1304	0.218	5.196.13.127
S	Rb	1276	0.135	208.115.113.82
S	Rb	1270	0.073	95.108.248.29
S	Rb	1193	0.046	49.7.20.102
S	Rb	1155	0.263	75.98.173.84
S	Rb	1142	0.001	91.207.9.226
S	Rb	1107	0.018	66.249.69.97
S	Rb	1081	0.021	66.249.69.81
S	Rb	1051	0.036	66.249.69.192
S	Rb	1047	0.020	106.38.241.144
S	Rb	1039	0.017	66.249.69.89
S	Rb	1030	0.110	5.255.250.90
S	Rb	1024	0.084	95.108.150.235
S	Rb	1012	0.093	192.99.6.132
S	Rb	964	0.190	79.125.27.96
S	Rb	957	0.206	199.21.99.197
S	Rb	951	0.070	66.249.73.133
S	Rb	845	0.038	144.76.27.118
S	Rb	815	0.034	178.63.23.80
S	Rb	812	0.106	66.249.64.90
S	Rb	808	0.206	149.202.211.239
S	Rb	791	0.073	192.99.7.55
S	Rb	786	0.132	66.11.128.152
S	Rb	777	0.001	193.150.120.14
S	Rb	760	0.058	208.115.113.92
S	Rb	756	0.024	82.145.46.102
S	Rb	744	0.011	109.102.111.20
S	Rb	739	0.011	109.102.111.50
S	Rb	721	0.004	106.38.241.177
S	Rb	704	0.001	109.120.157.179
S	Rb	698	0.029	220.181.125.162
S	Rb	694	0.043	78.155.138.30
S	Rb	686	0.023	66.249.65.212
S	Rb	670	0.096	216.244.66.229
S	Rb	664	0.061	94.23.59.173
S	Rb	660	0.020	49.7.20.111
S	Rb	653	0.082	52.21.132.215
S	Rb	649	0.060	46.105.74.59
S	Rb	930356	94.759	[not listed: 87539]
s	*FR	2013	12	18	21	53
s	*LR	2021	10	08	23	03
s	*f	-20R	s
s	lRS	1	194084	488	http://www.gtaeronautics.com/
s	lRS	1	45992	222	http://gtaeronautics.com/
s	lRS	1	4907	3	https://www.google.com/
s	lRS	1	246	3	https://www.bing.com/
s	lRS	1	1542	0	http://www.google.com/
s	lRS	1	1159	0	http://www.trainingindustry.com/
s	lRS	1	1123	0	http://www.baidu.com/
s	lRS	1	609	0	http://www.mfgpages.com/
s	lRS	1	604	0	http://www.openfos.com/
s	lRS	1	517	0	http://www.topicway.com/
s	lRS	1	462	0	http://anti-crisis-seo.com/
s	lRS	1	395	0	http://uptime.com/
s	lRS	1	362	0	http://semalt.semalt.com/
s	lRS	1	326	0	http://www.bing.com/
s	lRS	1	301	0	http://chimiver.info/
s	lRS	1	280	0	https://www.google.co.in/
s	lRS	1	262	0	http://google.co.jp/
s	lRS	1	247	0	https://www.thomasnet.com/
s	lRS	1	236	0	http://www.thomasnet.com/
s	lRS	1	234	0	http://www.artparquet.ru/
s	lRS	1	48144	27	[not listed: 4291]
f	*FR	2013	12	18	21	53
f	*LR	2021	10	08	23	03
f	*f	-30R	s
f	lRS	1	130442	393	http://www.gtaeronautics.com/
f	lRS	1	31615	150	http://gtaeronautics.com/
f	lRS	1	1918	18	http://www.gtaeronautics.com/CompNews.html
f	lRS	1	6898	11	http://www.gtaeronautics.com/CCT&M.html
f	lRS	1	4163	11	http://www.gtaeronautics.com/index.html
f	lRS	1	4187	10	http://www.gtaeronautics.com/ConsultingA.html
f	lRS	1	835	9	http://gtaeronautics.com/index.html
f	lRS	1	5475	8	http://gtaeronautics.com/IndNews.html
f	lRS	1	1558	6	http://www.gtaeronautics.com/GT50T RPAS.html
f	lRS	1	1321	6	http://gtaeronautics.com/aboutus.html
f	lRS	1	1783	5	http://www.gtaeronautics.com/CFMT.html
f	lRS	1	1553	5	http://www.gtaeronautics.com/IndNews.html
f	lRS	1	2083	4	http://www.gtaeronautics.com/GT1500 RPAS.html
f	lRS	1	1762	4	http://www.gtaeronautics.com/SRU.html
f	lRS	1	4511	3	https://www.google.com/
f	lRS	1	2321	3	http://www.gtaeronautics.com/GT380 RPAS.html
f	lRS	1	2444	2	http://www.gtaeronautics.com/pna.html
f	lRS	1	1537	2	http://www.gtaeronautics.com/EMPLOYMENT.html
f	lRS	1	9221	0	http://www.gtaeronautics.com/aboutus.html
f	lRS	1	5851	0	http://www.gtaeronautics.com/UASFC.html
f	lRS	1	1987	0	http://www.gtaeronautics.com/uasfc.html
f	lRS	1	1944	0	http://www.gtaeronautics.com/RD.html
f	lRS	1	1662	0	http://www.gtaeronautics.com/consultinga.html
f	lRS	1	1306	0	http://www.gtaeronautics.com/contactus.html
f	lRS	1	1201	0	http://www.gtaeronautics.com/compnews.html
f	lRS	1	1159	0	http://www.trainingindustry.com/
f	lRS	1	1098	0	http://www.gtaeronautics.com/links.html
f	lRS	1	1079	0	http://www.baidu.com/s
f	lRS	1	892	0	http://www.google.com/url
f	lRS	1	872	0	http://www.gtaeronautics.com/FAQ.html
f	lRS	1	67354	93	[not listed: 4915]
n	*FR	2013	12	19	00	28
n	*LR	2020	10	14	09	11
n	*f	0.500000%Q	s
n	Rq	1	871.262	kit
n	Rq	1	871.262	method
n	Rq	2	769.850	crew
n	Rq	28	686.967	aeronautical
n	Rq	1	871.262	airplane.com
n	Rq	5	465.616	faa
n	Rq	40	78.499	gt
n	Rq	1	871.262	moldings
n	Rq	1	871.262	twin
n	Rq	1	871.262	taranis
n	Rq	2	871.262	installerex
n	Rq	2	871.262	http://gtaeronautics.com/
n	Rq	20	931.232	in
n	Rq	1	871.262	scale
n	Rq	1	871.262	observer
n	Rq	1	871.262	drawing?
n	Rq	2	871.262	is
n	Rq	1	871.262	making
n	Rq	2	769.850	fiber
n	Rq	1	871.262	mitsubishi
n	Rq	1	871.262	fuze
n	Rq	1	871.262	http://www.gtaeronautics.com/indnews.html
n	Rq	92	871.262	semalt.com
n	Rq	1	871.262	consultant
n	Rq	15	567.027	manufacturing
n	Rq	1	871.262	2
n	Rq	1	871.262	base
n	Rq	14	525.586	6
n	Rq	1	871.262	http://gtaeronautics.com/indnews.html
n	Rq	1	871.262	always
n	Rq	28	382.733	engineering
n	Rq	1	871.262	northrop
n	Rq	1	871.262	bandwidth
n	Rq	1	871.262	vegas
n	Rq	3	769.850	basic
n	Rq	1	871.262	qinetiq
n	Rq	1	871.262	tooling
n	Rq	1	871.262	on
n	Rq	1	871.262	heavy
n	Rq	9	161.381	drawings
n	Rq	1	871.262	fia
n	Rq	4	871.262	louis%20vuitton%20fashion%20valley%20phone%20number
n	Rq	3	871.262	llc
n	Rq	3	668.439	rullman
n	Rq	1	871.262	cowling
n	Rq	32	668.439	sale
n	Rq	64	364.204	outlet
n	Rq	1	871.262	rotax
n	Rq	1	871.262	ucav
n	Rq	28	484.144	texan
n	Rq	1	871.262	a
n	Rq	2	871.262	customer
n	Rq	1	871.262	rpa
n	Rq	2	769.850	110cc
n	Rq	30	871.262	designer
n	Rq	20	465.616	www.gtaeronautics.com
n	Rq	1	871.262	work
n	Rq	1	871.262	thomas
n	Rq	1	871.262	engie
n	Rq	1	871.262	qualification
n	Rq	1	871.262	custom
n	Rq	1	871.262	mk3
n	Rq	1	871.262	t
n	Rq	1	871.262	uavs
n	Rq	1	871.262	w
n	Rq	2	871.262	satisfaction
n	Rq	2	769.850	x
n	Rq	1	871.262	crews
n	Rq	3	871.262	photos
n	Rq	1	871.262	finnemeccia
n	Rq	2	769.850	glass
n	Rq	1	668.439	to
n	Rq	1	871.262	gcs
n	Rq	5	465.616	engineer
n	Rq	1	871.262	government
n	Rq	1	871.262	operator
n	Rq	6	364.204	aircraft
n	Rq	1	871.262	with
n	Rq	97	769.850	number
n	Rq	4	668.439	for
n	Rq	1	871.262	december
n	Rq	2	769.850	aero
n	Rq	9	769.850	equipment
n	Rq	2	769.850	engine
n	Rq	1	871.262	mq1
n	Rq	2	769.850	wy
n	Rq	1	871.262	custum
n	Rq	1	871.262	g.t
n	Rq	1	871.262	mechanics
n	Rq	1	769.850	motors
n	Rq	1	871.262	tdw
n	Rq	32	465.616	luggage
n	Rq	1	871.262	opportunities
n	Rq	175	221.351	vuitton
n	Rq	1	871.262	show
n	Rq	1	668.439	the
n	Rq	1	871.262	luggages
n	Rq	1	871.262	stroke
n	Rq	2	871.262	explore
n	Rq	39	769.850	handbags
n	Rq	2	769.850	electric
n	Rq	1	871.262	space
n	Rq	1	769.850	air
n	Rq	1	871.262	quote
n	Rq	1	871.262	require
n	Rq	1	871.262	mpp
n	Rq	4	769.850	jobs
n	Rq	5	465.616	uas
n	Rq	1	871.262	anything
n	Rq	1	871.262	china
n	Rq	1	871.262	airplane
n	Rq	10	931.232	uav
n	Rq	2	871.262	wmaid.com
n	Rq	3	567.027	drone
n	Rq	7	262.793	fiberglass
n	Rq	2	871.262	facebook
n	Rq	1	871.262	college
n	Rq	4	567.027	onboard
n	Rq	3	769.850	gtaeronautics.com
n	Rq	1	871.262	qulificationa
n	Rq	21	626.997	simi
n	Rq	1	871.262	and
n	Rq	5	668.439	flight
n	Rq	17	626.997	at6
n	Rq	1	871.262	xtreme
n	Rq	1	871.262	maintenance
n	Rq	1	871.262	cody
n	Rq	1	871.262	systems
n	Rq	1	871.262	any
n	Rq	1	871.262	tom
n	Rq	1	871.262	payload
n	Rq	2	769.850	gta
n	Rq	2	871.262	granger
n	Rq	8	262.793	extreme
n	Rq	6	465.616	molding
n	Rq	2	871.262	easylifeapp
n	Rq	1	871.262	rating
n	Rq	2	871.262	whitelaw
n	Rq	126	262.793	fashion
n	Rq	2	769.850	ice
n	Rq	2	871.262	http://www.gtaeronautics.com/compnews.html
n	Rq	5	769.850	engineers
n	Rq	3	769.850	composite
n	Rq	1	871.262	skyforce
n	Rq	1	871.262	eengineer
n	Rq	175	221.351	louis
n	Rq	8	871.262	store
n	Rq	4	567.027	starter
n	Rq	14	567.027	cheap
n	Rq	1	871.262	diamond
n	Rq	10	59.970	bme
n	Rq	1	871.262	america2009
n	Rq	7	871.262	content
n	Rq	1	871.262	challenge
n	Rq	2	769.850	aeronautic
n	Rq	1	871.262	piece
n	Rq	1	871.262	how
n	Rq	1	871.262	male
n	Rq	2	769.850	design
n	Rq	2	769.850	flying
n	Rq	1	871.262	carbon
n	Rq	1	871.262	operation
n	Rq	2	871.262	profile
n	Rq	1	871.262	tomas
n	Rq	1	871.262	cia
n	Rq	1	871.262	hummingbird
n	Rq	1	871.262	iron
n	Rq	1	871.262	california
n	Rq	1	871.262	amphibian
n	Rq	1	871.262	110
n	Rq	1	871.262	mentioned
n	Rq	1	871.262	111
n	Rq	1	871.262	over
n	Rq	25	686.967	http://www.gtaeronautics.com/
n	Rq	1	871.262	google.com
n	Rq	1	871.262	fuel
n	Rq	2	871.262	inc
n	Rq	1	871.262	handbag.com
n	Rq	1	871.262	da42
n	Rq	2	769.850	certification
n	Rq	1	871.262	timing
n	Rq	1	871.262	2015
n	Rq	1	871.262	home
n	Rq	1	871.262	aerospacecompanies
n	Rq	1	871.262	anti
n	Rq	1	871.262	ziroli
n	Rq	1	871.262	sketches
n	Rq	5	871.262	purses
n	Rq	1	871.262	downlink
n	Rq	3	871.262	aeronotics
n	Rq	1	871.262	nanotechnology
n	Rq	1	871.262	zephyr
n	Rq	4	871.262	wyoming
n	Rq	2	871.262	technology
n	Rq	3	668.439	companies
n	Rq	1	871.262	muffler
n	Rq	2	871.262	avia
n	Rq	2	871.262	what
n	Rq	145	18.529	valley
n	Rq	1	871.262	microwave
n	Rq	1	871.262	mold
n	Rq	5	567.027	pglm
n	Rq	1	871.262	specialist
n	Rq	23	889.790	drawing
n	Rq	1	871.262	tool
n	Rq	1	871.262	security
n	Rq	6	769.850	prototypes
n	Rq	1	871.262	giant
n	Rq	1	871.262	powell
n	Rq	8	262.793	aerospace
n	Rq	4	567.027	unmanned
n	Rq	34	281.321	aeronautics
n	Rq	1	871.262	radius
n	Rq	1	871.262	zero
n	Rq	1	871.262	tobbot
n	Rq	2	769.850	job
n	Rq	2	769.850	neverfull
n	Rq	1	871.262	onbordstarter
n	Rq	20	567.027	ca
n	Rq	1	769.850	as
n	Rq	13	626.997	at
n	Rq	5	465.616	techniques
n	Rq	1	871.262	does
n	Rq	1	871.262	commercial
n	Rq	1	871.262	www.gt
n	Rq	1	871.262	de
n	Rq	1	871.262	co
n	Rq	1	871.262	speedy
n	Rq	1	871.262	rpas
n	Rq	2	769.850	instrument
n	Rq	1	871.262	do
n	Rq	1	871.262	quotation
n	Rq	3	668.439	training
n	Rq	1	871.262	efi
n	Rq	1	871.262	careers
n	Rq	3	668.439	pilot
n	Rq	9	161.381	bandito
n	Rq	4	567.027	quotes
n	Rq	107	567.027	phone
n	Rq	1	871.262	stations
n	Rq	1	871.262	traing
N	*FR	2013	12	19	00	28
N	*LR	2020	10	14	09	11
N	*f	-200Q	s
N	RQ	1	3847171539	uavs flying over simi valley ca
N	RQ	1	3847171539	gt aeronautics simi valley california
N	RQ	1	3847171539	aeronautical engineer quote
N	RQ	1	3847171539	does aeronautical engineering require drawing?
N	RQ	1	3847171539	how to do gt in engineering drawing
N	RQ	2	3847171539	http://gtaeronautics.com/
N	RQ	1	3847171539	the government college g.t aeronautics
N	RQ	1	3847171539	bme engine
N	RQ	1	3847171539	uas gcs
N	RQ	1	3847171539	http://www.gtaeronautics.com/indnews.html
N	RQ	92	3847171539	semalt.com
N	RQ	1	3847171539	aero iron mentioned nanotechnology hummingbird uav
N	RQ	1	3847171539	basic fiberglass techniques
N	RQ	1	3847171539	http://gtaeronautics.com/indnews.html
N	RQ	1	3847171539	finnemeccia co
N	RQ	2	3847171539	drawing for customer satisfaction
N	RQ	1	3847171539	cheap louis vuitton speedy handbag.com
N	RQ	1	3847171539	at 6
N	RQ	1	3847171539	quotation specialist engineer drawings
N	RQ	1	3847171539	challenge xtreme 111 piece mechanics tool kit
N	RQ	1	3847171539	uav commercial crew stations
N	RQ	1	3847171539	da42 mpp microwave downlink bandwidth
N	RQ	1	3847171539	anti ice de ice qinetiq zephyr
N	RQ	4	3847171539	louis%20vuitton%20fashion%20valley%20phone%20number
N	RQ	1	3847171539	faa uas pilot certification
N	RQ	1	3847171539	any flying crews in gta
N	RQ	1	3847171539	aerospace drawing
N	RQ	1	3847171539	fiber glass molding job
N	RQ	1	3847171539	aircraft design consultant
N	RQ	1	3847171539	www.gt airplane.com
N	RQ	3	3847171539	gt in aeronotics
N	RQ	1	3847171539	tom rullman
N	RQ	1	3847171539	gt aeronautics simi valley ca
N	RQ	1	3847171539	drone base in simi valley
N	RQ	1	3847171539	fiberglass mold making techniques
N	RQ	1	3847171539	rpa instrument qualification faa instrument rating
N	RQ	1	3847171539	extreme bme
N	RQ	1	3847171539	uas faa maintenance
N	RQ	1	3847171539	louis vuitton neverfull
N	RQ	1	3847171539	fiberglass techniques
N	RQ	1	3847171539	aircraft companies in simi valley
N	RQ	1	3847171539	custom fiberglass moldings
N	RQ	11	3847171539	louis vuitton luggage cheap
N	RQ	1	3847171539	anything
N	RQ	1	3847171539	aeronautical engineering sketches
N	RQ	1	3847171539	gtaeronautics.com
N	RQ	1	3847171539	giant scale ziroli at 6
N	RQ	9	3847171539	outlet louis vuitton handbags
N	RQ	1	3847171539	cowling drawing
N	RQ	1	3847171539	mitsubishi zero
N	RQ	1	3847171539	powell wy gt aeronautics
N	RQ	2	3847171539	what is gt in basic engineering drawing
N	RQ	2	3847171539	composite molding
N	RQ	1	3847171539	aeronautics in simi valley and security work
N	RQ	3	3847171539	gt aeronautics llc jobs
N	RQ	1	3847171539	crew flight gta
N	RQ	1	3847171539	110cc engine timing
N	RQ	1	3847171539	aeronautical engineer quotes
N	RQ	2	3847171539	http://www.gtaeronautics.com/compnews.html
N	RQ	4	3847171539	wyoming flight engineers
N	RQ	1	3847171539	a t 6
N	RQ	1	3847171539	gt aeronautics unmanned air
N	RQ	1	3847171539	fia gt composite tooling
N	RQ	1	3847171539	uas pilot certification
N	RQ	1	3847171539	quotes on aeronautical engineers
N	RQ	1	3847171539	payload for diamond northrop twin engie aircraft
N	RQ	7	3847171539	content
N	RQ	1	3847171539	bme 110
N	RQ	1	3847171539	thomas w rullman gt aeronautics
N	RQ	1	3847171539	luggages for sale
N	RQ	2	3847171539	easylifeapp profile
N	RQ	2	3847171539	simi gt
N	RQ	1	3847171539	mq1 design fuel
N	RQ	1	3847171539	airplane as always cia america2009
N	RQ	1	3847171539	eengineer drawing home
N	RQ	1	3847171539	heavy equipment operator jobs
N	RQ	1	3847171539	aero space drone simi valley
N	RQ	1	3847171539	cheap louis vuitton luggage
N	RQ	1	3847171539	2 stroke electric onboard starter
N	RQ	1	3847171539	skyforce observer mk3
N	RQ	1	3847171539	simi valley unmanned aircraft
N	RQ	2	3847171539	granger whitelaw avia
N	RQ	1	3847171539	louis vuitton fashion valley neverfull
N	RQ	1	3847171539	louis vuitton job opportunities
N	RQ	1	3847171539	google.com
N	RQ	1	3847171539	uas operation training method
N	RQ	2	3847171539	wmaid.com explore gtaeronautics.com
N	RQ	1	3847171539	custum muffler 110cc
N	RQ	1	3847171539	glass manufacturing drawings
N	RQ	1	3847171539	electric motors x male uav x sale
N	RQ	1	3847171539	aerospacecompanies in simi valley
N	RQ	1	3847171539	fiberglass molding
N	RQ	2	3847171539	aeronautical technology inc
N	RQ	1	3847171539	taranis ucav
N	RQ	1	3847171539	vegas drone uav show december 2015
N	RQ	1	3847171539	uav companies in simi valley
N	RQ	1	3847171539	unmanned aircraft systems pilot training
N	RQ	2	3847171539	installerex facebook
N	RQ	3	3847171539	texan at6 photos
N	RQ	1	3847171539	aeronautic engineer
N	RQ	30	3847171539	designer handbags outlet sale
N	RQ	1	3847171539	rpas qulificationa traing with faa
N	RQ	1	3847171539	faa uav training
N	RQ	1	3847171539	uav companies simi valley
N	RQ	5	3847171539	louis vuitton purses outlet
N	RQ	1	3847171539	aeronautics
N	RQ	1	3847171539	cheap louis vuitton luggage outlet
N	RQ	1	3847171539	gt aeronautics tomas rullman
N	RQ	1	3847171539	tobbot
N	RQ	1	3847171539	radius tdw efi fuze
N	RQ	8	3847171539	manufacturing equipment store in simi valley
N	RQ	1	3847171539	aeronautic engineer quotes
N	RQ	1	3847171539	onbordstarter
N	RQ	1	3847171539	rotax amphibian unmanned china
N	RQ	1	3847171539	aeronautical engineering quotes
N	RQ	1	3847171539	drawing aircraft engineering
N	RQ	1	3847171539	gt aeronautics careers
N	RQ	1	3847171539	gt aeronautics bandito
N	RQ	1	3847171539	cody wy carbon fiber
N	RQ	2	3399375782	fiberglass molding techniques
N	RQ	6	3399375782	manufacturing aeronautical prototypes
N	RQ	19	3399375782	louis vuitton luggage outlet
N	RQ	10	3399375782	louis vuitton fashion valley phone
N	RQ	97	3399375782	louis vuitton fashion valley phone number
N	RQ	2	3399375782	texan at 6
N	RQ	18	3399375782	louis vuitton fashion valley ca
N	RQ	14	3216385508	aeronautical engineering drawing
N	RQ	25	3033395234	http://www.gtaeronautics.com/
N	RQ	3	2951580025	bandito uav
N	RQ	3	2951580025	onboard starter
N	RQ	6	2503784268	texan at6
N	RQ	5	2503784268	bandito pglm
N	RQ	20	2320793994	gt aeronautics
N	RQ	20	2055988511	www.gtaeronautics.com
N	RQ	7	1608192754	bme extreme
N	RQ	7	1608192754	aerospace engineering drawings
N	RQ	8	712601240	at6 texan
N	RQ	9	264805483	at 6 texan
B	*f	-40R	r
B	Rb	36480	4.971	Mozilla/5.0 (compatible; bingbot/2.0;  http://www.bing.com/bingbot.htm)
B	Rb	35960	2.122	ZoominfoBot (zoominfobot at zoominfo dot com)
B	Rb	26134	1.763	Mozilla/5.0 (compatible; Googlebot/2.1;  http://www.google.com/bot.html)
B	Rb	15950	1.420	Mozilla/4.0 (compatible; MSIE 6.0; Windows NT 5.1; SV1)
B	Rb	12648	2.037	Mozilla/5.0 (iPhone; CPU iPhone OS 7_0 like Mac OS X) AppleWebKit/537.51.1 (KHTML, like Gecko) Version/7.0 Mobile/11A465 Safari/9537.53 (compatible; bingbot/2.0;  http://www.bing.com/bingbot.htm)
B	Rb	12157	0.771	Sogou web spider/4.0( http://www.sogou.com/docs/help/webmasters.htm#07)
B	Rb	9999	1.032	Mozilla/5.0 (compatible; YandexBot/3.0;  http://yandex.com/bots)
B	Rb	9962	1.017	Mozilla/5.0 (compatible; Baiduspider/2.0;  http://www.baidu.com/search/spider.html)
B	Rb	9752	0.839	Mozilla/5.0 (Windows NT 6.1; WOW64; Trident/7.0; rv:11.0) like Gecko
B	Rb	8061	1.349	Mozilla/4.0 (compatible; MSIE 7.0; Windows NT 5.1; .NET CLR 1.1.4322; .NET CLR 2.0.50727)
B	Rb	7452	0.618	Mozilla/5.0 (compatible; Yahoo! Slurp; http://help.yahoo.com/help/us/ysearch/slurp)
B	Rb	7100	0.320	Mozilla/4.0 (compatible; MSIE 6.0; Windows NT 5.1; SV1; .NET CLR 2.0.50727)
B	Rb	6942	0.280	Mozilla/4.0 (compatible;)
B	Rb	6433	0.465	Mozilla/4.0 (compatible; MSIE 6.0; Windows NT 5.1)
B	Rb	6164	0.067	Mozilla/4.0 (compatible; MSIE 7.0; Windows NT 5.1; .NET CLR 1.1.4322; .NET CLR 2.0.50727; .NET CLR 3.0.4506.2152; .NET CLR 3.5.30729)
B	Rb	6152	0.525	Mozilla/4.0 (compatible; MSIE 7.0; Windows NT 6.1; WOW64; Trident/5.0; SLCC2; .NET CLR 2.0.50727; .NET CLR 3.5.30729; .NET CLR 3.0.30729; Media Center PC 6.0; .NET4.0C; .NET4.0E)
B	Rb	6079	0.341	Mozilla/5.0 (Windows NT 6.1; WOW64) AppleWebKit/537.36 (KHTML, like Gecko) Chrome/36.0.1985.143 Safari/537.36
B	Rb	5848	0.396	Sosospider ( http://help.soso.com/webspider.htm)
B	Rb	5810	0.415	Mozilla/5.0 (compatible; AhrefsBot/7.0;  http://ahrefs.com/robot/)
B	Rb	5800	0.186	Googlebot-Image/1.0
B	Rb	5436	0.451	Mozilla/5.0 (Windows; U; Windows NT 5.1; en-US; rv:1.7.2) Gecko/20040804 Netscape/7.2 (ax)
B	Rb	5308	0.193	Mozilla/4.0 (compatible; MSIE 7.0; Windows NT 5.1; .NET CLR 1.1.4322; .NET CLR 2.0.50727; .NET CLR 3.0.04506.30)
B	Rb	5198	0.477	Mozilla/4.0 (compatible; MSIE 7.0; Windows NT 5.1)
B	Rb	5097	1.674	Mozilla/5.0 (Windows NT 6.3; WOW64) AppleWebKit/537.36 (KHTML, like Gecko) Chrome/33.0.1736.0 Safari/537.36
B	Rb	4873	0.180	Mozilla/5.0 (compatible; MSIE 9.0; Windows NT 6.1; WOW64; Trident/5.0)
B	Rb	4446	0.263	Mozilla/5.0 (compatible; Yahoo! Slurp/3.0; http://help.yahoo.com/help/us/ysearch/slurp)
B	Rb	4368	0.052	Mozilla/4.0 (compatible; MSIE 7.0; Windows NT 5.1; .NET CLR 2.0.50727; .NET CLR 3.0.4506.2152; .NET CLR 3.5.30729)
B	Rb	4235	0.656	Mozilla/5.0 (iPhone; CPU iPhone OS 7_0 like Mac OS X) AppleWebKit/537.51.1 (KHTML, like Gecko) Version/7.0 Mobile/11A465 Safari/9537.53 BingPreview/1.0b
B	Rb	4114	0.554	Mozilla/5.0 (Linux; Android 6.0.1; Nexus 5X Build/MMB29P) AppleWebKit/537.36 (KHTML, like Gecko) Chrome/41.0.2272.96 Mobile Safari/537.36 (compatible; Googlebot/2.1;  http://www.google.com/bot.html)
B	Rb	3774	0.221	Mozilla/4.0 (compatible; MSIE 6.0; Windows NT 5.1; SV1; .NET CLR 1.1.4322)
B	Rb	3595	0.415	Mozilla/4.0 (compatible; MSIE 7.0; Windows NT 5.1; InfoPath.2; .NET CLR 2.0.50727; .NET CLR)
B	Rb	3493	0.267	Mozilla/5.0 (compatible; MJ12bot/v1.4.5; http://www.majestic12.co.uk/bot.php? )
B	Rb	3481	0.183	Mozilla/5.0 (X11; Datanyze; Linux x86_64) AppleWebKit/537.36 (KHTML, like Gecko) Chrome/65.0.3325.181 Safari/537.36
B	Rb	3451	0.115	Mozilla/5.0 (compatible; SeznamBot/3.2;  http://napoveda.seznam.cz/en/seznambot-intro/)
B	Rb	3425	0.570	PRurl
B	Rb	3206	0.807	Mozilla/4.0 (compatible; MSIE 7.0; Windows NT 5.1; .NET CLR 2.0.50727; .NET CLR 1.1.4322)
B	Rb	3062	0.118	Mozilla/4.0 (compatible; MSIE 7.0; Windows NT 5.1; .NET CLR 1.1.4322)
B	Rb	3049	0.061	Mozilla/4.0 (compatible; MSIE 8.0; Windows NT 5.1; Trident/4.0; .NET CLR 2.0.50727; .NET CLR 3.0.4506.2152; .NET CLR 3.5.30729; .NET4.0C; .NET CLR 1.1.4322)
B	Rb	2917	0.337	Mozilla/5.0 (compatible; MSIE 9.0; Windows NT 6.1; Trident/5.0)
B	Rb	2893	0.243	Mozilla/4.0 (compatible; MSIE 6.0; Windows NT 5.1; SV1; .NET CLR 1.1.4322; .NET CLR 2.0.50727)
B	Rb	661687	71.228	[not listed: 19636]
b	*f	-15Q	s
b	lRQq	1	35960	3847171570	187.484	ZoominfoBot (zoominfobot at zoominfo dot com)
b	lRQq	1	398	3847171552	187.484	ia_archiver
b	lRQq	1	1964	4010801965	195.458	Apache-HttpClient
b	lRQq	2	1963	163630426	7.974	Apache-HttpClient/4
b	lRQq	2	1	3847171539	187.484	Apache-HttpClient/UNAVAILABLE
b	lRQq	1	3425	3847171542	187.484	PRurl
b	lRQq	1	264	3928986750	191.471	Scrapy
b	lRQq	2	23	3399375784	165.661	Scrapy/2
b	lRQq	2	235	2768589751	134.921	Scrapy/1
b	lRQq	2	6	2055988511	100.194	Scrapy/0
b	lRQq	1	28	3847171541	187.484	NetSystemsResearch studies the availability of various services across the internet. Our website is netsystemsresearch.com
b	lRQq	1	15	3847171541	187.484	Mozlila
b	lRQq	2	15	3847171541	187.484	Mozlila/5
b	lRQq	1	21	3847171540	187.484	Expanse indexes the network perimeters of our customers. If you have any questions or concerns, please reach out to: scaninfo@expanseinc.com
b	lRQq	1	1131	3847171540	187.484	The Knowledge AI
b	lRQq	1	131	4111977022	200.388	Lynx
b	lRQq	2	131	4111977022	200.388	Lynx/2
b	lRQq	1	2	4111977022	200.388	() { :;}; 
b	lRQq	2	2	4111977022	200.388	() { :;}; /bin/bash
b	lRQq	1	90	4111977022	200.388	GuzzleHttp
b	lRQq	2	90	4111977022	200.388	GuzzleHttp/6
b	lRQq	1	117	3928986748	191.471	NSPlayer
b	lRQq	2	1	3847171539	187.484	NSPlayer/8
b	lRQq	2	5	3399375782	165.661	NSPlayer/12
b	lRQq	2	17	2503784268	122.017	NSPlayer/9
b	lRQq	2	16	2503784268	122.017	NSPlayer/10
b	lRQq	2	78	264805483	12.905	NSPlayer/11
b	lRQq	1	6	3847171539	187.484	
b	lRQq	2	6	3847171539	187.484	/n
b	lRQq	1	1	3847171539	187.484	Go http package
b	lRQq	1	938438	3352296220	163.367	[not listed: 846]
p	*f	0Q	s
p	lR	1	530632	Windows
p	lR	2	224590	Unknown Windows
p	lR	2	50730	Windows NT
p	lR	2	239252	Windows XP
p	lR	2	2199	Windows 95
p	lR	2	392	Windows CE
p	lR	2	2338	Windows 98
p	lR	2	9331	Windows 2000
p	lR	2	384	Windows 3.1
p	lR	2	1416	Windows ME
p	lR	1	232825	OS unknown
p	lR	1	56402	Unix
p	lR	2	55601	Linux
p	lR	2	22	SunOS
p	lR	2	47	BSD
p	lR	2	729	Other Unix
p	lR	2	3	HP-UX
p	lR	1	79551	Known robots
p	lR	1	82549	Macintosh
p	lR	2	78452	Unknown Macintosh
p	lR	2	3115	Macintosh PowerPC
p	lR	2	982	Macintosh 68k
p	lR	1	16	WebTV
p	lR	1	1	BeOS
p	lR	1	8	OS/2
p	lR	1	7	Amiga
i	*f	0R	s
i	lRc	1	575615	32.547	[root directory]
i	lRc	1	261840	67.115	/images/
i	lRc	1	99893	0.178	/js/
i	lRc	1	52313	0.160	/css/
i	lRc	1	865	0.000	/videos/
i	lRc	1	541	0.000	/client/
i	lRc	1	1	0.000	/cgi-bin/
i	lRc	1	176	0.000	/dev/
i	lRc	2	23	0.000	/dev/css/
i	lRc	2	44	0.000	/dev/js/
i	lRc	2	59	0.000	/dev/images/
i	lRc	1	1	0.000	/secure/
i	lRc	1	74	0.000	/stats/
r	*f	0.050000%S	s
r	lRSc	1	23192	29	21.067	/compnews.html
r	lRSc	1	26931	28	1.544	/aboutus.html
r	lRSc	1	17151	27	1.449	/cfmt.html
r	lRSc	1	17736	26	2.309	/consultinga.html
r	lRSc	1	892	26	1.472	/gt100hl+rpas.html
r	lRSc	1	13641	25	0.925	/pna.html
r	lRSc	1	21810	25	2.145	/uasfc.html
r	lRSc	1	5374	24	1.465	/gt380+rpas.html
r	lRSc	1	16984	24	1.790	/cct&m.html
r	lRSc	1	5121	24	1.245	/gt50t+rpas.html
r	lRSc	1	12672	24	1.600	/faq.html
r	lRSc	1	18169	23	0.827	/contactus.html
r	lRSc	1	8668	23	1.357	/sru.html
r	lRSc	1	13827	22	1.236	/indevents.html
r	lRSc	1	5475	22	1.341	/gt1500+rpas.html
r	lRSc	1	14505	21	1.388	/links.html
r	lRSc	1	15342	16	0.576	/employment.html
r	lRSc	1	26958	15	55.943	/indnews.html
r	lRSc	2	137	0	0.000	/indnews.html?referer=www.clickfind.com.au/wp-login.php
r	lRSc	2	1	0	0.000	/indnews.html?referer=top1.co.pl
r	lRSc	2	1	0	0.000	/indnews.html?referer=www.clickfind.com.au//wp-content/themes/busybee/thumb.php?src=http://blogger.com.opontodaarte.com.br/java.php
r	lRSc	1	9661	6	0.322	/rd.html
r	lRSc	1	1	0	0.000	/client/bandito timeline2007.html
r	lRSc	1	2	0	0.000	/client/bandit+timeline2004.html
r	lRSc	1	1	0	0.000	/stats/quick.html
r	lRSc	1	1	0	0.000	/404.htm
r	lRSc	1	12	0	0.000	/client/gta010707002.html
r	lRSc	1	72	0	0.000	/client/bandito+development.html
r	lRSc	1	135	0	0.000	/client/welcome.html
r	lRSc	1	3	0	0.000	/client/gta021305001.html
r	lRSc	1	1	0	0.000	/stats/browserrep.html
r	lRSc	1	741	0	0.000	/gt50t rpas.html
r	lRSc	1	5	0	0.000	/client/gta012405001.html
r	lRSc	1	2	0	0.000	/dev/contactus.html
r	lRSc	1	4	0	0.000	/stats/general.html
r	lRSc	1	1	0	0.000	/stats/dailyrep.html
r	lRSc	1	1	0	0.000	/dev/aboutus.html
r	lRSc	1	18	0	0.000	/client/tacamo+development.html
r	lRSc	1	1	0	0.000	/client/bandit development.html
r	lRSc	1	17	0	0.000	/client/bandit+timeline2008.html
r	lRSc	1	1	0	0.000	/client/bandito+timeline2005.html
r	lRSc	1	23	0	0.000	/client/projectbids.html
r	lRSc	1	1	0	0.000	/stats/host.html
r	lRSc	1	11	0	0.000	/client/rq2+outlaw.html
r	lRSc	1	1	0	0.000	/client/bandit timeline2008.html
r	lRSc	1	20	0	0.000	/client/clientpna.html
r	lRSc	1	15	0	0.000	/client/bandit.html
r	lRSc	1	2	0	0.000	/stats/default.asp
r	lRSc	1	21	0	0.000	/index.htm
r	lRSc	1	1	0	0.000	/cgi-bin/testms.pl
r	lRSc	1	976	0	0.000	/gtamt.html
r	lRSc	1	14	0	0.000	/client/rq1+bandit.html
r	lRSc	1	2253	0	0.000	/gt1500 rpas.html
r	lRSc	1	6	0	0.000	/client/gta021305002.html
r	lRSc	1	4	0	0.000	/client/gta121004001.html
r	lRSc	1	24	0	0.000	/client/tacamo.html
r	lRSc	1	30	0	0.000	/client/mgqgcyat.asp
r	lRSc	1	3793	0	0.000	/banditomav.html
r	lRSc	1	1	0	0.000	/dev/client.cgi
r	lRSc	1	18702	0	0.000	/default.asp
r	lRSc	1	1666	0	0.000	/gt380 rpas.html
r	lRSc	1	1	0	0.000	/client/bandito+timeline2006.html
r	lRSc	1	16	0	0.000	/client/rq3+bandito.html
r	lRSc	1	1	0	0.000	/dev/uasfc.html
r	lRSc	1	229	0	0.000	/client.cgi
r	lRSc	1	71	0	0.000	/client/bandit+development.html
r	lRSc	1	2	0	0.000	/client/bandito development.html
r	lRSc	1	2	0	0.000	/stats/yearly.html
r	lRSc	1	2	0	0.000	/stats/domain.html
r	lRSc	1	1	0	0.000	/stats/monthly.html
r	lRSc	1	2	0	0.000	/stats/weekly.html
r	lRSc	1	8	0	0.000	/client/gta010707001.html
r	lRSc	1	4073	0	0.000	/uavengines.html
r	lRSc	1	3749	0	0.000	/bidspridpass.html
r	lRSc	1	6356	0	0.000	/pridpass.html
r	lRSc	1	12	0	0.000	/client/bandito.html
r	lRSc	1	3903	0	0.000	/gtatexan.html
r	lRSc	1	1	0	0.000	/dev/pna.html
r	lRSc	1	1	0	0.000	/client/tacamo development.html
r	lRSc	1	4	0	0.000	/stats/index.htm
r	lRSc	1	4	0	0.000	/stats/nav.html
r	lRSc	1	1	0	0.000	/stats/quarterly.html
r	lRSc	1	3700	0	0.000	/bandituas.html
r	lRSc	1	2	0	0.000	/stats/directory.html
r	lRSc	1	2	0	0.000	/stats/organisation.html
r	lRSc	1	8	0	0.000	/client/bandito+timeline2007.html
r	lRSc	1	7	0	0.000	/client/bandit+timeline2007.html
r	lRSc	1	1	0	0.000	/dev/pridpass.html
t	*f	0.100000%B	b
t	lRb	1	305860	37.300	.html [Hypertext Markup Language]
t	lRb	1	203526	31.617	.jpg  [JPEG graphics]
t	lRb	1	236816	22.058	[directories]
t	lRb	1	778	3.270	.wmv
t	lRb	1	87	3.210	.mpg  [MPEG movie]
t	lRb	1	18734	1.381	.asp  [Active Server REQUESTS]
t	lRb	1	58397	0.418	.gif  [GIF graphics]
t	lRb	1	99937	0.342	.js  [JavaScript code]
t	lRb	1	52328	0.302	.css  [Cascading Style Sheets]
t	lRb	1	14586	0.101	.ico
t	lRb	1	270	0.001	[not listed: 5]
z	*FR	2009	06	30	04	42
z	*LR	2021	10	08	23	52
z	ScR	77	0.000	76366	0
z	ScR	0	0.000	0	1b-  10b
z	ScR	0	0.000	0	11b- 100b
z	ScR	89	0.013	79967	101b-  1kb
z	ScR	620	2.428	457097	1kb- 10kb
z	ScR	518	26.749	319346	10kb-100kb
z	ScR	236	50.814	57425	100kb-  1Mb
z	ScR	18	19.996	1075	1Mb- 10Mb
z	ScR	0	0.000	43	10Mb-100Mb
c	*FR	2014	03	02	13	52
c	*LR	2021	10	08	23	52
c	*f	0R	a
c	R	909935	200 OK
c	R	6409	206 Partial content
c	R	106	301 Document moved permanently
c	R	77	302 Document found elsewhere
c	R	74975	304 Not modified since last retrieval
c	R	713	400 Bad request
c	R	207	401 Authentication required
c	R	165	403 Access forbidden
c	R	404984	404 Document not found
c	R	811	405 Method not allowed
c	R	464	406 Document not acceptable to client
c	R	73	416 Requested range not valid
c	R	613	500 Internal server error
c	R	128	501 Request type not supported
I	*FR	2007	12	11	00	52
I	*LR	2021	10	08	23	10
I	*f	-30S	s
I	lRS	1	98167	121	/robots.txt
I	lRS	1	701	12	/videos/bandito+004+flt+8+clip+092508.wmv
I	lRS	1	2857	12	/ads.txt
I	lRS	1	6092	9	/wp-login.php
I	lRS	1	1716	8	/xmlrpc.php
I	lRS	1	915	6	/
I	lRS	1	2193	6	/index.php
I	lRS	1	515	6	/.env
I	lRS	1	6	5	/images/conns.php
I	lRS	1	5	5	/index.php/module/aciton/param1/${@eval($_post[ok])}
I	lRS	1	10	5	/index.php/index/index/name/{${eval($_post[s])}}
I	lRS	1	17	5	/wp-includes/css/modules.php
I	lRS	1	353	4	/wp1/wp-includes/wlwmanifest.xml
I	lRS	1	336	4	/shop/wp-includes/wlwmanifest.xml
I	lRS	1	247	4	/2019/wp-includes/wlwmanifest.xml
I	lRS	1	516	4	/wp-includes/wlwmanifest.xml
I	lRS	1	119	4	/ios
I	lRS	1	158	4	/mobile
I	lRS	1	357	4	/web/wp-includes/wlwmanifest.xml
I	lRS	1	119	4	/downloads
I	lRS	1	354	4	/sito/wp-includes/wlwmanifest.xml
I	lRS	1	258	4	/admin/
I	lRS	1	496	4	/blog/wp-includes/wlwmanifest.xml
I	lRS	1	356	4	/website/wp-includes/wlwmanifest.xml
I	lRS	1	355	4	/news/wp-includes/wlwmanifest.xml
I	lRS	1	581	4	/wordpress/
I	lRS	1	495	4	/wordpress/wp-includes/wlwmanifest.xml
I	lRS	1	496	4	/wp/wp-includes/wlwmanifest.xml
I	lRS	1	8	4	/a.php
I	lRS	1	493	4	/cms/wp-includes/wlwmanifest.xml
I	lRS	1	288863	378	[not listed: 21784]
L	*FR	2007	12	11	00	52
L	*LR	2021	10	08	23	10
L	*f	-20S	s
L	RS	250	250	119.91.114.144
L	RS	36	36	157.245.155.181
L	RS	18	18	178.128.18.195
L	RS	18	18	74.222.20.26
L	RS	17	17	20.79.248.94
L	RS	22	11	52.247.226.210
L	RS	10	10	165.232.144.235
L	RS	10	10	153.35.206.175
L	RS	9	9	103.148.75.5
L	RS	68	8	23.99.11.135
L	RS	18	7	66.249.64.106
L	RS	6	6	104.238.97.193
L	RS	6	6	34.140.212.12
L	RS	5	5	116.1.7.125
L	RS	5	5	219.159.100.136
L	RS	20	5	203.159.80.220
L	RS	5	5	182.84.69.114
L	RS	5	5	36.6.139.92
L	RS	5	5	117.57.77.102
L	RS	11	5	87.250.224.184
L	RS	407614	209	[not listed: 74818]
K	*FR	2013	12	22	04	20
K	*LR	2021	10	08	13	13
K	*f	-30S	s
K	lRS	1	69	40	http://misc.yahoo.com.cn/
K	lRS	1	862	14	http://gtaeronautics.com/
K	lRS	1	50103	0	[not listed: 4884]
E	*FR	2008	01	06	10	12
E	*LR	2021	09	24	12	44
E	*f	-30S	s
E	lSR	1	0	183	[not listed: 6]
l	*FR	2008	01	06	10	12
l	*LR	2021	09	24	12	44
l	*f	-20S	s
l	SR	0	183	[not listed: 101]
v	*f	-20B	b
v	Rb	657415	52.901	66.113.131.59
v	Rb	333904	47.099	64.41.87.40
R	*FR	2008	01	06	10	12
R	*LR	2021	09	24	12	44
R	*f	-20R	r
R	R	178	66.113.131.59
R	R	5	64.41.87.40
M	*FR	2007	12	11	00	52
M	*LR	2021	10	08	23	10
M	*f	-20R	r
M	R	302606	66.113.131.59
M	R	105552	64.41.87.40
J	*FR	2007	12	11	00	53
J	*LR	2017	03	17	18	30
J	*f	-20R	r
J	R	9	gtaeronautics
J	R	5	lorrigkj
J	R	1	rullma2063
J	R	1	administrator
J	R	1	satish
J	R	1	nnnnn
P	*FR	2021	07	23	10	02
P	*LR	2021	10	08	23	52
P	R	37	0
P	R	0	<= 0.01
P	R	599	0.01-0.02
P	R	27684	0.02-0.05
P	R	63665	0.05-0.1 
P	R	77614	0.1 -0.2 
P	R	78196	0.2 -0.5 
P	R	39248	0.5 -1   
P	R	21407	1-  2 
P	R	9237	2-  5 
P	R	5432	5- 10 
P	R	2144	10- 20 
P	R	7781	20- 60 
P	R	709	60-120 
P	R	131	120-300 
