x	VE	analog 5.24
x	HN	gtaeronautics.com
x	PS	2025	06	02	01	58
x	FR	2007	12	18	17	05
x	LR	2025	06	01	04	43
x	E7	2025	06	02	01	58
x	SR	2779748
x	S7	7713
x	NC	849165
x	C7	0
x	FL	1448746
x	F7	4615
x	RR	324
x	R7	0
x	NH	127409
x	H7	686
x	BT	57520368399
x	B7	0
1	Rr	339175	12.202	2025
1	Rr	836367	30.088	2024
1	Rr	511208	18.390	2023
1	Rr	82334	2.962	2022
1	Rr	98917	3.558	2021
1	Rr	89380	3.215	2020
1	Rr	80088	2.881	2019
1	Rr	68927	2.480	2018
1	Rr	60168	2.165	2017
1	Rr	73316	2.638	2016
1	Rr	80796	2.907	2015
1	Rr	110773	3.985	2014
1	Rr	65173	2.345	2013
1	Rr	60742	2.185	2012
1	Rr	57015	2.051	2011
1	Rr	22139	0.796	2010
1	Rr	69710	2.508	2009
1	Rr	71820	2.584	2008
1	Rr	1700	0.061	2007
1	*BT	R	836367	2024
Q	Rr	133527	4.804	2025	2
Q	Rr	205648	7.398	2025	1
Q	Rr	202145	7.272	2024	4
Q	Rr	220334	7.926	2024	3
Q	Rr	204456	7.355	2024	2
Q	Rr	209432	7.534	2024	1
Q	Rr	182268	6.557	2023	4
Q	Rr	165939	5.970	2023	3
Q	Rr	135306	4.868	2023	2
Q	Rr	27695	0.996	2023	1
Q	Rr	20307	0.731	2022	4
Q	Rr	20362	0.733	2022	3
Q	Rr	21795	0.784	2022	2
Q	Rr	19870	0.715	2022	1
Q	Rr	21154	0.761	2021	4
Q	Rr	26826	0.965	2021	3
Q	Rr	30675	1.104	2021	2
Q	Rr	20262	0.729	2021	1
Q	Rr	22199	0.799	2020	4
Q	Rr	23882	0.859	2020	3
Q	Rr	21656	0.779	2020	2
Q	Rr	21643	0.779	2020	1
Q	Rr	19098	0.687	2019	4
Q	Rr	19668	0.708	2019	3
Q	Rr	19827	0.713	2019	2
Q	Rr	21495	0.773	2019	1
Q	Rr	18129	0.652	2018	4
Q	Rr	17138	0.617	2018	3
Q	Rr	16928	0.609	2018	2
Q	Rr	16732	0.602	2018	1
Q	Rr	15937	0.573	2017	4
Q	Rr	0	0.000	2017	3
Q	Rr	16831	0.605	2017	2
Q	Rr	27400	0.986	2017	1
Q	Rr	22114	0.796	2016	4
Q	Rr	17621	0.634	2016	3
Q	Rr	15878	0.571	2016	2
Q	Rr	17703	0.637	2016	1
Q	Rr	16575	0.596	2015	4
Q	Rr	22104	0.795	2015	3
Q	Rr	22485	0.809	2015	2
Q	Rr	19632	0.706	2015	1
Q	Rr	21142	0.761	2014	4
Q	Rr	22272	0.801	2014	3
Q	Rr	31453	1.132	2014	2
Q	Rr	35906	1.292	2014	1
Q	Rr	16436	0.591	2013	4
Q	Rr	15216	0.547	2013	3
Q	Rr	16545	0.595	2013	2
Q	Rr	16976	0.611	2013	1
Q	Rr	16578	0.596	2012	4
Q	Rr	12511	0.450	2012	3
Q	Rr	15816	0.569	2012	2
Q	Rr	15837	0.570	2012	1
Q	Rr	15444	0.556	2011	4
Q	Rr	17386	0.625	2011	3
Q	Rr	9395	0.338	2011	2
Q	Rr	14790	0.532	2011	1
Q	Rr	1603	0.058	2010	4
Q	Rr	0	0.000	2010	3
Q	Rr	14047	0.505	2010	2
Q	Rr	6489	0.233	2010	1
Q	Rr	16350	0.588	2009	4
Q	Rr	18220	0.655	2009	3
Q	Rr	17115	0.616	2009	2
Q	Rr	18025	0.648	2009	1
Q	Rr	15905	0.572	2008	4
Q	Rr	15660	0.563	2008	3
Q	Rr	22448	0.808	2008	2
Q	Rr	17807	0.641	2008	1
Q	Rr	1700	0.061	2007	4
Q	*BT	R	220334	2024	3
m	Rr	153	0.006	2025	06
m	Rr	61260	2.204	2025	05
m	Rr	72114	2.594	2025	04
m	Rr	70528	2.537	2025	03
m	Rr	57744	2.077	2025	02
m	Rr	77376	2.784	2025	01
m	Rr	57890	2.083	2024	12
m	Rr	63975	2.301	2024	11
m	Rr	80280	2.888	2024	10
m	Rr	73644	2.649	2024	09
m	Rr	72041	2.592	2024	08
m	Rr	74649	2.685	2024	07
m	Rr	69378	2.496	2024	06
m	Rr	72365	2.603	2024	05
m	Rr	62713	2.256	2024	04
m	Rr	66782	2.402	2024	03
m	Rr	68592	2.468	2024	02
m	Rr	74058	2.664	2024	01
m	Rr	54270	1.952	2023	12
m	Rr	61278	2.204	2023	11
m	Rr	66720	2.400	2023	10
m	Rr	51132	1.839	2023	09
m	Rr	54561	1.963	2023	08
m	Rr	60246	2.167	2023	07
m	Rr	66204	2.382	2023	06
m	Rr	60120	2.163	2023	05
m	Rr	8982	0.323	2023	04
m	Rr	10848	0.390	2023	03
m	Rr	8360	0.301	2023	02
m	Rr	8487	0.305	2023	01
m	Rr	6950	0.250	2022	12
m	Rr	6349	0.228	2022	11
m	Rr	7008	0.252	2022	10
m	Rr	6740	0.242	2022	09
m	Rr	6863	0.247	2022	08
m	Rr	6759	0.243	2022	07
m	Rr	6567	0.236	2022	06
m	Rr	8427	0.303	2022	05
m	Rr	6801	0.245	2022	04
m	Rr	6380	0.230	2022	03
m	Rr	6175	0.222	2022	02
m	Rr	7315	0.263	2022	01
m	Rr	7667	0.276	2021	12
m	Rr	7097	0.255	2021	11
m	Rr	6390	0.230	2021	10
m	Rr	6059	0.218	2021	09
m	Rr	9092	0.327	2021	08
m	Rr	11675	0.420	2021	07
m	Rr	10152	0.365	2021	06
m	Rr	10231	0.368	2021	05
m	Rr	10292	0.370	2021	04
m	Rr	7948	0.286	2021	03
m	Rr	5800	0.209	2021	02
m	Rr	6514	0.234	2021	01
m	Rr	8069	0.290	2020	12
m	Rr	6579	0.237	2020	11
m	Rr	7551	0.272	2020	10
m	Rr	8028	0.289	2020	09
m	Rr	7741	0.278	2020	08
m	Rr	8113	0.292	2020	07
m	Rr	7317	0.263	2020	06
m	Rr	6898	0.248	2020	05
m	Rr	7441	0.268	2020	04
m	Rr	7524	0.271	2020	03
m	Rr	7322	0.263	2020	02
m	Rr	6797	0.245	2020	01
m	Rr	6573	0.236	2019	12
m	Rr	5917	0.213	2019	11
m	Rr	6608	0.238	2019	10
m	Rr	6791	0.244	2019	09
m	Rr	6597	0.237	2019	08
m	Rr	6280	0.226	2019	07
m	Rr	6317	0.227	2019	06
m	Rr	6847	0.246	2019	05
m	Rr	6663	0.240	2019	04
m	Rr	7059	0.254	2019	03
m	Rr	6374	0.229	2019	02
m	Rr	8062	0.290	2019	01
m	Rr	6957	0.250	2018	12
m	Rr	5422	0.195	2018	11
m	Rr	5750	0.207	2018	10
m	Rr	5458	0.196	2018	09
m	Rr	5735	0.206	2018	08
m	Rr	5945	0.214	2018	07
m	Rr	7110	0.256	2018	06
m	Rr	6440	0.232	2018	05
m	Rr	3378	0.122	2018	04
m	Rr	5789	0.208	2018	03
m	Rr	5369	0.193	2018	02
m	Rr	5574	0.201	2018	01
m	Rr	3906	0.141	2017	12
m	Rr	6533	0.235	2017	11
m	Rr	5498	0.198	2017	10
m	Rr	0	0.000	2017	09
m	Rr	0	0.000	2017	08
m	Rr	0	0.000	2017	07
m	Rr	0	0.000	2017	06
m	Rr	6832	0.246	2017	05
m	Rr	9999	0.360	2017	04
m	Rr	11887	0.428	2017	03
m	Rr	7941	0.286	2017	02
m	Rr	7572	0.272	2017	01
m	Rr	9483	0.341	2016	12
m	Rr	7121	0.256	2016	11
m	Rr	5510	0.198	2016	10
m	Rr	6288	0.226	2016	09
m	Rr	5888	0.212	2016	08
m	Rr	5445	0.196	2016	07
m	Rr	5042	0.181	2016	06
m	Rr	5495	0.198	2016	05
m	Rr	5341	0.192	2016	04
m	Rr	5558	0.200	2016	03
m	Rr	5548	0.200	2016	02
m	Rr	6597	0.237	2016	01
m	Rr	5574	0.201	2015	12
m	Rr	5330	0.192	2015	11
m	Rr	5671	0.204	2015	10
m	Rr	6196	0.223	2015	09
m	Rr	6788	0.244	2015	08
m	Rr	9120	0.328	2015	07
m	Rr	7156	0.257	2015	06
m	Rr	5694	0.205	2015	05
m	Rr	9635	0.347	2015	04
m	Rr	6215	0.224	2015	03
m	Rr	6084	0.219	2015	02
m	Rr	7333	0.264	2015	01
m	Rr	6608	0.238	2014	12
m	Rr	6997	0.252	2014	11
m	Rr	7537	0.271	2014	10
m	Rr	7043	0.253	2014	09
m	Rr	7324	0.263	2014	08
m	Rr	7905	0.284	2014	07
m	Rr	11654	0.419	2014	06
m	Rr	9211	0.331	2014	05
m	Rr	10588	0.381	2014	04
m	Rr	7817	0.281	2014	03
m	Rr	15229	0.548	2014	02
m	Rr	12860	0.463	2014	01
m	Rr	5325	0.192	2013	12
m	Rr	5513	0.198	2013	11
m	Rr	5598	0.201	2013	10
m	Rr	4655	0.167	2013	09
m	Rr	4938	0.178	2013	08
m	Rr	5623	0.202	2013	07
m	Rr	5492	0.198	2013	06
m	Rr	5211	0.187	2013	05
m	Rr	5842	0.210	2013	04
m	Rr	6068	0.218	2013	03
m	Rr	5055	0.182	2013	02
m	Rr	5853	0.211	2013	01
m	Rr	5688	0.205	2012	12
m	Rr	5477	0.197	2012	11
m	Rr	5413	0.195	2012	10
m	Rr	4331	0.156	2012	09
m	Rr	3866	0.139	2012	08
m	Rr	4314	0.155	2012	07
m	Rr	4655	0.167	2012	06
m	Rr	6047	0.218	2012	05
m	Rr	5114	0.184	2012	04
m	Rr	6128	0.220	2012	03
m	Rr	5430	0.195	2012	02
m	Rr	4279	0.154	2012	01
m	Rr	5548	0.200	2011	12
m	Rr	4779	0.172	2011	11
m	Rr	5117	0.184	2011	10
m	Rr	5431	0.195	2011	09
m	Rr	6256	0.225	2011	08
m	Rr	5699	0.205	2011	07
m	Rr	5420	0.195	2011	06
m	Rr	3975	0.143	2011	05
m	Rr	0	0.000	2011	04
m	Rr	3608	0.130	2011	03
m	Rr	5171	0.186	2011	02
m	Rr	6011	0.216	2011	01
m	Rr	1603	0.058	2010	12
m	Rr	0	0.000	2010	11
m	Rr	0	0.000	2010	10
m	Rr	0	0.000	2010	09
m	Rr	0	0.000	2010	08
m	Rr	0	0.000	2010	07
m	Rr	4101	0.148	2010	06
m	Rr	5018	0.181	2010	05
m	Rr	4928	0.177	2010	04
m	Rr	5095	0.183	2010	03
m	Rr	1394	0.050	2010	02
m	Rr	0	0.000	2010	01
m	Rr	4665	0.168	2009	12
m	Rr	6187	0.223	2009	11
m	Rr	5498	0.198	2009	10
m	Rr	5066	0.182	2009	09
m	Rr	5718	0.206	2009	08
m	Rr	7436	0.268	2009	07
m	Rr	5685	0.205	2009	06
m	Rr	6120	0.220	2009	05
m	Rr	5310	0.191	2009	04
m	Rr	5515	0.198	2009	03
m	Rr	6123	0.220	2009	02
m	Rr	6387	0.230	2009	01
m	Rr	5763	0.207	2008	12
m	Rr	5420	0.195	2008	11
m	Rr	4722	0.170	2008	10
m	Rr	5435	0.196	2008	09
m	Rr	4843	0.174	2008	08
m	Rr	5382	0.194	2008	07
m	Rr	6082	0.219	2008	06
m	Rr	9946	0.358	2008	05
m	Rr	6420	0.231	2008	04
m	Rr	5431	0.195	2008	03
m	Rr	6469	0.233	2008	02
m	Rr	5907	0.213	2008	01
m	Rr	1700	0.061	2007	12
m	*BT	R	80280	2024	10
W	Rr	153	0.006	2025	06	01
W	Rr	9900	0.356	2025	05	25
W	Rr	16746	0.602	2025	05	18
W	Rr	14580	0.525	2025	05	11
W	Rr	13488	0.485	2025	05	04
W	Rr	15054	0.542	2025	04	27
W	Rr	16902	0.608	2025	04	20
W	Rr	18834	0.678	2025	04	13
W	Rr	15738	0.566	2025	04	06
W	Rr	16944	0.610	2025	03	30
W	Rr	15846	0.570	2025	03	23
W	Rr	14881	0.535	2025	03	16
W	Rr	13983	0.503	2025	03	09
W	Rr	18684	0.672	2025	03	02
W	Rr	15570	0.560	2025	02	23
W	Rr	16366	0.589	2025	02	16
W	Rr	10610	0.382	2025	02	09
W	Rr	16170	0.582	2025	02	02
W	Rr	18018	0.648	2025	01	26
W	Rr	18210	0.655	2025	01	19
W	Rr	18726	0.674	2025	01	12
W	Rr	16789	0.604	2025	01	05
W	Rr	12005	0.432	2024	12	29
W	Rr	11414	0.411	2024	12	22
W	Rr	15924	0.573	2024	12	15
W	Rr	12318	0.443	2024	12	08
W	Rr	13212	0.475	2024	12	01
W	Rr	14492	0.521	2024	11	24
W	Rr	14773	0.531	2024	11	17
W	Rr	15900	0.572	2024	11	10
W	Rr	15042	0.541	2024	11	03
W	Rr	14430	0.519	2024	10	27
W	Rr	20382	0.733	2024	10	20
W	Rr	20310	0.731	2024	10	13
W	Rr	17544	0.631	2024	10	06
W	Rr	16788	0.604	2024	09	29
W	Rr	16014	0.576	2024	09	22
W	Rr	17958	0.646	2024	09	15
W	Rr	18306	0.659	2024	09	08
W	Rr	15960	0.574	2024	09	01
W	Rr	18348	0.660	2024	08	25
W	Rr	15726	0.566	2024	08	18
W	Rr	14490	0.521	2024	08	11
W	Rr	15707	0.565	2024	08	04
W	Rr	17598	0.633	2024	07	28
W	Rr	15120	0.544	2024	07	21
W	Rr	14667	0.528	2024	07	14
W	Rr	18810	0.677	2024	07	07
W	Rr	18384	0.661	2024	06	30
W	Rr	16152	0.581	2024	06	23
W	Rr	16674	0.600	2024	06	16
W	Rr	13122	0.472	2024	06	09
W	Rr	18264	0.657	2024	06	02
W	Rr	17766	0.639	2024	05	26
W	Rr	14970	0.539	2024	05	19
W	Rr	14346	0.516	2024	05	12
W	Rr	17520	0.630	2024	05	05
W	Rr	17624	0.634	2024	04	28
W	Rr	15605	0.561	2024	04	21
W	Rr	14394	0.518	2024	04	14
W	Rr	13500	0.486	2024	04	07
W	Rr	13599	0.489	2024	03	31
W	Rr	16024	0.576	2024	03	24
W	Rr	14040	0.505	2024	03	17
W	Rr	16854	0.606	2024	03	10
W	Rr	15624	0.562	2024	03	03
W	Rr	17778	0.640	2024	02	25
W	Rr	13428	0.483	2024	02	18
W	Rr	16572	0.596	2024	02	11
W	Rr	17070	0.614	2024	02	04
W	Rr	26220	0.943	2024	01	28
W	Rr	14730	0.530	2024	01	21
W	Rr	13098	0.471	2024	01	14
W	Rr	15324	0.551	2024	01	07
W	Rr	12552	0.452	2023	12	31
W	Rr	11406	0.410	2023	12	24
W	Rr	11184	0.402	2023	12	17
W	Rr	13956	0.502	2023	12	10
W	Rr	13644	0.491	2023	12	03
W	Rr	12390	0.446	2023	11	26
W	Rr	11682	0.420	2023	11	19
W	Rr	15756	0.567	2023	11	12
W	Rr	16596	0.597	2023	11	05
W	Rr	16104	0.579	2023	10	29
W	Rr	13980	0.503	2023	10	22
W	Rr	15450	0.556	2023	10	15
W	Rr	14713	0.529	2023	10	08
W	Rr	14285	0.514	2023	10	01
W	Rr	14478	0.521	2023	09	24
W	Rr	11904	0.428	2023	09	17
W	Rr	10968	0.395	2023	09	10
W	Rr	10482	0.377	2023	09	03
W	Rr	10800	0.389	2023	08	27
W	Rr	14568	0.524	2023	08	20
W	Rr	12504	0.450	2023	08	13
W	Rr	12076	0.434	2023	08	06
W	Rr	10997	0.396	2023	07	30
W	Rr	13392	0.482	2023	07	23
W	Rr	13224	0.476	2023	07	16
W	Rr	16128	0.580	2023	07	09
W	Rr	13356	0.480	2023	07	02
W	Rr	12558	0.452	2023	06	25
W	Rr	17082	0.615	2023	06	18
W	Rr	16452	0.592	2023	06	11
W	Rr	15336	0.552	2023	06	04
W	Rr	13482	0.485	2023	05	28
W	Rr	16248	0.585	2023	05	21
W	Rr	15078	0.542	2023	05	14
W	Rr	17181	0.618	2023	05	07
W	Rr	4282	0.154	2023	04	30
W	Rr	2458	0.088	2023	04	23
W	Rr	2269	0.082	2023	04	16
W	Rr	1553	0.056	2023	04	09
W	Rr	2389	0.086	2023	04	02
W	Rr	1701	0.061	2023	03	26
W	Rr	1943	0.070	2023	03	19
W	Rr	2225	0.080	2023	03	12
W	Rr	2192	0.079	2023	03	05
W	Rr	4055	0.146	2023	02	26
W	Rr	2406	0.087	2023	02	19
W	Rr	1898	0.068	2023	02	12
W	Rr	1890	0.068	2023	02	05
W	Rr	1861	0.067	2023	01	29
W	Rr	1686	0.061	2023	01	22
W	Rr	1779	0.064	2023	01	15
W	Rr	1833	0.066	2023	01	08
W	Rr	2226	0.080	2023	01	01
W	Rr	1280	0.046	2022	12	25
W	Rr	1806	0.065	2022	12	18
W	Rr	1773	0.064	2022	12	11
W	Rr	1532	0.055	2022	12	04
W	Rr	1586	0.057	2022	11	27
W	Rr	1093	0.039	2022	11	20
W	Rr	1366	0.049	2022	11	13
W	Rr	1972	0.071	2022	11	06
W	Rr	1396	0.050	2022	10	30
W	Rr	1547	0.056	2022	10	23
W	Rr	1641	0.059	2022	10	16
W	Rr	1747	0.063	2022	10	09
W	Rr	1568	0.056	2022	10	02
W	Rr	1379	0.050	2022	09	25
W	Rr	1695	0.061	2022	09	18
W	Rr	1701	0.061	2022	09	11
W	Rr	1568	0.056	2022	09	04
W	Rr	1562	0.056	2022	08	28
W	Rr	1488	0.054	2022	08	21
W	Rr	1646	0.059	2022	08	14
W	Rr	1430	0.051	2022	08	07
W	Rr	1446	0.052	2022	07	31
W	Rr	1383	0.050	2022	07	24
W	Rr	1661	0.060	2022	07	17
W	Rr	1478	0.053	2022	07	10
W	Rr	1711	0.062	2022	07	03
W	Rr	1804	0.065	2022	06	26
W	Rr	1298	0.047	2022	06	19
W	Rr	1407	0.051	2022	06	12
W	Rr	1396	0.050	2022	06	05
W	Rr	1638	0.059	2022	05	29
W	Rr	1724	0.062	2022	05	22
W	Rr	2427	0.087	2022	05	15
W	Rr	2100	0.076	2022	05	08
W	Rr	1414	0.051	2022	05	01
W	Rr	1865	0.067	2022	04	24
W	Rr	1381	0.050	2022	04	17
W	Rr	1630	0.059	2022	04	10
W	Rr	1670	0.060	2022	04	03
W	Rr	1588	0.057	2022	03	27
W	Rr	1204	0.043	2022	03	20
W	Rr	1350	0.049	2022	03	13
W	Rr	1488	0.054	2022	03	06
W	Rr	1368	0.049	2022	02	27
W	Rr	1481	0.053	2022	02	20
W	Rr	1657	0.060	2022	02	13
W	Rr	1518	0.055	2022	02	06
W	Rr	1787	0.064	2022	01	30
W	Rr	2021	0.073	2022	01	23
W	Rr	1429	0.051	2022	01	16
W	Rr	1693	0.061	2022	01	09
W	Rr	1541	0.055	2022	01	02
W	Rr	1311	0.047	2021	12	26
W	Rr	1839	0.066	2021	12	19
W	Rr	1732	0.062	2021	12	12
W	Rr	2001	0.072	2021	12	05
W	Rr	1641	0.059	2021	11	28
W	Rr	1615	0.058	2021	11	21
W	Rr	1673	0.060	2021	11	14
W	Rr	1625	0.058	2021	11	07
W	Rr	1523	0.055	2021	10	31
W	Rr	1562	0.056	2021	10	24
W	Rr	1474	0.053	2021	10	17
W	Rr	1349	0.049	2021	10	10
W	Rr	1615	0.058	2021	10	03
W	Rr	1598	0.057	2021	09	26
W	Rr	1646	0.059	2021	09	19
W	Rr	1203	0.043	2021	09	12
W	Rr	1106	0.040	2021	09	05
W	Rr	1383	0.050	2021	08	29
W	Rr	1685	0.061	2021	08	22
W	Rr	2071	0.075	2021	08	15
W	Rr	2279	0.082	2021	08	08
W	Rr	2374	0.085	2021	08	01
W	Rr	2543	0.091	2021	07	25
W	Rr	2843	0.102	2021	07	18
W	Rr	2777	0.100	2021	07	11
W	Rr	2756	0.099	2021	07	04
W	Rr	2524	0.091	2021	06	27
W	Rr	2466	0.089	2021	06	20
W	Rr	2262	0.081	2021	06	13
W	Rr	2264	0.081	2021	06	06
W	Rr	2101	0.076	2021	05	30
W	Rr	3009	0.108	2021	05	23
W	Rr	1989	0.072	2021	05	16
W	Rr	2386	0.086	2021	05	09
W	Rr	2138	0.077	2021	05	02
W	Rr	1668	0.060	2021	04	25
W	Rr	2413	0.087	2021	04	18
W	Rr	3035	0.109	2021	04	11
W	Rr	2709	0.097	2021	04	04
W	Rr	1942	0.070	2021	03	28
W	Rr	1666	0.060	2021	03	21
W	Rr	1476	0.053	2021	03	14
W	Rr	1713	0.062	2021	03	07
W	Rr	1777	0.064	2021	02	28
W	Rr	1173	0.042	2021	02	21
W	Rr	1101	0.040	2021	02	14
W	Rr	1699	0.061	2021	02	07
W	Rr	1867	0.067	2021	01	31
W	Rr	1404	0.051	2021	01	24
W	Rr	1564	0.056	2021	01	17
W	Rr	1431	0.051	2021	01	10
W	Rr	1666	0.060	2021	01	03
W	Rr	1926	0.069	2020	12	27
W	Rr	1572	0.057	2020	12	20
W	Rr	1404	0.051	2020	12	13
W	Rr	2272	0.082	2020	12	06
W	Rr	1522	0.055	2020	11	29
W	Rr	1722	0.062	2020	11	22
W	Rr	1580	0.057	2020	11	15
W	Rr	1401	0.050	2020	11	08
W	Rr	1499	0.054	2020	11	01
W	Rr	1470	0.053	2020	10	25
W	Rr	2379	0.086	2020	10	18
W	Rr	1559	0.056	2020	10	11
W	Rr	1729	0.062	2020	10	04
W	Rr	1674	0.060	2020	09	27
W	Rr	1786	0.064	2020	09	20
W	Rr	2200	0.079	2020	09	13
W	Rr	1677	0.060	2020	09	06
W	Rr	1596	0.057	2020	08	30
W	Rr	1833	0.066	2020	08	23
W	Rr	1814	0.065	2020	08	16
W	Rr	2206	0.079	2020	08	09
W	Rr	1397	0.050	2020	08	02
W	Rr	1816	0.065	2020	07	26
W	Rr	1949	0.070	2020	07	19
W	Rr	1532	0.055	2020	07	12
W	Rr	1976	0.071	2020	07	05
W	Rr	1600	0.058	2020	06	28
W	Rr	1627	0.059	2020	06	21
W	Rr	2101	0.076	2020	06	14
W	Rr	1590	0.057	2020	06	07
W	Rr	1492	0.054	2020	05	31
W	Rr	1556	0.056	2020	05	24
W	Rr	1756	0.063	2020	05	17
W	Rr	1568	0.056	2020	05	10
W	Rr	1567	0.056	2020	05	03
W	Rr	1734	0.062	2020	04	26
W	Rr	1675	0.060	2020	04	19
W	Rr	1702	0.061	2020	04	12
W	Rr	1965	0.071	2020	04	05
W	Rr	1329	0.048	2020	03	29
W	Rr	1818	0.065	2020	03	22
W	Rr	1345	0.048	2020	03	15
W	Rr	1581	0.057	2020	03	08
W	Rr	2014	0.072	2020	03	01
W	Rr	1942	0.070	2020	02	23
W	Rr	1748	0.063	2020	02	16
W	Rr	1949	0.070	2020	02	09
W	Rr	1683	0.061	2020	02	02
W	Rr	1436	0.052	2020	01	26
W	Rr	1792	0.064	2020	01	19
W	Rr	1519	0.055	2020	01	12
W	Rr	1420	0.051	2020	01	05
W	Rr	1109	0.040	2019	12	29
W	Rr	1023	0.037	2019	12	22
W	Rr	1584	0.057	2019	12	15
W	Rr	1783	0.064	2019	12	08
W	Rr	1704	0.061	2019	12	01
W	Rr	1178	0.042	2019	11	24
W	Rr	1697	0.061	2019	11	17
W	Rr	1510	0.054	2019	11	10
W	Rr	1383	0.050	2019	11	03
W	Rr	1309	0.047	2019	10	27
W	Rr	1473	0.053	2019	10	20
W	Rr	1519	0.055	2019	10	13
W	Rr	1485	0.053	2019	10	06
W	Rr	1416	0.051	2019	09	29
W	Rr	1499	0.054	2019	09	22
W	Rr	1652	0.059	2019	09	15
W	Rr	1710	0.062	2019	09	08
W	Rr	1485	0.053	2019	09	01
W	Rr	1689	0.061	2019	08	25
W	Rr	1315	0.047	2019	08	18
W	Rr	1619	0.058	2019	08	11
W	Rr	1558	0.056	2019	08	04
W	Rr	1360	0.049	2019	07	28
W	Rr	1191	0.043	2019	07	21
W	Rr	1730	0.062	2019	07	14
W	Rr	1299	0.047	2019	07	07
W	Rr	1339	0.048	2019	06	30
W	Rr	1592	0.057	2019	06	23
W	Rr	1497	0.054	2019	06	16
W	Rr	1450	0.052	2019	06	09
W	Rr	1555	0.056	2019	06	02
W	Rr	1289	0.046	2019	05	26
W	Rr	1863	0.067	2019	05	19
W	Rr	1385	0.050	2019	05	12
W	Rr	1553	0.056	2019	05	05
W	Rr	1655	0.060	2019	04	28
W	Rr	1282	0.046	2019	04	21
W	Rr	1503	0.054	2019	04	14
W	Rr	1623	0.058	2019	04	07
W	Rr	1715	0.062	2019	03	31
W	Rr	1882	0.068	2019	03	24
W	Rr	1464	0.053	2019	03	17
W	Rr	1381	0.050	2019	03	10
W	Rr	1627	0.059	2019	03	03
W	Rr	1773	0.064	2019	02	24
W	Rr	1669	0.060	2019	02	17
W	Rr	1483	0.053	2019	02	10
W	Rr	1391	0.050	2019	02	03
W	Rr	1797	0.065	2019	01	27
W	Rr	1963	0.071	2019	01	20
W	Rr	2029	0.073	2019	01	13
W	Rr	1696	0.061	2019	01	06
W	Rr	1526	0.055	2018	12	30
W	Rr	1226	0.044	2018	12	23
W	Rr	1442	0.052	2018	12	16
W	Rr	1936	0.070	2018	12	09
W	Rr	1809	0.065	2018	12	02
W	Rr	1295	0.047	2018	11	25
W	Rr	1820	0.065	2018	11	18
W	Rr	1802	0.065	2018	11	11
W	Rr	0	0.000	2018	11	04
W	Rr	1473	0.053	2018	10	28
W	Rr	1106	0.040	2018	10	21
W	Rr	1427	0.051	2018	10	14
W	Rr	1214	0.044	2018	10	07
W	Rr	1168	0.042	2018	09	30
W	Rr	1420	0.051	2018	09	23
W	Rr	1197	0.043	2018	09	16
W	Rr	1388	0.050	2018	09	09
W	Rr	1320	0.047	2018	09	02
W	Rr	1246	0.045	2018	08	26
W	Rr	1214	0.044	2018	08	19
W	Rr	1366	0.049	2018	08	12
W	Rr	1195	0.043	2018	08	05
W	Rr	1346	0.048	2018	07	29
W	Rr	1374	0.049	2018	07	22
W	Rr	1508	0.054	2018	07	15
W	Rr	1522	0.055	2018	07	08
W	Rr	909	0.033	2018	07	01
W	Rr	1444	0.052	2018	06	24
W	Rr	2682	0.096	2018	06	17
W	Rr	1365	0.049	2018	06	10
W	Rr	1329	0.048	2018	06	03
W	Rr	1275	0.046	2018	05	27
W	Rr	1392	0.050	2018	05	20
W	Rr	1321	0.048	2018	05	13
W	Rr	1527	0.055	2018	05	06
W	Rr	1517	0.055	2018	04	29
W	Rr	0	0.000	2018	04	22
W	Rr	1364	0.049	2018	04	15
W	Rr	1712	0.062	2018	04	08
W	Rr	0	0.000	2018	04	01
W	Rr	1543	0.056	2018	03	25
W	Rr	1342	0.048	2018	03	18
W	Rr	2429	0.087	2018	03	11
W	Rr	0	0.000	2018	03	04
W	Rr	1366	0.049	2018	02	25
W	Rr	1308	0.047	2018	02	18
W	Rr	1439	0.052	2018	02	11
W	Rr	1731	0.062	2018	02	04
W	Rr	0	0.000	2018	01	28
W	Rr	1434	0.052	2018	01	21
W	Rr	1578	0.057	2018	01	14
W	Rr	1471	0.053	2018	01	07
W	Rr	1246	0.045	2017	12	31
W	Rr	1033	0.037	2017	12	24
W	Rr	1103	0.040	2017	12	17
W	Rr	1406	0.051	2017	12	10
W	Rr	0	0.000	2017	12	03
W	Rr	1335	0.048	2017	11	26
W	Rr	1427	0.051	2017	11	19
W	Rr	1662	0.060	2017	11	12
W	Rr	1414	0.051	2017	11	05
W	Rr	1349	0.049	2017	10	29
W	Rr	1208	0.043	2017	10	22
W	Rr	2013	0.072	2017	10	15
W	Rr	1832	0.066	2017	10	08
W	Rr	0	0.000	2017	10	01
W	Rr	0	0.000	2017	09	24
W	Rr	0	0.000	2017	09	17
W	Rr	0	0.000	2017	09	10
W	Rr	0	0.000	2017	09	03
W	Rr	0	0.000	2017	08	27
W	Rr	0	0.000	2017	08	20
W	Rr	0	0.000	2017	08	13
W	Rr	0	0.000	2017	08	06
W	Rr	0	0.000	2017	07	30
W	Rr	0	0.000	2017	07	23
W	Rr	0	0.000	2017	07	16
W	Rr	0	0.000	2017	07	09
W	Rr	0	0.000	2017	07	02
W	Rr	0	0.000	2017	06	25
W	Rr	0	0.000	2017	06	18
W	Rr	0	0.000	2017	06	11
W	Rr	0	0.000	2017	06	04
W	Rr	25	0.001	2017	05	28
W	Rr	1838	0.066	2017	05	21
W	Rr	1915	0.069	2017	05	14
W	Rr	1676	0.060	2017	05	07
W	Rr	1677	0.060	2017	04	30
W	Rr	2071	0.075	2017	04	23
W	Rr	1978	0.071	2017	04	16
W	Rr	1874	0.067	2017	04	09
W	Rr	3435	0.124	2017	04	02
W	Rr	2619	0.094	2017	03	26
W	Rr	2633	0.095	2017	03	19
W	Rr	2413	0.087	2017	03	12
W	Rr	3092	0.111	2017	03	05
W	Rr	2295	0.083	2017	02	26
W	Rr	2204	0.079	2017	02	19
W	Rr	1869	0.067	2017	02	12
W	Rr	1973	0.071	2017	02	05
W	Rr	1783	0.064	2017	01	29
W	Rr	1768	0.064	2017	01	22
W	Rr	1585	0.057	2017	01	15
W	Rr	1768	0.064	2017	01	08
W	Rr	1740	0.063	2017	01	01
W	Rr	1549	0.056	2016	12	25
W	Rr	2202	0.079	2016	12	18
W	Rr	1812	0.065	2016	12	11
W	Rr	2648	0.095	2016	12	04
W	Rr	2236	0.080	2016	11	27
W	Rr	1321	0.048	2016	11	20
W	Rr	1996	0.072	2016	11	13
W	Rr	1716	0.062	2016	11	06
W	Rr	1564	0.056	2016	10	30
W	Rr	1362	0.049	2016	10	23
W	Rr	1707	0.061	2016	10	16
W	Rr	1696	0.061	2016	10	09
W	Rr	36	0.001	2016	10	02
W	Rr	2002	0.072	2016	09	25
W	Rr	1399	0.050	2016	09	18
W	Rr	1199	0.043	2016	09	11
W	Rr	1326	0.048	2016	09	04
W	Rr	1316	0.047	2016	08	28
W	Rr	1257	0.045	2016	08	21
W	Rr	1208	0.043	2016	08	14
W	Rr	1602	0.058	2016	08	07
W	Rr	1319	0.047	2016	07	31
W	Rr	1796	0.065	2016	07	24
W	Rr	1171	0.042	2016	07	17
W	Rr	1167	0.042	2016	07	10
W	Rr	917	0.033	2016	07	03
W	Rr	920	0.033	2016	06	26
W	Rr	1179	0.042	2016	06	19
W	Rr	1288	0.046	2016	06	12
W	Rr	1237	0.045	2016	06	05
W	Rr	1263	0.045	2016	05	29
W	Rr	1338	0.048	2016	05	22
W	Rr	1184	0.043	2016	05	15
W	Rr	1365	0.049	2016	05	08
W	Rr	974	0.035	2016	05	01
W	Rr	1311	0.047	2016	04	24
W	Rr	1127	0.041	2016	04	17
W	Rr	1248	0.045	2016	04	10
W	Rr	1451	0.052	2016	04	03
W	Rr	987	0.036	2016	03	27
W	Rr	1233	0.044	2016	03	20
W	Rr	1347	0.048	2016	03	13
W	Rr	1347	0.048	2016	03	06
W	Rr	1236	0.044	2016	02	28
W	Rr	1422	0.051	2016	02	21
W	Rr	1085	0.039	2016	02	14
W	Rr	1427	0.051	2016	02	07
W	Rr	1359	0.049	2016	01	31
W	Rr	1708	0.061	2016	01	24
W	Rr	1476	0.053	2016	01	17
W	Rr	1563	0.056	2016	01	10
W	Rr	1381	0.050	2016	01	03
W	Rr	1273	0.046	2015	12	27
W	Rr	1084	0.039	2015	12	20
W	Rr	1344	0.048	2015	12	13
W	Rr	1336	0.048	2015	12	06
W	Rr	1123	0.040	2015	11	29
W	Rr	960	0.035	2015	11	22
W	Rr	1337	0.048	2015	11	15
W	Rr	1400	0.050	2015	11	08
W	Rr	1383	0.050	2015	11	01
W	Rr	1250	0.045	2015	10	25
W	Rr	1366	0.049	2015	10	18
W	Rr	1367	0.049	2015	10	11
W	Rr	1214	0.044	2015	10	04
W	Rr	1152	0.041	2015	09	27
W	Rr	1387	0.050	2015	09	20
W	Rr	1655	0.060	2015	09	13
W	Rr	1526	0.055	2015	09	06
W	Rr	1242	0.045	2015	08	30
W	Rr	1800	0.065	2015	08	23
W	Rr	1527	0.055	2015	08	16
W	Rr	1386	0.050	2015	08	09
W	Rr	1593	0.057	2015	08	02
W	Rr	1567	0.056	2015	07	26
W	Rr	1980	0.071	2015	07	19
W	Rr	2180	0.078	2015	07	12
W	Rr	2008	0.072	2015	07	05
W	Rr	2297	0.083	2015	06	28
W	Rr	1556	0.056	2015	06	21
W	Rr	1380	0.050	2015	06	14
W	Rr	2013	0.072	2015	06	07
W	Rr	1651	0.059	2015	05	31
W	Rr	1224	0.044	2015	05	24
W	Rr	1355	0.049	2015	05	17
W	Rr	1179	0.042	2015	05	10
W	Rr	1436	0.052	2015	05	03
W	Rr	1671	0.060	2015	04	26
W	Rr	1878	0.068	2015	04	19
W	Rr	2326	0.084	2015	04	12
W	Rr	2636	0.095	2015	04	05
W	Rr	2297	0.083	2015	03	29
W	Rr	1237	0.045	2015	03	22
W	Rr	1453	0.052	2015	03	15
W	Rr	1399	0.050	2015	03	08
W	Rr	1287	0.046	2015	03	01
W	Rr	1249	0.045	2015	02	22
W	Rr	1373	0.049	2015	02	15
W	Rr	1790	0.064	2015	02	08
W	Rr	1672	0.060	2015	02	01
W	Rr	1543	0.056	2015	01	25
W	Rr	1463	0.053	2015	01	18
W	Rr	1696	0.061	2015	01	11
W	Rr	1707	0.061	2015	01	04
W	Rr	1833	0.066	2014	12	28
W	Rr	1335	0.048	2014	12	21
W	Rr	1644	0.059	2014	12	14
W	Rr	1541	0.055	2014	12	07
W	Rr	1335	0.048	2014	11	30
W	Rr	1262	0.045	2014	11	23
W	Rr	2009	0.072	2014	11	16
W	Rr	1566	0.056	2014	11	09
W	Rr	1814	0.065	2014	11	02
W	Rr	1452	0.052	2014	10	26
W	Rr	1642	0.059	2014	10	19
W	Rr	1795	0.065	2014	10	12
W	Rr	1836	0.066	2014	10	05
W	Rr	1662	0.060	2014	09	28
W	Rr	1843	0.066	2014	09	21
W	Rr	1678	0.060	2014	09	14
W	Rr	1598	0.057	2014	09	07
W	Rr	1418	0.051	2014	08	31
W	Rr	1584	0.057	2014	08	24
W	Rr	1571	0.057	2014	08	17
W	Rr	1727	0.062	2014	08	10
W	Rr	1927	0.069	2014	08	03
W	Rr	1691	0.061	2014	07	27
W	Rr	1702	0.061	2014	07	20
W	Rr	1624	0.058	2014	07	13
W	Rr	1831	0.066	2014	07	06
W	Rr	1867	0.067	2014	06	29
W	Rr	1927	0.069	2014	06	22
W	Rr	2134	0.077	2014	06	15
W	Rr	4851	0.175	2014	06	08
W	Rr	2293	0.082	2014	06	01
W	Rr	3180	0.114	2014	05	25
W	Rr	1468	0.053	2014	05	18
W	Rr	1808	0.065	2014	05	11
W	Rr	1998	0.072	2014	05	04
W	Rr	1876	0.067	2014	04	27
W	Rr	2330	0.084	2014	04	20
W	Rr	2565	0.092	2014	04	13
W	Rr	2652	0.095	2014	04	06
W	Rr	2574	0.093	2014	03	30
W	Rr	1186	0.043	2014	03	23
W	Rr	1305	0.047	2014	03	16
W	Rr	2273	0.082	2014	03	09
W	Rr	2231	0.080	2014	03	02
W	Rr	1925	0.069	2014	02	23
W	Rr	7060	0.254	2014	02	16
W	Rr	2854	0.103	2014	02	09
W	Rr	3190	0.115	2014	02	02
W	Rr	3743	0.135	2014	01	26
W	Rr	3643	0.131	2014	01	19
W	Rr	2961	0.107	2014	01	12
W	Rr	2319	0.083	2014	01	05
W	Rr	981	0.035	2013	12	29
W	Rr	1108	0.040	2013	12	22
W	Rr	1226	0.044	2013	12	15
W	Rr	1285	0.046	2013	12	08
W	Rr	1289	0.046	2013	12	01
W	Rr	1404	0.051	2013	11	24
W	Rr	1142	0.041	2013	11	17
W	Rr	1334	0.048	2013	11	10
W	Rr	1277	0.046	2013	11	03
W	Rr	1035	0.037	2013	10	27
W	Rr	1309	0.047	2013	10	20
W	Rr	1302	0.047	2013	10	13
W	Rr	1432	0.052	2013	10	06
W	Rr	1178	0.042	2013	09	29
W	Rr	947	0.034	2013	09	22
W	Rr	1254	0.045	2013	09	15
W	Rr	1099	0.040	2013	09	08
W	Rr	1053	0.038	2013	09	01
W	Rr	1010	0.036	2013	08	25
W	Rr	1102	0.040	2013	08	18
W	Rr	1063	0.038	2013	08	11
W	Rr	1105	0.040	2013	08	04
W	Rr	1377	0.050	2013	07	28
W	Rr	1498	0.054	2013	07	21
W	Rr	1295	0.047	2013	07	14
W	Rr	1237	0.045	2013	07	07
W	Rr	1003	0.036	2013	06	30
W	Rr	1275	0.046	2013	06	23
W	Rr	1072	0.039	2013	06	16
W	Rr	1249	0.045	2013	06	09
W	Rr	1521	0.055	2013	06	02
W	Rr	1256	0.045	2013	05	26
W	Rr	1091	0.039	2013	05	19
W	Rr	1359	0.049	2013	05	12
W	Rr	1130	0.041	2013	05	05
W	Rr	1215	0.044	2013	04	28
W	Rr	1368	0.049	2013	04	21
W	Rr	1318	0.047	2013	04	14
W	Rr	1408	0.051	2013	04	07
W	Rr	1277	0.046	2013	03	31
W	Rr	1452	0.052	2013	03	24
W	Rr	1418	0.051	2013	03	17
W	Rr	1217	0.044	2013	03	10
W	Rr	1490	0.054	2013	03	03
W	Rr	1353	0.049	2013	02	24
W	Rr	1268	0.046	2013	02	17
W	Rr	1274	0.046	2013	02	10
W	Rr	1153	0.041	2013	02	03
W	Rr	1266	0.046	2013	01	27
W	Rr	1271	0.046	2013	01	20
W	Rr	1449	0.052	2013	01	13
W	Rr	1253	0.045	2013	01	06
W	Rr	1309	0.047	2012	12	30
W	Rr	1156	0.042	2012	12	23
W	Rr	1336	0.048	2012	12	16
W	Rr	1575	0.057	2012	12	09
W	Rr	1087	0.039	2012	12	02
W	Rr	1376	0.050	2012	11	25
W	Rr	1136	0.041	2012	11	18
W	Rr	1341	0.048	2012	11	11
W	Rr	1418	0.051	2012	11	04
W	Rr	1103	0.040	2012	10	28
W	Rr	1200	0.043	2012	10	21
W	Rr	1382	0.050	2012	10	14
W	Rr	1127	0.041	2012	10	07
W	Rr	1187	0.043	2012	09	30
W	Rr	1172	0.042	2012	09	23
W	Rr	1034	0.037	2012	09	16
W	Rr	944	0.034	2012	09	09
W	Rr	958	0.034	2012	09	02
W	Rr	734	0.026	2012	08	26
W	Rr	881	0.032	2012	08	19
W	Rr	874	0.031	2012	08	12
W	Rr	973	0.035	2012	08	05
W	Rr	1010	0.036	2012	07	29
W	Rr	943	0.034	2012	07	22
W	Rr	1089	0.039	2012	07	15
W	Rr	888	0.032	2012	07	08
W	Rr	845	0.030	2012	07	01
W	Rr	1070	0.038	2012	06	24
W	Rr	1050	0.038	2012	06	17
W	Rr	1271	0.046	2012	06	10
W	Rr	957	0.034	2012	06	03
W	Rr	1249	0.045	2012	05	27
W	Rr	1055	0.038	2012	05	20
W	Rr	1392	0.050	2012	05	13
W	Rr	1140	0.041	2012	05	06
W	Rr	1807	0.065	2012	04	29
W	Rr	1225	0.044	2012	04	22
W	Rr	1264	0.045	2012	04	15
W	Rr	1075	0.039	2012	04	08
W	Rr	1261	0.045	2012	04	01
W	Rr	1345	0.048	2012	03	25
W	Rr	1254	0.045	2012	03	18
W	Rr	1478	0.053	2012	03	11
W	Rr	1503	0.054	2012	03	04
W	Rr	1532	0.055	2012	02	26
W	Rr	1464	0.053	2012	02	19
W	Rr	1154	0.042	2012	02	12
W	Rr	1240	0.045	2012	02	05
W	Rr	1088	0.039	2012	01	29
W	Rr	1125	0.040	2012	01	22
W	Rr	60	0.002	2012	01	15
W	Rr	1472	0.053	2012	01	08
W	Rr	1122	0.040	2012	01	01
W	Rr	888	0.032	2011	12	25
W	Rr	1360	0.049	2011	12	18
W	Rr	1486	0.053	2011	12	11
W	Rr	1330	0.048	2011	12	04
W	Rr	1094	0.039	2011	11	27
W	Rr	1062	0.038	2011	11	20
W	Rr	1123	0.040	2011	11	13
W	Rr	975	0.035	2011	11	06
W	Rr	1264	0.045	2011	10	30
W	Rr	1140	0.041	2011	10	23
W	Rr	1211	0.044	2011	10	16
W	Rr	1236	0.044	2011	10	09
W	Rr	1128	0.041	2011	10	02
W	Rr	1083	0.039	2011	09	25
W	Rr	1451	0.052	2011	09	18
W	Rr	1278	0.046	2011	09	11
W	Rr	1219	0.044	2011	09	04
W	Rr	1316	0.047	2011	08	28
W	Rr	1119	0.040	2011	08	21
W	Rr	1484	0.053	2011	08	14
W	Rr	1671	0.060	2011	08	07
W	Rr	1319	0.047	2011	07	31
W	Rr	1197	0.043	2011	07	24
W	Rr	1504	0.054	2011	07	17
W	Rr	1367	0.049	2011	07	10
W	Rr	1205	0.043	2011	07	03
W	Rr	1333	0.048	2011	06	26
W	Rr	1059	0.038	2011	06	19
W	Rr	1353	0.049	2011	06	12
W	Rr	1275	0.046	2011	06	05
W	Rr	983	0.035	2011	05	29
W	Rr	1262	0.045	2011	05	22
W	Rr	1374	0.049	2011	05	15
W	Rr	1076	0.039	2011	05	08
W	Rr	0	0.000	2011	05	01
W	Rr	0	0.000	2011	04	24
W	Rr	0	0.000	2011	04	17
W	Rr	0	0.000	2011	04	10
W	Rr	0	0.000	2011	04	03
W	Rr	0	0.000	2011	03	27
W	Rr	24	0.001	2011	03	20
W	Rr	1317	0.047	2011	03	13
W	Rr	1258	0.045	2011	03	06
W	Rr	1372	0.049	2011	02	27
W	Rr	1226	0.044	2011	02	20
W	Rr	1524	0.055	2011	02	13
W	Rr	1366	0.049	2011	02	06
W	Rr	958	0.034	2011	01	30
W	Rr	1273	0.046	2011	01	23
W	Rr	1560	0.056	2011	01	16
W	Rr	1472	0.053	2011	01	09
W	Rr	1310	0.047	2011	01	02
W	Rr	798	0.029	2010	12	26
W	Rr	935	0.034	2010	12	19
W	Rr	0	0.000	2010	12	12
W	Rr	0	0.000	2010	12	05
W	Rr	0	0.000	2010	11	28
W	Rr	0	0.000	2010	11	21
W	Rr	0	0.000	2010	11	14
W	Rr	0	0.000	2010	11	07
W	Rr	0	0.000	2010	10	31
W	Rr	0	0.000	2010	10	24
W	Rr	0	0.000	2010	10	17
W	Rr	0	0.000	2010	10	10
W	Rr	0	0.000	2010	10	03
W	Rr	0	0.000	2010	09	26
W	Rr	0	0.000	2010	09	19
W	Rr	0	0.000	2010	09	12
W	Rr	0	0.000	2010	09	05
W	Rr	0	0.000	2010	08	29
W	Rr	0	0.000	2010	08	22
W	Rr	0	0.000	2010	08	15
W	Rr	0	0.000	2010	08	08
W	Rr	0	0.000	2010	08	01
W	Rr	0	0.000	2010	07	25
W	Rr	0	0.000	2010	07	18
W	Rr	0	0.000	2010	07	11
W	Rr	0	0.000	2010	07	04
W	Rr	15	0.001	2010	06	27
W	Rr	914	0.033	2010	06	20
W	Rr	1104	0.040	2010	06	13
W	Rr	1096	0.039	2010	06	06
W	Rr	1171	0.042	2010	05	30
W	Rr	1115	0.040	2010	05	23
W	Rr	1170	0.042	2010	05	16
W	Rr	1334	0.048	2010	05	09
W	Rr	1109	0.040	2010	05	02
W	Rr	1067	0.038	2010	04	25
W	Rr	1212	0.044	2010	04	18
W	Rr	1054	0.038	2010	04	11
W	Rr	1325	0.048	2010	04	04
W	Rr	811	0.029	2010	03	28
W	Rr	1195	0.043	2010	03	21
W	Rr	1338	0.048	2010	03	14
W	Rr	1113	0.040	2010	03	07
W	Rr	1103	0.040	2010	02	28
W	Rr	1290	0.046	2010	02	21
W	Rr	0	0.000	2010	02	14
W	Rr	0	0.000	2010	02	07
W	Rr	0	0.000	2010	01	31
W	Rr	0	0.000	2010	01	24
W	Rr	0	0.000	2010	01	17
W	Rr	0	0.000	2010	01	10
W	Rr	0	0.000	2010	01	03
W	Rr	78	0.003	2009	12	27
W	Rr	945	0.034	2009	12	20
W	Rr	1140	0.041	2009	12	13
W	Rr	1323	0.048	2009	12	06
W	Rr	1518	0.055	2009	11	29
W	Rr	1352	0.049	2009	11	22
W	Rr	1346	0.048	2009	11	15
W	Rr	1416	0.051	2009	11	08
W	Rr	1734	0.062	2009	11	01
W	Rr	1035	0.037	2009	10	25
W	Rr	1297	0.047	2009	10	18
W	Rr	1267	0.046	2009	10	11
W	Rr	1440	0.052	2009	10	04
W	Rr	1521	0.055	2009	09	27
W	Rr	1121	0.040	2009	09	20
W	Rr	875	0.031	2009	09	13
W	Rr	1032	0.037	2009	09	06
W	Rr	1283	0.046	2009	08	30
W	Rr	1214	0.044	2009	08	23
W	Rr	1402	0.050	2009	08	16
W	Rr	1260	0.045	2009	08	09
W	Rr	1404	0.051	2009	08	02
W	Rr	1380	0.050	2009	07	26
W	Rr	1470	0.053	2009	07	19
W	Rr	1750	0.063	2009	07	12
W	Rr	1847	0.066	2009	07	05
W	Rr	1889	0.068	2009	06	28
W	Rr	1312	0.047	2009	06	21
W	Rr	1093	0.039	2009	06	14
W	Rr	1363	0.049	2009	06	07
W	Rr	1251	0.045	2009	05	31
W	Rr	1352	0.049	2009	05	24
W	Rr	1133	0.041	2009	05	17
W	Rr	1887	0.068	2009	05	10
W	Rr	1369	0.049	2009	05	03
W	Rr	1089	0.039	2009	04	26
W	Rr	1160	0.042	2009	04	19
W	Rr	1189	0.043	2009	04	12
W	Rr	1529	0.055	2009	04	05
W	Rr	1155	0.042	2009	03	29
W	Rr	1230	0.044	2009	03	22
W	Rr	1029	0.037	2009	03	15
W	Rr	1234	0.044	2009	03	08
W	Rr	1486	0.053	2009	03	01
W	Rr	1470	0.053	2009	02	22
W	Rr	1198	0.043	2009	02	15
W	Rr	1802	0.065	2009	02	08
W	Rr	1653	0.059	2009	02	01
W	Rr	1346	0.048	2009	01	25
W	Rr	1431	0.051	2009	01	18
W	Rr	1678	0.060	2009	01	11
W	Rr	1591	0.057	2009	01	04
W	Rr	886	0.032	2008	12	28
W	Rr	1148	0.041	2008	12	21
W	Rr	1428	0.051	2008	12	14
W	Rr	1508	0.054	2008	12	07
W	Rr	1194	0.043	2008	11	30
W	Rr	1070	0.038	2008	11	23
W	Rr	1396	0.050	2008	11	16
W	Rr	1255	0.045	2008	11	09
W	Rr	1314	0.047	2008	11	02
W	Rr	1397	0.050	2008	10	26
W	Rr	1638	0.059	2008	10	19
W	Rr	1298	0.047	2008	10	12
W	Rr	430	0.015	2008	10	05
W	Rr	723	0.026	2008	09	28
W	Rr	1308	0.047	2008	09	21
W	Rr	1242	0.045	2008	09	14
W	Rr	1409	0.051	2008	09	07
W	Rr	1142	0.041	2008	08	31
W	Rr	1022	0.037	2008	08	24
W	Rr	1062	0.038	2008	08	17
W	Rr	1188	0.043	2008	08	10
W	Rr	1232	0.044	2008	08	03
W	Rr	1050	0.038	2008	07	27
W	Rr	1272	0.046	2008	07	20
W	Rr	1305	0.047	2008	07	13
W	Rr	1093	0.039	2008	07	06
W	Rr	1182	0.043	2008	06	29
W	Rr	1937	0.070	2008	06	22
W	Rr	1493	0.054	2008	06	15
W	Rr	1083	0.039	2008	06	08
W	Rr	1283	0.046	2008	06	01
W	Rr	1432	0.052	2008	05	25
W	Rr	1726	0.062	2008	05	18
W	Rr	1580	0.057	2008	05	11
W	Rr	2661	0.096	2008	05	04
W	Rr	3648	0.131	2008	04	27
W	Rr	1400	0.050	2008	04	20
W	Rr	1365	0.049	2008	04	13
W	Rr	1213	0.044	2008	04	06
W	Rr	1670	0.060	2008	03	30
W	Rr	1211	0.044	2008	03	23
W	Rr	1144	0.041	2008	03	16
W	Rr	1301	0.047	2008	03	09
W	Rr	1292	0.046	2008	03	02
W	Rr	1427	0.051	2008	02	24
W	Rr	2207	0.079	2008	02	17
W	Rr	1124	0.040	2008	02	10
W	Rr	1561	0.056	2008	02	03
W	Rr	1533	0.055	2008	01	27
W	Rr	1389	0.050	2008	01	20
W	Rr	1133	0.041	2008	01	13
W	Rr	1404	0.051	2008	01	06
W	Rr	976	0.035	2007	12	30
W	Rr	801	0.029	2007	12	23
W	Rr	675	0.024	2007	12	16
W	*BT	R	26220	2024	01	28
D	Rr	153	0.006	2025	06	01
D	Rr	413	0.015	2025	05	31
D	Rr	917	0.033	2025	05	30
D	Rr	1255	0.045	2025	05	29
D	Rr	1167	0.042	2025	05	28
D	Rr	1606	0.058	2025	05	27
D	Rr	2526	0.091	2025	05	26
D	Rr	2016	0.073	2025	05	25
D	Rr	2208	0.079	2025	05	24
D	Rr	3270	0.118	2025	05	23
D	Rr	4134	0.149	2025	05	22
D	Rr	1284	0.046	2025	05	21
D	Rr	2298	0.083	2025	05	20
D	Rr	1584	0.057	2025	05	19
D	Rr	1968	0.071	2025	05	18
D	Rr	1386	0.050	2025	05	17
D	Rr	2532	0.091	2025	05	16
D	Rr	2538	0.091	2025	05	15
D	Rr	2232	0.080	2025	05	14
D	Rr	2610	0.094	2025	05	13
D	Rr	2334	0.084	2025	05	12
D	Rr	948	0.034	2025	05	11
D	Rr	2556	0.092	2025	05	10
D	Rr	1332	0.048	2025	05	09
D	Rr	2172	0.078	2025	05	08
D	Rr	2742	0.099	2025	05	07
D	Rr	1566	0.056	2025	05	06
D	Rr	1488	0.054	2025	05	05
D	Rr	1632	0.059	2025	05	04
D	Rr	1464	0.053	2025	05	03
D	Rr	2454	0.088	2025	05	02
D	Rr	2628	0.095	2025	05	01
D	Rr	2082	0.075	2025	04	30
D	Rr	2292	0.082	2025	04	29
D	Rr	2148	0.077	2025	04	28
D	Rr	1986	0.071	2025	04	27
D	Rr	2226	0.080	2025	04	26
D	Rr	2016	0.073	2025	04	25
D	Rr	4458	0.160	2025	04	24
D	Rr	2820	0.101	2025	04	23
D	Rr	2046	0.074	2025	04	22
D	Rr	2364	0.085	2025	04	21
D	*BT	R	9912	2024	01	29
d	Rr	331880	11.939	Sun
d	Rr	444927	16.006	Mon
d	Rr	440774	15.857	Tue
d	Rr	443160	15.942	Wed
d	Rr	434024	15.614	Thu
d	Rr	409631	14.736	Fri
d	Rr	275352	9.906	Sat
H	Rr	6	0.000	2025	06	01	04
H	Rr	83	0.003	2025	06	01	03
H	Rr	51	0.002	2025	06	01	02
H	Rr	4	0.000	2025	06	01	01
H	Rr	9	0.000	2025	06	01	00
H	Rr	4	0.000	2025	05	31	23
H	Rr	4	0.000	2025	05	31	22
H	Rr	3	0.000	2025	05	31	21
H	Rr	8	0.000	2025	05	31	20
H	Rr	5	0.000	2025	05	31	19
H	Rr	5	0.000	2025	05	31	18
H	Rr	38	0.001	2025	05	31	17
H	Rr	19	0.001	2025	05	31	16
H	Rr	22	0.001	2025	05	31	15
H	Rr	6	0.000	2025	05	31	14
H	Rr	7	0.000	2025	05	31	13
H	Rr	28	0.001	2025	05	31	12
H	Rr	12	0.000	2025	05	31	11
H	Rr	10	0.000	2025	05	31	10
H	Rr	8	0.000	2025	05	31	09
H	Rr	120	0.004	2025	05	31	08
H	Rr	5	0.000	2025	05	31	07
H	Rr	5	0.000	2025	05	31	06
H	Rr	12	0.000	2025	05	31	05
H	Rr	8	0.000	2025	05	31	04
H	Rr	70	0.003	2025	05	31	03
H	Rr	6	0.000	2025	05	31	02
H	Rr	4	0.000	2025	05	31	01
H	Rr	4	0.000	2025	05	31	00
H	Rr	158	0.006	2025	05	30	23
H	Rr	8	0.000	2025	05	30	22
H	Rr	12	0.000	2025	05	30	21
H	Rr	4	0.000	2025	05	30	20
H	Rr	64	0.002	2025	05	30	19
H	Rr	16	0.001	2025	05	30	18
H	Rr	22	0.001	2025	05	30	17
H	Rr	16	0.001	2025	05	30	16
H	Rr	14	0.001	2025	05	30	15
H	Rr	82	0.003	2025	05	30	14
H	Rr	10	0.000	2025	05	30	13
H	Rr	76	0.003	2025	05	30	12
H	Rr	14	0.001	2025	05	30	11
H	Rr	0	0.000	2025	05	30	10
H	Rr	70	0.003	2025	05	30	09
H	Rr	6	0.000	2025	05	30	08
H	Rr	6	0.000	2025	05	30	07
H	Rr	6	0.000	2025	05	30	06
H	Rr	24	0.001	2025	05	30	05
H	Rr	12	0.000	2025	05	30	04
H	Rr	150	0.005	2025	05	30	03
H	Rr	114	0.004	2025	05	30	02
H	Rr	9	0.000	2025	05	30	01
H	Rr	24	0.001	2025	05	30	00
H	Rr	30	0.001	2025	05	29	23
H	Rr	18	0.001	2025	05	29	22
H	Rr	12	0.000	2025	05	29	21
H	Rr	339	0.012	2025	05	29	20
H	Rr	12	0.000	2025	05	29	19
H	Rr	99	0.004	2025	05	29	18
H	Rr	30	0.001	2025	05	29	17
H	Rr	18	0.001	2025	05	29	16
H	Rr	144	0.005	2025	05	29	15
H	Rr	252	0.009	2025	05	29	14
H	Rr	108	0.004	2025	05	29	13
H	Rr	27	0.001	2025	05	29	12
H	Rr	15	0.001	2025	05	29	11
H	Rr	12	0.000	2025	05	29	10
H	Rr	12	0.000	2025	05	29	09
H	Rr	9	0.000	2025	05	29	08
H	Rr	12	0.000	2025	05	29	07
H	Rr	9	0.000	2025	05	29	06
H	Rr	21	0.001	2025	05	29	05
H	*BT	R	1800	2025	02	28	02
h	Rr	109992	3.957	00
h	Rr	97245	3.498	01
h	Rr	104296	3.752	02
h	Rr	123517	4.443	03
h	Rr	107017	3.850	04
h	Rr	107095	3.853	05
h	Rr	95163	3.423	06
h	Rr	96761	3.481	07
h	Rr	86311	3.105	08
h	Rr	84904	3.054	09
h	Rr	87227	3.138	10
h	Rr	93035	3.347	11
h	Rr	92185	3.316	12
h	Rr	98795	3.554	13
h	Rr	124475	4.478	14
h	Rr	148202	5.331	15
h	Rr	160850	5.786	16
h	Rr	151643	5.455	17
h	Rr	154980	5.575	18
h	Rr	148186	5.331	19
h	Rr	140811	5.066	20
h	Rr	130372	4.690	21
h	Rr	122879	4.421	22
h	Rr	113807	4.094	23
4	Rr	3	0.000	2025	06	01	04	30
4	Rr	3	0.000	2025	06	01	04	15
4	Rr	0	0.000	2025	06	01	04	00
4	Rr	0	0.000	2025	06	01	03	45
4	Rr	0	0.000	2025	06	01	03	30
4	Rr	5	0.000	2025	06	01	03	15
4	Rr	78	0.003	2025	06	01	03	00
4	Rr	5	0.000	2025	06	01	02	45
4	Rr	7	0.000	2025	06	01	02	30
4	Rr	39	0.001	2025	06	01	02	15
4	Rr	0	0.000	2025	06	01	02	00
4	Rr	2	0.000	2025	06	01	01	45
4	Rr	1	0.000	2025	06	01	01	30
4	Rr	0	0.000	2025	06	01	01	15
4	Rr	1	0.000	2025	06	01	01	00
4	Rr	7	0.000	2025	06	01	00	45
4	Rr	1	0.000	2025	06	01	00	30
4	Rr	1	0.000	2025	06	01	00	15
4	Rr	0	0.000	2025	06	01	00	00
4	Rr	0	0.000	2025	05	31	23	45
4	Rr	0	0.000	2025	05	31	23	30
4	Rr	3	0.000	2025	05	31	23	15
4	Rr	1	0.000	2025	05	31	23	00
4	Rr	1	0.000	2025	05	31	22	45
4	Rr	0	0.000	2025	05	31	22	30
4	Rr	0	0.000	2025	05	31	22	15
4	Rr	3	0.000	2025	05	31	22	00
4	Rr	1	0.000	2025	05	31	21	45
4	Rr	0	0.000	2025	05	31	21	30
4	Rr	1	0.000	2025	05	31	21	15
4	Rr	1	0.000	2025	05	31	21	00
4	Rr	1	0.000	2025	05	31	20	45
4	Rr	2	0.000	2025	05	31	20	30
4	Rr	2	0.000	2025	05	31	20	15
4	Rr	3	0.000	2025	05	31	20	00
4	Rr	1	0.000	2025	05	31	19	45
4	Rr	2	0.000	2025	05	31	19	30
4	Rr	2	0.000	2025	05	31	19	15
4	Rr	0	0.000	2025	05	31	19	00
4	Rr	0	0.000	2025	05	31	18	45
4	Rr	1	0.000	2025	05	31	18	30
4	Rr	4	0.000	2025	05	31	18	15
4	Rr	0	0.000	2025	05	31	18	00
4	Rr	36	0.001	2025	05	31	17	45
4	Rr	1	0.000	2025	05	31	17	30
4	Rr	1	0.000	2025	05	31	17	15
4	Rr	0	0.000	2025	05	31	17	00
4	Rr	2	0.000	2025	05	31	16	45
4	Rr	0	0.000	2025	05	31	16	30
4	Rr	16	0.001	2025	05	31	16	15
4	Rr	1	0.000	2025	05	31	16	00
4	Rr	4	0.000	2025	05	31	15	45
4	Rr	12	0.000	2025	05	31	15	30
4	Rr	3	0.000	2025	05	31	15	15
4	Rr	3	0.000	2025	05	31	15	00
4	Rr	4	0.000	2025	05	31	14	45
4	Rr	0	0.000	2025	05	31	14	30
4	Rr	0	0.000	2025	05	31	14	15
4	Rr	2	0.000	2025	05	31	14	00
4	Rr	2	0.000	2025	05	31	13	45
4	Rr	2	0.000	2025	05	31	13	30
4	Rr	3	0.000	2025	05	31	13	15
4	Rr	0	0.000	2025	05	31	13	00
4	Rr	19	0.001	2025	05	31	12	45
4	Rr	4	0.000	2025	05	31	12	30
4	Rr	3	0.000	2025	05	31	12	15
4	Rr	2	0.000	2025	05	31	12	00
4	Rr	11	0.000	2025	05	31	11	45
4	Rr	1	0.000	2025	05	31	11	30
4	Rr	0	0.000	2025	05	31	11	15
4	Rr	0	0.000	2025	05	31	11	00
4	Rr	5	0.000	2025	05	31	10	45
4	Rr	1	0.000	2025	05	31	10	30
4	Rr	3	0.000	2025	05	31	10	15
4	Rr	1	0.000	2025	05	31	10	00
4	Rr	4	0.000	2025	05	31	09	45
4	Rr	1	0.000	2025	05	31	09	30
4	Rr	1	0.000	2025	05	31	09	15
4	Rr	2	0.000	2025	05	31	09	00
4	Rr	4	0.000	2025	05	31	08	45
4	Rr	5	0.000	2025	05	31	08	30
4	Rr	111	0.004	2025	05	31	08	15
4	Rr	0	0.000	2025	05	31	08	00
4	Rr	1	0.000	2025	05	31	07	45
4	Rr	0	0.000	2025	05	31	07	30
4	Rr	2	0.000	2025	05	31	07	15
4	Rr	2	0.000	2025	05	31	07	00
4	Rr	3	0.000	2025	05	31	06	45
4	Rr	1	0.000	2025	05	31	06	30
4	Rr	0	0.000	2025	05	31	06	15
4	Rr	1	0.000	2025	05	31	06	00
4	Rr	3	0.000	2025	05	31	05	45
4	Rr	2	0.000	2025	05	31	05	30
4	Rr	6	0.000	2025	05	31	05	15
4	Rr	1	0.000	2025	05	31	05	00
4	Rr	4	0.000	2025	05	31	04	45
4	*BT	R	1092	2025	01	14	01	00
6	Rr	28717	1.033	00	00
6	Rr	26877	0.967	00	15
6	Rr	27465	0.988	00	30
6	Rr	26933	0.969	00	45
6	Rr	23044	0.829	01	00
6	Rr	24309	0.875	01	15
6	Rr	23638	0.850	01	30
6	Rr	26254	0.944	01	45
6	Rr	23607	0.849	02	00
6	Rr	28334	1.019	02	15
6	Rr	26030	0.936	02	30
6	Rr	26325	0.947	02	45
6	Rr	28203	1.015	03	00
6	Rr	27400	0.986	03	15
6	Rr	30242	1.088	03	30
6	Rr	37672	1.355	03	45
6	Rr	32262	1.161	04	00
6	Rr	23152	0.833	04	15
6	Rr	25173	0.906	04	30
6	Rr	26430	0.951	04	45
6	Rr	24192	0.870	05	00
6	Rr	27807	1.000	05	15
6	Rr	26135	0.940	05	30
6	Rr	28961	1.042	05	45
6	Rr	25631	0.922	06	00
6	Rr	22689	0.816	06	15
6	Rr	25373	0.913	06	30
6	Rr	21470	0.772	06	45
6	Rr	24269	0.873	07	00
6	Rr	26200	0.943	07	15
6	Rr	23112	0.831	07	30
6	Rr	23180	0.834	07	45
6	Rr	20947	0.754	08	00
6	Rr	22031	0.793	08	15
6	Rr	23158	0.833	08	30
6	Rr	20175	0.726	08	45
6	Rr	20807	0.749	09	00
6	Rr	22475	0.809	09	15
6	Rr	21896	0.788	09	30
6	Rr	19726	0.710	09	45
6	Rr	19996	0.719	10	00
6	Rr	20679	0.744	10	15
6	Rr	23890	0.859	10	30
6	Rr	22662	0.815	10	45
6	Rr	23739	0.854	11	00
6	Rr	24150	0.869	11	15
6	Rr	23400	0.842	11	30
6	Rr	21746	0.782	11	45
6	Rr	23848	0.858	12	00
6	Rr	21877	0.787	12	15
6	Rr	23202	0.835	12	30
6	Rr	23258	0.837	12	45
6	Rr	24161	0.869	13	00
6	Rr	24132	0.868	13	15
6	Rr	25581	0.920	13	30
6	Rr	24921	0.897	13	45
6	Rr	29793	1.072	14	00
6	Rr	31538	1.135	14	15
6	Rr	31667	1.139	14	30
6	Rr	31477	1.132	14	45
6	Rr	32611	1.173	15	00
6	Rr	34976	1.258	15	15
6	Rr	40083	1.442	15	30
6	Rr	40532	1.458	15	45
6	Rr	46499	1.673	16	00
6	Rr	37798	1.360	16	15
6	Rr	38419	1.382	16	30
6	Rr	38134	1.372	16	45
6	Rr	39445	1.419	17	00
6	Rr	36301	1.306	17	15
6	Rr	38384	1.381	17	30
6	Rr	37513	1.350	17	45
6	Rr	41013	1.475	18	00
6	Rr	35700	1.284	18	15
6	Rr	38746	1.394	18	30
6	Rr	39521	1.422	18	45
6	Rr	39793	1.432	19	00
6	Rr	34571	1.244	19	15
6	Rr	34828	1.253	19	30
6	Rr	38994	1.403	19	45
6	Rr	35558	1.279	20	00
6	Rr	35152	1.265	20	15
6	Rr	35841	1.289	20	30
6	Rr	34260	1.232	20	45
6	Rr	34545	1.243	21	00
6	Rr	32837	1.181	21	15
6	Rr	31594	1.137	21	30
6	Rr	31396	1.129	21	45
6	Rr	30111	1.083	22	00
6	Rr	32410	1.166	22	15
6	Rr	31343	1.128	22	30
6	Rr	29015	1.044	22	45
6	Rr	29843	1.074	23	00
6	Rr	31975	1.150	23	15
6	Rr	24073	0.866	23	30
6	Rr	27916	1.004	23	45
5	Rr	1	0.000	2025	06	01	04	40
5	Rr	1	0.000	2025	06	01	04	35
5	Rr	1	0.000	2025	06	01	04	30
5	Rr	0	0.000	2025	06	01	04	25
5	Rr	3	0.000	2025	06	01	04	20
5	Rr	0	0.000	2025	06	01	04	15
5	Rr	0	0.000	2025	06	01	04	10
5	Rr	0	0.000	2025	06	01	04	05
5	Rr	0	0.000	2025	06	01	04	00
5	Rr	0	0.000	2025	06	01	03	55
5	Rr	0	0.000	2025	06	01	03	50
5	Rr	0	0.000	2025	06	01	03	45
5	Rr	0	0.000	2025	06	01	03	40
5	Rr	0	0.000	2025	06	01	03	35
5	Rr	0	0.000	2025	06	01	03	30
5	Rr	0	0.000	2025	06	01	03	25
5	Rr	4	0.000	2025	06	01	03	20
5	Rr	1	0.000	2025	06	01	03	15
5	Rr	32	0.001	2025	06	01	03	10
5	Rr	1	0.000	2025	06	01	03	05
5	Rr	45	0.002	2025	06	01	03	00
5	Rr	1	0.000	2025	06	01	02	55
5	Rr	4	0.000	2025	06	01	02	50
5	Rr	0	0.000	2025	06	01	02	45
5	Rr	5	0.000	2025	06	01	02	40
5	Rr	0	0.000	2025	06	01	02	35
5	Rr	2	0.000	2025	06	01	02	30
5	Rr	1	0.000	2025	06	01	02	25
5	Rr	37	0.001	2025	06	01	02	20
5	Rr	1	0.000	2025	06	01	02	15
5	Rr	0	0.000	2025	06	01	02	10
5	Rr	0	0.000	2025	06	01	02	05
5	Rr	0	0.000	2025	06	01	02	00
5	Rr	0	0.000	2025	06	01	01	55
5	Rr	0	0.000	2025	06	01	01	50
5	Rr	2	0.000	2025	06	01	01	45
5	Rr	0	0.000	2025	06	01	01	40
5	Rr	1	0.000	2025	06	01	01	35
5	Rr	0	0.000	2025	06	01	01	30
5	Rr	0	0.000	2025	06	01	01	25
5	Rr	0	0.000	2025	06	01	01	20
5	Rr	0	0.000	2025	06	01	01	15
5	Rr	1	0.000	2025	06	01	01	10
5	Rr	0	0.000	2025	06	01	01	05
5	Rr	0	0.000	2025	06	01	01	00
5	Rr	0	0.000	2025	06	01	00	55
5	Rr	0	0.000	2025	06	01	00	50
5	Rr	7	0.000	2025	06	01	00	45
5	Rr	1	0.000	2025	06	01	00	40
5	Rr	0	0.000	2025	06	01	00	35
5	Rr	0	0.000	2025	06	01	00	30
5	Rr	0	0.000	2025	06	01	00	25
5	Rr	0	0.000	2025	06	01	00	20
5	Rr	1	0.000	2025	06	01	00	15
5	Rr	0	0.000	2025	06	01	00	10
5	Rr	0	0.000	2025	06	01	00	05
5	Rr	0	0.000	2025	06	01	00	00
5	Rr	0	0.000	2025	05	31	23	55
5	Rr	0	0.000	2025	05	31	23	50
5	Rr	0	0.000	2025	05	31	23	45
5	Rr	0	0.000	2025	05	31	23	40
5	Rr	0	0.000	2025	05	31	23	35
5	Rr	0	0.000	2025	05	31	23	30
5	Rr	0	0.000	2025	05	31	23	25
5	Rr	1	0.000	2025	05	31	23	20
5	Rr	2	0.000	2025	05	31	23	15
5	Rr	0	0.000	2025	05	31	23	10
5	Rr	0	0.000	2025	05	31	23	05
5	Rr	1	0.000	2025	05	31	23	00
5	Rr	0	0.000	2025	05	31	22	55
5	Rr	0	0.000	2025	05	31	22	50
5	Rr	1	0.000	2025	05	31	22	45
5	Rr	0	0.000	2025	05	31	22	40
5	Rr	0	0.000	2025	05	31	22	35
5	Rr	0	0.000	2025	05	31	22	30
5	Rr	0	0.000	2025	05	31	22	25
5	Rr	0	0.000	2025	05	31	22	20
5	Rr	0	0.000	2025	05	31	22	15
5	Rr	1	0.000	2025	05	31	22	10
5	Rr	0	0.000	2025	05	31	22	05
5	Rr	2	0.000	2025	05	31	22	00
5	Rr	0	0.000	2025	05	31	21	55
5	Rr	0	0.000	2025	05	31	21	50
5	Rr	1	0.000	2025	05	31	21	45
5	Rr	0	0.000	2025	05	31	21	40
5	Rr	0	0.000	2025	05	31	21	35
5	Rr	0	0.000	2025	05	31	21	30
5	Rr	0	0.000	2025	05	31	21	25
5	Rr	0	0.000	2025	05	31	21	20
5	Rr	1	0.000	2025	05	31	21	15
5	Rr	0	0.000	2025	05	31	21	10
5	Rr	1	0.000	2025	05	31	21	05
5	Rr	0	0.000	2025	05	31	21	00
5	Rr	1	0.000	2025	05	31	20	55
5	Rr	0	0.000	2025	05	31	20	50
5	Rr	0	0.000	2025	05	31	20	45
5	Rr	1	0.000	2025	05	31	20	40
5	Rr	1	0.000	2025	05	31	20	35
5	Rr	0	0.000	2025	05	31	20	30
5	Rr	1	0.000	2025	05	31	20	25
5	Rr	1	0.000	2025	05	31	20	20
5	Rr	0	0.000	2025	05	31	20	15
5	Rr	2	0.000	2025	05	31	20	10
5	Rr	0	0.000	2025	05	31	20	05
5	Rr	1	0.000	2025	05	31	20	00
5	Rr	0	0.000	2025	05	31	19	55
5	Rr	1	0.000	2025	05	31	19	50
5	Rr	0	0.000	2025	05	31	19	45
5	Rr	1	0.000	2025	05	31	19	40
5	Rr	0	0.000	2025	05	31	19	35
5	Rr	1	0.000	2025	05	31	19	30
5	Rr	1	0.000	2025	05	31	19	25
5	Rr	0	0.000	2025	05	31	19	20
5	Rr	1	0.000	2025	05	31	19	15
5	Rr	0	0.000	2025	05	31	19	10
5	Rr	0	0.000	2025	05	31	19	05
5	Rr	0	0.000	2025	05	31	19	00
5	Rr	0	0.000	2025	05	31	18	55
5	Rr	0	0.000	2025	05	31	18	50
5	Rr	0	0.000	2025	05	31	18	45
5	Rr	1	0.000	2025	05	31	18	40
5	Rr	0	0.000	2025	05	31	18	35
5	Rr	0	0.000	2025	05	31	18	30
5	Rr	0	0.000	2025	05	31	18	25
5	Rr	3	0.000	2025	05	31	18	20
5	Rr	1	0.000	2025	05	31	18	15
5	Rr	0	0.000	2025	05	31	18	10
5	Rr	0	0.000	2025	05	31	18	05
5	Rr	0	0.000	2025	05	31	18	00
5	Rr	1	0.000	2025	05	31	17	55
5	Rr	1	0.000	2025	05	31	17	50
5	Rr	34	0.001	2025	05	31	17	45
5	Rr	1	0.000	2025	05	31	17	40
5	Rr	0	0.000	2025	05	31	17	35
5	Rr	0	0.000	2025	05	31	17	30
5	Rr	1	0.000	2025	05	31	17	25
5	Rr	0	0.000	2025	05	31	17	20
5	Rr	0	0.000	2025	05	31	17	15
5	Rr	0	0.000	2025	05	31	17	10
5	Rr	0	0.000	2025	05	31	17	05
5	Rr	0	0.000	2025	05	31	17	00
5	Rr	0	0.000	2025	05	31	16	55
5	Rr	2	0.000	2025	05	31	16	50
5	Rr	0	0.000	2025	05	31	16	45
5	Rr	0	0.000	2025	05	31	16	40
5	Rr	0	0.000	2025	05	31	16	35
5	Rr	0	0.000	2025	05	31	16	30
5	Rr	1	0.000	2025	05	31	16	25
5	Rr	14	0.001	2025	05	31	16	20
5	Rr	1	0.000	2025	05	31	16	15
5	Rr	0	0.000	2025	05	31	16	10
5	Rr	0	0.000	2025	05	31	16	05
5	Rr	1	0.000	2025	05	31	16	00
5	Rr	4	0.000	2025	05	31	15	55
5	Rr	0	0.000	2025	05	31	15	50
5	Rr	0	0.000	2025	05	31	15	45
5	Rr	1	0.000	2025	05	31	15	40
5	Rr	0	0.000	2025	05	31	15	35
5	Rr	11	0.000	2025	05	31	15	30
5	Rr	1	0.000	2025	05	31	15	25
5	Rr	1	0.000	2025	05	31	15	20
5	Rr	1	0.000	2025	05	31	15	15
5	Rr	3	0.000	2025	05	31	15	10
5	Rr	0	0.000	2025	05	31	15	05
5	Rr	0	0.000	2025	05	31	15	00
5	Rr	1	0.000	2025	05	31	14	55
5	Rr	0	0.000	2025	05	31	14	50
5	Rr	3	0.000	2025	05	31	14	45
5	Rr	0	0.000	2025	05	31	14	40
5	Rr	0	0.000	2025	05	31	14	35
5	Rr	0	0.000	2025	05	31	14	30
5	Rr	0	0.000	2025	05	31	14	25
5	Rr	0	0.000	2025	05	31	14	20
5	Rr	0	0.000	2025	05	31	14	15
5	Rr	1	0.000	2025	05	31	14	10
5	Rr	0	0.000	2025	05	31	14	05
5	Rr	1	0.000	2025	05	31	14	00
5	Rr	0	0.000	2025	05	31	13	55
5	Rr	1	0.000	2025	05	31	13	50
5	Rr	1	0.000	2025	05	31	13	45
5	Rr	0	0.000	2025	05	31	13	40
5	Rr	1	0.000	2025	05	31	13	35
5	Rr	1	0.000	2025	05	31	13	30
5	Rr	0	0.000	2025	05	31	13	25
5	Rr	0	0.000	2025	05	31	13	20
5	Rr	3	0.000	2025	05	31	13	15
5	Rr	0	0.000	2025	05	31	13	10
5	Rr	0	0.000	2025	05	31	13	05
5	Rr	0	0.000	2025	05	31	13	00
5	Rr	3	0.000	2025	05	31	12	55
5	Rr	8	0.000	2025	05	31	12	50
5	Rr	8	0.000	2025	05	31	12	45
5	Rr	4	0.000	2025	05	31	12	40
5	Rr	0	0.000	2025	05	31	12	35
5	Rr	0	0.000	2025	05	31	12	30
5	Rr	0	0.000	2025	05	31	12	25
5	Rr	3	0.000	2025	05	31	12	20
5	Rr	0	0.000	2025	05	31	12	15
5	Rr	2	0.000	2025	05	31	12	10
5	Rr	0	0.000	2025	05	31	12	05
5	Rr	0	0.000	2025	05	31	12	00
5	Rr	0	0.000	2025	05	31	11	55
5	Rr	1	0.000	2025	05	31	11	50
5	Rr	10	0.000	2025	05	31	11	45
5	Rr	0	0.000	2025	05	31	11	40
5	Rr	1	0.000	2025	05	31	11	35
5	Rr	0	0.000	2025	05	31	11	30
5	Rr	0	0.000	2025	05	31	11	25
5	Rr	0	0.000	2025	05	31	11	20
5	Rr	0	0.000	2025	05	31	11	15
5	Rr	0	0.000	2025	05	31	11	10
5	Rr	0	0.000	2025	05	31	11	05
5	Rr	0	0.000	2025	05	31	11	00
5	Rr	5	0.000	2025	05	31	10	55
5	Rr	0	0.000	2025	05	31	10	50
5	Rr	0	0.000	2025	05	31	10	45
5	Rr	1	0.000	2025	05	31	10	40
5	Rr	0	0.000	2025	05	31	10	35
5	Rr	0	0.000	2025	05	31	10	30
5	Rr	0	0.000	2025	05	31	10	25
5	Rr	0	0.000	2025	05	31	10	20
5	Rr	3	0.000	2025	05	31	10	15
5	Rr	0	0.000	2025	05	31	10	10
5	Rr	1	0.000	2025	05	31	10	05
5	Rr	0	0.000	2025	05	31	10	00
5	Rr	4	0.000	2025	05	31	09	55
5	Rr	0	0.000	2025	05	31	09	50
5	Rr	0	0.000	2025	05	31	09	45
5	Rr	0	0.000	2025	05	31	09	40
5	Rr	0	0.000	2025	05	31	09	35
5	Rr	1	0.000	2025	05	31	09	30
5	Rr	0	0.000	2025	05	31	09	25
5	Rr	0	0.000	2025	05	31	09	20
5	Rr	1	0.000	2025	05	31	09	15
5	Rr	1	0.000	2025	05	31	09	10
5	Rr	0	0.000	2025	05	31	09	05
5	Rr	1	0.000	2025	05	31	09	00
5	Rr	0	0.000	2025	05	31	08	55
5	Rr	0	0.000	2025	05	31	08	50
5	Rr	4	0.000	2025	05	31	08	45
5	Rr	1	0.000	2025	05	31	08	40
5	Rr	4	0.000	2025	05	31	08	35
5	Rr	0	0.000	2025	05	31	08	30
5	Rr	0	0.000	2025	05	31	08	25
5	Rr	110	0.004	2025	05	31	08	20
5	Rr	1	0.000	2025	05	31	08	15
5	Rr	0	0.000	2025	05	31	08	10
5	Rr	0	0.000	2025	05	31	08	05
5	Rr	0	0.000	2025	05	31	08	00
5	Rr	0	0.000	2025	05	31	07	55
5	Rr	0	0.000	2025	05	31	07	50
5	Rr	1	0.000	2025	05	31	07	45
5	Rr	0	0.000	2025	05	31	07	40
5	Rr	0	0.000	2025	05	31	07	35
5	Rr	0	0.000	2025	05	31	07	30
5	Rr	1	0.000	2025	05	31	07	25
5	Rr	0	0.000	2025	05	31	07	20
5	Rr	1	0.000	2025	05	31	07	15
5	Rr	0	0.000	2025	05	31	07	10
5	Rr	1	0.000	2025	05	31	07	05
5	Rr	1	0.000	2025	05	31	07	00
5	Rr	1	0.000	2025	05	31	06	55
5	Rr	0	0.000	2025	05	31	06	50
5	Rr	2	0.000	2025	05	31	06	45
5	Rr	1	0.000	2025	05	31	06	40
5	Rr	0	0.000	2025	05	31	06	35
5	Rr	0	0.000	2025	05	31	06	30
5	Rr	0	0.000	2025	05	31	06	25
5	Rr	0	0.000	2025	05	31	06	20
5	Rr	0	0.000	2025	05	31	06	15
5	Rr	0	0.000	2025	05	31	06	10
5	Rr	0	0.000	2025	05	31	06	05
5	Rr	1	0.000	2025	05	31	06	00
5	Rr	0	0.000	2025	05	31	05	55
5	Rr	0	0.000	2025	05	31	05	50
5	Rr	3	0.000	2025	05	31	05	45
5	Rr	0	0.000	2025	05	31	05	40
5	Rr	0	0.000	2025	05	31	05	35
5	Rr	2	0.000	2025	05	31	05	30
5	Rr	0	0.000	2025	05	31	05	25
5	Rr	0	0.000	2025	05	31	05	20
5	Rr	6	0.000	2025	05	31	05	15
5	Rr	0	0.000	2025	05	31	05	10
5	Rr	0	0.000	2025	05	31	05	05
5	Rr	1	0.000	2025	05	31	05	00
5	Rr	0	0.000	2025	05	31	04	55
5	Rr	0	0.000	2025	05	31	04	50
5	Rr	4	0.000	2025	05	31	04	45
5	*BT	R	1092	2025	01	14	01	05
7	Rr	8992	0.323	00	00
7	Rr	9356	0.337	00	05
7	Rr	10369	0.373	00	10
7	Rr	7013	0.252	00	15
7	Rr	8601	0.309	00	20
7	Rr	11263	0.405	00	25
7	Rr	9271	0.334	00	30
7	Rr	9653	0.347	00	35
7	Rr	8541	0.307	00	40
7	Rr	8243	0.297	00	45
7	Rr	8214	0.295	00	50
7	Rr	10476	0.377	00	55
7	Rr	7187	0.259	01	00
7	Rr	8519	0.306	01	05
7	Rr	7338	0.264	01	10
7	Rr	7633	0.275	01	15
7	Rr	9230	0.332	01	20
7	Rr	7446	0.268	01	25
7	Rr	7885	0.284	01	30
7	Rr	7468	0.269	01	35
7	Rr	8285	0.298	01	40
7	Rr	8125	0.292	01	45
7	Rr	10022	0.361	01	50
7	Rr	8107	0.292	01	55
7	Rr	7341	0.264	02	00
7	Rr	8824	0.317	02	05
7	Rr	7442	0.268	02	10
7	Rr	9594	0.345	02	15
7	Rr	8749	0.315	02	20
7	Rr	9991	0.359	02	25
7	Rr	9114	0.328	02	30
7	Rr	7241	0.260	02	35
7	Rr	9675	0.348	02	40
7	Rr	9077	0.327	02	45
7	Rr	8252	0.297	02	50
7	Rr	8996	0.324	02	55
7	Rr	10476	0.377	03	00
7	Rr	7603	0.274	03	05
7	Rr	10124	0.364	03	10
7	Rr	9540	0.343	03	15
7	Rr	8549	0.308	03	20
7	Rr	9311	0.335	03	25
7	Rr	9575	0.344	03	30
7	Rr	9688	0.349	03	35
7	Rr	10979	0.395	03	40
7	Rr	11082	0.399	03	45
7	Rr	13419	0.483	03	50
7	Rr	13171	0.474	03	55
7	Rr	12633	0.454	04	00
7	Rr	10166	0.366	04	05
7	Rr	9463	0.340	04	10
7	Rr	8125	0.292	04	15
7	Rr	7147	0.257	04	20
7	Rr	7880	0.283	04	25
7	Rr	8046	0.289	04	30
7	Rr	8222	0.296	04	35
7	Rr	8905	0.320	04	40
7	Rr	8706	0.313	04	45
7	Rr	9333	0.336	04	50
7	Rr	8391	0.302	04	55
7	Rr	8716	0.314	05	00
7	Rr	7475	0.269	05	05
7	Rr	8001	0.288	05	10
7	Rr	10132	0.364	05	15
7	Rr	8640	0.311	05	20
7	Rr	9035	0.325	05	25
7	Rr	7692	0.277	05	30
7	Rr	9191	0.331	05	35
7	Rr	9252	0.333	05	40
7	Rr	11064	0.398	05	45
7	Rr	9277	0.334	05	50
7	Rr	8620	0.310	05	55
7	Rr	7557	0.272	06	00
7	Rr	9625	0.346	06	05
7	Rr	8449	0.304	06	10
7	Rr	8710	0.313	06	15
7	Rr	6011	0.216	06	20
7	Rr	7968	0.287	06	25
7	Rr	8553	0.308	06	30
7	Rr	8686	0.312	06	35
7	Rr	8134	0.293	06	40
7	Rr	7697	0.277	06	45
7	Rr	7184	0.258	06	50
7	Rr	6589	0.237	06	55
7	Rr	9449	0.340	07	00
7	Rr	7344	0.264	07	05
7	Rr	7476	0.269	07	10
7	Rr	7915	0.285	07	15
7	Rr	8419	0.303	07	20
7	Rr	9866	0.355	07	25
7	Rr	9132	0.329	07	30
7	Rr	7020	0.253	07	35
7	Rr	6960	0.250	07	40
7	Rr	9850	0.354	07	45
7	Rr	6067	0.218	07	50
7	Rr	7263	0.261	07	55
7	Rr	7142	0.257	08	00
7	Rr	6454	0.232	08	05
7	Rr	7351	0.264	08	10
7	Rr	7020	0.253	08	15
7	Rr	7618	0.274	08	20
7	Rr	7393	0.266	08	25
7	Rr	7239	0.260	08	30
7	Rr	7434	0.267	08	35
7	Rr	8485	0.305	08	40
7	Rr	7793	0.280	08	45
7	Rr	6030	0.217	08	50
7	Rr	6352	0.229	08	55
7	Rr	6530	0.235	09	00
7	Rr	6946	0.250	09	05
7	Rr	7331	0.264	09	10
7	Rr	5770	0.208	09	15
7	Rr	7778	0.280	09	20
7	Rr	8927	0.321	09	25
7	Rr	6771	0.244	09	30
7	Rr	7484	0.269	09	35
7	Rr	7641	0.275	09	40
7	Rr	7688	0.277	09	45
7	Rr	5953	0.214	09	50
7	Rr	6085	0.219	09	55
7	Rr	7078	0.255	10	00
7	Rr	6100	0.219	10	05
7	Rr	6818	0.245	10	10
7	Rr	6751	0.243	10	15
7	Rr	6848	0.246	10	20
7	Rr	7080	0.255	10	25
7	Rr	8251	0.297	10	30
7	Rr	7824	0.281	10	35
7	Rr	7815	0.281	10	40
7	Rr	7510	0.270	10	45
7	Rr	8331	0.300	10	50
7	Rr	6821	0.245	10	55
7	Rr	9383	0.338	11	00
7	Rr	7123	0.256	11	05
7	Rr	7233	0.260	11	10
7	Rr	7427	0.267	11	15
7	Rr	8043	0.289	11	20
7	Rr	8680	0.312	11	25
7	Rr	8684	0.312	11	30
7	Rr	7396	0.266	11	35
7	Rr	7320	0.263	11	40
7	Rr	7184	0.258	11	45
7	Rr	7452	0.268	11	50
7	Rr	7110	0.256	11	55
7	Rr	7511	0.270	12	00
7	Rr	8147	0.293	12	05
7	Rr	8190	0.295	12	10
7	Rr	8024	0.289	12	15
7	Rr	6855	0.247	12	20
7	Rr	6998	0.252	12	25
7	Rr	8012	0.288	12	30
7	Rr	7073	0.254	12	35
7	Rr	8117	0.292	12	40
7	Rr	6929	0.249	12	45
7	Rr	8519	0.306	12	50
7	Rr	7810	0.281	12	55
7	Rr	8448	0.304	13	00
7	Rr	7695	0.277	13	05
7	Rr	8018	0.288	13	10
7	Rr	8117	0.292	13	15
7	Rr	7888	0.284	13	20
7	Rr	8127	0.292	13	25
7	Rr	8171	0.294	13	30
7	Rr	8491	0.305	13	35
7	Rr	8919	0.321	13	40
7	Rr	7789	0.280	13	45
7	Rr	9313	0.335	13	50
7	Rr	7819	0.281	13	55
7	Rr	10771	0.387	14	00
7	Rr	9918	0.357	14	05
7	Rr	9104	0.328	14	10
7	Rr	10438	0.376	14	15
7	Rr	11065	0.398	14	20
7	Rr	10035	0.361	14	25
7	Rr	9994	0.360	14	30
7	Rr	10960	0.394	14	35
7	Rr	10713	0.385	14	40
7	Rr	10148	0.365	14	45
7	Rr	9912	0.357	14	50
7	Rr	11417	0.411	14	55
7	Rr	10664	0.384	15	00
7	Rr	9973	0.359	15	05
7	Rr	11974	0.431	15	10
7	Rr	10154	0.365	15	15
7	Rr	14178	0.510	15	20
7	Rr	10644	0.383	15	25
7	Rr	12997	0.468	15	30
7	Rr	13065	0.470	15	35
7	Rr	14021	0.504	15	40
7	Rr	10315	0.371	15	45
7	Rr	11924	0.429	15	50
7	Rr	18293	0.658	15	55
7	Rr	16569	0.596	16	00
7	Rr	14727	0.530	16	05
7	Rr	15203	0.547	16	10
7	Rr	13247	0.477	16	15
7	Rr	11910	0.428	16	20
7	Rr	12641	0.455	16	25
7	Rr	12663	0.456	16	30
7	Rr	12583	0.453	16	35
7	Rr	13173	0.474	16	40
7	Rr	13383	0.481	16	45
7	Rr	12496	0.450	16	50
7	Rr	12255	0.441	16	55
7	Rr	13284	0.478	17	00
7	Rr	13944	0.502	17	05
7	Rr	12217	0.440	17	10
7	Rr	12640	0.455	17	15
7	Rr	12133	0.436	17	20
7	Rr	11528	0.415	17	25
7	Rr	13014	0.468	17	30
7	Rr	12748	0.459	17	35
7	Rr	12622	0.454	17	40
7	Rr	12755	0.459	17	45
7	Rr	12519	0.450	17	50
7	Rr	12239	0.440	17	55
7	Rr	14688	0.528	18	00
7	Rr	14409	0.518	18	05
7	Rr	11916	0.429	18	10
7	Rr	12656	0.455	18	15
7	Rr	12198	0.439	18	20
7	Rr	10846	0.390	18	25
7	Rr	13444	0.484	18	30
7	Rr	11502	0.414	18	35
7	Rr	13800	0.496	18	40
7	Rr	12127	0.436	18	45
7	Rr	14139	0.509	18	50
7	Rr	13255	0.477	18	55
7	Rr	13131	0.472	19	00
7	Rr	12164	0.438	19	05
7	Rr	14498	0.522	19	10
7	Rr	11280	0.406	19	15
7	Rr	10943	0.394	19	20
7	Rr	12348	0.444	19	25
7	Rr	11078	0.399	19	30
7	Rr	12726	0.458	19	35
7	Rr	11024	0.397	19	40
7	Rr	13374	0.481	19	45
7	Rr	11606	0.418	19	50
7	Rr	14014	0.504	19	55
7	Rr	12373	0.445	20	00
7	Rr	11053	0.398	20	05
7	Rr	12132	0.436	20	10
7	Rr	9768	0.351	20	15
7	Rr	13344	0.480	20	20
7	Rr	12040	0.433	20	25
7	Rr	12175	0.438	20	30
7	Rr	12825	0.461	20	35
7	Rr	10841	0.390	20	40
7	Rr	12321	0.443	20	45
7	Rr	12143	0.437	20	50
7	Rr	9796	0.352	20	55
7	Rr	10983	0.395	21	00
7	Rr	11512	0.414	21	05
7	Rr	12050	0.433	21	10
7	Rr	11342	0.408	21	15
7	Rr	10547	0.379	21	20
7	Rr	10948	0.394	21	25
7	Rr	11232	0.404	21	30
7	Rr	10652	0.383	21	35
7	Rr	9710	0.349	21	40
7	Rr	11740	0.422	21	45
7	Rr	10701	0.385	21	50
7	Rr	8955	0.322	21	55
7	Rr	10056	0.362	22	00
7	Rr	9371	0.337	22	05
7	Rr	10684	0.384	22	10
7	Rr	11430	0.411	22	15
7	Rr	10527	0.379	22	20
7	Rr	10453	0.376	22	25
7	Rr	11338	0.408	22	30
7	Rr	9842	0.354	22	35
7	Rr	10163	0.366	22	40
7	Rr	9882	0.355	22	45
7	Rr	9226	0.332	22	50
7	Rr	9907	0.356	22	55
7	Rr	9862	0.355	23	00
7	Rr	9394	0.338	23	05
7	Rr	10587	0.381	23	10
7	Rr	10302	0.371	23	15
7	Rr	12109	0.436	23	20
7	Rr	9564	0.344	23	25
7	Rr	8022	0.289	23	30
7	Rr	7497	0.270	23	35
7	Rr	8554	0.308	23	40
7	Rr	9176	0.330	23	45
7	Rr	9819	0.353	23	50
7	Rr	8921	0.321	23	55
o	*f	0R	r
o	lRQ	1	2779748	2711211322	[unresolved numerical addresses]
Z	*f	-20R	r
Z	lRb	1	139354	2.566	66.249
Z	lRb	1	102834	1.794	34
Z	lRb	1	88986	3.582	98
Z	lRb	1	73960	2.524	51
Z	lRb	1	72704	2.025	35
Z	lRb	1	60235	0.003	205.254
Z	lRb	1	49466	1.170	104
Z	lRb	1	49446	1.401	69
Z	lRb	1	47894	2.897	54
Z	lRb	1	43339	0.506	49
Z	lRb	1	41955	0.734	47
Z	lRb	1	41614	0.000	216.147
Z	lRb	1	40770	0.001	66.9
Z	lRb	1	40088	1.032	52
Z	lRb	1	37564	2.331	40
Z	lRb	1	36288	0.945	123
Z	lRb	1	33185	0.050	129.222
Z	lRb	1	32464	1.160	76
Z	lRb	1	31777	0.344	45
Z	lRb	1	29288	2.596	70
Z	lRb	1	1686537	72.338	[not listed: 9656]
S	*f	-50P	r
S	Rb	9667	0.003	66.249.66.195
S	Rb	8854	0.000	66.249.66.196
S	Rb	7260	0.000	66.249.66.197
S	Rb	6736	0.000	66.249.66.72
S	Rb	6159	0.222	216.244.66.229
S	Rb	5690	0.000	66.249.66.73
S	Rb	5451	0.001	66.249.66.74
S	Rb	4869	0.107	68.66.226.98
S	Rb	4702	0.294	14.33.246.211
S	Rb	4429	0.027	162.55.85.223
S	Rb	3588	0.000	66.249.66.166
S	Rb	3521	0.097	51.222.253.16
S	Rb	3506	0.120	51.222.253.7
S	Rb	3374	0.121	51.222.253.1
S	Rb	3311	0.115	51.222.253.15
S	Rb	3282	0.106	51.222.253.6
S	Rb	3270	0.117	51.222.253.5
S	Rb	3270	0.121	51.222.253.18
S	Rb	3254	0.076	40.88.21.235
S	Rb	3248	0.184	192.99.15.146
S	Rb	3243	0.107	51.222.253.14
S	Rb	3056	0.000	70.121.167.44
S	Rb	2542	0.020	49.7.20.111
S	Rb	2489	0.009	49.7.20.105
S	Rb	2486	0.009	78.129.149.5
S	Rb	2480	0.000	82.16.45.40
S	Rb	2267	0.000	66.249.66.164
S	Rb	2121	0.000	66.249.66.165
S	Rb	2043	0.028	212.99.44.81
S	Rb	2011	0.014	52.35.20.1
S	Rb	1992	0.051	66.249.75.109
S	Rb	1829	0.111	37.59.14.116
S	Rb	1781	0.161	75.98.173.33
S	Rb	1736	0.215	79.125.27.96
S	Rb	1597	0.097	78.155.138.20
S	Rb	1566	0.000	62.194.247.203
S	Rb	1551	0.011	195.191.219.132
S	Rb	1543	0.055	199.21.99.79
S	Rb	1534	0.016	52.35.117.102
S	Rb	1489	0.009	195.191.219.131
S	Rb	1467	0.000	49.7.20.135
S	Rb	1459	0.008	92.249.127.111
S	Rb	1373	0.003	34.73.206.133
S	Rb	1352	0.045	49.7.20.102
S	Rb	1330	0.014	109.102.111.58
S	Rb	1326	0.000	35.173.236.178
S	Rb	1304	0.144	5.196.13.127
S	Rb	1285	0.033	144.76.27.118
S	Rb	1276	0.089	208.115.113.82
S	Rb	1270	0.048	95.108.248.29
S	Rb	2627509	96.992	[not listed: 127359]
s	*FR	2013	12	18	21	53
s	*LR	2025	06	01	03	11
s	*f	-20R	s
s	lRS	1	933018	844	http://www.gtaeronautics.com/
s	lRS	1	347139	395	http://gtaeronautics.com/
s	lRS	1	15608	7	https://www.google.com/
s	lRS	1	380	2	https://duckduckgo.com/
s	lRS	1	2065	0	http://www.google.com/
s	lRS	1	1407	0	http://www.baidu.com/
s	lRS	1	1364	0	https://m.baidu.com/
s	lRS	1	1159	0	http://www.trainingindustry.com/
s	lRS	1	935	0	https://www.bing.com/
s	lRS	1	772	0	https://google.com/
s	lRS	1	613	0	https://quark.sm.cn/
s	lRS	1	609	0	http://www.mfgpages.com/
s	lRS	1	604	0	http://www.openfos.com/
s	lRS	1	580	0	http://baidu.com/
s	lRS	1	549	0	https://www.griffinarchitectspa.com/
s	lRS	1	517	0	http://www.topicway.com/
s	lRS	1	462	0	http://anti-crisis-seo.com/
s	lRS	1	420	0	http://122.144.179.12/
s	lRS	1	415	0	https://www.thomasnet.com/
s	lRS	1	395	0	http://uptime.com/
s	lRS	1	54144	7	[not listed: 4492]
f	*FR	2013	12	18	21	53
f	*LR	2025	06	01	03	11
f	*f	-30R	s
f	lRS	1	717805	700	http://www.gtaeronautics.com/
f	lRS	1	169345	174	http://gtaeronautics.com/
f	lRS	1	90949	150	http://gtaeronautics.com/CompNews.html
f	lRS	1	11202	53	http://www.gtaeronautics.com/contactus.html
f	lRS	1	7230	29	http://gtaeronautics.com/index.html
f	lRS	1	30656	20	http://www.gtaeronautics.com/aboutus.html
f	lRS	1	7220	14	http://gtaeronautics.com/aboutus.html
f	lRS	1	26409	8	http://www.gtaeronautics.com/index.html
f	lRS	1	14670	6	https://www.google.com/
f	lRS	1	8380	6	http://gtaeronautics.com/contactus.html
f	lRS	1	9734	5	http://www.gtaeronautics.com/ConsultingA.html
f	lRS	1	8731	5	http://www.gtaeronautics.com/compnews.html
f	lRS	1	13033	4	http://www.gtaeronautics.com/UASFC.html
f	lRS	1	9456	4	http://www.gtaeronautics.com/GT380 RPAS.html
f	lRS	1	3248	4	http://gtaeronautics.com/UASFC.html
f	lRS	1	14582	3	http://www.gtaeronautics.com/CCT&M.html
f	lRS	1	10424	3	http://www.gtaeronautics.com/CompNews.html
f	lRS	1	7358	3	http://www.gtaeronautics.com/SRU.html
f	lRS	1	6790	3	http://www.gtaeronautics.com/GT50T RPAS.html
f	lRS	1	6641	3	http://www.gtaeronautics.com/GT1500 RPAS.html
f	lRS	1	6121	3	http://www.gtaeronautics.com/RD.html
f	lRS	1	6021	3	http://www.gtaeronautics.com/pna.html
f	lRS	1	5304	3	http://www.gtaeronautics.com/GT100HL RPAS.html
f	lRS	1	4486	3	http://www.gtaeronautics.com/CFMT.html
f	lRS	1	24018	1	http://gtaeronautics.com/links.html
f	lRS	1	4777	1	http://gtaeronautics.com/ConsultingA.html
f	lRS	1	4710	1	http://gtaeronautics.com/CCT&M.html
f	lRS	1	6289	0	http://gtaeronautics.com/IndNews.html
f	lRS	1	5634	0	http://www.gtaeronautics.com/IndNews.html
f	lRS	1	4662	0	http://www.gtaeronautics.com/consultinga.html
f	lRS	1	117270	43	[not listed: 5263]
n	*FR	2013	12	19	00	28
n	*LR	2020	10	14	09	11
n	*f	0.500000%Q	s
n	Rq	1	20.767	kit
n	Rq	2	41.534	crew
n	Rq	1	20.767	method
n	Rq	28	56.258	aeronautical
n	Rq	1	20.767	airplane.com
n	Rq	5	103.834	faa
n	Rq	40	180.859	gt
n	Rq	1	20.767	moldings
n	Rq	1	20.767	taranis
n	Rq	1	20.767	twin
n	Rq	2	20.767	installerex
n	Rq	2	20.767	http://gtaeronautics.com/
n	Rq	20	7.362	in
n	Rq	1	20.767	scale
n	Rq	1	20.767	observer
n	Rq	1	20.767	drawing?
n	Rq	2	20.767	is
n	Rq	1	20.767	making
n	Rq	2	41.534	fiber
n	Rq	1	20.767	mitsubishi
n	Rq	1	20.767	fuze
n	Rq	1	20.767	http://www.gtaeronautics.com/indnews.html
n	Rq	1	20.767	consultant
n	Rq	92	20.767	semalt.com
n	Rq	15	83.068	manufacturing
n	Rq	1	20.767	2
n	Rq	1	20.767	base
n	Rq	14	90.430	6
n	Rq	1	20.767	http://gtaeronautics.com/indnews.html
n	Rq	1	20.767	always
n	Rq	28	118.558	engineering
n	Rq	1	20.767	northrop
n	Rq	1	20.767	bandwidth
n	Rq	1	20.767	vegas
n	Rq	3	41.534	basic
n	Rq	1	20.767	qinetiq
n	Rq	1	20.767	tooling
n	Rq	1	20.767	heavy
n	Rq	1	20.767	on
n	Rq	9	166.135	drawings
n	Rq	1	20.767	fia
n	Rq	4	20.767	louis%20vuitton%20fashion%20valley%20phone%20number
n	Rq	3	62.301	rullman
n	Rq	3	20.767	llc
n	Rq	1	20.767	cowling
n	Rq	32	62.301	sale
n	Rq	64	124.601	outlet
n	Rq	1	20.767	rotax
n	Rq	1	20.767	ucav
n	Rq	28	97.792	texan
n	Rq	1	20.767	a
n	Rq	2	20.767	customer
n	Rq	1	20.767	rpa
n	Rq	2	41.534	110cc
n	Rq	30	20.767	designer
n	Rq	20	103.834	www.gtaeronautics.com
n	Rq	1	20.767	work
n	Rq	1	20.767	thomas
n	Rq	1	20.767	engie
n	Rq	1	20.767	qualification
n	Rq	1	20.767	custom
n	Rq	1	20.767	mk3
n	Rq	1	20.767	t
n	Rq	1	20.767	w
n	Rq	1	20.767	uavs
n	Rq	2	20.767	satisfaction
n	Rq	2	41.534	x
n	Rq	1	20.767	crews
n	Rq	3	20.767	photos
n	Rq	1	20.767	finnemeccia
n	Rq	2	41.534	glass
n	Rq	1	62.301	to
n	Rq	5	103.834	engineer
n	Rq	1	20.767	government
n	Rq	1	20.767	gcs
n	Rq	1	20.767	operator
n	Rq	1	20.767	with
n	Rq	6	124.601	aircraft
n	Rq	97	41.534	number
n	Rq	4	62.301	for
n	Rq	2	41.534	aero
n	Rq	1	20.767	december
n	Rq	9	41.534	equipment
n	Rq	2	41.534	engine
n	Rq	1	20.767	mq1
n	Rq	2	41.534	wy
n	Rq	1	20.767	custum
n	Rq	1	20.767	g.t
n	Rq	1	20.767	mechanics
n	Rq	1	41.534	motors
n	Rq	1	20.767	tdw
n	Rq	32	103.834	luggage
n	Rq	1	20.767	opportunities
n	Rq	175	152.730	vuitton
n	Rq	1	62.301	the
n	Rq	1	20.767	show
n	Rq	1	20.767	luggages
n	Rq	1	20.767	stroke
n	Rq	2	20.767	explore
n	Rq	39	41.534	handbags
n	Rq	2	41.534	electric
n	Rq	1	41.534	air
n	Rq	1	20.767	space
n	Rq	1	20.767	quote
n	Rq	1	20.767	require
n	Rq	1	20.767	mpp
n	Rq	4	41.534	jobs
n	Rq	5	103.834	uas
n	Rq	1	20.767	anything
n	Rq	1	20.767	china
n	Rq	1	20.767	airplane
n	Rq	10	7.362	uav
n	Rq	2	20.767	wmaid.com
n	Rq	3	83.068	drone
n	Rq	2	20.767	facebook
n	Rq	7	145.368	fiberglass
n	Rq	1	20.767	college
n	Rq	4	83.068	onboard
n	Rq	3	41.534	gtaeronautics.com
n	Rq	1	20.767	qulificationa
n	Rq	21	69.663	simi
n	Rq	1	20.767	and
n	Rq	5	62.301	flight
n	Rq	17	69.663	at6
n	Rq	1	20.767	xtreme
n	Rq	1	20.767	maintenance
n	Rq	1	20.767	cody
n	Rq	1	20.767	any
n	Rq	1	20.767	tom
n	Rq	1	20.767	systems
n	Rq	1	20.767	payload
n	Rq	2	41.534	gta
n	Rq	2	20.767	granger
n	Rq	8	145.368	extreme
n	Rq	6	103.834	molding
n	Rq	2	20.767	easylifeapp
n	Rq	1	20.767	rating
n	Rq	2	20.767	whitelaw
n	Rq	126	145.368	fashion
n	Rq	2	41.534	ice
n	Rq	2	20.767	http://www.gtaeronautics.com/compnews.html
n	Rq	5	41.534	engineers
n	Rq	3	41.534	composite
n	Rq	1	20.767	skyforce
n	Rq	1	20.767	eengineer
n	Rq	175	152.730	louis
n	Rq	4	83.068	starter
n	Rq	8	20.767	store
n	Rq	14	83.068	cheap
n	Rq	10	186.902	bme
n	Rq	1	20.767	diamond
n	Rq	1	20.767	america2009
n	Rq	7	20.767	content
n	Rq	2	41.534	aeronautic
n	Rq	1	20.767	challenge
n	Rq	1	20.767	piece
n	Rq	1	20.767	how
n	Rq	1	20.767	male
n	Rq	2	41.534	design
n	Rq	2	41.534	flying
n	Rq	1	20.767	carbon
n	Rq	1	20.767	operation
n	Rq	2	20.767	profile
n	Rq	1	20.767	tomas
n	Rq	1	20.767	cia
n	Rq	1	20.767	hummingbird
n	Rq	1	20.767	iron
n	Rq	1	20.767	california
n	Rq	1	20.767	amphibian
n	Rq	1	20.767	110
n	Rq	1	20.767	mentioned
n	Rq	1	20.767	111
n	Rq	1	20.767	over
n	Rq	25	56.258	http://www.gtaeronautics.com/
n	Rq	1	20.767	google.com
n	Rq	1	20.767	fuel
n	Rq	2	20.767	inc
n	Rq	1	20.767	handbag.com
n	Rq	1	20.767	da42
n	Rq	2	41.534	certification
n	Rq	1	20.767	2015
n	Rq	1	20.767	timing
n	Rq	1	20.767	home
n	Rq	1	20.767	aerospacecompanies
n	Rq	1	20.767	anti
n	Rq	1	20.767	ziroli
n	Rq	1	20.767	sketches
n	Rq	5	20.767	purses
n	Rq	1	20.767	downlink
n	Rq	3	20.767	aeronotics
n	Rq	1	20.767	nanotechnology
n	Rq	1	20.767	zephyr
n	Rq	4	20.767	wyoming
n	Rq	2	20.767	technology
n	Rq	3	62.301	companies
n	Rq	1	20.767	muffler
n	Rq	2	20.767	avia
n	Rq	2	20.767	what
n	Rq	145	194.264	valley
n	Rq	1	20.767	microwave
n	Rq	1	20.767	mold
n	Rq	5	83.068	pglm
n	Rq	1	20.767	specialist
n	Rq	23	14.724	drawing
n	Rq	1	20.767	tool
n	Rq	1	20.767	security
n	Rq	6	41.534	prototypes
n	Rq	1	20.767	giant
n	Rq	1	20.767	powell
n	Rq	8	145.368	aerospace
n	Rq	34	139.325	aeronautics
n	Rq	4	83.068	unmanned
n	Rq	1	20.767	radius
n	Rq	1	20.767	zero
n	Rq	1	20.767	tobbot
n	Rq	2	41.534	neverfull
n	Rq	2	41.534	job
n	Rq	1	20.767	onbordstarter
n	Rq	1	41.534	as
n	Rq	20	83.068	ca
n	Rq	13	69.663	at
n	Rq	5	103.834	techniques
n	Rq	1	20.767	does
n	Rq	1	20.767	commercial
n	Rq	1	20.767	www.gt
n	Rq	1	20.767	de
n	Rq	1	20.767	co
n	Rq	1	20.767	speedy
n	Rq	1	20.767	rpas
n	Rq	2	41.534	instrument
n	Rq	1	20.767	do
n	Rq	1	20.767	efi
n	Rq	3	62.301	training
n	Rq	1	20.767	quotation
n	Rq	1	20.767	careers
n	Rq	3	62.301	pilot
n	Rq	9	166.135	bandito
n	Rq	4	83.068	quotes
n	Rq	107	83.068	phone
n	Rq	1	20.767	stations
n	Rq	1	20.767	traing
N	*FR	2013	12	19	00	28
N	*LR	2020	10	14	09	11
N	*f	-200Q	s
N	RQ	9	4007539899	at 6 texan
N	RQ	8	3562257688	at6 texan
N	RQ	7	2671693266	bme extreme
N	RQ	7	2671693266	aerospace engineering drawings
N	RQ	20	2226411055	www.gtaeronautics.com
N	RQ	20	1938983658	gt aeronautics
N	RQ	6	1781128844	texan at6
N	RQ	5	1781128844	bandito pglm
N	RQ	3	1335846633	bandito uav
N	RQ	3	1335846633	onboard starter
N	RQ	25	1206274050	http://www.gtaeronautics.com/
N	RQ	14	1048419236	aeronautical engineering drawing
N	RQ	2	890564422	fiberglass molding techniques
N	RQ	6	890564422	manufacturing aeronautical prototypes
N	RQ	19	890564422	louis vuitton luggage outlet
N	RQ	10	890564422	louis vuitton fashion valley phone
N	RQ	97	890564422	louis vuitton fashion valley phone number
N	RQ	2	890564422	texan at 6
N	RQ	18	890564422	louis vuitton fashion valley ca
N	RQ	1	445282211	uavs flying over simi valley ca
N	RQ	1	445282211	gt aeronautics simi valley california
N	RQ	1	445282211	aeronautical engineer quote
N	RQ	1	445282211	does aeronautical engineering require drawing?
N	RQ	1	445282211	how to do gt in engineering drawing
N	RQ	2	445282211	http://gtaeronautics.com/
N	RQ	1	445282211	the government college g.t aeronautics
N	RQ	1	445282211	bme engine
N	RQ	1	445282211	uas gcs
N	RQ	1	445282211	http://www.gtaeronautics.com/indnews.html
N	RQ	92	445282211	semalt.com
N	RQ	1	445282211	aero iron mentioned nanotechnology hummingbird uav
N	RQ	1	445282211	basic fiberglass techniques
N	RQ	1	445282211	http://gtaeronautics.com/indnews.html
N	RQ	1	445282211	finnemeccia co
N	RQ	2	445282211	drawing for customer satisfaction
N	RQ	1	445282211	cheap louis vuitton speedy handbag.com
N	RQ	1	445282211	at 6
N	RQ	1	445282211	quotation specialist engineer drawings
N	RQ	1	445282211	challenge xtreme 111 piece mechanics tool kit
N	RQ	1	445282211	uav commercial crew stations
N	RQ	1	445282211	da42 mpp microwave downlink bandwidth
N	RQ	1	445282211	anti ice de ice qinetiq zephyr
N	RQ	4	445282211	louis%20vuitton%20fashion%20valley%20phone%20number
N	RQ	1	445282211	faa uas pilot certification
N	RQ	1	445282211	any flying crews in gta
N	RQ	1	445282211	fiber glass molding job
N	RQ	1	445282211	aerospace drawing
N	RQ	1	445282211	aircraft design consultant
N	RQ	1	445282211	www.gt airplane.com
N	RQ	3	445282211	gt in aeronotics
N	RQ	1	445282211	tom rullman
N	RQ	1	445282211	gt aeronautics simi valley ca
N	RQ	1	445282211	drone base in simi valley
N	RQ	1	445282211	fiberglass mold making techniques
N	RQ	1	445282211	rpa instrument qualification faa instrument rating
N	RQ	1	445282211	extreme bme
N	RQ	1	445282211	uas faa maintenance
N	RQ	1	445282211	louis vuitton neverfull
N	RQ	1	445282211	fiberglass techniques
N	RQ	1	445282211	aircraft companies in simi valley
N	RQ	1	445282211	custom fiberglass moldings
N	RQ	1	445282211	anything
N	RQ	11	445282211	louis vuitton luggage cheap
N	RQ	1	445282211	aeronautical engineering sketches
N	RQ	1	445282211	gtaeronautics.com
N	RQ	1	445282211	giant scale ziroli at 6
N	RQ	9	445282211	outlet louis vuitton handbags
N	RQ	1	445282211	cowling drawing
N	RQ	1	445282211	mitsubishi zero
N	RQ	1	445282211	powell wy gt aeronautics
N	RQ	2	445282211	what is gt in basic engineering drawing
N	RQ	2	445282211	composite molding
N	RQ	1	445282211	aeronautics in simi valley and security work
N	RQ	3	445282211	gt aeronautics llc jobs
N	RQ	1	445282211	crew flight gta
N	RQ	1	445282211	110cc engine timing
N	RQ	1	445282211	aeronautical engineer quotes
N	RQ	2	445282211	http://www.gtaeronautics.com/compnews.html
N	RQ	4	445282211	wyoming flight engineers
N	RQ	1	445282211	a t 6
N	RQ	1	445282211	gt aeronautics unmanned air
N	RQ	1	445282211	fia gt composite tooling
N	RQ	1	445282211	uas pilot certification
N	RQ	1	445282211	quotes on aeronautical engineers
N	RQ	1	445282211	payload for diamond northrop twin engie aircraft
N	RQ	7	445282211	content
N	RQ	1	445282211	bme 110
N	RQ	1	445282211	thomas w rullman gt aeronautics
N	RQ	1	445282211	luggages for sale
N	RQ	2	445282211	easylifeapp profile
N	RQ	2	445282211	simi gt
N	RQ	1	445282211	mq1 design fuel
N	RQ	1	445282211	airplane as always cia america2009
N	RQ	1	445282211	heavy equipment operator jobs
N	RQ	1	445282211	eengineer drawing home
N	RQ	1	445282211	cheap louis vuitton luggage
N	RQ	1	445282211	aero space drone simi valley
N	RQ	1	445282211	2 stroke electric onboard starter
N	RQ	1	445282211	simi valley unmanned aircraft
N	RQ	1	445282211	skyforce observer mk3
N	RQ	2	445282211	granger whitelaw avia
N	RQ	1	445282211	louis vuitton fashion valley neverfull
N	RQ	1	445282211	louis vuitton job opportunities
N	RQ	1	445282211	google.com
N	RQ	1	445282211	uas operation training method
N	RQ	2	445282211	wmaid.com explore gtaeronautics.com
N	RQ	1	445282211	custum muffler 110cc
N	RQ	1	445282211	glass manufacturing drawings
N	RQ	1	445282211	electric motors x male uav x sale
N	RQ	1	445282211	aerospacecompanies in simi valley
N	RQ	1	445282211	fiberglass molding
N	RQ	2	445282211	aeronautical technology inc
N	RQ	1	445282211	taranis ucav
N	RQ	1	445282211	vegas drone uav show december 2015
N	RQ	1	445282211	uav companies in simi valley
N	RQ	1	445282211	unmanned aircraft systems pilot training
N	RQ	2	445282211	installerex facebook
N	RQ	3	445282211	texan at6 photos
N	RQ	1	445282211	aeronautic engineer
N	RQ	30	445282211	designer handbags outlet sale
N	RQ	1	445282211	rpas qulificationa traing with faa
N	RQ	1	445282211	faa uav training
N	RQ	1	445282211	uav companies simi valley
N	RQ	5	445282211	louis vuitton purses outlet
N	RQ	1	445282211	aeronautics
N	RQ	1	445282211	cheap louis vuitton luggage outlet
N	RQ	1	445282211	gt aeronautics tomas rullman
N	RQ	1	445282211	tobbot
N	RQ	1	445282211	radius tdw efi fuze
N	RQ	8	445282211	manufacturing equipment store in simi valley
N	RQ	1	445282211	onbordstarter
N	RQ	1	445282211	aeronautic engineer quotes
N	RQ	1	445282211	rotax amphibian unmanned china
N	RQ	1	445282211	aeronautical engineering quotes
N	RQ	1	445282211	drawing aircraft engineering
N	RQ	1	445282211	gt aeronautics careers
N	RQ	1	445282211	gt aeronautics bandito
N	RQ	1	445282211	cody wy carbon fiber
B	*f	-40R	r
B	Rb	175602	0.000	Mozilla/5.0 (Windows NT 6.1; Win64; x64; rv:109.0) Gecko/20100101 Firefox/115.0
B	Rb	92174	2.898	Mozilla/5.0 (compatible; AhrefsBot/7.0;  http://ahrefs.com/robot/)
B	Rb	75408	1.116	Sogou web spider/4.0( http://www.sogou.com/docs/help/webmasters.htm#07)
B	Rb	72012	1.638	ZoominfoBot (zoominfobot at zoominfo dot com)
B	Rb	64048	1.266	Mozilla/5.0 (compatible; Googlebot/2.1;  http://www.google.com/bot.html)
B	Rb	40898	4.266	Mozilla/5.0 (compatible; bingbot/2.0;  http://www.bing.com/bingbot.htm)
B	Rb	31245	2.168	Mozilla/5.0 (Windows NT 6.3; WOW64) AppleWebKit/537.36 (KHTML, like Gecko) Chrome/33.0.1736.0 Safari/537.36
B	Rb	27774	0.266	Googlebot-Image/1.0
B	Rb	23094	0.026	Mozilla/5.0 (iPhone; CPU iPhone OS 13_2_3 like Mac OS X) AppleWebKit/605.1.15 (KHTML, like Gecko) Version/13.0.3 Mobile/15E148 Safari/604.1
B	Rb	20975	0.000	Mozilla/5.0 AppleWebKit/537.36 (KHTML, like Gecko; compatible; bingbot/2.0;  http://www.bing.com/bingbot.htm) Chrome/116.0.1938.76 Safari/537.36
B	Rb	16702	0.000	Mozilla/5.0 (Linux; Android 5.0) AppleWebKit/537.36 (KHTML, like Gecko) Mobile Safari/537.36 (compatible; Bytespider; spider-feedback@bytedance.com)
B	Rb	16326	0.954	Mozilla/4.0 (compatible; MSIE 6.0; Windows NT 5.1; SV1)
B	Rb	15322	0.333	Mozilla/5.0 (Macintosh; Intel Mac OS X 10_15_5) AppleWebKit/605.1.15 (KHTML, like Gecko) Version/13.1.1 Safari/605.1.15 (Applebot/0.1;  http://www.apple.com/go/applebot)
B	Rb	14790	1.399	Mozilla/5.0 (compatible; YandexBot/3.0;  http://yandex.com/bots)
B	Rb	14449	0.000	Mozilla/5.0 (Windows NT 10.0; Win64; x64) AppleWebKit/537.36 (KHTML, like Gecko) Chrome/120.0.0.0 Safari/537.36
B	Rb	14195	0.013	Mozilla/5.0 (Windows NT 10.0; Win64; x64; rv:109.0) Gecko/20100101 Firefox/111.0
B	Rb	13947	0.000	Mozilla/5.0 (compatible; Bytespider; spider-feedback@bytedance.com) AppleWebKit/537.36 (KHTML, like Gecko) Chrome/70.0.0.0 Safari/537.36
B	Rb	13488	0.000	Mozilla/5.0 (Windows NT 10.0; Win64; x64) AppleWebKit/537.36 (KHTML, like Gecko) Chrome/114.0.0.0 Safari/537.36
B	Rb	12964	1.355	Mozilla/5.0 (iPhone; CPU iPhone OS 7_0 like Mac OS X) AppleWebKit/537.51.1 (KHTML, like Gecko) Version/7.0 Mobile/11A465 Safari/9537.53 (compatible; bingbot/2.0;  http://www.bing.com/bingbot.htm)
B	Rb	12360	0.689	Mozilla/5.0 (compatible; Baiduspider/2.0;  http://www.baidu.com/search/spider.html)
B	Rb	11961	0.000	Mozilla/5.0 (Windows NT 10.0; Win64; x64) AppleWebKit/537.36 (KHTML, like Gecko) Chrome/134.0.0.0 Safari/537.36
B	Rb	11816	0.424	Mozilla/5.0 (Macintosh; Intel Mac OS X 10.11; rv:52.0) Gecko/20100101 Firefox/52.0
B	Rb	11350	0.000	Mozilla/5.0 (Windows NT 10.0; Win64; x64) AppleWebKit/537.36 (KHTML, like Gecko) Chrome/124.0.0.0 Safari/537.36
B	Rb	11132	0.400	Mozilla/5.0 (Windows NT 5.1; rv:17.0) Gecko/20100101 Firefox/17.0
B	Rb	10947	0.000	Mozilla/5.0 (Windows NT 10.0; Win64; x64) AppleWebKit/537.36 (KHTML, like Gecko) Chrome/131.0.0.0 Safari/537.36
B	Rb	10631	0.616	Mozilla/5.0 (Windows NT 6.1; WOW64; Trident/7.0; rv:11.0) like Gecko
B	Rb	10516	0.000	Mozilla/5.0 (Windows NT 10.0; Win64; x64) AppleWebKit/537.36 (KHTML, like Gecko) Chrome/122.0.0.0 Safari/537.36
B	Rb	10008	0.000	Mozilla/5.0 (Windows NT 10.0; Win64; x64) AppleWebKit/537.36 (KHTML, like Gecko) Chrome/121.0.0.0 Safari/537.36
B	Rb	9754	0.220	Mozilla/5.0 (Linux; Android 6.0.1; Nexus 5 Build/MRA58N) AppleWebKit/537.36(KHTML, like Gecko) Chrome/66.0.3359.30 Mobile Safari/537.36
B	Rb	9648	0.435	Mozilla/5.0 AppleWebKit/537.36 (KHTML, like Gecko; compatible; bingbot/2.0;  http://www.bing.com/bingbot.htm) Chrome/103.0.5060.134 Safari/537.36
B	Rb	8932	0.067	Mozilla/5.0 (Windows NT 10.0; Win64; x64) AppleWebKit/537.36 (KHTML, like Gecko) Chrome/113.0.0.0 Safari/537.36
B	Rb	8617	0.246	Mozilla/5.0 (compatible; MJ12bot/v1.4.8; http://mj12bot.com/)
B	Rb	8582	0.000	Mozilla/5.0 (Macintosh; Intel Mac OS X 10_15_7) AppleWebKit/605.1.15 (KHTML, like Gecko) Version/17.4 Safari/605.1.15 (Applebot/0.1;  http://www.apple.com/go/applebot)
B	Rb	8545	0.286	Mozilla/5.0 (Windows NT 10.0; Win64; x64) AppleWebKit/537.36 (KHTML, like Gecko) Chrome/109.0.0.0 Safari/537.36
B	Rb	8273	0.479	PRurl
B	Rb	8260	0.170	Mozilla/5.0 (compatible; Dataprovider.com)
B	Rb	8061	0.886	Mozilla/4.0 (compatible; MSIE 7.0; Windows NT 5.1; .NET CLR 1.1.4322; .NET CLR 2.0.50727)
B	Rb	7951	0.000	Mozilla/5.0 (Windows NT 10.0; Win64; x64) AppleWebKit/537.36 (KHTML, like Gecko) Chrome/116.0.0.0 Safari/537.36
B	Rb	7887	0.190	Mozilla/5.0 (compatible; BLEXBot/1.0;  http://webmeup-crawler.com/)
B	Rb	7716	0.162	Mozilla/5.0 (Linux; Android 7.0;) AppleWebKit/537.36 (KHTML, like Gecko) Mobile Safari/537.36 (compatible; PetalBot; https://webmaster.petalsearch.com/site/petalbot)
B	Rb	1804651	77.032	[not listed: 24536]
b	*f	-15Q	s
b	lRQq	1	569563	3847708605	112.180	Netscape (compatible)
b	lRQq	1	368	4007539899	116.840	Googlebot
b	lRQq	2	170	2671693266	77.893	Googlebot/2
b	lRQq	2	7	890564422	25.964	Googlebot/Nutch-2
b	lRQq	1	8664	3647104386	106.331	python-requests
b	lRQq	2	8646	3489249572	101.729	python-requests/2
b	lRQq	2	12	3562257688	103.857	python-requests/1
b	lRQq	2	6	890564422	25.964	python-requests/0
b	lRQq	1	53	4007539899	116.840	com.google.android.apps.searchlite
b	lRQq	2	4	445282211	12.982	com.google.android.apps.searchlite/1056791
b	lRQq	2	2	890564422	25.964	com.google.android.apps.searchlite/484573
b	lRQq	2	6	445282211	12.982	com.google.android.apps.searchlite/784321
b	lRQq	2	25	445282211	12.982	com.google.android.apps.searchlite/763965
b	lRQq	2	6	445282211	12.982	com.google.android.apps.searchlite/914689
b	lRQq	2	6	445282211	12.982	com.google.android.apps.searchlite/602374
b	lRQq	2	1	445282211	12.982	com.google.android.apps.searchlite/677613
b	lRQq	2	3	445282211	12.982	com.google.android.apps.searchlite/426028
b	lRQq	1	2844	4165394713	121.442	axios
b	lRQq	2	2693	2226411055	64.911	axios/0
b	lRQq	2	151	1938983658	56.531	axios/1
b	lRQq	1	265	4007539899	116.840	NetworkingExtension
b	lRQq	2	147	1781128844	51.929	NetworkingExtension/8619
b	lRQq	2	76	1335846633	38.947	NetworkingExtension/8618
b	lRQq	2	30	445282211	12.982	NetworkingExtension/8620
b	lRQq	2	12	445282211	12.982	NetworkingExtension/8621
b	lRQq	1	30	4007539899	116.840	LWP::Simple
b	lRQq	2	17	2226411055	64.911	LWP::Simple/6
b	lRQq	2	13	1781128844	51.929	LWP::Simple/5
b	lRQq	1	253	4007539899	116.840	"Mozilla
b	lRQq	2	253	4007539899	116.840	"Mozilla/5
b	lRQq	1	4018	3877967316	113.062	Scrapy
b	lRQq	2	6	2226411055	64.911	Scrapy/0
b	lRQq	2	248	1493701447	43.549	Scrapy/1
b	lRQq	2	3764	157854814	4.602	Scrapy/2
b	lRQq	1	190	3748394733	109.284	MobileSafari
b	lRQq	2	19	3274830291	95.477	MobileSafari/604
b	lRQq	2	38	2226411055	64.911	MobileSafari/8614
b	lRQq	2	92	2226411055	64.911	MobileSafari/8615
b	lRQq	2	3	2226411055	64.911	MobileSafari/602
b	lRQq	2	1	1335846633	38.947	MobileSafari/601
b	lRQq	2	6	890564422	25.964	MobileSafari/8612
b	lRQq	2	2	890564422	25.964	MobileSafari/9537
b	lRQq	2	6	445282211	12.982	MobileSafari/8620
b	lRQq	2	6	445282211	12.982	MobileSafari/8621
b	lRQq	2	6	445282211	12.982	MobileSafari/8617
b	lRQq	2	5	445282211	12.982	MobileSafari/8618
b	lRQq	2	6	445282211	12.982	MobileSafari/8619
b	lRQq	1	448	3720112502	108.460	Wget
b	lRQq	2	448	3720112502	108.460	Wget/1
b	lRQq	1	154	3720112502	108.460	User-Agent: Mozilla
b	lRQq	2	154	3720112502	108.460	User-Agent: Mozilla/5
b	lRQq	1	23	3562257688	103.857	WhatsApp
b	lRQq	2	23	3562257688	103.857	WhatsApp/2
b	lRQq	1	36	3562257688	103.857	Firefox
b	lRQq	2	24	890564422	25.964	Firefox/2
b	lRQq	2	1	445282211	12.982	Firefox/1
b	lRQq	2	1	445282211	12.982	Firefox/42
b	lRQq	2	5	445282211	12.982	Firefox/33
b	lRQq	2	1	445282211	12.982	Firefox/3
b	lRQq	1	14	3562257688	103.857	PycURL
b	lRQq	2	14	3562257688	103.857	PycURL/7
b	lRQq	1	2176088	1813257413	52.865	[not listed: 972]
p	*f	0Q	s
p	lR	1	1344144	Windows
p	lR	2	557092	Windows NT
p	lR	2	511187	Unknown Windows
p	lR	2	259320	Windows XP
p	lR	2	2238	Windows 95
p	lR	2	431	Windows CE
p	lR	2	2397	Windows 98
p	lR	2	9649	Windows 2000
p	lR	2	389	Windows 3.1
p	lR	2	1441	Windows ME
p	lR	1	265951	Unix
p	lR	2	261046	Linux
p	lR	2	22	SunOS
p	lR	2	84	BSD
p	lR	2	4796	Other Unix
p	lR	2	3	HP-UX
p	lR	1	321719	Macintosh
p	lR	2	310735	Unknown Macintosh
p	lR	2	7688	Macintosh 68k
p	lR	2	3296	Macintosh PowerPC
p	lR	1	502582	OS unknown
p	lR	1	328532	Known robots
p	lR	1	16	WebTV
p	lR	1	13	BeOS
p	lR	1	47	OS/2
p	lR	1	7	Amiga
i	*f	0R	s
i	lRc	1	1281447	0.000	[root directory]
i	lRc	1	1116594	0.000	/images/
i	lRc	1	232804	0.000	/js/
i	lRc	1	27402	0.000	/uploads/
i	lRc	1	119677	0.000	/css/
i	lRc	1	865	0.000	/videos/
i	lRc	1	541	0.000	/client/
i	lRc	1	1	0.000	/cgi-bin/
i	lRc	1	6	0.000	/databases/
i	lRc	1	336	0.000	/dev/
i	lRc	2	24	0.000	/dev/css/
i	lRc	2	46	0.000	/dev/js/
i	lRc	2	81	0.000	/dev/images/
i	lRc	1	1	0.000	/secure/
i	lRc	1	74	0.000	/stats/
r	*FR	2007	12	18	17	11
r	*LR	2025	06	01	03	18
r	*f	0.050000%S	s
r	lRSc	1	35376	40	0.000	/consultinga.html
r	lRSc	1	52013	37	0.000	/aboutus.html
r	lRSc	1	52631	36	0.000	/compnews.html
r	lRSc	1	40792	29	0.000	/contactus.html
r	lRSc	1	26169	28	0.000	/faq.html
r	lRSc	1	30038	26	0.000	/indevents.html
r	lRSc	1	24424	25	0.000	/sru.html
r	lRSc	1	18323	24	0.000	/gt50t+rpas.html
r	lRSc	1	51679	24	0.000	/links.html
r	lRSc	1	32761	23	0.000	/cfmt.html
r	lRSc	1	38132	22	0.000	/uasfc.html
r	lRSc	1	19230	21	0.000	/gt380+rpas.html
r	lRSc	1	33688	20	0.000	/cct&m.html
r	lRSc	1	18922	20	0.000	/gt1500+rpas.html
r	lRSc	1	30813	20	0.000	/pna.html
r	lRSc	1	14917	17	0.000	/gt100hl+rpas.html
r	lRSc	1	26145	13	0.000	/employment.html
r	lRSc	1	2681	10	0.000	/uploads/bighornbasindronefestivalflyer-v2-220110.pdf
r	lRSc	1	34766	9	0.000	/indnews.html
r	lRSc	2	141	0	0.000	/indnews.html?referer=www.clickfind.com.au/wp-login.php
r	lRSc	2	1	0	0.000	/indnews.html?referer=top1.co.pl
r	lRSc	2	1	0	0.000	/indnews.html?referer=www.clickfind.com.au//wp-content/themes/busybee/thumb.php?src=http://blogger.com.opontodaarte.com.br/java.php
r	lRSc	1	3606	8	0.000	/uploads/idrone-pressrelease-powell-version220119.pdf
r	lRSc	1	2600	8	0.000	/uploads/droneexpojan2022+(1).pdf
r	lRSc	1	2683	7	0.000	/uploads/big+horn+basin+drone+festival+event+schedule.pdf
r	lRSc	1	17686	7	0.000	/rd.html
r	lRSc	1	2172	7	0.000	/uploads/2022wydronefestflyer+rev2.pdf
r	lRSc	1	4409	2	0.000	/bandituas.html
r	lRSc	1	5164	1	0.000	/banditomav.html
r	lRSc	1	5045	1	0.000	/gtatexan.html
r	lRSc	1	5323	1	0.000	/uavengines.html
r	lRSc	1	2	0	0.000	/client/bandit+timeline2004.html
r	lRSc	1	1	0	0.000	/404.htm
r	lRSc	1	12	0	0.000	/client/gta010707002.html
r	lRSc	1	72	0	0.000	/client/bandito+development.html
r	lRSc	1	1	0	0.000	/stats/browserrep.html
r	lRSc	1	741	0	0.000	/gt50t rpas.html
r	lRSc	1	2	0	0.000	/dev/contactus.html
r	lRSc	1	1	0	0.000	/dev/aboutus.html
r	lRSc	1	18	0	0.000	/client/tacamo+development.html
r	lRSc	1	11	0	0.000	/client/rq2+outlaw.html
r	lRSc	1	1	0	0.000	/client/bandit timeline2008.html
r	lRSc	1	15	0	0.000	/client/bandit.html
r	lRSc	1	987	0	0.000	/gtamt.html
r	lRSc	1	2253	0	0.000	/gt1500 rpas.html
r	lRSc	1	4	0	0.000	/client/gta121004001.html
r	lRSc	1	1	0	0.000	/dev/client.cgi
r	lRSc	1	71	0	0.000	/client/bandit+development.html
r	lRSc	1	2	0	0.000	/client/bandito development.html
r	lRSc	1	2	0	0.000	/stats/domain.html
r	lRSc	1	2	0	0.000	/stats/weekly.html
r	lRSc	1	6356	0	0.000	/pridpass.html
r	lRSc	1	1	0	0.000	/dev/pna.html
r	lRSc	1	1	0	0.000	/client/tacamo development.html
r	lRSc	1	4	0	0.000	/stats/index.htm
r	lRSc	1	4	0	0.000	/stats/nav.html
r	lRSc	1	2	0	0.000	/stats/directory.html
r	lRSc	1	2	0	0.000	/stats/organisation.html
r	lRSc	1	7	0	0.000	/client/bandit+timeline2007.html
r	lRSc	1	1	0	0.000	/dev/pridpass.html
r	lRSc	1	1	0	0.000	/client/bandito timeline2007.html
r	lRSc	1	1	0	0.000	/stats/quick.html
r	lRSc	1	135	0	0.000	/client/welcome.html
r	lRSc	1	3	0	0.000	/client/gta021305001.html
r	lRSc	1	5	0	0.000	/client/gta012405001.html
r	lRSc	1	4	0	0.000	/stats/general.html
r	lRSc	1	1	0	0.000	/stats/dailyrep.html
r	lRSc	1	1	0	0.000	/client/bandit development.html
r	lRSc	1	17	0	0.000	/client/bandit+timeline2008.html
r	lRSc	1	1	0	0.000	/client/bandito+timeline2005.html
r	lRSc	1	23	0	0.000	/client/projectbids.html
r	lRSc	1	1	0	0.000	/stats/host.html
r	lRSc	1	20	0	0.000	/client/clientpna.html
r	lRSc	1	2	0	0.000	/stats/default.asp
r	lRSc	1	21	0	0.000	/index.htm
r	lRSc	1	1	0	0.000	/cgi-bin/testms.pl
r	lRSc	1	14	0	0.000	/client/rq1+bandit.html
r	lRSc	1	6	0	0.000	/client/gta021305002.html
r	lRSc	1	24	0	0.000	/client/tacamo.html
r	lRSc	1	30	0	0.000	/client/mgqgcyat.asp
r	lRSc	1	18702	0	0.000	/default.asp
r	lRSc	1	1666	0	0.000	/gt380 rpas.html
r	lRSc	1	1	0	0.000	/client/bandito+timeline2006.html
r	lRSc	1	16	0	0.000	/client/rq3+bandito.html
r	lRSc	1	1	0	0.000	/dev/uasfc.html
r	lRSc	1	229	0	0.000	/client.cgi
r	lRSc	1	2	0	0.000	/stats/yearly.html
r	lRSc	1	1	0	0.000	/stats/monthly.html
r	lRSc	1	8	0	0.000	/client/gta010707001.html
r	lRSc	1	3749	0	0.000	/bidspridpass.html
r	lRSc	1	12	0	0.000	/client/bandito.html
r	lRSc	1	1	0	0.000	/stats/quarterly.html
r	lRSc	1	8	0	0.000	/client/bandito+timeline2007.html
t	*f	0.100000%B	b
t	lRb	1	1018546	43.756	.jpg  [JPEG graphics]
t	lRb	1	634739	26.229	.html [Hypertext Markup Language]
t	lRb	1	577490	18.517	[directories]
t	lRb	1	13660	5.242	.mp4
t	lRb	1	778	2.157	.wmv
t	lRb	1	87	2.118	.mpg  [MPEG movie]
t	lRb	1	18734	0.911	.asp  [Active Server REQUESTS]
t	lRb	1	98153	0.296	.gif  [GIF graphics]
t	lRb	1	232850	0.254	.js  [JavaScript code]
t	lRb	1	119693	0.225	.css  [Cascading Style Sheets]
t	lRb	1	13742	0.210	.pdf  [Adobe Portable Document Format]
t	lRb	1	51276	0.084	[not listed: 7]
z	*FR	2023	04	05	20	41
z	*LR	2023	05	09	10	03
z	ScR	0	0.000	84837	0
z	ScR	0	0.000	0	1b-  10b
z	ScR	0	0.000	0	11b- 100b
z	ScR	0	0.000	85122	101b-  1kb
z	ScR	0	0.000	509907	1kb- 10kb
z	ScR	0	0.000	352085	10kb-100kb
z	ScR	0	0.000	104639	100kb-  1Mb
z	ScR	0	0.000	4584	1Mb- 10Mb
z	ScR	0	0.000	55	10Mb-100Mb
z	ScR	0	0.000	13	100Mb-  1Gb
c	*FR	2014	03	02	13	52
c	*LR	2025	06	01	04	43
c	*f	0R	a
c	R	2612236	200 OK
c	R	30471	206 Partial content
c	R	247	301 Document moved permanently
c	R	77	302 Document found elsewhere
c	R	137041	304 Not modified since last retrieval
c	R	2200	400 Bad request
c	R	207	401 Authentication required
c	R	1949	403 Access forbidden
c	R	1438744	404 Document not found
c	R	3210	405 Method not allowed
c	R	1543	406 Document not acceptable to client
c	R	141	416 Requested range not valid
c	R	624	500 Internal server error
c	R	128	501 Request type not supported
I	*FR	2007	12	11	00	52
I	*LR	2025	06	01	04	22
I	*f	-30S	s
I	lRS	1	244966	212	/robots.txt
I	lRS	1	14103	15	/ads.txt
I	lRS	1	464	14	/wp-content/plugins/hellopress/wp_filemanager.php
I	lRS	1	4008	11	/home
I	lRS	1	1727	10	/about.php
I	lRS	1	3775	10	/backup
I	lRS	1	4431	10	/wordpress
I	lRS	1	4310	10	/new
I	lRS	1	4340	10	/old
I	lRS	1	6628	10	/xmlrpc.php
I	lRS	1	3549	10	/bc
I	lRS	1	3550	10	/bk
I	lRS	1	4354	10	/wp
I	lRS	1	3776	10	/main
I	lRS	1	346	7	/.well-known/acme-challenge/about.php
I	lRS	1	6111	7	/.env
I	lRS	1	2613	7	/admin.php
I	lRS	1	740	6	/403.php
I	lRS	1	806	6	/wp-admin/css/index.php
I	lRS	1	632	6	/wp-content/themes/about.php
I	lRS	1	754	6	/wp-content/plugins/index.php
I	lRS	1	697	6	/wp-admin/images/index.php
I	lRS	1	1151	6	/chosen.php
I	lRS	1	439	6	/wp-includes/block-patterns/about.php
I	lRS	1	682	6	/alfa.php
I	lRS	1	11345	6	/wp-login.php
I	lRS	1	661	6	/classwithtostring.php
I	lRS	1	1212	6	/wp.php
I	lRS	1	578	5	/wp-includes/id3/about.php
I	lRS	1	747	5	/moon.php
I	lRS	1	1115029	4166	[not listed: 36946]
L	*FR	2007	12	11	00	52
L	*LR	2025	06	01	04	22
L	*f	-20S	s
L	RS	1871	1871	45.95.242.42
L	RS	1020	510	213.136.84.241
L	RS	476	476	52.164.226.177
L	RS	1260	420	52.164.218.235
L	RS	1680	420	52.169.147.241
L	RS	385	77	34.213.39.161
L	RS	522	63	52.184.147.49
L	RS	31	31	52.164.202.119
L	RS	62	31	52.164.186.240
L	RS	31	31	52.164.228.148
L	RS	60	30	52.169.156.55
L	RS	87	29	52.164.120.221
L	RS	87	29	40.69.197.167
L	RS	70	28	85.215.138.170
L	RS	125	25	52.164.216.137
L	RS	96	24	45.144.212.48
L	RS	1488	22	78.153.140.222
L	RS	21	21	52.236.35.136
L	RS	105	21	40.69.66.84
L	RS	84	21	52.164.121.49
L	RS	1439185	435	[not listed: 95241]
K	*FR	2013	12	22	04	20
K	*LR	2025	05	30	23	26
K	*f	-30S	s
K	lRS	1	2463	4	https://www.google.com/
K	lRS	1	23765	3	http://www.gtaeronautics.com/
K	lRS	1	2389	2	http://gtaeronautics.com/
K	lRS	1	5	1	http://gtaeronautics.com/gifshell.php
K	lRS	1	469	1	http://www.gtaeronautics.com/uavengines.html
K	lRS	1	5	1	http://gtaeronautics.com/secba3.php
K	lRS	1	101010	0	[not listed: 8127]
E	*FR	2008	01	06	10	12
E	*LR	2025	05	16	01	42
E	*f	-30S	s
E	lSR	1	0	324	[not listed: 8]
l	*FR	2008	01	06	10	12
l	*LR	2025	05	16	01	42
l	*f	-20S	s
l	SR	0	324	[not listed: 127]
v	*f	-20B	b
v	Rb	2122333	65.103	64.41.87.40
v	Rb	657415	34.897	66.113.131.59
R	*FR	2008	01	06	10	12
R	*LR	2025	05	16	01	42
R	*f	-20R	r
R	R	178	66.113.131.59
R	R	146	64.41.87.40
M	*FR	2007	12	11	00	52
M	*LR	2025	06	01	04	22
M	*f	-20R	r
M	R	1146140	64.41.87.40
M	R	302606	66.113.131.59
J	*FR	2007	12	11	00	53
J	*LR	2017	03	17	18	30
J	*f	-20R	r
J	R	9	gtaeronautics
J	R	5	lorrigkj
J	R	1	rullma2063
J	R	1	administrator
J	R	1	satish
J	R	1	nnnnn
P	*FR	2024	04	17	09	27
P	*LR	2025	06	01	04	43
P	R	230	0
P	R	350	<= 0.01
P	R	6048	0.01-0.02
P	R	278092	0.02-0.05
P	R	324288	0.05-0.1 
P	R	439805	0.1 -0.2 
P	R	508840	0.2 -0.5 
P	R	252712	0.5 -1   
P	R	142507	1-  2 
P	R	57122	2-  5 
P	R	22205	5- 10 
P	R	11931	10- 20 
P	R	55921	20- 60 
P	R	5067	60-120 
P	R	17099	120-300 
