x	VE	analog 5.24
x	HN	gtaeronautics.com
x	PS	2024	04	02	02	02
x	FR	2007	12	18	17	05
x	LR	2024	04	01	04	53
x	E7	2024	04	02	02	02
x	SR	1810272
x	S7	7700
x	NC	624267
x	C7	0
x	FL	711795
x	F7	5654
x	RR	254
x	R7	0
x	NH	111034
x	H7	479
x	BT	57520368399
x	B7	0
1	Rr	206066	11.383	2024
1	Rr	511208	28.239	2023
1	Rr	82334	4.548	2022
1	Rr	98917	5.464	2021
1	Rr	89380	4.937	2020
1	Rr	80088	4.424	2019
1	Rr	68927	3.808	2018
1	Rr	60168	3.324	2017
1	Rr	73316	4.050	2016
1	Rr	80796	4.463	2015
1	Rr	110773	6.119	2014
1	Rr	65173	3.600	2013
1	Rr	60742	3.355	2012
1	Rr	57015	3.150	2011
1	Rr	22139	1.223	2010
1	Rr	69710	3.851	2009
1	Rr	71820	3.967	2008
1	Rr	1700	0.094	2007
1	*BT	R	511208	2023
Q	Rr	62	0.003	2024	2
Q	Rr	206004	11.380	2024	1
Q	Rr	182268	10.069	2023	4
Q	Rr	165939	9.167	2023	3
Q	Rr	135306	7.474	2023	2
Q	Rr	27695	1.530	2023	1
Q	Rr	20307	1.122	2022	4
Q	Rr	20362	1.125	2022	3
Q	Rr	21795	1.204	2022	2
Q	Rr	19870	1.098	2022	1
Q	Rr	21154	1.169	2021	4
Q	Rr	26826	1.482	2021	3
Q	Rr	30675	1.694	2021	2
Q	Rr	20262	1.119	2021	1
Q	Rr	22199	1.226	2020	4
Q	Rr	23882	1.319	2020	3
Q	Rr	21656	1.196	2020	2
Q	Rr	21643	1.196	2020	1
Q	Rr	19098	1.055	2019	4
Q	Rr	19668	1.086	2019	3
Q	Rr	19827	1.095	2019	2
Q	Rr	21495	1.187	2019	1
Q	Rr	18129	1.001	2018	4
Q	Rr	17138	0.947	2018	3
Q	Rr	16928	0.935	2018	2
Q	Rr	16732	0.924	2018	1
Q	Rr	15937	0.880	2017	4
Q	Rr	0	0.000	2017	3
Q	Rr	16831	0.930	2017	2
Q	Rr	27400	1.514	2017	1
Q	Rr	22114	1.222	2016	4
Q	Rr	17621	0.973	2016	3
Q	Rr	15878	0.877	2016	2
Q	Rr	17703	0.978	2016	1
Q	Rr	16575	0.916	2015	4
Q	Rr	22104	1.221	2015	3
Q	Rr	22485	1.242	2015	2
Q	Rr	19632	1.084	2015	1
Q	Rr	21142	1.168	2014	4
Q	Rr	22272	1.230	2014	3
Q	Rr	31453	1.737	2014	2
Q	Rr	35906	1.983	2014	1
Q	Rr	16436	0.908	2013	4
Q	Rr	15216	0.841	2013	3
Q	Rr	16545	0.914	2013	2
Q	Rr	16976	0.938	2013	1
Q	Rr	16578	0.916	2012	4
Q	Rr	12511	0.691	2012	3
Q	Rr	15816	0.874	2012	2
Q	Rr	15837	0.875	2012	1
Q	Rr	15444	0.853	2011	4
Q	Rr	17386	0.960	2011	3
Q	Rr	9395	0.519	2011	2
Q	Rr	14790	0.817	2011	1
Q	Rr	1603	0.089	2010	4
Q	Rr	0	0.000	2010	3
Q	Rr	14047	0.776	2010	2
Q	Rr	6489	0.358	2010	1
Q	Rr	16350	0.903	2009	4
Q	Rr	18220	1.006	2009	3
Q	Rr	17115	0.945	2009	2
Q	Rr	18025	0.996	2009	1
Q	Rr	15905	0.879	2008	4
Q	Rr	15660	0.865	2008	3
Q	Rr	22448	1.240	2008	2
Q	Rr	17807	0.984	2008	1
Q	Rr	1700	0.094	2007	4
Q	*BT	R	206004	2024	1
m	Rr	62	0.003	2024	04
m	Rr	63354	3.500	2024	03
m	Rr	68592	3.789	2024	02
m	Rr	74058	4.091	2024	01
m	Rr	54270	2.998	2023	12
m	Rr	61278	3.385	2023	11
m	Rr	66720	3.686	2023	10
m	Rr	51132	2.825	2023	09
m	Rr	54561	3.014	2023	08
m	Rr	60246	3.328	2023	07
m	Rr	66204	3.657	2023	06
m	Rr	60120	3.321	2023	05
m	Rr	8982	0.496	2023	04
m	Rr	10848	0.599	2023	03
m	Rr	8360	0.462	2023	02
m	Rr	8487	0.469	2023	01
m	Rr	6950	0.384	2022	12
m	Rr	6349	0.351	2022	11
m	Rr	7008	0.387	2022	10
m	Rr	6740	0.372	2022	09
m	Rr	6863	0.379	2022	08
m	Rr	6759	0.373	2022	07
m	Rr	6567	0.363	2022	06
m	Rr	8427	0.466	2022	05
m	Rr	6801	0.376	2022	04
m	Rr	6380	0.352	2022	03
m	Rr	6175	0.341	2022	02
m	Rr	7315	0.404	2022	01
m	Rr	7667	0.424	2021	12
m	Rr	7097	0.392	2021	11
m	Rr	6390	0.353	2021	10
m	Rr	6059	0.335	2021	09
m	Rr	9092	0.502	2021	08
m	Rr	11675	0.645	2021	07
m	Rr	10152	0.561	2021	06
m	Rr	10231	0.565	2021	05
m	Rr	10292	0.569	2021	04
m	Rr	7948	0.439	2021	03
m	Rr	5800	0.320	2021	02
m	Rr	6514	0.360	2021	01
m	Rr	8069	0.446	2020	12
m	Rr	6579	0.363	2020	11
m	Rr	7551	0.417	2020	10
m	Rr	8028	0.443	2020	09
m	Rr	7741	0.428	2020	08
m	Rr	8113	0.448	2020	07
m	Rr	7317	0.404	2020	06
m	Rr	6898	0.381	2020	05
m	Rr	7441	0.411	2020	04
m	Rr	7524	0.416	2020	03
m	Rr	7322	0.404	2020	02
m	Rr	6797	0.375	2020	01
m	Rr	6573	0.363	2019	12
m	Rr	5917	0.327	2019	11
m	Rr	6608	0.365	2019	10
m	Rr	6791	0.375	2019	09
m	Rr	6597	0.364	2019	08
m	Rr	6280	0.347	2019	07
m	Rr	6317	0.349	2019	06
m	Rr	6847	0.378	2019	05
m	Rr	6663	0.368	2019	04
m	Rr	7059	0.390	2019	03
m	Rr	6374	0.352	2019	02
m	Rr	8062	0.445	2019	01
m	Rr	6957	0.384	2018	12
m	Rr	5422	0.300	2018	11
m	Rr	5750	0.318	2018	10
m	Rr	5458	0.302	2018	09
m	Rr	5735	0.317	2018	08
m	Rr	5945	0.328	2018	07
m	Rr	7110	0.393	2018	06
m	Rr	6440	0.356	2018	05
m	Rr	3378	0.187	2018	04
m	Rr	5789	0.320	2018	03
m	Rr	5369	0.297	2018	02
m	Rr	5574	0.308	2018	01
m	Rr	3906	0.216	2017	12
m	Rr	6533	0.361	2017	11
m	Rr	5498	0.304	2017	10
m	Rr	0	0.000	2017	09
m	Rr	0	0.000	2017	08
m	Rr	0	0.000	2017	07
m	Rr	0	0.000	2017	06
m	Rr	6832	0.377	2017	05
m	Rr	9999	0.552	2017	04
m	Rr	11887	0.657	2017	03
m	Rr	7941	0.439	2017	02
m	Rr	7572	0.418	2017	01
m	Rr	9483	0.524	2016	12
m	Rr	7121	0.393	2016	11
m	Rr	5510	0.304	2016	10
m	Rr	6288	0.347	2016	09
m	Rr	5888	0.325	2016	08
m	Rr	5445	0.301	2016	07
m	Rr	5042	0.279	2016	06
m	Rr	5495	0.304	2016	05
m	Rr	5341	0.295	2016	04
m	Rr	5558	0.307	2016	03
m	Rr	5548	0.306	2016	02
m	Rr	6597	0.364	2016	01
m	Rr	5574	0.308	2015	12
m	Rr	5330	0.294	2015	11
m	Rr	5671	0.313	2015	10
m	Rr	6196	0.342	2015	09
m	Rr	6788	0.375	2015	08
m	Rr	9120	0.504	2015	07
m	Rr	7156	0.395	2015	06
m	Rr	5694	0.315	2015	05
m	Rr	9635	0.532	2015	04
m	Rr	6215	0.343	2015	03
m	Rr	6084	0.336	2015	02
m	Rr	7333	0.405	2015	01
m	Rr	6608	0.365	2014	12
m	Rr	6997	0.387	2014	11
m	Rr	7537	0.416	2014	10
m	Rr	7043	0.389	2014	09
m	Rr	7324	0.405	2014	08
m	Rr	7905	0.437	2014	07
m	Rr	11654	0.644	2014	06
m	Rr	9211	0.509	2014	05
m	Rr	10588	0.585	2014	04
m	Rr	7817	0.432	2014	03
m	Rr	15229	0.841	2014	02
m	Rr	12860	0.710	2014	01
m	Rr	5325	0.294	2013	12
m	Rr	5513	0.305	2013	11
m	Rr	5598	0.309	2013	10
m	Rr	4655	0.257	2013	09
m	Rr	4938	0.273	2013	08
m	Rr	5623	0.311	2013	07
m	Rr	5492	0.303	2013	06
m	Rr	5211	0.288	2013	05
m	Rr	5842	0.323	2013	04
m	Rr	6068	0.335	2013	03
m	Rr	5055	0.279	2013	02
m	Rr	5853	0.323	2013	01
m	Rr	5688	0.314	2012	12
m	Rr	5477	0.303	2012	11
m	Rr	5413	0.299	2012	10
m	Rr	4331	0.239	2012	09
m	Rr	3866	0.214	2012	08
m	Rr	4314	0.238	2012	07
m	Rr	4655	0.257	2012	06
m	Rr	6047	0.334	2012	05
m	Rr	5114	0.282	2012	04
m	Rr	6128	0.339	2012	03
m	Rr	5430	0.300	2012	02
m	Rr	4279	0.236	2012	01
m	Rr	5548	0.306	2011	12
m	Rr	4779	0.264	2011	11
m	Rr	5117	0.283	2011	10
m	Rr	5431	0.300	2011	09
m	Rr	6256	0.346	2011	08
m	Rr	5699	0.315	2011	07
m	Rr	5420	0.299	2011	06
m	Rr	3975	0.220	2011	05
m	Rr	0	0.000	2011	04
m	Rr	3608	0.199	2011	03
m	Rr	5171	0.286	2011	02
m	Rr	6011	0.332	2011	01
m	Rr	1603	0.089	2010	12
m	Rr	0	0.000	2010	11
m	Rr	0	0.000	2010	10
m	Rr	0	0.000	2010	09
m	Rr	0	0.000	2010	08
m	Rr	0	0.000	2010	07
m	Rr	4101	0.227	2010	06
m	Rr	5018	0.277	2010	05
m	Rr	4928	0.272	2010	04
m	Rr	5095	0.281	2010	03
m	Rr	1394	0.077	2010	02
m	Rr	0	0.000	2010	01
m	Rr	4665	0.258	2009	12
m	Rr	6187	0.342	2009	11
m	Rr	5498	0.304	2009	10
m	Rr	5066	0.280	2009	09
m	Rr	5718	0.316	2009	08
m	Rr	7436	0.411	2009	07
m	Rr	5685	0.314	2009	06
m	Rr	6120	0.338	2009	05
m	Rr	5310	0.293	2009	04
m	Rr	5515	0.305	2009	03
m	Rr	6123	0.338	2009	02
m	Rr	6387	0.353	2009	01
m	Rr	5763	0.318	2008	12
m	Rr	5420	0.299	2008	11
m	Rr	4722	0.261	2008	10
m	Rr	5435	0.300	2008	09
m	Rr	4843	0.268	2008	08
m	Rr	5382	0.297	2008	07
m	Rr	6082	0.336	2008	06
m	Rr	9946	0.549	2008	05
m	Rr	6420	0.355	2008	04
m	Rr	5431	0.300	2008	03
m	Rr	6469	0.357	2008	02
m	Rr	5907	0.326	2008	01
m	Rr	1700	0.094	2007	12
m	*BT	R	74058	2024	01
W	Rr	331	0.018	2024	03	31
W	Rr	13567	0.749	2024	03	24
W	Rr	14040	0.776	2024	03	17
W	Rr	16854	0.931	2024	03	10
W	Rr	15624	0.863	2024	03	03
W	Rr	17778	0.982	2024	02	25
W	Rr	13428	0.742	2024	02	18
W	Rr	16572	0.915	2024	02	11
W	Rr	17070	0.943	2024	02	04
W	Rr	26220	1.448	2024	01	28
W	Rr	14730	0.814	2024	01	21
W	Rr	13098	0.724	2024	01	14
W	Rr	15324	0.847	2024	01	07
W	Rr	12552	0.693	2023	12	31
W	Rr	11406	0.630	2023	12	24
W	Rr	11184	0.618	2023	12	17
W	Rr	13956	0.771	2023	12	10
W	Rr	13644	0.754	2023	12	03
W	Rr	12390	0.684	2023	11	26
W	Rr	11682	0.645	2023	11	19
W	Rr	15756	0.870	2023	11	12
W	Rr	16596	0.917	2023	11	05
W	Rr	16104	0.890	2023	10	29
W	Rr	13980	0.772	2023	10	22
W	Rr	15450	0.853	2023	10	15
W	Rr	14713	0.813	2023	10	08
W	Rr	14285	0.789	2023	10	01
W	Rr	14478	0.800	2023	09	24
W	Rr	11904	0.658	2023	09	17
W	Rr	10968	0.606	2023	09	10
W	Rr	10482	0.579	2023	09	03
W	Rr	10800	0.597	2023	08	27
W	Rr	14568	0.805	2023	08	20
W	Rr	12504	0.691	2023	08	13
W	Rr	12076	0.667	2023	08	06
W	Rr	10997	0.607	2023	07	30
W	Rr	13392	0.740	2023	07	23
W	Rr	13224	0.730	2023	07	16
W	Rr	16128	0.891	2023	07	09
W	Rr	13356	0.738	2023	07	02
W	Rr	12558	0.694	2023	06	25
W	Rr	17082	0.944	2023	06	18
W	Rr	16452	0.909	2023	06	11
W	Rr	15336	0.847	2023	06	04
W	Rr	13482	0.745	2023	05	28
W	Rr	16248	0.898	2023	05	21
W	Rr	15078	0.833	2023	05	14
W	Rr	17181	0.949	2023	05	07
W	Rr	4282	0.237	2023	04	30
W	Rr	2458	0.136	2023	04	23
W	Rr	2269	0.125	2023	04	16
W	Rr	1553	0.086	2023	04	09
W	Rr	2389	0.132	2023	04	02
W	Rr	1701	0.094	2023	03	26
W	Rr	1943	0.107	2023	03	19
W	Rr	2225	0.123	2023	03	12
W	Rr	2192	0.121	2023	03	05
W	Rr	4055	0.224	2023	02	26
W	Rr	2406	0.133	2023	02	19
W	Rr	1898	0.105	2023	02	12
W	Rr	1890	0.104	2023	02	05
W	Rr	1861	0.103	2023	01	29
W	Rr	1686	0.093	2023	01	22
W	Rr	1779	0.098	2023	01	15
W	Rr	1833	0.101	2023	01	08
W	Rr	2226	0.123	2023	01	01
W	Rr	1280	0.071	2022	12	25
W	Rr	1806	0.100	2022	12	18
W	Rr	1773	0.098	2022	12	11
W	Rr	1532	0.085	2022	12	04
W	Rr	1586	0.088	2022	11	27
W	Rr	1093	0.060	2022	11	20
W	Rr	1366	0.075	2022	11	13
W	Rr	1972	0.109	2022	11	06
W	Rr	1396	0.077	2022	10	30
W	Rr	1547	0.085	2022	10	23
W	Rr	1641	0.091	2022	10	16
W	Rr	1747	0.097	2022	10	09
W	Rr	1568	0.087	2022	10	02
W	Rr	1379	0.076	2022	09	25
W	Rr	1695	0.094	2022	09	18
W	Rr	1701	0.094	2022	09	11
W	Rr	1568	0.087	2022	09	04
W	Rr	1562	0.086	2022	08	28
W	Rr	1488	0.082	2022	08	21
W	Rr	1646	0.091	2022	08	14
W	Rr	1430	0.079	2022	08	07
W	Rr	1446	0.080	2022	07	31
W	Rr	1383	0.076	2022	07	24
W	Rr	1661	0.092	2022	07	17
W	Rr	1478	0.082	2022	07	10
W	Rr	1711	0.095	2022	07	03
W	Rr	1804	0.100	2022	06	26
W	Rr	1298	0.072	2022	06	19
W	Rr	1407	0.078	2022	06	12
W	Rr	1396	0.077	2022	06	05
W	Rr	1638	0.090	2022	05	29
W	Rr	1724	0.095	2022	05	22
W	Rr	2427	0.134	2022	05	15
W	Rr	2100	0.116	2022	05	08
W	Rr	1414	0.078	2022	05	01
W	Rr	1865	0.103	2022	04	24
W	Rr	1381	0.076	2022	04	17
W	Rr	1630	0.090	2022	04	10
W	Rr	1670	0.092	2022	04	03
W	Rr	1588	0.088	2022	03	27
W	Rr	1204	0.067	2022	03	20
W	Rr	1350	0.075	2022	03	13
W	Rr	1488	0.082	2022	03	06
W	Rr	1368	0.076	2022	02	27
W	Rr	1481	0.082	2022	02	20
W	Rr	1657	0.092	2022	02	13
W	Rr	1518	0.084	2022	02	06
W	Rr	1787	0.099	2022	01	30
W	Rr	2021	0.112	2022	01	23
W	Rr	1429	0.079	2022	01	16
W	Rr	1693	0.094	2022	01	09
W	Rr	1541	0.085	2022	01	02
W	Rr	1311	0.072	2021	12	26
W	Rr	1839	0.102	2021	12	19
W	Rr	1732	0.096	2021	12	12
W	Rr	2001	0.111	2021	12	05
W	Rr	1641	0.091	2021	11	28
W	Rr	1615	0.089	2021	11	21
W	Rr	1673	0.092	2021	11	14
W	Rr	1625	0.090	2021	11	07
W	Rr	1523	0.084	2021	10	31
W	Rr	1562	0.086	2021	10	24
W	Rr	1474	0.081	2021	10	17
W	Rr	1349	0.075	2021	10	10
W	Rr	1615	0.089	2021	10	03
W	Rr	1598	0.088	2021	09	26
W	Rr	1646	0.091	2021	09	19
W	Rr	1203	0.066	2021	09	12
W	Rr	1106	0.061	2021	09	05
W	Rr	1383	0.076	2021	08	29
W	Rr	1685	0.093	2021	08	22
W	Rr	2071	0.114	2021	08	15
W	Rr	2279	0.126	2021	08	08
W	Rr	2374	0.131	2021	08	01
W	Rr	2543	0.140	2021	07	25
W	Rr	2843	0.157	2021	07	18
W	Rr	2777	0.153	2021	07	11
W	Rr	2756	0.152	2021	07	04
W	Rr	2524	0.139	2021	06	27
W	Rr	2466	0.136	2021	06	20
W	Rr	2262	0.125	2021	06	13
W	Rr	2264	0.125	2021	06	06
W	Rr	2101	0.116	2021	05	30
W	Rr	3009	0.166	2021	05	23
W	Rr	1989	0.110	2021	05	16
W	Rr	2386	0.132	2021	05	09
W	Rr	2138	0.118	2021	05	02
W	Rr	1668	0.092	2021	04	25
W	Rr	2413	0.133	2021	04	18
W	Rr	3035	0.168	2021	04	11
W	Rr	2709	0.150	2021	04	04
W	Rr	1942	0.107	2021	03	28
W	Rr	1666	0.092	2021	03	21
W	Rr	1476	0.082	2021	03	14
W	Rr	1713	0.095	2021	03	07
W	Rr	1777	0.098	2021	02	28
W	Rr	1173	0.065	2021	02	21
W	Rr	1101	0.061	2021	02	14
W	Rr	1699	0.094	2021	02	07
W	Rr	1867	0.103	2021	01	31
W	Rr	1404	0.078	2021	01	24
W	Rr	1564	0.086	2021	01	17
W	Rr	1431	0.079	2021	01	10
W	Rr	1666	0.092	2021	01	03
W	Rr	1926	0.106	2020	12	27
W	Rr	1572	0.087	2020	12	20
W	Rr	1404	0.078	2020	12	13
W	Rr	2272	0.126	2020	12	06
W	Rr	1522	0.084	2020	11	29
W	Rr	1722	0.095	2020	11	22
W	Rr	1580	0.087	2020	11	15
W	Rr	1401	0.077	2020	11	08
W	Rr	1499	0.083	2020	11	01
W	Rr	1470	0.081	2020	10	25
W	Rr	2379	0.131	2020	10	18
W	Rr	1559	0.086	2020	10	11
W	Rr	1729	0.096	2020	10	04
W	Rr	1674	0.092	2020	09	27
W	Rr	1786	0.099	2020	09	20
W	Rr	2200	0.122	2020	09	13
W	Rr	1677	0.093	2020	09	06
W	Rr	1596	0.088	2020	08	30
W	Rr	1833	0.101	2020	08	23
W	Rr	1814	0.100	2020	08	16
W	Rr	2206	0.122	2020	08	09
W	Rr	1397	0.077	2020	08	02
W	Rr	1816	0.100	2020	07	26
W	Rr	1949	0.108	2020	07	19
W	Rr	1532	0.085	2020	07	12
W	Rr	1976	0.109	2020	07	05
W	Rr	1600	0.088	2020	06	28
W	Rr	1627	0.090	2020	06	21
W	Rr	2101	0.116	2020	06	14
W	Rr	1590	0.088	2020	06	07
W	Rr	1492	0.082	2020	05	31
W	Rr	1556	0.086	2020	05	24
W	Rr	1756	0.097	2020	05	17
W	Rr	1568	0.087	2020	05	10
W	Rr	1567	0.087	2020	05	03
W	Rr	1734	0.096	2020	04	26
W	Rr	1675	0.093	2020	04	19
W	Rr	1702	0.094	2020	04	12
W	Rr	1965	0.109	2020	04	05
W	Rr	1329	0.073	2020	03	29
W	Rr	1818	0.100	2020	03	22
W	Rr	1345	0.074	2020	03	15
W	Rr	1581	0.087	2020	03	08
W	Rr	2014	0.111	2020	03	01
W	Rr	1942	0.107	2020	02	23
W	Rr	1748	0.097	2020	02	16
W	Rr	1949	0.108	2020	02	09
W	Rr	1683	0.093	2020	02	02
W	Rr	1436	0.079	2020	01	26
W	Rr	1792	0.099	2020	01	19
W	Rr	1519	0.084	2020	01	12
W	Rr	1420	0.078	2020	01	05
W	Rr	1109	0.061	2019	12	29
W	Rr	1023	0.057	2019	12	22
W	Rr	1584	0.088	2019	12	15
W	Rr	1783	0.098	2019	12	08
W	Rr	1704	0.094	2019	12	01
W	Rr	1178	0.065	2019	11	24
W	Rr	1697	0.094	2019	11	17
W	Rr	1510	0.083	2019	11	10
W	Rr	1383	0.076	2019	11	03
W	Rr	1309	0.072	2019	10	27
W	Rr	1473	0.081	2019	10	20
W	Rr	1519	0.084	2019	10	13
W	Rr	1485	0.082	2019	10	06
W	Rr	1416	0.078	2019	09	29
W	Rr	1499	0.083	2019	09	22
W	Rr	1652	0.091	2019	09	15
W	Rr	1710	0.094	2019	09	08
W	Rr	1485	0.082	2019	09	01
W	Rr	1689	0.093	2019	08	25
W	Rr	1315	0.073	2019	08	18
W	Rr	1619	0.089	2019	08	11
W	Rr	1558	0.086	2019	08	04
W	Rr	1360	0.075	2019	07	28
W	Rr	1191	0.066	2019	07	21
W	Rr	1730	0.096	2019	07	14
W	Rr	1299	0.072	2019	07	07
W	Rr	1339	0.074	2019	06	30
W	Rr	1592	0.088	2019	06	23
W	Rr	1497	0.083	2019	06	16
W	Rr	1450	0.080	2019	06	09
W	Rr	1555	0.086	2019	06	02
W	Rr	1289	0.071	2019	05	26
W	Rr	1863	0.103	2019	05	19
W	Rr	1385	0.077	2019	05	12
W	Rr	1553	0.086	2019	05	05
W	Rr	1655	0.091	2019	04	28
W	Rr	1282	0.071	2019	04	21
W	Rr	1503	0.083	2019	04	14
W	Rr	1623	0.090	2019	04	07
W	Rr	1715	0.095	2019	03	31
W	Rr	1882	0.104	2019	03	24
W	Rr	1464	0.081	2019	03	17
W	Rr	1381	0.076	2019	03	10
W	Rr	1627	0.090	2019	03	03
W	Rr	1773	0.098	2019	02	24
W	Rr	1669	0.092	2019	02	17
W	Rr	1483	0.082	2019	02	10
W	Rr	1391	0.077	2019	02	03
W	Rr	1797	0.099	2019	01	27
W	Rr	1963	0.108	2019	01	20
W	Rr	2029	0.112	2019	01	13
W	Rr	1696	0.094	2019	01	06
W	Rr	1526	0.084	2018	12	30
W	Rr	1226	0.068	2018	12	23
W	Rr	1442	0.080	2018	12	16
W	Rr	1936	0.107	2018	12	09
W	Rr	1809	0.100	2018	12	02
W	Rr	1295	0.072	2018	11	25
W	Rr	1820	0.101	2018	11	18
W	Rr	1802	0.100	2018	11	11
W	Rr	0	0.000	2018	11	04
W	Rr	1473	0.081	2018	10	28
W	Rr	1106	0.061	2018	10	21
W	Rr	1427	0.079	2018	10	14
W	Rr	1214	0.067	2018	10	07
W	Rr	1168	0.065	2018	09	30
W	Rr	1420	0.078	2018	09	23
W	Rr	1197	0.066	2018	09	16
W	Rr	1388	0.077	2018	09	09
W	Rr	1320	0.073	2018	09	02
W	Rr	1246	0.069	2018	08	26
W	Rr	1214	0.067	2018	08	19
W	Rr	1366	0.075	2018	08	12
W	Rr	1195	0.066	2018	08	05
W	Rr	1346	0.074	2018	07	29
W	Rr	1374	0.076	2018	07	22
W	Rr	1508	0.083	2018	07	15
W	Rr	1522	0.084	2018	07	08
W	Rr	909	0.050	2018	07	01
W	Rr	1444	0.080	2018	06	24
W	Rr	2682	0.148	2018	06	17
W	Rr	1365	0.075	2018	06	10
W	Rr	1329	0.073	2018	06	03
W	Rr	1275	0.070	2018	05	27
W	Rr	1392	0.077	2018	05	20
W	Rr	1321	0.073	2018	05	13
W	Rr	1527	0.084	2018	05	06
W	Rr	1517	0.084	2018	04	29
W	Rr	0	0.000	2018	04	22
W	Rr	1364	0.075	2018	04	15
W	Rr	1712	0.095	2018	04	08
W	Rr	0	0.000	2018	04	01
W	Rr	1543	0.085	2018	03	25
W	Rr	1342	0.074	2018	03	18
W	Rr	2429	0.134	2018	03	11
W	Rr	0	0.000	2018	03	04
W	Rr	1366	0.075	2018	02	25
W	Rr	1308	0.072	2018	02	18
W	Rr	1439	0.079	2018	02	11
W	Rr	1731	0.096	2018	02	04
W	Rr	0	0.000	2018	01	28
W	Rr	1434	0.079	2018	01	21
W	Rr	1578	0.087	2018	01	14
W	Rr	1471	0.081	2018	01	07
W	Rr	1246	0.069	2017	12	31
W	Rr	1033	0.057	2017	12	24
W	Rr	1103	0.061	2017	12	17
W	Rr	1406	0.078	2017	12	10
W	Rr	0	0.000	2017	12	03
W	Rr	1335	0.074	2017	11	26
W	Rr	1427	0.079	2017	11	19
W	Rr	1662	0.092	2017	11	12
W	Rr	1414	0.078	2017	11	05
W	Rr	1349	0.075	2017	10	29
W	Rr	1208	0.067	2017	10	22
W	Rr	2013	0.111	2017	10	15
W	Rr	1832	0.101	2017	10	08
W	Rr	0	0.000	2017	10	01
W	Rr	0	0.000	2017	09	24
W	Rr	0	0.000	2017	09	17
W	Rr	0	0.000	2017	09	10
W	Rr	0	0.000	2017	09	03
W	Rr	0	0.000	2017	08	27
W	Rr	0	0.000	2017	08	20
W	Rr	0	0.000	2017	08	13
W	Rr	0	0.000	2017	08	06
W	Rr	0	0.000	2017	07	30
W	Rr	0	0.000	2017	07	23
W	Rr	0	0.000	2017	07	16
W	Rr	0	0.000	2017	07	09
W	Rr	0	0.000	2017	07	02
W	Rr	0	0.000	2017	06	25
W	Rr	0	0.000	2017	06	18
W	Rr	0	0.000	2017	06	11
W	Rr	0	0.000	2017	06	04
W	Rr	25	0.001	2017	05	28
W	Rr	1838	0.102	2017	05	21
W	Rr	1915	0.106	2017	05	14
W	Rr	1676	0.093	2017	05	07
W	Rr	1677	0.093	2017	04	30
W	Rr	2071	0.114	2017	04	23
W	Rr	1978	0.109	2017	04	16
W	Rr	1874	0.104	2017	04	09
W	Rr	3435	0.190	2017	04	02
W	Rr	2619	0.145	2017	03	26
W	Rr	2633	0.145	2017	03	19
W	Rr	2413	0.133	2017	03	12
W	Rr	3092	0.171	2017	03	05
W	Rr	2295	0.127	2017	02	26
W	Rr	2204	0.122	2017	02	19
W	Rr	1869	0.103	2017	02	12
W	Rr	1973	0.109	2017	02	05
W	Rr	1783	0.098	2017	01	29
W	Rr	1768	0.098	2017	01	22
W	Rr	1585	0.088	2017	01	15
W	Rr	1768	0.098	2017	01	08
W	Rr	1740	0.096	2017	01	01
W	Rr	1549	0.086	2016	12	25
W	Rr	2202	0.122	2016	12	18
W	Rr	1812	0.100	2016	12	11
W	Rr	2648	0.146	2016	12	04
W	Rr	2236	0.124	2016	11	27
W	Rr	1321	0.073	2016	11	20
W	Rr	1996	0.110	2016	11	13
W	Rr	1716	0.095	2016	11	06
W	Rr	1564	0.086	2016	10	30
W	Rr	1362	0.075	2016	10	23
W	Rr	1707	0.094	2016	10	16
W	Rr	1696	0.094	2016	10	09
W	Rr	36	0.002	2016	10	02
W	Rr	2002	0.111	2016	09	25
W	Rr	1399	0.077	2016	09	18
W	Rr	1199	0.066	2016	09	11
W	Rr	1326	0.073	2016	09	04
W	Rr	1316	0.073	2016	08	28
W	Rr	1257	0.069	2016	08	21
W	Rr	1208	0.067	2016	08	14
W	Rr	1602	0.088	2016	08	07
W	Rr	1319	0.073	2016	07	31
W	Rr	1796	0.099	2016	07	24
W	Rr	1171	0.065	2016	07	17
W	Rr	1167	0.064	2016	07	10
W	Rr	917	0.051	2016	07	03
W	Rr	920	0.051	2016	06	26
W	Rr	1179	0.065	2016	06	19
W	Rr	1288	0.071	2016	06	12
W	Rr	1237	0.068	2016	06	05
W	Rr	1263	0.070	2016	05	29
W	Rr	1338	0.074	2016	05	22
W	Rr	1184	0.065	2016	05	15
W	Rr	1365	0.075	2016	05	08
W	Rr	974	0.054	2016	05	01
W	Rr	1311	0.072	2016	04	24
W	Rr	1127	0.062	2016	04	17
W	Rr	1248	0.069	2016	04	10
W	Rr	1451	0.080	2016	04	03
W	Rr	987	0.055	2016	03	27
W	Rr	1233	0.068	2016	03	20
W	Rr	1347	0.074	2016	03	13
W	Rr	1347	0.074	2016	03	06
W	Rr	1236	0.068	2016	02	28
W	Rr	1422	0.079	2016	02	21
W	Rr	1085	0.060	2016	02	14
W	Rr	1427	0.079	2016	02	07
W	Rr	1359	0.075	2016	01	31
W	Rr	1708	0.094	2016	01	24
W	Rr	1476	0.082	2016	01	17
W	Rr	1563	0.086	2016	01	10
W	Rr	1381	0.076	2016	01	03
W	Rr	1273	0.070	2015	12	27
W	Rr	1084	0.060	2015	12	20
W	Rr	1344	0.074	2015	12	13
W	Rr	1336	0.074	2015	12	06
W	Rr	1123	0.062	2015	11	29
W	Rr	960	0.053	2015	11	22
W	Rr	1337	0.074	2015	11	15
W	Rr	1400	0.077	2015	11	08
W	Rr	1383	0.076	2015	11	01
W	Rr	1250	0.069	2015	10	25
W	Rr	1366	0.075	2015	10	18
W	Rr	1367	0.076	2015	10	11
W	Rr	1214	0.067	2015	10	04
W	Rr	1152	0.064	2015	09	27
W	Rr	1387	0.077	2015	09	20
W	Rr	1655	0.091	2015	09	13
W	Rr	1526	0.084	2015	09	06
W	Rr	1242	0.069	2015	08	30
W	Rr	1800	0.099	2015	08	23
W	Rr	1527	0.084	2015	08	16
W	Rr	1386	0.077	2015	08	09
W	Rr	1593	0.088	2015	08	02
W	Rr	1567	0.087	2015	07	26
W	Rr	1980	0.109	2015	07	19
W	Rr	2180	0.120	2015	07	12
W	Rr	2008	0.111	2015	07	05
W	Rr	2297	0.127	2015	06	28
W	Rr	1556	0.086	2015	06	21
W	Rr	1380	0.076	2015	06	14
W	Rr	2013	0.111	2015	06	07
W	Rr	1651	0.091	2015	05	31
W	Rr	1224	0.068	2015	05	24
W	Rr	1355	0.075	2015	05	17
W	Rr	1179	0.065	2015	05	10
W	Rr	1436	0.079	2015	05	03
W	Rr	1671	0.092	2015	04	26
W	Rr	1878	0.104	2015	04	19
W	Rr	2326	0.128	2015	04	12
W	Rr	2636	0.146	2015	04	05
W	Rr	2297	0.127	2015	03	29
W	Rr	1237	0.068	2015	03	22
W	Rr	1453	0.080	2015	03	15
W	Rr	1399	0.077	2015	03	08
W	Rr	1287	0.071	2015	03	01
W	Rr	1249	0.069	2015	02	22
W	Rr	1373	0.076	2015	02	15
W	Rr	1790	0.099	2015	02	08
W	Rr	1672	0.092	2015	02	01
W	Rr	1543	0.085	2015	01	25
W	Rr	1463	0.081	2015	01	18
W	Rr	1696	0.094	2015	01	11
W	Rr	1707	0.094	2015	01	04
W	Rr	1833	0.101	2014	12	28
W	Rr	1335	0.074	2014	12	21
W	Rr	1644	0.091	2014	12	14
W	Rr	1541	0.085	2014	12	07
W	Rr	1335	0.074	2014	11	30
W	Rr	1262	0.070	2014	11	23
W	Rr	2009	0.111	2014	11	16
W	Rr	1566	0.087	2014	11	09
W	Rr	1814	0.100	2014	11	02
W	Rr	1452	0.080	2014	10	26
W	Rr	1642	0.091	2014	10	19
W	Rr	1795	0.099	2014	10	12
W	Rr	1836	0.101	2014	10	05
W	Rr	1662	0.092	2014	09	28
W	Rr	1843	0.102	2014	09	21
W	Rr	1678	0.093	2014	09	14
W	Rr	1598	0.088	2014	09	07
W	Rr	1418	0.078	2014	08	31
W	Rr	1584	0.088	2014	08	24
W	Rr	1571	0.087	2014	08	17
W	Rr	1727	0.095	2014	08	10
W	Rr	1927	0.106	2014	08	03
W	Rr	1691	0.093	2014	07	27
W	Rr	1702	0.094	2014	07	20
W	Rr	1624	0.090	2014	07	13
W	Rr	1831	0.101	2014	07	06
W	Rr	1867	0.103	2014	06	29
W	Rr	1927	0.106	2014	06	22
W	Rr	2134	0.118	2014	06	15
W	Rr	4851	0.268	2014	06	08
W	Rr	2293	0.127	2014	06	01
W	Rr	3180	0.176	2014	05	25
W	Rr	1468	0.081	2014	05	18
W	Rr	1808	0.100	2014	05	11
W	Rr	1998	0.110	2014	05	04
W	Rr	1876	0.104	2014	04	27
W	Rr	2330	0.129	2014	04	20
W	Rr	2565	0.142	2014	04	13
W	Rr	2652	0.146	2014	04	06
W	Rr	2574	0.142	2014	03	30
W	Rr	1186	0.066	2014	03	23
W	Rr	1305	0.072	2014	03	16
W	Rr	2273	0.126	2014	03	09
W	Rr	2231	0.123	2014	03	02
W	Rr	1925	0.106	2014	02	23
W	Rr	7060	0.390	2014	02	16
W	Rr	2854	0.158	2014	02	09
W	Rr	3190	0.176	2014	02	02
W	Rr	3743	0.207	2014	01	26
W	Rr	3643	0.201	2014	01	19
W	Rr	2961	0.164	2014	01	12
W	Rr	2319	0.128	2014	01	05
W	Rr	981	0.054	2013	12	29
W	Rr	1108	0.061	2013	12	22
W	Rr	1226	0.068	2013	12	15
W	Rr	1285	0.071	2013	12	08
W	Rr	1289	0.071	2013	12	01
W	Rr	1404	0.078	2013	11	24
W	Rr	1142	0.063	2013	11	17
W	Rr	1334	0.074	2013	11	10
W	Rr	1277	0.071	2013	11	03
W	Rr	1035	0.057	2013	10	27
W	Rr	1309	0.072	2013	10	20
W	Rr	1302	0.072	2013	10	13
W	Rr	1432	0.079	2013	10	06
W	Rr	1178	0.065	2013	09	29
W	Rr	947	0.052	2013	09	22
W	Rr	1254	0.069	2013	09	15
W	Rr	1099	0.061	2013	09	08
W	Rr	1053	0.058	2013	09	01
W	Rr	1010	0.056	2013	08	25
W	Rr	1102	0.061	2013	08	18
W	Rr	1063	0.059	2013	08	11
W	Rr	1105	0.061	2013	08	04
W	Rr	1377	0.076	2013	07	28
W	Rr	1498	0.083	2013	07	21
W	Rr	1295	0.072	2013	07	14
W	Rr	1237	0.068	2013	07	07
W	Rr	1003	0.055	2013	06	30
W	Rr	1275	0.070	2013	06	23
W	Rr	1072	0.059	2013	06	16
W	Rr	1249	0.069	2013	06	09
W	Rr	1521	0.084	2013	06	02
W	Rr	1256	0.069	2013	05	26
W	Rr	1091	0.060	2013	05	19
W	Rr	1359	0.075	2013	05	12
W	Rr	1130	0.062	2013	05	05
W	Rr	1215	0.067	2013	04	28
W	Rr	1368	0.076	2013	04	21
W	Rr	1318	0.073	2013	04	14
W	Rr	1408	0.078	2013	04	07
W	Rr	1277	0.071	2013	03	31
W	Rr	1452	0.080	2013	03	24
W	Rr	1418	0.078	2013	03	17
W	Rr	1217	0.067	2013	03	10
W	Rr	1490	0.082	2013	03	03
W	Rr	1353	0.075	2013	02	24
W	Rr	1268	0.070	2013	02	17
W	Rr	1274	0.070	2013	02	10
W	Rr	1153	0.064	2013	02	03
W	Rr	1266	0.070	2013	01	27
W	Rr	1271	0.070	2013	01	20
W	Rr	1449	0.080	2013	01	13
W	Rr	1253	0.069	2013	01	06
W	Rr	1309	0.072	2012	12	30
W	Rr	1156	0.064	2012	12	23
W	Rr	1336	0.074	2012	12	16
W	Rr	1575	0.087	2012	12	09
W	Rr	1087	0.060	2012	12	02
W	Rr	1376	0.076	2012	11	25
W	Rr	1136	0.063	2012	11	18
W	Rr	1341	0.074	2012	11	11
W	Rr	1418	0.078	2012	11	04
W	Rr	1103	0.061	2012	10	28
W	Rr	1200	0.066	2012	10	21
W	Rr	1382	0.076	2012	10	14
W	Rr	1127	0.062	2012	10	07
W	Rr	1187	0.066	2012	09	30
W	Rr	1172	0.065	2012	09	23
W	Rr	1034	0.057	2012	09	16
W	Rr	944	0.052	2012	09	09
W	Rr	958	0.053	2012	09	02
W	Rr	734	0.041	2012	08	26
W	Rr	881	0.049	2012	08	19
W	Rr	874	0.048	2012	08	12
W	Rr	973	0.054	2012	08	05
W	Rr	1010	0.056	2012	07	29
W	Rr	943	0.052	2012	07	22
W	Rr	1089	0.060	2012	07	15
W	Rr	888	0.049	2012	07	08
W	Rr	845	0.047	2012	07	01
W	Rr	1070	0.059	2012	06	24
W	Rr	1050	0.058	2012	06	17
W	Rr	1271	0.070	2012	06	10
W	Rr	957	0.053	2012	06	03
W	Rr	1249	0.069	2012	05	27
W	Rr	1055	0.058	2012	05	20
W	Rr	1392	0.077	2012	05	13
W	Rr	1140	0.063	2012	05	06
W	Rr	1807	0.100	2012	04	29
W	Rr	1225	0.068	2012	04	22
W	Rr	1264	0.070	2012	04	15
W	Rr	1075	0.059	2012	04	08
W	Rr	1261	0.070	2012	04	01
W	Rr	1345	0.074	2012	03	25
W	Rr	1254	0.069	2012	03	18
W	Rr	1478	0.082	2012	03	11
W	Rr	1503	0.083	2012	03	04
W	Rr	1532	0.085	2012	02	26
W	Rr	1464	0.081	2012	02	19
W	Rr	1154	0.064	2012	02	12
W	Rr	1240	0.068	2012	02	05
W	Rr	1088	0.060	2012	01	29
W	Rr	1125	0.062	2012	01	22
W	Rr	60	0.003	2012	01	15
W	Rr	1472	0.081	2012	01	08
W	Rr	1122	0.062	2012	01	01
W	Rr	888	0.049	2011	12	25
W	Rr	1360	0.075	2011	12	18
W	Rr	1486	0.082	2011	12	11
W	Rr	1330	0.073	2011	12	04
W	Rr	1094	0.060	2011	11	27
W	Rr	1062	0.059	2011	11	20
W	Rr	1123	0.062	2011	11	13
W	Rr	975	0.054	2011	11	06
W	Rr	1264	0.070	2011	10	30
W	Rr	1140	0.063	2011	10	23
W	Rr	1211	0.067	2011	10	16
W	Rr	1236	0.068	2011	10	09
W	Rr	1128	0.062	2011	10	02
W	Rr	1083	0.060	2011	09	25
W	Rr	1451	0.080	2011	09	18
W	Rr	1278	0.071	2011	09	11
W	Rr	1219	0.067	2011	09	04
W	Rr	1316	0.073	2011	08	28
W	Rr	1119	0.062	2011	08	21
W	Rr	1484	0.082	2011	08	14
W	Rr	1671	0.092	2011	08	07
W	Rr	1319	0.073	2011	07	31
W	Rr	1197	0.066	2011	07	24
W	Rr	1504	0.083	2011	07	17
W	Rr	1367	0.076	2011	07	10
W	Rr	1205	0.067	2011	07	03
W	Rr	1333	0.074	2011	06	26
W	Rr	1059	0.058	2011	06	19
W	Rr	1353	0.075	2011	06	12
W	Rr	1275	0.070	2011	06	05
W	Rr	983	0.054	2011	05	29
W	Rr	1262	0.070	2011	05	22
W	Rr	1374	0.076	2011	05	15
W	Rr	1076	0.059	2011	05	08
W	Rr	0	0.000	2011	05	01
W	Rr	0	0.000	2011	04	24
W	Rr	0	0.000	2011	04	17
W	Rr	0	0.000	2011	04	10
W	Rr	0	0.000	2011	04	03
W	Rr	0	0.000	2011	03	27
W	Rr	24	0.001	2011	03	20
W	Rr	1317	0.073	2011	03	13
W	Rr	1258	0.069	2011	03	06
W	Rr	1372	0.076	2011	02	27
W	Rr	1226	0.068	2011	02	20
W	Rr	1524	0.084	2011	02	13
W	Rr	1366	0.075	2011	02	06
W	Rr	958	0.053	2011	01	30
W	Rr	1273	0.070	2011	01	23
W	Rr	1560	0.086	2011	01	16
W	Rr	1472	0.081	2011	01	09
W	Rr	1310	0.072	2011	01	02
W	Rr	798	0.044	2010	12	26
W	Rr	935	0.052	2010	12	19
W	Rr	0	0.000	2010	12	12
W	Rr	0	0.000	2010	12	05
W	Rr	0	0.000	2010	11	28
W	Rr	0	0.000	2010	11	21
W	Rr	0	0.000	2010	11	14
W	Rr	0	0.000	2010	11	07
W	Rr	0	0.000	2010	10	31
W	Rr	0	0.000	2010	10	24
W	Rr	0	0.000	2010	10	17
W	Rr	0	0.000	2010	10	10
W	Rr	0	0.000	2010	10	03
W	Rr	0	0.000	2010	09	26
W	Rr	0	0.000	2010	09	19
W	Rr	0	0.000	2010	09	12
W	Rr	0	0.000	2010	09	05
W	Rr	0	0.000	2010	08	29
W	Rr	0	0.000	2010	08	22
W	Rr	0	0.000	2010	08	15
W	Rr	0	0.000	2010	08	08
W	Rr	0	0.000	2010	08	01
W	Rr	0	0.000	2010	07	25
W	Rr	0	0.000	2010	07	18
W	Rr	0	0.000	2010	07	11
W	Rr	0	0.000	2010	07	04
W	Rr	15	0.001	2010	06	27
W	Rr	914	0.050	2010	06	20
W	Rr	1104	0.061	2010	06	13
W	Rr	1096	0.061	2010	06	06
W	Rr	1171	0.065	2010	05	30
W	Rr	1115	0.062	2010	05	23
W	Rr	1170	0.065	2010	05	16
W	Rr	1334	0.074	2010	05	09
W	Rr	1109	0.061	2010	05	02
W	Rr	1067	0.059	2010	04	25
W	Rr	1212	0.067	2010	04	18
W	Rr	1054	0.058	2010	04	11
W	Rr	1325	0.073	2010	04	04
W	Rr	811	0.045	2010	03	28
W	Rr	1195	0.066	2010	03	21
W	Rr	1338	0.074	2010	03	14
W	Rr	1113	0.061	2010	03	07
W	Rr	1103	0.061	2010	02	28
W	Rr	1290	0.071	2010	02	21
W	Rr	0	0.000	2010	02	14
W	Rr	0	0.000	2010	02	07
W	Rr	0	0.000	2010	01	31
W	Rr	0	0.000	2010	01	24
W	Rr	0	0.000	2010	01	17
W	Rr	0	0.000	2010	01	10
W	Rr	0	0.000	2010	01	03
W	Rr	78	0.004	2009	12	27
W	Rr	945	0.052	2009	12	20
W	Rr	1140	0.063	2009	12	13
W	Rr	1323	0.073	2009	12	06
W	Rr	1518	0.084	2009	11	29
W	Rr	1352	0.075	2009	11	22
W	Rr	1346	0.074	2009	11	15
W	Rr	1416	0.078	2009	11	08
W	Rr	1734	0.096	2009	11	01
W	Rr	1035	0.057	2009	10	25
W	Rr	1297	0.072	2009	10	18
W	Rr	1267	0.070	2009	10	11
W	Rr	1440	0.080	2009	10	04
W	Rr	1521	0.084	2009	09	27
W	Rr	1121	0.062	2009	09	20
W	Rr	875	0.048	2009	09	13
W	Rr	1032	0.057	2009	09	06
W	Rr	1283	0.071	2009	08	30
W	Rr	1214	0.067	2009	08	23
W	Rr	1402	0.077	2009	08	16
W	Rr	1260	0.070	2009	08	09
W	Rr	1404	0.078	2009	08	02
W	Rr	1380	0.076	2009	07	26
W	Rr	1470	0.081	2009	07	19
W	Rr	1750	0.097	2009	07	12
W	Rr	1847	0.102	2009	07	05
W	Rr	1889	0.104	2009	06	28
W	Rr	1312	0.072	2009	06	21
W	Rr	1093	0.060	2009	06	14
W	Rr	1363	0.075	2009	06	07
W	Rr	1251	0.069	2009	05	31
W	Rr	1352	0.075	2009	05	24
W	Rr	1133	0.063	2009	05	17
W	Rr	1887	0.104	2009	05	10
W	Rr	1369	0.076	2009	05	03
W	Rr	1089	0.060	2009	04	26
W	Rr	1160	0.064	2009	04	19
W	Rr	1189	0.066	2009	04	12
W	Rr	1529	0.084	2009	04	05
W	Rr	1155	0.064	2009	03	29
W	Rr	1230	0.068	2009	03	22
W	Rr	1029	0.057	2009	03	15
W	Rr	1234	0.068	2009	03	08
W	Rr	1486	0.082	2009	03	01
W	Rr	1470	0.081	2009	02	22
W	Rr	1198	0.066	2009	02	15
W	Rr	1802	0.100	2009	02	08
W	Rr	1653	0.091	2009	02	01
W	Rr	1346	0.074	2009	01	25
W	Rr	1431	0.079	2009	01	18
W	Rr	1678	0.093	2009	01	11
W	Rr	1591	0.088	2009	01	04
W	Rr	886	0.049	2008	12	28
W	Rr	1148	0.063	2008	12	21
W	Rr	1428	0.079	2008	12	14
W	Rr	1508	0.083	2008	12	07
W	Rr	1194	0.066	2008	11	30
W	Rr	1070	0.059	2008	11	23
W	Rr	1396	0.077	2008	11	16
W	Rr	1255	0.069	2008	11	09
W	Rr	1314	0.073	2008	11	02
W	Rr	1397	0.077	2008	10	26
W	Rr	1638	0.090	2008	10	19
W	Rr	1298	0.072	2008	10	12
W	Rr	430	0.024	2008	10	05
W	Rr	723	0.040	2008	09	28
W	Rr	1308	0.072	2008	09	21
W	Rr	1242	0.069	2008	09	14
W	Rr	1409	0.078	2008	09	07
W	Rr	1142	0.063	2008	08	31
W	Rr	1022	0.056	2008	08	24
W	Rr	1062	0.059	2008	08	17
W	Rr	1188	0.066	2008	08	10
W	Rr	1232	0.068	2008	08	03
W	Rr	1050	0.058	2008	07	27
W	Rr	1272	0.070	2008	07	20
W	Rr	1305	0.072	2008	07	13
W	Rr	1093	0.060	2008	07	06
W	Rr	1182	0.065	2008	06	29
W	Rr	1937	0.107	2008	06	22
W	Rr	1493	0.082	2008	06	15
W	Rr	1083	0.060	2008	06	08
W	Rr	1283	0.071	2008	06	01
W	Rr	1432	0.079	2008	05	25
W	Rr	1726	0.095	2008	05	18
W	Rr	1580	0.087	2008	05	11
W	Rr	2661	0.147	2008	05	04
W	Rr	3648	0.202	2008	04	27
W	Rr	1400	0.077	2008	04	20
W	Rr	1365	0.075	2008	04	13
W	Rr	1213	0.067	2008	04	06
W	Rr	1670	0.092	2008	03	30
W	Rr	1211	0.067	2008	03	23
W	Rr	1144	0.063	2008	03	16
W	Rr	1301	0.072	2008	03	09
W	Rr	1292	0.071	2008	03	02
W	Rr	1427	0.079	2008	02	24
W	Rr	2207	0.122	2008	02	17
W	Rr	1124	0.062	2008	02	10
W	Rr	1561	0.086	2008	02	03
W	Rr	1533	0.085	2008	01	27
W	Rr	1389	0.077	2008	01	20
W	Rr	1133	0.063	2008	01	13
W	Rr	1404	0.078	2008	01	06
W	Rr	976	0.054	2007	12	30
W	Rr	801	0.044	2007	12	23
W	Rr	675	0.037	2007	12	16
W	*BT	R	26220	2024	01	28
D	Rr	62	0.003	2024	04	01
D	Rr	269	0.015	2024	03	31
D	Rr	536	0.030	2024	03	30
D	Rr	837	0.046	2024	03	29
D	Rr	2166	0.120	2024	03	28
D	Rr	1808	0.100	2024	03	27
D	Rr	2406	0.133	2024	03	26
D	Rr	3408	0.188	2024	03	25
D	Rr	2406	0.133	2024	03	24
D	Rr	1080	0.060	2024	03	23
D	Rr	1728	0.095	2024	03	22
D	Rr	2496	0.138	2024	03	21
D	Rr	2442	0.135	2024	03	20
D	Rr	3450	0.191	2024	03	19
D	Rr	1668	0.092	2024	03	18
D	Rr	1176	0.065	2024	03	17
D	Rr	1866	0.103	2024	03	16
D	Rr	2928	0.162	2024	03	15
D	Rr	1464	0.081	2024	03	14
D	Rr	1902	0.105	2024	03	13
D	Rr	3900	0.215	2024	03	12
D	Rr	2634	0.146	2024	03	11
D	Rr	2160	0.119	2024	03	10
D	Rr	1668	0.092	2024	03	09
D	Rr	1074	0.059	2024	03	08
D	Rr	2550	0.141	2024	03	07
D	Rr	1632	0.090	2024	03	06
D	Rr	4470	0.247	2024	03	05
D	Rr	2148	0.119	2024	03	04
D	Rr	2082	0.115	2024	03	03
D	Rr	1242	0.069	2024	03	02
D	Rr	1758	0.097	2024	03	01
D	Rr	3918	0.216	2024	02	29
D	Rr	3474	0.192	2024	02	28
D	Rr	3240	0.179	2024	02	27
D	Rr	1794	0.099	2024	02	26
D	Rr	2352	0.130	2024	02	25
D	Rr	1488	0.082	2024	02	24
D	Rr	1092	0.060	2024	02	23
D	Rr	2172	0.120	2024	02	22
D	Rr	2970	0.164	2024	02	21
D	Rr	2418	0.134	2024	02	20
D	*BT	R	9912	2024	01	29
d	Rr	215088	11.882	Sun
d	Rr	293918	16.236	Mon
d	Rr	295254	16.310	Tue
d	Rr	295459	16.321	Wed
d	Rr	287227	15.867	Thu
d	Rr	267468	14.775	Fri
d	Rr	155858	8.610	Sat
H	Rr	3	0.000	2024	04	01	04
H	Rr	13	0.001	2024	04	01	03
H	Rr	40	0.002	2024	04	01	02
H	Rr	2	0.000	2024	04	01	01
H	Rr	4	0.000	2024	04	01	00
H	Rr	2	0.000	2024	03	31	23
H	Rr	5	0.000	2024	03	31	22
H	Rr	12	0.001	2024	03	31	21
H	Rr	6	0.000	2024	03	31	20
H	Rr	5	0.000	2024	03	31	19
H	Rr	10	0.001	2024	03	31	18
H	Rr	17	0.001	2024	03	31	17
H	Rr	20	0.001	2024	03	31	16
H	Rr	11	0.001	2024	03	31	15
H	Rr	28	0.002	2024	03	31	14
H	Rr	3	0.000	2024	03	31	13
H	Rr	5	0.000	2024	03	31	12
H	Rr	8	0.000	2024	03	31	11
H	Rr	14	0.001	2024	03	31	10
H	Rr	23	0.001	2024	03	31	09
H	Rr	8	0.000	2024	03	31	08
H	Rr	8	0.000	2024	03	31	07
H	Rr	6	0.000	2024	03	31	06
H	Rr	36	0.002	2024	03	31	05
H	Rr	10	0.001	2024	03	31	04
H	Rr	4	0.000	2024	03	31	03
H	Rr	16	0.001	2024	03	31	02
H	Rr	10	0.001	2024	03	31	01
H	Rr	2	0.000	2024	03	31	00
H	Rr	16	0.001	2024	03	30	23
H	Rr	14	0.001	2024	03	30	22
H	Rr	2	0.000	2024	03	30	21
H	Rr	12	0.001	2024	03	30	20
H	Rr	2	0.000	2024	03	30	19
H	Rr	2	0.000	2024	03	30	18
H	Rr	2	0.000	2024	03	30	17
H	Rr	10	0.001	2024	03	30	16
H	Rr	86	0.005	2024	03	30	15
H	Rr	16	0.001	2024	03	30	14
H	Rr	0	0.000	2024	03	30	13
H	Rr	16	0.001	2024	03	30	12
H	Rr	14	0.001	2024	03	30	11
H	Rr	30	0.002	2024	03	30	10
H	Rr	22	0.001	2024	03	30	09
H	Rr	26	0.001	2024	03	30	08
H	Rr	10	0.001	2024	03	30	07
H	Rr	10	0.001	2024	03	30	06
H	Rr	24	0.001	2024	03	30	05
H	Rr	48	0.003	2024	03	30	04
H	Rr	21	0.001	2024	03	30	03
H	Rr	27	0.001	2024	03	30	02
H	Rr	18	0.001	2024	03	30	01
H	Rr	108	0.006	2024	03	30	00
H	Rr	33	0.002	2024	03	29	23
H	Rr	15	0.001	2024	03	29	22
H	Rr	30	0.002	2024	03	29	21
H	Rr	9	0.000	2024	03	29	20
H	Rr	48	0.003	2024	03	29	19
H	Rr	126	0.007	2024	03	29	18
H	Rr	12	0.001	2024	03	29	17
H	Rr	3	0.000	2024	03	29	16
H	Rr	21	0.001	2024	03	29	15
H	Rr	138	0.008	2024	03	29	14
H	Rr	21	0.001	2024	03	29	13
H	Rr	21	0.001	2024	03	29	12
H	Rr	12	0.001	2024	03	29	11
H	Rr	6	0.000	2024	03	29	10
H	Rr	45	0.002	2024	03	29	09
H	Rr	24	0.001	2024	03	29	08
H	Rr	51	0.003	2024	03	29	07
H	Rr	30	0.002	2024	03	29	06
H	Rr	144	0.008	2024	03	29	05
H	*BT	R	1638	2024	01	29	20
h	Rr	70733	3.907	00
h	Rr	66990	3.701	01
h	Rr	68392	3.778	02
h	Rr	69453	3.837	03
h	Rr	68641	3.792	04
h	Rr	67393	3.723	05
h	Rr	63530	3.509	06
h	Rr	61660	3.406	07
h	Rr	58788	3.247	08
h	Rr	57343	3.168	09
h	Rr	60799	3.359	10
h	Rr	62692	3.463	11
h	Rr	61918	3.420	12
h	Rr	67507	3.729	13
h	Rr	83327	4.603	14
h	Rr	88240	4.874	15
h	Rr	97508	5.386	16
h	Rr	99602	5.502	17
h	Rr	100279	5.539	18
h	Rr	98130	5.421	19
h	Rr	95173	5.257	20
h	Rr	87250	4.820	21
h	Rr	80154	4.428	22
h	Rr	74770	4.130	23
4	Rr	2	0.000	2024	04	01	04	45
4	Rr	0	0.000	2024	04	01	04	30
4	Rr	0	0.000	2024	04	01	04	15
4	Rr	1	0.000	2024	04	01	04	00
4	Rr	7	0.000	2024	04	01	03	45
4	Rr	1	0.000	2024	04	01	03	30
4	Rr	5	0.000	2024	04	01	03	15
4	Rr	0	0.000	2024	04	01	03	00
4	Rr	35	0.002	2024	04	01	02	45
4	Rr	3	0.000	2024	04	01	02	30
4	Rr	1	0.000	2024	04	01	02	15
4	Rr	1	0.000	2024	04	01	02	00
4	Rr	0	0.000	2024	04	01	01	45
4	Rr	2	0.000	2024	04	01	01	30
4	Rr	0	0.000	2024	04	01	01	15
4	Rr	0	0.000	2024	04	01	01	00
4	Rr	1	0.000	2024	04	01	00	45
4	Rr	1	0.000	2024	04	01	00	30
4	Rr	0	0.000	2024	04	01	00	15
4	Rr	2	0.000	2024	04	01	00	00
4	Rr	1	0.000	2024	03	31	23	45
4	Rr	0	0.000	2024	03	31	23	30
4	Rr	1	0.000	2024	03	31	23	15
4	Rr	0	0.000	2024	03	31	23	00
4	Rr	3	0.000	2024	03	31	22	45
4	Rr	2	0.000	2024	03	31	22	30
4	Rr	0	0.000	2024	03	31	22	15
4	Rr	0	0.000	2024	03	31	22	00
4	Rr	1	0.000	2024	03	31	21	45
4	Rr	1	0.000	2024	03	31	21	30
4	Rr	6	0.000	2024	03	31	21	15
4	Rr	4	0.000	2024	03	31	21	00
4	Rr	1	0.000	2024	03	31	20	45
4	Rr	3	0.000	2024	03	31	20	30
4	Rr	2	0.000	2024	03	31	20	15
4	Rr	0	0.000	2024	03	31	20	00
4	Rr	2	0.000	2024	03	31	19	45
4	Rr	0	0.000	2024	03	31	19	30
4	Rr	0	0.000	2024	03	31	19	15
4	Rr	3	0.000	2024	03	31	19	00
4	Rr	1	0.000	2024	03	31	18	45
4	Rr	6	0.000	2024	03	31	18	30
4	Rr	3	0.000	2024	03	31	18	15
4	Rr	0	0.000	2024	03	31	18	00
4	Rr	2	0.000	2024	03	31	17	45
4	Rr	1	0.000	2024	03	31	17	30
4	Rr	2	0.000	2024	03	31	17	15
4	Rr	12	0.001	2024	03	31	17	00
4	Rr	12	0.001	2024	03	31	16	45
4	Rr	4	0.000	2024	03	31	16	30
4	Rr	4	0.000	2024	03	31	16	15
4	Rr	0	0.000	2024	03	31	16	00
4	Rr	2	0.000	2024	03	31	15	45
4	Rr	5	0.000	2024	03	31	15	30
4	Rr	0	0.000	2024	03	31	15	15
4	Rr	4	0.000	2024	03	31	15	00
4	Rr	5	0.000	2024	03	31	14	45
4	Rr	4	0.000	2024	03	31	14	30
4	Rr	0	0.000	2024	03	31	14	15
4	Rr	19	0.001	2024	03	31	14	00
4	Rr	2	0.000	2024	03	31	13	45
4	Rr	1	0.000	2024	03	31	13	30
4	Rr	0	0.000	2024	03	31	13	15
4	Rr	0	0.000	2024	03	31	13	00
4	Rr	1	0.000	2024	03	31	12	45
4	Rr	1	0.000	2024	03	31	12	30
4	Rr	2	0.000	2024	03	31	12	15
4	Rr	1	0.000	2024	03	31	12	00
4	Rr	2	0.000	2024	03	31	11	45
4	Rr	3	0.000	2024	03	31	11	30
4	Rr	1	0.000	2024	03	31	11	15
4	Rr	2	0.000	2024	03	31	11	00
4	Rr	3	0.000	2024	03	31	10	45
4	Rr	2	0.000	2024	03	31	10	30
4	Rr	3	0.000	2024	03	31	10	15
4	Rr	6	0.000	2024	03	31	10	00
4	Rr	1	0.000	2024	03	31	09	45
4	Rr	5	0.000	2024	03	31	09	30
4	Rr	11	0.001	2024	03	31	09	15
4	Rr	6	0.000	2024	03	31	09	00
4	Rr	1	0.000	2024	03	31	08	45
4	Rr	1	0.000	2024	03	31	08	30
4	Rr	0	0.000	2024	03	31	08	15
4	Rr	6	0.000	2024	03	31	08	00
4	Rr	0	0.000	2024	03	31	07	45
4	Rr	4	0.000	2024	03	31	07	30
4	Rr	4	0.000	2024	03	31	07	15
4	Rr	0	0.000	2024	03	31	07	00
4	Rr	3	0.000	2024	03	31	06	45
4	Rr	2	0.000	2024	03	31	06	30
4	Rr	1	0.000	2024	03	31	06	15
4	Rr	0	0.000	2024	03	31	06	00
4	Rr	1	0.000	2024	03	31	05	45
4	Rr	1	0.000	2024	03	31	05	30
4	Rr	34	0.002	2024	03	31	05	15
4	Rr	0	0.000	2024	03	31	05	00
4	*BT	R	975	2023	05	08	18	00
6	Rr	17806	0.984	00	00
6	Rr	17054	0.942	00	15
6	Rr	18456	1.020	00	30
6	Rr	17417	0.962	00	45
6	Rr	15827	0.874	01	00
6	Rr	16956	0.937	01	15
6	Rr	16488	0.911	01	30
6	Rr	17719	0.979	01	45
6	Rr	15080	0.833	02	00
6	Rr	18516	1.023	02	15
6	Rr	17927	0.990	02	30
6	Rr	16869	0.932	02	45
6	Rr	16361	0.904	03	00
6	Rr	16573	0.915	03	15
6	Rr	16943	0.936	03	30
6	Rr	19576	1.081	03	45
6	Rr	16847	0.931	04	00
6	Rr	15753	0.870	04	15
6	Rr	17613	0.973	04	30
6	Rr	18428	1.018	04	45
6	Rr	15717	0.868	05	00
6	Rr	18143	1.002	05	15
6	Rr	16350	0.903	05	30
6	Rr	17183	0.949	05	45
6	Rr	16994	0.939	06	00
6	Rr	15226	0.841	06	15
6	Rr	17129	0.946	06	30
6	Rr	14181	0.783	06	45
6	Rr	15753	0.870	07	00
6	Rr	15751	0.870	07	15
6	Rr	15178	0.838	07	30
6	Rr	14978	0.827	07	45
6	Rr	14280	0.789	08	00
6	Rr	14631	0.808	08	15
6	Rr	16307	0.901	08	30
6	Rr	13570	0.750	08	45
6	Rr	14104	0.779	09	00
6	Rr	14327	0.791	09	15
6	Rr	15373	0.849	09	30
6	Rr	13539	0.748	09	45
6	Rr	14113	0.780	10	00
6	Rr	14903	0.823	10	15
6	Rr	16490	0.911	10	30
6	Rr	15293	0.845	10	45
6	Rr	17247	0.953	11	00
6	Rr	15333	0.847	11	15
6	Rr	15965	0.882	11	30
6	Rr	14147	0.781	11	45
6	Rr	16399	0.906	12	00
6	Rr	14635	0.808	12	15
6	Rr	14638	0.809	12	30
6	Rr	16246	0.897	12	45
6	Rr	15145	0.837	13	00
6	Rr	18366	1.015	13	15
6	Rr	17756	0.981	13	30
6	Rr	16240	0.897	13	45
6	Rr	19841	1.096	14	00
6	Rr	22619	1.249	14	15
6	Rr	21220	1.172	14	30
6	Rr	19647	1.085	14	45
6	Rr	20661	1.141	15	00
6	Rr	20911	1.155	15	15
6	Rr	23441	1.295	15	30
6	Rr	23227	1.283	15	45
6	Rr	24011	1.326	16	00
6	Rr	25477	1.407	16	15
6	Rr	23567	1.302	16	30
6	Rr	24453	1.351	16	45
6	Rr	26332	1.455	17	00
6	Rr	24708	1.365	17	15
6	Rr	24729	1.366	17	30
6	Rr	23833	1.317	17	45
6	Rr	25851	1.428	18	00
6	Rr	24614	1.360	18	15
6	Rr	24625	1.360	18	30
6	Rr	25189	1.391	18	45
6	Rr	24789	1.369	19	00
6	Rr	22658	1.252	19	15
6	Rr	24111	1.332	19	30
6	Rr	26572	1.468	19	45
6	Rr	24241	1.339	20	00
6	Rr	24476	1.352	20	15
6	Rr	22902	1.265	20	30
6	Rr	23554	1.301	20	45
6	Rr	22177	1.225	21	00
6	Rr	22343	1.234	21	15
6	Rr	20484	1.132	21	30
6	Rr	22246	1.229	21	45
6	Rr	19061	1.053	22	00
6	Rr	20717	1.144	22	15
6	Rr	20038	1.107	22	30
6	Rr	20338	1.123	22	45
6	Rr	20352	1.124	23	00
6	Rr	20938	1.157	23	15
6	Rr	16159	0.893	23	30
6	Rr	17321	0.957	23	45
5	Rr	2	0.000	2024	04	01	04	50
5	Rr	0	0.000	2024	04	01	04	45
5	Rr	0	0.000	2024	04	01	04	40
5	Rr	0	0.000	2024	04	01	04	35
5	Rr	0	0.000	2024	04	01	04	30
5	Rr	0	0.000	2024	04	01	04	25
5	Rr	0	0.000	2024	04	01	04	20
5	Rr	0	0.000	2024	04	01	04	15
5	Rr	0	0.000	2024	04	01	04	10
5	Rr	1	0.000	2024	04	01	04	05
5	Rr	0	0.000	2024	04	01	04	00
5	Rr	2	0.000	2024	04	01	03	55
5	Rr	1	0.000	2024	04	01	03	50
5	Rr	4	0.000	2024	04	01	03	45
5	Rr	1	0.000	2024	04	01	03	40
5	Rr	0	0.000	2024	04	01	03	35
5	Rr	0	0.000	2024	04	01	03	30
5	Rr	0	0.000	2024	04	01	03	25
5	Rr	5	0.000	2024	04	01	03	20
5	Rr	0	0.000	2024	04	01	03	15
5	Rr	0	0.000	2024	04	01	03	10
5	Rr	0	0.000	2024	04	01	03	05
5	Rr	0	0.000	2024	04	01	03	00
5	Rr	28	0.002	2024	04	01	02	55
5	Rr	6	0.000	2024	04	01	02	50
5	Rr	1	0.000	2024	04	01	02	45
5	Rr	0	0.000	2024	04	01	02	40
5	Rr	1	0.000	2024	04	01	02	35
5	Rr	2	0.000	2024	04	01	02	30
5	Rr	0	0.000	2024	04	01	02	25
5	Rr	1	0.000	2024	04	01	02	20
5	Rr	0	0.000	2024	04	01	02	15
5	Rr	0	0.000	2024	04	01	02	10
5	Rr	1	0.000	2024	04	01	02	05
5	Rr	0	0.000	2024	04	01	02	00
5	Rr	0	0.000	2024	04	01	01	55
5	Rr	0	0.000	2024	04	01	01	50
5	Rr	0	0.000	2024	04	01	01	45
5	Rr	0	0.000	2024	04	01	01	40
5	Rr	2	0.000	2024	04	01	01	35
5	Rr	0	0.000	2024	04	01	01	30
5	Rr	0	0.000	2024	04	01	01	25
5	Rr	0	0.000	2024	04	01	01	20
5	Rr	0	0.000	2024	04	01	01	15
5	Rr	0	0.000	2024	04	01	01	10
5	Rr	0	0.000	2024	04	01	01	05
5	Rr	0	0.000	2024	04	01	01	00
5	Rr	1	0.000	2024	04	01	00	55
5	Rr	0	0.000	2024	04	01	00	50
5	Rr	0	0.000	2024	04	01	00	45
5	Rr	1	0.000	2024	04	01	00	40
5	Rr	0	0.000	2024	04	01	00	35
5	Rr	0	0.000	2024	04	01	00	30
5	Rr	0	0.000	2024	04	01	00	25
5	Rr	0	0.000	2024	04	01	00	20
5	Rr	0	0.000	2024	04	01	00	15
5	Rr	1	0.000	2024	04	01	00	10
5	Rr	0	0.000	2024	04	01	00	05
5	Rr	1	0.000	2024	04	01	00	00
5	Rr	1	0.000	2024	03	31	23	55
5	Rr	0	0.000	2024	03	31	23	50
5	Rr	0	0.000	2024	03	31	23	45
5	Rr	0	0.000	2024	03	31	23	40
5	Rr	0	0.000	2024	03	31	23	35
5	Rr	0	0.000	2024	03	31	23	30
5	Rr	0	0.000	2024	03	31	23	25
5	Rr	0	0.000	2024	03	31	23	20
5	Rr	1	0.000	2024	03	31	23	15
5	Rr	0	0.000	2024	03	31	23	10
5	Rr	0	0.000	2024	03	31	23	05
5	Rr	0	0.000	2024	03	31	23	00
5	Rr	1	0.000	2024	03	31	22	55
5	Rr	2	0.000	2024	03	31	22	50
5	Rr	0	0.000	2024	03	31	22	45
5	Rr	1	0.000	2024	03	31	22	40
5	Rr	0	0.000	2024	03	31	22	35
5	Rr	1	0.000	2024	03	31	22	30
5	Rr	0	0.000	2024	03	31	22	25
5	Rr	0	0.000	2024	03	31	22	20
5	Rr	0	0.000	2024	03	31	22	15
5	Rr	0	0.000	2024	03	31	22	10
5	Rr	0	0.000	2024	03	31	22	05
5	Rr	0	0.000	2024	03	31	22	00
5	Rr	0	0.000	2024	03	31	21	55
5	Rr	0	0.000	2024	03	31	21	50
5	Rr	1	0.000	2024	03	31	21	45
5	Rr	0	0.000	2024	03	31	21	40
5	Rr	1	0.000	2024	03	31	21	35
5	Rr	0	0.000	2024	03	31	21	30
5	Rr	4	0.000	2024	03	31	21	25
5	Rr	1	0.000	2024	03	31	21	20
5	Rr	1	0.000	2024	03	31	21	15
5	Rr	1	0.000	2024	03	31	21	10
5	Rr	2	0.000	2024	03	31	21	05
5	Rr	1	0.000	2024	03	31	21	00
5	Rr	1	0.000	2024	03	31	20	55
5	Rr	0	0.000	2024	03	31	20	50
5	Rr	0	0.000	2024	03	31	20	45
5	Rr	0	0.000	2024	03	31	20	40
5	Rr	1	0.000	2024	03	31	20	35
5	Rr	2	0.000	2024	03	31	20	30
5	Rr	1	0.000	2024	03	31	20	25
5	Rr	1	0.000	2024	03	31	20	20
5	Rr	0	0.000	2024	03	31	20	15
5	Rr	0	0.000	2024	03	31	20	10
5	Rr	0	0.000	2024	03	31	20	05
5	Rr	0	0.000	2024	03	31	20	00
5	Rr	0	0.000	2024	03	31	19	55
5	Rr	0	0.000	2024	03	31	19	50
5	Rr	2	0.000	2024	03	31	19	45
5	Rr	0	0.000	2024	03	31	19	40
5	Rr	0	0.000	2024	03	31	19	35
5	Rr	0	0.000	2024	03	31	19	30
5	Rr	0	0.000	2024	03	31	19	25
5	Rr	0	0.000	2024	03	31	19	20
5	Rr	0	0.000	2024	03	31	19	15
5	Rr	1	0.000	2024	03	31	19	10
5	Rr	0	0.000	2024	03	31	19	05
5	Rr	2	0.000	2024	03	31	19	00
5	Rr	0	0.000	2024	03	31	18	55
5	Rr	1	0.000	2024	03	31	18	50
5	Rr	0	0.000	2024	03	31	18	45
5	Rr	3	0.000	2024	03	31	18	40
5	Rr	1	0.000	2024	03	31	18	35
5	Rr	2	0.000	2024	03	31	18	30
5	Rr	1	0.000	2024	03	31	18	25
5	Rr	1	0.000	2024	03	31	18	20
5	Rr	1	0.000	2024	03	31	18	15
5	Rr	0	0.000	2024	03	31	18	10
5	Rr	0	0.000	2024	03	31	18	05
5	Rr	0	0.000	2024	03	31	18	00
5	Rr	0	0.000	2024	03	31	17	55
5	Rr	0	0.000	2024	03	31	17	50
5	Rr	2	0.000	2024	03	31	17	45
5	Rr	0	0.000	2024	03	31	17	40
5	Rr	0	0.000	2024	03	31	17	35
5	Rr	1	0.000	2024	03	31	17	30
5	Rr	1	0.000	2024	03	31	17	25
5	Rr	0	0.000	2024	03	31	17	20
5	Rr	1	0.000	2024	03	31	17	15
5	Rr	2	0.000	2024	03	31	17	10
5	Rr	10	0.001	2024	03	31	17	05
5	Rr	0	0.000	2024	03	31	17	00
5	Rr	6	0.000	2024	03	31	16	55
5	Rr	3	0.000	2024	03	31	16	50
5	Rr	3	0.000	2024	03	31	16	45
5	Rr	3	0.000	2024	03	31	16	40
5	Rr	0	0.000	2024	03	31	16	35
5	Rr	1	0.000	2024	03	31	16	30
5	Rr	2	0.000	2024	03	31	16	25
5	Rr	2	0.000	2024	03	31	16	20
5	Rr	0	0.000	2024	03	31	16	15
5	Rr	0	0.000	2024	03	31	16	10
5	Rr	0	0.000	2024	03	31	16	05
5	Rr	0	0.000	2024	03	31	16	00
5	Rr	2	0.000	2024	03	31	15	55
5	Rr	0	0.000	2024	03	31	15	50
5	Rr	0	0.000	2024	03	31	15	45
5	Rr	5	0.000	2024	03	31	15	40
5	Rr	0	0.000	2024	03	31	15	35
5	Rr	0	0.000	2024	03	31	15	30
5	Rr	0	0.000	2024	03	31	15	25
5	Rr	0	0.000	2024	03	31	15	20
5	Rr	0	0.000	2024	03	31	15	15
5	Rr	0	0.000	2024	03	31	15	10
5	Rr	3	0.000	2024	03	31	15	05
5	Rr	1	0.000	2024	03	31	15	00
5	Rr	2	0.000	2024	03	31	14	55
5	Rr	1	0.000	2024	03	31	14	50
5	Rr	2	0.000	2024	03	31	14	45
5	Rr	3	0.000	2024	03	31	14	40
5	Rr	0	0.000	2024	03	31	14	35
5	Rr	1	0.000	2024	03	31	14	30
5	Rr	0	0.000	2024	03	31	14	25
5	Rr	0	0.000	2024	03	31	14	20
5	Rr	0	0.000	2024	03	31	14	15
5	Rr	18	0.001	2024	03	31	14	10
5	Rr	0	0.000	2024	03	31	14	05
5	Rr	1	0.000	2024	03	31	14	00
5	Rr	1	0.000	2024	03	31	13	55
5	Rr	1	0.000	2024	03	31	13	50
5	Rr	0	0.000	2024	03	31	13	45
5	Rr	0	0.000	2024	03	31	13	40
5	Rr	0	0.000	2024	03	31	13	35
5	Rr	1	0.000	2024	03	31	13	30
5	Rr	0	0.000	2024	03	31	13	25
5	Rr	0	0.000	2024	03	31	13	20
5	Rr	0	0.000	2024	03	31	13	15
5	Rr	0	0.000	2024	03	31	13	10
5	Rr	0	0.000	2024	03	31	13	05
5	Rr	0	0.000	2024	03	31	13	00
5	Rr	0	0.000	2024	03	31	12	55
5	Rr	1	0.000	2024	03	31	12	50
5	Rr	0	0.000	2024	03	31	12	45
5	Rr	1	0.000	2024	03	31	12	40
5	Rr	0	0.000	2024	03	31	12	35
5	Rr	0	0.000	2024	03	31	12	30
5	Rr	1	0.000	2024	03	31	12	25
5	Rr	1	0.000	2024	03	31	12	20
5	Rr	0	0.000	2024	03	31	12	15
5	Rr	0	0.000	2024	03	31	12	10
5	Rr	1	0.000	2024	03	31	12	05
5	Rr	0	0.000	2024	03	31	12	00
5	Rr	1	0.000	2024	03	31	11	55
5	Rr	0	0.000	2024	03	31	11	50
5	Rr	1	0.000	2024	03	31	11	45
5	Rr	2	0.000	2024	03	31	11	40
5	Rr	0	0.000	2024	03	31	11	35
5	Rr	1	0.000	2024	03	31	11	30
5	Rr	1	0.000	2024	03	31	11	25
5	Rr	0	0.000	2024	03	31	11	20
5	Rr	0	0.000	2024	03	31	11	15
5	Rr	0	0.000	2024	03	31	11	10
5	Rr	1	0.000	2024	03	31	11	05
5	Rr	1	0.000	2024	03	31	11	00
5	Rr	1	0.000	2024	03	31	10	55
5	Rr	1	0.000	2024	03	31	10	50
5	Rr	1	0.000	2024	03	31	10	45
5	Rr	0	0.000	2024	03	31	10	40
5	Rr	0	0.000	2024	03	31	10	35
5	Rr	2	0.000	2024	03	31	10	30
5	Rr	1	0.000	2024	03	31	10	25
5	Rr	2	0.000	2024	03	31	10	20
5	Rr	0	0.000	2024	03	31	10	15
5	Rr	1	0.000	2024	03	31	10	10
5	Rr	0	0.000	2024	03	31	10	05
5	Rr	5	0.000	2024	03	31	10	00
5	Rr	0	0.000	2024	03	31	09	55
5	Rr	1	0.000	2024	03	31	09	50
5	Rr	0	0.000	2024	03	31	09	45
5	Rr	2	0.000	2024	03	31	09	40
5	Rr	3	0.000	2024	03	31	09	35
5	Rr	0	0.000	2024	03	31	09	30
5	Rr	3	0.000	2024	03	31	09	25
5	Rr	4	0.000	2024	03	31	09	20
5	Rr	4	0.000	2024	03	31	09	15
5	Rr	0	0.000	2024	03	31	09	10
5	Rr	2	0.000	2024	03	31	09	05
5	Rr	4	0.000	2024	03	31	09	00
5	Rr	1	0.000	2024	03	31	08	55
5	Rr	0	0.000	2024	03	31	08	50
5	Rr	0	0.000	2024	03	31	08	45
5	Rr	0	0.000	2024	03	31	08	40
5	Rr	0	0.000	2024	03	31	08	35
5	Rr	1	0.000	2024	03	31	08	30
5	Rr	0	0.000	2024	03	31	08	25
5	Rr	0	0.000	2024	03	31	08	20
5	Rr	0	0.000	2024	03	31	08	15
5	Rr	2	0.000	2024	03	31	08	10
5	Rr	4	0.000	2024	03	31	08	05
5	Rr	0	0.000	2024	03	31	08	00
5	Rr	0	0.000	2024	03	31	07	55
5	Rr	0	0.000	2024	03	31	07	50
5	Rr	0	0.000	2024	03	31	07	45
5	Rr	1	0.000	2024	03	31	07	40
5	Rr	3	0.000	2024	03	31	07	35
5	Rr	0	0.000	2024	03	31	07	30
5	Rr	1	0.000	2024	03	31	07	25
5	Rr	2	0.000	2024	03	31	07	20
5	Rr	1	0.000	2024	03	31	07	15
5	Rr	0	0.000	2024	03	31	07	10
5	Rr	0	0.000	2024	03	31	07	05
5	Rr	0	0.000	2024	03	31	07	00
5	Rr	0	0.000	2024	03	31	06	55
5	Rr	2	0.000	2024	03	31	06	50
5	Rr	1	0.000	2024	03	31	06	45
5	Rr	1	0.000	2024	03	31	06	40
5	Rr	1	0.000	2024	03	31	06	35
5	Rr	0	0.000	2024	03	31	06	30
5	Rr	0	0.000	2024	03	31	06	25
5	Rr	1	0.000	2024	03	31	06	20
5	Rr	0	0.000	2024	03	31	06	15
5	Rr	0	0.000	2024	03	31	06	10
5	Rr	0	0.000	2024	03	31	06	05
5	Rr	0	0.000	2024	03	31	06	00
5	Rr	1	0.000	2024	03	31	05	55
5	Rr	0	0.000	2024	03	31	05	50
5	Rr	0	0.000	2024	03	31	05	45
5	Rr	0	0.000	2024	03	31	05	40
5	Rr	1	0.000	2024	03	31	05	35
5	Rr	0	0.000	2024	03	31	05	30
5	Rr	0	0.000	2024	03	31	05	25
5	Rr	0	0.000	2024	03	31	05	20
5	Rr	34	0.002	2024	03	31	05	15
5	Rr	0	0.000	2024	03	31	05	10
5	Rr	0	0.000	2024	03	31	05	05
5	Rr	0	0.000	2024	03	31	05	00
5	Rr	2	0.000	2024	03	31	04	55
5	*BT	R	945	2023	05	08	18	00
7	Rr	6311	0.349	00	00
7	Rr	5420	0.299	00	05
7	Rr	6075	0.336	00	10
7	Rr	4609	0.255	00	15
7	Rr	5507	0.304	00	20
7	Rr	6938	0.383	00	25
7	Rr	5620	0.310	00	30
7	Rr	7009	0.387	00	35
7	Rr	5827	0.322	00	40
7	Rr	5563	0.307	00	45
7	Rr	6189	0.342	00	50
7	Rr	5665	0.313	00	55
7	Rr	5756	0.318	01	00
7	Rr	5064	0.280	01	05
7	Rr	5007	0.277	01	10
7	Rr	5345	0.295	01	15
7	Rr	6122	0.338	01	20
7	Rr	5489	0.303	01	25
7	Rr	5247	0.290	01	30
7	Rr	5468	0.302	01	35
7	Rr	5773	0.319	01	40
7	Rr	5620	0.310	01	45
7	Rr	6532	0.361	01	50
7	Rr	5567	0.308	01	55
7	Rr	5135	0.284	02	00
7	Rr	4921	0.272	02	05
7	Rr	5024	0.278	02	10
7	Rr	6764	0.374	02	15
7	Rr	5629	0.311	02	20
7	Rr	6123	0.338	02	25
7	Rr	6581	0.364	02	30
7	Rr	5675	0.313	02	35
7	Rr	5671	0.313	02	40
7	Rr	4907	0.271	02	45
7	Rr	5853	0.323	02	50
7	Rr	6109	0.337	02	55
7	Rr	5939	0.328	03	00
7	Rr	5205	0.288	03	05
7	Rr	5217	0.288	03	10
7	Rr	5413	0.299	03	15
7	Rr	5657	0.312	03	20
7	Rr	5503	0.304	03	25
7	Rr	5557	0.307	03	30
7	Rr	5608	0.310	03	35
7	Rr	5778	0.319	03	40
7	Rr	6210	0.343	03	45
7	Rr	7090	0.392	03	50
7	Rr	6276	0.347	03	55
7	Rr	5389	0.298	04	00
7	Rr	5795	0.320	04	05
7	Rr	5663	0.313	04	10
7	Rr	5567	0.308	04	15
7	Rr	4944	0.273	04	20
7	Rr	5242	0.290	04	25
7	Rr	5383	0.297	04	30
7	Rr	5498	0.304	04	35
7	Rr	6732	0.372	04	40
7	Rr	5966	0.330	04	45
7	Rr	6268	0.346	04	50
7	Rr	6194	0.342	04	55
7	Rr	5418	0.299	05	00
7	Rr	5331	0.294	05	05
7	Rr	4968	0.274	05	10
7	Rr	6735	0.372	05	15
7	Rr	5985	0.331	05	20
7	Rr	5423	0.300	05	25
7	Rr	5301	0.293	05	30
7	Rr	5435	0.300	05	35
7	Rr	5614	0.310	05	40
7	Rr	6142	0.339	05	45
7	Rr	5200	0.287	05	50
7	Rr	5841	0.323	05	55
7	Rr	4929	0.272	06	00
7	Rr	6091	0.336	06	05
7	Rr	5974	0.330	06	10
7	Rr	5766	0.319	06	15
7	Rr	4375	0.242	06	20
7	Rr	5085	0.281	06	25
7	Rr	6042	0.334	06	30
7	Rr	6150	0.340	06	35
7	Rr	4937	0.273	06	40
7	Rr	4778	0.264	06	45
7	Rr	4959	0.274	06	50
7	Rr	4444	0.245	06	55
7	Rr	6306	0.348	07	00
7	Rr	4555	0.252	07	05
7	Rr	4892	0.270	07	10
7	Rr	4740	0.262	07	15
7	Rr	5614	0.310	07	20
7	Rr	5397	0.298	07	25
7	Rr	5255	0.290	07	30
7	Rr	5033	0.278	07	35
7	Rr	4890	0.270	07	40
7	Rr	5633	0.311	07	45
7	Rr	4347	0.240	07	50
7	Rr	4998	0.276	07	55
7	Rr	4932	0.272	08	00
7	Rr	4611	0.255	08	05
7	Rr	4737	0.262	08	10
7	Rr	4619	0.255	08	15
7	Rr	4846	0.268	08	20
7	Rr	5166	0.285	08	25
7	Rr	5117	0.283	08	30
7	Rr	5125	0.283	08	35
7	Rr	6065	0.335	08	40
7	Rr	4953	0.274	08	45
7	Rr	4447	0.246	08	50
7	Rr	4170	0.230	08	55
7	Rr	4432	0.245	09	00
7	Rr	4657	0.257	09	05
7	Rr	5015	0.277	09	10
7	Rr	3820	0.211	09	15
7	Rr	4644	0.257	09	20
7	Rr	5863	0.324	09	25
7	Rr	4520	0.250	09	30
7	Rr	5345	0.295	09	35
7	Rr	5508	0.304	09	40
7	Rr	5047	0.279	09	45
7	Rr	4098	0.226	09	50
7	Rr	4394	0.243	09	55
7	Rr	4719	0.261	10	00
7	Rr	4324	0.239	10	05
7	Rr	5070	0.280	10	10
7	Rr	4367	0.241	10	15
7	Rr	5182	0.286	10	20
7	Rr	5354	0.296	10	25
7	Rr	5261	0.291	10	30
7	Rr	5526	0.305	10	35
7	Rr	5703	0.315	10	40
7	Rr	4675	0.258	10	45
7	Rr	5773	0.319	10	50
7	Rr	4845	0.268	10	55
7	Rr	6407	0.354	11	00
7	Rr	5571	0.308	11	05
7	Rr	5269	0.291	11	10
7	Rr	4805	0.265	11	15
7	Rr	4371	0.241	11	20
7	Rr	6157	0.340	11	25
7	Rr	6836	0.378	11	30
7	Rr	4483	0.248	11	35
7	Rr	4646	0.257	11	40
7	Rr	5117	0.283	11	45
7	Rr	4604	0.254	11	50
7	Rr	4426	0.244	11	55
7	Rr	5151	0.285	12	00
7	Rr	5736	0.317	12	05
7	Rr	5512	0.304	12	10
7	Rr	4532	0.250	12	15
7	Rr	4803	0.265	12	20
7	Rr	5300	0.293	12	25
7	Rr	4869	0.269	12	30
7	Rr	4933	0.273	12	35
7	Rr	4836	0.267	12	40
7	Rr	5097	0.282	12	45
7	Rr	5681	0.314	12	50
7	Rr	5468	0.302	12	55
7	Rr	5144	0.284	13	00
7	Rr	4607	0.254	13	05
7	Rr	5394	0.298	13	10
7	Rr	6267	0.346	13	15
7	Rr	6285	0.347	13	20
7	Rr	5814	0.321	13	25
7	Rr	5251	0.290	13	30
7	Rr	6123	0.338	13	35
7	Rr	6382	0.353	13	40
7	Rr	4502	0.249	13	45
7	Rr	5998	0.331	13	50
7	Rr	5740	0.317	13	55
7	Rr	6515	0.360	14	00
7	Rr	6602	0.365	14	05
7	Rr	6724	0.371	14	10
7	Rr	7981	0.441	14	15
7	Rr	7555	0.417	14	20
7	Rr	7083	0.391	14	25
7	Rr	7381	0.408	14	30
7	Rr	6731	0.372	14	35
7	Rr	7108	0.393	14	40
7	Rr	6515	0.360	14	45
7	Rr	5667	0.313	14	50
7	Rr	7465	0.412	14	55
7	Rr	7393	0.408	15	00
7	Rr	6223	0.344	15	05
7	Rr	7045	0.389	15	10
7	Rr	6167	0.341	15	15
7	Rr	7834	0.433	15	20
7	Rr	6910	0.382	15	25
7	Rr	7466	0.412	15	30
7	Rr	7364	0.407	15	35
7	Rr	8611	0.476	15	40
7	Rr	6435	0.355	15	45
7	Rr	8144	0.450	15	50
7	Rr	8648	0.478	15	55
7	Rr	7501	0.414	16	00
7	Rr	8219	0.454	16	05
7	Rr	8291	0.458	16	10
7	Rr	9024	0.498	16	15
7	Rr	8424	0.465	16	20
7	Rr	8029	0.444	16	25
7	Rr	7348	0.406	16	30
7	Rr	8575	0.474	16	35
7	Rr	7644	0.422	16	40
7	Rr	8330	0.460	16	45
7	Rr	9085	0.502	16	50
7	Rr	7038	0.389	16	55
7	Rr	8697	0.480	17	00
7	Rr	9265	0.512	17	05
7	Rr	8370	0.462	17	10
7	Rr	7611	0.420	17	15
7	Rr	8735	0.483	17	20
7	Rr	8362	0.462	17	25
7	Rr	8784	0.485	17	30
7	Rr	7818	0.432	17	35
7	Rr	8127	0.449	17	40
7	Rr	7909	0.437	17	45
7	Rr	7911	0.437	17	50
7	Rr	8013	0.443	17	55
7	Rr	9626	0.532	18	00
7	Rr	8241	0.455	18	05
7	Rr	7984	0.441	18	10
7	Rr	8968	0.495	18	15
7	Rr	7906	0.437	18	20
7	Rr	7740	0.428	18	25
7	Rr	8167	0.451	18	30
7	Rr	6961	0.385	18	35
7	Rr	9497	0.525	18	40
7	Rr	7537	0.416	18	45
7	Rr	9360	0.517	18	50
7	Rr	8292	0.458	18	55
7	Rr	8857	0.489	19	00
7	Rr	7484	0.413	19	05
7	Rr	8448	0.467	19	10
7	Rr	7452	0.412	19	15
7	Rr	7173	0.396	19	20
7	Rr	8033	0.444	19	25
7	Rr	7695	0.425	19	30
7	Rr	9233	0.510	19	35
7	Rr	7183	0.397	19	40
7	Rr	8718	0.482	19	45
7	Rr	8601	0.475	19	50
7	Rr	9253	0.511	19	55
7	Rr	8386	0.463	20	00
7	Rr	8131	0.449	20	05
7	Rr	7724	0.427	20	10
7	Rr	7374	0.407	20	15
7	Rr	9165	0.506	20	20
7	Rr	7937	0.438	20	25
7	Rr	7759	0.429	20	30
7	Rr	8133	0.449	20	35
7	Rr	7010	0.387	20	40
7	Rr	8400	0.464	20	45
7	Rr	8131	0.449	20	50
7	Rr	7023	0.388	20	55
7	Rr	7965	0.440	21	00
7	Rr	7472	0.413	21	05
7	Rr	6740	0.372	21	10
7	Rr	7188	0.397	21	15
7	Rr	7495	0.414	21	20
7	Rr	7660	0.423	21	25
7	Rr	6268	0.346	21	30
7	Rr	7515	0.415	21	35
7	Rr	6701	0.370	21	40
7	Rr	8821	0.487	21	45
7	Rr	7610	0.420	21	50
7	Rr	5815	0.321	21	55
7	Rr	5992	0.331	22	00
7	Rr	6186	0.342	22	05
7	Rr	6883	0.380	22	10
7	Rr	7040	0.389	22	15
7	Rr	7101	0.392	22	20
7	Rr	6576	0.363	22	25
7	Rr	6512	0.360	22	30
7	Rr	7477	0.413	22	35
7	Rr	6049	0.334	22	40
7	Rr	6967	0.385	22	45
7	Rr	6778	0.374	22	50
7	Rr	6593	0.364	22	55
7	Rr	6871	0.380	23	00
7	Rr	6577	0.363	23	05
7	Rr	6904	0.381	23	10
7	Rr	7262	0.401	23	15
7	Rr	7558	0.418	23	20
7	Rr	6118	0.338	23	25
7	Rr	5350	0.296	23	30
7	Rr	5374	0.297	23	35
7	Rr	5435	0.300	23	40
7	Rr	5155	0.285	23	45
7	Rr	6067	0.335	23	50
7	Rr	6099	0.337	23	55
o	*f	0R	r
o	lRQ	1	1810272	1154676831	[unresolved numerical addresses]
Z	*f	-20R	r
Z	lRb	1	84337	3.582	98
Z	lRb	1	82623	2.566	66.249
Z	lRb	1	57288	2.524	51
Z	lRb	1	56238	1.794	34
Z	lRb	1	49882	2.025	35
Z	lRb	1	44501	1.401	69
Z	lRb	1	34516	0.506	49
Z	lRb	1	33446	2.897	54
Z	lRb	1	30139	0.945	123
Z	lRb	1	28062	2.331	40
Z	lRb	1	26247	0.641	46
Z	lRb	1	26168	1.170	104
Z	lRb	1	25774	1.160	76
Z	lRb	1	25693	2.469	157.55
Z	lRb	1	23825	2.596	70
Z	lRb	1	21306	1.924	207.46
Z	lRb	1	21291	1.032	52
Z	lRb	1	19778	1.539	72
Z	lRb	1	16780	0.895	75
Z	lRb	1	16114	0.894	107
Z	lRb	1	1086264	65.108	[not listed: 9211]
S	*f	-50P	r
S	Rb	4702	0.294	14.33.246.211
S	Rb	3913	0.027	162.55.85.223
S	Rb	3866	0.592	192.234.235.103
S	Rb	3517	0.000	66.249.66.166
S	Rb	3403	0.222	216.244.66.229
S	Rb	3248	0.184	192.99.15.146
S	Rb	2542	0.020	49.7.20.111
S	Rb	2489	0.009	49.7.20.105
S	Rb	2437	0.107	68.66.226.98
S	Rb	2341	0.102	100.43.83.148
S	Rb	2323	0.003	66.249.66.195
S	Rb	2232	0.000	66.249.66.164
S	Rb	2091	0.000	66.249.66.165
S	Rb	1992	0.051	66.249.75.109
S	Rb	1842	0.000	66.249.66.196
S	Rb	1829	0.111	37.59.14.116
S	Rb	1781	0.161	75.98.173.33
S	Rb	1750	0.000	66.249.66.167
S	Rb	1736	0.215	79.125.27.96
S	Rb	1698	0.000	66.249.66.197
S	Rb	1646	0.076	40.88.21.235
S	Rb	1597	0.097	78.155.138.20
S	Rb	1566	0.000	62.194.247.203
S	Rb	1543	0.055	199.21.99.79
S	Rb	1467	0.000	49.7.20.135
S	Rb	1459	0.008	92.249.127.111
S	Rb	1352	0.045	49.7.20.102
S	Rb	1340	0.001	66.249.66.168
S	Rb	1330	0.014	109.102.111.58
S	Rb	1312	0.033	205.203.134.197
S	Rb	1304	0.144	5.196.13.127
S	Rb	1294	0.000	66.249.66.72
S	Rb	1285	0.033	144.76.27.118
S	Rb	1276	0.089	208.115.113.82
S	Rb	1270	0.048	95.108.248.29
S	Rb	1213	0.014	52.35.20.1
S	Rb	1155	0.173	75.98.173.84
S	Rb	1142	0.001	91.207.9.226
S	Rb	1107	0.012	66.249.69.97
S	Rb	1081	0.014	66.249.69.81
S	Rb	1074	0.000	49.7.21.96
S	Rb	1048	0.064	157.90.182.26
S	Rb	1047	0.013	106.38.241.144
S	Rb	1039	0.011	66.249.69.89
S	Rb	1030	0.073	5.255.250.90
S	Rb	1024	0.055	95.108.150.235
S	Rb	1016	0.009	78.129.149.5
S	Rb	1012	0.061	192.99.6.132
S	Rb	918	0.000	49.7.21.93
S	Rb	811	0.000	123.183.224.65
S	Rb	1721782	96.756	[not listed: 110984]
s	*FR	2013	12	18	21	53
s	*LR	2024	04	01	04	52
s	*f	-20R	s
s	lRS	1	544724	861	http://www.gtaeronautics.com/
s	lRS	1	128739	177	http://gtaeronautics.com/
s	lRS	1	9406	13	https://www.google.com/
s	lRS	1	1743	1	http://www.google.com/
s	lRS	1	569	1	https://www.bing.com/
s	lRS	1	1287	0	http://www.baidu.com/
s	lRS	1	1159	0	http://www.trainingindustry.com/
s	lRS	1	609	0	http://www.mfgpages.com/
s	lRS	1	604	0	http://www.openfos.com/
s	lRS	1	517	0	http://www.topicway.com/
s	lRS	1	462	0	http://anti-crisis-seo.com/
s	lRS	1	436	0	http://baidu.com/
s	lRS	1	420	0	http://122.144.179.12/
s	lRS	1	399	0	https://www.thomasnet.com/
s	lRS	1	395	0	http://uptime.com/
s	lRS	1	362	0	http://semalt.semalt.com/
s	lRS	1	328	0	http://www.bing.com/
s	lRS	1	301	0	http://chimiver.info/
s	lRS	1	286	0	http://google.com/
s	lRS	1	281	0	https://www.google.co.in/
s	lRS	1	50906	17	[not listed: 4435]
f	*FR	2013	12	18	21	53
f	*LR	2024	04	01	04	52
f	*f	-30R	s
f	lRS	1	409116	699	http://www.gtaeronautics.com/
f	lRS	1	10146	76	http://gtaeronautics.com/links.html
f	lRS	1	82970	57	http://gtaeronautics.com/
f	lRS	1	14389	39	http://www.gtaeronautics.com/index.html
f	lRS	1	19523	30	http://www.gtaeronautics.com/aboutus.html
f	lRS	1	6360	18	http://www.gtaeronautics.com/GT380 RPAS.html
f	lRS	1	4338	17	http://gtaeronautics.com/contactus.html
f	lRS	1	8720	13	https://www.google.com/
f	lRS	1	4417	11	http://www.gtaeronautics.com/GT50T RPAS.html
f	lRS	1	3618	7	http://gtaeronautics.com/aboutus.html
f	lRS	1	3626	6	http://www.gtaeronautics.com/RD.html
f	lRS	1	3173	6	http://www.gtaeronautics.com/CFMT.html
f	lRS	1	2765	6	http://www.gtaeronautics.com/GT100HL RPAS.html
f	lRS	1	4487	4	http://www.gtaeronautics.com/pna.html
f	lRS	1	11089	3	http://www.gtaeronautics.com/CCT&M.html
f	lRS	1	9110	3	http://www.gtaeronautics.com/UASFC.html
f	lRS	1	6991	3	http://www.gtaeronautics.com/ConsultingA.html
f	lRS	1	4642	3	http://www.gtaeronautics.com/CompNews.html
f	lRS	1	3318	3	http://www.gtaeronautics.com/IndNews.html
f	lRS	1	4548	2	http://www.gtaeronautics.com/GT1500 RPAS.html
f	lRS	1	3848	2	http://www.gtaeronautics.com/contactus.html
f	lRS	1	2147	2	http://www.gtaeronautics.com/EMPLOYMENT.html
f	lRS	1	5903	1	http://gtaeronautics.com/IndNews.html
f	lRS	1	4569	1	http://www.gtaeronautics.com/SRU.html
f	lRS	1	3363	1	http://www.gtaeronautics.com/consultinga.html
f	lRS	1	3288	1	http://gtaeronautics.com/index.html
f	lRS	1	5706	0	http://www.gtaeronautics.com/compnews.html
f	lRS	1	2790	0	http://gtaeronautics.com/CCT&M.html
f	lRS	1	2612	0	http://www.gtaeronautics.com/uasfc.html
f	lRS	1	2241	0	http://gtaeronautics.com/ConsultingA.html
f	lRS	1	90120	56	[not listed: 5145]
n	*FR	2013	12	19	00	28
n	*LR	2020	10	14	09	11
n	*f	0.500000%Q	s
n	Rq	1	217.093	kit
n	Rq	1	217.093	method
n	Rq	2	172.620	crew
n	Rq	28	67.857	aeronautical
n	Rq	1	217.093	airplane.com
n	Rq	5	39.201	faa
n	Rq	40	62.585	gt
n	Rq	1	217.093	moldings
n	Rq	1	217.093	twin
n	Rq	1	217.093	taranis
n	Rq	2	217.093	installerex
n	Rq	2	217.093	http://gtaeronautics.com/
n	Rq	20	78.402	in
n	Rq	1	217.093	scale
n	Rq	1	217.093	observer
n	Rq	1	217.093	drawing?
n	Rq	2	217.093	is
n	Rq	1	217.093	making
n	Rq	2	172.620	fiber
n	Rq	1	217.093	mitsubishi
n	Rq	1	217.093	fuze
n	Rq	1	217.093	http://www.gtaeronautics.com/indnews.html
n	Rq	92	217.093	semalt.com
n	Rq	1	217.093	consultant
n	Rq	15	83.674	manufacturing
n	Rq	1	217.093	2
n	Rq	1	217.093	base
n	Rq	14	162.075	6
n	Rq	1	217.093	http://gtaeronautics.com/indnews.html
n	Rq	1	217.093	always
n	Rq	28	196.004	engineering
n	Rq	1	217.093	northrop
n	Rq	1	217.093	bandwidth
n	Rq	1	217.093	vegas
n	Rq	3	172.620	basic
n	Rq	1	217.093	qinetiq
n	Rq	1	217.093	tooling
n	Rq	1	217.093	on
n	Rq	1	217.093	heavy
n	Rq	9	167.348	drawings
n	Rq	1	217.093	fia
n	Rq	4	217.093	louis%20vuitton%20fashion%20valley%20phone%20number
n	Rq	3	217.093	llc
n	Rq	3	128.147	rullman
n	Rq	1	217.093	cowling
n	Rq	32	128.147	sale
n	Rq	64	256.293	outlet
n	Rq	1	217.093	rotax
n	Rq	1	217.093	ucav
n	Rq	28	240.477	texan
n	Rq	1	217.093	a
n	Rq	2	217.093	customer
n	Rq	1	217.093	rpa
n	Rq	2	172.620	110cc
n	Rq	30	217.093	designer
n	Rq	20	39.201	www.gtaeronautics.com
n	Rq	1	217.093	work
n	Rq	1	217.093	thomas
n	Rq	1	217.093	engie
n	Rq	1	217.093	qualification
n	Rq	1	217.093	custom
n	Rq	1	217.093	mk3
n	Rq	1	217.093	t
n	Rq	1	217.093	uavs
n	Rq	1	217.093	w
n	Rq	2	217.093	satisfaction
n	Rq	2	172.620	x
n	Rq	1	217.093	crews
n	Rq	3	217.093	photos
n	Rq	1	217.093	finnemeccia
n	Rq	2	172.620	glass
n	Rq	1	128.147	to
n	Rq	1	217.093	gcs
n	Rq	5	39.201	engineer
n	Rq	1	217.093	government
n	Rq	1	217.093	operator
n	Rq	6	256.293	aircraft
n	Rq	1	217.093	with
n	Rq	97	172.620	number
n	Rq	4	128.147	for
n	Rq	1	217.093	december
n	Rq	2	172.620	aero
n	Rq	9	172.620	equipment
n	Rq	2	172.620	engine
n	Rq	1	217.093	mq1
n	Rq	2	172.620	wy
n	Rq	1	217.093	custum
n	Rq	1	217.093	g.t
n	Rq	1	217.093	mechanics
n	Rq	1	172.620	motors
n	Rq	1	217.093	tdw
n	Rq	32	39.201	luggage
n	Rq	1	217.093	opportunities
n	Rq	175	28.657	vuitton
n	Rq	1	217.093	show
n	Rq	1	128.147	the
n	Rq	1	217.093	luggages
n	Rq	1	217.093	stroke
n	Rq	2	217.093	explore
n	Rq	39	172.620	handbags
n	Rq	2	172.620	electric
n	Rq	1	217.093	space
n	Rq	1	172.620	air
n	Rq	1	217.093	quote
n	Rq	1	217.093	require
n	Rq	1	217.093	mpp
n	Rq	4	172.620	jobs
n	Rq	5	39.201	uas
n	Rq	1	217.093	anything
n	Rq	1	217.093	china
n	Rq	1	217.093	airplane
n	Rq	10	78.402	uav
n	Rq	2	217.093	wmaid.com
n	Rq	3	83.674	drone
n	Rq	7	211.821	fiberglass
n	Rq	2	217.093	facebook
n	Rq	1	217.093	college
n	Rq	4	83.674	onboard
n	Rq	3	172.620	gtaeronautics.com
n	Rq	1	217.093	qulificationa
n	Rq	21	206.548	simi
n	Rq	1	217.093	and
n	Rq	5	128.147	flight
n	Rq	17	206.548	at6
n	Rq	1	217.093	xtreme
n	Rq	1	217.093	maintenance
n	Rq	1	217.093	cody
n	Rq	1	217.093	systems
n	Rq	1	217.093	any
n	Rq	1	217.093	tom
n	Rq	1	217.093	payload
n	Rq	2	172.620	gta
n	Rq	2	217.093	granger
n	Rq	8	211.821	extreme
n	Rq	6	39.201	molding
n	Rq	2	217.093	easylifeapp
n	Rq	1	217.093	rating
n	Rq	2	217.093	whitelaw
n	Rq	126	211.821	fashion
n	Rq	2	172.620	ice
n	Rq	2	217.093	http://www.gtaeronautics.com/compnews.html
n	Rq	5	172.620	engineers
n	Rq	3	172.620	composite
n	Rq	1	217.093	skyforce
n	Rq	1	217.093	eengineer
n	Rq	175	28.657	louis
n	Rq	8	217.093	store
n	Rq	4	83.674	starter
n	Rq	14	83.674	cheap
n	Rq	1	217.093	diamond
n	Rq	10	122.875	bme
n	Rq	1	217.093	america2009
n	Rq	7	217.093	content
n	Rq	1	217.093	challenge
n	Rq	2	172.620	aeronautic
n	Rq	1	217.093	piece
n	Rq	1	217.093	how
n	Rq	1	217.093	male
n	Rq	2	172.620	design
n	Rq	2	172.620	flying
n	Rq	1	217.093	carbon
n	Rq	1	217.093	operation
n	Rq	2	217.093	profile
n	Rq	1	217.093	tomas
n	Rq	1	217.093	cia
n	Rq	1	217.093	hummingbird
n	Rq	1	217.093	iron
n	Rq	1	217.093	california
n	Rq	1	217.093	amphibian
n	Rq	1	217.093	110
n	Rq	1	217.093	mentioned
n	Rq	1	217.093	111
n	Rq	1	217.093	over
n	Rq	25	67.857	http://www.gtaeronautics.com/
n	Rq	1	217.093	google.com
n	Rq	1	217.093	fuel
n	Rq	2	217.093	inc
n	Rq	1	217.093	handbag.com
n	Rq	1	217.093	da42
n	Rq	2	172.620	certification
n	Rq	1	217.093	timing
n	Rq	1	217.093	2015
n	Rq	1	217.093	home
n	Rq	1	217.093	aerospacecompanies
n	Rq	1	217.093	anti
n	Rq	1	217.093	ziroli
n	Rq	1	217.093	sketches
n	Rq	5	217.093	purses
n	Rq	1	217.093	downlink
n	Rq	3	217.093	aeronotics
n	Rq	1	217.093	nanotechnology
n	Rq	1	217.093	zephyr
n	Rq	4	217.093	wyoming
n	Rq	2	217.093	technology
n	Rq	3	128.147	companies
n	Rq	1	217.093	muffler
n	Rq	2	217.093	avia
n	Rq	2	217.093	what
n	Rq	145	201.276	valley
n	Rq	1	217.093	microwave
n	Rq	1	217.093	mold
n	Rq	5	83.674	pglm
n	Rq	1	217.093	specialist
n	Rq	23	156.803	drawing
n	Rq	1	217.093	tool
n	Rq	1	217.093	security
n	Rq	6	172.620	prototypes
n	Rq	1	217.093	giant
n	Rq	1	217.093	powell
n	Rq	8	211.821	aerospace
n	Rq	4	83.674	unmanned
n	Rq	34	151.531	aeronautics
n	Rq	1	217.093	radius
n	Rq	1	217.093	zero
n	Rq	1	217.093	tobbot
n	Rq	2	172.620	job
n	Rq	2	172.620	neverfull
n	Rq	1	217.093	onbordstarter
n	Rq	20	83.674	ca
n	Rq	1	172.620	as
n	Rq	13	206.548	at
n	Rq	5	39.201	techniques
n	Rq	1	217.093	does
n	Rq	1	217.093	commercial
n	Rq	1	217.093	www.gt
n	Rq	1	217.093	de
n	Rq	1	217.093	co
n	Rq	1	217.093	speedy
n	Rq	1	217.093	rpas
n	Rq	2	172.620	instrument
n	Rq	1	217.093	do
n	Rq	1	217.093	quotation
n	Rq	3	128.147	training
n	Rq	1	217.093	efi
n	Rq	1	217.093	careers
n	Rq	3	128.147	pilot
n	Rq	9	167.348	bandito
n	Rq	4	83.674	quotes
n	Rq	107	83.674	phone
n	Rq	1	217.093	stations
n	Rq	1	217.093	traing
N	*FR	2013	12	19	00	28
N	*LR	2020	10	14	09	11
N	*f	-200Q	s
N	RQ	7	4208397680	bme extreme
N	RQ	7	4208397680	aerospace engineering drawings
N	RQ	14	4121828064	aeronautical engineering drawing
N	RQ	1	3564711144	uavs flying over simi valley ca
N	RQ	1	3564711144	gt aeronautics simi valley california
N	RQ	1	3564711144	aeronautical engineer quote
N	RQ	1	3564711144	does aeronautical engineering require drawing?
N	RQ	1	3564711144	how to do gt in engineering drawing
N	RQ	2	3564711144	http://gtaeronautics.com/
N	RQ	1	3564711144	the government college g.t aeronautics
N	RQ	1	3564711144	bme engine
N	RQ	1	3564711144	uas gcs
N	RQ	1	3564711144	http://www.gtaeronautics.com/indnews.html
N	RQ	92	3564711144	semalt.com
N	RQ	1	3564711144	aero iron mentioned nanotechnology hummingbird uav
N	RQ	1	3564711144	basic fiberglass techniques
N	RQ	1	3564711144	http://gtaeronautics.com/indnews.html
N	RQ	1	3564711144	finnemeccia co
N	RQ	2	3564711144	drawing for customer satisfaction
N	RQ	1	3564711144	cheap louis vuitton speedy handbag.com
N	RQ	1	3564711144	at 6
N	RQ	1	3564711144	quotation specialist engineer drawings
N	RQ	1	3564711144	challenge xtreme 111 piece mechanics tool kit
N	RQ	1	3564711144	uav commercial crew stations
N	RQ	1	3564711144	da42 mpp microwave downlink bandwidth
N	RQ	1	3564711144	anti ice de ice qinetiq zephyr
N	RQ	4	3564711144	louis%20vuitton%20fashion%20valley%20phone%20number
N	RQ	1	3564711144	faa uas pilot certification
N	RQ	1	3564711144	any flying crews in gta
N	RQ	1	3564711144	aerospace drawing
N	RQ	1	3564711144	fiber glass molding job
N	RQ	1	3564711144	aircraft design consultant
N	RQ	1	3564711144	www.gt airplane.com
N	RQ	3	3564711144	gt in aeronotics
N	RQ	1	3564711144	tom rullman
N	RQ	1	3564711144	gt aeronautics simi valley ca
N	RQ	1	3564711144	drone base in simi valley
N	RQ	1	3564711144	fiberglass mold making techniques
N	RQ	1	3564711144	rpa instrument qualification faa instrument rating
N	RQ	1	3564711144	extreme bme
N	RQ	1	3564711144	uas faa maintenance
N	RQ	1	3564711144	louis vuitton neverfull
N	RQ	1	3564711144	fiberglass techniques
N	RQ	1	3564711144	aircraft companies in simi valley
N	RQ	1	3564711144	custom fiberglass moldings
N	RQ	11	3564711144	louis vuitton luggage cheap
N	RQ	1	3564711144	anything
N	RQ	1	3564711144	aeronautical engineering sketches
N	RQ	1	3564711144	gtaeronautics.com
N	RQ	1	3564711144	giant scale ziroli at 6
N	RQ	9	3564711144	outlet louis vuitton handbags
N	RQ	1	3564711144	cowling drawing
N	RQ	1	3564711144	mitsubishi zero
N	RQ	1	3564711144	powell wy gt aeronautics
N	RQ	2	3564711144	what is gt in basic engineering drawing
N	RQ	2	3564711144	composite molding
N	RQ	1	3564711144	aeronautics in simi valley and security work
N	RQ	3	3564711144	gt aeronautics llc jobs
N	RQ	1	3564711144	crew flight gta
N	RQ	1	3564711144	110cc engine timing
N	RQ	1	3564711144	aeronautical engineer quotes
N	RQ	2	3564711144	http://www.gtaeronautics.com/compnews.html
N	RQ	4	3564711144	wyoming flight engineers
N	RQ	1	3564711144	a t 6
N	RQ	1	3564711144	gt aeronautics unmanned air
N	RQ	1	3564711144	fia gt composite tooling
N	RQ	1	3564711144	uas pilot certification
N	RQ	1	3564711144	quotes on aeronautical engineers
N	RQ	1	3564711144	payload for diamond northrop twin engie aircraft
N	RQ	7	3564711144	content
N	RQ	1	3564711144	bme 110
N	RQ	1	3564711144	thomas w rullman gt aeronautics
N	RQ	1	3564711144	luggages for sale
N	RQ	2	3564711144	easylifeapp profile
N	RQ	2	3564711144	simi gt
N	RQ	1	3564711144	mq1 design fuel
N	RQ	1	3564711144	airplane as always cia america2009
N	RQ	1	3564711144	eengineer drawing home
N	RQ	1	3564711144	heavy equipment operator jobs
N	RQ	1	3564711144	aero space drone simi valley
N	RQ	1	3564711144	cheap louis vuitton luggage
N	RQ	1	3564711144	2 stroke electric onboard starter
N	RQ	1	3564711144	skyforce observer mk3
N	RQ	1	3564711144	simi valley unmanned aircraft
N	RQ	2	3564711144	granger whitelaw avia
N	RQ	1	3564711144	louis vuitton fashion valley neverfull
N	RQ	1	3564711144	louis vuitton job opportunities
N	RQ	1	3564711144	google.com
N	RQ	1	3564711144	uas operation training method
N	RQ	2	3564711144	wmaid.com explore gtaeronautics.com
N	RQ	1	3564711144	custum muffler 110cc
N	RQ	1	3564711144	glass manufacturing drawings
N	RQ	1	3564711144	electric motors x male uav x sale
N	RQ	1	3564711144	aerospacecompanies in simi valley
N	RQ	1	3564711144	fiberglass molding
N	RQ	2	3564711144	aeronautical technology inc
N	RQ	1	3564711144	taranis ucav
N	RQ	1	3564711144	vegas drone uav show december 2015
N	RQ	1	3564711144	uav companies in simi valley
N	RQ	1	3564711144	unmanned aircraft systems pilot training
N	RQ	2	3564711144	installerex facebook
N	RQ	3	3564711144	texan at6 photos
N	RQ	1	3564711144	aeronautic engineer
N	RQ	30	3564711144	designer handbags outlet sale
N	RQ	1	3564711144	rpas qulificationa traing with faa
N	RQ	1	3564711144	faa uav training
N	RQ	1	3564711144	uav companies simi valley
N	RQ	5	3564711144	louis vuitton purses outlet
N	RQ	1	3564711144	aeronautics
N	RQ	1	3564711144	cheap louis vuitton luggage outlet
N	RQ	1	3564711144	gt aeronautics tomas rullman
N	RQ	1	3564711144	tobbot
N	RQ	1	3564711144	radius tdw efi fuze
N	RQ	8	3564711144	manufacturing equipment store in simi valley
N	RQ	1	3564711144	aeronautic engineer quotes
N	RQ	1	3564711144	onbordstarter
N	RQ	1	3564711144	rotax amphibian unmanned china
N	RQ	1	3564711144	aeronautical engineering quotes
N	RQ	1	3564711144	drawing aircraft engineering
N	RQ	1	3564711144	gt aeronautics careers
N	RQ	1	3564711144	gt aeronautics bandito
N	RQ	1	3564711144	cody wy carbon fiber
N	RQ	2	2834454992	fiberglass molding techniques
N	RQ	6	2834454992	manufacturing aeronautical prototypes
N	RQ	19	2834454992	louis vuitton luggage outlet
N	RQ	10	2834454992	louis vuitton fashion valley phone
N	RQ	97	2834454992	louis vuitton fashion valley phone number
N	RQ	2	2834454992	texan at 6
N	RQ	18	2834454992	louis vuitton fashion valley ca
N	RQ	8	2747885376	at6 texan
N	RQ	20	2661315760	gt aeronautics
N	RQ	3	2104198840	bandito uav
N	RQ	3	2104198840	onboard starter
N	RQ	9	2017629224	at 6 texan
N	RQ	6	1373942688	texan at6
N	RQ	5	1373942688	bandito pglm
N	RQ	25	1114233840	http://www.gtaeronautics.com/
N	RQ	20	643686536	www.gtaeronautics.com
B	*f	-40R	r
B	Rb	73761	2.898	Mozilla/5.0 (compatible; AhrefsBot/7.0;  http://ahrefs.com/robot/)
B	Rb	73600	0.000	Mozilla/5.0 (Windows NT 6.1; Win64; x64; rv:109.0) Gecko/20100101 Firefox/115.0
B	Rb	62490	1.116	Sogou web spider/4.0( http://www.sogou.com/docs/help/webmasters.htm#07)
B	Rb	57702	1.638	ZoominfoBot (zoominfobot at zoominfo dot com)
B	Rb	42701	1.266	Mozilla/5.0 (compatible; Googlebot/2.1;  http://www.google.com/bot.html)
B	Rb	40898	4.266	Mozilla/5.0 (compatible; bingbot/2.0;  http://www.bing.com/bingbot.htm)
B	Rb	17971	2.168	Mozilla/5.0 (Windows NT 6.3; WOW64) AppleWebKit/537.36 (KHTML, like Gecko) Chrome/33.0.1736.0 Safari/537.36
B	Rb	16320	0.954	Mozilla/4.0 (compatible; MSIE 6.0; Windows NT 5.1; SV1)
B	Rb	14905	0.266	Googlebot-Image/1.0
B	Rb	13866	0.333	Mozilla/5.0 (Macintosh; Intel Mac OS X 10_15_5) AppleWebKit/605.1.15 (KHTML, like Gecko) Version/13.1.1 Safari/605.1.15 (Applebot/0.1;  http://www.apple.com/go/applebot)
B	Rb	13666	1.399	Mozilla/5.0 (compatible; YandexBot/3.0;  http://yandex.com/bots)
B	Rb	12964	1.355	Mozilla/5.0 (iPhone; CPU iPhone OS 7_0 like Mac OS X) AppleWebKit/537.51.1 (KHTML, like Gecko) Version/7.0 Mobile/11A465 Safari/9537.53 (compatible; bingbot/2.0;  http://www.bing.com/bingbot.htm)
B	Rb	12498	0.000	Mozilla/5.0 (Windows NT 10.0; Win64; x64) AppleWebKit/537.36 (KHTML, like Gecko) Chrome/120.0.0.0 Safari/537.36
B	Rb	12264	0.000	Mozilla/5.0 (Windows NT 10.0; Win64; x64) AppleWebKit/537.36 (KHTML, like Gecko) Chrome/114.0.0.0 Safari/537.36
B	Rb	11293	0.689	Mozilla/5.0 (compatible; Baiduspider/2.0;  http://www.baidu.com/search/spider.html)
B	Rb	10308	0.616	Mozilla/5.0 (Windows NT 6.1; WOW64; Trident/7.0; rv:11.0) like Gecko
B	Rb	9648	0.435	Mozilla/5.0 AppleWebKit/537.36 (KHTML, like Gecko; compatible; bingbot/2.0;  http://www.bing.com/bingbot.htm) Chrome/103.0.5060.134 Safari/537.36
B	Rb	9075	0.000	Mozilla/5.0 (Windows NT 10.0; Win64; x64) AppleWebKit/537.36 (KHTML, like Gecko) Chrome/122.0.0.0 Safari/537.36
B	Rb	8168	0.000	Mozilla/5.0 (Windows NT 10.0; Win64; x64) AppleWebKit/537.36 (KHTML, like Gecko) Chrome/121.0.0.0 Safari/537.36
B	Rb	8061	0.886	Mozilla/4.0 (compatible; MSIE 7.0; Windows NT 5.1; .NET CLR 1.1.4322; .NET CLR 2.0.50727)
B	Rb	7770	0.067	Mozilla/5.0 (Windows NT 10.0; Win64; x64) AppleWebKit/537.36 (KHTML, like Gecko) Chrome/113.0.0.0 Safari/537.36
B	Rb	7574	0.000	Mozilla/5.0 (Linux; Android 5.0) AppleWebKit/537.36 (KHTML, like Gecko) Mobile Safari/537.36 (compatible; Bytespider; spider-feedback@bytedance.com)
B	Rb	7513	0.000	Mozilla/5.0 (Windows NT 10.0; Win64; x64) AppleWebKit/537.36 (KHTML, like Gecko) Chrome/116.0.0.0 Safari/537.36
B	Rb	7498	0.408	Mozilla/5.0 (compatible; Yahoo! Slurp; http://help.yahoo.com/help/us/ysearch/slurp)
B	Rb	7221	0.210	Mozilla/4.0 (compatible; MSIE 6.0; Windows NT 5.1; SV1; .NET CLR 2.0.50727)
B	Rb	7181	0.200	Mozilla/4.0 (compatible;)
B	Rb	7005	0.190	Mozilla/5.0 (compatible; BLEXBot/1.0;  http://webmeup-crawler.com/)
B	Rb	6889	0.424	Mozilla/5.0 (Macintosh; Intel Mac OS X 10.11; rv:52.0) Gecko/20100101 Firefox/52.0
B	Rb	6488	0.307	Mozilla/4.0 (compatible; MSIE 6.0; Windows NT 5.1)
B	Rb	6240	0.000	Mozilla/5.0 (Windows NT 10.0; Win64; x64) AppleWebKit/537.36 (KHTML, like Gecko) Chrome/119.0.0.0 Safari/537.36
B	Rb	6164	0.044	Mozilla/4.0 (compatible; MSIE 7.0; Windows NT 5.1; .NET CLR 1.1.4322; .NET CLR 2.0.50727; .NET CLR 3.0.4506.2152; .NET CLR 3.5.30729)
B	Rb	6152	0.345	Mozilla/4.0 (compatible; MSIE 7.0; Windows NT 6.1; WOW64; Trident/5.0; SLCC2; .NET CLR 2.0.50727; .NET CLR 3.5.30729; .NET CLR 3.0.30729; Media Center PC 6.0; .NET4.0C; .NET4.0E)
B	Rb	6079	0.224	Mozilla/5.0 (Windows NT 6.1; WOW64) AppleWebKit/537.36 (KHTML, like Gecko) Chrome/36.0.1985.143 Safari/537.36
B	Rb	6000	0.400	Mozilla/5.0 (Windows NT 5.1; rv:17.0) Gecko/20100101 Firefox/17.0
B	Rb	5934	0.000	Mozilla/5.0 (Windows NT 6.1; Win64; x64; rv:109.0) Gecko/20100101 Firefox/114.0
B	Rb	5864	0.000	Mozilla/5.0 AppleWebKit/537.36 (KHTML, like Gecko; compatible; bingbot/2.0;  http://www.bing.com/bingbot.htm) Chrome/116.0.1938.76 Safari/537.36
B	Rb	5848	0.260	Sosospider ( http://help.soso.com/webspider.htm)
B	Rb	5841	0.479	PRurl
B	Rb	5478	0.246	Mozilla/5.0 (compatible; MJ12bot/v1.4.8; http://mj12bot.com/)
B	Rb	5436	0.296	Mozilla/5.0 (Windows; U; Windows NT 5.1; en-US; rv:1.7.2) Gecko/20040804 Netscape/7.2 (ax)
B	Rb	1144760	75.614	[not listed: 22251]
b	*f	-15Q	s
b	lRQq	1	868707	3607871463	101.615	Netscape
b	lRQq	2	102002	4072957692	114.714	Mozilla/109
b	lRQq	2	105	3564711146	100.400	Mozilla/124
b	lRQq	2	862	3948688835	111.214	Mozilla/15
b	lRQq	2	240	3564711145	100.400	Mozilla/123
b	lRQq	2	846	4208397680	118.529	Mozilla/71
b	lRQq	2	827	4208397680	118.529	Mozilla/83
b	lRQq	2	384	4121828064	116.091	Mozilla/23
b	lRQq	2	928	4121828064	116.091	Mozilla/79
b	lRQq	2	1052	4121828064	116.091	Mozilla/44
b	lRQq	2	1233	4035258448	113.653	Mozilla/12
b	lRQq	2	544	4035258448	113.653	Mozilla/13
b	lRQq	2	462	4035258448	113.653	Mozilla/33
b	lRQq	2	891	4035258448	113.653	Mozilla/34
b	lRQq	2	699	4035258448	113.653	Mozilla/36
b	lRQq	2	919	4035258448	113.653	Mozilla/39
b	lRQq	2	3739	3986388056	112.276	Mozilla/2
b	lRQq	2	1094	3862119216	108.776	Mozilla/56
b	lRQq	2	1035	3862119216	108.776	Mozilla/67
b	lRQq	2	42	3564711144	100.400	Mozilla/120
b	lRQq	2	7	3564711144	100.400	Mozilla/3
b	lRQq	1	107	3564711187	100.400	FriendlyCrawler
b	lRQq	2	107	3564711187	100.400	FriendlyCrawler/Nutch-1
b	lRQq	1	1282	3564711155	100.400	DnBCrawler-Analytics
b	lRQq	1	35	3564711151	100.400	claudebot
b	lRQq	1	5841	3564711150	100.400	PRurl
b	lRQq	1	965	3564711147	100.400	Expanse, a Palo Alto Networks company, searches across the global IPv4 space multiple times per day to identify customers&#39; presences on the Internet. If you would like to be excluded from our scans, please send IP addresses
b	lRQq	2	965	3564711147	100.400	Expanse, a Palo Alto Networks company, searches across the global IPv4 space multiple times per day to identify customers&#39; presences on the Internet. If you would like to be excluded from our scans, please send IP addresses/domains
b	lRQq	1	1800	3688979984	103.900	Safari
b	lRQq	2	58	2834454992	79.832	Safari/19618
b	lRQq	2	2	3564711144	100.400	Safari/16612
b	lRQq	2	4	3564711144	100.400	Safari/17612
b	lRQq	2	19	3564711144	100.400	Safari/17614
b	lRQq	2	4	3564711144	100.400	Safari/15609
b	lRQq	2	1	3564711144	100.400	Safari/11601
b	lRQq	2	1	3564711144	100.400	Safari/10603
b	lRQq	2	2	3564711144	100.400	Safari/11604
b	lRQq	2	3	3564711144	100.400	Safari/16610
b	lRQq	2	12	3564711144	100.400	Safari/537
b	lRQq	2	2	2834454992	79.832	Safari/14606
b	lRQq	2	20	2834454992	79.832	Safari/12604
b	lRQq	2	1178	2747885376	77.394	Safari/18615
b	lRQq	2	17	2104198840	59.265	Safari/17613
b	lRQq	2	7	2104198840	59.265	Safari/16614
b	lRQq	2	222	1373942688	38.697	Safari/19616
b	lRQq	2	156	1373942688	38.697	Safari/19617
b	lRQq	2	92	643686536	18.129	Safari/18614
b	lRQq	1	509	3564711145	100.400	EMG External link validator
b	lRQq	1	96	4208397680	118.529	WWW-Mechanize
b	lRQq	2	1	3564711144	100.400	WWW-Mechanize/0
b	lRQq	2	95	643686536	18.129	WWW-Mechanize/1
b	lRQq	1	49	4121828064	116.091	PHP-Curl-Class
b	lRQq	2	11	2104198840	59.265	PHP-Curl-Class/8
b	lRQq	2	38	2017629224	56.826	PHP-Curl-Class/9
b	lRQq	1	36	4121828064	116.091	PHP
b	lRQq	2	1	3564711144	100.400	PHP/4
b	lRQq	2	26	1287373072	36.259	PHP/5
b	lRQq	1	233	4035258448	113.653	Chrome
b	lRQq	2	12	3564711144	100.400	Chrome/120
b	lRQq	2	40	3564711144	100.400	Chrome/112
b	lRQq	2	4	3564711144	100.400	Chrome/13
b	lRQq	2	30	3564711144	100.400	Chrome/121
b	lRQq	2	12	3564711144	100.400	Chrome/41
b	lRQq	2	6	3564711144	100.400	Chrome/113
b	lRQq	2	1	3564711144	100.400	Chrome/33
b	lRQq	2	3	3564711144	100.400	Chrome/105
b	lRQq	2	24	3564711144	100.400	Chrome/114
b	lRQq	2	12	3564711144	100.400	Chrome/115
b	lRQq	2	1	3564711144	100.400	Chrome/70
b	lRQq	2	2	3564711144	100.400	Chrome/108
b	lRQq	2	24	3564711144	100.400	Chrome/118
b	lRQq	2	2	3564711144	100.400	Chrome/109
b	lRQq	2	12	3564711144	100.400	Chrome/66
b	lRQq	2	14	3564711144	100.400	Chrome/95
b	lRQq	1	394	4035258448	113.653	Wget
b	lRQq	2	394	4035258448	113.653	Wget/1
b	lRQq	1	148	4035258448	113.653	User-Agent: Mozilla
b	lRQq	2	148	4035258448	113.653	User-Agent: Mozilla/5
b	lRQq	1	357	3775549600	106.338	Dalvik
b	lRQq	2	330	4035258448	113.653	Dalvik/2
b	lRQq	2	27	4035258448	113.653	Dalvik/1
b	lRQq	1	916535	2366596741	66.655	[not listed: 939]
p	*f	0Q	s
p	lR	1	863263	Windows
p	lR	2	225115	Windows NT
p	lR	2	371438	Unknown Windows
p	lR	2	250389	Windows XP
p	lR	2	2233	Windows 95
p	lR	2	408	Windows CE
p	lR	2	2373	Windows 98
p	lR	2	9493	Windows 2000
p	lR	2	384	Windows 3.1
p	lR	2	1430	Windows ME
p	lR	1	239608	Known robots
p	lR	1	185573	Macintosh
p	lR	2	180951	Unknown Macintosh
p	lR	2	3254	Macintosh PowerPC
p	lR	2	1368	Macintosh 68k
p	lR	1	362890	OS unknown
p	lR	1	145677	Unix
p	lR	2	141995	Linux
p	lR	2	22	SunOS
p	lR	2	66	BSD
p	lR	2	3591	Other Unix
p	lR	2	3	HP-UX
p	lR	1	16	WebTV
p	lR	1	13	BeOS
p	lR	1	47	OS/2
p	lR	1	7	Amiga
i	*f	0R	s
i	lRc	1	643973	0.000	/images/
i	lRc	1	907603	0.000	[root directory]
i	lRc	1	163497	0.000	/js/
i	lRc	1	83909	0.000	/css/
i	lRc	1	9548	0.000	/uploads/
i	lRc	1	865	0.000	/videos/
i	lRc	1	541	0.000	/client/
i	lRc	1	1	0.000	/cgi-bin/
i	lRc	1	260	0.000	/dev/
i	lRc	2	24	0.000	/dev/css/
i	lRc	2	46	0.000	/dev/js/
i	lRc	2	81	0.000	/dev/images/
i	lRc	1	1	0.000	/secure/
i	lRc	1	74	0.000	/stats/
r	*f	0.050000%S	s
r	lRSc	1	29326	87	0.000	/links.html
r	lRSc	1	38609	29	0.000	/aboutus.html
r	lRSc	1	34755	28	0.000	/compnews.html
r	lRSc	1	27288	25	0.000	/contactus.html
r	lRSc	1	30908	17	0.000	/indnews.html
r	lRSc	2	141	0	0.000	/indnews.html?referer=www.clickfind.com.au/wp-login.php
r	lRSc	2	1	0	0.000	/indnews.html?referer=top1.co.pl
r	lRSc	2	1	0	0.000	/indnews.html?referer=www.clickfind.com.au//wp-content/themes/busybee/thumb.php?src=http://blogger.com.opontodaarte.com.br/java.php
r	lRSc	1	24629	15	0.000	/cct&m.html
r	lRSc	1	21547	14	0.000	/pna.html
r	lRSc	1	21058	13	0.000	/indevents.html
r	lRSc	1	11957	12	0.000	/gt380+rpas.html
r	lRSc	1	28800	12	0.000	/uasfc.html
r	lRSc	1	18770	12	0.000	/faq.html
r	lRSc	1	11234	11	0.000	/gt50t+rpas.html
r	lRSc	1	15855	11	0.000	/sru.html
r	lRSc	1	23671	10	0.000	/cfmt.html
r	lRSc	1	13164	10	0.000	/rd.html
r	lRSc	1	24989	9	0.000	/consultinga.html
r	lRSc	1	20278	8	0.000	/employment.html
r	lRSc	1	863	7	0.000	/uploads/bighornbasindronefestivalflyer-v2-220110.pdf
r	lRSc	1	7306	7	0.000	/gt100hl+rpas.html
r	lRSc	1	996	6	0.000	/uploads/droneexpojan2022+(1).pdf
r	lRSc	1	11710	6	0.000	/gt1500+rpas.html
r	lRSc	1	1637	5	0.000	/uploads/idrone-pressrelease-powell-version220119.pdf
r	lRSc	1	1037	5	0.000	/uploads/big+horn+basin+drone+festival+event+schedule.pdf
r	lRSc	1	716	4	0.000	/uploads/2022wydronefestflyer+rev2.pdf
r	lRSc	1	4004	1	0.000	/bandituas.html
r	lRSc	1	1	0	0.000	/client/bandito timeline2007.html
r	lRSc	1	2	0	0.000	/client/bandit+timeline2004.html
r	lRSc	1	1	0	0.000	/stats/quick.html
r	lRSc	1	1	0	0.000	/404.htm
r	lRSc	1	12	0	0.000	/client/gta010707002.html
r	lRSc	1	72	0	0.000	/client/bandito+development.html
r	lRSc	1	135	0	0.000	/client/welcome.html
r	lRSc	1	3	0	0.000	/client/gta021305001.html
r	lRSc	1	1	0	0.000	/stats/browserrep.html
r	lRSc	1	741	0	0.000	/gt50t rpas.html
r	lRSc	1	5	0	0.000	/client/gta012405001.html
r	lRSc	1	2	0	0.000	/dev/contactus.html
r	lRSc	1	4	0	0.000	/stats/general.html
r	lRSc	1	1	0	0.000	/stats/dailyrep.html
r	lRSc	1	1	0	0.000	/dev/aboutus.html
r	lRSc	1	18	0	0.000	/client/tacamo+development.html
r	lRSc	1	1	0	0.000	/client/bandit development.html
r	lRSc	1	17	0	0.000	/client/bandit+timeline2008.html
r	lRSc	1	1	0	0.000	/client/bandito+timeline2005.html
r	lRSc	1	23	0	0.000	/client/projectbids.html
r	lRSc	1	1	0	0.000	/stats/host.html
r	lRSc	1	11	0	0.000	/client/rq2+outlaw.html
r	lRSc	1	1	0	0.000	/client/bandit timeline2008.html
r	lRSc	1	20	0	0.000	/client/clientpna.html
r	lRSc	1	15	0	0.000	/client/bandit.html
r	lRSc	1	2	0	0.000	/stats/default.asp
r	lRSc	1	21	0	0.000	/index.htm
r	lRSc	1	1	0	0.000	/cgi-bin/testms.pl
r	lRSc	1	987	0	0.000	/gtamt.html
r	lRSc	1	14	0	0.000	/client/rq1+bandit.html
r	lRSc	1	2253	0	0.000	/gt1500 rpas.html
r	lRSc	1	6	0	0.000	/client/gta021305002.html
r	lRSc	1	4	0	0.000	/client/gta121004001.html
r	lRSc	1	24	0	0.000	/client/tacamo.html
r	lRSc	1	30	0	0.000	/client/mgqgcyat.asp
r	lRSc	1	4387	0	0.000	/banditomav.html
r	lRSc	1	1	0	0.000	/dev/client.cgi
r	lRSc	1	18702	0	0.000	/default.asp
r	lRSc	1	1666	0	0.000	/gt380 rpas.html
r	lRSc	1	1	0	0.000	/client/bandito+timeline2006.html
r	lRSc	1	16	0	0.000	/client/rq3+bandito.html
r	lRSc	1	1	0	0.000	/dev/uasfc.html
r	lRSc	1	229	0	0.000	/client.cgi
r	lRSc	1	71	0	0.000	/client/bandit+development.html
r	lRSc	1	2	0	0.000	/client/bandito development.html
r	lRSc	1	2	0	0.000	/stats/yearly.html
r	lRSc	1	2	0	0.000	/stats/domain.html
r	lRSc	1	1	0	0.000	/stats/monthly.html
r	lRSc	1	2	0	0.000	/stats/weekly.html
r	lRSc	1	8	0	0.000	/client/gta010707001.html
r	lRSc	1	4557	0	0.000	/uavengines.html
r	lRSc	1	3749	0	0.000	/bidspridpass.html
r	lRSc	1	6356	0	0.000	/pridpass.html
r	lRSc	1	12	0	0.000	/client/bandito.html
r	lRSc	1	4365	0	0.000	/gtatexan.html
r	lRSc	1	1	0	0.000	/dev/pna.html
r	lRSc	1	1	0	0.000	/client/tacamo development.html
r	lRSc	1	4	0	0.000	/stats/index.htm
r	lRSc	1	4	0	0.000	/stats/nav.html
r	lRSc	1	1	0	0.000	/stats/quarterly.html
r	lRSc	1	2	0	0.000	/stats/directory.html
r	lRSc	1	2	0	0.000	/stats/organisation.html
r	lRSc	1	8	0	0.000	/client/bandito+timeline2007.html
r	lRSc	1	7	0	0.000	/client/bandit+timeline2007.html
r	lRSc	1	1	0	0.000	/dev/pridpass.html
t	*f	0.100000%B	b
t	lRb	1	567247	43.756	.jpg  [JPEG graphics]
t	lRb	1	449460	26.229	.html [Hypertext Markup Language]
t	lRb	1	407977	18.517	[directories]
t	lRb	1	4299	5.242	.mp4
t	lRb	1	778	2.157	.wmv
t	lRb	1	87	2.118	.mpg  [MPEG movie]
t	lRb	1	18734	0.911	.asp  [Active Server REQUESTS]
t	lRb	1	76831	0.296	.gif  [GIF graphics]
t	lRb	1	163543	0.254	.js  [JavaScript code]
t	lRb	1	83925	0.225	.css  [Cascading Style Sheets]
t	lRb	1	5249	0.210	.pdf  [Adobe Portable Document Format]
t	lRb	1	32142	0.084	[not listed: 6]
z	*FR	2023	04	05	20	41
z	*LR	2023	05	09	10	03
z	ScR	0	0.000	84837	0
z	ScR	0	0.000	0	1b-  10b
z	ScR	0	0.000	0	11b- 100b
z	ScR	0	0.000	85122	101b-  1kb
z	ScR	0	0.000	509907	1kb- 10kb
z	ScR	0	0.000	352085	10kb-100kb
z	ScR	0	0.000	104639	100kb-  1Mb
z	ScR	0	0.000	4584	1Mb- 10Mb
z	ScR	0	0.000	55	10Mb-100Mb
z	ScR	0	0.000	13	100Mb-  1Gb
c	*FR	2014	03	02	13	52
c	*LR	2024	04	01	04	53
c	*f	0R	a
c	R	1698652	200 OK
c	R	8819	206 Partial content
c	R	177	301 Document moved permanently
c	R	77	302 Document found elsewhere
c	R	102801	304 Not modified since last retrieval
c	R	1149	400 Bad request
c	R	207	401 Authentication required
c	R	563	403 Access forbidden
c	R	705615	404 Document not found
c	R	2338	405 Method not allowed
c	R	1030	406 Document not acceptable to client
c	R	141	416 Requested range not valid
c	R	624	500 Internal server error
c	R	128	501 Request type not supported
I	*FR	2007	12	11	00	52
I	*LR	2024	04	01	03	52
I	*f	-30S	s
I	lRS	1	162683	202	/robots.txt
I	lRS	1	800	16	/simple.php
I	lRS	1	604	14	/about.php
I	lRS	1	8469	13	/ads.txt
I	lRS	1	1301	13	/admin.php
I	lRS	1	8925	12	/wp-login.php
I	lRS	1	203	10	/wp-2019.php
I	lRS	1	415	10	/repeater.php
I	lRS	1	226	10	/images/tacamo
I	lRS	1	131	9	/lufix.php
I	lRS	1	189	9	/images/gt50t
I	lRS	1	152	9	/log.php
I	lRS	1	3132	9	/index.php
I	lRS	1	384	9	/wp.php
I	lRS	1	237	9	/css.php
I	lRS	1	348	9	/wp-content/plugins/fix/up.php
I	lRS	1	307	8	/doc.php
I	lRS	1	300	8	/chosen.php
I	lRS	1	61	8	/bak.php
I	lRS	1	4777	8	/xmlrpc.php
I	lRS	1	590	8	/install.php
I	lRS	1	69	8	/upfile.php
I	lRS	1	193	8	/xmrlpc.php
I	lRS	1	136	8	/wp-activate.php
I	lRS	1	119	8	/admin/uploads/
I	lRS	1	151	8	/plugins.php
I	lRS	1	467	7	/x.php
I	lRS	1	49	7	/wp-conflg.php
I	lRS	1	276	7	/ws.php
I	lRS	1	384	7	/wp-includes/js/tinymce/plugins/compat3x/css/index.php
I	lRS	1	515576	5183	[not listed: 28472]
L	*FR	2007	12	11	00	52
L	*LR	2024	04	01	03	52
L	*f	-20S	s
L	RS	8448	1408	138.199.19.205
L	RS	6025	1205	104.41.153.154
L	RS	4820	1205	146.70.36.142
L	RS	7230	1205	52.167.220.17
L	RS	260	65	52.252.101.22
L	RS	200	50	13.82.69.221
L	RS	176	44	4.242.220.127
L	RS	56	19	139.5.200.146
L	RS	126	18	84.247.181.144
L	RS	90	15	104.28.231.245
L	RS	87	14	154.8.158.194
L	RS	56	11	91.92.250.140
L	RS	184	10	66.249.64.132
L	RS	481	10	4.255.78.239
L	RS	27	9	159.223.57.75
L	RS	87	9	194.26.192.60
L	RS	48	8	139.59.36.141
L	RS	21	7	91.92.240.147
L	RS	273	7	52.167.144.56
L	RS	255	6	66.249.64.162
L	RS	682845	329	[not listed: 85834]
K	*FR	2013	12	22	04	20
K	*LR	2024	04	01	02	20
K	*f	-30S	s
K	lRS	1	139	4	http://www.gtaeronautics.com//plus/90sec.php
K	lRS	1	114	2	http://www.google.com/
K	lRS	1	85	2	http://www.gtaeronautics.com//robots1.php
K	lRS	1	27	2	http://www.gtaeronautics.com//cm.php
K	lRS	1	125	2	http://www.gtaeronautics.com//x.php
K	lRS	1	104	2	http://www.gtaeronautics.com//utility/convert/data/config.inc.php
K	lRS	1	389	2	https://www.google.com/
K	lRS	1	1594	2	http://www.gtaeronautics.com//plus/mytag_js.php
K	lRS	1	2	1	http://www.gtaeronautics.com/e/1//index.php
K	lRS	1	2	1	http://www.gtaeronautics.com/e/a//index.php
K	lRS	1	2	1	http://www.gtaeronautics.com/e/admin//index.php
K	lRS	1	5	1	http://gtaeronautics.com/adz.php
K	lRS	1	2	1	http://www.gtaeronautics.com/e/installlll//index.php
K	lRS	1	2	1	http://www.gtaeronautics.com/e/w//index.php
K	lRS	1	3	1	http://www.gtaeronautics.com/resetpw.php
K	lRS	1	2	1	http://www.gtaeronautics.com/e/install123//index.php
K	lRS	1	2	1	http://www.gtaeronautics.com/e/11//index.php
K	lRS	1	2	1	http://www.gtaeronautics.com/e/installq//index.php
K	lRS	1	2	1	http://www.gtaeronautics.com/e/q//index.php
K	lRS	1	2	1	http://www.gtaeronautics.com/e/aa//index.php
K	lRS	1	2	1	http://www.gtaeronautics.com/e/instal//index.php
K	lRS	1	20	1	http://www.gtaeronautics.com/plug/comment/comment.html
K	lRS	1	2	1	http://www.gtaeronautics.com/e/install//index.php
K	lRS	1	2	1	http://www.gtaeronautics.com/e/installll//index.php
K	lRS	1	2	1	http://www.gtaeronautics.com/e/yang//index.php
K	lRS	1	2	1	http://www.gtaeronautics.com/e/123//index.php
K	lRS	1	17	1	https://gtaeronautics.com
K	lRS	1	3	1	http://www.gtaeronautics.com/rnmpwdset.php
K	lRS	1	7	1	http://www.gtaeronautics.com/rd.html
K	lRS	1	2	1	http://www.gtaeronautics.com/e/qw//index.php
K	lRS	1	68152	5	[not listed: 6081]
E	*FR	2008	01	06	10	12
E	*LR	2024	02	09	03	06
E	*f	-30S	s
E	lSR	1	0	254	[not listed: 7]
l	*FR	2008	01	06	10	12
l	*LR	2024	02	09	03	06
l	*f	-20S	s
l	SR	0	254	[not listed: 116]
v	*f	-20B	b
v	Rb	1152857	65.103	64.41.87.40
v	Rb	657415	34.897	66.113.131.59
R	*FR	2008	01	06	10	12
R	*LR	2024	02	09	03	06
R	*f	-20R	r
R	R	178	66.113.131.59
R	R	76	64.41.87.40
M	*FR	2007	12	11	00	52
M	*LR	2024	04	01	03	52
M	*f	-20R	r
M	R	409189	64.41.87.40
M	R	302606	66.113.131.59
J	*FR	2007	12	11	00	53
J	*LR	2017	03	17	18	30
J	*f	-20R	r
J	R	9	gtaeronautics
J	R	5	lorrigkj
J	R	1	rullma2063
J	R	1	administrator
J	R	1	satish
J	R	1	nnnnn
P	*FR	2023	11	08	09	11
P	*LR	2024	04	01	04	53
P	R	212	0
P	R	120	<= 0.01
P	R	2367	0.01-0.02
P	R	142109	0.02-0.05
P	R	194255	0.05-0.1 
P	R	255048	0.1 -0.2 
P	R	258705	0.2 -0.5 
P	R	131644	0.5 -1   
P	R	73330	1-  2 
P	R	31254	2-  5 
P	R	13262	5- 10 
P	R	6418	10- 20 
P	R	24092	20- 60 
P	R	3713	60-120 
P	R	16272	120-300 
