x	VE	analog 5.24
x	HN	gtaeronautics.com
x	PS	2025	07	28	02	03
x	FR	2007	12	18	17	05
x	LR	2025	07	27	04	54
x	E7	2025	07	28	02	03
x	SR	2916398
x	S7	8985
x	NC	876000
x	C7	0
x	FL	1712534
x	F7	6417
x	RR	360
x	R7	0
x	NH	129912
x	H7	648
x	BT	57520368399
x	B7	0
1	Rr	475825	16.316	2025
1	Rr	836367	28.678	2024
1	Rr	511208	17.529	2023
1	Rr	82334	2.823	2022
1	Rr	98917	3.392	2021
1	Rr	89380	3.065	2020
1	Rr	80088	2.746	2019
1	Rr	68927	2.363	2018
1	Rr	60168	2.063	2017
1	Rr	73316	2.514	2016
1	Rr	80796	2.770	2015
1	Rr	110773	3.798	2014
1	Rr	65173	2.235	2013
1	Rr	60742	2.083	2012
1	Rr	57015	1.955	2011
1	Rr	22139	0.759	2010
1	Rr	69710	2.390	2009
1	Rr	71820	2.463	2008
1	Rr	1700	0.058	2007
1	*BT	R	836367	2024
Q	Rr	54051	1.853	2025	3
Q	Rr	216126	7.411	2025	2
Q	Rr	205648	7.051	2025	1
Q	Rr	202145	6.931	2024	4
Q	Rr	220334	7.555	2024	3
Q	Rr	204456	7.011	2024	2
Q	Rr	209432	7.181	2024	1
Q	Rr	182268	6.250	2023	4
Q	Rr	165939	5.690	2023	3
Q	Rr	135306	4.639	2023	2
Q	Rr	27695	0.950	2023	1
Q	Rr	20307	0.696	2022	4
Q	Rr	20362	0.698	2022	3
Q	Rr	21795	0.747	2022	2
Q	Rr	19870	0.681	2022	1
Q	Rr	21154	0.725	2021	4
Q	Rr	26826	0.920	2021	3
Q	Rr	30675	1.052	2021	2
Q	Rr	20262	0.695	2021	1
Q	Rr	22199	0.761	2020	4
Q	Rr	23882	0.819	2020	3
Q	Rr	21656	0.743	2020	2
Q	Rr	21643	0.742	2020	1
Q	Rr	19098	0.655	2019	4
Q	Rr	19668	0.674	2019	3
Q	Rr	19827	0.680	2019	2
Q	Rr	21495	0.737	2019	1
Q	Rr	18129	0.622	2018	4
Q	Rr	17138	0.588	2018	3
Q	Rr	16928	0.580	2018	2
Q	Rr	16732	0.574	2018	1
Q	Rr	15937	0.546	2017	4
Q	Rr	0	0.000	2017	3
Q	Rr	16831	0.577	2017	2
Q	Rr	27400	0.940	2017	1
Q	Rr	22114	0.758	2016	4
Q	Rr	17621	0.604	2016	3
Q	Rr	15878	0.544	2016	2
Q	Rr	17703	0.607	2016	1
Q	Rr	16575	0.568	2015	4
Q	Rr	22104	0.758	2015	3
Q	Rr	22485	0.771	2015	2
Q	Rr	19632	0.673	2015	1
Q	Rr	21142	0.725	2014	4
Q	Rr	22272	0.764	2014	3
Q	Rr	31453	1.078	2014	2
Q	Rr	35906	1.231	2014	1
Q	Rr	16436	0.564	2013	4
Q	Rr	15216	0.522	2013	3
Q	Rr	16545	0.567	2013	2
Q	Rr	16976	0.582	2013	1
Q	Rr	16578	0.568	2012	4
Q	Rr	12511	0.429	2012	3
Q	Rr	15816	0.542	2012	2
Q	Rr	15837	0.543	2012	1
Q	Rr	15444	0.530	2011	4
Q	Rr	17386	0.596	2011	3
Q	Rr	9395	0.322	2011	2
Q	Rr	14790	0.507	2011	1
Q	Rr	1603	0.055	2010	4
Q	Rr	0	0.000	2010	3
Q	Rr	14047	0.482	2010	2
Q	Rr	6489	0.223	2010	1
Q	Rr	16350	0.561	2009	4
Q	Rr	18220	0.625	2009	3
Q	Rr	17115	0.587	2009	2
Q	Rr	18025	0.618	2009	1
Q	Rr	15905	0.545	2008	4
Q	Rr	15660	0.537	2008	3
Q	Rr	22448	0.770	2008	2
Q	Rr	17807	0.611	2008	1
Q	Rr	1700	0.058	2007	4
Q	*BT	R	220334	2024	3
m	Rr	54051	1.853	2025	07
m	Rr	77454	2.656	2025	06
m	Rr	66558	2.282	2025	05
m	Rr	72114	2.473	2025	04
m	Rr	70528	2.418	2025	03
m	Rr	57744	1.980	2025	02
m	Rr	77376	2.653	2025	01
m	Rr	57890	1.985	2024	12
m	Rr	63975	2.194	2024	11
m	Rr	80280	2.753	2024	10
m	Rr	73644	2.525	2024	09
m	Rr	72041	2.470	2024	08
m	Rr	74649	2.560	2024	07
m	Rr	69378	2.379	2024	06
m	Rr	72365	2.481	2024	05
m	Rr	62713	2.150	2024	04
m	Rr	66782	2.290	2024	03
m	Rr	68592	2.352	2024	02
m	Rr	74058	2.539	2024	01
m	Rr	54270	1.861	2023	12
m	Rr	61278	2.101	2023	11
m	Rr	66720	2.288	2023	10
m	Rr	51132	1.753	2023	09
m	Rr	54561	1.871	2023	08
m	Rr	60246	2.066	2023	07
m	Rr	66204	2.270	2023	06
m	Rr	60120	2.061	2023	05
m	Rr	8982	0.308	2023	04
m	Rr	10848	0.372	2023	03
m	Rr	8360	0.287	2023	02
m	Rr	8487	0.291	2023	01
m	Rr	6950	0.238	2022	12
m	Rr	6349	0.218	2022	11
m	Rr	7008	0.240	2022	10
m	Rr	6740	0.231	2022	09
m	Rr	6863	0.235	2022	08
m	Rr	6759	0.232	2022	07
m	Rr	6567	0.225	2022	06
m	Rr	8427	0.289	2022	05
m	Rr	6801	0.233	2022	04
m	Rr	6380	0.219	2022	03
m	Rr	6175	0.212	2022	02
m	Rr	7315	0.251	2022	01
m	Rr	7667	0.263	2021	12
m	Rr	7097	0.243	2021	11
m	Rr	6390	0.219	2021	10
m	Rr	6059	0.208	2021	09
m	Rr	9092	0.312	2021	08
m	Rr	11675	0.400	2021	07
m	Rr	10152	0.348	2021	06
m	Rr	10231	0.351	2021	05
m	Rr	10292	0.353	2021	04
m	Rr	7948	0.273	2021	03
m	Rr	5800	0.199	2021	02
m	Rr	6514	0.223	2021	01
m	Rr	8069	0.277	2020	12
m	Rr	6579	0.226	2020	11
m	Rr	7551	0.259	2020	10
m	Rr	8028	0.275	2020	09
m	Rr	7741	0.265	2020	08
m	Rr	8113	0.278	2020	07
m	Rr	7317	0.251	2020	06
m	Rr	6898	0.237	2020	05
m	Rr	7441	0.255	2020	04
m	Rr	7524	0.258	2020	03
m	Rr	7322	0.251	2020	02
m	Rr	6797	0.233	2020	01
m	Rr	6573	0.225	2019	12
m	Rr	5917	0.203	2019	11
m	Rr	6608	0.227	2019	10
m	Rr	6791	0.233	2019	09
m	Rr	6597	0.226	2019	08
m	Rr	6280	0.215	2019	07
m	Rr	6317	0.217	2019	06
m	Rr	6847	0.235	2019	05
m	Rr	6663	0.228	2019	04
m	Rr	7059	0.242	2019	03
m	Rr	6374	0.219	2019	02
m	Rr	8062	0.276	2019	01
m	Rr	6957	0.239	2018	12
m	Rr	5422	0.186	2018	11
m	Rr	5750	0.197	2018	10
m	Rr	5458	0.187	2018	09
m	Rr	5735	0.197	2018	08
m	Rr	5945	0.204	2018	07
m	Rr	7110	0.244	2018	06
m	Rr	6440	0.221	2018	05
m	Rr	3378	0.116	2018	04
m	Rr	5789	0.198	2018	03
m	Rr	5369	0.184	2018	02
m	Rr	5574	0.191	2018	01
m	Rr	3906	0.134	2017	12
m	Rr	6533	0.224	2017	11
m	Rr	5498	0.189	2017	10
m	Rr	0	0.000	2017	09
m	Rr	0	0.000	2017	08
m	Rr	0	0.000	2017	07
m	Rr	0	0.000	2017	06
m	Rr	6832	0.234	2017	05
m	Rr	9999	0.343	2017	04
m	Rr	11887	0.408	2017	03
m	Rr	7941	0.272	2017	02
m	Rr	7572	0.260	2017	01
m	Rr	9483	0.325	2016	12
m	Rr	7121	0.244	2016	11
m	Rr	5510	0.189	2016	10
m	Rr	6288	0.216	2016	09
m	Rr	5888	0.202	2016	08
m	Rr	5445	0.187	2016	07
m	Rr	5042	0.173	2016	06
m	Rr	5495	0.188	2016	05
m	Rr	5341	0.183	2016	04
m	Rr	5558	0.191	2016	03
m	Rr	5548	0.190	2016	02
m	Rr	6597	0.226	2016	01
m	Rr	5574	0.191	2015	12
m	Rr	5330	0.183	2015	11
m	Rr	5671	0.194	2015	10
m	Rr	6196	0.212	2015	09
m	Rr	6788	0.233	2015	08
m	Rr	9120	0.313	2015	07
m	Rr	7156	0.245	2015	06
m	Rr	5694	0.195	2015	05
m	Rr	9635	0.330	2015	04
m	Rr	6215	0.213	2015	03
m	Rr	6084	0.209	2015	02
m	Rr	7333	0.251	2015	01
m	Rr	6608	0.227	2014	12
m	Rr	6997	0.240	2014	11
m	Rr	7537	0.258	2014	10
m	Rr	7043	0.241	2014	09
m	Rr	7324	0.251	2014	08
m	Rr	7905	0.271	2014	07
m	Rr	11654	0.400	2014	06
m	Rr	9211	0.316	2014	05
m	Rr	10588	0.363	2014	04
m	Rr	7817	0.268	2014	03
m	Rr	15229	0.522	2014	02
m	Rr	12860	0.441	2014	01
m	Rr	5325	0.183	2013	12
m	Rr	5513	0.189	2013	11
m	Rr	5598	0.192	2013	10
m	Rr	4655	0.160	2013	09
m	Rr	4938	0.169	2013	08
m	Rr	5623	0.193	2013	07
m	Rr	5492	0.188	2013	06
m	Rr	5211	0.179	2013	05
m	Rr	5842	0.200	2013	04
m	Rr	6068	0.208	2013	03
m	Rr	5055	0.173	2013	02
m	Rr	5853	0.201	2013	01
m	Rr	5688	0.195	2012	12
m	Rr	5477	0.188	2012	11
m	Rr	5413	0.186	2012	10
m	Rr	4331	0.149	2012	09
m	Rr	3866	0.133	2012	08
m	Rr	4314	0.148	2012	07
m	Rr	4655	0.160	2012	06
m	Rr	6047	0.207	2012	05
m	Rr	5114	0.175	2012	04
m	Rr	6128	0.210	2012	03
m	Rr	5430	0.186	2012	02
m	Rr	4279	0.147	2012	01
m	Rr	5548	0.190	2011	12
m	Rr	4779	0.164	2011	11
m	Rr	5117	0.175	2011	10
m	Rr	5431	0.186	2011	09
m	Rr	6256	0.215	2011	08
m	Rr	5699	0.195	2011	07
m	Rr	5420	0.186	2011	06
m	Rr	3975	0.136	2011	05
m	Rr	0	0.000	2011	04
m	Rr	3608	0.124	2011	03
m	Rr	5171	0.177	2011	02
m	Rr	6011	0.206	2011	01
m	Rr	1603	0.055	2010	12
m	Rr	0	0.000	2010	11
m	Rr	0	0.000	2010	10
m	Rr	0	0.000	2010	09
m	Rr	0	0.000	2010	08
m	Rr	0	0.000	2010	07
m	Rr	4101	0.141	2010	06
m	Rr	5018	0.172	2010	05
m	Rr	4928	0.169	2010	04
m	Rr	5095	0.175	2010	03
m	Rr	1394	0.048	2010	02
m	Rr	0	0.000	2010	01
m	Rr	4665	0.160	2009	12
m	Rr	6187	0.212	2009	11
m	Rr	5498	0.189	2009	10
m	Rr	5066	0.174	2009	09
m	Rr	5718	0.196	2009	08
m	Rr	7436	0.255	2009	07
m	Rr	5685	0.195	2009	06
m	Rr	6120	0.210	2009	05
m	Rr	5310	0.182	2009	04
m	Rr	5515	0.189	2009	03
m	Rr	6123	0.210	2009	02
m	Rr	6387	0.219	2009	01
m	Rr	5763	0.198	2008	12
m	Rr	5420	0.186	2008	11
m	Rr	4722	0.162	2008	10
m	Rr	5435	0.186	2008	09
m	Rr	4843	0.166	2008	08
m	Rr	5382	0.185	2008	07
m	Rr	6082	0.209	2008	06
m	Rr	9946	0.341	2008	05
m	Rr	6420	0.220	2008	04
m	Rr	5431	0.186	2008	03
m	Rr	6469	0.222	2008	02
m	Rr	5907	0.203	2008	01
m	Rr	1700	0.058	2007	12
m	*BT	R	80280	2024	10
W	Rr	75	0.003	2025	07	27
W	Rr	10368	0.356	2025	07	20
W	Rr	16620	0.570	2025	07	13
W	Rr	17442	0.598	2025	07	06
W	Rr	13284	0.455	2025	06	29
W	Rr	18606	0.638	2025	06	22
W	Rr	23286	0.798	2025	06	15
W	Rr	14754	0.506	2025	06	08
W	Rr	17070	0.585	2025	06	01
W	Rr	15198	0.521	2025	05	25
W	Rr	16746	0.574	2025	05	18
W	Rr	14580	0.500	2025	05	11
W	Rr	13488	0.462	2025	05	04
W	Rr	15054	0.516	2025	04	27
W	Rr	16902	0.580	2025	04	20
W	Rr	18834	0.646	2025	04	13
W	Rr	15738	0.540	2025	04	06
W	Rr	16944	0.581	2025	03	30
W	Rr	15846	0.543	2025	03	23
W	Rr	14881	0.510	2025	03	16
W	Rr	13983	0.479	2025	03	09
W	Rr	18684	0.641	2025	03	02
W	Rr	15570	0.534	2025	02	23
W	Rr	16366	0.561	2025	02	16
W	Rr	10610	0.364	2025	02	09
W	Rr	16170	0.554	2025	02	02
W	Rr	18018	0.618	2025	01	26
W	Rr	18210	0.624	2025	01	19
W	Rr	18726	0.642	2025	01	12
W	Rr	16789	0.576	2025	01	05
W	Rr	12005	0.412	2024	12	29
W	Rr	11414	0.391	2024	12	22
W	Rr	15924	0.546	2024	12	15
W	Rr	12318	0.422	2024	12	08
W	Rr	13212	0.453	2024	12	01
W	Rr	14492	0.497	2024	11	24
W	Rr	14773	0.507	2024	11	17
W	Rr	15900	0.545	2024	11	10
W	Rr	15042	0.516	2024	11	03
W	Rr	14430	0.495	2024	10	27
W	Rr	20382	0.699	2024	10	20
W	Rr	20310	0.696	2024	10	13
W	Rr	17544	0.602	2024	10	06
W	Rr	16788	0.576	2024	09	29
W	Rr	16014	0.549	2024	09	22
W	Rr	17958	0.616	2024	09	15
W	Rr	18306	0.628	2024	09	08
W	Rr	15960	0.547	2024	09	01
W	Rr	18348	0.629	2024	08	25
W	Rr	15726	0.539	2024	08	18
W	Rr	14490	0.497	2024	08	11
W	Rr	15707	0.539	2024	08	04
W	Rr	17598	0.603	2024	07	28
W	Rr	15120	0.518	2024	07	21
W	Rr	14667	0.503	2024	07	14
W	Rr	18810	0.645	2024	07	07
W	Rr	18384	0.630	2024	06	30
W	Rr	16152	0.554	2024	06	23
W	Rr	16674	0.572	2024	06	16
W	Rr	13122	0.450	2024	06	09
W	Rr	18264	0.626	2024	06	02
W	Rr	17766	0.609	2024	05	26
W	Rr	14970	0.513	2024	05	19
W	Rr	14346	0.492	2024	05	12
W	Rr	17520	0.601	2024	05	05
W	Rr	17624	0.604	2024	04	28
W	Rr	15605	0.535	2024	04	21
W	Rr	14394	0.494	2024	04	14
W	Rr	13500	0.463	2024	04	07
W	Rr	13599	0.466	2024	03	31
W	Rr	16024	0.549	2024	03	24
W	Rr	14040	0.481	2024	03	17
W	Rr	16854	0.578	2024	03	10
W	Rr	15624	0.536	2024	03	03
W	Rr	17778	0.610	2024	02	25
W	Rr	13428	0.460	2024	02	18
W	Rr	16572	0.568	2024	02	11
W	Rr	17070	0.585	2024	02	04
W	Rr	26220	0.899	2024	01	28
W	Rr	14730	0.505	2024	01	21
W	Rr	13098	0.449	2024	01	14
W	Rr	15324	0.525	2024	01	07
W	Rr	12552	0.430	2023	12	31
W	Rr	11406	0.391	2023	12	24
W	Rr	11184	0.383	2023	12	17
W	Rr	13956	0.479	2023	12	10
W	Rr	13644	0.468	2023	12	03
W	Rr	12390	0.425	2023	11	26
W	Rr	11682	0.401	2023	11	19
W	Rr	15756	0.540	2023	11	12
W	Rr	16596	0.569	2023	11	05
W	Rr	16104	0.552	2023	10	29
W	Rr	13980	0.479	2023	10	22
W	Rr	15450	0.530	2023	10	15
W	Rr	14713	0.504	2023	10	08
W	Rr	14285	0.490	2023	10	01
W	Rr	14478	0.496	2023	09	24
W	Rr	11904	0.408	2023	09	17
W	Rr	10968	0.376	2023	09	10
W	Rr	10482	0.359	2023	09	03
W	Rr	10800	0.370	2023	08	27
W	Rr	14568	0.500	2023	08	20
W	Rr	12504	0.429	2023	08	13
W	Rr	12076	0.414	2023	08	06
W	Rr	10997	0.377	2023	07	30
W	Rr	13392	0.459	2023	07	23
W	Rr	13224	0.453	2023	07	16
W	Rr	16128	0.553	2023	07	09
W	Rr	13356	0.458	2023	07	02
W	Rr	12558	0.431	2023	06	25
W	Rr	17082	0.586	2023	06	18
W	Rr	16452	0.564	2023	06	11
W	Rr	15336	0.526	2023	06	04
W	Rr	13482	0.462	2023	05	28
W	Rr	16248	0.557	2023	05	21
W	Rr	15078	0.517	2023	05	14
W	Rr	17181	0.589	2023	05	07
W	Rr	4282	0.147	2023	04	30
W	Rr	2458	0.084	2023	04	23
W	Rr	2269	0.078	2023	04	16
W	Rr	1553	0.053	2023	04	09
W	Rr	2389	0.082	2023	04	02
W	Rr	1701	0.058	2023	03	26
W	Rr	1943	0.067	2023	03	19
W	Rr	2225	0.076	2023	03	12
W	Rr	2192	0.075	2023	03	05
W	Rr	4055	0.139	2023	02	26
W	Rr	2406	0.082	2023	02	19
W	Rr	1898	0.065	2023	02	12
W	Rr	1890	0.065	2023	02	05
W	Rr	1861	0.064	2023	01	29
W	Rr	1686	0.058	2023	01	22
W	Rr	1779	0.061	2023	01	15
W	Rr	1833	0.063	2023	01	08
W	Rr	2226	0.076	2023	01	01
W	Rr	1280	0.044	2022	12	25
W	Rr	1806	0.062	2022	12	18
W	Rr	1773	0.061	2022	12	11
W	Rr	1532	0.053	2022	12	04
W	Rr	1586	0.054	2022	11	27
W	Rr	1093	0.037	2022	11	20
W	Rr	1366	0.047	2022	11	13
W	Rr	1972	0.068	2022	11	06
W	Rr	1396	0.048	2022	10	30
W	Rr	1547	0.053	2022	10	23
W	Rr	1641	0.056	2022	10	16
W	Rr	1747	0.060	2022	10	09
W	Rr	1568	0.054	2022	10	02
W	Rr	1379	0.047	2022	09	25
W	Rr	1695	0.058	2022	09	18
W	Rr	1701	0.058	2022	09	11
W	Rr	1568	0.054	2022	09	04
W	Rr	1562	0.054	2022	08	28
W	Rr	1488	0.051	2022	08	21
W	Rr	1646	0.056	2022	08	14
W	Rr	1430	0.049	2022	08	07
W	Rr	1446	0.050	2022	07	31
W	Rr	1383	0.047	2022	07	24
W	Rr	1661	0.057	2022	07	17
W	Rr	1478	0.051	2022	07	10
W	Rr	1711	0.059	2022	07	03
W	Rr	1804	0.062	2022	06	26
W	Rr	1298	0.045	2022	06	19
W	Rr	1407	0.048	2022	06	12
W	Rr	1396	0.048	2022	06	05
W	Rr	1638	0.056	2022	05	29
W	Rr	1724	0.059	2022	05	22
W	Rr	2427	0.083	2022	05	15
W	Rr	2100	0.072	2022	05	08
W	Rr	1414	0.048	2022	05	01
W	Rr	1865	0.064	2022	04	24
W	Rr	1381	0.047	2022	04	17
W	Rr	1630	0.056	2022	04	10
W	Rr	1670	0.057	2022	04	03
W	Rr	1588	0.054	2022	03	27
W	Rr	1204	0.041	2022	03	20
W	Rr	1350	0.046	2022	03	13
W	Rr	1488	0.051	2022	03	06
W	Rr	1368	0.047	2022	02	27
W	Rr	1481	0.051	2022	02	20
W	Rr	1657	0.057	2022	02	13
W	Rr	1518	0.052	2022	02	06
W	Rr	1787	0.061	2022	01	30
W	Rr	2021	0.069	2022	01	23
W	Rr	1429	0.049	2022	01	16
W	Rr	1693	0.058	2022	01	09
W	Rr	1541	0.053	2022	01	02
W	Rr	1311	0.045	2021	12	26
W	Rr	1839	0.063	2021	12	19
W	Rr	1732	0.059	2021	12	12
W	Rr	2001	0.069	2021	12	05
W	Rr	1641	0.056	2021	11	28
W	Rr	1615	0.055	2021	11	21
W	Rr	1673	0.057	2021	11	14
W	Rr	1625	0.056	2021	11	07
W	Rr	1523	0.052	2021	10	31
W	Rr	1562	0.054	2021	10	24
W	Rr	1474	0.051	2021	10	17
W	Rr	1349	0.046	2021	10	10
W	Rr	1615	0.055	2021	10	03
W	Rr	1598	0.055	2021	09	26
W	Rr	1646	0.056	2021	09	19
W	Rr	1203	0.041	2021	09	12
W	Rr	1106	0.038	2021	09	05
W	Rr	1383	0.047	2021	08	29
W	Rr	1685	0.058	2021	08	22
W	Rr	2071	0.071	2021	08	15
W	Rr	2279	0.078	2021	08	08
W	Rr	2374	0.081	2021	08	01
W	Rr	2543	0.087	2021	07	25
W	Rr	2843	0.097	2021	07	18
W	Rr	2777	0.095	2021	07	11
W	Rr	2756	0.095	2021	07	04
W	Rr	2524	0.087	2021	06	27
W	Rr	2466	0.085	2021	06	20
W	Rr	2262	0.078	2021	06	13
W	Rr	2264	0.078	2021	06	06
W	Rr	2101	0.072	2021	05	30
W	Rr	3009	0.103	2021	05	23
W	Rr	1989	0.068	2021	05	16
W	Rr	2386	0.082	2021	05	09
W	Rr	2138	0.073	2021	05	02
W	Rr	1668	0.057	2021	04	25
W	Rr	2413	0.083	2021	04	18
W	Rr	3035	0.104	2021	04	11
W	Rr	2709	0.093	2021	04	04
W	Rr	1942	0.067	2021	03	28
W	Rr	1666	0.057	2021	03	21
W	Rr	1476	0.051	2021	03	14
W	Rr	1713	0.059	2021	03	07
W	Rr	1777	0.061	2021	02	28
W	Rr	1173	0.040	2021	02	21
W	Rr	1101	0.038	2021	02	14
W	Rr	1699	0.058	2021	02	07
W	Rr	1867	0.064	2021	01	31
W	Rr	1404	0.048	2021	01	24
W	Rr	1564	0.054	2021	01	17
W	Rr	1431	0.049	2021	01	10
W	Rr	1666	0.057	2021	01	03
W	Rr	1926	0.066	2020	12	27
W	Rr	1572	0.054	2020	12	20
W	Rr	1404	0.048	2020	12	13
W	Rr	2272	0.078	2020	12	06
W	Rr	1522	0.052	2020	11	29
W	Rr	1722	0.059	2020	11	22
W	Rr	1580	0.054	2020	11	15
W	Rr	1401	0.048	2020	11	08
W	Rr	1499	0.051	2020	11	01
W	Rr	1470	0.050	2020	10	25
W	Rr	2379	0.082	2020	10	18
W	Rr	1559	0.053	2020	10	11
W	Rr	1729	0.059	2020	10	04
W	Rr	1674	0.057	2020	09	27
W	Rr	1786	0.061	2020	09	20
W	Rr	2200	0.075	2020	09	13
W	Rr	1677	0.058	2020	09	06
W	Rr	1596	0.055	2020	08	30
W	Rr	1833	0.063	2020	08	23
W	Rr	1814	0.062	2020	08	16
W	Rr	2206	0.076	2020	08	09
W	Rr	1397	0.048	2020	08	02
W	Rr	1816	0.062	2020	07	26
W	Rr	1949	0.067	2020	07	19
W	Rr	1532	0.053	2020	07	12
W	Rr	1976	0.068	2020	07	05
W	Rr	1600	0.055	2020	06	28
W	Rr	1627	0.056	2020	06	21
W	Rr	2101	0.072	2020	06	14
W	Rr	1590	0.055	2020	06	07
W	Rr	1492	0.051	2020	05	31
W	Rr	1556	0.053	2020	05	24
W	Rr	1756	0.060	2020	05	17
W	Rr	1568	0.054	2020	05	10
W	Rr	1567	0.054	2020	05	03
W	Rr	1734	0.059	2020	04	26
W	Rr	1675	0.057	2020	04	19
W	Rr	1702	0.058	2020	04	12
W	Rr	1965	0.067	2020	04	05
W	Rr	1329	0.046	2020	03	29
W	Rr	1818	0.062	2020	03	22
W	Rr	1345	0.046	2020	03	15
W	Rr	1581	0.054	2020	03	08
W	Rr	2014	0.069	2020	03	01
W	Rr	1942	0.067	2020	02	23
W	Rr	1748	0.060	2020	02	16
W	Rr	1949	0.067	2020	02	09
W	Rr	1683	0.058	2020	02	02
W	Rr	1436	0.049	2020	01	26
W	Rr	1792	0.061	2020	01	19
W	Rr	1519	0.052	2020	01	12
W	Rr	1420	0.049	2020	01	05
W	Rr	1109	0.038	2019	12	29
W	Rr	1023	0.035	2019	12	22
W	Rr	1584	0.054	2019	12	15
W	Rr	1783	0.061	2019	12	08
W	Rr	1704	0.058	2019	12	01
W	Rr	1178	0.040	2019	11	24
W	Rr	1697	0.058	2019	11	17
W	Rr	1510	0.052	2019	11	10
W	Rr	1383	0.047	2019	11	03
W	Rr	1309	0.045	2019	10	27
W	Rr	1473	0.051	2019	10	20
W	Rr	1519	0.052	2019	10	13
W	Rr	1485	0.051	2019	10	06
W	Rr	1416	0.049	2019	09	29
W	Rr	1499	0.051	2019	09	22
W	Rr	1652	0.057	2019	09	15
W	Rr	1710	0.059	2019	09	08
W	Rr	1485	0.051	2019	09	01
W	Rr	1689	0.058	2019	08	25
W	Rr	1315	0.045	2019	08	18
W	Rr	1619	0.056	2019	08	11
W	Rr	1558	0.053	2019	08	04
W	Rr	1360	0.047	2019	07	28
W	Rr	1191	0.041	2019	07	21
W	Rr	1730	0.059	2019	07	14
W	Rr	1299	0.045	2019	07	07
W	Rr	1339	0.046	2019	06	30
W	Rr	1592	0.055	2019	06	23
W	Rr	1497	0.051	2019	06	16
W	Rr	1450	0.050	2019	06	09
W	Rr	1555	0.053	2019	06	02
W	Rr	1289	0.044	2019	05	26
W	Rr	1863	0.064	2019	05	19
W	Rr	1385	0.047	2019	05	12
W	Rr	1553	0.053	2019	05	05
W	Rr	1655	0.057	2019	04	28
W	Rr	1282	0.044	2019	04	21
W	Rr	1503	0.052	2019	04	14
W	Rr	1623	0.056	2019	04	07
W	Rr	1715	0.059	2019	03	31
W	Rr	1882	0.065	2019	03	24
W	Rr	1464	0.050	2019	03	17
W	Rr	1381	0.047	2019	03	10
W	Rr	1627	0.056	2019	03	03
W	Rr	1773	0.061	2019	02	24
W	Rr	1669	0.057	2019	02	17
W	Rr	1483	0.051	2019	02	10
W	Rr	1391	0.048	2019	02	03
W	Rr	1797	0.062	2019	01	27
W	Rr	1963	0.067	2019	01	20
W	Rr	2029	0.070	2019	01	13
W	Rr	1696	0.058	2019	01	06
W	Rr	1526	0.052	2018	12	30
W	Rr	1226	0.042	2018	12	23
W	Rr	1442	0.049	2018	12	16
W	Rr	1936	0.066	2018	12	09
W	Rr	1809	0.062	2018	12	02
W	Rr	1295	0.044	2018	11	25
W	Rr	1820	0.062	2018	11	18
W	Rr	1802	0.062	2018	11	11
W	Rr	0	0.000	2018	11	04
W	Rr	1473	0.051	2018	10	28
W	Rr	1106	0.038	2018	10	21
W	Rr	1427	0.049	2018	10	14
W	Rr	1214	0.042	2018	10	07
W	Rr	1168	0.040	2018	09	30
W	Rr	1420	0.049	2018	09	23
W	Rr	1197	0.041	2018	09	16
W	Rr	1388	0.048	2018	09	09
W	Rr	1320	0.045	2018	09	02
W	Rr	1246	0.043	2018	08	26
W	Rr	1214	0.042	2018	08	19
W	Rr	1366	0.047	2018	08	12
W	Rr	1195	0.041	2018	08	05
W	Rr	1346	0.046	2018	07	29
W	Rr	1374	0.047	2018	07	22
W	Rr	1508	0.052	2018	07	15
W	Rr	1522	0.052	2018	07	08
W	Rr	909	0.031	2018	07	01
W	Rr	1444	0.050	2018	06	24
W	Rr	2682	0.092	2018	06	17
W	Rr	1365	0.047	2018	06	10
W	Rr	1329	0.046	2018	06	03
W	Rr	1275	0.044	2018	05	27
W	Rr	1392	0.048	2018	05	20
W	Rr	1321	0.045	2018	05	13
W	Rr	1527	0.052	2018	05	06
W	Rr	1517	0.052	2018	04	29
W	Rr	0	0.000	2018	04	22
W	Rr	1364	0.047	2018	04	15
W	Rr	1712	0.059	2018	04	08
W	Rr	0	0.000	2018	04	01
W	Rr	1543	0.053	2018	03	25
W	Rr	1342	0.046	2018	03	18
W	Rr	2429	0.083	2018	03	11
W	Rr	0	0.000	2018	03	04
W	Rr	1366	0.047	2018	02	25
W	Rr	1308	0.045	2018	02	18
W	Rr	1439	0.049	2018	02	11
W	Rr	1731	0.059	2018	02	04
W	Rr	0	0.000	2018	01	28
W	Rr	1434	0.049	2018	01	21
W	Rr	1578	0.054	2018	01	14
W	Rr	1471	0.050	2018	01	07
W	Rr	1246	0.043	2017	12	31
W	Rr	1033	0.035	2017	12	24
W	Rr	1103	0.038	2017	12	17
W	Rr	1406	0.048	2017	12	10
W	Rr	0	0.000	2017	12	03
W	Rr	1335	0.046	2017	11	26
W	Rr	1427	0.049	2017	11	19
W	Rr	1662	0.057	2017	11	12
W	Rr	1414	0.048	2017	11	05
W	Rr	1349	0.046	2017	10	29
W	Rr	1208	0.041	2017	10	22
W	Rr	2013	0.069	2017	10	15
W	Rr	1832	0.063	2017	10	08
W	Rr	0	0.000	2017	10	01
W	Rr	0	0.000	2017	09	24
W	Rr	0	0.000	2017	09	17
W	Rr	0	0.000	2017	09	10
W	Rr	0	0.000	2017	09	03
W	Rr	0	0.000	2017	08	27
W	Rr	0	0.000	2017	08	20
W	Rr	0	0.000	2017	08	13
W	Rr	0	0.000	2017	08	06
W	Rr	0	0.000	2017	07	30
W	Rr	0	0.000	2017	07	23
W	Rr	0	0.000	2017	07	16
W	Rr	0	0.000	2017	07	09
W	Rr	0	0.000	2017	07	02
W	Rr	0	0.000	2017	06	25
W	Rr	0	0.000	2017	06	18
W	Rr	0	0.000	2017	06	11
W	Rr	0	0.000	2017	06	04
W	Rr	25	0.001	2017	05	28
W	Rr	1838	0.063	2017	05	21
W	Rr	1915	0.066	2017	05	14
W	Rr	1676	0.057	2017	05	07
W	Rr	1677	0.058	2017	04	30
W	Rr	2071	0.071	2017	04	23
W	Rr	1978	0.068	2017	04	16
W	Rr	1874	0.064	2017	04	09
W	Rr	3435	0.118	2017	04	02
W	Rr	2619	0.090	2017	03	26
W	Rr	2633	0.090	2017	03	19
W	Rr	2413	0.083	2017	03	12
W	Rr	3092	0.106	2017	03	05
W	Rr	2295	0.079	2017	02	26
W	Rr	2204	0.076	2017	02	19
W	Rr	1869	0.064	2017	02	12
W	Rr	1973	0.068	2017	02	05
W	Rr	1783	0.061	2017	01	29
W	Rr	1768	0.061	2017	01	22
W	Rr	1585	0.054	2017	01	15
W	Rr	1768	0.061	2017	01	08
W	Rr	1740	0.060	2017	01	01
W	Rr	1549	0.053	2016	12	25
W	Rr	2202	0.076	2016	12	18
W	Rr	1812	0.062	2016	12	11
W	Rr	2648	0.091	2016	12	04
W	Rr	2236	0.077	2016	11	27
W	Rr	1321	0.045	2016	11	20
W	Rr	1996	0.068	2016	11	13
W	Rr	1716	0.059	2016	11	06
W	Rr	1564	0.054	2016	10	30
W	Rr	1362	0.047	2016	10	23
W	Rr	1707	0.059	2016	10	16
W	Rr	1696	0.058	2016	10	09
W	Rr	36	0.001	2016	10	02
W	Rr	2002	0.069	2016	09	25
W	Rr	1399	0.048	2016	09	18
W	Rr	1199	0.041	2016	09	11
W	Rr	1326	0.045	2016	09	04
W	Rr	1316	0.045	2016	08	28
W	Rr	1257	0.043	2016	08	21
W	Rr	1208	0.041	2016	08	14
W	Rr	1602	0.055	2016	08	07
W	Rr	1319	0.045	2016	07	31
W	Rr	1796	0.062	2016	07	24
W	Rr	1171	0.040	2016	07	17
W	Rr	1167	0.040	2016	07	10
W	Rr	917	0.031	2016	07	03
W	Rr	920	0.032	2016	06	26
W	Rr	1179	0.040	2016	06	19
W	Rr	1288	0.044	2016	06	12
W	Rr	1237	0.042	2016	06	05
W	Rr	1263	0.043	2016	05	29
W	Rr	1338	0.046	2016	05	22
W	Rr	1184	0.041	2016	05	15
W	Rr	1365	0.047	2016	05	08
W	Rr	974	0.033	2016	05	01
W	Rr	1311	0.045	2016	04	24
W	Rr	1127	0.039	2016	04	17
W	Rr	1248	0.043	2016	04	10
W	Rr	1451	0.050	2016	04	03
W	Rr	987	0.034	2016	03	27
W	Rr	1233	0.042	2016	03	20
W	Rr	1347	0.046	2016	03	13
W	Rr	1347	0.046	2016	03	06
W	Rr	1236	0.042	2016	02	28
W	Rr	1422	0.049	2016	02	21
W	Rr	1085	0.037	2016	02	14
W	Rr	1427	0.049	2016	02	07
W	Rr	1359	0.047	2016	01	31
W	Rr	1708	0.059	2016	01	24
W	Rr	1476	0.051	2016	01	17
W	Rr	1563	0.054	2016	01	10
W	Rr	1381	0.047	2016	01	03
W	Rr	1273	0.044	2015	12	27
W	Rr	1084	0.037	2015	12	20
W	Rr	1344	0.046	2015	12	13
W	Rr	1336	0.046	2015	12	06
W	Rr	1123	0.039	2015	11	29
W	Rr	960	0.033	2015	11	22
W	Rr	1337	0.046	2015	11	15
W	Rr	1400	0.048	2015	11	08
W	Rr	1383	0.047	2015	11	01
W	Rr	1250	0.043	2015	10	25
W	Rr	1366	0.047	2015	10	18
W	Rr	1367	0.047	2015	10	11
W	Rr	1214	0.042	2015	10	04
W	Rr	1152	0.040	2015	09	27
W	Rr	1387	0.048	2015	09	20
W	Rr	1655	0.057	2015	09	13
W	Rr	1526	0.052	2015	09	06
W	Rr	1242	0.043	2015	08	30
W	Rr	1800	0.062	2015	08	23
W	Rr	1527	0.052	2015	08	16
W	Rr	1386	0.048	2015	08	09
W	Rr	1593	0.055	2015	08	02
W	Rr	1567	0.054	2015	07	26
W	Rr	1980	0.068	2015	07	19
W	Rr	2180	0.075	2015	07	12
W	Rr	2008	0.069	2015	07	05
W	Rr	2297	0.079	2015	06	28
W	Rr	1556	0.053	2015	06	21
W	Rr	1380	0.047	2015	06	14
W	Rr	2013	0.069	2015	06	07
W	Rr	1651	0.057	2015	05	31
W	Rr	1224	0.042	2015	05	24
W	Rr	1355	0.046	2015	05	17
W	Rr	1179	0.040	2015	05	10
W	Rr	1436	0.049	2015	05	03
W	Rr	1671	0.057	2015	04	26
W	Rr	1878	0.064	2015	04	19
W	Rr	2326	0.080	2015	04	12
W	Rr	2636	0.090	2015	04	05
W	Rr	2297	0.079	2015	03	29
W	Rr	1237	0.042	2015	03	22
W	Rr	1453	0.050	2015	03	15
W	Rr	1399	0.048	2015	03	08
W	Rr	1287	0.044	2015	03	01
W	Rr	1249	0.043	2015	02	22
W	Rr	1373	0.047	2015	02	15
W	Rr	1790	0.061	2015	02	08
W	Rr	1672	0.057	2015	02	01
W	Rr	1543	0.053	2015	01	25
W	Rr	1463	0.050	2015	01	18
W	Rr	1696	0.058	2015	01	11
W	Rr	1707	0.059	2015	01	04
W	Rr	1833	0.063	2014	12	28
W	Rr	1335	0.046	2014	12	21
W	Rr	1644	0.056	2014	12	14
W	Rr	1541	0.053	2014	12	07
W	Rr	1335	0.046	2014	11	30
W	Rr	1262	0.043	2014	11	23
W	Rr	2009	0.069	2014	11	16
W	Rr	1566	0.054	2014	11	09
W	Rr	1814	0.062	2014	11	02
W	Rr	1452	0.050	2014	10	26
W	Rr	1642	0.056	2014	10	19
W	Rr	1795	0.062	2014	10	12
W	Rr	1836	0.063	2014	10	05
W	Rr	1662	0.057	2014	09	28
W	Rr	1843	0.063	2014	09	21
W	Rr	1678	0.058	2014	09	14
W	Rr	1598	0.055	2014	09	07
W	Rr	1418	0.049	2014	08	31
W	Rr	1584	0.054	2014	08	24
W	Rr	1571	0.054	2014	08	17
W	Rr	1727	0.059	2014	08	10
W	Rr	1927	0.066	2014	08	03
W	Rr	1691	0.058	2014	07	27
W	Rr	1702	0.058	2014	07	20
W	Rr	1624	0.056	2014	07	13
W	Rr	1831	0.063	2014	07	06
W	Rr	1867	0.064	2014	06	29
W	Rr	1927	0.066	2014	06	22
W	Rr	2134	0.073	2014	06	15
W	Rr	4851	0.166	2014	06	08
W	Rr	2293	0.079	2014	06	01
W	Rr	3180	0.109	2014	05	25
W	Rr	1468	0.050	2014	05	18
W	Rr	1808	0.062	2014	05	11
W	Rr	1998	0.069	2014	05	04
W	Rr	1876	0.064	2014	04	27
W	Rr	2330	0.080	2014	04	20
W	Rr	2565	0.088	2014	04	13
W	Rr	2652	0.091	2014	04	06
W	Rr	2574	0.088	2014	03	30
W	Rr	1186	0.041	2014	03	23
W	Rr	1305	0.045	2014	03	16
W	Rr	2273	0.078	2014	03	09
W	Rr	2231	0.076	2014	03	02
W	Rr	1925	0.066	2014	02	23
W	Rr	7060	0.242	2014	02	16
W	Rr	2854	0.098	2014	02	09
W	Rr	3190	0.109	2014	02	02
W	Rr	3743	0.128	2014	01	26
W	Rr	3643	0.125	2014	01	19
W	Rr	2961	0.102	2014	01	12
W	Rr	2319	0.080	2014	01	05
W	Rr	981	0.034	2013	12	29
W	Rr	1108	0.038	2013	12	22
W	Rr	1226	0.042	2013	12	15
W	Rr	1285	0.044	2013	12	08
W	Rr	1289	0.044	2013	12	01
W	Rr	1404	0.048	2013	11	24
W	Rr	1142	0.039	2013	11	17
W	Rr	1334	0.046	2013	11	10
W	Rr	1277	0.044	2013	11	03
W	Rr	1035	0.035	2013	10	27
W	Rr	1309	0.045	2013	10	20
W	Rr	1302	0.045	2013	10	13
W	Rr	1432	0.049	2013	10	06
W	Rr	1178	0.040	2013	09	29
W	Rr	947	0.032	2013	09	22
W	Rr	1254	0.043	2013	09	15
W	Rr	1099	0.038	2013	09	08
W	Rr	1053	0.036	2013	09	01
W	Rr	1010	0.035	2013	08	25
W	Rr	1102	0.038	2013	08	18
W	Rr	1063	0.036	2013	08	11
W	Rr	1105	0.038	2013	08	04
W	Rr	1377	0.047	2013	07	28
W	Rr	1498	0.051	2013	07	21
W	Rr	1295	0.044	2013	07	14
W	Rr	1237	0.042	2013	07	07
W	Rr	1003	0.034	2013	06	30
W	Rr	1275	0.044	2013	06	23
W	Rr	1072	0.037	2013	06	16
W	Rr	1249	0.043	2013	06	09
W	Rr	1521	0.052	2013	06	02
W	Rr	1256	0.043	2013	05	26
W	Rr	1091	0.037	2013	05	19
W	Rr	1359	0.047	2013	05	12
W	Rr	1130	0.039	2013	05	05
W	Rr	1215	0.042	2013	04	28
W	Rr	1368	0.047	2013	04	21
W	Rr	1318	0.045	2013	04	14
W	Rr	1408	0.048	2013	04	07
W	Rr	1277	0.044	2013	03	31
W	Rr	1452	0.050	2013	03	24
W	Rr	1418	0.049	2013	03	17
W	Rr	1217	0.042	2013	03	10
W	Rr	1490	0.051	2013	03	03
W	Rr	1353	0.046	2013	02	24
W	Rr	1268	0.043	2013	02	17
W	Rr	1274	0.044	2013	02	10
W	Rr	1153	0.040	2013	02	03
W	Rr	1266	0.043	2013	01	27
W	Rr	1271	0.044	2013	01	20
W	Rr	1449	0.050	2013	01	13
W	Rr	1253	0.043	2013	01	06
W	Rr	1309	0.045	2012	12	30
W	Rr	1156	0.040	2012	12	23
W	Rr	1336	0.046	2012	12	16
W	Rr	1575	0.054	2012	12	09
W	Rr	1087	0.037	2012	12	02
W	Rr	1376	0.047	2012	11	25
W	Rr	1136	0.039	2012	11	18
W	Rr	1341	0.046	2012	11	11
W	Rr	1418	0.049	2012	11	04
W	Rr	1103	0.038	2012	10	28
W	Rr	1200	0.041	2012	10	21
W	Rr	1382	0.047	2012	10	14
W	Rr	1127	0.039	2012	10	07
W	Rr	1187	0.041	2012	09	30
W	Rr	1172	0.040	2012	09	23
W	Rr	1034	0.035	2012	09	16
W	Rr	944	0.032	2012	09	09
W	Rr	958	0.033	2012	09	02
W	Rr	734	0.025	2012	08	26
W	Rr	881	0.030	2012	08	19
W	Rr	874	0.030	2012	08	12
W	Rr	973	0.033	2012	08	05
W	Rr	1010	0.035	2012	07	29
W	Rr	943	0.032	2012	07	22
W	Rr	1089	0.037	2012	07	15
W	Rr	888	0.030	2012	07	08
W	Rr	845	0.029	2012	07	01
W	Rr	1070	0.037	2012	06	24
W	Rr	1050	0.036	2012	06	17
W	Rr	1271	0.044	2012	06	10
W	Rr	957	0.033	2012	06	03
W	Rr	1249	0.043	2012	05	27
W	Rr	1055	0.036	2012	05	20
W	Rr	1392	0.048	2012	05	13
W	Rr	1140	0.039	2012	05	06
W	Rr	1807	0.062	2012	04	29
W	Rr	1225	0.042	2012	04	22
W	Rr	1264	0.043	2012	04	15
W	Rr	1075	0.037	2012	04	08
W	Rr	1261	0.043	2012	04	01
W	Rr	1345	0.046	2012	03	25
W	Rr	1254	0.043	2012	03	18
W	Rr	1478	0.051	2012	03	11
W	Rr	1503	0.052	2012	03	04
W	Rr	1532	0.053	2012	02	26
W	Rr	1464	0.050	2012	02	19
W	Rr	1154	0.040	2012	02	12
W	Rr	1240	0.043	2012	02	05
W	Rr	1088	0.037	2012	01	29
W	Rr	1125	0.039	2012	01	22
W	Rr	60	0.002	2012	01	15
W	Rr	1472	0.050	2012	01	08
W	Rr	1122	0.038	2012	01	01
W	Rr	888	0.030	2011	12	25
W	Rr	1360	0.047	2011	12	18
W	Rr	1486	0.051	2011	12	11
W	Rr	1330	0.046	2011	12	04
W	Rr	1094	0.038	2011	11	27
W	Rr	1062	0.036	2011	11	20
W	Rr	1123	0.039	2011	11	13
W	Rr	975	0.033	2011	11	06
W	Rr	1264	0.043	2011	10	30
W	Rr	1140	0.039	2011	10	23
W	Rr	1211	0.042	2011	10	16
W	Rr	1236	0.042	2011	10	09
W	Rr	1128	0.039	2011	10	02
W	Rr	1083	0.037	2011	09	25
W	Rr	1451	0.050	2011	09	18
W	Rr	1278	0.044	2011	09	11
W	Rr	1219	0.042	2011	09	04
W	Rr	1316	0.045	2011	08	28
W	Rr	1119	0.038	2011	08	21
W	Rr	1484	0.051	2011	08	14
W	Rr	1671	0.057	2011	08	07
W	Rr	1319	0.045	2011	07	31
W	Rr	1197	0.041	2011	07	24
W	Rr	1504	0.052	2011	07	17
W	Rr	1367	0.047	2011	07	10
W	Rr	1205	0.041	2011	07	03
W	Rr	1333	0.046	2011	06	26
W	Rr	1059	0.036	2011	06	19
W	Rr	1353	0.046	2011	06	12
W	Rr	1275	0.044	2011	06	05
W	Rr	983	0.034	2011	05	29
W	Rr	1262	0.043	2011	05	22
W	Rr	1374	0.047	2011	05	15
W	Rr	1076	0.037	2011	05	08
W	Rr	0	0.000	2011	05	01
W	Rr	0	0.000	2011	04	24
W	Rr	0	0.000	2011	04	17
W	Rr	0	0.000	2011	04	10
W	Rr	0	0.000	2011	04	03
W	Rr	0	0.000	2011	03	27
W	Rr	24	0.001	2011	03	20
W	Rr	1317	0.045	2011	03	13
W	Rr	1258	0.043	2011	03	06
W	Rr	1372	0.047	2011	02	27
W	Rr	1226	0.042	2011	02	20
W	Rr	1524	0.052	2011	02	13
W	Rr	1366	0.047	2011	02	06
W	Rr	958	0.033	2011	01	30
W	Rr	1273	0.044	2011	01	23
W	Rr	1560	0.053	2011	01	16
W	Rr	1472	0.050	2011	01	09
W	Rr	1310	0.045	2011	01	02
W	Rr	798	0.027	2010	12	26
W	Rr	935	0.032	2010	12	19
W	Rr	0	0.000	2010	12	12
W	Rr	0	0.000	2010	12	05
W	Rr	0	0.000	2010	11	28
W	Rr	0	0.000	2010	11	21
W	Rr	0	0.000	2010	11	14
W	Rr	0	0.000	2010	11	07
W	Rr	0	0.000	2010	10	31
W	Rr	0	0.000	2010	10	24
W	Rr	0	0.000	2010	10	17
W	Rr	0	0.000	2010	10	10
W	Rr	0	0.000	2010	10	03
W	Rr	0	0.000	2010	09	26
W	Rr	0	0.000	2010	09	19
W	Rr	0	0.000	2010	09	12
W	Rr	0	0.000	2010	09	05
W	Rr	0	0.000	2010	08	29
W	Rr	0	0.000	2010	08	22
W	Rr	0	0.000	2010	08	15
W	Rr	0	0.000	2010	08	08
W	Rr	0	0.000	2010	08	01
W	Rr	0	0.000	2010	07	25
W	Rr	0	0.000	2010	07	18
W	Rr	0	0.000	2010	07	11
W	Rr	0	0.000	2010	07	04
W	Rr	15	0.001	2010	06	27
W	Rr	914	0.031	2010	06	20
W	Rr	1104	0.038	2010	06	13
W	Rr	1096	0.038	2010	06	06
W	Rr	1171	0.040	2010	05	30
W	Rr	1115	0.038	2010	05	23
W	Rr	1170	0.040	2010	05	16
W	Rr	1334	0.046	2010	05	09
W	Rr	1109	0.038	2010	05	02
W	Rr	1067	0.037	2010	04	25
W	Rr	1212	0.042	2010	04	18
W	Rr	1054	0.036	2010	04	11
W	Rr	1325	0.045	2010	04	04
W	Rr	811	0.028	2010	03	28
W	Rr	1195	0.041	2010	03	21
W	Rr	1338	0.046	2010	03	14
W	Rr	1113	0.038	2010	03	07
W	Rr	1103	0.038	2010	02	28
W	Rr	1290	0.044	2010	02	21
W	Rr	0	0.000	2010	02	14
W	Rr	0	0.000	2010	02	07
W	Rr	0	0.000	2010	01	31
W	Rr	0	0.000	2010	01	24
W	Rr	0	0.000	2010	01	17
W	Rr	0	0.000	2010	01	10
W	Rr	0	0.000	2010	01	03
W	Rr	78	0.003	2009	12	27
W	Rr	945	0.032	2009	12	20
W	Rr	1140	0.039	2009	12	13
W	Rr	1323	0.045	2009	12	06
W	Rr	1518	0.052	2009	11	29
W	Rr	1352	0.046	2009	11	22
W	Rr	1346	0.046	2009	11	15
W	Rr	1416	0.049	2009	11	08
W	Rr	1734	0.059	2009	11	01
W	Rr	1035	0.035	2009	10	25
W	Rr	1297	0.044	2009	10	18
W	Rr	1267	0.043	2009	10	11
W	Rr	1440	0.049	2009	10	04
W	Rr	1521	0.052	2009	09	27
W	Rr	1121	0.038	2009	09	20
W	Rr	875	0.030	2009	09	13
W	Rr	1032	0.035	2009	09	06
W	Rr	1283	0.044	2009	08	30
W	Rr	1214	0.042	2009	08	23
W	Rr	1402	0.048	2009	08	16
W	Rr	1260	0.043	2009	08	09
W	Rr	1404	0.048	2009	08	02
W	Rr	1380	0.047	2009	07	26
W	Rr	1470	0.050	2009	07	19
W	Rr	1750	0.060	2009	07	12
W	Rr	1847	0.063	2009	07	05
W	Rr	1889	0.065	2009	06	28
W	Rr	1312	0.045	2009	06	21
W	Rr	1093	0.037	2009	06	14
W	Rr	1363	0.047	2009	06	07
W	Rr	1251	0.043	2009	05	31
W	Rr	1352	0.046	2009	05	24
W	Rr	1133	0.039	2009	05	17
W	Rr	1887	0.065	2009	05	10
W	Rr	1369	0.047	2009	05	03
W	Rr	1089	0.037	2009	04	26
W	Rr	1160	0.040	2009	04	19
W	Rr	1189	0.041	2009	04	12
W	Rr	1529	0.052	2009	04	05
W	Rr	1155	0.040	2009	03	29
W	Rr	1230	0.042	2009	03	22
W	Rr	1029	0.035	2009	03	15
W	Rr	1234	0.042	2009	03	08
W	Rr	1486	0.051	2009	03	01
W	Rr	1470	0.050	2009	02	22
W	Rr	1198	0.041	2009	02	15
W	Rr	1802	0.062	2009	02	08
W	Rr	1653	0.057	2009	02	01
W	Rr	1346	0.046	2009	01	25
W	Rr	1431	0.049	2009	01	18
W	Rr	1678	0.058	2009	01	11
W	Rr	1591	0.055	2009	01	04
W	Rr	886	0.030	2008	12	28
W	Rr	1148	0.039	2008	12	21
W	Rr	1428	0.049	2008	12	14
W	Rr	1508	0.052	2008	12	07
W	Rr	1194	0.041	2008	11	30
W	Rr	1070	0.037	2008	11	23
W	Rr	1396	0.048	2008	11	16
W	Rr	1255	0.043	2008	11	09
W	Rr	1314	0.045	2008	11	02
W	Rr	1397	0.048	2008	10	26
W	Rr	1638	0.056	2008	10	19
W	Rr	1298	0.045	2008	10	12
W	Rr	430	0.015	2008	10	05
W	Rr	723	0.025	2008	09	28
W	Rr	1308	0.045	2008	09	21
W	Rr	1242	0.043	2008	09	14
W	Rr	1409	0.048	2008	09	07
W	Rr	1142	0.039	2008	08	31
W	Rr	1022	0.035	2008	08	24
W	Rr	1062	0.036	2008	08	17
W	Rr	1188	0.041	2008	08	10
W	Rr	1232	0.042	2008	08	03
W	Rr	1050	0.036	2008	07	27
W	Rr	1272	0.044	2008	07	20
W	Rr	1305	0.045	2008	07	13
W	Rr	1093	0.037	2008	07	06
W	Rr	1182	0.041	2008	06	29
W	Rr	1937	0.066	2008	06	22
W	Rr	1493	0.051	2008	06	15
W	Rr	1083	0.037	2008	06	08
W	Rr	1283	0.044	2008	06	01
W	Rr	1432	0.049	2008	05	25
W	Rr	1726	0.059	2008	05	18
W	Rr	1580	0.054	2008	05	11
W	Rr	2661	0.091	2008	05	04
W	Rr	3648	0.125	2008	04	27
W	Rr	1400	0.048	2008	04	20
W	Rr	1365	0.047	2008	04	13
W	Rr	1213	0.042	2008	04	06
W	Rr	1670	0.057	2008	03	30
W	Rr	1211	0.042	2008	03	23
W	Rr	1144	0.039	2008	03	16
W	Rr	1301	0.045	2008	03	09
W	Rr	1292	0.044	2008	03	02
W	Rr	1427	0.049	2008	02	24
W	Rr	2207	0.076	2008	02	17
W	Rr	1124	0.039	2008	02	10
W	Rr	1561	0.054	2008	02	03
W	Rr	1533	0.053	2008	01	27
W	Rr	1389	0.048	2008	01	20
W	Rr	1133	0.039	2008	01	13
W	Rr	1404	0.048	2008	01	06
W	Rr	976	0.033	2007	12	30
W	Rr	801	0.027	2007	12	23
W	Rr	675	0.023	2007	12	16
W	*BT	R	26220	2024	01	28
D	Rr	75	0.003	2025	07	27
D	Rr	1267	0.043	2025	07	26
D	Rr	798	0.027	2025	07	25
D	Rr	1896	0.065	2025	07	24
D	Rr	2437	0.084	2025	07	23
D	Rr	934	0.032	2025	07	22
D	Rr	1608	0.055	2025	07	21
D	Rr	1428	0.049	2025	07	20
D	Rr	2124	0.073	2025	07	19
D	Rr	2478	0.085	2025	07	18
D	Rr	2700	0.093	2025	07	17
D	Rr	1896	0.065	2025	07	16
D	Rr	2328	0.080	2025	07	15
D	Rr	2382	0.082	2025	07	14
D	Rr	2712	0.093	2025	07	13
D	Rr	2634	0.090	2025	07	12
D	Rr	3108	0.107	2025	07	11
D	Rr	2670	0.092	2025	07	10
D	Rr	2622	0.090	2025	07	09
D	Rr	2130	0.073	2025	07	08
D	Rr	2484	0.085	2025	07	07
D	Rr	1794	0.062	2025	07	06
D	Rr	1818	0.062	2025	07	05
D	Rr	1230	0.042	2025	07	04
D	Rr	2826	0.097	2025	07	03
D	Rr	2058	0.071	2025	07	02
D	Rr	1614	0.055	2025	07	01
D	Rr	2412	0.083	2025	06	30
D	Rr	1326	0.045	2025	06	29
D	Rr	2400	0.082	2025	06	28
D	Rr	2466	0.085	2025	06	27
D	Rr	2424	0.083	2025	06	26
D	Rr	2352	0.081	2025	06	25
D	Rr	2358	0.081	2025	06	24
D	Rr	3582	0.123	2025	06	23
D	Rr	3024	0.104	2025	06	22
D	Rr	2742	0.094	2025	06	21
D	Rr	3264	0.112	2025	06	20
D	Rr	5322	0.182	2025	06	19
D	Rr	5454	0.187	2025	06	18
D	Rr	2676	0.092	2025	06	17
D	Rr	2082	0.071	2025	06	16
D	*BT	R	9912	2024	01	29
d	Rr	347444	11.913	Sun
d	Rr	463683	15.899	Mon
d	Rr	458750	15.730	Tue
d	Rr	466738	16.004	Wed
d	Rr	457681	15.693	Thu
d	Rr	428730	14.701	Fri
d	Rr	293372	10.059	Sat
H	Rr	3	0.000	2025	07	27	04
H	Rr	14	0.000	2025	07	27	03
H	Rr	44	0.002	2025	07	27	02
H	Rr	7	0.000	2025	07	27	01
H	Rr	7	0.000	2025	07	27	00
H	Rr	7	0.000	2025	07	26	23
H	Rr	9	0.000	2025	07	26	22
H	Rr	1	0.000	2025	07	26	21
H	Rr	36	0.001	2025	07	26	20
H	Rr	3	0.000	2025	07	26	19
H	Rr	5	0.000	2025	07	26	18
H	Rr	47	0.002	2025	07	26	17
H	Rr	37	0.001	2025	07	26	16
H	Rr	42	0.001	2025	07	26	15
H	Rr	11	0.000	2025	07	26	14
H	Rr	6	0.000	2025	07	26	13
H	Rr	4	0.000	2025	07	26	12
H	Rr	1	0.000	2025	07	26	11
H	Rr	15	0.001	2025	07	26	10
H	Rr	4	0.000	2025	07	26	09
H	Rr	3	0.000	2025	07	26	08
H	Rr	3	0.000	2025	07	26	07
H	Rr	3	0.000	2025	07	26	06
H	Rr	4	0.000	2025	07	26	05
H	Rr	10	0.000	2025	07	26	04
H	Rr	6	0.000	2025	07	26	03
H	Rr	954	0.033	2025	07	26	02
H	Rr	14	0.000	2025	07	26	01
H	Rr	42	0.001	2025	07	26	00
H	Rr	20	0.001	2025	07	25	23
H	Rr	14	0.000	2025	07	25	22
H	Rr	8	0.000	2025	07	25	21
H	Rr	12	0.000	2025	07	25	20
H	Rr	76	0.003	2025	07	25	19
H	Rr	16	0.001	2025	07	25	18
H	Rr	64	0.002	2025	07	25	17
H	Rr	186	0.006	2025	07	25	16
H	Rr	88	0.003	2025	07	25	15
H	Rr	18	0.001	2025	07	25	14
H	Rr	14	0.000	2025	07	25	13
H	Rr	18	0.001	2025	07	25	12
H	Rr	4	0.000	2025	07	25	11
H	Rr	42	0.001	2025	07	25	10
H	Rr	8	0.000	2025	07	25	09
H	Rr	4	0.000	2025	07	25	08
H	Rr	30	0.001	2025	07	25	07
H	Rr	38	0.001	2025	07	25	06
H	Rr	24	0.001	2025	07	25	05
H	Rr	36	0.001	2025	07	25	04
H	Rr	45	0.002	2025	07	25	03
H	Rr	15	0.001	2025	07	25	02
H	Rr	9	0.000	2025	07	25	01
H	Rr	9	0.000	2025	07	25	00
H	Rr	18	0.001	2025	07	24	23
H	Rr	156	0.005	2025	07	24	22
H	Rr	39	0.001	2025	07	24	21
H	Rr	42	0.001	2025	07	24	20
H	Rr	18	0.001	2025	07	24	19
H	Rr	33	0.001	2025	07	24	18
H	Rr	24	0.001	2025	07	24	17
H	Rr	42	0.001	2025	07	24	16
H	Rr	21	0.001	2025	07	24	15
H	Rr	45	0.002	2025	07	24	14
H	Rr	369	0.013	2025	07	24	13
H	Rr	168	0.006	2025	07	24	12
H	Rr	21	0.001	2025	07	24	11
H	Rr	27	0.001	2025	07	24	10
H	Rr	138	0.005	2025	07	24	09
H	Rr	90	0.003	2025	07	24	08
H	Rr	321	0.011	2025	07	24	07
H	Rr	15	0.001	2025	07	24	06
H	Rr	9	0.000	2025	07	24	05
H	*BT	R	1800	2025	02	28	02
h	Rr	116841	4.006	00
h	Rr	100939	3.461	01
h	Rr	110688	3.795	02
h	Rr	130561	4.477	03
h	Rr	110547	3.791	04
h	Rr	111488	3.823	05
h	Rr	100085	3.432	06
h	Rr	101298	3.473	07
h	Rr	89966	3.085	08
h	Rr	89429	3.066	09
h	Rr	91493	3.137	10
h	Rr	97099	3.329	11
h	Rr	97636	3.348	12
h	Rr	104134	3.571	13
h	Rr	130104	4.461	14
h	Rr	154550	5.299	15
h	Rr	169791	5.822	16
h	Rr	158697	5.442	17
h	Rr	163951	5.622	18
h	Rr	157233	5.391	19
h	Rr	148627	5.096	20
h	Rr	134610	4.616	21
h	Rr	127813	4.383	22
h	Rr	118818	4.074	23
4	Rr	1	0.000	2025	07	27	04	45
4	Rr	0	0.000	2025	07	27	04	30
4	Rr	2	0.000	2025	07	27	04	15
4	Rr	0	0.000	2025	07	27	04	00
4	Rr	1	0.000	2025	07	27	03	45
4	Rr	3	0.000	2025	07	27	03	30
4	Rr	5	0.000	2025	07	27	03	15
4	Rr	5	0.000	2025	07	27	03	00
4	Rr	32	0.001	2025	07	27	02	45
4	Rr	1	0.000	2025	07	27	02	30
4	Rr	0	0.000	2025	07	27	02	15
4	Rr	11	0.000	2025	07	27	02	00
4	Rr	0	0.000	2025	07	27	01	45
4	Rr	2	0.000	2025	07	27	01	30
4	Rr	2	0.000	2025	07	27	01	15
4	Rr	3	0.000	2025	07	27	01	00
4	Rr	1	0.000	2025	07	27	00	45
4	Rr	2	0.000	2025	07	27	00	30
4	Rr	3	0.000	2025	07	27	00	15
4	Rr	1	0.000	2025	07	27	00	00
4	Rr	1	0.000	2025	07	26	23	45
4	Rr	4	0.000	2025	07	26	23	30
4	Rr	2	0.000	2025	07	26	23	15
4	Rr	0	0.000	2025	07	26	23	00
4	Rr	3	0.000	2025	07	26	22	45
4	Rr	4	0.000	2025	07	26	22	30
4	Rr	1	0.000	2025	07	26	22	15
4	Rr	1	0.000	2025	07	26	22	00
4	Rr	0	0.000	2025	07	26	21	45
4	Rr	0	0.000	2025	07	26	21	30
4	Rr	1	0.000	2025	07	26	21	15
4	Rr	0	0.000	2025	07	26	21	00
4	Rr	2	0.000	2025	07	26	20	45
4	Rr	34	0.001	2025	07	26	20	30
4	Rr	0	0.000	2025	07	26	20	15
4	Rr	0	0.000	2025	07	26	20	00
4	Rr	1	0.000	2025	07	26	19	45
4	Rr	0	0.000	2025	07	26	19	30
4	Rr	1	0.000	2025	07	26	19	15
4	Rr	1	0.000	2025	07	26	19	00
4	Rr	4	0.000	2025	07	26	18	45
4	Rr	1	0.000	2025	07	26	18	30
4	Rr	0	0.000	2025	07	26	18	15
4	Rr	0	0.000	2025	07	26	18	00
4	Rr	4	0.000	2025	07	26	17	45
4	Rr	3	0.000	2025	07	26	17	30
4	Rr	0	0.000	2025	07	26	17	15
4	Rr	40	0.001	2025	07	26	17	00
4	Rr	3	0.000	2025	07	26	16	45
4	Rr	3	0.000	2025	07	26	16	30
4	Rr	5	0.000	2025	07	26	16	15
4	Rr	26	0.001	2025	07	26	16	00
4	Rr	1	0.000	2025	07	26	15	45
4	Rr	2	0.000	2025	07	26	15	30
4	Rr	2	0.000	2025	07	26	15	15
4	Rr	37	0.001	2025	07	26	15	00
4	Rr	3	0.000	2025	07	26	14	45
4	Rr	5	0.000	2025	07	26	14	30
4	Rr	1	0.000	2025	07	26	14	15
4	Rr	2	0.000	2025	07	26	14	00
4	Rr	1	0.000	2025	07	26	13	45
4	Rr	1	0.000	2025	07	26	13	30
4	Rr	0	0.000	2025	07	26	13	15
4	Rr	4	0.000	2025	07	26	13	00
4	Rr	1	0.000	2025	07	26	12	45
4	Rr	1	0.000	2025	07	26	12	30
4	Rr	2	0.000	2025	07	26	12	15
4	Rr	0	0.000	2025	07	26	12	00
4	Rr	0	0.000	2025	07	26	11	45
4	Rr	1	0.000	2025	07	26	11	30
4	Rr	0	0.000	2025	07	26	11	15
4	Rr	0	0.000	2025	07	26	11	00
4	Rr	0	0.000	2025	07	26	10	45
4	Rr	0	0.000	2025	07	26	10	30
4	Rr	1	0.000	2025	07	26	10	15
4	Rr	14	0.000	2025	07	26	10	00
4	Rr	3	0.000	2025	07	26	09	45
4	Rr	0	0.000	2025	07	26	09	30
4	Rr	1	0.000	2025	07	26	09	15
4	Rr	0	0.000	2025	07	26	09	00
4	Rr	0	0.000	2025	07	26	08	45
4	Rr	0	0.000	2025	07	26	08	30
4	Rr	0	0.000	2025	07	26	08	15
4	Rr	3	0.000	2025	07	26	08	00
4	Rr	0	0.000	2025	07	26	07	45
4	Rr	1	0.000	2025	07	26	07	30
4	Rr	2	0.000	2025	07	26	07	15
4	Rr	0	0.000	2025	07	26	07	00
4	Rr	2	0.000	2025	07	26	06	45
4	Rr	0	0.000	2025	07	26	06	30
4	Rr	0	0.000	2025	07	26	06	15
4	Rr	1	0.000	2025	07	26	06	00
4	Rr	0	0.000	2025	07	26	05	45
4	Rr	0	0.000	2025	07	26	05	30
4	Rr	1	0.000	2025	07	26	05	15
4	Rr	3	0.000	2025	07	26	05	00
4	*BT	R	1092	2025	01	14	01	00
6	Rr	30637	1.051	00	00
6	Rr	29085	0.997	00	15
6	Rr	28688	0.984	00	30
6	Rr	28431	0.975	00	45
6	Rr	23666	0.811	01	00
6	Rr	25810	0.885	01	15
6	Rr	24430	0.838	01	30
6	Rr	27033	0.927	01	45
6	Rr	24922	0.855	02	00
6	Rr	29232	1.002	02	15
6	Rr	28839	0.989	02	30
6	Rr	27695	0.950	02	45
6	Rr	31811	1.091	03	00
6	Rr	28784	0.987	03	15
6	Rr	31467	1.079	03	30
6	Rr	38499	1.320	03	45
6	Rr	33922	1.163	04	00
6	Rr	23722	0.813	04	15
6	Rr	25813	0.885	04	30
6	Rr	27090	0.929	04	45
6	Rr	25454	0.873	05	00
6	Rr	28823	0.988	05	15
6	Rr	27352	0.938	05	30
6	Rr	29859	1.024	05	45
6	Rr	27002	0.926	06	00
6	Rr	23728	0.814	06	15
6	Rr	26934	0.924	06	30
6	Rr	22421	0.769	06	45
6	Rr	25974	0.891	07	00
6	Rr	27056	0.928	07	15
6	Rr	23747	0.814	07	30
6	Rr	24521	0.841	07	45
6	Rr	22117	0.758	08	00
6	Rr	23152	0.794	08	15
6	Rr	23919	0.820	08	30
6	Rr	20778	0.712	08	45
6	Rr	21474	0.736	09	00
6	Rr	23876	0.819	09	15
6	Rr	23056	0.791	09	30
6	Rr	21023	0.721	09	45
6	Rr	20573	0.705	10	00
6	Rr	21371	0.733	10	15
6	Rr	25300	0.868	10	30
6	Rr	24249	0.831	10	45
6	Rr	24476	0.839	11	00
6	Rr	24767	0.849	11	15
6	Rr	24135	0.828	11	30
6	Rr	23721	0.813	11	45
6	Rr	25561	0.876	12	00
6	Rr	22533	0.773	12	15
6	Rr	25040	0.859	12	30
6	Rr	24502	0.840	12	45
6	Rr	25939	0.889	13	00
6	Rr	25433	0.872	13	15
6	Rr	26850	0.921	13	30
6	Rr	25912	0.888	13	45
6	Rr	31445	1.078	14	00
6	Rr	32277	1.107	14	15
6	Rr	33371	1.144	14	30
6	Rr	33011	1.132	14	45
6	Rr	35170	1.206	15	00
6	Rr	36810	1.262	15	15
6	Rr	41217	1.413	15	30
6	Rr	41353	1.418	15	45
6	Rr	48499	1.663	16	00
6	Rr	39921	1.369	16	15
6	Rr	40257	1.380	16	30
6	Rr	41114	1.410	16	45
6	Rr	40653	1.394	17	00
6	Rr	38254	1.312	17	15
6	Rr	40290	1.381	17	30
6	Rr	39500	1.354	17	45
6	Rr	42809	1.468	18	00
6	Rr	37844	1.298	18	15
6	Rr	41274	1.415	18	30
6	Rr	42024	1.441	18	45
6	Rr	42295	1.450	19	00
6	Rr	37276	1.278	19	15
6	Rr	35841	1.229	19	30
6	Rr	41821	1.434	19	45
6	Rr	37539	1.287	20	00
6	Rr	37789	1.296	20	15
6	Rr	37716	1.293	20	30
6	Rr	35583	1.220	20	45
6	Rr	35465	1.216	21	00
6	Rr	33875	1.162	21	15
6	Rr	33109	1.135	21	30
6	Rr	32161	1.103	21	45
6	Rr	30998	1.063	22	00
6	Rr	34046	1.167	22	15
6	Rr	32830	1.126	22	30
6	Rr	29939	1.027	22	45
6	Rr	30902	1.060	23	00
6	Rr	33045	1.133	23	15
6	Rr	25628	0.879	23	30
6	Rr	29243	1.003	23	45
5	Rr	1	0.000	2025	07	27	04	45
5	Rr	0	0.000	2025	07	27	04	40
5	Rr	0	0.000	2025	07	27	04	35
5	Rr	0	0.000	2025	07	27	04	30
5	Rr	1	0.000	2025	07	27	04	25
5	Rr	0	0.000	2025	07	27	04	20
5	Rr	1	0.000	2025	07	27	04	15
5	Rr	0	0.000	2025	07	27	04	10
5	Rr	0	0.000	2025	07	27	04	05
5	Rr	0	0.000	2025	07	27	04	00
5	Rr	0	0.000	2025	07	27	03	55
5	Rr	0	0.000	2025	07	27	03	50
5	Rr	1	0.000	2025	07	27	03	45
5	Rr	1	0.000	2025	07	27	03	40
5	Rr	1	0.000	2025	07	27	03	35
5	Rr	1	0.000	2025	07	27	03	30
5	Rr	4	0.000	2025	07	27	03	25
5	Rr	0	0.000	2025	07	27	03	20
5	Rr	1	0.000	2025	07	27	03	15
5	Rr	3	0.000	2025	07	27	03	10
5	Rr	2	0.000	2025	07	27	03	05
5	Rr	0	0.000	2025	07	27	03	00
5	Rr	0	0.000	2025	07	27	02	55
5	Rr	32	0.001	2025	07	27	02	50
5	Rr	0	0.000	2025	07	27	02	45
5	Rr	0	0.000	2025	07	27	02	40
5	Rr	0	0.000	2025	07	27	02	35
5	Rr	1	0.000	2025	07	27	02	30
5	Rr	0	0.000	2025	07	27	02	25
5	Rr	0	0.000	2025	07	27	02	20
5	Rr	0	0.000	2025	07	27	02	15
5	Rr	11	0.000	2025	07	27	02	10
5	Rr	0	0.000	2025	07	27	02	05
5	Rr	0	0.000	2025	07	27	02	00
5	Rr	0	0.000	2025	07	27	01	55
5	Rr	0	0.000	2025	07	27	01	50
5	Rr	0	0.000	2025	07	27	01	45
5	Rr	0	0.000	2025	07	27	01	40
5	Rr	0	0.000	2025	07	27	01	35
5	Rr	2	0.000	2025	07	27	01	30
5	Rr	1	0.000	2025	07	27	01	25
5	Rr	1	0.000	2025	07	27	01	20
5	Rr	0	0.000	2025	07	27	01	15
5	Rr	2	0.000	2025	07	27	01	10
5	Rr	0	0.000	2025	07	27	01	05
5	Rr	1	0.000	2025	07	27	01	00
5	Rr	0	0.000	2025	07	27	00	55
5	Rr	1	0.000	2025	07	27	00	50
5	Rr	0	0.000	2025	07	27	00	45
5	Rr	1	0.000	2025	07	27	00	40
5	Rr	0	0.000	2025	07	27	00	35
5	Rr	1	0.000	2025	07	27	00	30
5	Rr	1	0.000	2025	07	27	00	25
5	Rr	2	0.000	2025	07	27	00	20
5	Rr	0	0.000	2025	07	27	00	15
5	Rr	0	0.000	2025	07	27	00	10
5	Rr	0	0.000	2025	07	27	00	05
5	Rr	1	0.000	2025	07	27	00	00
5	Rr	0	0.000	2025	07	26	23	55
5	Rr	1	0.000	2025	07	26	23	50
5	Rr	0	0.000	2025	07	26	23	45
5	Rr	1	0.000	2025	07	26	23	40
5	Rr	0	0.000	2025	07	26	23	35
5	Rr	3	0.000	2025	07	26	23	30
5	Rr	1	0.000	2025	07	26	23	25
5	Rr	0	0.000	2025	07	26	23	20
5	Rr	1	0.000	2025	07	26	23	15
5	Rr	0	0.000	2025	07	26	23	10
5	Rr	0	0.000	2025	07	26	23	05
5	Rr	0	0.000	2025	07	26	23	00
5	Rr	0	0.000	2025	07	26	22	55
5	Rr	1	0.000	2025	07	26	22	50
5	Rr	2	0.000	2025	07	26	22	45
5	Rr	1	0.000	2025	07	26	22	40
5	Rr	3	0.000	2025	07	26	22	35
5	Rr	0	0.000	2025	07	26	22	30
5	Rr	0	0.000	2025	07	26	22	25
5	Rr	1	0.000	2025	07	26	22	20
5	Rr	0	0.000	2025	07	26	22	15
5	Rr	0	0.000	2025	07	26	22	10
5	Rr	1	0.000	2025	07	26	22	05
5	Rr	0	0.000	2025	07	26	22	00
5	Rr	0	0.000	2025	07	26	21	55
5	Rr	0	0.000	2025	07	26	21	50
5	Rr	0	0.000	2025	07	26	21	45
5	Rr	0	0.000	2025	07	26	21	40
5	Rr	0	0.000	2025	07	26	21	35
5	Rr	0	0.000	2025	07	26	21	30
5	Rr	0	0.000	2025	07	26	21	25
5	Rr	0	0.000	2025	07	26	21	20
5	Rr	1	0.000	2025	07	26	21	15
5	Rr	0	0.000	2025	07	26	21	10
5	Rr	0	0.000	2025	07	26	21	05
5	Rr	0	0.000	2025	07	26	21	00
5	Rr	0	0.000	2025	07	26	20	55
5	Rr	1	0.000	2025	07	26	20	50
5	Rr	1	0.000	2025	07	26	20	45
5	Rr	33	0.001	2025	07	26	20	40
5	Rr	0	0.000	2025	07	26	20	35
5	Rr	1	0.000	2025	07	26	20	30
5	Rr	0	0.000	2025	07	26	20	25
5	Rr	0	0.000	2025	07	26	20	20
5	Rr	0	0.000	2025	07	26	20	15
5	Rr	0	0.000	2025	07	26	20	10
5	Rr	0	0.000	2025	07	26	20	05
5	Rr	0	0.000	2025	07	26	20	00
5	Rr	1	0.000	2025	07	26	19	55
5	Rr	0	0.000	2025	07	26	19	50
5	Rr	0	0.000	2025	07	26	19	45
5	Rr	0	0.000	2025	07	26	19	40
5	Rr	0	0.000	2025	07	26	19	35
5	Rr	0	0.000	2025	07	26	19	30
5	Rr	1	0.000	2025	07	26	19	25
5	Rr	0	0.000	2025	07	26	19	20
5	Rr	0	0.000	2025	07	26	19	15
5	Rr	0	0.000	2025	07	26	19	10
5	Rr	0	0.000	2025	07	26	19	05
5	Rr	1	0.000	2025	07	26	19	00
5	Rr	2	0.000	2025	07	26	18	55
5	Rr	1	0.000	2025	07	26	18	50
5	Rr	1	0.000	2025	07	26	18	45
5	Rr	0	0.000	2025	07	26	18	40
5	Rr	1	0.000	2025	07	26	18	35
5	Rr	0	0.000	2025	07	26	18	30
5	Rr	0	0.000	2025	07	26	18	25
5	Rr	0	0.000	2025	07	26	18	20
5	Rr	0	0.000	2025	07	26	18	15
5	Rr	0	0.000	2025	07	26	18	10
5	Rr	0	0.000	2025	07	26	18	05
5	Rr	0	0.000	2025	07	26	18	00
5	Rr	0	0.000	2025	07	26	17	55
5	Rr	0	0.000	2025	07	26	17	50
5	Rr	4	0.000	2025	07	26	17	45
5	Rr	1	0.000	2025	07	26	17	40
5	Rr	0	0.000	2025	07	26	17	35
5	Rr	2	0.000	2025	07	26	17	30
5	Rr	0	0.000	2025	07	26	17	25
5	Rr	0	0.000	2025	07	26	17	20
5	Rr	0	0.000	2025	07	26	17	15
5	Rr	40	0.001	2025	07	26	17	10
5	Rr	0	0.000	2025	07	26	17	05
5	Rr	0	0.000	2025	07	26	17	00
5	Rr	0	0.000	2025	07	26	16	55
5	Rr	1	0.000	2025	07	26	16	50
5	Rr	2	0.000	2025	07	26	16	45
5	Rr	0	0.000	2025	07	26	16	40
5	Rr	2	0.000	2025	07	26	16	35
5	Rr	1	0.000	2025	07	26	16	30
5	Rr	1	0.000	2025	07	26	16	25
5	Rr	1	0.000	2025	07	26	16	20
5	Rr	3	0.000	2025	07	26	16	15
5	Rr	26	0.001	2025	07	26	16	10
5	Rr	0	0.000	2025	07	26	16	05
5	Rr	0	0.000	2025	07	26	16	00
5	Rr	1	0.000	2025	07	26	15	55
5	Rr	0	0.000	2025	07	26	15	50
5	Rr	0	0.000	2025	07	26	15	45
5	Rr	1	0.000	2025	07	26	15	40
5	Rr	0	0.000	2025	07	26	15	35
5	Rr	1	0.000	2025	07	26	15	30
5	Rr	1	0.000	2025	07	26	15	25
5	Rr	0	0.000	2025	07	26	15	20
5	Rr	1	0.000	2025	07	26	15	15
5	Rr	1	0.000	2025	07	26	15	10
5	Rr	36	0.001	2025	07	26	15	05
5	Rr	0	0.000	2025	07	26	15	00
5	Rr	1	0.000	2025	07	26	14	55
5	Rr	1	0.000	2025	07	26	14	50
5	Rr	1	0.000	2025	07	26	14	45
5	Rr	2	0.000	2025	07	26	14	40
5	Rr	2	0.000	2025	07	26	14	35
5	Rr	1	0.000	2025	07	26	14	30
5	Rr	0	0.000	2025	07	26	14	25
5	Rr	0	0.000	2025	07	26	14	20
5	Rr	1	0.000	2025	07	26	14	15
5	Rr	0	0.000	2025	07	26	14	10
5	Rr	1	0.000	2025	07	26	14	05
5	Rr	1	0.000	2025	07	26	14	00
5	Rr	0	0.000	2025	07	26	13	55
5	Rr	0	0.000	2025	07	26	13	50
5	Rr	1	0.000	2025	07	26	13	45
5	Rr	0	0.000	2025	07	26	13	40
5	Rr	1	0.000	2025	07	26	13	35
5	Rr	0	0.000	2025	07	26	13	30
5	Rr	0	0.000	2025	07	26	13	25
5	Rr	0	0.000	2025	07	26	13	20
5	Rr	0	0.000	2025	07	26	13	15
5	Rr	3	0.000	2025	07	26	13	10
5	Rr	1	0.000	2025	07	26	13	05
5	Rr	0	0.000	2025	07	26	13	00
5	Rr	0	0.000	2025	07	26	12	55
5	Rr	1	0.000	2025	07	26	12	50
5	Rr	0	0.000	2025	07	26	12	45
5	Rr	0	0.000	2025	07	26	12	40
5	Rr	0	0.000	2025	07	26	12	35
5	Rr	1	0.000	2025	07	26	12	30
5	Rr	0	0.000	2025	07	26	12	25
5	Rr	0	0.000	2025	07	26	12	20
5	Rr	2	0.000	2025	07	26	12	15
5	Rr	0	0.000	2025	07	26	12	10
5	Rr	0	0.000	2025	07	26	12	05
5	Rr	0	0.000	2025	07	26	12	00
5	Rr	0	0.000	2025	07	26	11	55
5	Rr	0	0.000	2025	07	26	11	50
5	Rr	0	0.000	2025	07	26	11	45
5	Rr	0	0.000	2025	07	26	11	40
5	Rr	0	0.000	2025	07	26	11	35
5	Rr	1	0.000	2025	07	26	11	30
5	Rr	0	0.000	2025	07	26	11	25
5	Rr	0	0.000	2025	07	26	11	20
5	Rr	0	0.000	2025	07	26	11	15
5	Rr	0	0.000	2025	07	26	11	10
5	Rr	0	0.000	2025	07	26	11	05
5	Rr	0	0.000	2025	07	26	11	00
5	Rr	0	0.000	2025	07	26	10	55
5	Rr	0	0.000	2025	07	26	10	50
5	Rr	0	0.000	2025	07	26	10	45
5	Rr	0	0.000	2025	07	26	10	40
5	Rr	0	0.000	2025	07	26	10	35
5	Rr	0	0.000	2025	07	26	10	30
5	Rr	0	0.000	2025	07	26	10	25
5	Rr	0	0.000	2025	07	26	10	20
5	Rr	1	0.000	2025	07	26	10	15
5	Rr	13	0.000	2025	07	26	10	10
5	Rr	1	0.000	2025	07	26	10	05
5	Rr	0	0.000	2025	07	26	10	00
5	Rr	1	0.000	2025	07	26	09	55
5	Rr	2	0.000	2025	07	26	09	50
5	Rr	0	0.000	2025	07	26	09	45
5	Rr	0	0.000	2025	07	26	09	40
5	Rr	0	0.000	2025	07	26	09	35
5	Rr	0	0.000	2025	07	26	09	30
5	Rr	1	0.000	2025	07	26	09	25
5	Rr	0	0.000	2025	07	26	09	20
5	Rr	0	0.000	2025	07	26	09	15
5	Rr	0	0.000	2025	07	26	09	10
5	Rr	0	0.000	2025	07	26	09	05
5	Rr	0	0.000	2025	07	26	09	00
5	Rr	0	0.000	2025	07	26	08	55
5	Rr	0	0.000	2025	07	26	08	50
5	Rr	0	0.000	2025	07	26	08	45
5	Rr	0	0.000	2025	07	26	08	40
5	Rr	0	0.000	2025	07	26	08	35
5	Rr	0	0.000	2025	07	26	08	30
5	Rr	0	0.000	2025	07	26	08	25
5	Rr	0	0.000	2025	07	26	08	20
5	Rr	0	0.000	2025	07	26	08	15
5	Rr	1	0.000	2025	07	26	08	10
5	Rr	0	0.000	2025	07	26	08	05
5	Rr	2	0.000	2025	07	26	08	00
5	Rr	0	0.000	2025	07	26	07	55
5	Rr	0	0.000	2025	07	26	07	50
5	Rr	0	0.000	2025	07	26	07	45
5	Rr	0	0.000	2025	07	26	07	40
5	Rr	1	0.000	2025	07	26	07	35
5	Rr	0	0.000	2025	07	26	07	30
5	Rr	1	0.000	2025	07	26	07	25
5	Rr	0	0.000	2025	07	26	07	20
5	Rr	1	0.000	2025	07	26	07	15
5	Rr	0	0.000	2025	07	26	07	10
5	Rr	0	0.000	2025	07	26	07	05
5	Rr	0	0.000	2025	07	26	07	00
5	Rr	0	0.000	2025	07	26	06	55
5	Rr	1	0.000	2025	07	26	06	50
5	Rr	1	0.000	2025	07	26	06	45
5	Rr	0	0.000	2025	07	26	06	40
5	Rr	0	0.000	2025	07	26	06	35
5	Rr	0	0.000	2025	07	26	06	30
5	Rr	0	0.000	2025	07	26	06	25
5	Rr	0	0.000	2025	07	26	06	20
5	Rr	0	0.000	2025	07	26	06	15
5	Rr	0	0.000	2025	07	26	06	10
5	Rr	1	0.000	2025	07	26	06	05
5	Rr	0	0.000	2025	07	26	06	00
5	Rr	0	0.000	2025	07	26	05	55
5	Rr	0	0.000	2025	07	26	05	50
5	Rr	0	0.000	2025	07	26	05	45
5	Rr	0	0.000	2025	07	26	05	40
5	Rr	0	0.000	2025	07	26	05	35
5	Rr	0	0.000	2025	07	26	05	30
5	Rr	0	0.000	2025	07	26	05	25
5	Rr	1	0.000	2025	07	26	05	20
5	Rr	0	0.000	2025	07	26	05	15
5	Rr	1	0.000	2025	07	26	05	10
5	Rr	1	0.000	2025	07	26	05	05
5	Rr	1	0.000	2025	07	26	05	00
5	Rr	2	0.000	2025	07	26	04	55
5	Rr	0	0.000	2025	07	26	04	50
5	*BT	R	1092	2025	01	14	01	05
7	Rr	9398	0.322	00	00
7	Rr	9570	0.328	00	05
7	Rr	11669	0.400	00	10
7	Rr	7705	0.264	00	15
7	Rr	9294	0.319	00	20
7	Rr	12086	0.414	00	25
7	Rr	9644	0.331	00	30
7	Rr	10125	0.347	00	35
7	Rr	8919	0.306	00	40
7	Rr	8920	0.306	00	45
7	Rr	8620	0.296	00	50
7	Rr	10891	0.373	00	55
7	Rr	7331	0.251	01	00
7	Rr	8800	0.302	01	05
7	Rr	7535	0.258	01	10
7	Rr	8263	0.283	01	15
7	Rr	9422	0.323	01	20
7	Rr	8125	0.279	01	25
7	Rr	8094	0.278	01	30
7	Rr	7925	0.272	01	35
7	Rr	8411	0.288	01	40
7	Rr	8256	0.283	01	45
7	Rr	10305	0.353	01	50
7	Rr	8472	0.290	01	55
7	Rr	7479	0.256	02	00
7	Rr	9471	0.325	02	05
7	Rr	7972	0.273	02	10
7	Rr	9918	0.340	02	15
7	Rr	9151	0.314	02	20
7	Rr	10163	0.348	02	25
7	Rr	9707	0.333	02	30
7	Rr	8720	0.299	02	35
7	Rr	10412	0.357	02	40
7	Rr	9718	0.333	02	45
7	Rr	8762	0.300	02	50
7	Rr	9215	0.316	02	55
7	Rr	11006	0.377	03	00
7	Rr	8507	0.292	03	05
7	Rr	12298	0.422	03	10
7	Rr	10280	0.352	03	15
7	Rr	8968	0.308	03	20
7	Rr	9536	0.327	03	25
7	Rr	10217	0.350	03	30
7	Rr	9921	0.340	03	35
7	Rr	11329	0.388	03	40
7	Rr	11441	0.392	03	45
7	Rr	13658	0.468	03	50
7	Rr	13400	0.459	03	55
7	Rr	13050	0.447	04	00
7	Rr	10895	0.374	04	05
7	Rr	9977	0.342	04	10
7	Rr	8324	0.285	04	15
7	Rr	7348	0.252	04	20
7	Rr	8050	0.276	04	25
7	Rr	8239	0.283	04	30
7	Rr	8464	0.290	04	35
7	Rr	9110	0.312	04	40
7	Rr	8893	0.305	04	45
7	Rr	9610	0.330	04	50
7	Rr	8587	0.294	04	55
7	Rr	9116	0.313	05	00
7	Rr	7923	0.272	05	05
7	Rr	8415	0.289	05	10
7	Rr	10602	0.364	05	15
7	Rr	8821	0.302	05	20
7	Rr	9400	0.322	05	25
7	Rr	7958	0.273	05	30
7	Rr	9814	0.337	05	35
7	Rr	9580	0.328	05	40
7	Rr	11566	0.397	05	45
7	Rr	9458	0.324	05	50
7	Rr	8835	0.303	05	55
7	Rr	7823	0.268	06	00
7	Rr	10390	0.356	06	05
7	Rr	8789	0.301	06	10
7	Rr	9145	0.314	06	15
7	Rr	6167	0.211	06	20
7	Rr	8416	0.289	06	25
7	Rr	9245	0.317	06	30
7	Rr	9418	0.323	06	35
7	Rr	8271	0.284	06	40
7	Rr	7891	0.271	06	45
7	Rr	7691	0.264	06	50
7	Rr	6839	0.235	06	55
7	Rr	10205	0.350	07	00
7	Rr	7606	0.261	07	05
7	Rr	8163	0.280	07	10
7	Rr	8386	0.288	07	15
7	Rr	8659	0.297	07	20
7	Rr	10011	0.343	07	25
7	Rr	9376	0.321	07	30
7	Rr	7225	0.248	07	35
7	Rr	7146	0.245	07	40
7	Rr	10480	0.359	07	45
7	Rr	6456	0.221	07	50
7	Rr	7585	0.260	07	55
7	Rr	7448	0.255	08	00
7	Rr	6738	0.231	08	05
7	Rr	7931	0.272	08	10
7	Rr	7264	0.249	08	15
7	Rr	8345	0.286	08	20
7	Rr	7543	0.259	08	25
7	Rr	7393	0.253	08	30
7	Rr	7716	0.265	08	35
7	Rr	8810	0.302	08	40
7	Rr	8035	0.276	08	45
7	Rr	6180	0.212	08	50
7	Rr	6563	0.225	08	55
7	Rr	6648	0.228	09	00
7	Rr	7311	0.251	09	05
7	Rr	7515	0.258	09	10
7	Rr	5914	0.203	09	15
7	Rr	8447	0.290	09	20
7	Rr	9515	0.326	09	25
7	Rr	7142	0.245	09	30
7	Rr	7851	0.269	09	35
7	Rr	8063	0.276	09	40
7	Rr	8470	0.290	09	45
7	Rr	6276	0.215	09	50
7	Rr	6277	0.215	09	55
7	Rr	7228	0.248	10	00
7	Rr	6411	0.220	10	05
7	Rr	6934	0.238	10	10
7	Rr	6905	0.237	10	15
7	Rr	7079	0.243	10	20
7	Rr	7387	0.253	10	25
7	Rr	8637	0.296	10	30
7	Rr	8692	0.298	10	35
7	Rr	7971	0.273	10	40
7	Rr	7647	0.262	10	45
7	Rr	8628	0.296	10	50
7	Rr	7974	0.273	10	55
7	Rr	9521	0.326	11	00
7	Rr	7290	0.250	11	05
7	Rr	7665	0.263	11	10
7	Rr	7539	0.259	11	15
7	Rr	8195	0.281	11	20
7	Rr	9033	0.310	11	25
7	Rr	9006	0.309	11	30
7	Rr	7610	0.261	11	35
7	Rr	7519	0.258	11	40
7	Rr	8129	0.279	11	45
7	Rr	8041	0.276	11	50
7	Rr	7551	0.259	11	55
7	Rr	8138	0.279	12	00
7	Rr	8325	0.285	12	05
7	Rr	9098	0.312	12	10
7	Rr	8341	0.286	12	15
7	Rr	7089	0.243	12	20
7	Rr	7103	0.244	12	25
7	Rr	8641	0.296	12	30
7	Rr	7620	0.261	12	35
7	Rr	8779	0.301	12	40
7	Rr	7281	0.250	12	45
7	Rr	9083	0.311	12	50
7	Rr	8138	0.279	12	55
7	Rr	8589	0.295	13	00
7	Rr	8727	0.299	13	05
7	Rr	8623	0.296	13	10
7	Rr	8965	0.307	13	15
7	Rr	8229	0.282	13	20
7	Rr	8239	0.283	13	25
7	Rr	8459	0.290	13	30
7	Rr	8779	0.301	13	35
7	Rr	9612	0.330	13	40
7	Rr	8365	0.287	13	45
7	Rr	9559	0.328	13	50
7	Rr	7988	0.274	13	55
7	Rr	11171	0.383	14	00
7	Rr	10733	0.368	14	05
7	Rr	9541	0.327	14	10
7	Rr	10601	0.363	14	15
7	Rr	11242	0.385	14	20
7	Rr	10434	0.358	14	25
7	Rr	10460	0.359	14	30
7	Rr	11815	0.405	14	35
7	Rr	11096	0.380	14	40
7	Rr	10567	0.362	14	45
7	Rr	10124	0.347	14	50
7	Rr	12320	0.422	14	55
7	Rr	10865	0.373	15	00
7	Rr	10774	0.369	15	05
7	Rr	13531	0.464	15	10
7	Rr	10714	0.367	15	15
7	Rr	14709	0.504	15	20
7	Rr	11387	0.390	15	25
7	Rr	13468	0.462	15	30
7	Rr	13398	0.459	15	35
7	Rr	14351	0.492	15	40
7	Rr	10630	0.364	15	45
7	Rr	12249	0.420	15	50
7	Rr	18474	0.633	15	55
7	Rr	17218	0.590	16	00
7	Rr	15660	0.537	16	05
7	Rr	15621	0.536	16	10
7	Rr	13827	0.474	16	15
7	Rr	12631	0.433	16	20
7	Rr	13463	0.462	16	25
7	Rr	13185	0.452	16	30
7	Rr	13298	0.456	16	35
7	Rr	13774	0.472	16	40
7	Rr	15056	0.516	16	45
7	Rr	12942	0.444	16	50
7	Rr	13116	0.450	16	55
7	Rr	13505	0.463	17	00
7	Rr	14266	0.489	17	05
7	Rr	12882	0.442	17	10
7	Rr	13045	0.447	17	15
7	Rr	12907	0.443	17	20
7	Rr	12302	0.422	17	25
7	Rr	13401	0.460	17	30
7	Rr	13714	0.470	17	35
7	Rr	13175	0.452	17	40
7	Rr	13571	0.465	17	45
7	Rr	12903	0.442	17	50
7	Rr	13026	0.447	17	55
7	Rr	15577	0.534	18	00
7	Rr	14851	0.509	18	05
7	Rr	12381	0.425	18	10
7	Rr	13088	0.449	18	15
7	Rr	13153	0.451	18	20
7	Rr	11603	0.398	18	25
7	Rr	14389	0.493	18	30
7	Rr	12259	0.420	18	35
7	Rr	14626	0.502	18	40
7	Rr	12674	0.435	18	45
7	Rr	15174	0.520	18	50
7	Rr	14176	0.486	18	55
7	Rr	14099	0.483	19	00
7	Rr	12776	0.438	19	05
7	Rr	15420	0.529	19	10
7	Rr	12116	0.415	19	15
7	Rr	11950	0.410	19	20
7	Rr	13210	0.453	19	25
7	Rr	11321	0.388	19	30
7	Rr	13249	0.454	19	35
7	Rr	11271	0.386	19	40
7	Rr	13860	0.475	19	45
7	Rr	12475	0.428	19	50
7	Rr	15486	0.531	19	55
7	Rr	13045	0.447	20	00
7	Rr	11816	0.405	20	05
7	Rr	12678	0.435	20	10
7	Rr	10847	0.372	20	15
7	Rr	13958	0.479	20	20
7	Rr	12984	0.445	20	25
7	Rr	12925	0.443	20	30
7	Rr	13145	0.451	20	35
7	Rr	11646	0.399	20	40
7	Rr	12804	0.439	20	45
7	Rr	12587	0.432	20	50
7	Rr	10192	0.349	20	55
7	Rr	11165	0.383	21	00
7	Rr	11790	0.404	21	05
7	Rr	12510	0.429	21	10
7	Rr	11768	0.404	21	15
7	Rr	10739	0.368	21	20
7	Rr	11368	0.390	21	25
7	Rr	11777	0.404	21	30
7	Rr	10920	0.374	21	35
7	Rr	10412	0.357	21	40
7	Rr	12065	0.414	21	45
7	Rr	11002	0.377	21	50
7	Rr	9094	0.312	21	55
7	Rr	10350	0.355	22	00
7	Rr	9576	0.328	22	05
7	Rr	11072	0.380	22	10
7	Rr	11907	0.408	22	15
7	Rr	11121	0.381	22	20
7	Rr	11018	0.378	22	25
7	Rr	11633	0.399	22	30
7	Rr	10612	0.364	22	35
7	Rr	10585	0.363	22	40
7	Rr	10073	0.345	22	45
7	Rr	9649	0.331	22	50
7	Rr	10217	0.350	22	55
7	Rr	10397	0.357	23	00
7	Rr	9642	0.331	23	05
7	Rr	10863	0.372	23	10
7	Rr	10575	0.363	23	15
7	Rr	12316	0.422	23	20
7	Rr	10154	0.348	23	25
7	Rr	8251	0.283	23	30
7	Rr	8354	0.286	23	35
7	Rr	9023	0.309	23	40
7	Rr	9487	0.325	23	45
7	Rr	10217	0.350	23	50
7	Rr	9539	0.327	23	55
o	*f	0R	r
o	lRQ	1	2916398	4268670862	[unresolved numerical addresses]
Z	*f	-20R	r
Z	lRb	1	144653	2.566	66.249
Z	lRb	1	110326	1.794	34
Z	lRb	1	89282	3.582	98
Z	lRb	1	76607	2.025	35
Z	lRb	1	75893	2.524	51
Z	lRb	1	60235	0.003	205.254
Z	lRb	1	52394	1.170	104
Z	lRb	1	50366	1.401	69
Z	lRb	1	49538	2.897	54
Z	lRb	1	46285	0.734	47
Z	lRb	1	43971	0.050	129.222
Z	lRb	1	43896	0.506	49
Z	lRb	1	42060	1.032	52
Z	lRb	1	41614	0.000	216.147
Z	lRb	1	40992	0.001	66.9
Z	lRb	1	38772	2.331	40
Z	lRb	1	37133	0.945	123
Z	lRb	1	34714	0.344	45
Z	lRb	1	33604	1.160	76
Z	lRb	1	30376	2.596	70
Z	lRb	1	1773687	72.338	[not listed: 9724]
S	*f	-50P	r
S	Rb	10604	0.003	66.249.66.195
S	Rb	8854	0.000	66.249.66.196
S	Rb	7260	0.000	66.249.66.197
S	Rb	6736	0.000	66.249.66.72
S	Rb	6601	0.222	216.244.66.229
S	Rb	5690	0.000	66.249.66.73
S	Rb	5451	0.001	66.249.66.74
S	Rb	5199	0.107	68.66.226.98
S	Rb	4702	0.294	14.33.246.211
S	Rb	4429	0.027	162.55.85.223
S	Rb	4126	0.000	70.121.167.44
S	Rb	3636	0.000	66.249.66.166
S	Rb	3564	0.120	51.222.253.7
S	Rb	3560	0.076	40.88.21.235
S	Rb	3556	0.097	51.222.253.16
S	Rb	3387	0.121	51.222.253.1
S	Rb	3333	0.106	51.222.253.6
S	Rb	3325	0.121	51.222.253.18
S	Rb	3325	0.115	51.222.253.15
S	Rb	3310	0.117	51.222.253.5
S	Rb	3284	0.121	51.222.253.11
S	Rb	3271	0.107	51.222.253.14
S	Rb	3248	0.184	192.99.15.146
S	Rb	3190	0.122	51.222.253.17
S	Rb	2738	0.009	78.129.149.5
S	Rb	2542	0.020	49.7.20.111
S	Rb	2489	0.009	49.7.20.105
S	Rb	2480	0.000	82.16.45.40
S	Rb	2285	0.000	66.249.66.164
S	Rb	2283	0.028	212.99.44.81
S	Rb	2248	0.014	52.35.20.1
S	Rb	2133	0.000	66.249.66.165
S	Rb	1992	0.051	66.249.75.109
S	Rb	1829	0.111	37.59.14.116
S	Rb	1781	0.161	75.98.173.33
S	Rb	1736	0.215	79.125.27.96
S	Rb	1597	0.097	78.155.138.20
S	Rb	1566	0.000	62.194.247.203
S	Rb	1551	0.011	195.191.219.132
S	Rb	1543	0.055	199.21.99.79
S	Rb	1537	0.016	52.35.117.102
S	Rb	1489	0.009	195.191.219.131
S	Rb	1467	0.000	49.7.20.135
S	Rb	1459	0.008	92.249.127.111
S	Rb	1398	0.000	35.173.236.178
S	Rb	1373	0.003	34.73.206.133
S	Rb	1352	0.045	49.7.20.102
S	Rb	1330	0.014	109.102.111.58
S	Rb	1304	0.144	5.196.13.127
S	Rb	1285	0.033	144.76.27.118
S	Rb	2755970	96.886	[not listed: 129862]
s	*FR	2013	12	18	21	53
s	*LR	2025	07	27	04	16
s	*f	-20R	s
s	lRS	1	990095	1122	http://www.gtaeronautics.com/
s	lRS	1	368899	227	http://gtaeronautics.com/
s	lRS	1	16847	10	https://www.google.com/
s	lRS	1	947	5	https://google.com/
s	lRS	1	438	3	https://duckduckgo.com/
s	lRS	1	987	1	https://www.bing.com/
s	lRS	1	2149	0	http://www.google.com/
s	lRS	1	1407	0	http://www.baidu.com/
s	lRS	1	1382	0	https://m.baidu.com/
s	lRS	1	1159	0	http://www.trainingindustry.com/
s	lRS	1	613	0	https://quark.sm.cn/
s	lRS	1	609	0	http://www.mfgpages.com/
s	lRS	1	604	0	http://www.openfos.com/
s	lRS	1	580	0	http://baidu.com/
s	lRS	1	549	0	https://www.griffinarchitectspa.com/
s	lRS	1	517	0	http://www.topicway.com/
s	lRS	1	462	0	http://anti-crisis-seo.com/
s	lRS	1	421	0	https://www.thomasnet.com/
s	lRS	1	420	0	http://122.144.179.12/
s	lRS	1	395	0	http://uptime.com/
s	lRS	1	54437	1	[not listed: 4501]
f	*FR	2013	12	18	21	53
f	*LR	2025	07	27	04	16
f	*f	-30R	s
f	lRS	1	763819	1007	http://www.gtaeronautics.com/
f	lRS	1	182150	160	http://gtaeronautics.com/
f	lRS	1	32790	21	http://www.gtaeronautics.com/aboutus.html
f	lRS	1	9123	20	http://gtaeronautics.com/contactus.html
f	lRS	1	12580	19	http://www.gtaeronautics.com/contactus.html
f	lRS	1	9842	11	http://www.gtaeronautics.com/ConsultingA.html
f	lRS	1	7747	11	http://www.gtaeronautics.com/SRU.html
f	lRS	1	15885	10	https://www.google.com/
f	lRS	1	7541	10	http://gtaeronautics.com/aboutus.html
f	lRS	1	9746	6	http://www.gtaeronautics.com/GT380 RPAS.html
f	lRS	1	6406	6	http://www.gtaeronautics.com/RD.html
f	lRS	1	14863	5	http://www.gtaeronautics.com/CCT&M.html
f	lRS	1	6274	5	http://www.gtaeronautics.com/pna.html
f	lRS	1	10989	4	http://www.gtaeronautics.com/CompNews.html
f	lRS	1	7079	4	http://www.gtaeronautics.com/GT50T RPAS.html
f	lRS	1	6313	4	http://gtaeronautics.com/IndNews.html
f	lRS	1	5759	4	http://www.gtaeronautics.com/GT100HL RPAS.html
f	lRS	1	28557	3	http://www.gtaeronautics.com/index.html
f	lRS	1	6854	3	http://www.gtaeronautics.com/GT1500 RPAS.html
f	lRS	1	7841	2	http://gtaeronautics.com/index.html
f	lRS	1	3455	2	http://gtaeronautics.com/UASFC.html
f	lRS	1	95557	1	http://gtaeronautics.com/CompNews.html
f	lRS	1	24191	1	http://gtaeronautics.com/links.html
f	lRS	1	5738	1	http://www.gtaeronautics.com/IndNews.html
f	lRS	1	4901	1	http://gtaeronautics.com/CCT&M.html
f	lRS	1	13564	0	http://www.gtaeronautics.com/UASFC.html
f	lRS	1	8810	0	http://www.gtaeronautics.com/compnews.html
f	lRS	1	4924	0	http://gtaeronautics.com/ConsultingA.html
f	lRS	1	4878	0	http://www.gtaeronautics.com/consultinga.html
f	lRS	1	4621	0	http://www.gtaeronautics.com/CFMT.html
f	lRS	1	121120	48	[not listed: 5280]
n	*FR	2013	12	19	00	28
n	*LR	2020	10	14	09	11
n	*f	0.500000%Q	s
n	Rq	1	100.805	kit
n	Rq	1	100.805	method
n	Rq	28	3.235	aeronautical
n	Rq	1	100.805	airplane.com
n	Rq	5	101.393	faa
n	Rq	40	4.118	gt
n	Rq	1	100.805	moldings
n	Rq	1	100.805	taranis
n	Rq	1	100.805	twin
n	Rq	2	100.805	installerex
n	Rq	2	100.805	http://gtaeronautics.com/
n	Rq	20	1.471	in
n	Rq	1	100.805	scale
n	Rq	1	100.805	observer
n	Rq	1	100.805	drawing?
n	Rq	2	100.805	is
n	Rq	1	100.805	making
n	Rq	1	100.805	mitsubishi
n	Rq	1	100.805	fuze
n	Rq	1	100.805	http://www.gtaeronautics.com/indnews.html
n	Rq	1	100.805	consultant
n	Rq	92	100.805	semalt.com
n	Rq	15	0.588	manufacturing
n	Rq	1	100.805	2
n	Rq	1	100.805	base
n	Rq	14	2.059	6
n	Rq	1	100.805	http://gtaeronautics.com/indnews.html
n	Rq	1	100.805	always
n	Rq	28	104.334	engineering
n	Rq	1	100.805	northrop
n	Rq	1	100.805	bandwidth
n	Rq	1	100.805	vegas
n	Rq	1	100.805	qinetiq
n	Rq	1	100.805	tooling
n	Rq	1	100.805	heavy
n	Rq	1	100.805	on
n	Rq	9	1.176	drawings
n	Rq	1	100.805	fia
n	Rq	4	100.805	louis%20vuitton%20fashion%20valley%20phone%20number
n	Rq	3	101.099	rullman
n	Rq	3	100.805	llc
n	Rq	1	100.805	cowling
n	Rq	32	101.099	sale
n	Rq	64	0.882	outlet
n	Rq	1	100.805	rotax
n	Rq	1	100.805	ucav
n	Rq	28	3.529	texan
n	Rq	1	100.805	a
n	Rq	2	100.805	customer
n	Rq	1	100.805	rpa
n	Rq	30	100.805	designer
n	Rq	20	101.393	www.gtaeronautics.com
n	Rq	1	100.805	work
n	Rq	1	100.805	thomas
n	Rq	1	100.805	engie
n	Rq	1	100.805	qualification
n	Rq	1	100.805	custom
n	Rq	1	100.805	mk3
n	Rq	1	100.805	t
n	Rq	1	100.805	w
n	Rq	1	100.805	uavs
n	Rq	2	100.805	satisfaction
n	Rq	1	100.805	crews
n	Rq	3	100.805	photos
n	Rq	1	100.805	finnemeccia
n	Rq	1	101.099	to
n	Rq	5	101.393	engineer
n	Rq	1	100.805	government
n	Rq	1	100.805	gcs
n	Rq	1	100.805	operator
n	Rq	1	100.805	with
n	Rq	6	0.882	aircraft
n	Rq	4	101.099	for
n	Rq	1	100.805	december
n	Rq	1	100.805	mq1
n	Rq	1	100.805	custum
n	Rq	1	100.805	g.t
n	Rq	1	100.805	mechanics
n	Rq	1	100.805	tdw
n	Rq	32	101.393	luggage
n	Rq	1	100.805	opportunities
n	Rq	175	103.158	vuitton
n	Rq	1	101.099	the
n	Rq	1	100.805	show
n	Rq	1	100.805	luggages
n	Rq	1	100.805	stroke
n	Rq	2	100.805	explore
n	Rq	1	100.805	space
n	Rq	1	100.805	quote
n	Rq	1	100.805	require
n	Rq	1	100.805	mpp
n	Rq	5	101.393	uas
n	Rq	1	100.805	anything
n	Rq	1	100.805	china
n	Rq	1	100.805	airplane
n	Rq	10	1.471	uav
n	Rq	2	100.805	wmaid.com
n	Rq	3	0.588	drone
n	Rq	2	100.805	facebook
n	Rq	7	101.687	fiberglass
n	Rq	1	100.805	college
n	Rq	4	0.588	onboard
n	Rq	1	100.805	qulificationa
n	Rq	21	102.569	simi
n	Rq	1	100.805	and
n	Rq	5	101.099	flight
n	Rq	17	102.569	at6
n	Rq	1	100.805	xtreme
n	Rq	1	100.805	maintenance
n	Rq	1	100.805	cody
n	Rq	1	100.805	any
n	Rq	1	100.805	tom
n	Rq	1	100.805	systems
n	Rq	1	100.805	payload
n	Rq	2	100.805	granger
n	Rq	8	101.687	extreme
n	Rq	6	101.393	molding
n	Rq	2	100.805	easylifeapp
n	Rq	1	100.805	rating
n	Rq	2	100.805	whitelaw
n	Rq	126	101.687	fashion
n	Rq	2	100.805	http://www.gtaeronautics.com/compnews.html
n	Rq	1	100.805	skyforce
n	Rq	1	100.805	eengineer
n	Rq	175	103.158	louis
n	Rq	4	0.588	starter
n	Rq	8	100.805	store
n	Rq	14	0.588	cheap
n	Rq	10	101.981	bme
n	Rq	1	100.805	diamond
n	Rq	1	100.805	america2009
n	Rq	7	100.805	content
n	Rq	1	100.805	challenge
n	Rq	1	100.805	piece
n	Rq	1	100.805	how
n	Rq	1	100.805	male
n	Rq	1	100.805	carbon
n	Rq	1	100.805	operation
n	Rq	2	100.805	profile
n	Rq	1	100.805	tomas
n	Rq	1	100.805	cia
n	Rq	1	100.805	hummingbird
n	Rq	1	100.805	iron
n	Rq	1	100.805	california
n	Rq	1	100.805	amphibian
n	Rq	1	100.805	110
n	Rq	1	100.805	mentioned
n	Rq	1	100.805	111
n	Rq	1	100.805	over
n	Rq	25	3.235	http://www.gtaeronautics.com/
n	Rq	1	100.805	google.com
n	Rq	1	100.805	fuel
n	Rq	2	100.805	inc
n	Rq	1	100.805	handbag.com
n	Rq	1	100.805	da42
n	Rq	1	100.805	2015
n	Rq	1	100.805	timing
n	Rq	1	100.805	home
n	Rq	1	100.805	aerospacecompanies
n	Rq	1	100.805	anti
n	Rq	1	100.805	ziroli
n	Rq	1	100.805	sketches
n	Rq	5	100.805	purses
n	Rq	1	100.805	downlink
n	Rq	3	100.805	aeronotics
n	Rq	1	100.805	nanotechnology
n	Rq	1	100.805	zephyr
n	Rq	4	100.805	wyoming
n	Rq	2	100.805	technology
n	Rq	3	101.099	companies
n	Rq	1	100.805	muffler
n	Rq	2	100.805	avia
n	Rq	2	100.805	what
n	Rq	145	103.452	valley
n	Rq	1	100.805	microwave
n	Rq	1	100.805	mold
n	Rq	5	0.588	pglm
n	Rq	1	100.805	specialist
n	Rq	23	2.941	drawing
n	Rq	1	100.805	tool
n	Rq	1	100.805	security
n	Rq	1	100.805	giant
n	Rq	1	100.805	powell
n	Rq	8	101.687	aerospace
n	Rq	34	3.824	aeronautics
n	Rq	4	0.588	unmanned
n	Rq	1	100.805	radius
n	Rq	1	100.805	zero
n	Rq	1	100.805	tobbot
n	Rq	1	100.805	onbordstarter
n	Rq	20	0.588	ca
n	Rq	13	102.569	at
n	Rq	5	101.393	techniques
n	Rq	1	100.805	does
n	Rq	1	100.805	commercial
n	Rq	1	100.805	www.gt
n	Rq	1	100.805	de
n	Rq	1	100.805	co
n	Rq	1	100.805	speedy
n	Rq	1	100.805	rpas
n	Rq	1	100.805	do
n	Rq	1	100.805	efi
n	Rq	3	101.099	training
n	Rq	1	100.805	quotation
n	Rq	1	100.805	careers
n	Rq	3	101.099	pilot
n	Rq	9	1.176	bandito
n	Rq	4	0.588	quotes
n	Rq	107	0.588	phone
n	Rq	1	100.805	stations
n	Rq	1	100.805	traing
n	Rq	208	8.824	[not listed: 30]
N	*FR	2013	12	19	00	28
N	*LR	2020	10	14	09	11
N	*f	-200Q	s
N	RQ	9	2175720527	at 6 texan
N	RQ	20	2163170803	www.gtaeronautics.com
N	RQ	3	2156895941	bandito uav
N	RQ	3	2156895941	onboard starter
N	RQ	1	2150621079	uavs flying over simi valley ca
N	RQ	1	2150621079	gt aeronautics simi valley california
N	RQ	1	2150621079	aeronautical engineer quote
N	RQ	1	2150621079	does aeronautical engineering require drawing?
N	RQ	1	2150621079	how to do gt in engineering drawing
N	RQ	2	2150621079	http://gtaeronautics.com/
N	RQ	1	2150621079	the government college g.t aeronautics
N	RQ	1	2150621079	bme engine
N	RQ	1	2150621079	uas gcs
N	RQ	1	2150621079	http://www.gtaeronautics.com/indnews.html
N	RQ	92	2150621079	semalt.com
N	RQ	1	2150621079	aero iron mentioned nanotechnology hummingbird uav
N	RQ	1	2150621079	basic fiberglass techniques
N	RQ	1	2150621079	http://gtaeronautics.com/indnews.html
N	RQ	1	2150621079	finnemeccia co
N	RQ	2	2150621079	drawing for customer satisfaction
N	RQ	1	2150621079	cheap louis vuitton speedy handbag.com
N	RQ	1	2150621079	at 6
N	RQ	1	2150621079	quotation specialist engineer drawings
N	RQ	1	2150621079	challenge xtreme 111 piece mechanics tool kit
N	RQ	1	2150621079	uav commercial crew stations
N	RQ	1	2150621079	da42 mpp microwave downlink bandwidth
N	RQ	1	2150621079	anti ice de ice qinetiq zephyr
N	RQ	4	2150621079	louis%20vuitton%20fashion%20valley%20phone%20number
N	RQ	1	2150621079	faa uas pilot certification
N	RQ	1	2150621079	any flying crews in gta
N	RQ	1	2150621079	fiber glass molding job
N	RQ	1	2150621079	aerospace drawing
N	RQ	1	2150621079	aircraft design consultant
N	RQ	1	2150621079	www.gt airplane.com
N	RQ	3	2150621079	gt in aeronotics
N	RQ	1	2150621079	tom rullman
N	RQ	1	2150621079	gt aeronautics simi valley ca
N	RQ	1	2150621079	drone base in simi valley
N	RQ	1	2150621079	fiberglass mold making techniques
N	RQ	1	2150621079	rpa instrument qualification faa instrument rating
N	RQ	1	2150621079	extreme bme
N	RQ	1	2150621079	uas faa maintenance
N	RQ	1	2150621079	louis vuitton neverfull
N	RQ	1	2150621079	fiberglass techniques
N	RQ	1	2150621079	aircraft companies in simi valley
N	RQ	1	2150621079	custom fiberglass moldings
N	RQ	1	2150621079	anything
N	RQ	11	2150621079	louis vuitton luggage cheap
N	RQ	1	2150621079	aeronautical engineering sketches
N	RQ	1	2150621079	gtaeronautics.com
N	RQ	1	2150621079	giant scale ziroli at 6
N	RQ	9	2150621079	outlet louis vuitton handbags
N	RQ	1	2150621079	cowling drawing
N	RQ	1	2150621079	mitsubishi zero
N	RQ	1	2150621079	powell wy gt aeronautics
N	RQ	2	2150621079	what is gt in basic engineering drawing
N	RQ	2	2150621079	composite molding
N	RQ	1	2150621079	aeronautics in simi valley and security work
N	RQ	3	2150621079	gt aeronautics llc jobs
N	RQ	1	2150621079	crew flight gta
N	RQ	1	2150621079	110cc engine timing
N	RQ	1	2150621079	aeronautical engineer quotes
N	RQ	2	2150621079	http://www.gtaeronautics.com/compnews.html
N	RQ	4	2150621079	wyoming flight engineers
N	RQ	1	2150621079	a t 6
N	RQ	1	2150621079	gt aeronautics unmanned air
N	RQ	1	2150621079	fia gt composite tooling
N	RQ	1	2150621079	uas pilot certification
N	RQ	1	2150621079	quotes on aeronautical engineers
N	RQ	1	2150621079	payload for diamond northrop twin engie aircraft
N	RQ	7	2150621079	content
N	RQ	1	2150621079	bme 110
N	RQ	1	2150621079	thomas w rullman gt aeronautics
N	RQ	1	2150621079	luggages for sale
N	RQ	2	2150621079	easylifeapp profile
N	RQ	2	2150621079	simi gt
N	RQ	1	2150621079	mq1 design fuel
N	RQ	1	2150621079	airplane as always cia america2009
N	RQ	1	2150621079	heavy equipment operator jobs
N	RQ	1	2150621079	eengineer drawing home
N	RQ	1	2150621079	cheap louis vuitton luggage
N	RQ	1	2150621079	aero space drone simi valley
N	RQ	1	2150621079	2 stroke electric onboard starter
N	RQ	1	2150621079	simi valley unmanned aircraft
N	RQ	1	2150621079	skyforce observer mk3
N	RQ	2	2150621079	granger whitelaw avia
N	RQ	1	2150621079	louis vuitton fashion valley neverfull
N	RQ	1	2150621079	louis vuitton job opportunities
N	RQ	1	2150621079	google.com
N	RQ	1	2150621079	uas operation training method
N	RQ	2	2150621079	wmaid.com explore gtaeronautics.com
N	RQ	1	2150621079	custum muffler 110cc
N	RQ	1	2150621079	glass manufacturing drawings
N	RQ	1	2150621079	electric motors x male uav x sale
N	RQ	1	2150621079	aerospacecompanies in simi valley
N	RQ	1	2150621079	fiberglass molding
N	RQ	2	2150621079	aeronautical technology inc
N	RQ	1	2150621079	taranis ucav
N	RQ	1	2150621079	vegas drone uav show december 2015
N	RQ	1	2150621079	uav companies in simi valley
N	RQ	1	2150621079	unmanned aircraft systems pilot training
N	RQ	2	2150621079	installerex facebook
N	RQ	3	2150621079	texan at6 photos
N	RQ	1	2150621079	aeronautic engineer
N	RQ	30	2150621079	designer handbags outlet sale
N	RQ	1	2150621079	rpas qulificationa traing with faa
N	RQ	1	2150621079	faa uav training
N	RQ	1	2150621079	uav companies simi valley
N	RQ	5	2150621079	louis vuitton purses outlet
N	RQ	1	2150621079	aeronautics
N	RQ	1	2150621079	cheap louis vuitton luggage outlet
N	RQ	1	2150621079	gt aeronautics tomas rullman
N	RQ	1	2150621079	tobbot
N	RQ	1	2150621079	radius tdw efi fuze
N	RQ	8	2150621079	manufacturing equipment store in simi valley
N	RQ	1	2150621079	onbordstarter
N	RQ	1	2150621079	aeronautic engineer quotes
N	RQ	1	2150621079	rotax amphibian unmanned china
N	RQ	1	2150621079	aeronautical engineering quotes
N	RQ	1	2150621079	drawing aircraft engineering
N	RQ	1	2150621079	gt aeronautics careers
N	RQ	1	2150621079	gt aeronautics bandito
N	RQ	1	2150621079	cody wy carbon fiber
N	RQ	25	69023482	http://www.gtaeronautics.com/
N	RQ	20	43924034	gt aeronautics
N	RQ	14	37649172	aeronautical engineering drawing
N	RQ	8	25099448	at6 texan
N	RQ	7	18824586	bme extreme
N	RQ	7	18824586	aerospace engineering drawings
N	RQ	6	12549724	texan at6
N	RQ	5	12549724	bandito pglm
N	RQ	2	6274862	fiberglass molding techniques
N	RQ	6	6274862	manufacturing aeronautical prototypes
N	RQ	19	6274862	louis vuitton luggage outlet
N	RQ	10	6274862	louis vuitton fashion valley phone
N	RQ	97	6274862	louis vuitton fashion valley phone number
N	RQ	2	6274862	texan at 6
N	RQ	18	6274862	louis vuitton fashion valley ca
B	*f	-40R	r
B	Rb	190422	0.000	Mozilla/5.0 (Windows NT 6.1; Win64; x64; rv:109.0) Gecko/20100101 Firefox/115.0
B	Rb	92984	2.898	Mozilla/5.0 (compatible; AhrefsBot/7.0;  http://ahrefs.com/robot/)
B	Rb	76917	1.116	Sogou web spider/4.0( http://www.sogou.com/docs/help/webmasters.htm#07)
B	Rb	75663	1.638	ZoominfoBot (zoominfobot at zoominfo dot com)
B	Rb	64238	1.266	Mozilla/5.0 (compatible; Googlebot/2.1;  http://www.google.com/bot.html)
B	Rb	40916	4.266	Mozilla/5.0 (compatible; bingbot/2.0;  http://www.bing.com/bingbot.htm)
B	Rb	32766	2.168	Mozilla/5.0 (Windows NT 6.3; WOW64) AppleWebKit/537.36 (KHTML, like Gecko) Chrome/33.0.1736.0 Safari/537.36
B	Rb	31339	0.026	Mozilla/5.0 (iPhone; CPU iPhone OS 13_2_3 like Mac OS X) AppleWebKit/605.1.15 (KHTML, like Gecko) Version/13.0.3 Mobile/15E148 Safari/604.1
B	Rb	29535	0.266	Googlebot-Image/1.0
B	Rb	22660	0.000	Mozilla/5.0 AppleWebKit/537.36 (KHTML, like Gecko; compatible; bingbot/2.0;  http://www.bing.com/bingbot.htm) Chrome/116.0.1938.76 Safari/537.36
B	Rb	19435	0.013	Mozilla/5.0 (Windows NT 10.0; Win64; x64; rv:109.0) Gecko/20100101 Firefox/111.0
B	Rb	18093	0.000	Mozilla/5.0 (Linux; Android 5.0) AppleWebKit/537.36 (KHTML, like Gecko) Mobile Safari/537.36 (compatible; Bytespider; spider-feedback@bytedance.com)
B	Rb	16326	0.954	Mozilla/4.0 (compatible; MSIE 6.0; Windows NT 5.1; SV1)
B	Rb	15322	0.333	Mozilla/5.0 (Macintosh; Intel Mac OS X 10_15_5) AppleWebKit/605.1.15 (KHTML, like Gecko) Version/13.1.1 Safari/605.1.15 (Applebot/0.1;  http://www.apple.com/go/applebot)
B	Rb	14875	1.399	Mozilla/5.0 (compatible; YandexBot/3.0;  http://yandex.com/bots)
B	Rb	14493	0.000	Mozilla/5.0 (Windows NT 10.0; Win64; x64) AppleWebKit/537.36 (KHTML, like Gecko) Chrome/120.0.0.0 Safari/537.36
B	Rb	13947	0.000	Mozilla/5.0 (compatible; Bytespider; spider-feedback@bytedance.com) AppleWebKit/537.36 (KHTML, like Gecko) Chrome/70.0.0.0 Safari/537.36
B	Rb	13705	0.000	Mozilla/5.0 (Windows NT 10.0; Win64; x64) AppleWebKit/537.36 (KHTML, like Gecko) Chrome/114.0.0.0 Safari/537.36
B	Rb	12964	1.355	Mozilla/5.0 (iPhone; CPU iPhone OS 7_0 like Mac OS X) AppleWebKit/537.51.1 (KHTML, like Gecko) Version/7.0 Mobile/11A465 Safari/9537.53 (compatible; bingbot/2.0;  http://www.bing.com/bingbot.htm)
B	Rb	12521	0.689	Mozilla/5.0 (compatible; Baiduspider/2.0;  http://www.baidu.com/search/spider.html)
B	Rb	12179	0.000	Mozilla/5.0 (Windows NT 10.0; Win64; x64) AppleWebKit/537.36 (KHTML, like Gecko) Chrome/134.0.0.0 Safari/537.36
B	Rb	11996	0.424	Mozilla/5.0 (Macintosh; Intel Mac OS X 10.11; rv:52.0) Gecko/20100101 Firefox/52.0
B	Rb	11948	0.400	Mozilla/5.0 (Windows NT 5.1; rv:17.0) Gecko/20100101 Firefox/17.0
B	Rb	11422	0.000	Mozilla/5.0 (Windows NT 10.0; Win64; x64) AppleWebKit/537.36 (KHTML, like Gecko) Chrome/124.0.0.0 Safari/537.36
B	Rb	11103	0.000	Mozilla/5.0 (Windows NT 10.0; Win64; x64) AppleWebKit/537.36 (KHTML, like Gecko) Chrome/131.0.0.0 Safari/537.36
B	Rb	10631	0.616	Mozilla/5.0 (Windows NT 6.1; WOW64; Trident/7.0; rv:11.0) like Gecko
B	Rb	10614	0.000	Mozilla/5.0 (Windows NT 10.0; Win64; x64) AppleWebKit/537.36 (KHTML, like Gecko) Chrome/122.0.0.0 Safari/537.36
B	Rb	10568	0.000	Mozilla/5.0 (Windows NT 10.0; Win64; x64) AppleWebKit/537.36 (KHTML, like Gecko) Chrome/121.0.0.0 Safari/537.36
B	Rb	10502	0.220	Mozilla/5.0 (Linux; Android 6.0.1; Nexus 5 Build/MRA58N) AppleWebKit/537.36(KHTML, like Gecko) Chrome/66.0.3359.30 Mobile Safari/537.36
B	Rb	9648	0.435	Mozilla/5.0 AppleWebKit/537.36 (KHTML, like Gecko; compatible; bingbot/2.0;  http://www.bing.com/bingbot.htm) Chrome/103.0.5060.134 Safari/537.36
B	Rb	9598	0.067	Mozilla/5.0 (Windows NT 10.0; Win64; x64) AppleWebKit/537.36 (KHTML, like Gecko) Chrome/113.0.0.0 Safari/537.36
B	Rb	9496	0.000	Mozilla/5.0 (Macintosh; Intel Mac OS X 10_15_7) AppleWebKit/605.1.15 (KHTML, like Gecko) Version/17.4 Safari/605.1.15 (Applebot/0.1;  http://www.apple.com/go/applebot)
B	Rb	9106	0.170	Mozilla/5.0 (compatible; Dataprovider.com)
B	Rb	8953	0.286	Mozilla/5.0 (Windows NT 10.0; Win64; x64) AppleWebKit/537.36 (KHTML, like Gecko) Chrome/109.0.0.0 Safari/537.36
B	Rb	8941	0.246	Mozilla/5.0 (compatible; MJ12bot/v1.4.8; http://mj12bot.com/)
B	Rb	8870	0.162	Mozilla/5.0 (Linux; Android 7.0;) AppleWebKit/537.36 (KHTML, like Gecko) Mobile Safari/537.36 (compatible; PetalBot; https://webmaster.petalsearch.com/site/petalbot)
B	Rb	8603	0.479	PRurl
B	Rb	8061	0.886	Mozilla/4.0 (compatible; MSIE 7.0; Windows NT 5.1; .NET CLR 1.1.4322; .NET CLR 2.0.50727)
B	Rb	8013	0.000	Mozilla/5.0 (Windows NT 10.0; Win64; x64) AppleWebKit/537.36 (KHTML, like Gecko) Chrome/116.0.0.0 Safari/537.36
B	Rb	7887	0.190	Mozilla/5.0 (compatible; BLEXBot/1.0;  http://webmeup-crawler.com/)
B	Rb	1892049	77.032	[not listed: 24710]
b	*f	-15Q	s
b	lRQq	1	590296	3382150822	151.343	Netscape (compatible)
b	lRQq	1	15784	3995430508	178.786	Opera
b	lRQq	2	6890	1424393675	63.738	Opera/9
b	lRQq	2	4483	2294942905	102.693	Opera/8
b	lRQq	2	3196	2225919423	99.605	Opera/7
b	lRQq	2	1072	2194545113	98.201	Opera/6
b	lRQq	2	17	2169445665	97.077	Opera/12
b	lRQq	2	17	2150621079	96.235	Opera/98
b	lRQq	2	1	2150621079	96.235	Opera/3
b	lRQq	2	6	2150621079	96.235	Opera/105
b	lRQq	2	6	2150621079	96.235	Opera/91
b	lRQq	2	53	62748620	2.808	Opera/10
b	lRQq	2	26	37649172	1.685	Opera/11
b	lRQq	2	16	12549724	0.562	Opera/5
b	lRQq	1	9830	2458089317	109.994	Netscape
b	lRQq	2	2455	2263568595	101.289	Netscape/4
b	lRQq	2	25	2194545113	98.201	Netscape/6
b	lRQq	2	5530	2181995389	97.639	Netscape/7
b	lRQq	2	2	2150621079	96.235	Netscape/Nutch-1
b	lRQq	2	73	2150621079	96.235	Netscape/%2F4
b	lRQq	2	1	2150621079	96.235	Netscape/10
b	lRQq	2	1	2150621079	96.235	Netscape/2
b	lRQq	2	9	2150621079	96.235	Netscape/Firefox
b	lRQq	2	1	2150621079	96.235	Netscape/35
b	lRQq	2	3	2150621079	96.235	Netscape/9
b	lRQq	2	357	25099448	1.123	Netscape/3
b	lRQq	2	124	25099448	1.123	Netscape/8
b	lRQq	2	808	6274862	0.281	Netscape/0
b	lRQq	2	8	6274862	0.281	Netscape/5
b	lRQq	1	4250	2414165283	108.028	Java
b	lRQq	2	52	2163170803	96.797	Java/11
b	lRQq	2	4186	244719618	10.951	Java/1
b	lRQq	2	12	6274862	0.281	Java/17
b	lRQq	1	5113	2357691525	105.501	Apache-HttpClient
b	lRQq	2	1	2150621079	96.235	Apache-HttpClient/UNAVAILABLE
b	lRQq	2	5112	207070446	9.266	Apache-HttpClient/4
b	lRQq	1	1332	2320042353	103.816	curl
b	lRQq	2	1084	2301217767	102.974	curl/7
b	lRQq	2	18	2150621079	96.235	curl/479488
b	lRQq	2	229	12549724	0.562	curl/8
b	lRQq	1	190	2294942905	102.693	MobileSafari
b	lRQq	2	19	2200819975	98.481	MobileSafari/604
b	lRQq	2	38	2163170803	96.797	MobileSafari/8614
b	lRQq	2	92	2163170803	96.797	MobileSafari/8615
b	lRQq	2	3	2163170803	96.797	MobileSafari/602
b	lRQq	2	1	2156895941	96.516	MobileSafari/601
b	lRQq	2	6	2150621079	96.235	MobileSafari/8620
b	lRQq	2	6	2150621079	96.235	MobileSafari/8621
b	lRQq	2	6	2150621079	96.235	MobileSafari/8617
b	lRQq	2	5	2150621079	96.235	MobileSafari/8618
b	lRQq	2	6	2150621079	96.235	MobileSafari/8619
b	lRQq	2	6	6274862	0.281	MobileSafari/8612
b	lRQq	2	2	6274862	0.281	MobileSafari/9537
b	lRQq	1	1257	2269843457	101.570	Dalvik
b	lRQq	2	27	2207094837	98.762	Dalvik/1
b	lRQq	2	1230	62748620	2.808	Dalvik/2
b	lRQq	1	762	2269843457	101.570	Screaming Frog SEO Spider
b	lRQq	2	71	2163170803	96.797	Screaming Frog SEO Spider/20
b	lRQq	2	394	2156895941	96.516	Screaming Frog SEO Spider/21
b	lRQq	2	15	2156895941	96.516	Screaming Frog SEO Spider/13
b	lRQq	2	48	2156895941	96.516	Screaming Frog SEO Spider/22
b	lRQq	2	29	2156895941	96.516	Screaming Frog SEO Spider/18
b	lRQq	2	69	2156895941	96.516	Screaming Frog SEO Spider/19
b	lRQq	2	68	2156895941	96.516	Screaming Frog SEO Spider/9
b	lRQq	2	6	2150621079	96.235	Screaming Frog SEO Spider/10
b	lRQq	2	2	2150621079	96.235	Screaming Frog SEO Spider/14
b	lRQq	2	1	2150621079	96.235	Screaming Frog SEO Spider/2
b	lRQq	2	2	2150621079	96.235	Screaming Frog SEO Spider/3
b	lRQq	2	1	2150621079	96.235	Screaming Frog SEO Spider/4
b	lRQq	2	3	2150621079	96.235	Screaming Frog SEO Spider/5
b	lRQq	2	1	2150621079	96.235	Screaming Frog SEO Spider/6
b	lRQq	2	2	2150621079	96.235	Screaming Frog SEO Spider/7
b	lRQq	2	39	6274862	0.281	Screaming Frog SEO Spider/12
b	lRQq	2	3	6274862	0.281	Screaming Frog SEO Spider/16
b	lRQq	2	4	6274862	0.281	Screaming Frog SEO Spider/17
b	lRQq	2	4	6274862	0.281	Screaming Frog SEO Spider/8
b	lRQq	1	430	2238469147	100.166	Client
b	lRQq	2	6	2150621079	96.235	Client/52703
b	lRQq	2	5	2150621079	96.235	Client/50174
b	lRQq	2	12	2150621079	96.235	Client/33911
b	lRQq	2	6	2150621079	96.235	Client/46621
b	lRQq	2	6	2150621079	96.235	Client/53903
b	lRQq	2	6	2150621079	96.235	Client/49061
b	lRQq	2	42	2150621079	96.235	Client/41348
b	lRQq	2	6	2150621079	96.235	Client/43742
b	lRQq	2	12	2150621079	96.235	Client/38550
b	lRQq	2	48	2150621079	96.235	Client/35843
b	lRQq	2	18	2150621079	96.235	Client/35574
b	lRQq	2	48	2150621079	96.235	Client/41973
b	lRQq	2	42	2150621079	96.235	Client/34739
b	lRQq	2	66	2150621079	96.235	Client/36782
b	lRQq	2	6	2150621079	96.235	Client/39582
b	lRQq	2	12	2150621079	96.235	Client/39709
b	lRQq	2	6	2150621079	96.235	Client/38978
b	lRQq	2	6	2150621079	96.235	Client/51018
b	lRQq	2	30	6274862	0.281	Client/42448
b	lRQq	2	11	6274862	0.281	Client/49058
b	lRQq	1	91	2232194285	99.885	mozilla
b	lRQq	2	72	2225919423	99.605	mozilla/5
b	lRQq	1	2249	2225919423	99.605	libwww-perl
b	lRQq	2	1794	2175720527	97.358	libwww-perl/6
b	lRQq	2	455	50198896	2.246	libwww-perl/5
b	lRQq	1	33	2213369699	99.043	WordPress
b	lRQq	2	19	2188270251	97.920	WordPress/4
b	lRQq	2	1	12549724	0.562	WordPress/6
b	lRQq	2	13	12549724	0.562	WordPress/3
b	lRQq	1	862	2200819975	98.481	Python-urllib
b	lRQq	2	129	2175720527	97.358	Python-urllib/3
b	lRQq	2	728	18824586	0.842	Python-urllib/2
b	lRQq	2	5	6274862	0.281	Python-urllib/1
b	lRQq	1	20	2194545113	98.201	com.google.GoogleMobile
b	lRQq	2	3	2156895941	96.516	com.google.GoogleMobile/42
b	lRQq	2	3	2150621079	96.235	com.google.GoogleMobile/60
b	lRQq	2	2	2150621079	96.235	com.google.GoogleMobile/34
b	lRQq	2	1	2150621079	96.235	com.google.GoogleMobile/61
b	lRQq	2	1	2150621079	96.235	com.google.GoogleMobile/72
b	lRQq	2	3	2150621079	96.235	com.google.GoogleMobile/38
b	lRQq	2	1	2150621079	96.235	com.google.GoogleMobile/65
b	lRQq	2	2	6274862	0.281	com.google.GoogleMobile/41
b	lRQq	2	2	6274862	0.281	com.google.GoogleMobile/62
b	lRQq	2	2	6274862	0.281	com.google.GoogleMobile/67
b	lRQq	1	2266810	3821945333	171.023	[not listed: 980]
p	*f	0Q	s
p	lR	1	1406575	Windows
p	lR	2	600909	Windows NT
p	lR	2	528743	Unknown Windows
p	lR	2	260366	Windows XP
p	lR	2	2238	Windows 95
p	lR	2	431	Windows CE
p	lR	2	2403	Windows 98
p	lR	2	9655	Windows 2000
p	lR	2	389	Windows 3.1
p	lR	2	1441	Windows ME
p	lR	1	283762	Unix
p	lR	2	278609	Linux
p	lR	2	5044	Other Unix
p	lR	2	22	SunOS
p	lR	2	84	BSD
p	lR	2	3	HP-UX
p	lR	1	347668	Macintosh
p	lR	2	336467	Unknown Macintosh
p	lR	2	7905	Macintosh 68k
p	lR	2	3296	Macintosh PowerPC
p	lR	1	520686	OS unknown
p	lR	1	340535	Known robots
p	lR	1	16	WebTV
p	lR	1	13	BeOS
p	lR	1	47	OS/2
p	lR	1	7	Amiga
i	*f	0R	s
i	lRc	1	1340555	0.000	[root directory]
i	lRc	1	1180739	0.000	/images/
i	lRc	1	239506	0.000	/js/
i	lRc	1	122703	0.000	/css/
i	lRc	1	31031	0.000	/uploads/
i	lRc	1	374	0.000	/dev/
i	lRc	2	24	0.000	/dev/css/
i	lRc	2	46	0.000	/dev/js/
i	lRc	2	81	0.000	/dev/images/
i	lRc	1	76	0.000	/stats/
i	lRc	1	865	0.000	/videos/
i	lRc	1	541	0.000	/client/
i	lRc	1	6	0.000	/databases/
i	lRc	1	1	0.000	/cgi-bin/
i	lRc	1	1	0.000	/secure/
r	*f	0.050000%S	s
r	lRSc	1	42785	36	0.000	/contactus.html
r	lRSc	1	31707	34	0.000	/indevents.html
r	lRSc	1	54308	34	0.000	/aboutus.html
r	lRSc	1	54962	32	0.000	/compnews.html
r	lRSc	1	25869	28	0.000	/sru.html
r	lRSc	1	35297	25	0.000	/cct&m.html
r	lRSc	1	39504	25	0.000	/uasfc.html
r	lRSc	1	20291	25	0.000	/gt1500+rpas.html
r	lRSc	1	37088	24	0.000	/consultinga.html
r	lRSc	1	34124	24	0.000	/cfmt.html
r	lRSc	1	27304	23	0.000	/faq.html
r	lRSc	1	19406	21	0.000	/gt50t+rpas.html
r	lRSc	1	52956	21	0.000	/links.html
r	lRSc	1	32420	21	0.000	/pna.html
r	lRSc	1	20439	18	0.000	/gt380+rpas.html
r	lRSc	1	16201	14	0.000	/gt100hl+rpas.html
r	lRSc	1	27147	13	0.000	/employment.html
r	lRSc	1	35267	12	0.000	/indnews.html
r	lRSc	2	141	0	0.000	/indnews.html?referer=www.clickfind.com.au/wp-login.php
r	lRSc	2	1	0	0.000	/indnews.html?referer=top1.co.pl
r	lRSc	2	1	0	0.000	/indnews.html?referer=www.clickfind.com.au//wp-content/themes/busybee/thumb.php?src=http://blogger.com.opontodaarte.com.br/java.php
r	lRSc	1	18285	8	0.000	/rd.html
r	lRSc	1	2436	8	0.000	/uploads/2022wydronefestflyer+rev2.pdf
r	lRSc	1	3057	5	0.000	/uploads/bighornbasindronefestivalflyer-v2-220110.pdf
r	lRSc	1	2919	4	0.000	/uploads/droneexpojan2022+(1).pdf
r	lRSc	1	2998	3	0.000	/uploads/big+horn+basin+drone+festival+event+schedule.pdf
r	lRSc	1	5152	3	0.000	/gtatexan.html
r	lRSc	1	3986	3	0.000	/uploads/idrone-pressrelease-powell-version220119.pdf
r	lRSc	1	4501	2	0.000	/bandituas.html
r	lRSc	1	5392	2	0.000	/uavengines.html
r	lRSc	1	5244	1	0.000	/banditomav.html
r	lRSc	1	2	0	0.000	/client/bandit+timeline2004.html
r	lRSc	1	1	0	0.000	/404.htm
r	lRSc	1	12	0	0.000	/client/gta010707002.html
r	lRSc	1	72	0	0.000	/client/bandito+development.html
r	lRSc	1	1	0	0.000	/stats/browserrep.html
r	lRSc	1	741	0	0.000	/gt50t rpas.html
r	lRSc	1	2	0	0.000	/dev/contactus.html
r	lRSc	1	1	0	0.000	/dev/aboutus.html
r	lRSc	1	18	0	0.000	/client/tacamo+development.html
r	lRSc	1	11	0	0.000	/client/rq2+outlaw.html
r	lRSc	1	1	0	0.000	/client/bandit timeline2008.html
r	lRSc	1	15	0	0.000	/client/bandit.html
r	lRSc	1	993	0	0.000	/gtamt.html
r	lRSc	1	2253	0	0.000	/gt1500 rpas.html
r	lRSc	1	4	0	0.000	/client/gta121004001.html
r	lRSc	1	1	0	0.000	/dev/client.cgi
r	lRSc	1	71	0	0.000	/client/bandit+development.html
r	lRSc	1	2	0	0.000	/client/bandito development.html
r	lRSc	1	2	0	0.000	/stats/domain.html
r	lRSc	1	2	0	0.000	/stats/weekly.html
r	lRSc	1	6356	0	0.000	/pridpass.html
r	lRSc	1	1	0	0.000	/dev/pna.html
r	lRSc	1	1	0	0.000	/client/tacamo development.html
r	lRSc	1	4	0	0.000	/stats/index.htm
r	lRSc	1	4	0	0.000	/stats/nav.html
r	lRSc	1	2	0	0.000	/stats/directory.html
r	lRSc	1	2	0	0.000	/stats/organisation.html
r	lRSc	1	7	0	0.000	/client/bandit+timeline2007.html
r	lRSc	1	1	0	0.000	/dev/pridpass.html
r	lRSc	1	1	0	0.000	/client/bandito timeline2007.html
r	lRSc	1	1	0	0.000	/stats/quick.html
r	lRSc	1	135	0	0.000	/client/welcome.html
r	lRSc	1	3	0	0.000	/client/gta021305001.html
r	lRSc	1	5	0	0.000	/client/gta012405001.html
r	lRSc	1	4	0	0.000	/stats/general.html
r	lRSc	1	1	0	0.000	/stats/dailyrep.html
r	lRSc	1	1	0	0.000	/client/bandit development.html
r	lRSc	1	17	0	0.000	/client/bandit+timeline2008.html
r	lRSc	1	1	0	0.000	/client/bandito+timeline2005.html
r	lRSc	1	23	0	0.000	/client/projectbids.html
r	lRSc	1	1	0	0.000	/stats/host.html
r	lRSc	1	20	0	0.000	/client/clientpna.html
r	lRSc	1	2	0	0.000	/stats/default.asp
r	lRSc	1	21	0	0.000	/index.htm
r	lRSc	1	1	0	0.000	/cgi-bin/testms.pl
r	lRSc	1	14	0	0.000	/client/rq1+bandit.html
r	lRSc	1	6	0	0.000	/client/gta021305002.html
r	lRSc	1	24	0	0.000	/client/tacamo.html
r	lRSc	1	30	0	0.000	/client/mgqgcyat.asp
r	lRSc	1	18702	0	0.000	/default.asp
r	lRSc	1	1666	0	0.000	/gt380 rpas.html
r	lRSc	1	1	0	0.000	/client/bandito+timeline2006.html
r	lRSc	1	16	0	0.000	/client/rq3+bandito.html
r	lRSc	1	1	0	0.000	/dev/uasfc.html
r	lRSc	1	229	0	0.000	/client.cgi
r	lRSc	1	2	0	0.000	/stats/yearly.html
r	lRSc	1	1	0	0.000	/stats/monthly.html
r	lRSc	1	8	0	0.000	/client/gta010707001.html
r	lRSc	1	3749	0	0.000	/bidspridpass.html
r	lRSc	1	12	0	0.000	/client/bandito.html
r	lRSc	1	1	0	0.000	/stats/quarterly.html
r	lRSc	1	8	0	0.000	/client/bandito+timeline2007.html
t	*f	0.100000%B	b
t	lRb	1	1080308	43.756	.jpg  [JPEG graphics]
t	lRb	1	661948	26.229	.html [Hypertext Markup Language]
t	lRb	1	606736	18.517	[directories]
t	lRb	1	15635	5.242	.mp4
t	lRb	1	778	2.157	.wmv
t	lRb	1	87	2.118	.mpg  [MPEG movie]
t	lRb	1	18734	0.911	.asp  [Active Server REQUESTS]
t	lRb	1	100536	0.296	.gif  [GIF graphics]
t	lRb	1	239552	0.254	.js  [JavaScript code]
t	lRb	1	122719	0.225	.css  [Cascading Style Sheets]
t	lRb	1	15396	0.210	.pdf  [Adobe Portable Document Format]
t	lRb	1	53969	0.084	[not listed: 7]
z	*FR	2023	04	05	20	41
z	*LR	2023	05	09	10	03
z	ScR	0	0.000	84837	0
z	ScR	0	0.000	0	1b-  10b
z	ScR	0	0.000	0	11b- 100b
z	ScR	0	0.000	85122	101b-  1kb
z	ScR	0	0.000	509907	1kb- 10kb
z	ScR	0	0.000	352085	10kb-100kb
z	ScR	0	0.000	104639	100kb-  1Mb
z	ScR	0	0.000	4584	1Mb- 10Mb
z	ScR	0	0.000	55	10Mb-100Mb
z	ScR	0	0.000	13	100Mb-  1Gb
c	*FR	2014	03	02	13	52
c	*LR	2025	07	27	04	54
c	*f	0R	a
c	R	2743179	200 OK
c	R	32184	206 Partial content
c	R	283	301 Document moved permanently
c	R	77	302 Document found elsewhere
c	R	141035	304 Not modified since last retrieval
c	R	2443	400 Bad request
c	R	207	401 Authentication required
c	R	2677	403 Access forbidden
c	R	1701414	404 Document not found
c	R	3333	405 Method not allowed
c	R	1567	406 Document not acceptable to client
c	R	141	416 Requested range not valid
c	R	624	500 Internal server error
c	R	128	501 Request type not supported
I	*FR	2007	12	11	00	52
I	*LR	2025	07	27	04	54
I	*f	-30S	s
I	lRS	1	258730	315	/robots.txt
I	lRS	1	2510	19	/about.php
I	lRS	1	1232	16	/alfa.php
I	lRS	1	3235	16	/admin.php
I	lRS	1	14926	15	/ads.txt
I	lRS	1	993	14	/404.php
I	lRS	1	796	14	/wp-content/plugins/hellopress/wp_filemanager.php
I	lRS	1	1200	14	/file.php
I	lRS	1	1593	14	/chosen.php
I	lRS	1	804	13	/lock360.php
I	lRS	1	7189	13	/xmlrpc.php
I	lRS	1	1159	12	/moon.php
I	lRS	1	1240	12	/autoload_classmap.php
I	lRS	1	1848	12	/install.php
I	lRS	1	11806	12	/wp-login.php
I	lRS	1	1041	11	/wp-content/themes/about.php
I	lRS	1	6525	11	/.env
I	lRS	1	876	11	/index/function.php
I	lRS	1	565	11	/mail.php
I	lRS	1	1358	11	/radio.php
I	lRS	1	1260	11	/inputs.php
I	lRS	1	1175	11	/css.php
I	lRS	1	1206	11	/themes.php
I	lRS	1	891	10	/default.php
I	lRS	1	1118	10	/403.php
I	lRS	1	1246	10	/wp-content/plugins/index.php
I	lRS	1	699	10	/item.php
I	lRS	1	1139	10	/wp-content/index.php
I	lRS	1	1107	10	/1.php
I	lRS	1	543	10	/class.php
I	lRS	1	1382280	5748	[not listed: 39693]
L	*FR	2007	12	11	00	52
L	*LR	2025	07	27	04	54
L	*f	-20S	s
L	RS	4190	2095	185.177.72.144
L	RS	2056	514	95.142.120.71
L	RS	874	479	40.113.91.248
L	RS	4138	472	52.169.208.160
L	RS	3666	472	13.74.251.59
L	RS	2832	472	13.70.193.186
L	RS	2082	347	40.113.89.154
L	RS	516	250	4.197.236.174
L	RS	155	155	172.207.158.211
L	RS	620	124	52.178.130.166
L	RS	416	104	48.210.47.118
L	RS	328	82	172.192.53.218
L	RS	78	78	185.177.72.210
L	RS	76	76	47.100.17.132
L	RS	265	53	52.169.126.102
L	RS	57	38	217.114.43.119
L	RS	105	35	172.192.59.215
L	RS	27	27	20.18.72.238
L	RS	36	27	34.139.189.142
L	RS	7734	14	216.244.66.229
L	RS	1682283	503	[not listed: 96408]
K	*FR	2013	12	22	04	20
K	*LR	2025	07	27	04	54
K	*f	-30S	s
K	lRS	1	2557	12	http://gtaeronautics.com/
K	lRS	1	2625	4	https://www.google.com/
K	lRS	1	1685	3	http://www.gtaeronautics.com/gtaTexan.html
K	lRS	1	18	1	https://www.facebook.com/
K	lRS	1	3	1	http://gtaeronautics.com/contact.php
K	lRS	1	2	1	http://gtaeronautics.com/_layouts/SignOut.aspx
K	lRS	1	88	1	http://www.gtaeronautics.com/public/plugins/Ueditor/dialogs/attachment/fileTypeImages/icon_psd.gif
K	lRS	1	82	1	http://www.gtaeronautics.com/public/plugins/ckeditor/images/spacer.gif
K	lRS	1	82	1	http://gtaeronautics.com/public/plugins/Ueditor/dialogs/attachment/fileTypeImages/icon_psd.gif
K	lRS	1	76	1	http://gtaeronautics.com/public/plugins/Ueditor/dialogs/attachment/images/alignicon.gif
K	lRS	1	23831	1	http://www.gtaeronautics.com/
K	lRS	1	82	1	http://www.gtaeronautics.com/public/plugins/Ueditor/dialogs/attachment/images/alignicon.gif
K	lRS	1	3	1	http://gtaeronautics.com/function.php
K	lRS	1	600	1	http://www.gtaeronautics.com/robots.txt
K	lRS	1	82	1	http://gtaeronautics.com/public/plugins/ckeditor/images/spacer.gif
K	lRS	1	4	1	http://gtaeronautics.com/_logs.php
K	lRS	1	99667	0	[not listed: 8154]
E	*FR	2008	01	06	10	12
E	*LR	2025	07	09	20	33
E	*f	-30S	s
E	lSR	1	0	360	[not listed: 8]
l	*FR	2008	01	06	10	12
l	*LR	2025	07	09	20	33
l	*f	-20S	s
l	SR	0	360	[not listed: 132]
v	*f	-20B	b
v	Rb	2258983	65.103	64.41.87.40
v	Rb	657415	34.897	66.113.131.59
R	*FR	2008	01	06	10	12
R	*LR	2025	07	09	20	33
R	*f	-20R	r
R	R	182	64.41.87.40
R	R	178	66.113.131.59
M	*FR	2007	12	11	00	52
M	*LR	2025	07	27	04	54
M	*f	-20R	r
M	R	1409928	64.41.87.40
M	R	302606	66.113.131.59
J	*FR	2007	12	11	00	53
J	*LR	2017	03	17	18	30
J	*f	-20R	r
J	R	9	gtaeronautics
J	R	5	lorrigkj
J	R	1	rullma2063
J	R	1	administrator
J	R	1	satish
J	R	1	nnnnn
P	*FR	2024	04	17	09	27
P	*LR	2025	07	27	04	49
P	R	230	0
P	R	414	<= 0.01
P	R	6575	0.01-0.02
P	R	300016	0.02-0.05
P	R	344201	0.05-0.1 
P	R	465842	0.1 -0.2 
P	R	541868	0.2 -0.5 
P	R	270010	0.5 -1   
P	R	152800	1-  2 
P	R	61375	2-  5 
P	R	23629	5- 10 
P	R	12654	10- 20 
P	R	56816	20- 60 
P	R	5217	60-120 
P	R	17213	120-300 
P	R	0	300-600 
P	R	1	> 600 
