x	VE	analog 5.24
x	HN	gtaeronautics.com
x	PS	2016	01	24	02	29
x	FR	2007	12	18	17	05
x	LR	2016	01	24	05	51
x	E7	2016	01	24	02	29
x	SR	544674
x	S7	1487
x	NC	230784
x	C7	0
x	FL	277114
x	F7	336
x	RR	178
x	R7	0
x	NH	47900
x	H7	313
x	BT	15458668513
x	B7	43589294
1	Rr	4806	0.882	2016
1	Rr	80796	14.834	2015
1	Rr	110773	20.337	2014
1	Rr	65173	11.966	2013
1	Rr	60742	11.152	2012
1	Rr	57015	10.468	2011
1	Rr	22139	4.065	2010
1	Rr	69710	12.798	2009
1	Rr	71820	13.186	2008
1	Rr	1700	0.312	2007
1	*BT	R	110773	2014
Q	Rr	4806	0.882	2016	1
Q	Rr	16575	3.043	2015	4
Q	Rr	22104	4.058	2015	3
Q	Rr	22485	4.128	2015	2
Q	Rr	19632	3.604	2015	1
Q	Rr	21142	3.882	2014	4
Q	Rr	22272	4.089	2014	3
Q	Rr	31453	5.775	2014	2
Q	Rr	35906	6.592	2014	1
Q	Rr	16436	3.018	2013	4
Q	Rr	15216	2.794	2013	3
Q	Rr	16545	3.038	2013	2
Q	Rr	16976	3.117	2013	1
Q	Rr	16578	3.044	2012	4
Q	Rr	12511	2.297	2012	3
Q	Rr	15816	2.904	2012	2
Q	Rr	15837	2.908	2012	1
Q	Rr	15444	2.835	2011	4
Q	Rr	17386	3.192	2011	3
Q	Rr	9395	1.725	2011	2
Q	Rr	14790	2.715	2011	1
Q	Rr	1603	0.294	2010	4
Q	Rr	0	0.000	2010	3
Q	Rr	14047	2.579	2010	2
Q	Rr	6489	1.191	2010	1
Q	Rr	16350	3.002	2009	4
Q	Rr	18220	3.345	2009	3
Q	Rr	17115	3.142	2009	2
Q	Rr	18025	3.309	2009	1
Q	Rr	15905	2.920	2008	4
Q	Rr	15660	2.875	2008	3
Q	Rr	22448	4.121	2008	2
Q	Rr	17807	3.269	2008	1
Q	Rr	1700	0.312	2007	4
Q	*BT	R	35906	2014	1
m	Rr	4806	0.882	2016	01
m	Rr	5574	1.023	2015	12
m	Rr	5330	0.979	2015	11
m	Rr	5671	1.041	2015	10
m	Rr	6196	1.138	2015	09
m	Rr	6788	1.246	2015	08
m	Rr	9120	1.674	2015	07
m	Rr	7156	1.314	2015	06
m	Rr	5694	1.045	2015	05
m	Rr	9635	1.769	2015	04
m	Rr	6215	1.141	2015	03
m	Rr	6084	1.117	2015	02
m	Rr	7333	1.346	2015	01
m	Rr	6608	1.213	2014	12
m	Rr	6997	1.285	2014	11
m	Rr	7537	1.384	2014	10
m	Rr	7043	1.293	2014	09
m	Rr	7324	1.345	2014	08
m	Rr	7905	1.451	2014	07
m	Rr	11654	2.140	2014	06
m	Rr	9211	1.691	2014	05
m	Rr	10588	1.944	2014	04
m	Rr	7817	1.435	2014	03
m	Rr	15229	2.796	2014	02
m	Rr	12860	2.361	2014	01
m	Rr	5325	0.978	2013	12
m	Rr	5513	1.012	2013	11
m	Rr	5598	1.028	2013	10
m	Rr	4655	0.855	2013	09
m	Rr	4938	0.907	2013	08
m	Rr	5623	1.032	2013	07
m	Rr	5492	1.008	2013	06
m	Rr	5211	0.957	2013	05
m	Rr	5842	1.073	2013	04
m	Rr	6068	1.114	2013	03
m	Rr	5055	0.928	2013	02
m	Rr	5853	1.075	2013	01
m	Rr	5688	1.044	2012	12
m	Rr	5477	1.006	2012	11
m	Rr	5413	0.994	2012	10
m	Rr	4331	0.795	2012	09
m	Rr	3866	0.710	2012	08
m	Rr	4314	0.792	2012	07
m	Rr	4655	0.855	2012	06
m	Rr	6047	1.110	2012	05
m	Rr	5114	0.939	2012	04
m	Rr	6128	1.125	2012	03
m	Rr	5430	0.997	2012	02
m	Rr	4279	0.786	2012	01
m	Rr	5548	1.019	2011	12
m	Rr	4779	0.877	2011	11
m	Rr	5117	0.939	2011	10
m	Rr	5431	0.997	2011	09
m	Rr	6256	1.149	2011	08
m	Rr	5699	1.046	2011	07
m	Rr	5420	0.995	2011	06
m	Rr	3975	0.730	2011	05
m	Rr	0	0.000	2011	04
m	Rr	3608	0.662	2011	03
m	Rr	5171	0.949	2011	02
m	Rr	6011	1.104	2011	01
m	Rr	1603	0.294	2010	12
m	Rr	0	0.000	2010	11
m	Rr	0	0.000	2010	10
m	Rr	0	0.000	2010	09
m	Rr	0	0.000	2010	08
m	Rr	0	0.000	2010	07
m	Rr	4101	0.753	2010	06
m	Rr	5018	0.921	2010	05
m	Rr	4928	0.905	2010	04
m	Rr	5095	0.935	2010	03
m	Rr	1394	0.256	2010	02
m	Rr	0	0.000	2010	01
m	Rr	4665	0.856	2009	12
m	Rr	6187	1.136	2009	11
m	Rr	5498	1.009	2009	10
m	Rr	5066	0.930	2009	09
m	Rr	5718	1.050	2009	08
m	Rr	7436	1.365	2009	07
m	Rr	5685	1.044	2009	06
m	Rr	6120	1.124	2009	05
m	Rr	5310	0.975	2009	04
m	Rr	5515	1.013	2009	03
m	Rr	6123	1.124	2009	02
m	Rr	6387	1.173	2009	01
m	Rr	5763	1.058	2008	12
m	Rr	5420	0.995	2008	11
m	Rr	4722	0.867	2008	10
m	Rr	5435	0.998	2008	09
m	Rr	4843	0.889	2008	08
m	Rr	5382	0.988	2008	07
m	Rr	6082	1.117	2008	06
m	Rr	9946	1.826	2008	05
m	Rr	6420	1.179	2008	04
m	Rr	5431	0.997	2008	03
m	Rr	6469	1.188	2008	02
m	Rr	5907	1.085	2008	01
m	Rr	1700	0.312	2007	12
m	*BT	R	15229	2014	02
W	Rr	50	0.009	2016	01	24
W	Rr	1476	0.271	2016	01	17
W	Rr	1563	0.287	2016	01	10
W	Rr	1381	0.254	2016	01	03
W	Rr	1273	0.234	2015	12	27
W	Rr	1084	0.199	2015	12	20
W	Rr	1344	0.247	2015	12	13
W	Rr	1336	0.245	2015	12	06
W	Rr	1123	0.206	2015	11	29
W	Rr	960	0.176	2015	11	22
W	Rr	1337	0.245	2015	11	15
W	Rr	1400	0.257	2015	11	08
W	Rr	1383	0.254	2015	11	01
W	Rr	1250	0.229	2015	10	25
W	Rr	1366	0.251	2015	10	18
W	Rr	1367	0.251	2015	10	11
W	Rr	1214	0.223	2015	10	04
W	Rr	1152	0.212	2015	09	27
W	Rr	1387	0.255	2015	09	20
W	Rr	1655	0.304	2015	09	13
W	Rr	1526	0.280	2015	09	06
W	Rr	1242	0.228	2015	08	30
W	Rr	1800	0.330	2015	08	23
W	Rr	1527	0.280	2015	08	16
W	Rr	1386	0.254	2015	08	09
W	Rr	1593	0.292	2015	08	02
W	Rr	1567	0.288	2015	07	26
W	Rr	1980	0.364	2015	07	19
W	Rr	2180	0.400	2015	07	12
W	Rr	2008	0.369	2015	07	05
W	Rr	2297	0.422	2015	06	28
W	Rr	1556	0.286	2015	06	21
W	Rr	1380	0.253	2015	06	14
W	Rr	2013	0.370	2015	06	07
W	Rr	1651	0.303	2015	05	31
W	Rr	1224	0.225	2015	05	24
W	Rr	1355	0.249	2015	05	17
W	Rr	1179	0.216	2015	05	10
W	Rr	1436	0.264	2015	05	03
W	Rr	1671	0.307	2015	04	26
W	Rr	1878	0.345	2015	04	19
W	Rr	2326	0.427	2015	04	12
W	Rr	2636	0.484	2015	04	05
W	Rr	2297	0.422	2015	03	29
W	Rr	1237	0.227	2015	03	22
W	Rr	1453	0.267	2015	03	15
W	Rr	1399	0.257	2015	03	08
W	Rr	1287	0.236	2015	03	01
W	Rr	1249	0.229	2015	02	22
W	Rr	1373	0.252	2015	02	15
W	Rr	1790	0.329	2015	02	08
W	Rr	1672	0.307	2015	02	01
W	Rr	1543	0.283	2015	01	25
W	Rr	1463	0.269	2015	01	18
W	Rr	1696	0.311	2015	01	11
W	Rr	1707	0.313	2015	01	04
W	Rr	1833	0.337	2014	12	28
W	Rr	1335	0.245	2014	12	21
W	Rr	1644	0.302	2014	12	14
W	Rr	1541	0.283	2014	12	07
W	Rr	1335	0.245	2014	11	30
W	Rr	1262	0.232	2014	11	23
W	Rr	2009	0.369	2014	11	16
W	Rr	1566	0.288	2014	11	09
W	Rr	1814	0.333	2014	11	02
W	Rr	1452	0.267	2014	10	26
W	Rr	1642	0.301	2014	10	19
W	Rr	1795	0.330	2014	10	12
W	Rr	1836	0.337	2014	10	05
W	Rr	1662	0.305	2014	09	28
W	Rr	1843	0.338	2014	09	21
W	Rr	1678	0.308	2014	09	14
W	Rr	1598	0.293	2014	09	07
W	Rr	1418	0.260	2014	08	31
W	Rr	1584	0.291	2014	08	24
W	Rr	1571	0.288	2014	08	17
W	Rr	1727	0.317	2014	08	10
W	Rr	1927	0.354	2014	08	03
W	Rr	1691	0.310	2014	07	27
W	Rr	1702	0.312	2014	07	20
W	Rr	1624	0.298	2014	07	13
W	Rr	1831	0.336	2014	07	06
W	Rr	1867	0.343	2014	06	29
W	Rr	1927	0.354	2014	06	22
W	Rr	2134	0.392	2014	06	15
W	Rr	4851	0.891	2014	06	08
W	Rr	2293	0.421	2014	06	01
W	Rr	3180	0.584	2014	05	25
W	Rr	1468	0.270	2014	05	18
W	Rr	1808	0.332	2014	05	11
W	Rr	1998	0.367	2014	05	04
W	Rr	1876	0.344	2014	04	27
W	Rr	2330	0.428	2014	04	20
W	Rr	2565	0.471	2014	04	13
W	Rr	2652	0.487	2014	04	06
W	Rr	2574	0.473	2014	03	30
W	Rr	1186	0.218	2014	03	23
W	Rr	1305	0.240	2014	03	16
W	Rr	2273	0.417	2014	03	09
W	Rr	2231	0.410	2014	03	02
W	Rr	1925	0.353	2014	02	23
W	Rr	7060	1.296	2014	02	16
W	Rr	2854	0.524	2014	02	09
W	Rr	3190	0.586	2014	02	02
W	Rr	3743	0.687	2014	01	26
W	Rr	3643	0.669	2014	01	19
W	Rr	2961	0.544	2014	01	12
W	Rr	2319	0.426	2014	01	05
W	Rr	981	0.180	2013	12	29
W	Rr	1108	0.203	2013	12	22
W	Rr	1226	0.225	2013	12	15
W	Rr	1285	0.236	2013	12	08
W	Rr	1289	0.237	2013	12	01
W	Rr	1404	0.258	2013	11	24
W	Rr	1142	0.210	2013	11	17
W	Rr	1334	0.245	2013	11	10
W	Rr	1277	0.234	2013	11	03
W	Rr	1035	0.190	2013	10	27
W	Rr	1309	0.240	2013	10	20
W	Rr	1302	0.239	2013	10	13
W	Rr	1432	0.263	2013	10	06
W	Rr	1178	0.216	2013	09	29
W	Rr	947	0.174	2013	09	22
W	Rr	1254	0.230	2013	09	15
W	Rr	1099	0.202	2013	09	08
W	Rr	1053	0.193	2013	09	01
W	Rr	1010	0.185	2013	08	25
W	Rr	1102	0.202	2013	08	18
W	Rr	1063	0.195	2013	08	11
W	Rr	1105	0.203	2013	08	04
W	Rr	1377	0.253	2013	07	28
W	Rr	1498	0.275	2013	07	21
W	Rr	1295	0.238	2013	07	14
W	Rr	1237	0.227	2013	07	07
W	Rr	1003	0.184	2013	06	30
W	Rr	1275	0.234	2013	06	23
W	Rr	1072	0.197	2013	06	16
W	Rr	1249	0.229	2013	06	09
W	Rr	1521	0.279	2013	06	02
W	Rr	1256	0.231	2013	05	26
W	Rr	1091	0.200	2013	05	19
W	Rr	1359	0.250	2013	05	12
W	Rr	1130	0.207	2013	05	05
W	Rr	1215	0.223	2013	04	28
W	Rr	1368	0.251	2013	04	21
W	Rr	1318	0.242	2013	04	14
W	Rr	1408	0.259	2013	04	07
W	Rr	1277	0.234	2013	03	31
W	Rr	1452	0.267	2013	03	24
W	Rr	1418	0.260	2013	03	17
W	Rr	1217	0.223	2013	03	10
W	Rr	1490	0.274	2013	03	03
W	Rr	1353	0.248	2013	02	24
W	Rr	1268	0.233	2013	02	17
W	Rr	1274	0.234	2013	02	10
W	Rr	1153	0.212	2013	02	03
W	Rr	1266	0.232	2013	01	27
W	Rr	1271	0.233	2013	01	20
W	Rr	1449	0.266	2013	01	13
W	Rr	1253	0.230	2013	01	06
W	Rr	1309	0.240	2012	12	30
W	Rr	1156	0.212	2012	12	23
W	Rr	1336	0.245	2012	12	16
W	Rr	1575	0.289	2012	12	09
W	Rr	1087	0.200	2012	12	02
W	Rr	1376	0.253	2012	11	25
W	Rr	1136	0.209	2012	11	18
W	Rr	1341	0.246	2012	11	11
W	Rr	1418	0.260	2012	11	04
W	Rr	1103	0.203	2012	10	28
W	Rr	1200	0.220	2012	10	21
W	Rr	1382	0.254	2012	10	14
W	Rr	1127	0.207	2012	10	07
W	Rr	1187	0.218	2012	09	30
W	Rr	1172	0.215	2012	09	23
W	Rr	1034	0.190	2012	09	16
W	Rr	944	0.173	2012	09	09
W	Rr	958	0.176	2012	09	02
W	Rr	734	0.135	2012	08	26
W	Rr	881	0.162	2012	08	19
W	Rr	874	0.160	2012	08	12
W	Rr	973	0.179	2012	08	05
W	Rr	1010	0.185	2012	07	29
W	Rr	943	0.173	2012	07	22
W	Rr	1089	0.200	2012	07	15
W	Rr	888	0.163	2012	07	08
W	Rr	845	0.155	2012	07	01
W	Rr	1070	0.196	2012	06	24
W	Rr	1050	0.193	2012	06	17
W	Rr	1271	0.233	2012	06	10
W	Rr	957	0.176	2012	06	03
W	Rr	1249	0.229	2012	05	27
W	Rr	1055	0.194	2012	05	20
W	Rr	1392	0.256	2012	05	13
W	Rr	1140	0.209	2012	05	06
W	Rr	1807	0.332	2012	04	29
W	Rr	1225	0.225	2012	04	22
W	Rr	1264	0.232	2012	04	15
W	Rr	1075	0.197	2012	04	08
W	Rr	1261	0.232	2012	04	01
W	Rr	1345	0.247	2012	03	25
W	Rr	1254	0.230	2012	03	18
W	Rr	1478	0.271	2012	03	11
W	Rr	1503	0.276	2012	03	04
W	Rr	1532	0.281	2012	02	26
W	Rr	1464	0.269	2012	02	19
W	Rr	1154	0.212	2012	02	12
W	Rr	1240	0.228	2012	02	05
W	Rr	1088	0.200	2012	01	29
W	Rr	1125	0.207	2012	01	22
W	Rr	60	0.011	2012	01	15
W	Rr	1472	0.270	2012	01	08
W	Rr	1122	0.206	2012	01	01
W	Rr	888	0.163	2011	12	25
W	Rr	1360	0.250	2011	12	18
W	Rr	1486	0.273	2011	12	11
W	Rr	1330	0.244	2011	12	04
W	Rr	1094	0.201	2011	11	27
W	Rr	1062	0.195	2011	11	20
W	Rr	1123	0.206	2011	11	13
W	Rr	975	0.179	2011	11	06
W	Rr	1264	0.232	2011	10	30
W	Rr	1140	0.209	2011	10	23
W	Rr	1211	0.222	2011	10	16
W	Rr	1236	0.227	2011	10	09
W	Rr	1128	0.207	2011	10	02
W	Rr	1083	0.199	2011	09	25
W	Rr	1451	0.266	2011	09	18
W	Rr	1278	0.235	2011	09	11
W	Rr	1219	0.224	2011	09	04
W	Rr	1316	0.242	2011	08	28
W	Rr	1119	0.205	2011	08	21
W	Rr	1484	0.272	2011	08	14
W	Rr	1671	0.307	2011	08	07
W	Rr	1319	0.242	2011	07	31
W	Rr	1197	0.220	2011	07	24
W	Rr	1504	0.276	2011	07	17
W	Rr	1367	0.251	2011	07	10
W	Rr	1205	0.221	2011	07	03
W	Rr	1333	0.245	2011	06	26
W	Rr	1059	0.194	2011	06	19
W	Rr	1353	0.248	2011	06	12
W	Rr	1275	0.234	2011	06	05
W	Rr	983	0.180	2011	05	29
W	Rr	1262	0.232	2011	05	22
W	Rr	1374	0.252	2011	05	15
W	Rr	1076	0.198	2011	05	08
W	Rr	0	0.000	2011	05	01
W	Rr	0	0.000	2011	04	24
W	Rr	0	0.000	2011	04	17
W	Rr	0	0.000	2011	04	10
W	Rr	0	0.000	2011	04	03
W	Rr	0	0.000	2011	03	27
W	Rr	24	0.004	2011	03	20
W	Rr	1317	0.242	2011	03	13
W	Rr	1258	0.231	2011	03	06
W	Rr	1372	0.252	2011	02	27
W	Rr	1226	0.225	2011	02	20
W	Rr	1524	0.280	2011	02	13
W	Rr	1366	0.251	2011	02	06
W	Rr	958	0.176	2011	01	30
W	Rr	1273	0.234	2011	01	23
W	Rr	1560	0.286	2011	01	16
W	Rr	1472	0.270	2011	01	09
W	Rr	1310	0.241	2011	01	02
W	Rr	798	0.147	2010	12	26
W	Rr	935	0.172	2010	12	19
W	Rr	0	0.000	2010	12	12
W	Rr	0	0.000	2010	12	05
W	Rr	0	0.000	2010	11	28
W	Rr	0	0.000	2010	11	21
W	Rr	0	0.000	2010	11	14
W	Rr	0	0.000	2010	11	07
W	Rr	0	0.000	2010	10	31
W	Rr	0	0.000	2010	10	24
W	Rr	0	0.000	2010	10	17
W	Rr	0	0.000	2010	10	10
W	Rr	0	0.000	2010	10	03
W	Rr	0	0.000	2010	09	26
W	Rr	0	0.000	2010	09	19
W	Rr	0	0.000	2010	09	12
W	Rr	0	0.000	2010	09	05
W	Rr	0	0.000	2010	08	29
W	Rr	0	0.000	2010	08	22
W	Rr	0	0.000	2010	08	15
W	Rr	0	0.000	2010	08	08
W	Rr	0	0.000	2010	08	01
W	Rr	0	0.000	2010	07	25
W	Rr	0	0.000	2010	07	18
W	Rr	0	0.000	2010	07	11
W	Rr	0	0.000	2010	07	04
W	Rr	15	0.003	2010	06	27
W	Rr	914	0.168	2010	06	20
W	Rr	1104	0.203	2010	06	13
W	Rr	1096	0.201	2010	06	06
W	Rr	1171	0.215	2010	05	30
W	Rr	1115	0.205	2010	05	23
W	Rr	1170	0.215	2010	05	16
W	Rr	1334	0.245	2010	05	09
W	Rr	1109	0.204	2010	05	02
W	Rr	1067	0.196	2010	04	25
W	Rr	1212	0.223	2010	04	18
W	Rr	1054	0.194	2010	04	11
W	Rr	1325	0.243	2010	04	04
W	Rr	811	0.149	2010	03	28
W	Rr	1195	0.219	2010	03	21
W	Rr	1338	0.246	2010	03	14
W	Rr	1113	0.204	2010	03	07
W	Rr	1103	0.203	2010	02	28
W	Rr	1290	0.237	2010	02	21
W	Rr	0	0.000	2010	02	14
W	Rr	0	0.000	2010	02	07
W	Rr	0	0.000	2010	01	31
W	Rr	0	0.000	2010	01	24
W	Rr	0	0.000	2010	01	17
W	Rr	0	0.000	2010	01	10
W	Rr	0	0.000	2010	01	03
W	Rr	78	0.014	2009	12	27
W	Rr	945	0.173	2009	12	20
W	Rr	1140	0.209	2009	12	13
W	Rr	1323	0.243	2009	12	06
W	Rr	1518	0.279	2009	11	29
W	Rr	1352	0.248	2009	11	22
W	Rr	1346	0.247	2009	11	15
W	Rr	1416	0.260	2009	11	08
W	Rr	1734	0.318	2009	11	01
W	Rr	1035	0.190	2009	10	25
W	Rr	1297	0.238	2009	10	18
W	Rr	1267	0.233	2009	10	11
W	Rr	1440	0.264	2009	10	04
W	Rr	1521	0.279	2009	09	27
W	Rr	1121	0.206	2009	09	20
W	Rr	875	0.161	2009	09	13
W	Rr	1032	0.189	2009	09	06
W	Rr	1283	0.236	2009	08	30
W	Rr	1214	0.223	2009	08	23
W	Rr	1402	0.257	2009	08	16
W	Rr	1260	0.231	2009	08	09
W	Rr	1404	0.258	2009	08	02
W	Rr	1380	0.253	2009	07	26
W	Rr	1470	0.270	2009	07	19
W	Rr	1750	0.321	2009	07	12
W	Rr	1847	0.339	2009	07	05
W	Rr	1889	0.347	2009	06	28
W	Rr	1312	0.241	2009	06	21
W	Rr	1093	0.201	2009	06	14
W	Rr	1363	0.250	2009	06	07
W	Rr	1251	0.230	2009	05	31
W	Rr	1352	0.248	2009	05	24
W	Rr	1133	0.208	2009	05	17
W	Rr	1887	0.346	2009	05	10
W	Rr	1369	0.251	2009	05	03
W	Rr	1089	0.200	2009	04	26
W	Rr	1160	0.213	2009	04	19
W	Rr	1189	0.218	2009	04	12
W	Rr	1529	0.281	2009	04	05
W	Rr	1155	0.212	2009	03	29
W	Rr	1230	0.226	2009	03	22
W	Rr	1029	0.189	2009	03	15
W	Rr	1234	0.227	2009	03	08
W	Rr	1486	0.273	2009	03	01
W	Rr	1470	0.270	2009	02	22
W	Rr	1198	0.220	2009	02	15
W	Rr	1802	0.331	2009	02	08
W	Rr	1653	0.303	2009	02	01
W	Rr	1346	0.247	2009	01	25
W	Rr	1431	0.263	2009	01	18
W	Rr	1678	0.308	2009	01	11
W	Rr	1591	0.292	2009	01	04
W	Rr	886	0.163	2008	12	28
W	Rr	1148	0.211	2008	12	21
W	Rr	1428	0.262	2008	12	14
W	Rr	1508	0.277	2008	12	07
W	Rr	1194	0.219	2008	11	30
W	Rr	1070	0.196	2008	11	23
W	Rr	1396	0.256	2008	11	16
W	Rr	1255	0.230	2008	11	09
W	Rr	1314	0.241	2008	11	02
W	Rr	1397	0.256	2008	10	26
W	Rr	1638	0.301	2008	10	19
W	Rr	1298	0.238	2008	10	12
W	Rr	430	0.079	2008	10	05
W	Rr	723	0.133	2008	09	28
W	Rr	1308	0.240	2008	09	21
W	Rr	1242	0.228	2008	09	14
W	Rr	1409	0.259	2008	09	07
W	Rr	1142	0.210	2008	08	31
W	Rr	1022	0.188	2008	08	24
W	Rr	1062	0.195	2008	08	17
W	Rr	1188	0.218	2008	08	10
W	Rr	1232	0.226	2008	08	03
W	Rr	1050	0.193	2008	07	27
W	Rr	1272	0.234	2008	07	20
W	Rr	1305	0.240	2008	07	13
W	Rr	1093	0.201	2008	07	06
W	Rr	1182	0.217	2008	06	29
W	Rr	1937	0.356	2008	06	22
W	Rr	1493	0.274	2008	06	15
W	Rr	1083	0.199	2008	06	08
W	Rr	1283	0.236	2008	06	01
W	Rr	1432	0.263	2008	05	25
W	Rr	1726	0.317	2008	05	18
W	Rr	1580	0.290	2008	05	11
W	Rr	2661	0.489	2008	05	04
W	Rr	3648	0.670	2008	04	27
W	Rr	1400	0.257	2008	04	20
W	Rr	1365	0.251	2008	04	13
W	Rr	1213	0.223	2008	04	06
W	Rr	1670	0.307	2008	03	30
W	Rr	1211	0.222	2008	03	23
W	Rr	1144	0.210	2008	03	16
W	Rr	1301	0.239	2008	03	09
W	Rr	1292	0.237	2008	03	02
W	Rr	1427	0.262	2008	02	24
W	Rr	2207	0.405	2008	02	17
W	Rr	1124	0.206	2008	02	10
W	Rr	1561	0.287	2008	02	03
W	Rr	1533	0.281	2008	01	27
W	Rr	1389	0.255	2008	01	20
W	Rr	1133	0.208	2008	01	13
W	Rr	1404	0.258	2008	01	06
W	Rr	976	0.179	2007	12	30
W	Rr	801	0.147	2007	12	23
W	Rr	675	0.124	2007	12	16
W	*BT	R	7060	2014	02	16
D	Rr	50	0.009	2016	01	24
D	Rr	160	0.029	2016	01	23
D	Rr	229	0.042	2016	01	22
D	Rr	325	0.060	2016	01	21
D	Rr	167	0.031	2016	01	20
D	Rr	233	0.043	2016	01	19
D	Rr	246	0.045	2016	01	18
D	Rr	116	0.021	2016	01	17
D	Rr	215	0.039	2016	01	16
D	Rr	214	0.039	2016	01	15
D	Rr	362	0.066	2016	01	14
D	Rr	261	0.048	2016	01	13
D	Rr	225	0.041	2016	01	12
D	Rr	135	0.025	2016	01	11
D	Rr	151	0.028	2016	01	10
D	Rr	167	0.031	2016	01	09
D	Rr	264	0.048	2016	01	08
D	Rr	209	0.038	2016	01	07
D	Rr	243	0.045	2016	01	06
D	Rr	158	0.029	2016	01	05
D	Rr	192	0.035	2016	01	04
D	Rr	148	0.027	2016	01	03
D	Rr	157	0.029	2016	01	02
D	Rr	179	0.033	2016	01	01
D	Rr	193	0.035	2015	12	31
D	Rr	294	0.054	2015	12	30
D	Rr	151	0.028	2015	12	29
D	Rr	156	0.029	2015	12	28
D	Rr	143	0.026	2015	12	27
D	Rr	144	0.026	2015	12	26
D	Rr	113	0.021	2015	12	25
D	Rr	144	0.026	2015	12	24
D	Rr	148	0.027	2015	12	23
D	Rr	146	0.027	2015	12	22
D	Rr	240	0.044	2015	12	21
D	Rr	149	0.027	2015	12	20
D	Rr	166	0.030	2015	12	19
D	Rr	214	0.039	2015	12	18
D	Rr	230	0.042	2015	12	17
D	Rr	211	0.039	2015	12	16
D	Rr	204	0.037	2015	12	15
D	Rr	213	0.039	2015	12	14
D	*BT	R	2131	2008	05	03
d	Rr	57397	10.538	Sun
d	Rr	84357	15.488	Mon
d	Rr	88634	16.273	Tue
d	Rr	84986	15.603	Wed
d	Rr	86840	15.943	Thu
d	Rr	79594	14.613	Fri
d	Rr	62866	11.542	Sat
H	Rr	15	0.003	2016	01	24	05
H	Rr	2	0.000	2016	01	24	04
H	Rr	11	0.002	2016	01	24	03
H	Rr	12	0.002	2016	01	24	02
H	Rr	6	0.001	2016	01	24	01
H	Rr	4	0.001	2016	01	24	00
H	Rr	4	0.001	2016	01	23	23
H	Rr	6	0.001	2016	01	23	22
H	Rr	7	0.001	2016	01	23	21
H	Rr	7	0.001	2016	01	23	20
H	Rr	10	0.002	2016	01	23	19
H	Rr	10	0.002	2016	01	23	18
H	Rr	1	0.000	2016	01	23	17
H	Rr	2	0.000	2016	01	23	16
H	Rr	13	0.002	2016	01	23	15
H	Rr	8	0.001	2016	01	23	14
H	Rr	16	0.003	2016	01	23	13
H	Rr	10	0.002	2016	01	23	12
H	Rr	3	0.001	2016	01	23	11
H	Rr	2	0.000	2016	01	23	10
H	Rr	3	0.001	2016	01	23	09
H	Rr	1	0.000	2016	01	23	08
H	Rr	7	0.001	2016	01	23	07
H	Rr	7	0.001	2016	01	23	06
H	Rr	7	0.001	2016	01	23	05
H	Rr	6	0.001	2016	01	23	04
H	Rr	10	0.002	2016	01	23	03
H	Rr	4	0.001	2016	01	23	02
H	Rr	8	0.001	2016	01	23	01
H	Rr	8	0.001	2016	01	23	00
H	Rr	4	0.001	2016	01	22	23
H	Rr	11	0.002	2016	01	22	22
H	Rr	5	0.001	2016	01	22	21
H	Rr	28	0.005	2016	01	22	20
H	Rr	26	0.005	2016	01	22	19
H	Rr	24	0.004	2016	01	22	18
H	Rr	6	0.001	2016	01	22	17
H	Rr	9	0.002	2016	01	22	16
H	Rr	9	0.002	2016	01	22	15
H	Rr	3	0.001	2016	01	22	14
H	Rr	3	0.001	2016	01	22	13
H	Rr	5	0.001	2016	01	22	12
H	Rr	2	0.000	2016	01	22	11
H	Rr	7	0.001	2016	01	22	10
H	Rr	1	0.000	2016	01	22	09
H	Rr	10	0.002	2016	01	22	08
H	Rr	28	0.005	2016	01	22	07
H	Rr	0	0.000	2016	01	22	06
H	Rr	1	0.000	2016	01	22	05
H	Rr	3	0.001	2016	01	22	04
H	Rr	2	0.000	2016	01	22	03
H	Rr	10	0.002	2016	01	22	02
H	Rr	8	0.001	2016	01	22	01
H	Rr	24	0.004	2016	01	22	00
H	Rr	1	0.000	2016	01	21	23
H	Rr	7	0.001	2016	01	21	22
H	Rr	38	0.007	2016	01	21	21
H	Rr	10	0.002	2016	01	21	20
H	Rr	38	0.007	2016	01	21	19
H	Rr	31	0.006	2016	01	21	18
H	Rr	0	0.000	2016	01	21	17
H	Rr	19	0.003	2016	01	21	16
H	Rr	1	0.000	2016	01	21	15
H	Rr	11	0.002	2016	01	21	14
H	Rr	4	0.001	2016	01	21	13
H	Rr	8	0.001	2016	01	21	12
H	Rr	5	0.001	2016	01	21	11
H	Rr	4	0.001	2016	01	21	10
H	Rr	1	0.000	2016	01	21	09
H	Rr	4	0.001	2016	01	21	08
H	Rr	23	0.004	2016	01	21	07
H	Rr	2	0.000	2016	01	21	06
H	*BT	R	634	2008	05	03	04
h	Rr	22264	4.088	00
h	Rr	21389	3.927	01
h	Rr	21158	3.885	02
h	Rr	19996	3.671	03
h	Rr	20322	3.731	04
h	Rr	19113	3.509	05
h	Rr	18225	3.346	06
h	Rr	18112	3.325	07
h	Rr	17412	3.197	08
h	Rr	16684	3.063	09
h	Rr	16585	3.045	10
h	Rr	18001	3.305	11
h	Rr	19013	3.491	12
h	Rr	20770	3.813	13
h	Rr	23922	4.392	14
h	Rr	26226	4.815	15
h	Rr	29137	5.349	16
h	Rr	28971	5.319	17
h	Rr	30886	5.671	18
h	Rr	30034	5.514	19
h	Rr	29283	5.376	20
h	Rr	28126	5.164	21
h	Rr	25486	4.679	22
h	Rr	23559	4.325	23
4	Rr	3	0.001	2016	01	24	05	45
4	Rr	2	0.000	2016	01	24	05	30
4	Rr	10	0.002	2016	01	24	05	15
4	Rr	0	0.000	2016	01	24	05	00
4	Rr	0	0.000	2016	01	24	04	45
4	Rr	1	0.000	2016	01	24	04	30
4	Rr	1	0.000	2016	01	24	04	15
4	Rr	0	0.000	2016	01	24	04	00
4	Rr	2	0.000	2016	01	24	03	45
4	Rr	1	0.000	2016	01	24	03	30
4	Rr	8	0.001	2016	01	24	03	15
4	Rr	0	0.000	2016	01	24	03	00
4	Rr	4	0.001	2016	01	24	02	45
4	Rr	3	0.001	2016	01	24	02	30
4	Rr	4	0.001	2016	01	24	02	15
4	Rr	1	0.000	2016	01	24	02	00
4	Rr	2	0.000	2016	01	24	01	45
4	Rr	1	0.000	2016	01	24	01	30
4	Rr	3	0.001	2016	01	24	01	15
4	Rr	0	0.000	2016	01	24	01	00
4	Rr	2	0.000	2016	01	24	00	45
4	Rr	1	0.000	2016	01	24	00	30
4	Rr	1	0.000	2016	01	24	00	15
4	Rr	0	0.000	2016	01	24	00	00
4	Rr	1	0.000	2016	01	23	23	45
4	Rr	0	0.000	2016	01	23	23	30
4	Rr	2	0.000	2016	01	23	23	15
4	Rr	1	0.000	2016	01	23	23	00
4	Rr	3	0.001	2016	01	23	22	45
4	Rr	0	0.000	2016	01	23	22	30
4	Rr	1	0.000	2016	01	23	22	15
4	Rr	2	0.000	2016	01	23	22	00
4	Rr	5	0.001	2016	01	23	21	45
4	Rr	1	0.000	2016	01	23	21	30
4	Rr	0	0.000	2016	01	23	21	15
4	Rr	1	0.000	2016	01	23	21	00
4	Rr	0	0.000	2016	01	23	20	45
4	Rr	2	0.000	2016	01	23	20	30
4	Rr	4	0.001	2016	01	23	20	15
4	Rr	1	0.000	2016	01	23	20	00
4	Rr	2	0.000	2016	01	23	19	45
4	Rr	0	0.000	2016	01	23	19	30
4	Rr	6	0.001	2016	01	23	19	15
4	Rr	2	0.000	2016	01	23	19	00
4	Rr	1	0.000	2016	01	23	18	45
4	Rr	3	0.001	2016	01	23	18	30
4	Rr	0	0.000	2016	01	23	18	15
4	Rr	6	0.001	2016	01	23	18	00
4	Rr	0	0.000	2016	01	23	17	45
4	Rr	0	0.000	2016	01	23	17	30
4	Rr	1	0.000	2016	01	23	17	15
4	Rr	0	0.000	2016	01	23	17	00
4	Rr	0	0.000	2016	01	23	16	45
4	Rr	1	0.000	2016	01	23	16	30
4	Rr	1	0.000	2016	01	23	16	15
4	Rr	0	0.000	2016	01	23	16	00
4	Rr	1	0.000	2016	01	23	15	45
4	Rr	1	0.000	2016	01	23	15	30
4	Rr	9	0.002	2016	01	23	15	15
4	Rr	2	0.000	2016	01	23	15	00
4	Rr	1	0.000	2016	01	23	14	45
4	Rr	1	0.000	2016	01	23	14	30
4	Rr	3	0.001	2016	01	23	14	15
4	Rr	3	0.001	2016	01	23	14	00
4	Rr	1	0.000	2016	01	23	13	45
4	Rr	1	0.000	2016	01	23	13	30
4	Rr	0	0.000	2016	01	23	13	15
4	Rr	14	0.003	2016	01	23	13	00
4	Rr	0	0.000	2016	01	23	12	45
4	Rr	9	0.002	2016	01	23	12	30
4	Rr	0	0.000	2016	01	23	12	15
4	Rr	1	0.000	2016	01	23	12	00
4	Rr	2	0.000	2016	01	23	11	45
4	Rr	0	0.000	2016	01	23	11	30
4	Rr	1	0.000	2016	01	23	11	15
4	Rr	0	0.000	2016	01	23	11	00
4	Rr	0	0.000	2016	01	23	10	45
4	Rr	0	0.000	2016	01	23	10	30
4	Rr	1	0.000	2016	01	23	10	15
4	Rr	1	0.000	2016	01	23	10	00
4	Rr	0	0.000	2016	01	23	09	45
4	Rr	2	0.000	2016	01	23	09	30
4	Rr	1	0.000	2016	01	23	09	15
4	Rr	0	0.000	2016	01	23	09	00
4	Rr	0	0.000	2016	01	23	08	45
4	Rr	0	0.000	2016	01	23	08	30
4	Rr	1	0.000	2016	01	23	08	15
4	Rr	0	0.000	2016	01	23	08	00
4	Rr	1	0.000	2016	01	23	07	45
4	Rr	6	0.001	2016	01	23	07	30
4	Rr	0	0.000	2016	01	23	07	15
4	Rr	0	0.000	2016	01	23	07	00
4	Rr	1	0.000	2016	01	23	06	45
4	Rr	2	0.000	2016	01	23	06	30
4	Rr	2	0.000	2016	01	23	06	15
4	Rr	2	0.000	2016	01	23	06	00
4	*BT	R	398	2008	05	03	03	30
6	Rr	5343	0.981	00	00
6	Rr	5713	1.049	00	15
6	Rr	5514	1.012	00	30
6	Rr	5694	1.045	00	45
6	Rr	5576	1.024	01	00
6	Rr	5332	0.979	01	15
6	Rr	5214	0.957	01	30
6	Rr	5267	0.967	01	45
6	Rr	4983	0.915	02	00
6	Rr	5674	1.042	02	15
6	Rr	5442	0.999	02	30
6	Rr	5059	0.929	02	45
6	Rr	4908	0.901	03	00
6	Rr	4658	0.855	03	15
6	Rr	5046	0.926	03	30
6	Rr	5384	0.988	03	45
6	Rr	4929	0.905	04	00
6	Rr	5329	0.978	04	15
6	Rr	4671	0.858	04	30
6	Rr	5393	0.990	04	45
6	Rr	4626	0.849	05	00
6	Rr	4904	0.900	05	15
6	Rr	4838	0.888	05	30
6	Rr	4745	0.871	05	45
6	Rr	4726	0.868	06	00
6	Rr	4749	0.872	06	15
6	Rr	4349	0.798	06	30
6	Rr	4401	0.808	06	45
6	Rr	4626	0.849	07	00
6	Rr	4722	0.867	07	15
6	Rr	4592	0.843	07	30
6	Rr	4172	0.766	07	45
6	Rr	4564	0.838	08	00
6	Rr	4117	0.756	08	15
6	Rr	4515	0.829	08	30
6	Rr	4216	0.774	08	45
6	Rr	4172	0.766	09	00
6	Rr	4374	0.803	09	15
6	Rr	4178	0.767	09	30
6	Rr	3960	0.727	09	45
6	Rr	3953	0.726	10	00
6	Rr	4009	0.736	10	15
6	Rr	4253	0.781	10	30
6	Rr	4370	0.802	10	45
6	Rr	5538	1.017	11	00
6	Rr	4297	0.789	11	15
6	Rr	4057	0.745	11	30
6	Rr	4109	0.754	11	45
6	Rr	5508	1.011	12	00
6	Rr	4297	0.789	12	15
6	Rr	4544	0.834	12	30
6	Rr	4664	0.856	12	45
6	Rr	5202	0.955	13	00
6	Rr	5029	0.923	13	15
6	Rr	5502	1.010	13	30
6	Rr	5037	0.925	13	45
6	Rr	5822	1.069	14	00
6	Rr	6027	1.107	14	15
6	Rr	6072	1.115	14	30
6	Rr	6001	1.102	14	45
6	Rr	6484	1.190	15	00
6	Rr	6145	1.128	15	15
6	Rr	6564	1.205	15	30
6	Rr	7033	1.291	15	45
6	Rr	7281	1.337	16	00
6	Rr	7003	1.286	16	15
6	Rr	7207	1.323	16	30
6	Rr	7646	1.404	16	45
6	Rr	6944	1.275	17	00
6	Rr	7477	1.373	17	15
6	Rr	7195	1.321	17	30
6	Rr	7355	1.350	17	45
6	Rr	7065	1.297	18	00
6	Rr	7871	1.445	18	15
6	Rr	8062	1.480	18	30
6	Rr	7888	1.448	18	45
6	Rr	8646	1.587	19	00
6	Rr	6578	1.208	19	15
6	Rr	7540	1.384	19	30
6	Rr	7270	1.335	19	45
6	Rr	7622	1.399	20	00
6	Rr	7022	1.289	20	15
6	Rr	7005	1.286	20	30
6	Rr	7634	1.402	20	45
6	Rr	7241	1.329	21	00
6	Rr	6877	1.263	21	15
6	Rr	6786	1.246	21	30
6	Rr	7222	1.326	21	45
6	Rr	6439	1.182	22	00
6	Rr	6599	1.212	22	15
6	Rr	6258	1.149	22	30
6	Rr	6190	1.136	22	45
6	Rr	6506	1.194	23	00
6	Rr	5901	1.083	23	15
6	Rr	5473	1.005	23	30
6	Rr	5679	1.043	23	45
5	Rr	1	0.000	2016	01	24	05	50
5	Rr	2	0.000	2016	01	24	05	45
5	Rr	0	0.000	2016	01	24	05	40
5	Rr	2	0.000	2016	01	24	05	35
5	Rr	0	0.000	2016	01	24	05	30
5	Rr	4	0.001	2016	01	24	05	25
5	Rr	0	0.000	2016	01	24	05	20
5	Rr	6	0.001	2016	01	24	05	15
5	Rr	0	0.000	2016	01	24	05	10
5	Rr	0	0.000	2016	01	24	05	05
5	Rr	0	0.000	2016	01	24	05	00
5	Rr	0	0.000	2016	01	24	04	55
5	Rr	0	0.000	2016	01	24	04	50
5	Rr	0	0.000	2016	01	24	04	45
5	Rr	0	0.000	2016	01	24	04	40
5	Rr	1	0.000	2016	01	24	04	35
5	Rr	0	0.000	2016	01	24	04	30
5	Rr	0	0.000	2016	01	24	04	25
5	Rr	0	0.000	2016	01	24	04	20
5	Rr	1	0.000	2016	01	24	04	15
5	Rr	0	0.000	2016	01	24	04	10
5	Rr	0	0.000	2016	01	24	04	05
5	Rr	0	0.000	2016	01	24	04	00
5	Rr	0	0.000	2016	01	24	03	55
5	Rr	2	0.000	2016	01	24	03	50
5	Rr	0	0.000	2016	01	24	03	45
5	Rr	1	0.000	2016	01	24	03	40
5	Rr	0	0.000	2016	01	24	03	35
5	Rr	0	0.000	2016	01	24	03	30
5	Rr	1	0.000	2016	01	24	03	25
5	Rr	3	0.001	2016	01	24	03	20
5	Rr	4	0.001	2016	01	24	03	15
5	Rr	0	0.000	2016	01	24	03	10
5	Rr	0	0.000	2016	01	24	03	05
5	Rr	0	0.000	2016	01	24	03	00
5	Rr	0	0.000	2016	01	24	02	55
5	Rr	1	0.000	2016	01	24	02	50
5	Rr	3	0.001	2016	01	24	02	45
5	Rr	1	0.000	2016	01	24	02	40
5	Rr	0	0.000	2016	01	24	02	35
5	Rr	2	0.000	2016	01	24	02	30
5	Rr	0	0.000	2016	01	24	02	25
5	Rr	0	0.000	2016	01	24	02	20
5	Rr	4	0.001	2016	01	24	02	15
5	Rr	1	0.000	2016	01	24	02	10
5	Rr	0	0.000	2016	01	24	02	05
5	Rr	0	0.000	2016	01	24	02	00
5	Rr	1	0.000	2016	01	24	01	55
5	Rr	0	0.000	2016	01	24	01	50
5	Rr	1	0.000	2016	01	24	01	45
5	Rr	1	0.000	2016	01	24	01	40
5	Rr	0	0.000	2016	01	24	01	35
5	Rr	0	0.000	2016	01	24	01	30
5	Rr	2	0.000	2016	01	24	01	25
5	Rr	1	0.000	2016	01	24	01	20
5	Rr	0	0.000	2016	01	24	01	15
5	Rr	0	0.000	2016	01	24	01	10
5	Rr	0	0.000	2016	01	24	01	05
5	Rr	0	0.000	2016	01	24	01	00
5	Rr	1	0.000	2016	01	24	00	55
5	Rr	1	0.000	2016	01	24	00	50
5	Rr	0	0.000	2016	01	24	00	45
5	Rr	0	0.000	2016	01	24	00	40
5	Rr	1	0.000	2016	01	24	00	35
5	Rr	0	0.000	2016	01	24	00	30
5	Rr	0	0.000	2016	01	24	00	25
5	Rr	1	0.000	2016	01	24	00	20
5	Rr	0	0.000	2016	01	24	00	15
5	Rr	0	0.000	2016	01	24	00	10
5	Rr	0	0.000	2016	01	24	00	05
5	Rr	0	0.000	2016	01	24	00	00
5	Rr	0	0.000	2016	01	23	23	55
5	Rr	0	0.000	2016	01	23	23	50
5	Rr	1	0.000	2016	01	23	23	45
5	Rr	0	0.000	2016	01	23	23	40
5	Rr	0	0.000	2016	01	23	23	35
5	Rr	0	0.000	2016	01	23	23	30
5	Rr	0	0.000	2016	01	23	23	25
5	Rr	1	0.000	2016	01	23	23	20
5	Rr	1	0.000	2016	01	23	23	15
5	Rr	0	0.000	2016	01	23	23	10
5	Rr	0	0.000	2016	01	23	23	05
5	Rr	1	0.000	2016	01	23	23	00
5	Rr	0	0.000	2016	01	23	22	55
5	Rr	2	0.000	2016	01	23	22	50
5	Rr	1	0.000	2016	01	23	22	45
5	Rr	0	0.000	2016	01	23	22	40
5	Rr	0	0.000	2016	01	23	22	35
5	Rr	0	0.000	2016	01	23	22	30
5	Rr	1	0.000	2016	01	23	22	25
5	Rr	0	0.000	2016	01	23	22	20
5	Rr	0	0.000	2016	01	23	22	15
5	Rr	1	0.000	2016	01	23	22	10
5	Rr	1	0.000	2016	01	23	22	05
5	Rr	0	0.000	2016	01	23	22	00
5	Rr	1	0.000	2016	01	23	21	55
5	Rr	0	0.000	2016	01	23	21	50
5	Rr	4	0.001	2016	01	23	21	45
5	Rr	0	0.000	2016	01	23	21	40
5	Rr	0	0.000	2016	01	23	21	35
5	Rr	1	0.000	2016	01	23	21	30
5	Rr	0	0.000	2016	01	23	21	25
5	Rr	0	0.000	2016	01	23	21	20
5	Rr	0	0.000	2016	01	23	21	15
5	Rr	1	0.000	2016	01	23	21	10
5	Rr	0	0.000	2016	01	23	21	05
5	Rr	0	0.000	2016	01	23	21	00
5	Rr	0	0.000	2016	01	23	20	55
5	Rr	0	0.000	2016	01	23	20	50
5	Rr	0	0.000	2016	01	23	20	45
5	Rr	1	0.000	2016	01	23	20	40
5	Rr	1	0.000	2016	01	23	20	35
5	Rr	0	0.000	2016	01	23	20	30
5	Rr	0	0.000	2016	01	23	20	25
5	Rr	4	0.001	2016	01	23	20	20
5	Rr	0	0.000	2016	01	23	20	15
5	Rr	0	0.000	2016	01	23	20	10
5	Rr	0	0.000	2016	01	23	20	05
5	Rr	1	0.000	2016	01	23	20	00
5	Rr	0	0.000	2016	01	23	19	55
5	Rr	0	0.000	2016	01	23	19	50
5	Rr	2	0.000	2016	01	23	19	45
5	Rr	0	0.000	2016	01	23	19	40
5	Rr	0	0.000	2016	01	23	19	35
5	Rr	0	0.000	2016	01	23	19	30
5	Rr	1	0.000	2016	01	23	19	25
5	Rr	0	0.000	2016	01	23	19	20
5	Rr	5	0.001	2016	01	23	19	15
5	Rr	0	0.000	2016	01	23	19	10
5	Rr	1	0.000	2016	01	23	19	05
5	Rr	1	0.000	2016	01	23	19	00
5	Rr	0	0.000	2016	01	23	18	55
5	Rr	0	0.000	2016	01	23	18	50
5	Rr	1	0.000	2016	01	23	18	45
5	Rr	2	0.000	2016	01	23	18	40
5	Rr	0	0.000	2016	01	23	18	35
5	Rr	1	0.000	2016	01	23	18	30
5	Rr	0	0.000	2016	01	23	18	25
5	Rr	0	0.000	2016	01	23	18	20
5	Rr	0	0.000	2016	01	23	18	15
5	Rr	0	0.000	2016	01	23	18	10
5	Rr	0	0.000	2016	01	23	18	05
5	Rr	6	0.001	2016	01	23	18	00
5	Rr	0	0.000	2016	01	23	17	55
5	Rr	0	0.000	2016	01	23	17	50
5	Rr	0	0.000	2016	01	23	17	45
5	Rr	0	0.000	2016	01	23	17	40
5	Rr	0	0.000	2016	01	23	17	35
5	Rr	0	0.000	2016	01	23	17	30
5	Rr	0	0.000	2016	01	23	17	25
5	Rr	1	0.000	2016	01	23	17	20
5	Rr	0	0.000	2016	01	23	17	15
5	Rr	0	0.000	2016	01	23	17	10
5	Rr	0	0.000	2016	01	23	17	05
5	Rr	0	0.000	2016	01	23	17	00
5	Rr	0	0.000	2016	01	23	16	55
5	Rr	0	0.000	2016	01	23	16	50
5	Rr	0	0.000	2016	01	23	16	45
5	Rr	1	0.000	2016	01	23	16	40
5	Rr	0	0.000	2016	01	23	16	35
5	Rr	0	0.000	2016	01	23	16	30
5	Rr	1	0.000	2016	01	23	16	25
5	Rr	0	0.000	2016	01	23	16	20
5	Rr	0	0.000	2016	01	23	16	15
5	Rr	0	0.000	2016	01	23	16	10
5	Rr	0	0.000	2016	01	23	16	05
5	Rr	0	0.000	2016	01	23	16	00
5	Rr	0	0.000	2016	01	23	15	55
5	Rr	0	0.000	2016	01	23	15	50
5	Rr	1	0.000	2016	01	23	15	45
5	Rr	1	0.000	2016	01	23	15	40
5	Rr	0	0.000	2016	01	23	15	35
5	Rr	0	0.000	2016	01	23	15	30
5	Rr	9	0.002	2016	01	23	15	25
5	Rr	0	0.000	2016	01	23	15	20
5	Rr	0	0.000	2016	01	23	15	15
5	Rr	1	0.000	2016	01	23	15	10
5	Rr	0	0.000	2016	01	23	15	05
5	Rr	1	0.000	2016	01	23	15	00
5	Rr	1	0.000	2016	01	23	14	55
5	Rr	0	0.000	2016	01	23	14	50
5	Rr	0	0.000	2016	01	23	14	45
5	Rr	0	0.000	2016	01	23	14	40
5	Rr	0	0.000	2016	01	23	14	35
5	Rr	1	0.000	2016	01	23	14	30
5	Rr	0	0.000	2016	01	23	14	25
5	Rr	0	0.000	2016	01	23	14	20
5	Rr	3	0.001	2016	01	23	14	15
5	Rr	0	0.000	2016	01	23	14	10
5	Rr	3	0.001	2016	01	23	14	05
5	Rr	0	0.000	2016	01	23	14	00
5	Rr	1	0.000	2016	01	23	13	55
5	Rr	0	0.000	2016	01	23	13	50
5	Rr	0	0.000	2016	01	23	13	45
5	Rr	1	0.000	2016	01	23	13	40
5	Rr	0	0.000	2016	01	23	13	35
5	Rr	0	0.000	2016	01	23	13	30
5	Rr	0	0.000	2016	01	23	13	25
5	Rr	0	0.000	2016	01	23	13	20
5	Rr	0	0.000	2016	01	23	13	15
5	Rr	8	0.001	2016	01	23	13	10
5	Rr	6	0.001	2016	01	23	13	05
5	Rr	0	0.000	2016	01	23	13	00
5	Rr	0	0.000	2016	01	23	12	55
5	Rr	0	0.000	2016	01	23	12	50
5	Rr	0	0.000	2016	01	23	12	45
5	Rr	0	0.000	2016	01	23	12	40
5	Rr	0	0.000	2016	01	23	12	35
5	Rr	9	0.002	2016	01	23	12	30
5	Rr	0	0.000	2016	01	23	12	25
5	Rr	0	0.000	2016	01	23	12	20
5	Rr	0	0.000	2016	01	23	12	15
5	Rr	0	0.000	2016	01	23	12	10
5	Rr	0	0.000	2016	01	23	12	05
5	Rr	1	0.000	2016	01	23	12	00
5	Rr	2	0.000	2016	01	23	11	55
5	Rr	0	0.000	2016	01	23	11	50
5	Rr	0	0.000	2016	01	23	11	45
5	Rr	0	0.000	2016	01	23	11	40
5	Rr	0	0.000	2016	01	23	11	35
5	Rr	0	0.000	2016	01	23	11	30
5	Rr	1	0.000	2016	01	23	11	25
5	Rr	0	0.000	2016	01	23	11	20
5	Rr	0	0.000	2016	01	23	11	15
5	Rr	0	0.000	2016	01	23	11	10
5	Rr	0	0.000	2016	01	23	11	05
5	Rr	0	0.000	2016	01	23	11	00
5	Rr	0	0.000	2016	01	23	10	55
5	Rr	0	0.000	2016	01	23	10	50
5	Rr	0	0.000	2016	01	23	10	45
5	Rr	0	0.000	2016	01	23	10	40
5	Rr	0	0.000	2016	01	23	10	35
5	Rr	0	0.000	2016	01	23	10	30
5	Rr	0	0.000	2016	01	23	10	25
5	Rr	1	0.000	2016	01	23	10	20
5	Rr	0	0.000	2016	01	23	10	15
5	Rr	1	0.000	2016	01	23	10	10
5	Rr	0	0.000	2016	01	23	10	05
5	Rr	0	0.000	2016	01	23	10	00
5	Rr	0	0.000	2016	01	23	09	55
5	Rr	0	0.000	2016	01	23	09	50
5	Rr	0	0.000	2016	01	23	09	45
5	Rr	0	0.000	2016	01	23	09	40
5	Rr	1	0.000	2016	01	23	09	35
5	Rr	1	0.000	2016	01	23	09	30
5	Rr	0	0.000	2016	01	23	09	25
5	Rr	1	0.000	2016	01	23	09	20
5	Rr	0	0.000	2016	01	23	09	15
5	Rr	0	0.000	2016	01	23	09	10
5	Rr	0	0.000	2016	01	23	09	05
5	Rr	0	0.000	2016	01	23	09	00
5	Rr	0	0.000	2016	01	23	08	55
5	Rr	0	0.000	2016	01	23	08	50
5	Rr	0	0.000	2016	01	23	08	45
5	Rr	0	0.000	2016	01	23	08	40
5	Rr	0	0.000	2016	01	23	08	35
5	Rr	0	0.000	2016	01	23	08	30
5	Rr	1	0.000	2016	01	23	08	25
5	Rr	0	0.000	2016	01	23	08	20
5	Rr	0	0.000	2016	01	23	08	15
5	Rr	0	0.000	2016	01	23	08	10
5	Rr	0	0.000	2016	01	23	08	05
5	Rr	0	0.000	2016	01	23	08	00
5	Rr	0	0.000	2016	01	23	07	55
5	Rr	0	0.000	2016	01	23	07	50
5	Rr	1	0.000	2016	01	23	07	45
5	Rr	0	0.000	2016	01	23	07	40
5	Rr	0	0.000	2016	01	23	07	35
5	Rr	6	0.001	2016	01	23	07	30
5	Rr	0	0.000	2016	01	23	07	25
5	Rr	0	0.000	2016	01	23	07	20
5	Rr	0	0.000	2016	01	23	07	15
5	Rr	0	0.000	2016	01	23	07	10
5	Rr	0	0.000	2016	01	23	07	05
5	Rr	0	0.000	2016	01	23	07	00
5	Rr	0	0.000	2016	01	23	06	55
5	Rr	1	0.000	2016	01	23	06	50
5	Rr	0	0.000	2016	01	23	06	45
5	Rr	0	0.000	2016	01	23	06	40
5	Rr	2	0.000	2016	01	23	06	35
5	Rr	0	0.000	2016	01	23	06	30
5	Rr	0	0.000	2016	01	23	06	25
5	Rr	1	0.000	2016	01	23	06	20
5	Rr	1	0.000	2016	01	23	06	15
5	Rr	0	0.000	2016	01	23	06	10
5	Rr	2	0.000	2016	01	23	06	05
5	Rr	0	0.000	2016	01	23	06	00
5	Rr	0	0.000	2016	01	23	05	55
5	*BT	R	252	2009	11	23	07	25
7	Rr	1784	0.328	00	00
7	Rr	1956	0.359	00	05
7	Rr	1603	0.294	00	10
7	Rr	1575	0.289	00	15
7	Rr	1987	0.365	00	20
7	Rr	2151	0.395	00	25
7	Rr	1791	0.329	00	30
7	Rr	1859	0.341	00	35
7	Rr	1864	0.342	00	40
7	Rr	1859	0.341	00	45
7	Rr	2126	0.390	00	50
7	Rr	1709	0.314	00	55
7	Rr	1638	0.301	01	00
7	Rr	1838	0.337	01	05
7	Rr	2100	0.386	01	10
7	Rr	1691	0.310	01	15
7	Rr	2017	0.370	01	20
7	Rr	1624	0.298	01	25
7	Rr	1634	0.300	01	30
7	Rr	1800	0.330	01	35
7	Rr	1780	0.327	01	40
7	Rr	1689	0.310	01	45
7	Rr	1625	0.298	01	50
7	Rr	1953	0.359	01	55
7	Rr	1559	0.286	02	00
7	Rr	1686	0.310	02	05
7	Rr	1738	0.319	02	10
7	Rr	2000	0.367	02	15
7	Rr	1755	0.322	02	20
7	Rr	1919	0.352	02	25
7	Rr	1866	0.343	02	30
7	Rr	1964	0.361	02	35
7	Rr	1612	0.296	02	40
7	Rr	1775	0.326	02	45
7	Rr	1502	0.276	02	50
7	Rr	1782	0.327	02	55
7	Rr	1630	0.299	03	00
7	Rr	1611	0.296	03	05
7	Rr	1667	0.306	03	10
7	Rr	1581	0.290	03	15
7	Rr	1650	0.303	03	20
7	Rr	1427	0.262	03	25
7	Rr	1612	0.296	03	30
7	Rr	1649	0.303	03	35
7	Rr	1785	0.328	03	40
7	Rr	1921	0.353	03	45
7	Rr	1679	0.308	03	50
7	Rr	1784	0.328	03	55
7	Rr	1600	0.294	04	00
7	Rr	1566	0.288	04	05
7	Rr	1763	0.324	04	10
7	Rr	1837	0.337	04	15
7	Rr	1924	0.353	04	20
7	Rr	1568	0.288	04	25
7	Rr	1739	0.319	04	30
7	Rr	1434	0.263	04	35
7	Rr	1498	0.275	04	40
7	Rr	2183	0.401	04	45
7	Rr	1646	0.302	04	50
7	Rr	1564	0.287	04	55
7	Rr	1504	0.276	05	00
7	Rr	1358	0.249	05	05
7	Rr	1764	0.324	05	10
7	Rr	1527	0.280	05	15
7	Rr	1685	0.309	05	20
7	Rr	1692	0.311	05	25
7	Rr	1791	0.329	05	30
7	Rr	1674	0.307	05	35
7	Rr	1373	0.252	05	40
7	Rr	1560	0.286	05	45
7	Rr	1583	0.291	05	50
7	Rr	1602	0.294	05	55
7	Rr	1496	0.275	06	00
7	Rr	1612	0.296	06	05
7	Rr	1618	0.297	06	10
7	Rr	1647	0.302	06	15
7	Rr	1614	0.296	06	20
7	Rr	1488	0.273	06	25
7	Rr	1266	0.232	06	30
7	Rr	1363	0.250	06	35
7	Rr	1720	0.316	06	40
7	Rr	1634	0.300	06	45
7	Rr	1407	0.258	06	50
7	Rr	1360	0.250	06	55
7	Rr	1777	0.326	07	00
7	Rr	1396	0.256	07	05
7	Rr	1453	0.267	07	10
7	Rr	1356	0.249	07	15
7	Rr	1617	0.297	07	20
7	Rr	1749	0.321	07	25
7	Rr	1750	0.321	07	30
7	Rr	1440	0.264	07	35
7	Rr	1402	0.257	07	40
7	Rr	1412	0.259	07	45
7	Rr	1379	0.253	07	50
7	Rr	1381	0.254	07	55
7	Rr	1481	0.272	08	00
7	Rr	1574	0.289	08	05
7	Rr	1509	0.277	08	10
7	Rr	1338	0.246	08	15
7	Rr	1300	0.239	08	20
7	Rr	1479	0.272	08	25
7	Rr	1665	0.306	08	30
7	Rr	1427	0.262	08	35
7	Rr	1423	0.261	08	40
7	Rr	1378	0.253	08	45
7	Rr	1365	0.251	08	50
7	Rr	1473	0.270	08	55
7	Rr	1394	0.256	09	00
7	Rr	1468	0.270	09	05
7	Rr	1310	0.241	09	10
7	Rr	1281	0.235	09	15
7	Rr	1515	0.278	09	20
7	Rr	1578	0.290	09	25
7	Rr	1499	0.275	09	30
7	Rr	1275	0.234	09	35
7	Rr	1404	0.258	09	40
7	Rr	1354	0.249	09	45
7	Rr	1242	0.228	09	50
7	Rr	1364	0.250	09	55
7	Rr	1319	0.242	10	00
7	Rr	1259	0.231	10	05
7	Rr	1375	0.252	10	10
7	Rr	1347	0.247	10	15
7	Rr	1247	0.229	10	20
7	Rr	1415	0.260	10	25
7	Rr	1340	0.246	10	30
7	Rr	1369	0.251	10	35
7	Rr	1544	0.283	10	40
7	Rr	1483	0.272	10	45
7	Rr	1413	0.259	10	50
7	Rr	1474	0.271	10	55
7	Rr	2332	0.428	11	00
7	Rr	1814	0.333	11	05
7	Rr	1392	0.256	11	10
7	Rr	1438	0.264	11	15
7	Rr	1436	0.264	11	20
7	Rr	1423	0.261	11	25
7	Rr	1405	0.258	11	30
7	Rr	1209	0.222	11	35
7	Rr	1443	0.265	11	40
7	Rr	1319	0.242	11	45
7	Rr	1392	0.256	11	50
7	Rr	1398	0.257	11	55
7	Rr	2062	0.379	12	00
7	Rr	1767	0.324	12	05
7	Rr	1679	0.308	12	10
7	Rr	1423	0.261	12	15
7	Rr	1407	0.258	12	20
7	Rr	1467	0.269	12	25
7	Rr	1497	0.275	12	30
7	Rr	1420	0.261	12	35
7	Rr	1627	0.299	12	40
7	Rr	1604	0.294	12	45
7	Rr	1491	0.274	12	50
7	Rr	1569	0.288	12	55
7	Rr	1662	0.305	13	00
7	Rr	1779	0.327	13	05
7	Rr	1761	0.323	13	10
7	Rr	1788	0.328	13	15
7	Rr	1584	0.291	13	20
7	Rr	1657	0.304	13	25
7	Rr	1921	0.353	13	30
7	Rr	1867	0.343	13	35
7	Rr	1714	0.315	13	40
7	Rr	1418	0.260	13	45
7	Rr	1724	0.317	13	50
7	Rr	1895	0.348	13	55
7	Rr	1745	0.320	14	00
7	Rr	2095	0.385	14	05
7	Rr	1982	0.364	14	10
7	Rr	1972	0.362	14	15
7	Rr	2097	0.385	14	20
7	Rr	1958	0.359	14	25
7	Rr	2281	0.419	14	30
7	Rr	2049	0.376	14	35
7	Rr	1742	0.320	14	40
7	Rr	1865	0.342	14	45
7	Rr	2001	0.367	14	50
7	Rr	2135	0.392	14	55
7	Rr	2029	0.373	15	00
7	Rr	2343	0.430	15	05
7	Rr	2112	0.388	15	10
7	Rr	2041	0.375	15	15
7	Rr	1905	0.350	15	20
7	Rr	2199	0.404	15	25
7	Rr	2228	0.409	15	30
7	Rr	2148	0.394	15	35
7	Rr	2188	0.402	15	40
7	Rr	2176	0.400	15	45
7	Rr	2407	0.442	15	50
7	Rr	2450	0.450	15	55
7	Rr	2522	0.463	16	00
7	Rr	2537	0.466	16	05
7	Rr	2222	0.408	16	10
7	Rr	2476	0.455	16	15
7	Rr	2328	0.427	16	20
7	Rr	2199	0.404	16	25
7	Rr	2321	0.426	16	30
7	Rr	2452	0.450	16	35
7	Rr	2434	0.447	16	40
7	Rr	2539	0.466	16	45
7	Rr	2571	0.472	16	50
7	Rr	2536	0.466	16	55
7	Rr	2328	0.427	17	00
7	Rr	2304	0.423	17	05
7	Rr	2312	0.424	17	10
7	Rr	2360	0.433	17	15
7	Rr	2598	0.477	17	20
7	Rr	2519	0.462	17	25
7	Rr	2525	0.464	17	30
7	Rr	2462	0.452	17	35
7	Rr	2208	0.405	17	40
7	Rr	2479	0.455	17	45
7	Rr	2604	0.478	17	50
7	Rr	2272	0.417	17	55
7	Rr	2310	0.424	18	00
7	Rr	2148	0.394	18	05
7	Rr	2607	0.479	18	10
7	Rr	2625	0.482	18	15
7	Rr	2483	0.456	18	20
7	Rr	2763	0.507	18	25
7	Rr	2612	0.480	18	30
7	Rr	2716	0.499	18	35
7	Rr	2734	0.502	18	40
7	Rr	2652	0.487	18	45
7	Rr	2623	0.482	18	50
7	Rr	2613	0.480	18	55
7	Rr	3140	0.576	19	00
7	Rr	2833	0.520	19	05
7	Rr	2673	0.491	19	10
7	Rr	2160	0.397	19	15
7	Rr	2310	0.424	19	20
7	Rr	2108	0.387	19	25
7	Rr	2511	0.461	19	30
7	Rr	2700	0.496	19	35
7	Rr	2329	0.428	19	40
7	Rr	2607	0.479	19	45
7	Rr	2337	0.429	19	50
7	Rr	2326	0.427	19	55
7	Rr	2550	0.468	20	00
7	Rr	2617	0.480	20	05
7	Rr	2455	0.451	20	10
7	Rr	2066	0.379	20	15
7	Rr	2468	0.453	20	20
7	Rr	2488	0.457	20	25
7	Rr	2185	0.401	20	30
7	Rr	2267	0.416	20	35
7	Rr	2553	0.469	20	40
7	Rr	2873	0.527	20	45
7	Rr	2404	0.441	20	50
7	Rr	2357	0.433	20	55
7	Rr	2529	0.464	21	00
7	Rr	2257	0.414	21	05
7	Rr	2455	0.451	21	10
7	Rr	2266	0.416	21	15
7	Rr	2105	0.386	21	20
7	Rr	2506	0.460	21	25
7	Rr	2251	0.413	21	30
7	Rr	2283	0.419	21	35
7	Rr	2252	0.413	21	40
7	Rr	2422	0.445	21	45
7	Rr	2525	0.464	21	50
7	Rr	2275	0.418	21	55
7	Rr	2280	0.419	22	00
7	Rr	1998	0.367	22	05
7	Rr	2161	0.397	22	10
7	Rr	2013	0.370	22	15
7	Rr	2382	0.437	22	20
7	Rr	2204	0.405	22	25
7	Rr	2165	0.397	22	30
7	Rr	2170	0.398	22	35
7	Rr	1923	0.353	22	40
7	Rr	1894	0.348	22	45
7	Rr	2098	0.385	22	50
7	Rr	2198	0.404	22	55
7	Rr	2449	0.450	23	00
7	Rr	2068	0.380	23	05
7	Rr	1989	0.365	23	10
7	Rr	2012	0.369	23	15
7	Rr	1971	0.362	23	20
7	Rr	1918	0.352	23	25
7	Rr	1796	0.330	23	30
7	Rr	1893	0.348	23	35
7	Rr	1784	0.328	23	40
7	Rr	1843	0.338	23	45
7	Rr	2061	0.378	23	50
7	Rr	1775	0.326	23	55
o	*f	0R	r
o	lRQ	1	544674	1110047356	[unresolved numerical addresses]
Z	*f	-20R	r
Z	lRb	1	35681	3.047	69
Z	lRb	1	27743	3.304	66.249
Z	lRb	1	13974	2.838	76
Z	lRb	1	11122	3.237	157.55
Z	lRb	1	9217	1.482	74
Z	lRb	1	8513	1.166	75
Z	lRb	1	8424	0.807	46
Z	lRb	1	8238	1.678	72
Z	lRb	1	7956	0.753	71
Z	lRb	1	7866	1.393	65.55
Z	lRb	1	7576	1.208	124
Z	lRb	1	7443	1.546	123
Z	lRb	1	6032	1.439	67.181
Z	lRb	1	5938	1.311	192.99
Z	lRb	1	5936	1.600	91
Z	lRb	1	5892	1.348	94
Z	lRb	1	5860	0.727	95
Z	lRb	1	5711	2.460	70
Z	lRb	1	5703	1.235	207.46
Z	lRb	1	5690	4.889	208.80
Z	lRb	1	344159	62.532	[not listed: 6587]
S	*f	-50P	r
S	Rb	4496	1.031	14.33.246.211
S	Rb	3248	0.684	192.99.15.146
S	Rb	2341	0.378	100.43.83.148
S	Rb	1992	0.190	66.249.75.109
S	Rb	1829	0.413	37.59.14.116
S	Rb	1597	0.361	78.155.138.20
S	Rb	1543	0.204	199.21.99.79
S	Rb	1459	0.029	92.249.127.111
S	Rb	1273	0.379	75.98.173.33
S	Rb	1270	0.180	95.108.248.29
S	Rb	1229	0.320	208.115.113.82
S	Rb	1143	0.104	205.203.134.197
S	Rb	1142	0.002	91.207.9.226
S	Rb	1093	0.042	66.249.69.97
S	Rb	1030	0.038	66.249.69.81
S	Rb	1024	0.205	95.108.150.235
S	Rb	1017	0.039	66.249.69.89
S	Rb	1012	0.227	192.99.6.132
S	Rb	957	0.507	199.21.99.197
S	Rb	951	0.173	66.249.73.133
S	Rb	903	0.281	67.195.112.86
S	Rb	815	0.083	178.63.23.80
S	Rb	796	0.051	66.249.69.192
S	Rb	791	0.179	192.99.7.55
S	Rb	777	0.003	193.150.120.14
S	Rb	736	0.036	66.249.69.176
S	Rb	704	0.003	109.120.157.179
S	Rb	699	0.120	208.115.113.92
S	Rb	698	0.070	220.181.125.162
S	Rb	694	0.107	78.155.138.30
S	Rb	692	0.034	66.249.69.160
S	Rb	664	0.150	94.23.59.173
S	Rb	649	0.147	46.105.74.59
S	Rb	640	0.108	74.84.218.242
S	Rb	627	0.043	66.249.65.205
S	Rb	627	0.033	66.249.65.219
S	Rb	622	0.044	66.249.65.212
S	Rb	612	0.066	66.249.73.80
S	Rb	609	0.138	94.23.215.29
S	Rb	607	0.046	66.249.75.223
S	Rb	603	0.045	66.249.75.215
S	Rb	593	0.048	66.249.75.231
S	Rb	585	0.132	94.23.35.157
S	Rb	584	0.018	195.242.218.133
S	Rb	567	0.002	37.139.52.23
S	Rb	564	0.003	213.110.133.221
S	Rb	545	0.049	95.108.151.244
S	Rb	497	0.109	208.115.111.246
S	Rb	489	0.004	91.207.4.206
S	Rb	480	0.102	151.138.13.244
S	Rb	493559	92.242	[not listed: 47850]
s	*FR	2013	12	18	21	53
s	*LR	2016	01	24	05	45
s	*f	-20R	s
s	lRS	1	55007	508	http://www.gtaeronautics.com/
s	lRS	1	12424	55	http://gtaeronautics.com/
s	lRS	1	1083	9	https://www.google.com/
s	lRS	1	539	9	http://www.mfgpages.com/
s	lRS	1	450	9	http://www.topicway.com/
s	lRS	1	531	8	http://www.openfos.com/
s	lRS	1	653	7	http://www.trainingindustry.com/
s	lRS	1	133	6	http://www.thomasnet.com/
s	lRS	1	1103	3	http://www.google.com/
s	lRS	1	427	2	http://www.baidu.com/
s	lRS	1	217	1	http://www.bing.com/
s	lRS	1	142	1	https://www.google.co.in/
s	lRS	1	362	0	http://semalt.semalt.com/
s	lRS	1	301	0	http://chimiver.info/
s	lRS	1	262	0	http://google.co.jp/
s	lRS	1	234	0	http://www.artparquet.ru/
s	lRS	1	192	0	http://buttons-for-website.com/
s	lRS	1	188	0	http://doska-vsem.ru/
s	lRS	1	149	0	http://pornogig.com/
s	lRS	1	127	0	http://success-seo.com/
s	lRS	1	17273	188	[not listed: 1909]
f	*FR	2013	12	18	21	53
f	*LR	2016	01	24	05	45
f	*f	-30R	s
f	lRS	1	30577	284	http://www.gtaeronautics.com/
f	lRS	1	2857	48	http://www.gtaeronautics.com/aboutus.html
f	lRS	1	8681	40	http://gtaeronautics.com/
f	lRS	1	1488	31	http://www.gtaeronautics.com/uasfc.html
f	lRS	1	437	22	http://www.gtaeronautics.com/indevents.html
f	lRS	1	2925	19	http://www.gtaeronautics.com/UASFC.html
f	lRS	1	1485	17	http://www.gtaeronautics.com/ConsultingA.html
f	lRS	1	1219	12	http://www.gtaeronautics.com/pna.html
f	lRS	1	3331	11	http://www.gtaeronautics.com/CCT&M.html
f	lRS	1	453	10	http://www.gtaeronautics.com/IndNews.html
f	lRS	1	1761	9	http://gtaeronautics.com/IndNews.html
f	lRS	1	453	9	http://www.mfgpages.com/company/GT-AERONAUTICS-LLC-in-CALIFORNIA-USA-5886132/
f	lRS	1	450	9	http://www.topicway.com/companies/100676618/GT-AERONAUTICS-LLC-in-SIMI-VALLEY-CA.htm
f	lRS	1	896	8	http://www.gtaeronautics.com/CFMT.html
f	lRS	1	447	8	http://www.openfos.com/supply/5640989-GT-AERONAUTICS-LLC-in-SIMI-VALLEY-CA/
f	lRS	1	1020	7	https://www.google.com/
f	lRS	1	653	7	http://www.trainingindustry.com/
f	lRS	1	820	6	http://www.gtaeronautics.com/compnews.html
f	lRS	1	736	3	http://www.gtaeronautics.com/RD.html
f	lRS	1	730	3	http://www.gtaeronautics.com/CompNews.html
f	lRS	1	1368	2	http://www.gtaeronautics.com/index.html
f	lRS	1	650	2	http://www.google.com/url
f	lRS	1	581	1	http://www.gtaeronautics.com/links.html
f	lRS	1	406	1	http://www.baidu.com/s
f	lRS	1	320	1	http://www.gtaeronautics.com/contactus.html
f	lRS	1	718	0	http://www.gtaeronautics.com/consultinga.html
f	lRS	1	556	0	http://www.gtaeronautics.com/cfmt.html
f	lRS	1	439	0	http://www.gtaeronautics.com/cct&m.html
f	lRS	1	424	0	http://gtaeronautics.com/aboutus.html
f	lRS	1	362	0	http://semalt.semalt.com/crawler.php
f	lRS	1	24554	236	[not listed: 2227]
n	*FR	2013	12	19	00	28
n	*LR	2015	12	21	22	59
n	*f	0.500000%Q	s
n	Rq	20	3.020	aeronautical
n	Rq	4	0.671	faa
n	Rq	20	3.188	gt
n	Rq	17	1.510	in
n	Rq	14	2.349	6
n	Rq	28	4.027	engineering
n	Rq	8	1.174	drawings
n	Rq	64	1.007	outlet
n	Rq	32	0.503	sale
n	Rq	28	4.027	texan
n	Rq	9	0.503	www.gtaeronautics.com
n	Rq	1	0.503	to
n	Rq	4	0.671	engineer
n	Rq	5	0.839	aircraft
n	Rq	32	0.839	luggage
n	Rq	175	2.852	vuitton
n	Rq	1	0.503	the
n	Rq	5	0.839	uas
n	Rq	10	1.678	uav
n	Rq	3	0.671	drone
n	Rq	7	1.174	fiberglass
n	Rq	4	0.671	onboard
n	Rq	21	2.181	simi
n	Rq	17	2.181	at6
n	Rq	8	1.174	extreme
n	Rq	6	0.839	molding
n	Rq	126	1.174	fashion
n	Rq	175	2.852	louis
n	Rq	4	0.671	starter
n	Rq	14	0.671	cheap
n	Rq	10	1.510	bme
n	Rq	25	3.691	http://www.gtaeronautics.com/
n	Rq	3	0.503	companies
n	Rq	145	3.188	valley
n	Rq	5	0.671	pglm
n	Rq	23	3.188	drawing
n	Rq	8	1.174	aerospace
n	Rq	4	0.671	unmanned
n	Rq	16	2.852	aeronautics
n	Rq	20	0.671	ca
n	Rq	13	2.181	at
n	Rq	5	0.839	techniques
n	Rq	3	0.503	training
n	Rq	3	0.503	pilot
n	Rq	4	0.671	quotes
n	Rq	9	1.342	bandito
n	Rq	107	0.671	phone
n	Rq	388	30.201	[not listed: 153]
N	*FR	2013	12	19	00	28
N	*LR	2015	12	21	22	59
N	*f	-200Q	s
N	RQ	25	289850	http://www.gtaeronautics.com/
N	RQ	14	158100	aeronautical engineering drawing
N	RQ	9	131750	gt aeronautics
N	RQ	9	118575	at 6 texan
N	RQ	8	105400	at6 texan
N	RQ	7	79050	bme extreme
N	RQ	7	79050	aerospace engineering drawings
N	RQ	5	52700	bandito pglm
N	RQ	6	52700	texan at6
N	RQ	9	39525	www.gtaeronautics.com
N	RQ	3	39525	onboard starter
N	RQ	3	39525	bandito uav
N	RQ	2	26350	fiberglass molding techniques
N	RQ	19	26350	louis vuitton luggage outlet
N	RQ	10	26350	louis vuitton fashion valley phone
N	RQ	97	26350	louis vuitton fashion valley phone number
N	RQ	2	26350	texan at 6
N	RQ	18	26350	louis vuitton fashion valley ca
N	RQ	1	13175	mitsubishi zero
N	RQ	1	13175	uavs flying over simi valley ca
N	RQ	1	13175	gt aeronautics simi valley california
N	RQ	2	13175	what is gt in basic engineering drawing
N	RQ	1	13175	aeronautical engineer quote
N	RQ	2	13175	composite molding
N	RQ	1	13175	does aeronautical engineering require drawing?
N	RQ	1	13175	aeronautics in simi valley and security work
N	RQ	1	13175	crew flight gta
N	RQ	2	13175	http://gtaeronautics.com/
N	RQ	1	13175	how to do gt in engineering drawing
N	RQ	1	13175	aeronautical engineer quotes
N	RQ	1	13175	110cc engine timing
N	RQ	2	13175	http://www.gtaeronautics.com/compnews.html
N	RQ	1	13175	the government college g.t aeronautics
N	RQ	1	13175	bme engine
N	RQ	1	13175	uas gcs
N	RQ	1	13175	a t 6
N	RQ	1	13175	gt aeronautics unmanned air
N	RQ	1	13175	aero iron mentioned nanotechnology hummingbird uav
N	RQ	1	13175	basic fiberglass techniques
N	RQ	1	13175	fia gt composite tooling
N	RQ	1	13175	uas pilot certification
N	RQ	1	13175	http://gtaeronautics.com/indnews.html
N	RQ	1	13175	finnemeccia co
N	RQ	2	13175	drawing for customer satisfaction
N	RQ	1	13175	quotes on aeronautical engineers
N	RQ	1	13175	cheap louis vuitton speedy handbag.com
N	RQ	2	13175	content
N	RQ	1	13175	at 6
N	RQ	1	13175	bme 110
N	RQ	1	13175	uav commercial crew stations
N	RQ	1	13175	thomas w rullman gt aeronautics
N	RQ	1	13175	da42 mpp microwave downlink bandwidth
N	RQ	1	13175	luggages for sale
N	RQ	2	13175	easylifeapp profile
N	RQ	1	13175	anti ice de ice qinetiq zephyr
N	RQ	2	13175	simi gt
N	RQ	4	13175	louis%20vuitton%20fashion%20valley%20phone%20number
N	RQ	1	13175	heavy equipment operator jobs
N	RQ	1	13175	eengineer drawing home
N	RQ	1	13175	cheap louis vuitton luggage
N	RQ	1	13175	aero space drone simi valley
N	RQ	1	13175	faa uas pilot certification
N	RQ	1	13175	2 stroke electric onboard starter
N	RQ	1	13175	any flying crews in gta
N	RQ	1	13175	skyforce observer mk3
N	RQ	1	13175	simi valley unmanned aircraft
N	RQ	2	13175	granger whitelaw avia
N	RQ	1	13175	louis vuitton fashion valley neverfull
N	RQ	1	13175	louis vuitton job opportunities
N	RQ	1	13175	fiber glass molding job
N	RQ	1	13175	aerospace drawing
N	RQ	1	13175	google.com
N	RQ	1	13175	aircraft design consultant
N	RQ	1	13175	www.gt airplane.com
N	RQ	1	13175	uas operation training method
N	RQ	1	13175	tom rullman
N	RQ	1	13175	gt aeronautics simi valley ca
N	RQ	2	13175	wmaid.com explore gtaeronautics.com
N	RQ	1	13175	drone base in simi valley
N	RQ	1	13175	custum muffler 110cc
N	RQ	1	13175	glass manufacturing drawings
N	RQ	1	13175	electric motors x male uav x sale
N	RQ	1	13175	aerospacecompanies in simi valley
N	RQ	1	13175	fiberglass molding
N	RQ	1	13175	fiberglass mold making techniques
N	RQ	1	13175	vegas drone uav show december 2015
N	RQ	1	13175	rpa instrument qualification faa instrument rating
N	RQ	1	13175	extreme bme
N	RQ	1	13175	uav companies in simi valley
N	RQ	1	13175	uas faa maintenance
N	RQ	1	13175	unmanned aircraft systems pilot training
N	RQ	2	13175	installerex facebook
N	RQ	1	13175	aeronautic engineer
N	RQ	3	13175	texan at6 photos
N	RQ	30	13175	designer handbags outlet sale
N	RQ	1	13175	louis vuitton neverfull
N	RQ	1	13175	faa uav training
N	RQ	1	13175	uav companies simi valley
N	RQ	5	13175	louis vuitton purses outlet
N	RQ	1	13175	cheap louis vuitton luggage outlet
N	RQ	1	13175	tobbot
N	RQ	1	13175	radius tdw efi fuze
N	RQ	8	13175	manufacturing equipment store in simi valley
N	RQ	1	13175	aeronautic engineer quotes
N	RQ	1	13175	onbordstarter
N	RQ	1	13175	fiberglass techniques
N	RQ	1	13175	rotax amphibian unmanned china
N	RQ	1	13175	aircraft companies in simi valley
N	RQ	1	13175	custom fiberglass moldings
N	RQ	11	13175	louis vuitton luggage cheap
N	RQ	1	13175	anything
N	RQ	1	13175	aeronautical engineering quotes
N	RQ	1	13175	aeronautical engineering sketches
N	RQ	1	13175	gtaeronautics.com
N	RQ	1	13175	giant scale ziroli at 6
N	RQ	9	13175	outlet louis vuitton handbags
N	RQ	1	13175	drawing aircraft engineering
N	RQ	1	13175	gt aeronautics bandito
N	RQ	1	13175	cowling drawing
B	*f	-40R	r
B	Rb	19576	2.172	Mozilla/5.0 (compatible; Googlebot/2.1;  http://www.google.com/bot.html)
B	Rb	16754	3.920	Mozilla/5.0 (compatible; bingbot/2.0;  http://www.bing.com/bingbot.htm)
B	Rb	10421	2.440	Mozilla/4.0 (compatible; MSIE 6.0; Windows NT 5.1; SV1)
B	Rb	8061	3.325	Mozilla/4.0 (compatible; MSIE 7.0; Windows NT 5.1; .NET CLR 1.1.4322; .NET CLR 2.0.50727)
B	Rb	7036	0.779	Mozilla/4.0 (compatible; MSIE 6.0; Windows NT 5.1; SV1; .NET CLR 2.0.50727)
B	Rb	6803	1.395	Mozilla/5.0 (compatible; Yahoo! Slurp; http://help.yahoo.com/help/us/ysearch/slurp)
B	Rb	6704	1.251	Mozilla/5.0 (compatible; Baiduspider/2.0;  http://www.baidu.com/search/spider.html)
B	Rb	6372	1.562	Mozilla/5.0 (compatible; YandexBot/3.0;  http://yandex.com/bots)
B	Rb	6164	0.165	Mozilla/4.0 (compatible; MSIE 7.0; Windows NT 5.1; .NET CLR 1.1.4322; .NET CLR 2.0.50727; .NET CLR 3.0.4506.2152; .NET CLR 3.5.30729)
B	Rb	6148	1.294	Mozilla/4.0 (compatible; MSIE 7.0; Windows NT 6.1; WOW64; Trident/5.0; SLCC2; .NET CLR 2.0.50727; .NET CLR 3.5.30729; .NET CLR 3.0.30729; Media Center PC 6.0; .NET4.0C; .NET4.0E)
B	Rb	5848	0.976	Sosospider ( http://help.soso.com/webspider.htm)
B	Rb	5715	1.137	Mozilla/4.0 (compatible; MSIE 6.0; Windows NT 5.1)
B	Rb	5613	0.289	Mozilla/4.0 (compatible;)
B	Rb	5436	1.111	Mozilla/5.0 (Windows; U; Windows NT 5.1; en-US; rv:1.7.2) Gecko/20040804 Netscape/7.2 (ax)
B	Rb	5305	0.475	Mozilla/4.0 (compatible; MSIE 7.0; Windows NT 5.1; .NET CLR 1.1.4322; .NET CLR 2.0.50727; .NET CLR 3.0.04506.30)
B	Rb	5094	1.164	Mozilla/4.0 (compatible; MSIE 7.0; Windows NT 5.1)
B	Rb	5034	0.436	Mozilla/5.0 (Windows NT 6.1; WOW64) AppleWebKit/537.36 (KHTML, like Gecko) Chrome/36.0.1985.143 Safari/537.36
B	Rb	4589	0.405	Mozilla/5.0 (compatible; MSIE 9.0; Windows NT 6.1; WOW64; Trident/5.0)
B	Rb	4446	0.649	Mozilla/5.0 (compatible; Yahoo! Slurp/3.0; http://help.yahoo.com/help/us/ysearch/slurp)
B	Rb	4368	0.128	Mozilla/4.0 (compatible; MSIE 7.0; Windows NT 5.1; .NET CLR 2.0.50727; .NET CLR 3.0.4506.2152; .NET CLR 3.5.30729)
B	Rb	3527	0.069	Googlebot-Image/1.0
B	Rb	3355	0.527	Mozilla/4.0 (compatible; MSIE 6.0; Windows NT 5.1; SV1; .NET CLR 1.1.4322)
B	Rb	3304	0.288	Mozilla/5.0 (Windows NT 6.1; WOW64; Trident/7.0; rv:11.0) like Gecko
B	Rb	3062	0.290	Mozilla/4.0 (compatible; MSIE 7.0; Windows NT 5.1; .NET CLR 1.1.4322)
B	Rb	3049	0.150	Mozilla/4.0 (compatible; MSIE 8.0; Windows NT 5.1; Trident/4.0; .NET CLR 2.0.50727; .NET CLR 3.0.4506.2152; .NET CLR 3.5.30729; .NET4.0C; .NET CLR 1.1.4322)
B	Rb	2770	0.114	Mozilla/4.0 (compatible; MSIE 7.0; Windows NT 5.1; .NET CLR 1.1.4322; .NET CLR 2.0.50727; .NET CLR 3.0.04506.30; .NET CLR 3.0.4506.2152; .NET CLR 3.5.30729)
B	Rb	2536	0.267	Mozilla/5.0 (Windows NT 6.1; WOW64; rv:21.0) Gecko/20100101 Firefox/21.0
B	Rb	2489	0.016	msnbot/2.0b ( http://search.msn.com/msnbot.htm)
B	Rb	2445	0.154	Mozilla/4.0 (compatible; MSIE 8.0; Windows NT 5.1; Trident/4.0; .NET CLR 2.0.50727; .NET CLR 3.0.4506.2152; .NET CLR 3.5.30729)
B	Rb	2416	0.619	Mozilla/4.0 (compatible; MSIE 6.0; Windows NT 5.1; SV1; Mozilla/4.0 (compatible; MSIE 6.0; Windows NT 5.1; SV1) ; .NET CLR 2.0.50727 ; .NET CLR 4.0.30319)
B	Rb	2406	0.599	Mozilla/4.0 (compatible; MSIE 6.0; Windows NT 5.1; SV1; Mozilla/4.0 (compatible; MSIE 6.0; Windows NT 5.1; SV1) ; .NET CLR 1.0.3705)
B	Rb	2396	0.589	Mozilla/4.0 (compatible; MSIE 6.0; Windows NT 5.1; SV1; .NET CLR 1.1.4322; .NET CLR 2.0.50727)
B	Rb	2389	0.506	Mozilla/4.0 (compatible; MSIE 7.0; Windows NT 5.1; InfoPath.2; .NET CLR 2.0.50727; .NET CLR)
B	Rb	2358	0.124	Mozilla/4.0 (compatible; MSIE 7.0; Windows NT 5.1; Trident/4.0; .NET CLR 2.0.50727; .NET CLR 3.0.4506.2152; .NET CLR 3.5.30729; .NET4.0C)
B	Rb	2302	0.549	Mozilla/4.0 (compatible; MSIE 6.0; Windows NT 5.1; SV1; Mozilla/4.0 (compatible; MSIE 6.0; Windows NT 5.1; SV1) )
B	Rb	2262	0.082	Mozilla/4.0 (compatible; MSIE 7.0; Windows NT 5.1; .NET CLR 2.0.50727; .NET CLR 3.0.4506.2152; .NET CLR 3.5.30729; .NET4.0C)
B	Rb	2173	0.228	Mozilla/5.0 (compatible; MSIE 9.0; Windows NT 6.1; Trident/5.0)
B	Rb	2143	0.414	Mozilla/5.0 (compatible; AhrefsBot/5.0;  http://ahrefs.com/robot/)
B	Rb	2057	0.030	Mozilla/5.0 (compatible; YandexImages/3.0;  http://yandex.com/bots)
B	Rb	1894	0.157	Java/1.6.0_04
B	Rb	340876	69.153	[not listed: 13601]
b	*f	-15Q	s
b	lRQq	1	137484	60644778	32.576	Netscape
b	lRQq	2	32731	16626892	8.931	Mozilla/1
b	lRQq	2	1441	355743	0.191	Mozilla/6
b	lRQq	2	1220	197632	0.106	Mozilla/24
b	lRQq	2	1189	685102	0.368	Mozilla/2
b	lRQq	2	3412	342552	0.184	Mozilla/21
b	lRQq	2	1319	355725	0.191	Mozilla/5
b	lRQq	2	1083	289850	0.156	Mozilla/10
b	lRQq	2	678	276675	0.149	Mozilla/16
b	lRQq	2	1241	276675	0.149	Mozilla/22
b	lRQq	2	677	250325	0.134	Mozilla/17
b	lRQq	2	528	237150	0.127	Mozilla/14
b	lRQq	2	532	223975	0.120	Mozilla/13
b	lRQq	2	688	210800	0.113	Mozilla/15
b	lRQq	2	1091	197625	0.106	Mozilla/12
b	lRQq	2	1106	197625	0.106	Mozilla/31
b	lRQq	2	680	197625	0.106	Mozilla/34
b	lRQq	2	1053	197625	0.106	Mozilla/26
b	lRQq	2	1061	184450	0.099	Mozilla/11
b	lRQq	2	1141	184450	0.099	Mozilla/8
b	lRQq	2	580	171275	0.092	Mozilla/20
b	lRQq	1	117236	5138574	2.760	Netscape (compatible)
b	lRQq	1	220069	101355468	54.444	MSIE
b	lRQq	2	71382	35045616	18.825	MSIE/6
b	lRQq	2	35728	17891662	9.611	MSIE/8
b	lRQq	2	10449	1739127	0.934	MSIE/9
b	lRQq	2	3609	1001318	0.538	MSIE/10
b	lRQq	2	93893	44123088	23.701	MSIE/7
b	lRQq	2	3646	1291153	0.694	MSIE/5
b	lRQq	2	167	52703	0.028	MSIE/3
b	lRQq	2	182	65875	0.035	MSIE/4
b	lRQq	2	328	26350	0.014	MSIE/2
b	lRQq	2	3	13175	0.007	MSIE/11
b	lRQq	1	8996	4953848	2.661	Opera
b	lRQq	2	4274	4295074	2.307	Opera/9
b	lRQq	2	2590	237165	0.127	Opera/8
b	lRQq	2	1561	184459	0.099	Opera/7
b	lRQq	2	11	79050	0.042	Opera/11
b	lRQq	2	538	65875	0.035	Opera/6
b	lRQq	2	4	39525	0.021	Opera/12
b	lRQq	2	10	26350	0.014	Opera/10
b	lRQq	2	8	26350	0.014	Opera/5
b	lRQq	1	3290	724632	0.389	Java
b	lRQq	2	3290	724632	0.389	Java/1
b	lRQq	1	8223	909081	0.488	Netscape
b	lRQq	2	410	26356	0.014	Netscape/0
b	lRQq	2	1771	368900	0.198	Netscape/4
b	lRQq	2	22	144925	0.078	Netscape/6
b	lRQq	2	5528	105400	0.057	Netscape/7
b	lRQq	2	161	65875	0.035	Netscape/3
b	lRQq	2	29	52700	0.028	Netscape/8
b	lRQq	2	6	26350	0.014	Netscape/5
b	lRQq	2	2	13175	0.007	Netscape/Nutch-1
b	lRQq	2	1	13175	0.007	Netscape/10
b	lRQq	2	9	13175	0.007	Netscape/Firefox
b	lRQq	1	112	355730	0.191	curl
b	lRQq	2	111	342555	0.184	curl/7
b	lRQq	1	278	711450	0.382	Konqueror
b	lRQq	2	228	671925	0.361	Konqueror/3
b	lRQq	2	49	26350	0.014	Konqueror/4
b	lRQq	2	1	13175	0.007	Konqueror/2
b	lRQq	1	150	434775	0.234	python-requests
b	lRQq	2	133	316200	0.170	python-requests/2
b	lRQq	2	11	92225	0.050	python-requests/1
b	lRQq	2	6	26350	0.014	python-requests/0
b	lRQq	1	2241	276675	0.149	libwww-perl
b	lRQq	2	455	210800	0.113	libwww-perl/5
b	lRQq	2	1786	65875	0.035	libwww-perl/6
b	lRQq	1	117	263500	0.142	NSPlayer
b	lRQq	2	78	118575	0.064	NSPlayer/11
b	lRQq	2	17	52700	0.028	NSPlayer/9
b	lRQq	2	16	52700	0.028	NSPlayer/10
b	lRQq	2	5	26350	0.014	NSPlayer/12
b	lRQq	2	1	13175	0.007	NSPlayer/8
b	lRQq	1	32	223975	0.120	Dalvik
b	lRQq	2	25	210800	0.113	Dalvik/1
b	lRQq	2	7	13175	0.007	Dalvik/2
b	lRQq	1	54	171275	0.092	Google
b	lRQq	2	50	144925	0.078	Google/2
b	lRQq	2	4	26350	0.014	Google/1
b	lRQq	1	29	158100	0.085	PHP
b	lRQq	2	26	131750	0.071	PHP/5
b	lRQq	2	1	13175	0.007	PHP/4
b	lRQq	1	122	158100	0.085	AppEngine-Google; ( http:
b	lRQq	2	122	158100	0.085	AppEngine-Google; ( http://code
b	lRQq	1	39263	9683692	5.202	[not listed: 530]
p	*f	0Q	s
p	lR	1	334874	Windows
p	lR	2	114846	Unknown Windows
p	lR	2	207508	Windows XP
p	lR	2	2673	Windows NT
p	lR	2	5831	Windows 2000
p	lR	2	1784	Windows 98
p	lR	2	796	Windows ME
p	lR	2	1096	Windows 95
p	lR	2	186	Windows CE
p	lR	2	154	Windows 3.1
p	lR	1	121324	OS unknown
p	lR	1	27540	Macintosh
p	lR	2	26304	Unknown Macintosh
p	lR	2	1151	Macintosh PowerPC
p	lR	2	85	Macintosh 68k
p	lR	1	39047	Known robots
p	lR	1	14889	Unix
p	lR	2	14754	Linux
p	lR	2	15	SunOS
p	lR	2	26	BSD
p	lR	2	93	Other Unix
p	lR	2	1	HP-UX
p	lR	1	16	WebTV
p	lR	1	1	BeOS
p	lR	1	1	OS/2
p	lR	1	4	Amiga
i	*f	0R	s
i	lRc	1	298590	89.060	[root directory]
i	lRc	1	146420	10.140	/images/
i	lRc	1	63815	0.432	/js/
i	lRc	1	34237	0.368	/css/
i	lRc	1	865	0.000	/videos/
i	lRc	1	541	0.000	/client/
i	lRc	1	155	0.000	/dev/
i	lRc	2	44	0.000	/dev/js/
i	lRc	2	23	0.000	/dev/css/
i	lRc	2	59	0.000	/dev/images/
i	lRc	1	1	0.000	/cgi-bin/
i	lRc	1	50	0.000	/stats/
r	*f	0.050000%S	s
r	lRSc	1	17784	52	83.252	/indnews.html
r	lRSc	2	1	0	0.000	/indnews.html?referer=www.clickfind.com.au//wp-content/themes/busybee/thumb.php?src=http://blogger.com.opontodaarte.com.br/java.php
r	lRSc	2	1	0	0.000	/indnews.html?referer=top1.co.pl
r	lRSc	1	15452	46	1.358	/aboutus.html
r	lRSc	1	12007	34	6.713	/compnews.html
r	lRSc	1	4806	32	0.586	/pna.html
r	lRSc	1	13544	29	1.298	/uasfc.html
r	lRSc	1	815	24	0.786	/gt1500 rpas.html
r	lRSc	1	6151	23	0.921	/faq.html
r	lRSc	1	9093	22	0.722	/cfmt.html
r	lRSc	1	8552	21	0.655	/links.html
r	lRSc	1	7582	20	0.586	/indevents.html
r	lRSc	1	8587	20	0.416	/contactus.html
r	lRSc	1	9928	19	0.819	/consultinga.html
r	lRSc	1	8962	18	0.686	/cct&m.html
r	lRSc	1	368	18	0.667	/gt380 rpas.html
r	lRSc	1	6143	11	0.259	/employment.html
r	lRSc	1	5900	7	0.276	/rd.html
r	lRSc	1	24	0	0.000	/client/tacamo.html
r	lRSc	1	30	0	0.000	/client/mgqgcyat.asp
r	lRSc	1	1	0	0.000	/client/bandito timeline2007.html
r	lRSc	1	2	0	0.000	/client/bandit+timeline2004.html
r	lRSc	1	3196	0	0.000	/banditomav.html
r	lRSc	1	1	0	0.000	/stats/quick.html
r	lRSc	1	1	0	0.000	/404.htm
r	lRSc	1	1	0	0.000	/dev/client.cgi
r	lRSc	1	18702	0	0.000	/default.asp
r	lRSc	1	12	0	0.000	/client/gta010707002.html
r	lRSc	1	72	0	0.000	/client/bandito+development.html
r	lRSc	1	1	0	0.000	/client/bandito+timeline2006.html
r	lRSc	1	135	0	0.000	/client/welcome.html
r	lRSc	1	16	0	0.000	/client/rq3+bandito.html
r	lRSc	1	3	0	0.000	/client/gta021305001.html
r	lRSc	1	1	0	0.000	/dev/uasfc.html
r	lRSc	1	229	0	0.000	/client.cgi
r	lRSc	1	71	0	0.000	/client/bandit+development.html
r	lRSc	1	2	0	0.000	/client/bandito development.html
r	lRSc	1	1	0	0.000	/stats/browserrep.html
r	lRSc	1	2	0	0.000	/stats/yearly.html
r	lRSc	1	2	0	0.000	/stats/domain.html
r	lRSc	1	5	0	0.000	/client/gta012405001.html
r	lRSc	1	1	0	0.000	/stats/monthly.html
r	lRSc	1	2	0	0.000	/dev/contactus.html
r	lRSc	1	2	0	0.000	/stats/general.html
r	lRSc	1	1	0	0.000	/dev/aboutus.html
r	lRSc	1	18	0	0.000	/client/tacamo+development.html
r	lRSc	1	1	0	0.000	/client/bandit development.html
r	lRSc	1	1	0	0.000	/stats/weekly.html
r	lRSc	1	8	0	0.000	/client/gta010707001.html
r	lRSc	1	3474	0	0.000	/uavengines.html
r	lRSc	1	17	0	0.000	/client/bandit+timeline2008.html
r	lRSc	1	1	0	0.000	/client/bandito+timeline2005.html
r	lRSc	1	3749	0	0.000	/bidspridpass.html
r	lRSc	1	6356	0	0.000	/pridpass.html
r	lRSc	1	12	0	0.000	/client/bandito.html
r	lRSc	1	3216	0	0.000	/gtatexan.html
r	lRSc	1	1	0	0.000	/dev/pna.html
r	lRSc	1	1	0	0.000	/client/tacamo development.html
r	lRSc	1	23	0	0.000	/client/projectbids.html
r	lRSc	1	1	0	0.000	/stats/host.html
r	lRSc	1	2	0	0.000	/stats/index.htm
r	lRSc	1	2	0	0.000	/stats/nav.html
r	lRSc	1	1	0	0.000	/stats/quarterly.html
r	lRSc	1	11	0	0.000	/client/rq2+outlaw.html
r	lRSc	1	1	0	0.000	/client/bandit timeline2008.html
r	lRSc	1	20	0	0.000	/client/clientpna.html
r	lRSc	1	3322	0	0.000	/bandituas.html
r	lRSc	1	15	0	0.000	/client/bandit.html
r	lRSc	1	2	0	0.000	/stats/default.asp
r	lRSc	1	2	0	0.000	/stats/directory.html
r	lRSc	1	21	0	0.000	/index.htm
r	lRSc	1	2	0	0.000	/stats/organisation.html
r	lRSc	1	1	0	0.000	/cgi-bin/testms.pl
r	lRSc	1	903	0	0.000	/gtamt.html
r	lRSc	1	14	0	0.000	/client/rq1+bandit.html
r	lRSc	1	8	0	0.000	/client/bandito+timeline2007.html
r	lRSc	1	6	0	0.000	/client/gta021305002.html
r	lRSc	1	7	0	0.000	/client/bandit+timeline2007.html
r	lRSc	1	4	0	0.000	/client/gta121004001.html
r	lRSc	1	1	0	0.000	/dev/pridpass.html
t	*f	0.100000%B	b
t	lRb	1	160425	53.260	.html [Hypertext Markup Language]
t	lRb	1	115851	18.663	[directories]
t	lRb	1	778	8.026	.wmv
t	lRb	1	87	7.880	.mpg  [MPEG movie]
t	lRb	1	100073	6.958	.jpg  [JPEG graphics]
t	lRb	1	18734	3.390	.asp  [Active Server REQUESTS]
t	lRb	1	46419	0.783	.gif  [GIF graphics]
t	lRb	1	63859	0.515	.js  [JavaScript code]
t	lRb	1	34256	0.456	.css  [Cascading Style Sheets]
t	lRb	1	4192	0.068	[not listed: 6]
z	*FR	2009	06	30	04	42
z	*LR	2016	01	24	05	51
z	ScR	173	0.000	37784	0
z	ScR	0	0.000	0	1b-  10b
z	ScR	0	0.000	0	11b- 100b
z	ScR	101	0.057	62244	101b-  1kb
z	ScR	576	6.323	265270	1kb- 10kb
z	ScR	569	47.671	164612	10kb-100kb
z	ScR	41	45.950	14473	100kb-  1Mb
z	ScR	0	0.000	248	1Mb- 10Mb
z	ScR	0	0.000	43	10Mb-100Mb
c	*f	0R	a
c	R	480489	200 OK
c	R	2625	206 Partial content
c	R	101	301 Document moved permanently
c	R	77	302 Document found elsewhere
c	R	61560	304 Not modified since last retrieval
c	R	206	401 Authentication required
c	R	134	403 Access forbidden
c	R	275734	404 Document not found
c	R	136	405 Method not allowed
c	R	190	406 Document not acceptable to client
c	R	5	416 Requested range not valid
c	R	593	500 Internal server error
c	R	116	501 Request type not supported
I	*FR	2007	12	11	00	52
I	*LR	2016	01	24	05	51
I	*f	-30S	s
I	lRS	1	52174	162	/robots.txt
I	lRS	1	271	8	/xmlrpc.php
I	lRS	1	1102	7	/wp-login.php
I	lRS	1	17254	6	/]louis
I	lRS	1	344	5	/gtatexan.html
I	lRS	1	448	5	/">louis
I	lRS	1	550	3	/administrator/index.php
I	lRS	1	48	3	/gt1500
I	lRS	1	105	2	/eds
I	lRS	1	31	2	/">http:/www.gtaeronautics.com/</a>;
I	lRS	1	2	2	/component/kindeditor/kindeditor.js
I	lRS	1	12	2	/administrator/fckeditor/fckeditor.js
I	lRS	1	507	2	/videos/bandito 004 flt 8 clip 092508.wmv
I	lRS	1	3	2	/configuration.php
I	lRS	1	11	2	/fckeditor/fckeditor.js
I	lRS	1	301	2	/bandituas.html
I	lRS	1	3	2	/admin/kindeditor/kindeditor.js
I	lRS	1	136	2	/apple-touch-icon-precomposed.png
I	lRS	1	183	2	/cct
I	lRS	1	2	2	/editor/kindeditor/kindeditor.js
I	lRS	1	170	2	/apple-touch-icon.png
I	lRS	1	80	1	/els
I	lRS	1	1	1	/editors/fckeditor/fckeditor.js
I	lRS	1	129	1	/eug
I	lRS	1	1	1	/html/fck/fckeditor.js
I	lRS	1	88	1	/bwes
I	lRS	1	1	1	/.configuration.php
I	lRS	1	480	1	/banditomav.html
I	lRS	1	1	1	/sysadmin/fckeditor/fckeditor.js
I	lRS	1	4	1	/common/fckeditor/fckeditor.js
I	lRS	1	202672	102	[not listed: 11976]
L	*FR	2007	12	11	00	52
L	*LR	2016	01	24	05	51
L	*f	-20S	s
L	RS	61	61	221.231.6.246
L	RS	34	34	178.151.180.113
L	RS	9	9	207.46.13.186
L	RS	128	8	185.3.54.28
L	RS	533	6	46.118.155.216
L	RS	53	6	68.180.231.44
L	RS	24	6	157.55.39.27
L	RS	73	5	106.38.241.144
L	RS	106	5	100.43.81.130
L	RS	167	5	66.249.69.192
L	RS	4	4	50.88.120.85
L	RS	4	4	77.75.77.109
L	RS	4	4	46.119.121.146
L	RS	9	4	157.55.39.253
L	RS	11	4	69.30.221.250
L	RS	3	3	5.164.197.142
L	RS	15	3	207.46.13.123
L	RS	3	3	207.46.13.183
L	RS	21	3	157.55.39.215
L	RS	6	3	104.236.52.23
L	RS	275846	156	[not listed: 55443]
K	*FR	2013	12	22	04	20
K	*LR	2016	01	22	20	57
K	*f	-30S	s
K	lRS	1	14735	61	http://www.gtaeronautics.com/
K	lRS	1	304	2	http://gtaeronautics.com/
K	lRS	1	17	2	http://www.gtaeronautics.com/indevents.html
K	lRS	1	1	1	http://www.premiodemusicaminas.com.br/site/inscricoes-para-o-premio-de-musica-das-minas-gerais-ja-estao-abertas/
K	lRS	1	421	1	http://www.gtaeronautics.com/robots.txt
K	lRS	1	7213	0	[not listed: 1148]
E	*FR	2008	01	06	10	12
E	*LR	2015	07	14	08	43
E	*f	-30S	s
E	lSR	1	0	178	[not listed: 6]
l	*FR	2008	01	06	10	12
l	*LR	2015	07	14	08	43
l	*f	-20S	s
l	SR	0	178	[not listed: 97]
v	*f	-20B	b
v	Rb	544674	100.000	66.113.131.59
R	*FR	2008	01	06	10	12
R	*LR	2015	07	14	08	43
R	*f	-20R	r
R	R	178	66.113.131.59
M	*FR	2007	12	11	00	52
M	*LR	2016	01	24	05	51
M	*f	-20R	r
M	R	277114	66.113.131.59
J	*FR	2007	12	11	00	53
J	*LR	2007	12	18	17	06
J	*f	-20R	r
J	R	9	gtaeronautics
J	R	5	lorrigkj
J	R	1	rullma2063
J	R	1	administrator
J	R	1	satish
