x	VE	analog 5.24
x	HN	gtaeronautics.com
x	PS	2024	01	29	02	00
x	FR	2007	12	18	17	05
x	LR	2024	01	28	05	47
x	E7	2024	01	29	02	00
x	SR	1654069
x	S7	8235
x	NC	590265
x	C7	0
x	FL	619219
x	F7	646
x	RR	248
x	R7	0
x	NH	109103
x	H7	443
x	BT	57520368399
x	B7	0
1	Rr	49863	3.015	2024
1	Rr	511208	30.906	2023
1	Rr	82334	4.978	2022
1	Rr	98917	5.980	2021
1	Rr	89380	5.404	2020
1	Rr	80088	4.842	2019
1	Rr	68927	4.167	2018
1	Rr	60168	3.638	2017
1	Rr	73316	4.432	2016
1	Rr	80796	4.885	2015
1	Rr	110773	6.697	2014
1	Rr	65173	3.940	2013
1	Rr	60742	3.672	2012
1	Rr	57015	3.447	2011
1	Rr	22139	1.338	2010
1	Rr	69710	4.214	2009
1	Rr	71820	4.342	2008
1	Rr	1700	0.103	2007
1	*BT	R	511208	2023
Q	Rr	49863	3.015	2024	1
Q	Rr	182268	11.019	2023	4
Q	Rr	165939	10.032	2023	3
Q	Rr	135306	8.180	2023	2
Q	Rr	27695	1.674	2023	1
Q	Rr	20307	1.228	2022	4
Q	Rr	20362	1.231	2022	3
Q	Rr	21795	1.318	2022	2
Q	Rr	19870	1.201	2022	1
Q	Rr	21154	1.279	2021	4
Q	Rr	26826	1.622	2021	3
Q	Rr	30675	1.855	2021	2
Q	Rr	20262	1.225	2021	1
Q	Rr	22199	1.342	2020	4
Q	Rr	23882	1.444	2020	3
Q	Rr	21656	1.309	2020	2
Q	Rr	21643	1.308	2020	1
Q	Rr	19098	1.155	2019	4
Q	Rr	19668	1.189	2019	3
Q	Rr	19827	1.199	2019	2
Q	Rr	21495	1.300	2019	1
Q	Rr	18129	1.096	2018	4
Q	Rr	17138	1.036	2018	3
Q	Rr	16928	1.023	2018	2
Q	Rr	16732	1.012	2018	1
Q	Rr	15937	0.964	2017	4
Q	Rr	0	0.000	2017	3
Q	Rr	16831	1.018	2017	2
Q	Rr	27400	1.657	2017	1
Q	Rr	22114	1.337	2016	4
Q	Rr	17621	1.065	2016	3
Q	Rr	15878	0.960	2016	2
Q	Rr	17703	1.070	2016	1
Q	Rr	16575	1.002	2015	4
Q	Rr	22104	1.336	2015	3
Q	Rr	22485	1.359	2015	2
Q	Rr	19632	1.187	2015	1
Q	Rr	21142	1.278	2014	4
Q	Rr	22272	1.346	2014	3
Q	Rr	31453	1.902	2014	2
Q	Rr	35906	2.171	2014	1
Q	Rr	16436	0.994	2013	4
Q	Rr	15216	0.920	2013	3
Q	Rr	16545	1.000	2013	2
Q	Rr	16976	1.026	2013	1
Q	Rr	16578	1.002	2012	4
Q	Rr	12511	0.756	2012	3
Q	Rr	15816	0.956	2012	2
Q	Rr	15837	0.957	2012	1
Q	Rr	15444	0.934	2011	4
Q	Rr	17386	1.051	2011	3
Q	Rr	9395	0.568	2011	2
Q	Rr	14790	0.894	2011	1
Q	Rr	1603	0.097	2010	4
Q	Rr	0	0.000	2010	3
Q	Rr	14047	0.849	2010	2
Q	Rr	6489	0.392	2010	1
Q	Rr	16350	0.988	2009	4
Q	Rr	18220	1.102	2009	3
Q	Rr	17115	1.035	2009	2
Q	Rr	18025	1.090	2009	1
Q	Rr	15905	0.962	2008	4
Q	Rr	15660	0.947	2008	3
Q	Rr	22448	1.357	2008	2
Q	Rr	17807	1.077	2008	1
Q	Rr	1700	0.103	2007	4
Q	*BT	R	182268	2023	4
m	Rr	49863	3.015	2024	01
m	Rr	54270	3.281	2023	12
m	Rr	61278	3.705	2023	11
m	Rr	66720	4.034	2023	10
m	Rr	51132	3.091	2023	09
m	Rr	54561	3.299	2023	08
m	Rr	60246	3.642	2023	07
m	Rr	66204	4.002	2023	06
m	Rr	60120	3.635	2023	05
m	Rr	8982	0.543	2023	04
m	Rr	10848	0.656	2023	03
m	Rr	8360	0.505	2023	02
m	Rr	8487	0.513	2023	01
m	Rr	6950	0.420	2022	12
m	Rr	6349	0.384	2022	11
m	Rr	7008	0.424	2022	10
m	Rr	6740	0.407	2022	09
m	Rr	6863	0.415	2022	08
m	Rr	6759	0.409	2022	07
m	Rr	6567	0.397	2022	06
m	Rr	8427	0.509	2022	05
m	Rr	6801	0.411	2022	04
m	Rr	6380	0.386	2022	03
m	Rr	6175	0.373	2022	02
m	Rr	7315	0.442	2022	01
m	Rr	7667	0.464	2021	12
m	Rr	7097	0.429	2021	11
m	Rr	6390	0.386	2021	10
m	Rr	6059	0.366	2021	09
m	Rr	9092	0.550	2021	08
m	Rr	11675	0.706	2021	07
m	Rr	10152	0.614	2021	06
m	Rr	10231	0.619	2021	05
m	Rr	10292	0.622	2021	04
m	Rr	7948	0.481	2021	03
m	Rr	5800	0.351	2021	02
m	Rr	6514	0.394	2021	01
m	Rr	8069	0.488	2020	12
m	Rr	6579	0.398	2020	11
m	Rr	7551	0.457	2020	10
m	Rr	8028	0.485	2020	09
m	Rr	7741	0.468	2020	08
m	Rr	8113	0.490	2020	07
m	Rr	7317	0.442	2020	06
m	Rr	6898	0.417	2020	05
m	Rr	7441	0.450	2020	04
m	Rr	7524	0.455	2020	03
m	Rr	7322	0.443	2020	02
m	Rr	6797	0.411	2020	01
m	Rr	6573	0.397	2019	12
m	Rr	5917	0.358	2019	11
m	Rr	6608	0.399	2019	10
m	Rr	6791	0.411	2019	09
m	Rr	6597	0.399	2019	08
m	Rr	6280	0.380	2019	07
m	Rr	6317	0.382	2019	06
m	Rr	6847	0.414	2019	05
m	Rr	6663	0.403	2019	04
m	Rr	7059	0.427	2019	03
m	Rr	6374	0.385	2019	02
m	Rr	8062	0.487	2019	01
m	Rr	6957	0.421	2018	12
m	Rr	5422	0.328	2018	11
m	Rr	5750	0.348	2018	10
m	Rr	5458	0.330	2018	09
m	Rr	5735	0.347	2018	08
m	Rr	5945	0.359	2018	07
m	Rr	7110	0.430	2018	06
m	Rr	6440	0.389	2018	05
m	Rr	3378	0.204	2018	04
m	Rr	5789	0.350	2018	03
m	Rr	5369	0.325	2018	02
m	Rr	5574	0.337	2018	01
m	Rr	3906	0.236	2017	12
m	Rr	6533	0.395	2017	11
m	Rr	5498	0.332	2017	10
m	Rr	0	0.000	2017	09
m	Rr	0	0.000	2017	08
m	Rr	0	0.000	2017	07
m	Rr	0	0.000	2017	06
m	Rr	6832	0.413	2017	05
m	Rr	9999	0.605	2017	04
m	Rr	11887	0.719	2017	03
m	Rr	7941	0.480	2017	02
m	Rr	7572	0.458	2017	01
m	Rr	9483	0.573	2016	12
m	Rr	7121	0.431	2016	11
m	Rr	5510	0.333	2016	10
m	Rr	6288	0.380	2016	09
m	Rr	5888	0.356	2016	08
m	Rr	5445	0.329	2016	07
m	Rr	5042	0.305	2016	06
m	Rr	5495	0.332	2016	05
m	Rr	5341	0.323	2016	04
m	Rr	5558	0.336	2016	03
m	Rr	5548	0.335	2016	02
m	Rr	6597	0.399	2016	01
m	Rr	5574	0.337	2015	12
m	Rr	5330	0.322	2015	11
m	Rr	5671	0.343	2015	10
m	Rr	6196	0.375	2015	09
m	Rr	6788	0.410	2015	08
m	Rr	9120	0.551	2015	07
m	Rr	7156	0.433	2015	06
m	Rr	5694	0.344	2015	05
m	Rr	9635	0.583	2015	04
m	Rr	6215	0.376	2015	03
m	Rr	6084	0.368	2015	02
m	Rr	7333	0.443	2015	01
m	Rr	6608	0.399	2014	12
m	Rr	6997	0.423	2014	11
m	Rr	7537	0.456	2014	10
m	Rr	7043	0.426	2014	09
m	Rr	7324	0.443	2014	08
m	Rr	7905	0.478	2014	07
m	Rr	11654	0.705	2014	06
m	Rr	9211	0.557	2014	05
m	Rr	10588	0.640	2014	04
m	Rr	7817	0.473	2014	03
m	Rr	15229	0.921	2014	02
m	Rr	12860	0.777	2014	01
m	Rr	5325	0.322	2013	12
m	Rr	5513	0.333	2013	11
m	Rr	5598	0.338	2013	10
m	Rr	4655	0.281	2013	09
m	Rr	4938	0.299	2013	08
m	Rr	5623	0.340	2013	07
m	Rr	5492	0.332	2013	06
m	Rr	5211	0.315	2013	05
m	Rr	5842	0.353	2013	04
m	Rr	6068	0.367	2013	03
m	Rr	5055	0.306	2013	02
m	Rr	5853	0.354	2013	01
m	Rr	5688	0.344	2012	12
m	Rr	5477	0.331	2012	11
m	Rr	5413	0.327	2012	10
m	Rr	4331	0.262	2012	09
m	Rr	3866	0.234	2012	08
m	Rr	4314	0.261	2012	07
m	Rr	4655	0.281	2012	06
m	Rr	6047	0.366	2012	05
m	Rr	5114	0.309	2012	04
m	Rr	6128	0.370	2012	03
m	Rr	5430	0.328	2012	02
m	Rr	4279	0.259	2012	01
m	Rr	5548	0.335	2011	12
m	Rr	4779	0.289	2011	11
m	Rr	5117	0.309	2011	10
m	Rr	5431	0.328	2011	09
m	Rr	6256	0.378	2011	08
m	Rr	5699	0.345	2011	07
m	Rr	5420	0.328	2011	06
m	Rr	3975	0.240	2011	05
m	Rr	0	0.000	2011	04
m	Rr	3608	0.218	2011	03
m	Rr	5171	0.313	2011	02
m	Rr	6011	0.363	2011	01
m	Rr	1603	0.097	2010	12
m	Rr	0	0.000	2010	11
m	Rr	0	0.000	2010	10
m	Rr	0	0.000	2010	09
m	Rr	0	0.000	2010	08
m	Rr	0	0.000	2010	07
m	Rr	4101	0.248	2010	06
m	Rr	5018	0.303	2010	05
m	Rr	4928	0.298	2010	04
m	Rr	5095	0.308	2010	03
m	Rr	1394	0.084	2010	02
m	Rr	0	0.000	2010	01
m	Rr	4665	0.282	2009	12
m	Rr	6187	0.374	2009	11
m	Rr	5498	0.332	2009	10
m	Rr	5066	0.306	2009	09
m	Rr	5718	0.346	2009	08
m	Rr	7436	0.450	2009	07
m	Rr	5685	0.344	2009	06
m	Rr	6120	0.370	2009	05
m	Rr	5310	0.321	2009	04
m	Rr	5515	0.333	2009	03
m	Rr	6123	0.370	2009	02
m	Rr	6387	0.386	2009	01
m	Rr	5763	0.348	2008	12
m	Rr	5420	0.328	2008	11
m	Rr	4722	0.285	2008	10
m	Rr	5435	0.329	2008	09
m	Rr	4843	0.293	2008	08
m	Rr	5382	0.325	2008	07
m	Rr	6082	0.368	2008	06
m	Rr	9946	0.601	2008	05
m	Rr	6420	0.388	2008	04
m	Rr	5431	0.328	2008	03
m	Rr	6469	0.391	2008	02
m	Rr	5907	0.357	2008	01
m	Rr	1700	0.103	2007	12
m	*BT	R	66720	2023	10
W	Rr	14	0.001	2024	01	28
W	Rr	9997	0.604	2024	01	21
W	Rr	13098	0.792	2024	01	14
W	Rr	15324	0.926	2024	01	07
W	Rr	12552	0.759	2023	12	31
W	Rr	11406	0.690	2023	12	24
W	Rr	11184	0.676	2023	12	17
W	Rr	13956	0.844	2023	12	10
W	Rr	13644	0.825	2023	12	03
W	Rr	12390	0.749	2023	11	26
W	Rr	11682	0.706	2023	11	19
W	Rr	15756	0.953	2023	11	12
W	Rr	16596	1.003	2023	11	05
W	Rr	16104	0.974	2023	10	29
W	Rr	13980	0.845	2023	10	22
W	Rr	15450	0.934	2023	10	15
W	Rr	14713	0.890	2023	10	08
W	Rr	14285	0.864	2023	10	01
W	Rr	14478	0.875	2023	09	24
W	Rr	11904	0.720	2023	09	17
W	Rr	10968	0.663	2023	09	10
W	Rr	10482	0.634	2023	09	03
W	Rr	10800	0.653	2023	08	27
W	Rr	14568	0.881	2023	08	20
W	Rr	12504	0.756	2023	08	13
W	Rr	12076	0.730	2023	08	06
W	Rr	10997	0.665	2023	07	30
W	Rr	13392	0.810	2023	07	23
W	Rr	13224	0.799	2023	07	16
W	Rr	16128	0.975	2023	07	09
W	Rr	13356	0.807	2023	07	02
W	Rr	12558	0.759	2023	06	25
W	Rr	17082	1.033	2023	06	18
W	Rr	16452	0.995	2023	06	11
W	Rr	15336	0.927	2023	06	04
W	Rr	13482	0.815	2023	05	28
W	Rr	16248	0.982	2023	05	21
W	Rr	15078	0.912	2023	05	14
W	Rr	17181	1.039	2023	05	07
W	Rr	4282	0.259	2023	04	30
W	Rr	2458	0.149	2023	04	23
W	Rr	2269	0.137	2023	04	16
W	Rr	1553	0.094	2023	04	09
W	Rr	2389	0.144	2023	04	02
W	Rr	1701	0.103	2023	03	26
W	Rr	1943	0.117	2023	03	19
W	Rr	2225	0.135	2023	03	12
W	Rr	2192	0.133	2023	03	05
W	Rr	4055	0.245	2023	02	26
W	Rr	2406	0.145	2023	02	19
W	Rr	1898	0.115	2023	02	12
W	Rr	1890	0.114	2023	02	05
W	Rr	1861	0.113	2023	01	29
W	Rr	1686	0.102	2023	01	22
W	Rr	1779	0.108	2023	01	15
W	Rr	1833	0.111	2023	01	08
W	Rr	2226	0.135	2023	01	01
W	Rr	1280	0.077	2022	12	25
W	Rr	1806	0.109	2022	12	18
W	Rr	1773	0.107	2022	12	11
W	Rr	1532	0.093	2022	12	04
W	Rr	1586	0.096	2022	11	27
W	Rr	1093	0.066	2022	11	20
W	Rr	1366	0.083	2022	11	13
W	Rr	1972	0.119	2022	11	06
W	Rr	1396	0.084	2022	10	30
W	Rr	1547	0.094	2022	10	23
W	Rr	1641	0.099	2022	10	16
W	Rr	1747	0.106	2022	10	09
W	Rr	1568	0.095	2022	10	02
W	Rr	1379	0.083	2022	09	25
W	Rr	1695	0.102	2022	09	18
W	Rr	1701	0.103	2022	09	11
W	Rr	1568	0.095	2022	09	04
W	Rr	1562	0.094	2022	08	28
W	Rr	1488	0.090	2022	08	21
W	Rr	1646	0.100	2022	08	14
W	Rr	1430	0.086	2022	08	07
W	Rr	1446	0.087	2022	07	31
W	Rr	1383	0.084	2022	07	24
W	Rr	1661	0.100	2022	07	17
W	Rr	1478	0.089	2022	07	10
W	Rr	1711	0.103	2022	07	03
W	Rr	1804	0.109	2022	06	26
W	Rr	1298	0.078	2022	06	19
W	Rr	1407	0.085	2022	06	12
W	Rr	1396	0.084	2022	06	05
W	Rr	1638	0.099	2022	05	29
W	Rr	1724	0.104	2022	05	22
W	Rr	2427	0.147	2022	05	15
W	Rr	2100	0.127	2022	05	08
W	Rr	1414	0.085	2022	05	01
W	Rr	1865	0.113	2022	04	24
W	Rr	1381	0.083	2022	04	17
W	Rr	1630	0.099	2022	04	10
W	Rr	1670	0.101	2022	04	03
W	Rr	1588	0.096	2022	03	27
W	Rr	1204	0.073	2022	03	20
W	Rr	1350	0.082	2022	03	13
W	Rr	1488	0.090	2022	03	06
W	Rr	1368	0.083	2022	02	27
W	Rr	1481	0.090	2022	02	20
W	Rr	1657	0.100	2022	02	13
W	Rr	1518	0.092	2022	02	06
W	Rr	1787	0.108	2022	01	30
W	Rr	2021	0.122	2022	01	23
W	Rr	1429	0.086	2022	01	16
W	Rr	1693	0.102	2022	01	09
W	Rr	1541	0.093	2022	01	02
W	Rr	1311	0.079	2021	12	26
W	Rr	1839	0.111	2021	12	19
W	Rr	1732	0.105	2021	12	12
W	Rr	2001	0.121	2021	12	05
W	Rr	1641	0.099	2021	11	28
W	Rr	1615	0.098	2021	11	21
W	Rr	1673	0.101	2021	11	14
W	Rr	1625	0.098	2021	11	07
W	Rr	1523	0.092	2021	10	31
W	Rr	1562	0.094	2021	10	24
W	Rr	1474	0.089	2021	10	17
W	Rr	1349	0.082	2021	10	10
W	Rr	1615	0.098	2021	10	03
W	Rr	1598	0.097	2021	09	26
W	Rr	1646	0.100	2021	09	19
W	Rr	1203	0.073	2021	09	12
W	Rr	1106	0.067	2021	09	05
W	Rr	1383	0.084	2021	08	29
W	Rr	1685	0.102	2021	08	22
W	Rr	2071	0.125	2021	08	15
W	Rr	2279	0.138	2021	08	08
W	Rr	2374	0.144	2021	08	01
W	Rr	2543	0.154	2021	07	25
W	Rr	2843	0.172	2021	07	18
W	Rr	2777	0.168	2021	07	11
W	Rr	2756	0.167	2021	07	04
W	Rr	2524	0.153	2021	06	27
W	Rr	2466	0.149	2021	06	20
W	Rr	2262	0.137	2021	06	13
W	Rr	2264	0.137	2021	06	06
W	Rr	2101	0.127	2021	05	30
W	Rr	3009	0.182	2021	05	23
W	Rr	1989	0.120	2021	05	16
W	Rr	2386	0.144	2021	05	09
W	Rr	2138	0.129	2021	05	02
W	Rr	1668	0.101	2021	04	25
W	Rr	2413	0.146	2021	04	18
W	Rr	3035	0.183	2021	04	11
W	Rr	2709	0.164	2021	04	04
W	Rr	1942	0.117	2021	03	28
W	Rr	1666	0.101	2021	03	21
W	Rr	1476	0.089	2021	03	14
W	Rr	1713	0.104	2021	03	07
W	Rr	1777	0.107	2021	02	28
W	Rr	1173	0.071	2021	02	21
W	Rr	1101	0.067	2021	02	14
W	Rr	1699	0.103	2021	02	07
W	Rr	1867	0.113	2021	01	31
W	Rr	1404	0.085	2021	01	24
W	Rr	1564	0.095	2021	01	17
W	Rr	1431	0.087	2021	01	10
W	Rr	1666	0.101	2021	01	03
W	Rr	1926	0.116	2020	12	27
W	Rr	1572	0.095	2020	12	20
W	Rr	1404	0.085	2020	12	13
W	Rr	2272	0.137	2020	12	06
W	Rr	1522	0.092	2020	11	29
W	Rr	1722	0.104	2020	11	22
W	Rr	1580	0.096	2020	11	15
W	Rr	1401	0.085	2020	11	08
W	Rr	1499	0.091	2020	11	01
W	Rr	1470	0.089	2020	10	25
W	Rr	2379	0.144	2020	10	18
W	Rr	1559	0.094	2020	10	11
W	Rr	1729	0.105	2020	10	04
W	Rr	1674	0.101	2020	09	27
W	Rr	1786	0.108	2020	09	20
W	Rr	2200	0.133	2020	09	13
W	Rr	1677	0.101	2020	09	06
W	Rr	1596	0.096	2020	08	30
W	Rr	1833	0.111	2020	08	23
W	Rr	1814	0.110	2020	08	16
W	Rr	2206	0.133	2020	08	09
W	Rr	1397	0.084	2020	08	02
W	Rr	1816	0.110	2020	07	26
W	Rr	1949	0.118	2020	07	19
W	Rr	1532	0.093	2020	07	12
W	Rr	1976	0.119	2020	07	05
W	Rr	1600	0.097	2020	06	28
W	Rr	1627	0.098	2020	06	21
W	Rr	2101	0.127	2020	06	14
W	Rr	1590	0.096	2020	06	07
W	Rr	1492	0.090	2020	05	31
W	Rr	1556	0.094	2020	05	24
W	Rr	1756	0.106	2020	05	17
W	Rr	1568	0.095	2020	05	10
W	Rr	1567	0.095	2020	05	03
W	Rr	1734	0.105	2020	04	26
W	Rr	1675	0.101	2020	04	19
W	Rr	1702	0.103	2020	04	12
W	Rr	1965	0.119	2020	04	05
W	Rr	1329	0.080	2020	03	29
W	Rr	1818	0.110	2020	03	22
W	Rr	1345	0.081	2020	03	15
W	Rr	1581	0.096	2020	03	08
W	Rr	2014	0.122	2020	03	01
W	Rr	1942	0.117	2020	02	23
W	Rr	1748	0.106	2020	02	16
W	Rr	1949	0.118	2020	02	09
W	Rr	1683	0.102	2020	02	02
W	Rr	1436	0.087	2020	01	26
W	Rr	1792	0.108	2020	01	19
W	Rr	1519	0.092	2020	01	12
W	Rr	1420	0.086	2020	01	05
W	Rr	1109	0.067	2019	12	29
W	Rr	1023	0.062	2019	12	22
W	Rr	1584	0.096	2019	12	15
W	Rr	1783	0.108	2019	12	08
W	Rr	1704	0.103	2019	12	01
W	Rr	1178	0.071	2019	11	24
W	Rr	1697	0.103	2019	11	17
W	Rr	1510	0.091	2019	11	10
W	Rr	1383	0.084	2019	11	03
W	Rr	1309	0.079	2019	10	27
W	Rr	1473	0.089	2019	10	20
W	Rr	1519	0.092	2019	10	13
W	Rr	1485	0.090	2019	10	06
W	Rr	1416	0.086	2019	09	29
W	Rr	1499	0.091	2019	09	22
W	Rr	1652	0.100	2019	09	15
W	Rr	1710	0.103	2019	09	08
W	Rr	1485	0.090	2019	09	01
W	Rr	1689	0.102	2019	08	25
W	Rr	1315	0.080	2019	08	18
W	Rr	1619	0.098	2019	08	11
W	Rr	1558	0.094	2019	08	04
W	Rr	1360	0.082	2019	07	28
W	Rr	1191	0.072	2019	07	21
W	Rr	1730	0.105	2019	07	14
W	Rr	1299	0.079	2019	07	07
W	Rr	1339	0.081	2019	06	30
W	Rr	1592	0.096	2019	06	23
W	Rr	1497	0.091	2019	06	16
W	Rr	1450	0.088	2019	06	09
W	Rr	1555	0.094	2019	06	02
W	Rr	1289	0.078	2019	05	26
W	Rr	1863	0.113	2019	05	19
W	Rr	1385	0.084	2019	05	12
W	Rr	1553	0.094	2019	05	05
W	Rr	1655	0.100	2019	04	28
W	Rr	1282	0.078	2019	04	21
W	Rr	1503	0.091	2019	04	14
W	Rr	1623	0.098	2019	04	07
W	Rr	1715	0.104	2019	03	31
W	Rr	1882	0.114	2019	03	24
W	Rr	1464	0.089	2019	03	17
W	Rr	1381	0.083	2019	03	10
W	Rr	1627	0.098	2019	03	03
W	Rr	1773	0.107	2019	02	24
W	Rr	1669	0.101	2019	02	17
W	Rr	1483	0.090	2019	02	10
W	Rr	1391	0.084	2019	02	03
W	Rr	1797	0.109	2019	01	27
W	Rr	1963	0.119	2019	01	20
W	Rr	2029	0.123	2019	01	13
W	Rr	1696	0.103	2019	01	06
W	Rr	1526	0.092	2018	12	30
W	Rr	1226	0.074	2018	12	23
W	Rr	1442	0.087	2018	12	16
W	Rr	1936	0.117	2018	12	09
W	Rr	1809	0.109	2018	12	02
W	Rr	1295	0.078	2018	11	25
W	Rr	1820	0.110	2018	11	18
W	Rr	1802	0.109	2018	11	11
W	Rr	0	0.000	2018	11	04
W	Rr	1473	0.089	2018	10	28
W	Rr	1106	0.067	2018	10	21
W	Rr	1427	0.086	2018	10	14
W	Rr	1214	0.073	2018	10	07
W	Rr	1168	0.071	2018	09	30
W	Rr	1420	0.086	2018	09	23
W	Rr	1197	0.072	2018	09	16
W	Rr	1388	0.084	2018	09	09
W	Rr	1320	0.080	2018	09	02
W	Rr	1246	0.075	2018	08	26
W	Rr	1214	0.073	2018	08	19
W	Rr	1366	0.083	2018	08	12
W	Rr	1195	0.072	2018	08	05
W	Rr	1346	0.081	2018	07	29
W	Rr	1374	0.083	2018	07	22
W	Rr	1508	0.091	2018	07	15
W	Rr	1522	0.092	2018	07	08
W	Rr	909	0.055	2018	07	01
W	Rr	1444	0.087	2018	06	24
W	Rr	2682	0.162	2018	06	17
W	Rr	1365	0.083	2018	06	10
W	Rr	1329	0.080	2018	06	03
W	Rr	1275	0.077	2018	05	27
W	Rr	1392	0.084	2018	05	20
W	Rr	1321	0.080	2018	05	13
W	Rr	1527	0.092	2018	05	06
W	Rr	1517	0.092	2018	04	29
W	Rr	0	0.000	2018	04	22
W	Rr	1364	0.082	2018	04	15
W	Rr	1712	0.104	2018	04	08
W	Rr	0	0.000	2018	04	01
W	Rr	1543	0.093	2018	03	25
W	Rr	1342	0.081	2018	03	18
W	Rr	2429	0.147	2018	03	11
W	Rr	0	0.000	2018	03	04
W	Rr	1366	0.083	2018	02	25
W	Rr	1308	0.079	2018	02	18
W	Rr	1439	0.087	2018	02	11
W	Rr	1731	0.105	2018	02	04
W	Rr	0	0.000	2018	01	28
W	Rr	1434	0.087	2018	01	21
W	Rr	1578	0.095	2018	01	14
W	Rr	1471	0.089	2018	01	07
W	Rr	1246	0.075	2017	12	31
W	Rr	1033	0.062	2017	12	24
W	Rr	1103	0.067	2017	12	17
W	Rr	1406	0.085	2017	12	10
W	Rr	0	0.000	2017	12	03
W	Rr	1335	0.081	2017	11	26
W	Rr	1427	0.086	2017	11	19
W	Rr	1662	0.100	2017	11	12
W	Rr	1414	0.085	2017	11	05
W	Rr	1349	0.082	2017	10	29
W	Rr	1208	0.073	2017	10	22
W	Rr	2013	0.122	2017	10	15
W	Rr	1832	0.111	2017	10	08
W	Rr	0	0.000	2017	10	01
W	Rr	0	0.000	2017	09	24
W	Rr	0	0.000	2017	09	17
W	Rr	0	0.000	2017	09	10
W	Rr	0	0.000	2017	09	03
W	Rr	0	0.000	2017	08	27
W	Rr	0	0.000	2017	08	20
W	Rr	0	0.000	2017	08	13
W	Rr	0	0.000	2017	08	06
W	Rr	0	0.000	2017	07	30
W	Rr	0	0.000	2017	07	23
W	Rr	0	0.000	2017	07	16
W	Rr	0	0.000	2017	07	09
W	Rr	0	0.000	2017	07	02
W	Rr	0	0.000	2017	06	25
W	Rr	0	0.000	2017	06	18
W	Rr	0	0.000	2017	06	11
W	Rr	0	0.000	2017	06	04
W	Rr	25	0.002	2017	05	28
W	Rr	1838	0.111	2017	05	21
W	Rr	1915	0.116	2017	05	14
W	Rr	1676	0.101	2017	05	07
W	Rr	1677	0.101	2017	04	30
W	Rr	2071	0.125	2017	04	23
W	Rr	1978	0.120	2017	04	16
W	Rr	1874	0.113	2017	04	09
W	Rr	3435	0.208	2017	04	02
W	Rr	2619	0.158	2017	03	26
W	Rr	2633	0.159	2017	03	19
W	Rr	2413	0.146	2017	03	12
W	Rr	3092	0.187	2017	03	05
W	Rr	2295	0.139	2017	02	26
W	Rr	2204	0.133	2017	02	19
W	Rr	1869	0.113	2017	02	12
W	Rr	1973	0.119	2017	02	05
W	Rr	1783	0.108	2017	01	29
W	Rr	1768	0.107	2017	01	22
W	Rr	1585	0.096	2017	01	15
W	Rr	1768	0.107	2017	01	08
W	Rr	1740	0.105	2017	01	01
W	Rr	1549	0.094	2016	12	25
W	Rr	2202	0.133	2016	12	18
W	Rr	1812	0.110	2016	12	11
W	Rr	2648	0.160	2016	12	04
W	Rr	2236	0.135	2016	11	27
W	Rr	1321	0.080	2016	11	20
W	Rr	1996	0.121	2016	11	13
W	Rr	1716	0.104	2016	11	06
W	Rr	1564	0.095	2016	10	30
W	Rr	1362	0.082	2016	10	23
W	Rr	1707	0.103	2016	10	16
W	Rr	1696	0.103	2016	10	09
W	Rr	36	0.002	2016	10	02
W	Rr	2002	0.121	2016	09	25
W	Rr	1399	0.085	2016	09	18
W	Rr	1199	0.072	2016	09	11
W	Rr	1326	0.080	2016	09	04
W	Rr	1316	0.080	2016	08	28
W	Rr	1257	0.076	2016	08	21
W	Rr	1208	0.073	2016	08	14
W	Rr	1602	0.097	2016	08	07
W	Rr	1319	0.080	2016	07	31
W	Rr	1796	0.109	2016	07	24
W	Rr	1171	0.071	2016	07	17
W	Rr	1167	0.071	2016	07	10
W	Rr	917	0.055	2016	07	03
W	Rr	920	0.056	2016	06	26
W	Rr	1179	0.071	2016	06	19
W	Rr	1288	0.078	2016	06	12
W	Rr	1237	0.075	2016	06	05
W	Rr	1263	0.076	2016	05	29
W	Rr	1338	0.081	2016	05	22
W	Rr	1184	0.072	2016	05	15
W	Rr	1365	0.083	2016	05	08
W	Rr	974	0.059	2016	05	01
W	Rr	1311	0.079	2016	04	24
W	Rr	1127	0.068	2016	04	17
W	Rr	1248	0.075	2016	04	10
W	Rr	1451	0.088	2016	04	03
W	Rr	987	0.060	2016	03	27
W	Rr	1233	0.075	2016	03	20
W	Rr	1347	0.081	2016	03	13
W	Rr	1347	0.081	2016	03	06
W	Rr	1236	0.075	2016	02	28
W	Rr	1422	0.086	2016	02	21
W	Rr	1085	0.066	2016	02	14
W	Rr	1427	0.086	2016	02	07
W	Rr	1359	0.082	2016	01	31
W	Rr	1708	0.103	2016	01	24
W	Rr	1476	0.089	2016	01	17
W	Rr	1563	0.094	2016	01	10
W	Rr	1381	0.083	2016	01	03
W	Rr	1273	0.077	2015	12	27
W	Rr	1084	0.066	2015	12	20
W	Rr	1344	0.081	2015	12	13
W	Rr	1336	0.081	2015	12	06
W	Rr	1123	0.068	2015	11	29
W	Rr	960	0.058	2015	11	22
W	Rr	1337	0.081	2015	11	15
W	Rr	1400	0.085	2015	11	08
W	Rr	1383	0.084	2015	11	01
W	Rr	1250	0.076	2015	10	25
W	Rr	1366	0.083	2015	10	18
W	Rr	1367	0.083	2015	10	11
W	Rr	1214	0.073	2015	10	04
W	Rr	1152	0.070	2015	09	27
W	Rr	1387	0.084	2015	09	20
W	Rr	1655	0.100	2015	09	13
W	Rr	1526	0.092	2015	09	06
W	Rr	1242	0.075	2015	08	30
W	Rr	1800	0.109	2015	08	23
W	Rr	1527	0.092	2015	08	16
W	Rr	1386	0.084	2015	08	09
W	Rr	1593	0.096	2015	08	02
W	Rr	1567	0.095	2015	07	26
W	Rr	1980	0.120	2015	07	19
W	Rr	2180	0.132	2015	07	12
W	Rr	2008	0.121	2015	07	05
W	Rr	2297	0.139	2015	06	28
W	Rr	1556	0.094	2015	06	21
W	Rr	1380	0.083	2015	06	14
W	Rr	2013	0.122	2015	06	07
W	Rr	1651	0.100	2015	05	31
W	Rr	1224	0.074	2015	05	24
W	Rr	1355	0.082	2015	05	17
W	Rr	1179	0.071	2015	05	10
W	Rr	1436	0.087	2015	05	03
W	Rr	1671	0.101	2015	04	26
W	Rr	1878	0.114	2015	04	19
W	Rr	2326	0.141	2015	04	12
W	Rr	2636	0.159	2015	04	05
W	Rr	2297	0.139	2015	03	29
W	Rr	1237	0.075	2015	03	22
W	Rr	1453	0.088	2015	03	15
W	Rr	1399	0.085	2015	03	08
W	Rr	1287	0.078	2015	03	01
W	Rr	1249	0.076	2015	02	22
W	Rr	1373	0.083	2015	02	15
W	Rr	1790	0.108	2015	02	08
W	Rr	1672	0.101	2015	02	01
W	Rr	1543	0.093	2015	01	25
W	Rr	1463	0.088	2015	01	18
W	Rr	1696	0.103	2015	01	11
W	Rr	1707	0.103	2015	01	04
W	Rr	1833	0.111	2014	12	28
W	Rr	1335	0.081	2014	12	21
W	Rr	1644	0.099	2014	12	14
W	Rr	1541	0.093	2014	12	07
W	Rr	1335	0.081	2014	11	30
W	Rr	1262	0.076	2014	11	23
W	Rr	2009	0.121	2014	11	16
W	Rr	1566	0.095	2014	11	09
W	Rr	1814	0.110	2014	11	02
W	Rr	1452	0.088	2014	10	26
W	Rr	1642	0.099	2014	10	19
W	Rr	1795	0.109	2014	10	12
W	Rr	1836	0.111	2014	10	05
W	Rr	1662	0.100	2014	09	28
W	Rr	1843	0.111	2014	09	21
W	Rr	1678	0.101	2014	09	14
W	Rr	1598	0.097	2014	09	07
W	Rr	1418	0.086	2014	08	31
W	Rr	1584	0.096	2014	08	24
W	Rr	1571	0.095	2014	08	17
W	Rr	1727	0.104	2014	08	10
W	Rr	1927	0.117	2014	08	03
W	Rr	1691	0.102	2014	07	27
W	Rr	1702	0.103	2014	07	20
W	Rr	1624	0.098	2014	07	13
W	Rr	1831	0.111	2014	07	06
W	Rr	1867	0.113	2014	06	29
W	Rr	1927	0.117	2014	06	22
W	Rr	2134	0.129	2014	06	15
W	Rr	4851	0.293	2014	06	08
W	Rr	2293	0.139	2014	06	01
W	Rr	3180	0.192	2014	05	25
W	Rr	1468	0.089	2014	05	18
W	Rr	1808	0.109	2014	05	11
W	Rr	1998	0.121	2014	05	04
W	Rr	1876	0.113	2014	04	27
W	Rr	2330	0.141	2014	04	20
W	Rr	2565	0.155	2014	04	13
W	Rr	2652	0.160	2014	04	06
W	Rr	2574	0.156	2014	03	30
W	Rr	1186	0.072	2014	03	23
W	Rr	1305	0.079	2014	03	16
W	Rr	2273	0.137	2014	03	09
W	Rr	2231	0.135	2014	03	02
W	Rr	1925	0.116	2014	02	23
W	Rr	7060	0.427	2014	02	16
W	Rr	2854	0.173	2014	02	09
W	Rr	3190	0.193	2014	02	02
W	Rr	3743	0.226	2014	01	26
W	Rr	3643	0.220	2014	01	19
W	Rr	2961	0.179	2014	01	12
W	Rr	2319	0.140	2014	01	05
W	Rr	981	0.059	2013	12	29
W	Rr	1108	0.067	2013	12	22
W	Rr	1226	0.074	2013	12	15
W	Rr	1285	0.078	2013	12	08
W	Rr	1289	0.078	2013	12	01
W	Rr	1404	0.085	2013	11	24
W	Rr	1142	0.069	2013	11	17
W	Rr	1334	0.081	2013	11	10
W	Rr	1277	0.077	2013	11	03
W	Rr	1035	0.063	2013	10	27
W	Rr	1309	0.079	2013	10	20
W	Rr	1302	0.079	2013	10	13
W	Rr	1432	0.087	2013	10	06
W	Rr	1178	0.071	2013	09	29
W	Rr	947	0.057	2013	09	22
W	Rr	1254	0.076	2013	09	15
W	Rr	1099	0.066	2013	09	08
W	Rr	1053	0.064	2013	09	01
W	Rr	1010	0.061	2013	08	25
W	Rr	1102	0.067	2013	08	18
W	Rr	1063	0.064	2013	08	11
W	Rr	1105	0.067	2013	08	04
W	Rr	1377	0.083	2013	07	28
W	Rr	1498	0.091	2013	07	21
W	Rr	1295	0.078	2013	07	14
W	Rr	1237	0.075	2013	07	07
W	Rr	1003	0.061	2013	06	30
W	Rr	1275	0.077	2013	06	23
W	Rr	1072	0.065	2013	06	16
W	Rr	1249	0.076	2013	06	09
W	Rr	1521	0.092	2013	06	02
W	Rr	1256	0.076	2013	05	26
W	Rr	1091	0.066	2013	05	19
W	Rr	1359	0.082	2013	05	12
W	Rr	1130	0.068	2013	05	05
W	Rr	1215	0.073	2013	04	28
W	Rr	1368	0.083	2013	04	21
W	Rr	1318	0.080	2013	04	14
W	Rr	1408	0.085	2013	04	07
W	Rr	1277	0.077	2013	03	31
W	Rr	1452	0.088	2013	03	24
W	Rr	1418	0.086	2013	03	17
W	Rr	1217	0.074	2013	03	10
W	Rr	1490	0.090	2013	03	03
W	Rr	1353	0.082	2013	02	24
W	Rr	1268	0.077	2013	02	17
W	Rr	1274	0.077	2013	02	10
W	Rr	1153	0.070	2013	02	03
W	Rr	1266	0.077	2013	01	27
W	Rr	1271	0.077	2013	01	20
W	Rr	1449	0.088	2013	01	13
W	Rr	1253	0.076	2013	01	06
W	Rr	1309	0.079	2012	12	30
W	Rr	1156	0.070	2012	12	23
W	Rr	1336	0.081	2012	12	16
W	Rr	1575	0.095	2012	12	09
W	Rr	1087	0.066	2012	12	02
W	Rr	1376	0.083	2012	11	25
W	Rr	1136	0.069	2012	11	18
W	Rr	1341	0.081	2012	11	11
W	Rr	1418	0.086	2012	11	04
W	Rr	1103	0.067	2012	10	28
W	Rr	1200	0.073	2012	10	21
W	Rr	1382	0.084	2012	10	14
W	Rr	1127	0.068	2012	10	07
W	Rr	1187	0.072	2012	09	30
W	Rr	1172	0.071	2012	09	23
W	Rr	1034	0.063	2012	09	16
W	Rr	944	0.057	2012	09	09
W	Rr	958	0.058	2012	09	02
W	Rr	734	0.044	2012	08	26
W	Rr	881	0.053	2012	08	19
W	Rr	874	0.053	2012	08	12
W	Rr	973	0.059	2012	08	05
W	Rr	1010	0.061	2012	07	29
W	Rr	943	0.057	2012	07	22
W	Rr	1089	0.066	2012	07	15
W	Rr	888	0.054	2012	07	08
W	Rr	845	0.051	2012	07	01
W	Rr	1070	0.065	2012	06	24
W	Rr	1050	0.063	2012	06	17
W	Rr	1271	0.077	2012	06	10
W	Rr	957	0.058	2012	06	03
W	Rr	1249	0.076	2012	05	27
W	Rr	1055	0.064	2012	05	20
W	Rr	1392	0.084	2012	05	13
W	Rr	1140	0.069	2012	05	06
W	Rr	1807	0.109	2012	04	29
W	Rr	1225	0.074	2012	04	22
W	Rr	1264	0.076	2012	04	15
W	Rr	1075	0.065	2012	04	08
W	Rr	1261	0.076	2012	04	01
W	Rr	1345	0.081	2012	03	25
W	Rr	1254	0.076	2012	03	18
W	Rr	1478	0.089	2012	03	11
W	Rr	1503	0.091	2012	03	04
W	Rr	1532	0.093	2012	02	26
W	Rr	1464	0.089	2012	02	19
W	Rr	1154	0.070	2012	02	12
W	Rr	1240	0.075	2012	02	05
W	Rr	1088	0.066	2012	01	29
W	Rr	1125	0.068	2012	01	22
W	Rr	60	0.004	2012	01	15
W	Rr	1472	0.089	2012	01	08
W	Rr	1122	0.068	2012	01	01
W	Rr	888	0.054	2011	12	25
W	Rr	1360	0.082	2011	12	18
W	Rr	1486	0.090	2011	12	11
W	Rr	1330	0.080	2011	12	04
W	Rr	1094	0.066	2011	11	27
W	Rr	1062	0.064	2011	11	20
W	Rr	1123	0.068	2011	11	13
W	Rr	975	0.059	2011	11	06
W	Rr	1264	0.076	2011	10	30
W	Rr	1140	0.069	2011	10	23
W	Rr	1211	0.073	2011	10	16
W	Rr	1236	0.075	2011	10	09
W	Rr	1128	0.068	2011	10	02
W	Rr	1083	0.065	2011	09	25
W	Rr	1451	0.088	2011	09	18
W	Rr	1278	0.077	2011	09	11
W	Rr	1219	0.074	2011	09	04
W	Rr	1316	0.080	2011	08	28
W	Rr	1119	0.068	2011	08	21
W	Rr	1484	0.090	2011	08	14
W	Rr	1671	0.101	2011	08	07
W	Rr	1319	0.080	2011	07	31
W	Rr	1197	0.072	2011	07	24
W	Rr	1504	0.091	2011	07	17
W	Rr	1367	0.083	2011	07	10
W	Rr	1205	0.073	2011	07	03
W	Rr	1333	0.081	2011	06	26
W	Rr	1059	0.064	2011	06	19
W	Rr	1353	0.082	2011	06	12
W	Rr	1275	0.077	2011	06	05
W	Rr	983	0.059	2011	05	29
W	Rr	1262	0.076	2011	05	22
W	Rr	1374	0.083	2011	05	15
W	Rr	1076	0.065	2011	05	08
W	Rr	0	0.000	2011	05	01
W	Rr	0	0.000	2011	04	24
W	Rr	0	0.000	2011	04	17
W	Rr	0	0.000	2011	04	10
W	Rr	0	0.000	2011	04	03
W	Rr	0	0.000	2011	03	27
W	Rr	24	0.001	2011	03	20
W	Rr	1317	0.080	2011	03	13
W	Rr	1258	0.076	2011	03	06
W	Rr	1372	0.083	2011	02	27
W	Rr	1226	0.074	2011	02	20
W	Rr	1524	0.092	2011	02	13
W	Rr	1366	0.083	2011	02	06
W	Rr	958	0.058	2011	01	30
W	Rr	1273	0.077	2011	01	23
W	Rr	1560	0.094	2011	01	16
W	Rr	1472	0.089	2011	01	09
W	Rr	1310	0.079	2011	01	02
W	Rr	798	0.048	2010	12	26
W	Rr	935	0.057	2010	12	19
W	Rr	0	0.000	2010	12	12
W	Rr	0	0.000	2010	12	05
W	Rr	0	0.000	2010	11	28
W	Rr	0	0.000	2010	11	21
W	Rr	0	0.000	2010	11	14
W	Rr	0	0.000	2010	11	07
W	Rr	0	0.000	2010	10	31
W	Rr	0	0.000	2010	10	24
W	Rr	0	0.000	2010	10	17
W	Rr	0	0.000	2010	10	10
W	Rr	0	0.000	2010	10	03
W	Rr	0	0.000	2010	09	26
W	Rr	0	0.000	2010	09	19
W	Rr	0	0.000	2010	09	12
W	Rr	0	0.000	2010	09	05
W	Rr	0	0.000	2010	08	29
W	Rr	0	0.000	2010	08	22
W	Rr	0	0.000	2010	08	15
W	Rr	0	0.000	2010	08	08
W	Rr	0	0.000	2010	08	01
W	Rr	0	0.000	2010	07	25
W	Rr	0	0.000	2010	07	18
W	Rr	0	0.000	2010	07	11
W	Rr	0	0.000	2010	07	04
W	Rr	15	0.001	2010	06	27
W	Rr	914	0.055	2010	06	20
W	Rr	1104	0.067	2010	06	13
W	Rr	1096	0.066	2010	06	06
W	Rr	1171	0.071	2010	05	30
W	Rr	1115	0.067	2010	05	23
W	Rr	1170	0.071	2010	05	16
W	Rr	1334	0.081	2010	05	09
W	Rr	1109	0.067	2010	05	02
W	Rr	1067	0.065	2010	04	25
W	Rr	1212	0.073	2010	04	18
W	Rr	1054	0.064	2010	04	11
W	Rr	1325	0.080	2010	04	04
W	Rr	811	0.049	2010	03	28
W	Rr	1195	0.072	2010	03	21
W	Rr	1338	0.081	2010	03	14
W	Rr	1113	0.067	2010	03	07
W	Rr	1103	0.067	2010	02	28
W	Rr	1290	0.078	2010	02	21
W	Rr	0	0.000	2010	02	14
W	Rr	0	0.000	2010	02	07
W	Rr	0	0.000	2010	01	31
W	Rr	0	0.000	2010	01	24
W	Rr	0	0.000	2010	01	17
W	Rr	0	0.000	2010	01	10
W	Rr	0	0.000	2010	01	03
W	Rr	78	0.005	2009	12	27
W	Rr	945	0.057	2009	12	20
W	Rr	1140	0.069	2009	12	13
W	Rr	1323	0.080	2009	12	06
W	Rr	1518	0.092	2009	11	29
W	Rr	1352	0.082	2009	11	22
W	Rr	1346	0.081	2009	11	15
W	Rr	1416	0.086	2009	11	08
W	Rr	1734	0.105	2009	11	01
W	Rr	1035	0.063	2009	10	25
W	Rr	1297	0.078	2009	10	18
W	Rr	1267	0.077	2009	10	11
W	Rr	1440	0.087	2009	10	04
W	Rr	1521	0.092	2009	09	27
W	Rr	1121	0.068	2009	09	20
W	Rr	875	0.053	2009	09	13
W	Rr	1032	0.062	2009	09	06
W	Rr	1283	0.078	2009	08	30
W	Rr	1214	0.073	2009	08	23
W	Rr	1402	0.085	2009	08	16
W	Rr	1260	0.076	2009	08	09
W	Rr	1404	0.085	2009	08	02
W	Rr	1380	0.083	2009	07	26
W	Rr	1470	0.089	2009	07	19
W	Rr	1750	0.106	2009	07	12
W	Rr	1847	0.112	2009	07	05
W	Rr	1889	0.114	2009	06	28
W	Rr	1312	0.079	2009	06	21
W	Rr	1093	0.066	2009	06	14
W	Rr	1363	0.082	2009	06	07
W	Rr	1251	0.076	2009	05	31
W	Rr	1352	0.082	2009	05	24
W	Rr	1133	0.068	2009	05	17
W	Rr	1887	0.114	2009	05	10
W	Rr	1369	0.083	2009	05	03
W	Rr	1089	0.066	2009	04	26
W	Rr	1160	0.070	2009	04	19
W	Rr	1189	0.072	2009	04	12
W	Rr	1529	0.092	2009	04	05
W	Rr	1155	0.070	2009	03	29
W	Rr	1230	0.074	2009	03	22
W	Rr	1029	0.062	2009	03	15
W	Rr	1234	0.075	2009	03	08
W	Rr	1486	0.090	2009	03	01
W	Rr	1470	0.089	2009	02	22
W	Rr	1198	0.072	2009	02	15
W	Rr	1802	0.109	2009	02	08
W	Rr	1653	0.100	2009	02	01
W	Rr	1346	0.081	2009	01	25
W	Rr	1431	0.087	2009	01	18
W	Rr	1678	0.101	2009	01	11
W	Rr	1591	0.096	2009	01	04
W	Rr	886	0.054	2008	12	28
W	Rr	1148	0.069	2008	12	21
W	Rr	1428	0.086	2008	12	14
W	Rr	1508	0.091	2008	12	07
W	Rr	1194	0.072	2008	11	30
W	Rr	1070	0.065	2008	11	23
W	Rr	1396	0.084	2008	11	16
W	Rr	1255	0.076	2008	11	09
W	Rr	1314	0.079	2008	11	02
W	Rr	1397	0.084	2008	10	26
W	Rr	1638	0.099	2008	10	19
W	Rr	1298	0.078	2008	10	12
W	Rr	430	0.026	2008	10	05
W	Rr	723	0.044	2008	09	28
W	Rr	1308	0.079	2008	09	21
W	Rr	1242	0.075	2008	09	14
W	Rr	1409	0.085	2008	09	07
W	Rr	1142	0.069	2008	08	31
W	Rr	1022	0.062	2008	08	24
W	Rr	1062	0.064	2008	08	17
W	Rr	1188	0.072	2008	08	10
W	Rr	1232	0.074	2008	08	03
W	Rr	1050	0.063	2008	07	27
W	Rr	1272	0.077	2008	07	20
W	Rr	1305	0.079	2008	07	13
W	Rr	1093	0.066	2008	07	06
W	Rr	1182	0.071	2008	06	29
W	Rr	1937	0.117	2008	06	22
W	Rr	1493	0.090	2008	06	15
W	Rr	1083	0.065	2008	06	08
W	Rr	1283	0.078	2008	06	01
W	Rr	1432	0.087	2008	05	25
W	Rr	1726	0.104	2008	05	18
W	Rr	1580	0.096	2008	05	11
W	Rr	2661	0.161	2008	05	04
W	Rr	3648	0.221	2008	04	27
W	Rr	1400	0.085	2008	04	20
W	Rr	1365	0.083	2008	04	13
W	Rr	1213	0.073	2008	04	06
W	Rr	1670	0.101	2008	03	30
W	Rr	1211	0.073	2008	03	23
W	Rr	1144	0.069	2008	03	16
W	Rr	1301	0.079	2008	03	09
W	Rr	1292	0.078	2008	03	02
W	Rr	1427	0.086	2008	02	24
W	Rr	2207	0.133	2008	02	17
W	Rr	1124	0.068	2008	02	10
W	Rr	1561	0.094	2008	02	03
W	Rr	1533	0.093	2008	01	27
W	Rr	1389	0.084	2008	01	20
W	Rr	1133	0.068	2008	01	13
W	Rr	1404	0.085	2008	01	06
W	Rr	976	0.059	2007	12	30
W	Rr	801	0.048	2007	12	23
W	Rr	675	0.041	2007	12	16
W	*BT	R	17181	2023	05	07
D	Rr	14	0.001	2024	01	28
D	Rr	325	0.020	2024	01	27
D	Rr	493	0.030	2024	01	26
D	Rr	1490	0.090	2024	01	25
D	Rr	2171	0.131	2024	01	24
D	Rr	2086	0.126	2024	01	23
D	Rr	1902	0.115	2024	01	22
D	Rr	1530	0.092	2024	01	21
D	Rr	1194	0.072	2024	01	20
D	Rr	1446	0.087	2024	01	19
D	Rr	1902	0.115	2024	01	18
D	Rr	2124	0.128	2024	01	17
D	Rr	1632	0.099	2024	01	16
D	Rr	1800	0.109	2024	01	15
D	Rr	3000	0.181	2024	01	14
D	Rr	1842	0.111	2024	01	13
D	Rr	2844	0.172	2024	01	12
D	Rr	1596	0.096	2024	01	11
D	Rr	2184	0.132	2024	01	10
D	Rr	2460	0.149	2024	01	09
D	Rr	2712	0.164	2024	01	08
D	Rr	1686	0.102	2024	01	07
D	Rr	1374	0.083	2024	01	06
D	Rr	1218	0.074	2024	01	05
D	Rr	2268	0.137	2024	01	04
D	Rr	2400	0.145	2024	01	03
D	Rr	2646	0.160	2024	01	02
D	Rr	1524	0.092	2024	01	01
D	Rr	1122	0.068	2023	12	31
D	Rr	2364	0.143	2023	12	30
D	Rr	1284	0.078	2023	12	29
D	Rr	1590	0.096	2023	12	28
D	Rr	1296	0.078	2023	12	27
D	Rr	1926	0.116	2023	12	26
D	Rr	552	0.033	2023	12	25
D	Rr	2394	0.145	2023	12	24
D	Rr	2136	0.129	2023	12	23
D	Rr	1476	0.089	2023	12	22
D	Rr	1188	0.072	2023	12	21
D	Rr	1608	0.097	2023	12	20
D	Rr	1902	0.115	2023	12	19
D	Rr	1944	0.118	2023	12	18
D	*BT	R	5220	2023	05	08
d	Rr	196593	11.885	Sun
d	Rr	263676	15.941	Mon
d	Rr	266026	16.083	Tue
d	Rr	273064	16.509	Wed
d	Rr	263877	15.953	Thu
d	Rr	250180	15.125	Fri
d	Rr	140653	8.503	Sat
H	Rr	3	0.000	2024	01	28	05
H	Rr	3	0.000	2024	01	28	04
H	Rr	3	0.000	2024	01	28	03
H	Rr	0	0.000	2024	01	28	02
H	Rr	1	0.000	2024	01	28	01
H	Rr	4	0.000	2024	01	28	00
H	Rr	48	0.003	2024	01	27	23
H	Rr	8	0.000	2024	01	27	22
H	Rr	2	0.000	2024	01	27	21
H	Rr	33	0.002	2024	01	27	20
H	Rr	3	0.000	2024	01	27	19
H	Rr	39	0.002	2024	01	27	18
H	Rr	8	0.000	2024	01	27	17
H	Rr	36	0.002	2024	01	27	16
H	Rr	7	0.000	2024	01	27	15
H	Rr	6	0.000	2024	01	27	14
H	Rr	16	0.001	2024	01	27	13
H	Rr	0	0.000	2024	01	27	12
H	Rr	1	0.000	2024	01	27	11
H	Rr	7	0.000	2024	01	27	10
H	Rr	3	0.000	2024	01	27	09
H	Rr	33	0.002	2024	01	27	08
H	Rr	6	0.000	2024	01	27	07
H	Rr	3	0.000	2024	01	27	06
H	Rr	10	0.001	2024	01	27	05
H	Rr	18	0.001	2024	01	27	04
H	Rr	4	0.000	2024	01	27	03
H	Rr	10	0.001	2024	01	27	02
H	Rr	16	0.001	2024	01	27	01
H	Rr	8	0.000	2024	01	27	00
H	Rr	76	0.005	2024	01	26	23
H	Rr	8	0.000	2024	01	26	22
H	Rr	10	0.001	2024	01	26	21
H	Rr	4	0.000	2024	01	26	20
H	Rr	4	0.000	2024	01	26	19
H	Rr	2	0.000	2024	01	26	18
H	Rr	10	0.001	2024	01	26	17
H	Rr	82	0.005	2024	01	26	16
H	Rr	0	0.000	2024	01	26	15
H	Rr	2	0.000	2024	01	26	14
H	Rr	16	0.001	2024	01	26	13
H	Rr	4	0.000	2024	01	26	12
H	Rr	18	0.001	2024	01	26	11
H	Rr	96	0.006	2024	01	26	10
H	Rr	8	0.000	2024	01	26	09
H	Rr	10	0.001	2024	01	26	08
H	Rr	40	0.002	2024	01	26	07
H	Rr	4	0.000	2024	01	26	06
H	Rr	33	0.002	2024	01	26	05
H	Rr	6	0.000	2024	01	26	04
H	Rr	12	0.001	2024	01	26	03
H	Rr	6	0.000	2024	01	26	02
H	Rr	9	0.001	2024	01	26	01
H	Rr	33	0.002	2024	01	26	00
H	Rr	18	0.001	2024	01	25	23
H	Rr	96	0.006	2024	01	25	22
H	Rr	66	0.004	2024	01	25	21
H	Rr	117	0.007	2024	01	25	20
H	Rr	57	0.003	2024	01	25	19
H	Rr	87	0.005	2024	01	25	18
H	Rr	12	0.001	2024	01	25	17
H	Rr	3	0.000	2024	01	25	16
H	Rr	12	0.001	2024	01	25	15
H	Rr	12	0.001	2024	01	25	14
H	Rr	33	0.002	2024	01	25	13
H	Rr	108	0.007	2024	01	25	12
H	Rr	87	0.005	2024	01	25	11
H	Rr	18	0.001	2024	01	25	10
H	Rr	12	0.001	2024	01	25	09
H	Rr	117	0.007	2024	01	25	08
H	Rr	21	0.001	2024	01	25	07
H	Rr	138	0.008	2024	01	25	06
H	*BT	R	1302	2023	11	30	17
h	Rr	64292	3.887	00
h	Rr	61056	3.691	01
h	Rr	62856	3.800	02
h	Rr	64390	3.893	03
h	Rr	62792	3.796	04
h	Rr	60952	3.685	05
h	Rr	57081	3.451	06
h	Rr	57915	3.501	07
h	Rr	53947	3.261	08
h	Rr	50751	3.068	09
h	Rr	55362	3.347	10
h	Rr	58311	3.525	11
h	Rr	57232	3.460	12
h	Rr	62634	3.787	13
h	Rr	76665	4.635	14
h	Rr	81873	4.950	15
h	Rr	88991	5.380	16
h	Rr	91909	5.557	17
h	Rr	90970	5.500	18
h	Rr	89061	5.384	19
h	Rr	84966	5.137	20
h	Rr	80969	4.895	21
h	Rr	70390	4.256	22
h	Rr	68704	4.154	23
4	Rr	1	0.000	2024	01	28	05	45
4	Rr	0	0.000	2024	01	28	05	30
4	Rr	2	0.000	2024	01	28	05	15
4	Rr	0	0.000	2024	01	28	05	00
4	Rr	1	0.000	2024	01	28	04	45
4	Rr	1	0.000	2024	01	28	04	30
4	Rr	1	0.000	2024	01	28	04	15
4	Rr	0	0.000	2024	01	28	04	00
4	Rr	0	0.000	2024	01	28	03	45
4	Rr	2	0.000	2024	01	28	03	30
4	Rr	0	0.000	2024	01	28	03	15
4	Rr	1	0.000	2024	01	28	03	00
4	Rr	0	0.000	2024	01	28	02	45
4	Rr	0	0.000	2024	01	28	02	30
4	Rr	0	0.000	2024	01	28	02	15
4	Rr	0	0.000	2024	01	28	02	00
4	Rr	0	0.000	2024	01	28	01	45
4	Rr	0	0.000	2024	01	28	01	30
4	Rr	0	0.000	2024	01	28	01	15
4	Rr	1	0.000	2024	01	28	01	00
4	Rr	1	0.000	2024	01	28	00	45
4	Rr	1	0.000	2024	01	28	00	30
4	Rr	2	0.000	2024	01	28	00	15
4	Rr	0	0.000	2024	01	28	00	00
4	Rr	0	0.000	2024	01	27	23	45
4	Rr	0	0.000	2024	01	27	23	30
4	Rr	0	0.000	2024	01	27	23	15
4	Rr	48	0.003	2024	01	27	23	00
4	Rr	0	0.000	2024	01	27	22	45
4	Rr	4	0.000	2024	01	27	22	30
4	Rr	2	0.000	2024	01	27	22	15
4	Rr	2	0.000	2024	01	27	22	00
4	Rr	0	0.000	2024	01	27	21	45
4	Rr	1	0.000	2024	01	27	21	30
4	Rr	0	0.000	2024	01	27	21	15
4	Rr	1	0.000	2024	01	27	21	00
4	Rr	1	0.000	2024	01	27	20	45
4	Rr	32	0.002	2024	01	27	20	30
4	Rr	0	0.000	2024	01	27	20	15
4	Rr	0	0.000	2024	01	27	20	00
4	Rr	0	0.000	2024	01	27	19	45
4	Rr	3	0.000	2024	01	27	19	30
4	Rr	0	0.000	2024	01	27	19	15
4	Rr	0	0.000	2024	01	27	19	00
4	Rr	1	0.000	2024	01	27	18	45
4	Rr	0	0.000	2024	01	27	18	30
4	Rr	6	0.000	2024	01	27	18	15
4	Rr	32	0.002	2024	01	27	18	00
4	Rr	1	0.000	2024	01	27	17	45
4	Rr	1	0.000	2024	01	27	17	30
4	Rr	4	0.000	2024	01	27	17	15
4	Rr	2	0.000	2024	01	27	17	00
4	Rr	2	0.000	2024	01	27	16	45
4	Rr	2	0.000	2024	01	27	16	30
4	Rr	0	0.000	2024	01	27	16	15
4	Rr	32	0.002	2024	01	27	16	00
4	Rr	2	0.000	2024	01	27	15	45
4	Rr	1	0.000	2024	01	27	15	30
4	Rr	0	0.000	2024	01	27	15	15
4	Rr	4	0.000	2024	01	27	15	00
4	Rr	2	0.000	2024	01	27	14	45
4	Rr	0	0.000	2024	01	27	14	30
4	Rr	1	0.000	2024	01	27	14	15
4	Rr	3	0.000	2024	01	27	14	00
4	Rr	0	0.000	2024	01	27	13	45
4	Rr	2	0.000	2024	01	27	13	30
4	Rr	14	0.001	2024	01	27	13	15
4	Rr	0	0.000	2024	01	27	13	00
4	Rr	0	0.000	2024	01	27	12	45
4	Rr	0	0.000	2024	01	27	12	30
4	Rr	0	0.000	2024	01	27	12	15
4	Rr	0	0.000	2024	01	27	12	00
4	Rr	1	0.000	2024	01	27	11	45
4	Rr	0	0.000	2024	01	27	11	30
4	Rr	0	0.000	2024	01	27	11	15
4	Rr	0	0.000	2024	01	27	11	00
4	Rr	1	0.000	2024	01	27	10	45
4	Rr	3	0.000	2024	01	27	10	30
4	Rr	2	0.000	2024	01	27	10	15
4	Rr	1	0.000	2024	01	27	10	00
4	Rr	0	0.000	2024	01	27	09	45
4	Rr	0	0.000	2024	01	27	09	30
4	Rr	2	0.000	2024	01	27	09	15
4	Rr	1	0.000	2024	01	27	09	00
4	Rr	1	0.000	2024	01	27	08	45
4	Rr	0	0.000	2024	01	27	08	30
4	Rr	0	0.000	2024	01	27	08	15
4	Rr	32	0.002	2024	01	27	08	00
4	Rr	0	0.000	2024	01	27	07	45
4	Rr	1	0.000	2024	01	27	07	30
4	Rr	1	0.000	2024	01	27	07	15
4	Rr	4	0.000	2024	01	27	07	00
4	Rr	0	0.000	2024	01	27	06	45
4	Rr	1	0.000	2024	01	27	06	30
4	Rr	1	0.000	2024	01	27	06	15
4	Rr	1	0.000	2024	01	27	06	00
4	*BT	R	975	2023	05	08	18	00
6	Rr	16190	0.979	00	00
6	Rr	15434	0.933	00	15
6	Rr	16318	0.987	00	30
6	Rr	16350	0.988	00	45
6	Rr	14621	0.884	01	00
6	Rr	15560	0.941	01	15
6	Rr	15098	0.913	01	30
6	Rr	15777	0.954	01	45
6	Rr	13930	0.842	02	00
6	Rr	16480	0.996	02	15
6	Rr	16503	0.998	02	30
6	Rr	15943	0.964	02	45
6	Rr	15421	0.932	03	00
6	Rr	15064	0.911	03	15
6	Rr	15590	0.943	03	30
6	Rr	18315	1.107	03	45
6	Rr	15239	0.921	04	00
6	Rr	14898	0.901	04	15
6	Rr	16020	0.969	04	30
6	Rr	16635	1.006	04	45
6	Rr	15201	0.919	05	00
6	Rr	16245	0.982	05	15
6	Rr	14706	0.889	05	30
6	Rr	14800	0.895	05	45
6	Rr	15309	0.926	06	00
6	Rr	13991	0.846	06	15
6	Rr	14477	0.875	06	30
6	Rr	13304	0.804	06	45
6	Rr	15030	0.909	07	00
6	Rr	14701	0.889	07	15
6	Rr	14237	0.861	07	30
6	Rr	13947	0.843	07	45
6	Rr	13423	0.812	08	00
6	Rr	13719	0.829	08	15
6	Rr	14163	0.856	08	30
6	Rr	12642	0.764	08	45
6	Rr	11986	0.725	09	00
6	Rr	12288	0.743	09	15
6	Rr	14463	0.874	09	30
6	Rr	12014	0.726	09	45
6	Rr	12642	0.764	10	00
6	Rr	13671	0.827	10	15
6	Rr	14764	0.893	10	30
6	Rr	14285	0.864	10	45
6	Rr	16107	0.974	11	00
6	Rr	14457	0.874	11	15
6	Rr	14943	0.903	11	30
6	Rr	12804	0.774	11	45
6	Rr	15444	0.934	12	00
6	Rr	13521	0.817	12	15
6	Rr	13303	0.804	12	30
6	Rr	14964	0.905	12	45
6	Rr	14311	0.865	13	00
6	Rr	16783	1.015	13	15
6	Rr	16352	0.989	13	30
6	Rr	15188	0.918	13	45
6	Rr	18353	1.110	14	00
6	Rr	20669	1.250	14	15
6	Rr	19228	1.162	14	30
6	Rr	18415	1.113	14	45
6	Rr	19208	1.161	15	00
6	Rr	19485	1.178	15	15
6	Rr	21670	1.310	15	30
6	Rr	21510	1.300	15	45
6	Rr	22424	1.356	16	00
6	Rr	22149	1.339	16	15
6	Rr	21959	1.328	16	30
6	Rr	22459	1.358	16	45
6	Rr	23936	1.447	17	00
6	Rr	23361	1.412	17	15
6	Rr	22877	1.383	17	30
6	Rr	21735	1.314	17	45
6	Rr	24202	1.463	18	00
6	Rr	20993	1.269	18	15
6	Rr	22890	1.384	18	30
6	Rr	22885	1.384	18	45
6	Rr	22523	1.362	19	00
6	Rr	20440	1.236	19	15
6	Rr	22058	1.334	19	30
6	Rr	24040	1.453	19	45
6	Rr	20713	1.252	20	00
6	Rr	22389	1.354	20	15
6	Rr	19640	1.187	20	30
6	Rr	22224	1.344	20	45
6	Rr	20849	1.260	21	00
6	Rr	20541	1.242	21	15
6	Rr	19064	1.153	21	30
6	Rr	20515	1.240	21	45
6	Rr	17238	1.042	22	00
6	Rr	17747	1.073	22	15
6	Rr	17635	1.066	22	30
6	Rr	17770	1.074	22	45
6	Rr	18659	1.128	23	00
6	Rr	19148	1.158	23	15
6	Rr	15171	0.917	23	30
6	Rr	15726	0.951	23	45
5	Rr	1	0.000	2024	01	28	05	45
5	Rr	0	0.000	2024	01	28	05	40
5	Rr	0	0.000	2024	01	28	05	35
5	Rr	0	0.000	2024	01	28	05	30
5	Rr	0	0.000	2024	01	28	05	25
5	Rr	2	0.000	2024	01	28	05	20
5	Rr	0	0.000	2024	01	28	05	15
5	Rr	0	0.000	2024	01	28	05	10
5	Rr	0	0.000	2024	01	28	05	05
5	Rr	0	0.000	2024	01	28	05	00
5	Rr	1	0.000	2024	01	28	04	55
5	Rr	0	0.000	2024	01	28	04	50
5	Rr	0	0.000	2024	01	28	04	45
5	Rr	0	0.000	2024	01	28	04	40
5	Rr	1	0.000	2024	01	28	04	35
5	Rr	0	0.000	2024	01	28	04	30
5	Rr	1	0.000	2024	01	28	04	25
5	Rr	0	0.000	2024	01	28	04	20
5	Rr	0	0.000	2024	01	28	04	15
5	Rr	0	0.000	2024	01	28	04	10
5	Rr	0	0.000	2024	01	28	04	05
5	Rr	0	0.000	2024	01	28	04	00
5	Rr	0	0.000	2024	01	28	03	55
5	Rr	0	0.000	2024	01	28	03	50
5	Rr	0	0.000	2024	01	28	03	45
5	Rr	2	0.000	2024	01	28	03	40
5	Rr	0	0.000	2024	01	28	03	35
5	Rr	0	0.000	2024	01	28	03	30
5	Rr	0	0.000	2024	01	28	03	25
5	Rr	0	0.000	2024	01	28	03	20
5	Rr	0	0.000	2024	01	28	03	15
5	Rr	0	0.000	2024	01	28	03	10
5	Rr	0	0.000	2024	01	28	03	05
5	Rr	1	0.000	2024	01	28	03	00
5	Rr	0	0.000	2024	01	28	02	55
5	Rr	0	0.000	2024	01	28	02	50
5	Rr	0	0.000	2024	01	28	02	45
5	Rr	0	0.000	2024	01	28	02	40
5	Rr	0	0.000	2024	01	28	02	35
5	Rr	0	0.000	2024	01	28	02	30
5	Rr	0	0.000	2024	01	28	02	25
5	Rr	0	0.000	2024	01	28	02	20
5	Rr	0	0.000	2024	01	28	02	15
5	Rr	0	0.000	2024	01	28	02	10
5	Rr	0	0.000	2024	01	28	02	05
5	Rr	0	0.000	2024	01	28	02	00
5	Rr	0	0.000	2024	01	28	01	55
5	Rr	0	0.000	2024	01	28	01	50
5	Rr	0	0.000	2024	01	28	01	45
5	Rr	0	0.000	2024	01	28	01	40
5	Rr	0	0.000	2024	01	28	01	35
5	Rr	0	0.000	2024	01	28	01	30
5	Rr	0	0.000	2024	01	28	01	25
5	Rr	0	0.000	2024	01	28	01	20
5	Rr	0	0.000	2024	01	28	01	15
5	Rr	1	0.000	2024	01	28	01	10
5	Rr	0	0.000	2024	01	28	01	05
5	Rr	0	0.000	2024	01	28	01	00
5	Rr	0	0.000	2024	01	28	00	55
5	Rr	1	0.000	2024	01	28	00	50
5	Rr	0	0.000	2024	01	28	00	45
5	Rr	0	0.000	2024	01	28	00	40
5	Rr	0	0.000	2024	01	28	00	35
5	Rr	1	0.000	2024	01	28	00	30
5	Rr	0	0.000	2024	01	28	00	25
5	Rr	0	0.000	2024	01	28	00	20
5	Rr	2	0.000	2024	01	28	00	15
5	Rr	0	0.000	2024	01	28	00	10
5	Rr	0	0.000	2024	01	28	00	05
5	Rr	0	0.000	2024	01	28	00	00
5	Rr	0	0.000	2024	01	27	23	55
5	Rr	0	0.000	2024	01	27	23	50
5	Rr	0	0.000	2024	01	27	23	45
5	Rr	0	0.000	2024	01	27	23	40
5	Rr	0	0.000	2024	01	27	23	35
5	Rr	0	0.000	2024	01	27	23	30
5	Rr	0	0.000	2024	01	27	23	25
5	Rr	0	0.000	2024	01	27	23	20
5	Rr	0	0.000	2024	01	27	23	15
5	Rr	0	0.000	2024	01	27	23	10
5	Rr	45	0.003	2024	01	27	23	05
5	Rr	3	0.000	2024	01	27	23	00
5	Rr	0	0.000	2024	01	27	22	55
5	Rr	0	0.000	2024	01	27	22	50
5	Rr	0	0.000	2024	01	27	22	45
5	Rr	1	0.000	2024	01	27	22	40
5	Rr	2	0.000	2024	01	27	22	35
5	Rr	1	0.000	2024	01	27	22	30
5	Rr	2	0.000	2024	01	27	22	25
5	Rr	0	0.000	2024	01	27	22	20
5	Rr	0	0.000	2024	01	27	22	15
5	Rr	1	0.000	2024	01	27	22	10
5	Rr	1	0.000	2024	01	27	22	05
5	Rr	0	0.000	2024	01	27	22	00
5	Rr	0	0.000	2024	01	27	21	55
5	Rr	0	0.000	2024	01	27	21	50
5	Rr	0	0.000	2024	01	27	21	45
5	Rr	1	0.000	2024	01	27	21	40
5	Rr	0	0.000	2024	01	27	21	35
5	Rr	0	0.000	2024	01	27	21	30
5	Rr	0	0.000	2024	01	27	21	25
5	Rr	0	0.000	2024	01	27	21	20
5	Rr	0	0.000	2024	01	27	21	15
5	Rr	1	0.000	2024	01	27	21	10
5	Rr	0	0.000	2024	01	27	21	05
5	Rr	0	0.000	2024	01	27	21	00
5	Rr	1	0.000	2024	01	27	20	55
5	Rr	0	0.000	2024	01	27	20	50
5	Rr	0	0.000	2024	01	27	20	45
5	Rr	31	0.002	2024	01	27	20	40
5	Rr	1	0.000	2024	01	27	20	35
5	Rr	0	0.000	2024	01	27	20	30
5	Rr	0	0.000	2024	01	27	20	25
5	Rr	0	0.000	2024	01	27	20	20
5	Rr	0	0.000	2024	01	27	20	15
5	Rr	0	0.000	2024	01	27	20	10
5	Rr	0	0.000	2024	01	27	20	05
5	Rr	0	0.000	2024	01	27	20	00
5	Rr	0	0.000	2024	01	27	19	55
5	Rr	0	0.000	2024	01	27	19	50
5	Rr	0	0.000	2024	01	27	19	45
5	Rr	0	0.000	2024	01	27	19	40
5	Rr	0	0.000	2024	01	27	19	35
5	Rr	3	0.000	2024	01	27	19	30
5	Rr	0	0.000	2024	01	27	19	25
5	Rr	0	0.000	2024	01	27	19	20
5	Rr	0	0.000	2024	01	27	19	15
5	Rr	0	0.000	2024	01	27	19	10
5	Rr	0	0.000	2024	01	27	19	05
5	Rr	0	0.000	2024	01	27	19	00
5	Rr	0	0.000	2024	01	27	18	55
5	Rr	1	0.000	2024	01	27	18	50
5	Rr	0	0.000	2024	01	27	18	45
5	Rr	0	0.000	2024	01	27	18	40
5	Rr	0	0.000	2024	01	27	18	35
5	Rr	0	0.000	2024	01	27	18	30
5	Rr	0	0.000	2024	01	27	18	25
5	Rr	0	0.000	2024	01	27	18	20
5	Rr	6	0.000	2024	01	27	18	15
5	Rr	1	0.000	2024	01	27	18	10
5	Rr	31	0.002	2024	01	27	18	05
5	Rr	0	0.000	2024	01	27	18	00
5	Rr	0	0.000	2024	01	27	17	55
5	Rr	1	0.000	2024	01	27	17	50
5	Rr	0	0.000	2024	01	27	17	45
5	Rr	0	0.000	2024	01	27	17	40
5	Rr	0	0.000	2024	01	27	17	35
5	Rr	1	0.000	2024	01	27	17	30
5	Rr	0	0.000	2024	01	27	17	25
5	Rr	3	0.000	2024	01	27	17	20
5	Rr	1	0.000	2024	01	27	17	15
5	Rr	0	0.000	2024	01	27	17	10
5	Rr	2	0.000	2024	01	27	17	05
5	Rr	0	0.000	2024	01	27	17	00
5	Rr	1	0.000	2024	01	27	16	55
5	Rr	0	0.000	2024	01	27	16	50
5	Rr	1	0.000	2024	01	27	16	45
5	Rr	1	0.000	2024	01	27	16	40
5	Rr	1	0.000	2024	01	27	16	35
5	Rr	0	0.000	2024	01	27	16	30
5	Rr	0	0.000	2024	01	27	16	25
5	Rr	0	0.000	2024	01	27	16	20
5	Rr	0	0.000	2024	01	27	16	15
5	Rr	32	0.002	2024	01	27	16	10
5	Rr	0	0.000	2024	01	27	16	05
5	Rr	0	0.000	2024	01	27	16	00
5	Rr	0	0.000	2024	01	27	15	55
5	Rr	0	0.000	2024	01	27	15	50
5	Rr	2	0.000	2024	01	27	15	45
5	Rr	0	0.000	2024	01	27	15	40
5	Rr	1	0.000	2024	01	27	15	35
5	Rr	0	0.000	2024	01	27	15	30
5	Rr	0	0.000	2024	01	27	15	25
5	Rr	0	0.000	2024	01	27	15	20
5	Rr	0	0.000	2024	01	27	15	15
5	Rr	0	0.000	2024	01	27	15	10
5	Rr	4	0.000	2024	01	27	15	05
5	Rr	0	0.000	2024	01	27	15	00
5	Rr	0	0.000	2024	01	27	14	55
5	Rr	2	0.000	2024	01	27	14	50
5	Rr	0	0.000	2024	01	27	14	45
5	Rr	0	0.000	2024	01	27	14	40
5	Rr	0	0.000	2024	01	27	14	35
5	Rr	0	0.000	2024	01	27	14	30
5	Rr	0	0.000	2024	01	27	14	25
5	Rr	1	0.000	2024	01	27	14	20
5	Rr	0	0.000	2024	01	27	14	15
5	Rr	3	0.000	2024	01	27	14	10
5	Rr	0	0.000	2024	01	27	14	05
5	Rr	0	0.000	2024	01	27	14	00
5	Rr	0	0.000	2024	01	27	13	55
5	Rr	0	0.000	2024	01	27	13	50
5	Rr	0	0.000	2024	01	27	13	45
5	Rr	1	0.000	2024	01	27	13	40
5	Rr	0	0.000	2024	01	27	13	35
5	Rr	1	0.000	2024	01	27	13	30
5	Rr	13	0.001	2024	01	27	13	25
5	Rr	1	0.000	2024	01	27	13	20
5	Rr	0	0.000	2024	01	27	13	15
5	Rr	0	0.000	2024	01	27	13	10
5	Rr	0	0.000	2024	01	27	13	05
5	Rr	0	0.000	2024	01	27	13	00
5	Rr	0	0.000	2024	01	27	12	55
5	Rr	0	0.000	2024	01	27	12	50
5	Rr	0	0.000	2024	01	27	12	45
5	Rr	0	0.000	2024	01	27	12	40
5	Rr	0	0.000	2024	01	27	12	35
5	Rr	0	0.000	2024	01	27	12	30
5	Rr	0	0.000	2024	01	27	12	25
5	Rr	0	0.000	2024	01	27	12	20
5	Rr	0	0.000	2024	01	27	12	15
5	Rr	0	0.000	2024	01	27	12	10
5	Rr	0	0.000	2024	01	27	12	05
5	Rr	0	0.000	2024	01	27	12	00
5	Rr	1	0.000	2024	01	27	11	55
5	Rr	0	0.000	2024	01	27	11	50
5	Rr	0	0.000	2024	01	27	11	45
5	Rr	0	0.000	2024	01	27	11	40
5	Rr	0	0.000	2024	01	27	11	35
5	Rr	0	0.000	2024	01	27	11	30
5	Rr	0	0.000	2024	01	27	11	25
5	Rr	0	0.000	2024	01	27	11	20
5	Rr	0	0.000	2024	01	27	11	15
5	Rr	0	0.000	2024	01	27	11	10
5	Rr	0	0.000	2024	01	27	11	05
5	Rr	0	0.000	2024	01	27	11	00
5	Rr	0	0.000	2024	01	27	10	55
5	Rr	1	0.000	2024	01	27	10	50
5	Rr	0	0.000	2024	01	27	10	45
5	Rr	3	0.000	2024	01	27	10	40
5	Rr	0	0.000	2024	01	27	10	35
5	Rr	0	0.000	2024	01	27	10	30
5	Rr	1	0.000	2024	01	27	10	25
5	Rr	0	0.000	2024	01	27	10	20
5	Rr	1	0.000	2024	01	27	10	15
5	Rr	1	0.000	2024	01	27	10	10
5	Rr	0	0.000	2024	01	27	10	05
5	Rr	0	0.000	2024	01	27	10	00
5	Rr	0	0.000	2024	01	27	09	55
5	Rr	0	0.000	2024	01	27	09	50
5	Rr	0	0.000	2024	01	27	09	45
5	Rr	0	0.000	2024	01	27	09	40
5	Rr	0	0.000	2024	01	27	09	35
5	Rr	0	0.000	2024	01	27	09	30
5	Rr	0	0.000	2024	01	27	09	25
5	Rr	1	0.000	2024	01	27	09	20
5	Rr	1	0.000	2024	01	27	09	15
5	Rr	1	0.000	2024	01	27	09	10
5	Rr	0	0.000	2024	01	27	09	05
5	Rr	0	0.000	2024	01	27	09	00
5	Rr	1	0.000	2024	01	27	08	55
5	Rr	0	0.000	2024	01	27	08	50
5	Rr	0	0.000	2024	01	27	08	45
5	Rr	0	0.000	2024	01	27	08	40
5	Rr	0	0.000	2024	01	27	08	35
5	Rr	0	0.000	2024	01	27	08	30
5	Rr	0	0.000	2024	01	27	08	25
5	Rr	0	0.000	2024	01	27	08	20
5	Rr	0	0.000	2024	01	27	08	15
5	Rr	32	0.002	2024	01	27	08	10
5	Rr	0	0.000	2024	01	27	08	05
5	Rr	0	0.000	2024	01	27	08	00
5	Rr	0	0.000	2024	01	27	07	55
5	Rr	0	0.000	2024	01	27	07	50
5	Rr	0	0.000	2024	01	27	07	45
5	Rr	0	0.000	2024	01	27	07	40
5	Rr	1	0.000	2024	01	27	07	35
5	Rr	0	0.000	2024	01	27	07	30
5	Rr	0	0.000	2024	01	27	07	25
5	Rr	0	0.000	2024	01	27	07	20
5	Rr	1	0.000	2024	01	27	07	15
5	Rr	4	0.000	2024	01	27	07	10
5	Rr	0	0.000	2024	01	27	07	05
5	Rr	0	0.000	2024	01	27	07	00
5	Rr	0	0.000	2024	01	27	06	55
5	Rr	0	0.000	2024	01	27	06	50
5	Rr	0	0.000	2024	01	27	06	45
5	Rr	1	0.000	2024	01	27	06	40
5	Rr	0	0.000	2024	01	27	06	35
5	Rr	0	0.000	2024	01	27	06	30
5	Rr	0	0.000	2024	01	27	06	25
5	Rr	0	0.000	2024	01	27	06	20
5	Rr	1	0.000	2024	01	27	06	15
5	Rr	0	0.000	2024	01	27	06	10
5	Rr	0	0.000	2024	01	27	06	05
5	Rr	1	0.000	2024	01	27	06	00
5	Rr	2	0.000	2024	01	27	05	55
5	Rr	2	0.000	2024	01	27	05	50
5	*BT	R	945	2023	05	08	18	00
7	Rr	5855	0.354	00	00
7	Rr	4874	0.295	00	05
7	Rr	5461	0.330	00	10
7	Rr	3995	0.242	00	15
7	Rr	5322	0.322	00	20
7	Rr	6117	0.370	00	25
7	Rr	5123	0.310	00	30
7	Rr	5839	0.353	00	35
7	Rr	5356	0.324	00	40
7	Rr	5278	0.319	00	45
7	Rr	5578	0.337	00	50
7	Rr	5494	0.332	00	55
7	Rr	5139	0.311	01	00
7	Rr	4862	0.294	01	05
7	Rr	4620	0.279	01	10
7	Rr	5171	0.313	01	15
7	Rr	5728	0.346	01	20
7	Rr	4661	0.282	01	25
7	Rr	4798	0.290	01	30
7	Rr	4904	0.296	01	35
7	Rr	5396	0.326	01	40
7	Rr	5071	0.307	01	45
7	Rr	5563	0.336	01	50
7	Rr	5143	0.311	01	55
7	Rr	4577	0.277	02	00
7	Rr	4559	0.276	02	05
7	Rr	4794	0.290	02	10
7	Rr	5834	0.353	02	15
7	Rr	4996	0.302	02	20
7	Rr	5650	0.342	02	25
7	Rr	5593	0.338	02	30
7	Rr	5497	0.332	02	35
7	Rr	5413	0.327	02	40
7	Rr	4664	0.282	02	45
7	Rr	5428	0.328	02	50
7	Rr	5851	0.354	02	55
7	Rr	5726	0.346	03	00
7	Rr	4851	0.293	03	05
7	Rr	4844	0.293	03	10
7	Rr	4954	0.300	03	15
7	Rr	5166	0.312	03	20
7	Rr	4944	0.299	03	25
7	Rr	5334	0.322	03	30
7	Rr	5105	0.309	03	35
7	Rr	5151	0.311	03	40
7	Rr	5984	0.362	03	45
7	Rr	6705	0.405	03	50
7	Rr	5626	0.340	03	55
7	Rr	5037	0.305	04	00
7	Rr	5034	0.304	04	05
7	Rr	5168	0.312	04	10
7	Rr	5224	0.316	04	15
7	Rr	4564	0.276	04	20
7	Rr	5110	0.309	04	25
7	Rr	5034	0.304	04	30
7	Rr	4901	0.296	04	35
7	Rr	6085	0.368	04	40
7	Rr	5584	0.338	04	45
7	Rr	5605	0.339	04	50
7	Rr	5446	0.329	04	55
7	Rr	5266	0.318	05	00
7	Rr	5107	0.309	05	05
7	Rr	4828	0.292	05	10
7	Rr	6020	0.364	05	15
7	Rr	5355	0.324	05	20
7	Rr	4870	0.294	05	25
7	Rr	4915	0.297	05	30
7	Rr	4967	0.300	05	35
7	Rr	4824	0.292	05	40
7	Rr	4908	0.297	05	45
7	Rr	4893	0.296	05	50
7	Rr	4999	0.302	05	55
7	Rr	4680	0.283	06	00
7	Rr	5674	0.343	06	05
7	Rr	4955	0.300	06	10
7	Rr	5158	0.312	06	15
7	Rr	4105	0.248	06	20
7	Rr	4728	0.286	06	25
7	Rr	4934	0.298	06	30
7	Rr	4928	0.298	06	35
7	Rr	4615	0.279	06	40
7	Rr	4678	0.283	06	45
7	Rr	4536	0.274	06	50
7	Rr	4090	0.247	06	55
7	Rr	5964	0.361	07	00
7	Rr	4421	0.267	07	05
7	Rr	4645	0.281	07	10
7	Rr	4519	0.273	07	15
7	Rr	5231	0.316	07	20
7	Rr	4951	0.299	07	25
7	Rr	4870	0.294	07	30
7	Rr	4885	0.295	07	35
7	Rr	4482	0.271	07	40
7	Rr	5383	0.325	07	45
7	Rr	4176	0.252	07	50
7	Rr	4388	0.265	07	55
7	Rr	4703	0.284	08	00
7	Rr	4343	0.263	08	05
7	Rr	4377	0.265	08	10
7	Rr	4338	0.262	08	15
7	Rr	4609	0.279	08	20
7	Rr	4772	0.289	08	25
7	Rr	4525	0.274	08	30
7	Rr	4806	0.291	08	35
7	Rr	4832	0.292	08	40
7	Rr	4733	0.286	08	45
7	Rr	4124	0.249	08	50
7	Rr	3785	0.229	08	55
7	Rr	4164	0.252	09	00
7	Rr	4029	0.244	09	05
7	Rr	3793	0.229	09	10
7	Rr	3390	0.205	09	15
7	Rr	4167	0.252	09	20
7	Rr	4731	0.286	09	25
7	Rr	4265	0.258	09	30
7	Rr	4847	0.293	09	35
7	Rr	5351	0.324	09	40
7	Rr	3983	0.241	09	45
7	Rr	3907	0.236	09	50
7	Rr	4124	0.249	09	55
7	Rr	4354	0.263	10	00
7	Rr	3928	0.237	10	05
7	Rr	4360	0.264	10	10
7	Rr	3947	0.239	10	15
7	Rr	4789	0.290	10	20
7	Rr	4935	0.298	10	25
7	Rr	4645	0.281	10	30
7	Rr	5232	0.316	10	35
7	Rr	4887	0.295	10	40
7	Rr	3994	0.241	10	45
7	Rr	5605	0.339	10	50
7	Rr	4686	0.283	10	55
7	Rr	6239	0.377	11	00
7	Rr	5046	0.305	11	05
7	Rr	4822	0.292	11	10
7	Rr	4575	0.277	11	15
7	Rr	4135	0.250	11	20
7	Rr	5747	0.347	11	25
7	Rr	6329	0.383	11	30
7	Rr	4271	0.258	11	35
7	Rr	4343	0.263	11	40
7	Rr	4571	0.276	11	45
7	Rr	4215	0.255	11	50
7	Rr	4018	0.243	11	55
7	Rr	5024	0.304	12	00
7	Rr	5273	0.319	12	05
7	Rr	5147	0.311	12	10
7	Rr	4335	0.262	12	15
7	Rr	4622	0.279	12	20
7	Rr	4564	0.276	12	25
7	Rr	4279	0.259	12	30
7	Rr	4575	0.277	12	35
7	Rr	4449	0.269	12	40
7	Rr	4754	0.287	12	45
7	Rr	5054	0.306	12	50
7	Rr	5156	0.312	12	55
7	Rr	4717	0.285	13	00
7	Rr	4453	0.269	13	05
7	Rr	5141	0.311	13	10
7	Rr	5483	0.331	13	15
7	Rr	5823	0.352	13	20
7	Rr	5477	0.331	13	25
7	Rr	4824	0.292	13	30
7	Rr	5535	0.335	13	35
7	Rr	5993	0.362	13	40
7	Rr	4111	0.249	13	45
7	Rr	5875	0.355	13	50
7	Rr	5202	0.314	13	55
7	Rr	6023	0.364	14	00
7	Rr	6429	0.389	14	05
7	Rr	5901	0.357	14	10
7	Rr	7622	0.461	14	15
7	Rr	6802	0.411	14	20
7	Rr	6245	0.378	14	25
7	Rr	6651	0.402	14	30
7	Rr	5986	0.362	14	35
7	Rr	6591	0.398	14	40
7	Rr	6041	0.365	14	45
7	Rr	5270	0.319	14	50
7	Rr	7104	0.429	14	55
7	Rr	7040	0.426	15	00
7	Rr	5650	0.342	15	05
7	Rr	6518	0.394	15	10
7	Rr	5754	0.348	15	15
7	Rr	7273	0.440	15	20
7	Rr	6458	0.390	15	25
7	Rr	6869	0.415	15	30
7	Rr	6583	0.398	15	35
7	Rr	8218	0.497	15	40
7	Rr	6187	0.374	15	45
7	Rr	7737	0.468	15	50
7	Rr	7586	0.459	15	55
7	Rr	7036	0.425	16	00
7	Rr	7674	0.464	16	05
7	Rr	7714	0.466	16	10
7	Rr	8051	0.487	16	15
7	Rr	7211	0.436	16	20
7	Rr	6887	0.416	16	25
7	Rr	7125	0.431	16	30
7	Rr	7419	0.449	16	35
7	Rr	7415	0.448	16	40
7	Rr	7652	0.463	16	45
7	Rr	8072	0.488	16	50
7	Rr	6735	0.407	16	55
7	Rr	7932	0.480	17	00
7	Rr	8314	0.503	17	05
7	Rr	7690	0.465	17	10
7	Rr	7274	0.440	17	15
7	Rr	8329	0.504	17	20
7	Rr	7758	0.469	17	25
7	Rr	8344	0.504	17	30
7	Rr	7126	0.431	17	35
7	Rr	7407	0.448	17	40
7	Rr	7339	0.444	17	45
7	Rr	7216	0.436	17	50
7	Rr	7180	0.434	17	55
7	Rr	9085	0.549	18	00
7	Rr	7684	0.465	18	05
7	Rr	7433	0.449	18	10
7	Rr	7267	0.439	18	15
7	Rr	6609	0.400	18	20
7	Rr	7117	0.430	18	25
7	Rr	7432	0.449	18	30
7	Rr	6724	0.407	18	35
7	Rr	8734	0.528	18	40
7	Rr	6648	0.402	18	45
7	Rr	8868	0.536	18	50
7	Rr	7369	0.446	18	55
7	Rr	7843	0.474	19	00
7	Rr	7235	0.437	19	05
7	Rr	7445	0.450	19	10
7	Rr	6963	0.421	19	15
7	Rr	6647	0.402	19	20
7	Rr	6830	0.413	19	25
7	Rr	6859	0.415	19	30
7	Rr	8370	0.506	19	35
7	Rr	6829	0.413	19	40
7	Rr	7992	0.483	19	45
7	Rr	7621	0.461	19	50
7	Rr	8427	0.509	19	55
7	Rr	7375	0.446	20	00
7	Rr	6750	0.408	20	05
7	Rr	6588	0.398	20	10
7	Rr	6872	0.415	20	15
7	Rr	8291	0.501	20	20
7	Rr	7226	0.437	20	25
7	Rr	6704	0.405	20	30
7	Rr	6751	0.408	20	35
7	Rr	6185	0.374	20	40
7	Rr	7891	0.477	20	45
7	Rr	7542	0.456	20	50
7	Rr	6791	0.411	20	55
7	Rr	7481	0.452	21	00
7	Rr	6898	0.417	21	05
7	Rr	6470	0.391	21	10
7	Rr	6785	0.410	21	15
7	Rr	6482	0.392	21	20
7	Rr	7274	0.440	21	25
7	Rr	5724	0.346	21	30
7	Rr	7340	0.444	21	35
7	Rr	6000	0.363	21	40
7	Rr	7866	0.476	21	45
7	Rr	7239	0.438	21	50
7	Rr	5410	0.327	21	55
7	Rr	5732	0.347	22	00
7	Rr	5656	0.342	22	05
7	Rr	5850	0.354	22	10
7	Rr	5882	0.356	22	15
7	Rr	6284	0.380	22	20
7	Rr	5581	0.337	22	25
7	Rr	5770	0.349	22	30
7	Rr	6383	0.386	22	35
7	Rr	5482	0.331	22	40
7	Rr	6744	0.408	22	45
7	Rr	5705	0.345	22	50
7	Rr	5321	0.322	22	55
7	Rr	6071	0.367	23	00
7	Rr	5909	0.357	23	05
7	Rr	6679	0.404	23	10
7	Rr	6606	0.399	23	15
7	Rr	6674	0.403	23	20
7	Rr	5868	0.355	23	25
7	Rr	4772	0.289	23	30
7	Rr	5129	0.310	23	35
7	Rr	5270	0.319	23	40
7	Rr	4782	0.289	23	45
7	Rr	5615	0.339	23	50
7	Rr	5329	0.322	23	55
o	*f	0R	r
o	lRQ	1	1654069	2470980347	[unresolved numerical addresses]
Z	*f	-20R	r
Z	lRb	1	79912	3.582	98
Z	lRb	1	73406	2.566	66.249
Z	lRb	1	54800	2.524	51
Z	lRb	1	48934	1.794	34
Z	lRb	1	46568	2.025	35
Z	lRb	1	43748	1.401	69
Z	lRb	1	31611	2.897	54
Z	lRb	1	31259	0.506	49
Z	lRb	1	27794	0.945	123
Z	lRb	1	26169	0.641	46
Z	lRb	1	25424	2.331	40
Z	lRb	1	25257	2.469	157.55
Z	lRb	1	23072	2.596	70
Z	lRb	1	20782	1.924	207.46
Z	lRb	1	20776	1.160	76
Z	lRb	1	19500	1.170	104
Z	lRb	1	18044	1.032	52
Z	lRb	1	16628	1.539	72
Z	lRb	1	15853	0.895	75
Z	lRb	1	14608	1.201	5
Z	lRb	1	989924	64.801	[not listed: 9156]
S	*f	-50P	r
S	Rb	4702	0.294	14.33.246.211
S	Rb	3866	0.592	192.234.235.103
S	Rb	3538	0.027	162.55.85.223
S	Rb	3517	0.000	66.249.66.166
S	Rb	3248	0.184	192.99.15.146
S	Rb	2791	0.222	216.244.66.229
S	Rb	2542	0.020	49.7.20.111
S	Rb	2489	0.009	49.7.20.105
S	Rb	2341	0.102	100.43.83.148
S	Rb	2232	0.000	66.249.66.164
S	Rb	2091	0.000	66.249.66.165
S	Rb	2056	0.107	68.66.226.98
S	Rb	1992	0.051	66.249.75.109
S	Rb	1829	0.111	37.59.14.116
S	Rb	1781	0.161	75.98.173.33
S	Rb	1750	0.000	66.249.66.167
S	Rb	1736	0.215	79.125.27.96
S	Rb	1597	0.097	78.155.138.20
S	Rb	1543	0.055	199.21.99.79
S	Rb	1461	0.000	49.7.20.135
S	Rb	1459	0.008	92.249.127.111
S	Rb	1352	0.045	49.7.20.102
S	Rb	1340	0.001	66.249.66.168
S	Rb	1330	0.014	109.102.111.58
S	Rb	1312	0.033	205.203.134.197
S	Rb	1304	0.144	5.196.13.127
S	Rb	1285	0.033	144.76.27.118
S	Rb	1276	0.089	208.115.113.82
S	Rb	1270	0.048	95.108.248.29
S	Rb	1155	0.173	75.98.173.84
S	Rb	1142	0.001	91.207.9.226
S	Rb	1107	0.012	66.249.69.97
S	Rb	1099	0.014	52.35.20.1
S	Rb	1081	0.014	66.249.69.81
S	Rb	1074	0.000	49.7.21.96
S	Rb	1048	0.064	157.90.182.26
S	Rb	1047	0.013	106.38.241.144
S	Rb	1039	0.011	66.249.69.89
S	Rb	1030	0.073	5.255.250.90
S	Rb	1024	0.055	95.108.150.235
S	Rb	1012	0.061	192.99.6.132
S	Rb	957	0.136	199.21.99.197
S	Rb	912	0.000	49.7.21.93
S	Rb	815	0.022	178.63.23.80
S	Rb	811	0.000	123.183.224.65
S	Rb	808	0.136	149.202.211.239
S	Rb	795	0.052	49.7.20.108
S	Rb	791	0.048	192.99.7.55
S	Rb	786	0.087	66.11.128.152
S	Rb	777	0.001	193.150.120.14
S	Rb	1572729	96.362	[not listed: 109053]
s	*FR	2013	12	18	21	53
s	*LR	2024	01	28	03	01
s	*f	-20R	s
s	lRS	1	462331	1112	http://www.gtaeronautics.com/
s	lRS	1	114627	191	http://gtaeronautics.com/
s	lRS	1	8287	5	https://www.google.com/
s	lRS	1	1698	0	http://www.google.com/
s	lRS	1	1287	0	http://www.baidu.com/
s	lRS	1	1159	0	http://www.trainingindustry.com/
s	lRS	1	609	0	http://www.mfgpages.com/
s	lRS	1	604	0	http://www.openfos.com/
s	lRS	1	517	0	http://www.topicway.com/
s	lRS	1	505	0	https://www.bing.com/
s	lRS	1	462	0	http://anti-crisis-seo.com/
s	lRS	1	420	0	http://122.144.179.12/
s	lRS	1	399	0	https://www.thomasnet.com/
s	lRS	1	395	0	http://uptime.com/
s	lRS	1	394	0	http://baidu.com/
s	lRS	1	362	0	http://semalt.semalt.com/
s	lRS	1	328	0	http://www.bing.com/
s	lRS	1	301	0	http://chimiver.info/
s	lRS	1	281	0	https://www.google.co.in/
s	lRS	1	262	0	http://google.co.jp/
s	lRS	1	50457	5	[not listed: 4432]
f	*FR	2013	12	18	21	53
f	*LR	2024	01	28	03	01
f	*f	-30R	s
f	lRS	1	342928	836	http://www.gtaeronautics.com/
f	lRS	1	74490	123	http://gtaeronautics.com/
f	lRS	1	3417	83	http://www.gtaeronautics.com/contactus.html
f	lRS	1	7555	44	http://gtaeronautics.com/links.html
f	lRS	1	4900	39	http://www.gtaeronautics.com/compnews.html
f	lRS	1	16967	31	http://www.gtaeronautics.com/aboutus.html
f	lRS	1	4039	15	http://www.gtaeronautics.com/GT1500 RPAS.html
f	lRS	1	2926	15	http://www.gtaeronautics.com/consultinga.html
f	lRS	1	2481	13	http://www.gtaeronautics.com/uasfc.html
f	lRS	1	4003	12	http://www.gtaeronautics.com/SRU.html
f	lRS	1	2989	9	http://gtaeronautics.com/index.html
f	lRS	1	8422	8	http://www.gtaeronautics.com/UASFC.html
f	lRS	1	3954	7	http://www.gtaeronautics.com/pna.html
f	lRS	1	3785	6	http://www.gtaeronautics.com/GT50T RPAS.html
f	lRS	1	12039	5	http://www.gtaeronautics.com/index.html
f	lRS	1	7673	5	https://www.google.com/
f	lRS	1	3561	5	http://gtaeronautics.com/contactus.html
f	lRS	1	2842	5	http://www.gtaeronautics.com/IndNews.html
f	lRS	1	4173	4	http://www.gtaeronautics.com/CompNews.html
f	lRS	1	3234	4	http://gtaeronautics.com/aboutus.html
f	lRS	1	5237	2	http://www.gtaeronautics.com/GT380 RPAS.html
f	lRS	1	2242	2	http://www.gtaeronautics.com/GT100HL RPAS.html
f	lRS	1	5881	1	http://gtaeronautics.com/IndNews.html
f	lRS	1	10027	0	http://www.gtaeronautics.com/CCT&M.html
f	lRS	1	6463	0	http://www.gtaeronautics.com/ConsultingA.html
f	lRS	1	3044	0	http://www.gtaeronautics.com/RD.html
f	lRS	1	2810	0	http://www.gtaeronautics.com/CFMT.html
f	lRS	1	2682	0	http://gtaeronautics.com/CCT&M.html
f	lRS	1	2097	0	http://gtaeronautics.com/ConsultingA.html
f	lRS	1	2019	0	http://www.gtaeronautics.com/EMPLOYMENT.html
f	lRS	1	86805	39	[not listed: 5140]
n	*FR	2013	12	19	00	28
n	*LR	2020	10	14	09	11
n	*f	0.500000%Q	s
n	Rq	1	17.583	kit
n	Rq	1	17.583	method
n	Rq	2	35.166	crew
n	Rq	28	117.363	aeronautical
n	Rq	1	17.583	airplane.com
n	Rq	5	87.916	faa
n	Rq	40	222.862	gt
n	Rq	1	17.583	moldings
n	Rq	1	17.583	twin
n	Rq	1	17.583	taranis
n	Rq	2	17.583	installerex
n	Rq	2	17.583	http://gtaeronautics.com/
n	Rq	20	175.832	in
n	Rq	1	17.583	scale
n	Rq	1	17.583	observer
n	Rq	1	17.583	drawing?
n	Rq	2	17.583	is
n	Rq	1	17.583	making
n	Rq	2	35.166	fiber
n	Rq	1	17.583	mitsubishi
n	Rq	1	17.583	fuze
n	Rq	1	17.583	http://www.gtaeronautics.com/indnews.html
n	Rq	92	17.583	semalt.com
n	Rq	1	17.583	consultant
n	Rq	15	70.333	manufacturing
n	Rq	1	17.583	2
n	Rq	1	17.583	base
n	Rq	14	246.165	6
n	Rq	1	17.583	http://gtaeronautics.com/indnews.html
n	Rq	1	17.583	always
n	Rq	28	170.112	engineering
n	Rq	1	17.583	northrop
n	Rq	1	17.583	bandwidth
n	Rq	1	17.583	vegas
n	Rq	3	35.166	basic
n	Rq	1	17.583	qinetiq
n	Rq	1	17.583	tooling
n	Rq	1	17.583	on
n	Rq	1	17.583	heavy
n	Rq	9	140.665	drawings
n	Rq	1	17.583	fia
n	Rq	4	17.583	louis%20vuitton%20fashion%20valley%20phone%20number
n	Rq	3	17.583	llc
n	Rq	3	52.750	rullman
n	Rq	1	17.583	cowling
n	Rq	32	52.750	sale
n	Rq	64	105.499	outlet
n	Rq	1	17.583	rotax
n	Rq	1	17.583	ucav
n	Rq	28	152.529	texan
n	Rq	1	17.583	a
n	Rq	2	17.583	customer
n	Rq	1	17.583	rpa
n	Rq	2	35.166	110cc
n	Rq	30	17.583	designer
n	Rq	20	87.916	www.gtaeronautics.com
n	Rq	1	17.583	work
n	Rq	1	17.583	thomas
n	Rq	1	17.583	engie
n	Rq	1	17.583	qualification
n	Rq	1	17.583	custom
n	Rq	1	17.583	mk3
n	Rq	1	17.583	t
n	Rq	1	17.583	uavs
n	Rq	1	17.583	w
n	Rq	2	17.583	satisfaction
n	Rq	2	35.166	x
n	Rq	1	17.583	crews
n	Rq	3	17.583	photos
n	Rq	1	17.583	finnemeccia
n	Rq	2	35.166	glass
n	Rq	1	52.750	to
n	Rq	1	17.583	gcs
n	Rq	5	87.916	engineer
n	Rq	1	17.583	government
n	Rq	1	17.583	operator
n	Rq	6	105.499	aircraft
n	Rq	1	17.583	with
n	Rq	97	35.166	number
n	Rq	4	52.750	for
n	Rq	1	17.583	december
n	Rq	2	35.166	aero
n	Rq	9	35.166	equipment
n	Rq	2	35.166	engine
n	Rq	1	17.583	mq1
n	Rq	2	35.166	wy
n	Rq	1	17.583	custum
n	Rq	1	17.583	g.t
n	Rq	1	17.583	mechanics
n	Rq	1	35.166	motors
n	Rq	1	17.583	tdw
n	Rq	32	87.916	luggage
n	Rq	1	17.583	opportunities
n	Rq	175	29.447	vuitton
n	Rq	1	17.583	show
n	Rq	1	52.750	the
n	Rq	1	17.583	luggages
n	Rq	1	17.583	stroke
n	Rq	2	17.583	explore
n	Rq	39	35.166	handbags
n	Rq	2	35.166	electric
n	Rq	1	17.583	space
n	Rq	1	35.166	air
n	Rq	1	17.583	quote
n	Rq	1	17.583	require
n	Rq	1	17.583	mpp
n	Rq	4	35.166	jobs
n	Rq	5	87.916	uas
n	Rq	1	17.583	anything
n	Rq	1	17.583	china
n	Rq	1	17.583	airplane
n	Rq	10	175.832	uav
n	Rq	2	17.583	wmaid.com
n	Rq	3	70.333	drone
n	Rq	7	123.082	fiberglass
n	Rq	2	17.583	facebook
n	Rq	1	17.583	college
n	Rq	4	70.333	onboard
n	Rq	3	35.166	gtaeronautics.com
n	Rq	1	17.583	qulificationa
n	Rq	21	228.581	simi
n	Rq	1	17.583	and
n	Rq	5	52.750	flight
n	Rq	17	228.581	at6
n	Rq	1	17.583	xtreme
n	Rq	1	17.583	maintenance
n	Rq	1	17.583	cody
n	Rq	1	17.583	systems
n	Rq	1	17.583	any
n	Rq	1	17.583	tom
n	Rq	1	17.583	payload
n	Rq	2	35.166	gta
n	Rq	2	17.583	granger
n	Rq	8	123.082	extreme
n	Rq	6	87.916	molding
n	Rq	2	17.583	easylifeapp
n	Rq	1	17.583	rating
n	Rq	2	17.583	whitelaw
n	Rq	126	123.082	fashion
n	Rq	2	35.166	ice
n	Rq	2	17.583	http://www.gtaeronautics.com/compnews.html
n	Rq	5	35.166	engineers
n	Rq	3	35.166	composite
n	Rq	1	17.583	skyforce
n	Rq	1	17.583	eengineer
n	Rq	175	29.447	louis
n	Rq	8	17.583	store
n	Rq	4	70.333	starter
n	Rq	14	70.333	cheap
n	Rq	1	17.583	diamond
n	Rq	10	158.249	bme
n	Rq	1	17.583	america2009
n	Rq	7	17.583	content
n	Rq	1	17.583	challenge
n	Rq	2	35.166	aeronautic
n	Rq	1	17.583	piece
n	Rq	1	17.583	how
n	Rq	1	17.583	male
n	Rq	2	35.166	design
n	Rq	2	35.166	flying
n	Rq	1	17.583	carbon
n	Rq	1	17.583	operation
n	Rq	2	17.583	profile
n	Rq	1	17.583	tomas
n	Rq	1	17.583	cia
n	Rq	1	17.583	hummingbird
n	Rq	1	17.583	iron
n	Rq	1	17.583	california
n	Rq	1	17.583	amphibian
n	Rq	1	17.583	110
n	Rq	1	17.583	mentioned
n	Rq	1	17.583	111
n	Rq	1	17.583	over
n	Rq	25	117.363	http://www.gtaeronautics.com/
n	Rq	1	17.583	google.com
n	Rq	1	17.583	fuel
n	Rq	2	17.583	inc
n	Rq	1	17.583	handbag.com
n	Rq	1	17.583	da42
n	Rq	2	35.166	certification
n	Rq	1	17.583	timing
n	Rq	1	17.583	2015
n	Rq	1	17.583	home
n	Rq	1	17.583	aerospacecompanies
n	Rq	1	17.583	anti
n	Rq	1	17.583	ziroli
n	Rq	1	17.583	sketches
n	Rq	5	17.583	purses
n	Rq	1	17.583	downlink
n	Rq	3	17.583	aeronotics
n	Rq	1	17.583	nanotechnology
n	Rq	1	17.583	zephyr
n	Rq	4	17.583	wyoming
n	Rq	2	17.583	technology
n	Rq	3	52.750	companies
n	Rq	1	17.583	muffler
n	Rq	2	17.583	avia
n	Rq	2	17.583	what
n	Rq	145	64.613	valley
n	Rq	1	17.583	microwave
n	Rq	1	17.583	mold
n	Rq	5	70.333	pglm
n	Rq	1	17.583	specialist
n	Rq	23	82.196	drawing
n	Rq	1	17.583	tool
n	Rq	1	17.583	security
n	Rq	6	35.166	prototypes
n	Rq	1	17.583	giant
n	Rq	1	17.583	powell
n	Rq	8	123.082	aerospace
n	Rq	4	70.333	unmanned
n	Rq	34	187.695	aeronautics
n	Rq	1	17.583	radius
n	Rq	1	17.583	zero
n	Rq	1	17.583	tobbot
n	Rq	2	35.166	job
n	Rq	2	35.166	neverfull
n	Rq	1	17.583	onbordstarter
n	Rq	20	70.333	ca
n	Rq	1	35.166	as
n	Rq	13	228.581	at
n	Rq	5	87.916	techniques
n	Rq	1	17.583	does
n	Rq	1	17.583	commercial
n	Rq	1	17.583	www.gt
n	Rq	1	17.583	de
n	Rq	1	17.583	co
n	Rq	1	17.583	speedy
n	Rq	1	17.583	rpas
n	Rq	2	35.166	instrument
n	Rq	1	17.583	do
n	Rq	1	17.583	quotation
n	Rq	3	52.750	training
n	Rq	1	17.583	efi
n	Rq	1	17.583	careers
n	Rq	3	52.750	pilot
n	Rq	9	140.665	bandito
n	Rq	4	70.333	quotes
n	Rq	107	70.333	phone
n	Rq	1	17.583	stations
n	Rq	1	17.583	traing
N	*FR	2013	12	19	00	28
N	*LR	2020	10	14	09	11
N	*f	-200Q	s
N	RQ	20	3923550106	gt aeronautics
N	RQ	14	3363042948	aeronautical engineering drawing
N	RQ	9	2522282211	at 6 texan
N	RQ	8	2242028632	at6 texan
N	RQ	25	1870611442	http://www.gtaeronautics.com/
N	RQ	7	1681521474	bme extreme
N	RQ	7	1681521474	aerospace engineering drawings
N	RQ	20	1401267895	www.gtaeronautics.com
N	RQ	6	1121014316	texan at6
N	RQ	5	1121014316	bandito pglm
N	RQ	3	840760737	bandito uav
N	RQ	3	840760737	onboard starter
N	RQ	2	560507158	fiberglass molding techniques
N	RQ	6	560507158	manufacturing aeronautical prototypes
N	RQ	19	560507158	louis vuitton luggage outlet
N	RQ	10	560507158	louis vuitton fashion valley phone
N	RQ	97	560507158	louis vuitton fashion valley phone number
N	RQ	2	560507158	texan at 6
N	RQ	18	560507158	louis vuitton fashion valley ca
N	RQ	1	280253579	uavs flying over simi valley ca
N	RQ	1	280253579	gt aeronautics simi valley california
N	RQ	1	280253579	aeronautical engineer quote
N	RQ	1	280253579	does aeronautical engineering require drawing?
N	RQ	1	280253579	how to do gt in engineering drawing
N	RQ	2	280253579	http://gtaeronautics.com/
N	RQ	1	280253579	the government college g.t aeronautics
N	RQ	1	280253579	bme engine
N	RQ	1	280253579	uas gcs
N	RQ	1	280253579	http://www.gtaeronautics.com/indnews.html
N	RQ	92	280253579	semalt.com
N	RQ	1	280253579	aero iron mentioned nanotechnology hummingbird uav
N	RQ	1	280253579	basic fiberglass techniques
N	RQ	1	280253579	http://gtaeronautics.com/indnews.html
N	RQ	1	280253579	finnemeccia co
N	RQ	2	280253579	drawing for customer satisfaction
N	RQ	1	280253579	cheap louis vuitton speedy handbag.com
N	RQ	1	280253579	at 6
N	RQ	1	280253579	quotation specialist engineer drawings
N	RQ	1	280253579	challenge xtreme 111 piece mechanics tool kit
N	RQ	1	280253579	uav commercial crew stations
N	RQ	1	280253579	da42 mpp microwave downlink bandwidth
N	RQ	1	280253579	anti ice de ice qinetiq zephyr
N	RQ	4	280253579	louis%20vuitton%20fashion%20valley%20phone%20number
N	RQ	1	280253579	faa uas pilot certification
N	RQ	1	280253579	any flying crews in gta
N	RQ	1	280253579	aerospace drawing
N	RQ	1	280253579	fiber glass molding job
N	RQ	1	280253579	aircraft design consultant
N	RQ	1	280253579	www.gt airplane.com
N	RQ	3	280253579	gt in aeronotics
N	RQ	1	280253579	tom rullman
N	RQ	1	280253579	gt aeronautics simi valley ca
N	RQ	1	280253579	drone base in simi valley
N	RQ	1	280253579	fiberglass mold making techniques
N	RQ	1	280253579	rpa instrument qualification faa instrument rating
N	RQ	1	280253579	extreme bme
N	RQ	1	280253579	uas faa maintenance
N	RQ	1	280253579	louis vuitton neverfull
N	RQ	1	280253579	fiberglass techniques
N	RQ	1	280253579	aircraft companies in simi valley
N	RQ	1	280253579	custom fiberglass moldings
N	RQ	11	280253579	louis vuitton luggage cheap
N	RQ	1	280253579	anything
N	RQ	1	280253579	aeronautical engineering sketches
N	RQ	1	280253579	gtaeronautics.com
N	RQ	1	280253579	giant scale ziroli at 6
N	RQ	9	280253579	outlet louis vuitton handbags
N	RQ	1	280253579	cowling drawing
N	RQ	1	280253579	mitsubishi zero
N	RQ	1	280253579	powell wy gt aeronautics
N	RQ	2	280253579	what is gt in basic engineering drawing
N	RQ	2	280253579	composite molding
N	RQ	1	280253579	aeronautics in simi valley and security work
N	RQ	3	280253579	gt aeronautics llc jobs
N	RQ	1	280253579	crew flight gta
N	RQ	1	280253579	110cc engine timing
N	RQ	1	280253579	aeronautical engineer quotes
N	RQ	2	280253579	http://www.gtaeronautics.com/compnews.html
N	RQ	4	280253579	wyoming flight engineers
N	RQ	1	280253579	a t 6
N	RQ	1	280253579	gt aeronautics unmanned air
N	RQ	1	280253579	fia gt composite tooling
N	RQ	1	280253579	uas pilot certification
N	RQ	1	280253579	quotes on aeronautical engineers
N	RQ	1	280253579	payload for diamond northrop twin engie aircraft
N	RQ	7	280253579	content
N	RQ	1	280253579	bme 110
N	RQ	1	280253579	thomas w rullman gt aeronautics
N	RQ	1	280253579	luggages for sale
N	RQ	2	280253579	easylifeapp profile
N	RQ	2	280253579	simi gt
N	RQ	1	280253579	mq1 design fuel
N	RQ	1	280253579	airplane as always cia america2009
N	RQ	1	280253579	eengineer drawing home
N	RQ	1	280253579	heavy equipment operator jobs
N	RQ	1	280253579	aero space drone simi valley
N	RQ	1	280253579	cheap louis vuitton luggage
N	RQ	1	280253579	2 stroke electric onboard starter
N	RQ	1	280253579	skyforce observer mk3
N	RQ	1	280253579	simi valley unmanned aircraft
N	RQ	2	280253579	granger whitelaw avia
N	RQ	1	280253579	louis vuitton fashion valley neverfull
N	RQ	1	280253579	louis vuitton job opportunities
N	RQ	1	280253579	google.com
N	RQ	1	280253579	uas operation training method
N	RQ	2	280253579	wmaid.com explore gtaeronautics.com
N	RQ	1	280253579	custum muffler 110cc
N	RQ	1	280253579	glass manufacturing drawings
N	RQ	1	280253579	electric motors x male uav x sale
N	RQ	1	280253579	aerospacecompanies in simi valley
N	RQ	1	280253579	fiberglass molding
N	RQ	2	280253579	aeronautical technology inc
N	RQ	1	280253579	taranis ucav
N	RQ	1	280253579	vegas drone uav show december 2015
N	RQ	1	280253579	uav companies in simi valley
N	RQ	1	280253579	unmanned aircraft systems pilot training
N	RQ	2	280253579	installerex facebook
N	RQ	3	280253579	texan at6 photos
N	RQ	1	280253579	aeronautic engineer
N	RQ	30	280253579	designer handbags outlet sale
N	RQ	1	280253579	rpas qulificationa traing with faa
N	RQ	1	280253579	faa uav training
N	RQ	1	280253579	uav companies simi valley
N	RQ	5	280253579	louis vuitton purses outlet
N	RQ	1	280253579	aeronautics
N	RQ	1	280253579	cheap louis vuitton luggage outlet
N	RQ	1	280253579	gt aeronautics tomas rullman
N	RQ	1	280253579	tobbot
N	RQ	1	280253579	radius tdw efi fuze
N	RQ	8	280253579	manufacturing equipment store in simi valley
N	RQ	1	280253579	aeronautic engineer quotes
N	RQ	1	280253579	onbordstarter
N	RQ	1	280253579	rotax amphibian unmanned china
N	RQ	1	280253579	aeronautical engineering quotes
N	RQ	1	280253579	drawing aircraft engineering
N	RQ	1	280253579	gt aeronautics careers
N	RQ	1	280253579	gt aeronautics bandito
N	RQ	1	280253579	cody wy carbon fiber
B	*f	-40R	r
B	Rb	70624	2.898	Mozilla/5.0 (compatible; AhrefsBot/7.0;  http://ahrefs.com/robot/)
B	Rb	58049	1.116	Sogou web spider/4.0( http://www.sogou.com/docs/help/webmasters.htm#07)
B	Rb	53142	1.638	ZoominfoBot (zoominfobot at zoominfo dot com)
B	Rb	51520	0.000	Mozilla/5.0 (Windows NT 6.1; Win64; x64; rv:109.0) Gecko/20100101 Firefox/115.0
B	Rb	40898	4.266	Mozilla/5.0 (compatible; bingbot/2.0;  http://www.bing.com/bingbot.htm)
B	Rb	38482	1.266	Mozilla/5.0 (compatible; Googlebot/2.1;  http://www.google.com/bot.html)
B	Rb	16313	0.954	Mozilla/4.0 (compatible; MSIE 6.0; Windows NT 5.1; SV1)
B	Rb	15521	2.168	Mozilla/5.0 (Windows NT 6.3; WOW64) AppleWebKit/537.36 (KHTML, like Gecko) Chrome/33.0.1736.0 Safari/537.36
B	Rb	13039	0.266	Googlebot-Image/1.0
B	Rb	12964	1.355	Mozilla/5.0 (iPhone; CPU iPhone OS 7_0 like Mac OS X) AppleWebKit/537.51.1 (KHTML, like Gecko) Version/7.0 Mobile/11A465 Safari/9537.53 (compatible; bingbot/2.0;  http://www.bing.com/bingbot.htm)
B	Rb	12713	1.399	Mozilla/5.0 (compatible; YandexBot/3.0;  http://yandex.com/bots)
B	Rb	12120	0.000	Mozilla/5.0 (Windows NT 10.0; Win64; x64) AppleWebKit/537.36 (KHTML, like Gecko) Chrome/114.0.0.0 Safari/537.36
B	Rb	11661	0.333	Mozilla/5.0 (Macintosh; Intel Mac OS X 10_15_5) AppleWebKit/605.1.15 (KHTML, like Gecko) Version/13.1.1 Safari/605.1.15 (Applebot/0.1;  http://www.apple.com/go/applebot)
B	Rb	10965	0.689	Mozilla/5.0 (compatible; Baiduspider/2.0;  http://www.baidu.com/search/spider.html)
B	Rb	10308	0.616	Mozilla/5.0 (Windows NT 6.1; WOW64; Trident/7.0; rv:11.0) like Gecko
B	Rb	9648	0.435	Mozilla/5.0 AppleWebKit/537.36 (KHTML, like Gecko; compatible; bingbot/2.0;  http://www.bing.com/bingbot.htm) Chrome/103.0.5060.134 Safari/537.36
B	Rb	8572	0.000	Mozilla/5.0 (Windows NT 10.0; Win64; x64) AppleWebKit/537.36 (KHTML, like Gecko) Chrome/120.0.0.0 Safari/537.36
B	Rb	8061	0.886	Mozilla/4.0 (compatible; MSIE 7.0; Windows NT 5.1; .NET CLR 1.1.4322; .NET CLR 2.0.50727)
B	Rb	7632	0.067	Mozilla/5.0 (Windows NT 10.0; Win64; x64) AppleWebKit/537.36 (KHTML, like Gecko) Chrome/113.0.0.0 Safari/537.36
B	Rb	7492	0.408	Mozilla/5.0 (compatible; Yahoo! Slurp; http://help.yahoo.com/help/us/ysearch/slurp)
B	Rb	7194	0.000	Mozilla/5.0 (Windows NT 10.0; Win64; x64) AppleWebKit/537.36 (KHTML, like Gecko) Chrome/116.0.0.0 Safari/537.36
B	Rb	7181	0.200	Mozilla/4.0 (compatible;)
B	Rb	7161	0.210	Mozilla/4.0 (compatible; MSIE 6.0; Windows NT 5.1; SV1; .NET CLR 2.0.50727)
B	Rb	6630	0.190	Mozilla/5.0 (compatible; BLEXBot/1.0;  http://webmeup-crawler.com/)
B	Rb	6482	0.307	Mozilla/4.0 (compatible; MSIE 6.0; Windows NT 5.1)
B	Rb	6164	0.044	Mozilla/4.0 (compatible; MSIE 7.0; Windows NT 5.1; .NET CLR 1.1.4322; .NET CLR 2.0.50727; .NET CLR 3.0.4506.2152; .NET CLR 3.5.30729)
B	Rb	6157	0.424	Mozilla/5.0 (Macintosh; Intel Mac OS X 10.11; rv:52.0) Gecko/20100101 Firefox/52.0
B	Rb	6152	0.345	Mozilla/4.0 (compatible; MSIE 7.0; Windows NT 6.1; WOW64; Trident/5.0; SLCC2; .NET CLR 2.0.50727; .NET CLR 3.5.30729; .NET CLR 3.0.30729; Media Center PC 6.0; .NET4.0C; .NET4.0E)
B	Rb	6079	0.224	Mozilla/5.0 (Windows NT 6.1; WOW64) AppleWebKit/537.36 (KHTML, like Gecko) Chrome/36.0.1985.143 Safari/537.36
B	Rb	5956	0.000	Mozilla/5.0 (Windows NT 10.0; Win64; x64) AppleWebKit/537.36 (KHTML, like Gecko) Chrome/119.0.0.0 Safari/537.36
B	Rb	5934	0.000	Mozilla/5.0 (Windows NT 6.1; Win64; x64; rv:109.0) Gecko/20100101 Firefox/114.0
B	Rb	5848	0.260	Sosospider ( http://help.soso.com/webspider.htm)
B	Rb	5460	0.479	PRurl
B	Rb	5436	0.296	Mozilla/5.0 (Windows; U; Windows NT 5.1; en-US; rv:1.7.2) Gecko/20040804 Netscape/7.2 (ax)
B	Rb	5308	0.127	Mozilla/4.0 (compatible; MSIE 7.0; Windows NT 5.1; .NET CLR 1.1.4322; .NET CLR 2.0.50727; .NET CLR 3.0.04506.30)
B	Rb	5287	0.315	Mozilla/4.0 (compatible; MSIE 7.0; Windows NT 5.1)
B	Rb	5287	0.193	Mozilla/5.0 (Windows NT 6.1; WOW64; rv:14.0) Gecko/20100101 Firefox/13.0.1
B	Rb	5280	0.400	Mozilla/5.0 (Windows NT 5.1; rv:17.0) Gecko/20100101 Firefox/17.0
B	Rb	4925	0.118	Mozilla/5.0 (compatible; MSIE 9.0; Windows NT 6.1; WOW64; Trident/5.0)
B	Rb	4864	0.246	Mozilla/5.0 (compatible; MJ12bot/v1.4.8; http://mj12bot.com/)
B	Rb	1052897	74.860	[not listed: 22055]
b	*f	-15Q	s
b	lRQq	1	760743	3018098490	102.321	Netscape
b	lRQq	2	37444	3670614432	124.443	Mozilla/1
b	lRQq	2	11254	4230854669	143.437	Mozilla/52
b	lRQq	2	707	4203803685	142.520	Mozilla/20
b	lRQq	2	819	4203803685	142.520	Mozilla/25
b	lRQq	2	1363	4203803685	142.520	Mozilla/26
b	lRQq	2	834	4203803685	142.520	Mozilla/41
b	lRQq	2	1165	4112640074	139.429	Mozilla/10
b	lRQq	2	1094	4112640074	139.429	Mozilla/56
b	lRQq	2	1035	4112640074	139.429	Mozilla/67
b	lRQq	2	1065	3923550106	133.019	Mozilla/11
b	lRQq	2	2324	3923550106	133.019	Mozilla/29
b	lRQq	2	1581	3923550106	133.019	Mozilla/68
b	lRQq	2	1153	3923550106	133.019	Mozilla/8
b	lRQq	2	529	3923550106	133.019	Mozilla/30
b	lRQq	2	804	3923550106	133.019	Mozilla/35
b	lRQq	2	1144	3923550106	133.019	Mozilla/42
b	lRQq	2	3781	3923550106	133.019	Mozilla/43
b	lRQq	2	929	3832386495	129.928	Mozilla/62
b	lRQq	2	1526	3832386495	129.928	Mozilla/5
b	lRQq	2	439	3643296527	123.517	Mozilla/19
b	lRQq	1	1104	2802535810	95.013	axios
b	lRQq	2	1080	1401267914	47.507	axios/0
b	lRQq	2	24	1401267896	47.507	axios/1
b	lRQq	1	2007	4210566431	142.749	Konqueror
b	lRQq	2	1954	2529044957	85.741	Konqueror/3
b	lRQq	2	51	1401267895	47.507	Konqueror/4
b	lRQq	2	2	280253579	9.501	Konqueror/2
b	lRQq	1	20	4203803685	142.520	com.google.GoogleMobile
b	lRQq	2	3	840760737	28.504	com.google.GoogleMobile/42
b	lRQq	2	2	560507158	19.003	com.google.GoogleMobile/41
b	lRQq	2	2	560507158	19.003	com.google.GoogleMobile/62
b	lRQq	2	2	560507158	19.003	com.google.GoogleMobile/67
b	lRQq	2	3	280253579	9.501	com.google.GoogleMobile/60
b	lRQq	2	2	280253579	9.501	com.google.GoogleMobile/34
b	lRQq	2	1	280253579	9.501	com.google.GoogleMobile/61
b	lRQq	2	1	280253579	9.501	com.google.GoogleMobile/72
b	lRQq	2	3	280253579	9.501	com.google.GoogleMobile/38
b	lRQq	2	1	280253579	9.501	com.google.GoogleMobile/65
b	lRQq	1	260	4203803685	142.520	AppEngine-Google; ( http:
b	lRQq	2	260	4203803685	142.520	AppEngine-Google; ( http://code
b	lRQq	1	54	3643296527	123.517	Google
b	lRQq	2	50	3082789369	104.515	Google/2
b	lRQq	2	4	560507158	19.003	Google/1
b	lRQq	1	49	3363042948	114.016	PHP-Curl-Class
b	lRQq	2	38	2522282211	85.512	PHP-Curl-Class/9
b	lRQq	2	11	840760737	28.504	PHP-Curl-Class/8
b	lRQq	1	36	3363042948	114.016	PHP
b	lRQq	2	26	2802535790	95.013	PHP/5
b	lRQq	2	1	280253579	9.501	PHP/4
b	lRQq	1	99	3082789369	104.515	GuzzleHttp
b	lRQq	2	98	2802535790	95.013	GuzzleHttp/6
b	lRQq	2	1	280253579	9.501	GuzzleHttp/7
b	lRQq	1	139	3082789369	104.515	Lynx
b	lRQq	2	139	3082789369	104.515	Lynx/2
b	lRQq	1	949	2991625758	101.424	Python
b	lRQq	2	949	2991625758	101.424	Python/3
b	lRQq	1	952	2991625758	101.424	Scrapy
b	lRQq	2	248	3643296527	123.517	Scrapy/1
b	lRQq	2	698	2242028632	76.011	Scrapy/2
b	lRQq	2	6	1401267895	47.507	Scrapy/0
b	lRQq	1	144	2991625758	101.424	Screaming Frog SEO Spider
b	lRQq	2	15	840760737	28.504	Screaming Frog SEO Spider/13
b	lRQq	2	68	840760737	28.504	Screaming Frog SEO Spider/9
b	lRQq	2	17	840760737	28.504	Screaming Frog SEO Spider/18
b	lRQq	2	3	560507158	19.003	Screaming Frog SEO Spider/12
b	lRQq	2	3	560507158	19.003	Screaming Frog SEO Spider/16
b	lRQq	2	4	560507158	19.003	Screaming Frog SEO Spider/8
b	lRQq	2	4	560507158	19.003	Screaming Frog SEO Spider/17
b	lRQq	2	6	280253579	9.501	Screaming Frog SEO Spider/10
b	lRQq	2	1	280253579	9.501	Screaming Frog SEO Spider/2
b	lRQq	2	2	280253579	9.501	Screaming Frog SEO Spider/3
b	lRQq	2	1	280253579	9.501	Screaming Frog SEO Spider/4
b	lRQq	2	2	280253579	9.501	Screaming Frog SEO Spider/14
b	lRQq	2	3	280253579	9.501	Screaming Frog SEO Spider/5
b	lRQq	2	1	280253579	9.501	Screaming Frog SEO Spider/6
b	lRQq	2	2	280253579	9.501	Screaming Frog SEO Spider/7
b	lRQq	2	12	280253579	9.501	Screaming Frog SEO Spider/19
b	lRQq	1	2	2802535790	95.013	() { :;}; 
b	lRQq	2	2	2802535790	95.013	() { :;}; /bin/bash
b	lRQq	1	164	2802535790	95.013	com.apple.WebKit.Networking
b	lRQq	2	70	1121014316	38.005	com.apple.WebKit.Networking/8615
b	lRQq	2	18	840760737	28.504	com.apple.WebKit.Networking/8614
b	lRQq	2	4	280253579	9.501	com.apple.WebKit.Networking/18614
b	lRQq	2	60	280253579	9.501	com.apple.WebKit.Networking/8616
b	lRQq	2	12	280253579	9.501	com.apple.WebKit.Networking/8617
b	lRQq	1	874684	640547988	21.716	[not listed: 929]
p	*f	0Q	s
p	lR	1	791077	Windows
p	lR	2	343218	Unknown Windows
p	lR	2	182508	Windows NT
p	lR	2	249054	Windows XP
p	lR	2	2233	Windows 95
p	lR	2	408	Windows CE
p	lR	2	2367	Windows 98
p	lR	2	9475	Windows 2000
p	lR	2	384	Windows 3.1
p	lR	2	1430	Windows ME
p	lR	1	164143	Macintosh
p	lR	2	159569	Unknown Macintosh
p	lR	2	1332	Macintosh 68k
p	lR	2	3242	Macintosh PowerPC
p	lR	1	337457	OS unknown
p	lR	1	128039	Unix
p	lR	2	125161	Linux
p	lR	2	66	BSD
p	lR	2	22	SunOS
p	lR	2	2787	Other Unix
p	lR	2	3	HP-UX
p	lR	1	220607	Known robots
p	lR	1	16	WebTV
p	lR	1	13	BeOS
p	lR	1	47	OS/2
p	lR	1	7	Amiga
i	*f	0R	s
i	lRc	1	851960	0.000	[root directory]
i	lRc	1	561226	0.000	/images/
i	lRc	1	152865	0.000	/js/
i	lRc	1	78685	0.000	/css/
i	lRc	1	7597	0.000	/uploads/
i	lRc	1	865	0.000	/videos/
i	lRc	1	541	0.000	/client/
i	lRc	1	1	0.000	/cgi-bin/
i	lRc	1	254	0.000	/dev/
i	lRc	2	24	0.000	/dev/css/
i	lRc	2	46	0.000	/dev/js/
i	lRc	2	81	0.000	/dev/images/
i	lRc	1	1	0.000	/secure/
i	lRc	1	74	0.000	/stats/
r	*f	0.050000%S	s
r	lRSc	1	25822	65	0.000	/links.html
r	lRSc	1	36604	38	0.000	/aboutus.html
r	lRSc	1	32814	34	0.000	/compnews.html
r	lRSc	1	25642	32	0.000	/contactus.html
r	lRSc	1	20067	28	0.000	/pna.html
r	lRSc	1	23736	27	0.000	/consultinga.html
r	lRSc	1	23214	27	0.000	/cct&m.html
r	lRSc	1	14731	26	0.000	/sru.html
r	lRSc	1	22591	25	0.000	/cfmt.html
r	lRSc	1	27696	25	0.000	/uasfc.html
r	lRSc	1	10235	23	0.000	/gt50t+rpas.html
r	lRSc	1	10734	22	0.000	/gt1500+rpas.html
r	lRSc	1	19814	21	0.000	/indevents.html
r	lRSc	1	10858	20	0.000	/gt380+rpas.html
r	lRSc	1	17738	19	0.000	/faq.html
r	lRSc	1	6266	17	0.000	/gt100hl+rpas.html
r	lRSc	1	19532	13	0.000	/employment.html
r	lRSc	1	29975	10	0.000	/indnews.html
r	lRSc	2	141	0	0.000	/indnews.html?referer=www.clickfind.com.au/wp-login.php
r	lRSc	2	1	0	0.000	/indnews.html?referer=top1.co.pl
r	lRSc	2	1	0	0.000	/indnews.html?referer=www.clickfind.com.au//wp-content/themes/busybee/thumb.php?src=http://blogger.com.opontodaarte.com.br/java.php
r	lRSc	1	12617	8	0.000	/rd.html
r	lRSc	1	4299	7	0.000	/gtatexan.html
r	lRSc	1	1499	6	0.000	/uploads/idrone-pressrelease-powell-version220119.pdf
r	lRSc	1	816	6	0.000	/uploads/droneexpojan2022+(1).pdf
r	lRSc	1	736	5	0.000	/uploads/bighornbasindronefestivalflyer-v2-220110.pdf
r	lRSc	1	849	4	0.000	/uploads/big+horn+basin+drone+festival+event+schedule.pdf
r	lRSc	1	4278	3	0.000	/banditomav.html
r	lRSc	1	617	1	0.000	/uploads/2022wydronefestflyer+rev2.pdf
r	lRSc	1	4477	1	0.000	/uavengines.html
r	lRSc	1	3968	1	0.000	/bandituas.html
r	lRSc	1	1	0	0.000	/client/bandito timeline2007.html
r	lRSc	1	2	0	0.000	/client/bandit+timeline2004.html
r	lRSc	1	1	0	0.000	/stats/quick.html
r	lRSc	1	1	0	0.000	/404.htm
r	lRSc	1	12	0	0.000	/client/gta010707002.html
r	lRSc	1	72	0	0.000	/client/bandito+development.html
r	lRSc	1	135	0	0.000	/client/welcome.html
r	lRSc	1	3	0	0.000	/client/gta021305001.html
r	lRSc	1	1	0	0.000	/stats/browserrep.html
r	lRSc	1	741	0	0.000	/gt50t rpas.html
r	lRSc	1	5	0	0.000	/client/gta012405001.html
r	lRSc	1	2	0	0.000	/dev/contactus.html
r	lRSc	1	4	0	0.000	/stats/general.html
r	lRSc	1	1	0	0.000	/stats/dailyrep.html
r	lRSc	1	1	0	0.000	/dev/aboutus.html
r	lRSc	1	18	0	0.000	/client/tacamo+development.html
r	lRSc	1	1	0	0.000	/client/bandit development.html
r	lRSc	1	17	0	0.000	/client/bandit+timeline2008.html
r	lRSc	1	1	0	0.000	/client/bandito+timeline2005.html
r	lRSc	1	23	0	0.000	/client/projectbids.html
r	lRSc	1	1	0	0.000	/stats/host.html
r	lRSc	1	11	0	0.000	/client/rq2+outlaw.html
r	lRSc	1	1	0	0.000	/client/bandit timeline2008.html
r	lRSc	1	20	0	0.000	/client/clientpna.html
r	lRSc	1	15	0	0.000	/client/bandit.html
r	lRSc	1	2	0	0.000	/stats/default.asp
r	lRSc	1	21	0	0.000	/index.htm
r	lRSc	1	1	0	0.000	/cgi-bin/testms.pl
r	lRSc	1	987	0	0.000	/gtamt.html
r	lRSc	1	14	0	0.000	/client/rq1+bandit.html
r	lRSc	1	2253	0	0.000	/gt1500 rpas.html
r	lRSc	1	6	0	0.000	/client/gta021305002.html
r	lRSc	1	4	0	0.000	/client/gta121004001.html
r	lRSc	1	24	0	0.000	/client/tacamo.html
r	lRSc	1	30	0	0.000	/client/mgqgcyat.asp
r	lRSc	1	1	0	0.000	/dev/client.cgi
r	lRSc	1	18702	0	0.000	/default.asp
r	lRSc	1	1666	0	0.000	/gt380 rpas.html
r	lRSc	1	1	0	0.000	/client/bandito+timeline2006.html
r	lRSc	1	16	0	0.000	/client/rq3+bandito.html
r	lRSc	1	1	0	0.000	/dev/uasfc.html
r	lRSc	1	229	0	0.000	/client.cgi
r	lRSc	1	71	0	0.000	/client/bandit+development.html
r	lRSc	1	2	0	0.000	/client/bandito development.html
r	lRSc	1	2	0	0.000	/stats/yearly.html
r	lRSc	1	2	0	0.000	/stats/domain.html
r	lRSc	1	1	0	0.000	/stats/monthly.html
r	lRSc	1	2	0	0.000	/stats/weekly.html
r	lRSc	1	8	0	0.000	/client/gta010707001.html
r	lRSc	1	3749	0	0.000	/bidspridpass.html
r	lRSc	1	6356	0	0.000	/pridpass.html
r	lRSc	1	12	0	0.000	/client/bandito.html
r	lRSc	1	1	0	0.000	/dev/pna.html
r	lRSc	1	1	0	0.000	/client/tacamo development.html
r	lRSc	1	4	0	0.000	/stats/index.htm
r	lRSc	1	4	0	0.000	/stats/nav.html
r	lRSc	1	1	0	0.000	/stats/quarterly.html
r	lRSc	1	2	0	0.000	/stats/directory.html
r	lRSc	1	2	0	0.000	/stats/organisation.html
r	lRSc	1	8	0	0.000	/client/bandito+timeline2007.html
r	lRSc	1	7	0	0.000	/client/bandit+timeline2007.html
r	lRSc	1	1	0	0.000	/dev/pridpass.html
t	*f	0.100000%B	b
t	lRb	1	488056	43.756	.jpg  [JPEG graphics]
t	lRb	1	424001	26.229	.html [Hypertext Markup Language]
t	lRb	1	380838	18.517	[directories]
t	lRb	1	3080	5.242	.mp4
t	lRb	1	778	2.157	.wmv
t	lRb	1	87	2.118	.mpg  [MPEG movie]
t	lRb	1	18734	0.911	.asp  [Active Server REQUESTS]
t	lRb	1	73275	0.296	.gif  [GIF graphics]
t	lRb	1	152911	0.254	.js  [JavaScript code]
t	lRb	1	78701	0.225	.css  [Cascading Style Sheets]
t	lRb	1	4517	0.210	.pdf  [Adobe Portable Document Format]
t	lRb	1	29091	0.084	[not listed: 6]
z	*FR	2023	04	05	20	41
z	*LR	2023	05	09	10	03
z	ScR	0	0.000	84837	0
z	ScR	0	0.000	0	1b-  10b
z	ScR	0	0.000	0	11b- 100b
z	ScR	0	0.000	85122	101b-  1kb
z	ScR	0	0.000	509907	1kb- 10kb
z	ScR	0	0.000	352085	10kb-100kb
z	ScR	0	0.000	104639	100kb-  1Mb
z	ScR	0	0.000	4584	1Mb- 10Mb
z	ScR	0	0.000	55	10Mb-100Mb
z	ScR	0	0.000	13	100Mb-  1Gb
c	*FR	2014	03	02	13	52
c	*LR	2024	01	28	05	47
c	*f	0R	a
c	R	1548454	200 OK
c	R	8422	206 Partial content
c	R	171	301 Document moved permanently
c	R	77	302 Document found elsewhere
c	R	97193	304 Not modified since last retrieval
c	R	1057	400 Bad request
c	R	207	401 Authentication required
c	R	452	403 Access forbidden
c	R	613548	404 Document not found
c	R	2188	405 Method not allowed
c	R	874	406 Document not acceptable to client
c	R	141	416 Requested range not valid
c	R	624	500 Internal server error
c	R	128	501 Request type not supported
I	*FR	2007	12	11	00	52
I	*LR	2024	01	28	05	47
I	*f	-30S	s
I	lRS	1	149075	173	/robots.txt
I	lRS	1	7578	16	/ads.txt
I	lRS	1	1349	7	/videos/bandito+004+flt+8+clip+092508.wmv
I	lRS	1	8508	7	/wp-login.php
I	lRS	1	185	7	/wp-head.php
I	lRS	1	137	6	/class.api.php
I	lRS	1	106	6	/st.php
I	lRS	1	130	6	/cjfuns.php
I	lRS	1	124	6	/my1.php
I	lRS	1	25	6	/wp-includes/js/jquery/jquery.min.js
I	lRS	1	446	5	/mobile
I	lRS	1	266	5	/dropdown.php
I	lRS	1	402	5	/wp-admin/install.php
I	lRS	1	224	5	/wp-admin/dropdown.php
I	lRS	1	3010	5	/.env
I	lRS	1	186	5	/wp-admin/js/about.php
I	lRS	1	145	5	/wp-content/themes/twenty/twenty.php
I	lRS	1	84	4	/wp-content/plugins/install.php
I	lRS	1	331	4	/images/gta2+at-6+photo.jpg
I	lRS	1	90	4	/wp-admin/maint/moon.php
I	lRS	1	282	4	/ios
I	lRS	1	102	4	/cgi-bin/install.php
I	lRS	1	297	4	/images/at-6+kit+contents+2+small.jpg
I	lRS	1	150	4	/wp-content/plugins/cache/dropdown.php
I	lRS	1	132	4	/wp-includes/text/about.php
I	lRS	1	580	4	/new
I	lRS	1	265	4	/downloads
I	lRS	1	84	4	/wp-admin/js/about.php7
I	lRS	1	4443	4	/xmlrpc.php
I	lRS	1	572	4	/wp-admin/admin-ajax.php
I	lRS	1	439782	319	[not listed: 27052]
L	*FR	2007	12	11	00	52
L	*LR	2024	01	28	05	47
L	*f	-20S	s
L	RS	138	64	20.96.30.178
L	RS	64	64	20.125.101.243
L	RS	306	51	165.22.52.161
L	RS	258	43	181.214.218.56
L	RS	72	36	164.92.155.92
L	RS	84	28	45.138.16.215
L	RS	12	12	91.92.251.173
L	RS	40	10	20.125.113.160
L	RS	36	9	128.90.90.12
L	RS	54	9	69.167.28.187
L	RS	42	7	172.56.53.112
L	RS	739	7	85.208.98.23
L	RS	6	6	98.70.50.162
L	RS	20	6	164.68.103.101
L	RS	12	6	149.56.150.148
L	RS	20	5	167.86.110.100
L	RS	8	5	66.249.65.100
L	RS	144	5	66.249.66.197
L	RS	16	4	138.68.171.153
L	RS	92	4	77.75.77.62
L	RS	617056	265	[not listed: 84693]
K	*FR	2013	12	22	04	20
K	*LR	2024	01	27	18	16
K	*f	-30S	s
K	lRS	1	752	12	http://www.gtaeronautics.com/gtaTexan.html
K	lRS	1	21096	5	http://www.gtaeronautics.com/
K	lRS	1	699	4	http://www.gtaeronautics.com/BANDITOMAV.html
K	lRS	1	317	1	http://www.gtaeronautics.com/index.php
K	lRS	1	2	1	http://gtaeronautics.com/composere.php
K	lRS	1	541	1	http://www.baidu.com/
K	lRS	1	2	1	http://gtaeronautics.com/systems.php
K	lRS	1	2	1	http://gtaeronautics.com/web_system.php
K	lRS	1	44182	0	[not listed: 5933]
E	*FR	2008	01	06	10	12
E	*LR	2024	01	10	15	24
E	*f	-30S	s
E	lSR	1	0	248	[not listed: 7]
l	*FR	2008	01	06	10	12
l	*LR	2024	01	10	15	24
l	*f	-20S	s
l	SR	0	248	[not listed: 115]
v	*f	-20B	b
v	Rb	996654	65.103	64.41.87.40
v	Rb	657415	34.897	66.113.131.59
R	*FR	2008	01	06	10	12
R	*LR	2024	01	10	15	24
R	*f	-20R	r
R	R	178	66.113.131.59
R	R	70	64.41.87.40
M	*FR	2007	12	11	00	52
M	*LR	2024	01	28	05	47
M	*f	-20R	r
M	R	316613	64.41.87.40
M	R	302606	66.113.131.59
J	*FR	2007	12	11	00	53
J	*LR	2017	03	17	18	30
J	*f	-20R	r
J	R	9	gtaeronautics
J	R	5	lorrigkj
J	R	1	rullma2063
J	R	1	administrator
J	R	1	satish
J	R	1	nnnnn
P	*FR	2023	11	08	09	11
P	*LR	2024	01	28	05	47
P	R	212	0
P	R	84	<= 0.01
P	R	2083	0.01-0.02
P	R	118379	0.02-0.05
P	R	165512	0.05-0.1 
P	R	221711	0.1 -0.2 
P	R	225435	0.2 -0.5 
P	R	113864	0.5 -1   
P	R	62960	1-  2 
P	R	27534	2-  5 
P	R	12091	5- 10 
P	R	5757	10- 20 
P	R	22788	20- 60 
P	R	3403	60-120 
P	R	14791	120-300 
