x	VE	analog 5.24
x	HN	gtaeronautics.com
x	PS	2016	09	25	02	30
x	FR	2007	12	18	17	05
x	LR	2016	09	25	05	31
x	E7	2016	09	25	02	30
x	SR	589362
x	S7	1403
x	NC	254631
x	C7	0
x	FL	289396
x	F7	293
x	RR	178
x	R7	0
x	NH	52271
x	H7	261
x	BT	16808808486
x	B7	38575748
1	Rr	49494	8.398	2016
1	Rr	80796	13.709	2015
1	Rr	110773	18.795	2014
1	Rr	65173	11.058	2013
1	Rr	60742	10.306	2012
1	Rr	57015	9.674	2011
1	Rr	22139	3.756	2010
1	Rr	69710	11.828	2009
1	Rr	71820	12.186	2008
1	Rr	1700	0.288	2007
1	*BT	R	110773	2014
Q	Rr	15913	2.700	2016	3
Q	Rr	15878	2.694	2016	2
Q	Rr	17703	3.004	2016	1
Q	Rr	16575	2.812	2015	4
Q	Rr	22104	3.750	2015	3
Q	Rr	22485	3.815	2015	2
Q	Rr	19632	3.331	2015	1
Q	Rr	21142	3.587	2014	4
Q	Rr	22272	3.779	2014	3
Q	Rr	31453	5.337	2014	2
Q	Rr	35906	6.092	2014	1
Q	Rr	16436	2.789	2013	4
Q	Rr	15216	2.582	2013	3
Q	Rr	16545	2.807	2013	2
Q	Rr	16976	2.880	2013	1
Q	Rr	16578	2.813	2012	4
Q	Rr	12511	2.123	2012	3
Q	Rr	15816	2.684	2012	2
Q	Rr	15837	2.687	2012	1
Q	Rr	15444	2.620	2011	4
Q	Rr	17386	2.950	2011	3
Q	Rr	9395	1.594	2011	2
Q	Rr	14790	2.509	2011	1
Q	Rr	1603	0.272	2010	4
Q	Rr	0	0.000	2010	3
Q	Rr	14047	2.383	2010	2
Q	Rr	6489	1.101	2010	1
Q	Rr	16350	2.774	2009	4
Q	Rr	18220	3.091	2009	3
Q	Rr	17115	2.904	2009	2
Q	Rr	18025	3.058	2009	1
Q	Rr	15905	2.699	2008	4
Q	Rr	15660	2.657	2008	3
Q	Rr	22448	3.809	2008	2
Q	Rr	17807	3.021	2008	1
Q	Rr	1700	0.288	2007	4
Q	*BT	R	35906	2014	1
m	Rr	4580	0.777	2016	09
m	Rr	5888	0.999	2016	08
m	Rr	5445	0.924	2016	07
m	Rr	5042	0.856	2016	06
m	Rr	5495	0.932	2016	05
m	Rr	5341	0.906	2016	04
m	Rr	5558	0.943	2016	03
m	Rr	5548	0.941	2016	02
m	Rr	6597	1.119	2016	01
m	Rr	5574	0.946	2015	12
m	Rr	5330	0.904	2015	11
m	Rr	5671	0.962	2015	10
m	Rr	6196	1.051	2015	09
m	Rr	6788	1.152	2015	08
m	Rr	9120	1.547	2015	07
m	Rr	7156	1.214	2015	06
m	Rr	5694	0.966	2015	05
m	Rr	9635	1.635	2015	04
m	Rr	6215	1.055	2015	03
m	Rr	6084	1.032	2015	02
m	Rr	7333	1.244	2015	01
m	Rr	6608	1.121	2014	12
m	Rr	6997	1.187	2014	11
m	Rr	7537	1.279	2014	10
m	Rr	7043	1.195	2014	09
m	Rr	7324	1.243	2014	08
m	Rr	7905	1.341	2014	07
m	Rr	11654	1.977	2014	06
m	Rr	9211	1.563	2014	05
m	Rr	10588	1.797	2014	04
m	Rr	7817	1.326	2014	03
m	Rr	15229	2.584	2014	02
m	Rr	12860	2.182	2014	01
m	Rr	5325	0.904	2013	12
m	Rr	5513	0.935	2013	11
m	Rr	5598	0.950	2013	10
m	Rr	4655	0.790	2013	09
m	Rr	4938	0.838	2013	08
m	Rr	5623	0.954	2013	07
m	Rr	5492	0.932	2013	06
m	Rr	5211	0.884	2013	05
m	Rr	5842	0.991	2013	04
m	Rr	6068	1.030	2013	03
m	Rr	5055	0.858	2013	02
m	Rr	5853	0.993	2013	01
m	Rr	5688	0.965	2012	12
m	Rr	5477	0.929	2012	11
m	Rr	5413	0.918	2012	10
m	Rr	4331	0.735	2012	09
m	Rr	3866	0.656	2012	08
m	Rr	4314	0.732	2012	07
m	Rr	4655	0.790	2012	06
m	Rr	6047	1.026	2012	05
m	Rr	5114	0.868	2012	04
m	Rr	6128	1.040	2012	03
m	Rr	5430	0.921	2012	02
m	Rr	4279	0.726	2012	01
m	Rr	5548	0.941	2011	12
m	Rr	4779	0.811	2011	11
m	Rr	5117	0.868	2011	10
m	Rr	5431	0.922	2011	09
m	Rr	6256	1.061	2011	08
m	Rr	5699	0.967	2011	07
m	Rr	5420	0.920	2011	06
m	Rr	3975	0.674	2011	05
m	Rr	0	0.000	2011	04
m	Rr	3608	0.612	2011	03
m	Rr	5171	0.877	2011	02
m	Rr	6011	1.020	2011	01
m	Rr	1603	0.272	2010	12
m	Rr	0	0.000	2010	11
m	Rr	0	0.000	2010	10
m	Rr	0	0.000	2010	09
m	Rr	0	0.000	2010	08
m	Rr	0	0.000	2010	07
m	Rr	4101	0.696	2010	06
m	Rr	5018	0.851	2010	05
m	Rr	4928	0.836	2010	04
m	Rr	5095	0.864	2010	03
m	Rr	1394	0.237	2010	02
m	Rr	0	0.000	2010	01
m	Rr	4665	0.792	2009	12
m	Rr	6187	1.050	2009	11
m	Rr	5498	0.933	2009	10
m	Rr	5066	0.860	2009	09
m	Rr	5718	0.970	2009	08
m	Rr	7436	1.262	2009	07
m	Rr	5685	0.965	2009	06
m	Rr	6120	1.038	2009	05
m	Rr	5310	0.901	2009	04
m	Rr	5515	0.936	2009	03
m	Rr	6123	1.039	2009	02
m	Rr	6387	1.084	2009	01
m	Rr	5763	0.978	2008	12
m	Rr	5420	0.920	2008	11
m	Rr	4722	0.801	2008	10
m	Rr	5435	0.922	2008	09
m	Rr	4843	0.822	2008	08
m	Rr	5382	0.913	2008	07
m	Rr	6082	1.032	2008	06
m	Rr	9946	1.688	2008	05
m	Rr	6420	1.089	2008	04
m	Rr	5431	0.922	2008	03
m	Rr	6469	1.098	2008	02
m	Rr	5907	1.002	2008	01
m	Rr	1700	0.288	2007	12
m	*BT	R	15229	2014	02
W	Rr	25	0.004	2016	09	25
W	Rr	1399	0.237	2016	09	18
W	Rr	1199	0.203	2016	09	11
W	Rr	1326	0.225	2016	09	04
W	Rr	1316	0.223	2016	08	28
W	Rr	1257	0.213	2016	08	21
W	Rr	1208	0.205	2016	08	14
W	Rr	1602	0.272	2016	08	07
W	Rr	1319	0.224	2016	07	31
W	Rr	1796	0.305	2016	07	24
W	Rr	1171	0.199	2016	07	17
W	Rr	1167	0.198	2016	07	10
W	Rr	917	0.156	2016	07	03
W	Rr	920	0.156	2016	06	26
W	Rr	1179	0.200	2016	06	19
W	Rr	1288	0.219	2016	06	12
W	Rr	1237	0.210	2016	06	05
W	Rr	1263	0.214	2016	05	29
W	Rr	1338	0.227	2016	05	22
W	Rr	1184	0.201	2016	05	15
W	Rr	1365	0.232	2016	05	08
W	Rr	974	0.165	2016	05	01
W	Rr	1311	0.222	2016	04	24
W	Rr	1127	0.191	2016	04	17
W	Rr	1248	0.212	2016	04	10
W	Rr	1451	0.246	2016	04	03
W	Rr	987	0.167	2016	03	27
W	Rr	1233	0.209	2016	03	20
W	Rr	1347	0.229	2016	03	13
W	Rr	1347	0.229	2016	03	06
W	Rr	1236	0.210	2016	02	28
W	Rr	1422	0.241	2016	02	21
W	Rr	1085	0.184	2016	02	14
W	Rr	1427	0.242	2016	02	07
W	Rr	1359	0.231	2016	01	31
W	Rr	1708	0.290	2016	01	24
W	Rr	1476	0.250	2016	01	17
W	Rr	1563	0.265	2016	01	10
W	Rr	1381	0.234	2016	01	03
W	Rr	1273	0.216	2015	12	27
W	Rr	1084	0.184	2015	12	20
W	Rr	1344	0.228	2015	12	13
W	Rr	1336	0.227	2015	12	06
W	Rr	1123	0.191	2015	11	29
W	Rr	960	0.163	2015	11	22
W	Rr	1337	0.227	2015	11	15
W	Rr	1400	0.238	2015	11	08
W	Rr	1383	0.235	2015	11	01
W	Rr	1250	0.212	2015	10	25
W	Rr	1366	0.232	2015	10	18
W	Rr	1367	0.232	2015	10	11
W	Rr	1214	0.206	2015	10	04
W	Rr	1152	0.195	2015	09	27
W	Rr	1387	0.235	2015	09	20
W	Rr	1655	0.281	2015	09	13
W	Rr	1526	0.259	2015	09	06
W	Rr	1242	0.211	2015	08	30
W	Rr	1800	0.305	2015	08	23
W	Rr	1527	0.259	2015	08	16
W	Rr	1386	0.235	2015	08	09
W	Rr	1593	0.270	2015	08	02
W	Rr	1567	0.266	2015	07	26
W	Rr	1980	0.336	2015	07	19
W	Rr	2180	0.370	2015	07	12
W	Rr	2008	0.341	2015	07	05
W	Rr	2297	0.390	2015	06	28
W	Rr	1556	0.264	2015	06	21
W	Rr	1380	0.234	2015	06	14
W	Rr	2013	0.342	2015	06	07
W	Rr	1651	0.280	2015	05	31
W	Rr	1224	0.208	2015	05	24
W	Rr	1355	0.230	2015	05	17
W	Rr	1179	0.200	2015	05	10
W	Rr	1436	0.244	2015	05	03
W	Rr	1671	0.284	2015	04	26
W	Rr	1878	0.319	2015	04	19
W	Rr	2326	0.395	2015	04	12
W	Rr	2636	0.447	2015	04	05
W	Rr	2297	0.390	2015	03	29
W	Rr	1237	0.210	2015	03	22
W	Rr	1453	0.247	2015	03	15
W	Rr	1399	0.237	2015	03	08
W	Rr	1287	0.218	2015	03	01
W	Rr	1249	0.212	2015	02	22
W	Rr	1373	0.233	2015	02	15
W	Rr	1790	0.304	2015	02	08
W	Rr	1672	0.284	2015	02	01
W	Rr	1543	0.262	2015	01	25
W	Rr	1463	0.248	2015	01	18
W	Rr	1696	0.288	2015	01	11
W	Rr	1707	0.290	2015	01	04
W	Rr	1833	0.311	2014	12	28
W	Rr	1335	0.227	2014	12	21
W	Rr	1644	0.279	2014	12	14
W	Rr	1541	0.261	2014	12	07
W	Rr	1335	0.227	2014	11	30
W	Rr	1262	0.214	2014	11	23
W	Rr	2009	0.341	2014	11	16
W	Rr	1566	0.266	2014	11	09
W	Rr	1814	0.308	2014	11	02
W	Rr	1452	0.246	2014	10	26
W	Rr	1642	0.279	2014	10	19
W	Rr	1795	0.305	2014	10	12
W	Rr	1836	0.312	2014	10	05
W	Rr	1662	0.282	2014	09	28
W	Rr	1843	0.313	2014	09	21
W	Rr	1678	0.285	2014	09	14
W	Rr	1598	0.271	2014	09	07
W	Rr	1418	0.241	2014	08	31
W	Rr	1584	0.269	2014	08	24
W	Rr	1571	0.267	2014	08	17
W	Rr	1727	0.293	2014	08	10
W	Rr	1927	0.327	2014	08	03
W	Rr	1691	0.287	2014	07	27
W	Rr	1702	0.289	2014	07	20
W	Rr	1624	0.276	2014	07	13
W	Rr	1831	0.311	2014	07	06
W	Rr	1867	0.317	2014	06	29
W	Rr	1927	0.327	2014	06	22
W	Rr	2134	0.362	2014	06	15
W	Rr	4851	0.823	2014	06	08
W	Rr	2293	0.389	2014	06	01
W	Rr	3180	0.540	2014	05	25
W	Rr	1468	0.249	2014	05	18
W	Rr	1808	0.307	2014	05	11
W	Rr	1998	0.339	2014	05	04
W	Rr	1876	0.318	2014	04	27
W	Rr	2330	0.395	2014	04	20
W	Rr	2565	0.435	2014	04	13
W	Rr	2652	0.450	2014	04	06
W	Rr	2574	0.437	2014	03	30
W	Rr	1186	0.201	2014	03	23
W	Rr	1305	0.221	2014	03	16
W	Rr	2273	0.386	2014	03	09
W	Rr	2231	0.379	2014	03	02
W	Rr	1925	0.327	2014	02	23
W	Rr	7060	1.198	2014	02	16
W	Rr	2854	0.484	2014	02	09
W	Rr	3190	0.541	2014	02	02
W	Rr	3743	0.635	2014	01	26
W	Rr	3643	0.618	2014	01	19
W	Rr	2961	0.502	2014	01	12
W	Rr	2319	0.393	2014	01	05
W	Rr	981	0.166	2013	12	29
W	Rr	1108	0.188	2013	12	22
W	Rr	1226	0.208	2013	12	15
W	Rr	1285	0.218	2013	12	08
W	Rr	1289	0.219	2013	12	01
W	Rr	1404	0.238	2013	11	24
W	Rr	1142	0.194	2013	11	17
W	Rr	1334	0.226	2013	11	10
W	Rr	1277	0.217	2013	11	03
W	Rr	1035	0.176	2013	10	27
W	Rr	1309	0.222	2013	10	20
W	Rr	1302	0.221	2013	10	13
W	Rr	1432	0.243	2013	10	06
W	Rr	1178	0.200	2013	09	29
W	Rr	947	0.161	2013	09	22
W	Rr	1254	0.213	2013	09	15
W	Rr	1099	0.186	2013	09	08
W	Rr	1053	0.179	2013	09	01
W	Rr	1010	0.171	2013	08	25
W	Rr	1102	0.187	2013	08	18
W	Rr	1063	0.180	2013	08	11
W	Rr	1105	0.187	2013	08	04
W	Rr	1377	0.234	2013	07	28
W	Rr	1498	0.254	2013	07	21
W	Rr	1295	0.220	2013	07	14
W	Rr	1237	0.210	2013	07	07
W	Rr	1003	0.170	2013	06	30
W	Rr	1275	0.216	2013	06	23
W	Rr	1072	0.182	2013	06	16
W	Rr	1249	0.212	2013	06	09
W	Rr	1521	0.258	2013	06	02
W	Rr	1256	0.213	2013	05	26
W	Rr	1091	0.185	2013	05	19
W	Rr	1359	0.231	2013	05	12
W	Rr	1130	0.192	2013	05	05
W	Rr	1215	0.206	2013	04	28
W	Rr	1368	0.232	2013	04	21
W	Rr	1318	0.224	2013	04	14
W	Rr	1408	0.239	2013	04	07
W	Rr	1277	0.217	2013	03	31
W	Rr	1452	0.246	2013	03	24
W	Rr	1418	0.241	2013	03	17
W	Rr	1217	0.206	2013	03	10
W	Rr	1490	0.253	2013	03	03
W	Rr	1353	0.230	2013	02	24
W	Rr	1268	0.215	2013	02	17
W	Rr	1274	0.216	2013	02	10
W	Rr	1153	0.196	2013	02	03
W	Rr	1266	0.215	2013	01	27
W	Rr	1271	0.216	2013	01	20
W	Rr	1449	0.246	2013	01	13
W	Rr	1253	0.213	2013	01	06
W	Rr	1309	0.222	2012	12	30
W	Rr	1156	0.196	2012	12	23
W	Rr	1336	0.227	2012	12	16
W	Rr	1575	0.267	2012	12	09
W	Rr	1087	0.184	2012	12	02
W	Rr	1376	0.233	2012	11	25
W	Rr	1136	0.193	2012	11	18
W	Rr	1341	0.228	2012	11	11
W	Rr	1418	0.241	2012	11	04
W	Rr	1103	0.187	2012	10	28
W	Rr	1200	0.204	2012	10	21
W	Rr	1382	0.234	2012	10	14
W	Rr	1127	0.191	2012	10	07
W	Rr	1187	0.201	2012	09	30
W	Rr	1172	0.199	2012	09	23
W	Rr	1034	0.175	2012	09	16
W	Rr	944	0.160	2012	09	09
W	Rr	958	0.163	2012	09	02
W	Rr	734	0.125	2012	08	26
W	Rr	881	0.149	2012	08	19
W	Rr	874	0.148	2012	08	12
W	Rr	973	0.165	2012	08	05
W	Rr	1010	0.171	2012	07	29
W	Rr	943	0.160	2012	07	22
W	Rr	1089	0.185	2012	07	15
W	Rr	888	0.151	2012	07	08
W	Rr	845	0.143	2012	07	01
W	Rr	1070	0.182	2012	06	24
W	Rr	1050	0.178	2012	06	17
W	Rr	1271	0.216	2012	06	10
W	Rr	957	0.162	2012	06	03
W	Rr	1249	0.212	2012	05	27
W	Rr	1055	0.179	2012	05	20
W	Rr	1392	0.236	2012	05	13
W	Rr	1140	0.193	2012	05	06
W	Rr	1807	0.307	2012	04	29
W	Rr	1225	0.208	2012	04	22
W	Rr	1264	0.214	2012	04	15
W	Rr	1075	0.182	2012	04	08
W	Rr	1261	0.214	2012	04	01
W	Rr	1345	0.228	2012	03	25
W	Rr	1254	0.213	2012	03	18
W	Rr	1478	0.251	2012	03	11
W	Rr	1503	0.255	2012	03	04
W	Rr	1532	0.260	2012	02	26
W	Rr	1464	0.248	2012	02	19
W	Rr	1154	0.196	2012	02	12
W	Rr	1240	0.210	2012	02	05
W	Rr	1088	0.185	2012	01	29
W	Rr	1125	0.191	2012	01	22
W	Rr	60	0.010	2012	01	15
W	Rr	1472	0.250	2012	01	08
W	Rr	1122	0.190	2012	01	01
W	Rr	888	0.151	2011	12	25
W	Rr	1360	0.231	2011	12	18
W	Rr	1486	0.252	2011	12	11
W	Rr	1330	0.226	2011	12	04
W	Rr	1094	0.186	2011	11	27
W	Rr	1062	0.180	2011	11	20
W	Rr	1123	0.191	2011	11	13
W	Rr	975	0.165	2011	11	06
W	Rr	1264	0.214	2011	10	30
W	Rr	1140	0.193	2011	10	23
W	Rr	1211	0.205	2011	10	16
W	Rr	1236	0.210	2011	10	09
W	Rr	1128	0.191	2011	10	02
W	Rr	1083	0.184	2011	09	25
W	Rr	1451	0.246	2011	09	18
W	Rr	1278	0.217	2011	09	11
W	Rr	1219	0.207	2011	09	04
W	Rr	1316	0.223	2011	08	28
W	Rr	1119	0.190	2011	08	21
W	Rr	1484	0.252	2011	08	14
W	Rr	1671	0.284	2011	08	07
W	Rr	1319	0.224	2011	07	31
W	Rr	1197	0.203	2011	07	24
W	Rr	1504	0.255	2011	07	17
W	Rr	1367	0.232	2011	07	10
W	Rr	1205	0.204	2011	07	03
W	Rr	1333	0.226	2011	06	26
W	Rr	1059	0.180	2011	06	19
W	Rr	1353	0.230	2011	06	12
W	Rr	1275	0.216	2011	06	05
W	Rr	983	0.167	2011	05	29
W	Rr	1262	0.214	2011	05	22
W	Rr	1374	0.233	2011	05	15
W	Rr	1076	0.183	2011	05	08
W	Rr	0	0.000	2011	05	01
W	Rr	0	0.000	2011	04	24
W	Rr	0	0.000	2011	04	17
W	Rr	0	0.000	2011	04	10
W	Rr	0	0.000	2011	04	03
W	Rr	0	0.000	2011	03	27
W	Rr	24	0.004	2011	03	20
W	Rr	1317	0.223	2011	03	13
W	Rr	1258	0.213	2011	03	06
W	Rr	1372	0.233	2011	02	27
W	Rr	1226	0.208	2011	02	20
W	Rr	1524	0.259	2011	02	13
W	Rr	1366	0.232	2011	02	06
W	Rr	958	0.163	2011	01	30
W	Rr	1273	0.216	2011	01	23
W	Rr	1560	0.265	2011	01	16
W	Rr	1472	0.250	2011	01	09
W	Rr	1310	0.222	2011	01	02
W	Rr	798	0.135	2010	12	26
W	Rr	935	0.159	2010	12	19
W	Rr	0	0.000	2010	12	12
W	Rr	0	0.000	2010	12	05
W	Rr	0	0.000	2010	11	28
W	Rr	0	0.000	2010	11	21
W	Rr	0	0.000	2010	11	14
W	Rr	0	0.000	2010	11	07
W	Rr	0	0.000	2010	10	31
W	Rr	0	0.000	2010	10	24
W	Rr	0	0.000	2010	10	17
W	Rr	0	0.000	2010	10	10
W	Rr	0	0.000	2010	10	03
W	Rr	0	0.000	2010	09	26
W	Rr	0	0.000	2010	09	19
W	Rr	0	0.000	2010	09	12
W	Rr	0	0.000	2010	09	05
W	Rr	0	0.000	2010	08	29
W	Rr	0	0.000	2010	08	22
W	Rr	0	0.000	2010	08	15
W	Rr	0	0.000	2010	08	08
W	Rr	0	0.000	2010	08	01
W	Rr	0	0.000	2010	07	25
W	Rr	0	0.000	2010	07	18
W	Rr	0	0.000	2010	07	11
W	Rr	0	0.000	2010	07	04
W	Rr	15	0.003	2010	06	27
W	Rr	914	0.155	2010	06	20
W	Rr	1104	0.187	2010	06	13
W	Rr	1096	0.186	2010	06	06
W	Rr	1171	0.199	2010	05	30
W	Rr	1115	0.189	2010	05	23
W	Rr	1170	0.199	2010	05	16
W	Rr	1334	0.226	2010	05	09
W	Rr	1109	0.188	2010	05	02
W	Rr	1067	0.181	2010	04	25
W	Rr	1212	0.206	2010	04	18
W	Rr	1054	0.179	2010	04	11
W	Rr	1325	0.225	2010	04	04
W	Rr	811	0.138	2010	03	28
W	Rr	1195	0.203	2010	03	21
W	Rr	1338	0.227	2010	03	14
W	Rr	1113	0.189	2010	03	07
W	Rr	1103	0.187	2010	02	28
W	Rr	1290	0.219	2010	02	21
W	Rr	0	0.000	2010	02	14
W	Rr	0	0.000	2010	02	07
W	Rr	0	0.000	2010	01	31
W	Rr	0	0.000	2010	01	24
W	Rr	0	0.000	2010	01	17
W	Rr	0	0.000	2010	01	10
W	Rr	0	0.000	2010	01	03
W	Rr	78	0.013	2009	12	27
W	Rr	945	0.160	2009	12	20
W	Rr	1140	0.193	2009	12	13
W	Rr	1323	0.224	2009	12	06
W	Rr	1518	0.258	2009	11	29
W	Rr	1352	0.229	2009	11	22
W	Rr	1346	0.228	2009	11	15
W	Rr	1416	0.240	2009	11	08
W	Rr	1734	0.294	2009	11	01
W	Rr	1035	0.176	2009	10	25
W	Rr	1297	0.220	2009	10	18
W	Rr	1267	0.215	2009	10	11
W	Rr	1440	0.244	2009	10	04
W	Rr	1521	0.258	2009	09	27
W	Rr	1121	0.190	2009	09	20
W	Rr	875	0.148	2009	09	13
W	Rr	1032	0.175	2009	09	06
W	Rr	1283	0.218	2009	08	30
W	Rr	1214	0.206	2009	08	23
W	Rr	1402	0.238	2009	08	16
W	Rr	1260	0.214	2009	08	09
W	Rr	1404	0.238	2009	08	02
W	Rr	1380	0.234	2009	07	26
W	Rr	1470	0.249	2009	07	19
W	Rr	1750	0.297	2009	07	12
W	Rr	1847	0.313	2009	07	05
W	Rr	1889	0.321	2009	06	28
W	Rr	1312	0.223	2009	06	21
W	Rr	1093	0.185	2009	06	14
W	Rr	1363	0.231	2009	06	07
W	Rr	1251	0.212	2009	05	31
W	Rr	1352	0.229	2009	05	24
W	Rr	1133	0.192	2009	05	17
W	Rr	1887	0.320	2009	05	10
W	Rr	1369	0.232	2009	05	03
W	Rr	1089	0.185	2009	04	26
W	Rr	1160	0.197	2009	04	19
W	Rr	1189	0.202	2009	04	12
W	Rr	1529	0.259	2009	04	05
W	Rr	1155	0.196	2009	03	29
W	Rr	1230	0.209	2009	03	22
W	Rr	1029	0.175	2009	03	15
W	Rr	1234	0.209	2009	03	08
W	Rr	1486	0.252	2009	03	01
W	Rr	1470	0.249	2009	02	22
W	Rr	1198	0.203	2009	02	15
W	Rr	1802	0.306	2009	02	08
W	Rr	1653	0.280	2009	02	01
W	Rr	1346	0.228	2009	01	25
W	Rr	1431	0.243	2009	01	18
W	Rr	1678	0.285	2009	01	11
W	Rr	1591	0.270	2009	01	04
W	Rr	886	0.150	2008	12	28
W	Rr	1148	0.195	2008	12	21
W	Rr	1428	0.242	2008	12	14
W	Rr	1508	0.256	2008	12	07
W	Rr	1194	0.203	2008	11	30
W	Rr	1070	0.182	2008	11	23
W	Rr	1396	0.237	2008	11	16
W	Rr	1255	0.213	2008	11	09
W	Rr	1314	0.223	2008	11	02
W	Rr	1397	0.237	2008	10	26
W	Rr	1638	0.278	2008	10	19
W	Rr	1298	0.220	2008	10	12
W	Rr	430	0.073	2008	10	05
W	Rr	723	0.123	2008	09	28
W	Rr	1308	0.222	2008	09	21
W	Rr	1242	0.211	2008	09	14
W	Rr	1409	0.239	2008	09	07
W	Rr	1142	0.194	2008	08	31
W	Rr	1022	0.173	2008	08	24
W	Rr	1062	0.180	2008	08	17
W	Rr	1188	0.202	2008	08	10
W	Rr	1232	0.209	2008	08	03
W	Rr	1050	0.178	2008	07	27
W	Rr	1272	0.216	2008	07	20
W	Rr	1305	0.221	2008	07	13
W	Rr	1093	0.185	2008	07	06
W	Rr	1182	0.201	2008	06	29
W	Rr	1937	0.329	2008	06	22
W	Rr	1493	0.253	2008	06	15
W	Rr	1083	0.184	2008	06	08
W	Rr	1283	0.218	2008	06	01
W	Rr	1432	0.243	2008	05	25
W	Rr	1726	0.293	2008	05	18
W	Rr	1580	0.268	2008	05	11
W	Rr	2661	0.452	2008	05	04
W	Rr	3648	0.619	2008	04	27
W	Rr	1400	0.238	2008	04	20
W	Rr	1365	0.232	2008	04	13
W	Rr	1213	0.206	2008	04	06
W	Rr	1670	0.283	2008	03	30
W	Rr	1211	0.205	2008	03	23
W	Rr	1144	0.194	2008	03	16
W	Rr	1301	0.221	2008	03	09
W	Rr	1292	0.219	2008	03	02
W	Rr	1427	0.242	2008	02	24
W	Rr	2207	0.374	2008	02	17
W	Rr	1124	0.191	2008	02	10
W	Rr	1561	0.265	2008	02	03
W	Rr	1533	0.260	2008	01	27
W	Rr	1389	0.236	2008	01	20
W	Rr	1133	0.192	2008	01	13
W	Rr	1404	0.238	2008	01	06
W	Rr	976	0.166	2007	12	30
W	Rr	801	0.136	2007	12	23
W	Rr	675	0.115	2007	12	16
W	*BT	R	7060	2014	02	16
D	Rr	25	0.004	2016	09	25
D	Rr	152	0.026	2016	09	24
D	Rr	183	0.031	2016	09	23
D	Rr	205	0.035	2016	09	22
D	Rr	141	0.024	2016	09	21
D	Rr	346	0.059	2016	09	20
D	Rr	177	0.030	2016	09	19
D	Rr	195	0.033	2016	09	18
D	Rr	92	0.016	2016	09	17
D	Rr	137	0.023	2016	09	16
D	Rr	137	0.023	2016	09	15
D	Rr	174	0.030	2016	09	14
D	Rr	197	0.033	2016	09	13
D	Rr	269	0.046	2016	09	12
D	Rr	193	0.033	2016	09	11
D	Rr	160	0.027	2016	09	10
D	Rr	269	0.046	2016	09	09
D	Rr	153	0.026	2016	09	08
D	Rr	254	0.043	2016	09	07
D	Rr	172	0.029	2016	09	06
D	Rr	237	0.040	2016	09	05
D	Rr	81	0.014	2016	09	04
D	Rr	152	0.026	2016	09	03
D	Rr	242	0.041	2016	09	02
D	Rr	237	0.040	2016	09	01
D	Rr	182	0.031	2016	08	31
D	Rr	183	0.031	2016	08	30
D	Rr	112	0.019	2016	08	29
D	Rr	208	0.035	2016	08	28
D	Rr	195	0.033	2016	08	27
D	Rr	268	0.045	2016	08	26
D	Rr	167	0.028	2016	08	25
D	Rr	162	0.027	2016	08	24
D	Rr	131	0.022	2016	08	23
D	Rr	206	0.035	2016	08	22
D	Rr	128	0.022	2016	08	21
D	Rr	155	0.026	2016	08	20
D	Rr	119	0.020	2016	08	19
D	Rr	192	0.033	2016	08	18
D	Rr	199	0.034	2016	08	17
D	Rr	196	0.033	2016	08	16
D	Rr	193	0.033	2016	08	15
D	*BT	R	2131	2008	05	03
d	Rr	62629	10.627	Sun
d	Rr	91484	15.523	Mon
d	Rr	95342	16.177	Tue
d	Rr	91779	15.573	Wed
d	Rr	93786	15.913	Thu
d	Rr	85957	14.585	Fri
d	Rr	68385	11.603	Sat
H	Rr	2	0.000	2016	09	25	05
H	Rr	1	0.000	2016	09	25	04
H	Rr	5	0.001	2016	09	25	03
H	Rr	3	0.001	2016	09	25	02
H	Rr	9	0.002	2016	09	25	01
H	Rr	5	0.001	2016	09	25	00
H	Rr	3	0.001	2016	09	24	23
H	Rr	1	0.000	2016	09	24	22
H	Rr	3	0.001	2016	09	24	21
H	Rr	3	0.001	2016	09	24	20
H	Rr	13	0.002	2016	09	24	19
H	Rr	39	0.007	2016	09	24	18
H	Rr	8	0.001	2016	09	24	17
H	Rr	4	0.001	2016	09	24	16
H	Rr	2	0.000	2016	09	24	15
H	Rr	8	0.001	2016	09	24	14
H	Rr	2	0.000	2016	09	24	13
H	Rr	0	0.000	2016	09	24	12
H	Rr	18	0.003	2016	09	24	11
H	Rr	4	0.001	2016	09	24	10
H	Rr	11	0.002	2016	09	24	09
H	Rr	4	0.001	2016	09	24	08
H	Rr	2	0.000	2016	09	24	07
H	Rr	1	0.000	2016	09	24	06
H	Rr	10	0.002	2016	09	24	05
H	Rr	4	0.001	2016	09	24	04
H	Rr	1	0.000	2016	09	24	03
H	Rr	1	0.000	2016	09	24	02
H	Rr	6	0.001	2016	09	24	01
H	Rr	4	0.001	2016	09	24	00
H	Rr	2	0.000	2016	09	23	23
H	Rr	5	0.001	2016	09	23	22
H	Rr	9	0.002	2016	09	23	21
H	Rr	24	0.004	2016	09	23	20
H	Rr	3	0.001	2016	09	23	19
H	Rr	2	0.000	2016	09	23	18
H	Rr	14	0.002	2016	09	23	17
H	Rr	8	0.001	2016	09	23	16
H	Rr	1	0.000	2016	09	23	15
H	Rr	1	0.000	2016	09	23	14
H	Rr	2	0.000	2016	09	23	13
H	Rr	7	0.001	2016	09	23	12
H	Rr	21	0.004	2016	09	23	11
H	Rr	1	0.000	2016	09	23	10
H	Rr	23	0.004	2016	09	23	09
H	Rr	12	0.002	2016	09	23	08
H	Rr	0	0.000	2016	09	23	07
H	Rr	1	0.000	2016	09	23	06
H	Rr	14	0.002	2016	09	23	05
H	Rr	2	0.000	2016	09	23	04
H	Rr	6	0.001	2016	09	23	03
H	Rr	1	0.000	2016	09	23	02
H	Rr	18	0.003	2016	09	23	01
H	Rr	6	0.001	2016	09	23	00
H	Rr	29	0.005	2016	09	22	23
H	Rr	4	0.001	2016	09	22	22
H	Rr	9	0.002	2016	09	22	21
H	Rr	14	0.002	2016	09	22	20
H	Rr	1	0.000	2016	09	22	19
H	Rr	5	0.001	2016	09	22	18
H	Rr	0	0.000	2016	09	22	17
H	Rr	17	0.003	2016	09	22	16
H	Rr	26	0.004	2016	09	22	15
H	Rr	25	0.004	2016	09	22	14
H	Rr	19	0.003	2016	09	22	13
H	Rr	3	0.001	2016	09	22	12
H	Rr	1	0.000	2016	09	22	11
H	Rr	23	0.004	2016	09	22	10
H	Rr	2	0.000	2016	09	22	09
H	Rr	1	0.000	2016	09	22	08
H	Rr	0	0.000	2016	09	22	07
H	Rr	0	0.000	2016	09	22	06
H	*BT	R	634	2008	05	03	04
h	Rr	24106	4.090	00
h	Rr	22765	3.863	01
h	Rr	22868	3.880	02
h	Rr	21856	3.708	03
h	Rr	21971	3.728	04
h	Rr	20822	3.533	05
h	Rr	20102	3.411	06
h	Rr	19657	3.335	07
h	Rr	18958	3.217	08
h	Rr	18104	3.072	09
h	Rr	18423	3.126	10
h	Rr	19672	3.338	11
h	Rr	20663	3.506	12
h	Rr	22392	3.799	13
h	Rr	26035	4.417	14
h	Rr	28844	4.894	15
h	Rr	31071	5.272	16
h	Rr	31418	5.331	17
h	Rr	32910	5.584	18
h	Rr	32075	5.442	19
h	Rr	31823	5.400	20
h	Rr	30005	5.091	21
h	Rr	27688	4.698	22
h	Rr	25134	4.265	23
4	Rr	1	0.000	2016	09	25	05	30
4	Rr	1	0.000	2016	09	25	05	15
4	Rr	0	0.000	2016	09	25	05	00
4	Rr	0	0.000	2016	09	25	04	45
4	Rr	0	0.000	2016	09	25	04	30
4	Rr	0	0.000	2016	09	25	04	15
4	Rr	1	0.000	2016	09	25	04	00
4	Rr	0	0.000	2016	09	25	03	45
4	Rr	0	0.000	2016	09	25	03	30
4	Rr	3	0.001	2016	09	25	03	15
4	Rr	2	0.000	2016	09	25	03	00
4	Rr	0	0.000	2016	09	25	02	45
4	Rr	1	0.000	2016	09	25	02	30
4	Rr	0	0.000	2016	09	25	02	15
4	Rr	2	0.000	2016	09	25	02	00
4	Rr	3	0.001	2016	09	25	01	45
4	Rr	2	0.000	2016	09	25	01	30
4	Rr	0	0.000	2016	09	25	01	15
4	Rr	4	0.001	2016	09	25	01	00
4	Rr	0	0.000	2016	09	25	00	45
4	Rr	1	0.000	2016	09	25	00	30
4	Rr	4	0.001	2016	09	25	00	15
4	Rr	0	0.000	2016	09	25	00	00
4	Rr	0	0.000	2016	09	24	23	45
4	Rr	0	0.000	2016	09	24	23	30
4	Rr	3	0.001	2016	09	24	23	15
4	Rr	0	0.000	2016	09	24	23	00
4	Rr	0	0.000	2016	09	24	22	45
4	Rr	1	0.000	2016	09	24	22	30
4	Rr	0	0.000	2016	09	24	22	15
4	Rr	0	0.000	2016	09	24	22	00
4	Rr	0	0.000	2016	09	24	21	45
4	Rr	2	0.000	2016	09	24	21	30
4	Rr	0	0.000	2016	09	24	21	15
4	Rr	1	0.000	2016	09	24	21	00
4	Rr	0	0.000	2016	09	24	20	45
4	Rr	1	0.000	2016	09	24	20	30
4	Rr	2	0.000	2016	09	24	20	15
4	Rr	0	0.000	2016	09	24	20	00
4	Rr	3	0.001	2016	09	24	19	45
4	Rr	10	0.002	2016	09	24	19	30
4	Rr	0	0.000	2016	09	24	19	15
4	Rr	0	0.000	2016	09	24	19	00
4	Rr	3	0.001	2016	09	24	18	45
4	Rr	1	0.000	2016	09	24	18	30
4	Rr	22	0.004	2016	09	24	18	15
4	Rr	13	0.002	2016	09	24	18	00
4	Rr	0	0.000	2016	09	24	17	45
4	Rr	5	0.001	2016	09	24	17	30
4	Rr	0	0.000	2016	09	24	17	15
4	Rr	3	0.001	2016	09	24	17	00
4	Rr	0	0.000	2016	09	24	16	45
4	Rr	0	0.000	2016	09	24	16	30
4	Rr	4	0.001	2016	09	24	16	15
4	Rr	0	0.000	2016	09	24	16	00
4	Rr	0	0.000	2016	09	24	15	45
4	Rr	1	0.000	2016	09	24	15	30
4	Rr	1	0.000	2016	09	24	15	15
4	Rr	0	0.000	2016	09	24	15	00
4	Rr	0	0.000	2016	09	24	14	45
4	Rr	1	0.000	2016	09	24	14	30
4	Rr	0	0.000	2016	09	24	14	15
4	Rr	7	0.001	2016	09	24	14	00
4	Rr	0	0.000	2016	09	24	13	45
4	Rr	1	0.000	2016	09	24	13	30
4	Rr	1	0.000	2016	09	24	13	15
4	Rr	0	0.000	2016	09	24	13	00
4	Rr	0	0.000	2016	09	24	12	45
4	Rr	0	0.000	2016	09	24	12	30
4	Rr	0	0.000	2016	09	24	12	15
4	Rr	0	0.000	2016	09	24	12	00
4	Rr	0	0.000	2016	09	24	11	45
4	Rr	6	0.001	2016	09	24	11	30
4	Rr	12	0.002	2016	09	24	11	15
4	Rr	0	0.000	2016	09	24	11	00
4	Rr	1	0.000	2016	09	24	10	45
4	Rr	0	0.000	2016	09	24	10	30
4	Rr	0	0.000	2016	09	24	10	15
4	Rr	3	0.001	2016	09	24	10	00
4	Rr	0	0.000	2016	09	24	09	45
4	Rr	10	0.002	2016	09	24	09	30
4	Rr	0	0.000	2016	09	24	09	15
4	Rr	1	0.000	2016	09	24	09	00
4	Rr	2	0.000	2016	09	24	08	45
4	Rr	1	0.000	2016	09	24	08	30
4	Rr	0	0.000	2016	09	24	08	15
4	Rr	1	0.000	2016	09	24	08	00
4	Rr	0	0.000	2016	09	24	07	45
4	Rr	1	0.000	2016	09	24	07	30
4	Rr	1	0.000	2016	09	24	07	15
4	Rr	0	0.000	2016	09	24	07	00
4	Rr	0	0.000	2016	09	24	06	45
4	Rr	0	0.000	2016	09	24	06	30
4	Rr	1	0.000	2016	09	24	06	15
4	Rr	0	0.000	2016	09	24	06	00
4	Rr	8	0.001	2016	09	24	05	45
4	*BT	R	398	2008	05	03	03	30
6	Rr	5785	0.982	00	00
6	Rr	6228	1.057	00	15
6	Rr	5928	1.006	00	30
6	Rr	6165	1.046	00	45
6	Rr	5873	0.997	01	00
6	Rr	5684	0.964	01	15
6	Rr	5585	0.948	01	30
6	Rr	5623	0.954	01	45
6	Rr	5411	0.918	02	00
6	Rr	6058	1.028	02	15
6	Rr	5917	1.004	02	30
6	Rr	5482	0.930	02	45
6	Rr	5388	0.914	03	00
6	Rr	5102	0.866	03	15
6	Rr	5519	0.936	03	30
6	Rr	5847	0.992	03	45
6	Rr	5468	0.928	04	00
6	Rr	5731	0.972	04	15
6	Rr	5037	0.855	04	30
6	Rr	5735	0.973	04	45
6	Rr	4940	0.838	05	00
6	Rr	5533	0.939	05	15
6	Rr	5251	0.891	05	30
6	Rr	5098	0.865	05	45
6	Rr	5146	0.873	06	00
6	Rr	5210	0.884	06	15
6	Rr	4921	0.835	06	30
6	Rr	4825	0.819	06	45
6	Rr	4978	0.845	07	00
6	Rr	5149	0.874	07	15
6	Rr	4989	0.847	07	30
6	Rr	4541	0.770	07	45
6	Rr	5018	0.851	08	00
6	Rr	4393	0.745	08	15
6	Rr	5060	0.859	08	30
6	Rr	4487	0.761	08	45
6	Rr	4491	0.762	09	00
6	Rr	4779	0.811	09	15
6	Rr	4562	0.774	09	30
6	Rr	4272	0.725	09	45
6	Rr	4388	0.745	10	00
6	Rr	4404	0.747	10	15
6	Rr	4721	0.801	10	30
6	Rr	4910	0.833	10	45
6	Rr	5915	1.004	11	00
6	Rr	4657	0.790	11	15
6	Rr	4513	0.766	11	30
6	Rr	4587	0.778	11	45
6	Rr	5898	1.001	12	00
6	Rr	4664	0.791	12	15
6	Rr	4941	0.838	12	30
6	Rr	5160	0.876	12	45
6	Rr	5679	0.964	13	00
6	Rr	5396	0.916	13	15
6	Rr	5877	0.997	13	30
6	Rr	5440	0.923	13	45
6	Rr	6284	1.066	14	00
6	Rr	6559	1.113	14	15
6	Rr	6651	1.129	14	30
6	Rr	6541	1.110	14	45
6	Rr	7075	1.200	15	00
6	Rr	6847	1.162	15	15
6	Rr	7276	1.235	15	30
6	Rr	7646	1.297	15	45
6	Rr	7767	1.318	16	00
6	Rr	7478	1.269	16	15
6	Rr	7706	1.308	16	30
6	Rr	8120	1.378	16	45
6	Rr	7614	1.292	17	00
6	Rr	8024	1.361	17	15
6	Rr	7876	1.336	17	30
6	Rr	7904	1.341	17	45
6	Rr	7447	1.264	18	00
6	Rr	8488	1.440	18	15
6	Rr	8595	1.458	18	30
6	Rr	8380	1.422	18	45
6	Rr	9146	1.552	19	00
6	Rr	7129	1.210	19	15
6	Rr	7983	1.355	19	30
6	Rr	7817	1.326	19	45
6	Rr	8423	1.429	20	00
6	Rr	7679	1.303	20	15
6	Rr	7484	1.270	20	30
6	Rr	8237	1.398	20	45
6	Rr	7738	1.313	21	00
6	Rr	7368	1.250	21	15
6	Rr	7250	1.230	21	30
6	Rr	7649	1.298	21	45
6	Rr	7081	1.201	22	00
6	Rr	7205	1.223	22	15
6	Rr	6771	1.149	22	30
6	Rr	6631	1.125	22	45
6	Rr	6904	1.171	23	00
6	Rr	6328	1.074	23	15
6	Rr	5855	0.993	23	30
6	Rr	6047	1.026	23	45
5	Rr	1	0.000	2016	09	25	05	30
5	Rr	0	0.000	2016	09	25	05	25
5	Rr	0	0.000	2016	09	25	05	20
5	Rr	1	0.000	2016	09	25	05	15
5	Rr	0	0.000	2016	09	25	05	10
5	Rr	0	0.000	2016	09	25	05	05
5	Rr	0	0.000	2016	09	25	05	00
5	Rr	0	0.000	2016	09	25	04	55
5	Rr	0	0.000	2016	09	25	04	50
5	Rr	0	0.000	2016	09	25	04	45
5	Rr	0	0.000	2016	09	25	04	40
5	Rr	0	0.000	2016	09	25	04	35
5	Rr	0	0.000	2016	09	25	04	30
5	Rr	0	0.000	2016	09	25	04	25
5	Rr	0	0.000	2016	09	25	04	20
5	Rr	0	0.000	2016	09	25	04	15
5	Rr	1	0.000	2016	09	25	04	10
5	Rr	0	0.000	2016	09	25	04	05
5	Rr	0	0.000	2016	09	25	04	00
5	Rr	0	0.000	2016	09	25	03	55
5	Rr	0	0.000	2016	09	25	03	50
5	Rr	0	0.000	2016	09	25	03	45
5	Rr	0	0.000	2016	09	25	03	40
5	Rr	0	0.000	2016	09	25	03	35
5	Rr	0	0.000	2016	09	25	03	30
5	Rr	0	0.000	2016	09	25	03	25
5	Rr	3	0.001	2016	09	25	03	20
5	Rr	0	0.000	2016	09	25	03	15
5	Rr	1	0.000	2016	09	25	03	10
5	Rr	1	0.000	2016	09	25	03	05
5	Rr	0	0.000	2016	09	25	03	00
5	Rr	0	0.000	2016	09	25	02	55
5	Rr	0	0.000	2016	09	25	02	50
5	Rr	0	0.000	2016	09	25	02	45
5	Rr	0	0.000	2016	09	25	02	40
5	Rr	1	0.000	2016	09	25	02	35
5	Rr	0	0.000	2016	09	25	02	30
5	Rr	0	0.000	2016	09	25	02	25
5	Rr	0	0.000	2016	09	25	02	20
5	Rr	0	0.000	2016	09	25	02	15
5	Rr	0	0.000	2016	09	25	02	10
5	Rr	2	0.000	2016	09	25	02	05
5	Rr	0	0.000	2016	09	25	02	00
5	Rr	0	0.000	2016	09	25	01	55
5	Rr	0	0.000	2016	09	25	01	50
5	Rr	3	0.001	2016	09	25	01	45
5	Rr	2	0.000	2016	09	25	01	40
5	Rr	0	0.000	2016	09	25	01	35
5	Rr	0	0.000	2016	09	25	01	30
5	Rr	0	0.000	2016	09	25	01	25
5	Rr	0	0.000	2016	09	25	01	20
5	Rr	0	0.000	2016	09	25	01	15
5	Rr	0	0.000	2016	09	25	01	10
5	Rr	2	0.000	2016	09	25	01	05
5	Rr	2	0.000	2016	09	25	01	00
5	Rr	0	0.000	2016	09	25	00	55
5	Rr	0	0.000	2016	09	25	00	50
5	Rr	0	0.000	2016	09	25	00	45
5	Rr	0	0.000	2016	09	25	00	40
5	Rr	0	0.000	2016	09	25	00	35
5	Rr	1	0.000	2016	09	25	00	30
5	Rr	1	0.000	2016	09	25	00	25
5	Rr	3	0.001	2016	09	25	00	20
5	Rr	0	0.000	2016	09	25	00	15
5	Rr	0	0.000	2016	09	25	00	10
5	Rr	0	0.000	2016	09	25	00	05
5	Rr	0	0.000	2016	09	25	00	00
5	Rr	0	0.000	2016	09	24	23	55
5	Rr	0	0.000	2016	09	24	23	50
5	Rr	0	0.000	2016	09	24	23	45
5	Rr	0	0.000	2016	09	24	23	40
5	Rr	0	0.000	2016	09	24	23	35
5	Rr	0	0.000	2016	09	24	23	30
5	Rr	3	0.001	2016	09	24	23	25
5	Rr	0	0.000	2016	09	24	23	20
5	Rr	0	0.000	2016	09	24	23	15
5	Rr	0	0.000	2016	09	24	23	10
5	Rr	0	0.000	2016	09	24	23	05
5	Rr	0	0.000	2016	09	24	23	00
5	Rr	0	0.000	2016	09	24	22	55
5	Rr	0	0.000	2016	09	24	22	50
5	Rr	0	0.000	2016	09	24	22	45
5	Rr	1	0.000	2016	09	24	22	40
5	Rr	0	0.000	2016	09	24	22	35
5	Rr	0	0.000	2016	09	24	22	30
5	Rr	0	0.000	2016	09	24	22	25
5	Rr	0	0.000	2016	09	24	22	20
5	Rr	0	0.000	2016	09	24	22	15
5	Rr	0	0.000	2016	09	24	22	10
5	Rr	0	0.000	2016	09	24	22	05
5	Rr	0	0.000	2016	09	24	22	00
5	Rr	0	0.000	2016	09	24	21	55
5	Rr	0	0.000	2016	09	24	21	50
5	Rr	0	0.000	2016	09	24	21	45
5	Rr	2	0.000	2016	09	24	21	40
5	Rr	0	0.000	2016	09	24	21	35
5	Rr	0	0.000	2016	09	24	21	30
5	Rr	0	0.000	2016	09	24	21	25
5	Rr	0	0.000	2016	09	24	21	20
5	Rr	0	0.000	2016	09	24	21	15
5	Rr	1	0.000	2016	09	24	21	10
5	Rr	0	0.000	2016	09	24	21	05
5	Rr	0	0.000	2016	09	24	21	00
5	Rr	0	0.000	2016	09	24	20	55
5	Rr	0	0.000	2016	09	24	20	50
5	Rr	0	0.000	2016	09	24	20	45
5	Rr	1	0.000	2016	09	24	20	40
5	Rr	0	0.000	2016	09	24	20	35
5	Rr	0	0.000	2016	09	24	20	30
5	Rr	0	0.000	2016	09	24	20	25
5	Rr	0	0.000	2016	09	24	20	20
5	Rr	2	0.000	2016	09	24	20	15
5	Rr	0	0.000	2016	09	24	20	10
5	Rr	0	0.000	2016	09	24	20	05
5	Rr	0	0.000	2016	09	24	20	00
5	Rr	3	0.001	2016	09	24	19	55
5	Rr	0	0.000	2016	09	24	19	50
5	Rr	0	0.000	2016	09	24	19	45
5	Rr	10	0.002	2016	09	24	19	40
5	Rr	0	0.000	2016	09	24	19	35
5	Rr	0	0.000	2016	09	24	19	30
5	Rr	0	0.000	2016	09	24	19	25
5	Rr	0	0.000	2016	09	24	19	20
5	Rr	0	0.000	2016	09	24	19	15
5	Rr	0	0.000	2016	09	24	19	10
5	Rr	0	0.000	2016	09	24	19	05
5	Rr	0	0.000	2016	09	24	19	00
5	Rr	3	0.001	2016	09	24	18	55
5	Rr	0	0.000	2016	09	24	18	50
5	Rr	0	0.000	2016	09	24	18	45
5	Rr	0	0.000	2016	09	24	18	40
5	Rr	1	0.000	2016	09	24	18	35
5	Rr	0	0.000	2016	09	24	18	30
5	Rr	0	0.000	2016	09	24	18	25
5	Rr	0	0.000	2016	09	24	18	20
5	Rr	22	0.004	2016	09	24	18	15
5	Rr	13	0.002	2016	09	24	18	10
5	Rr	0	0.000	2016	09	24	18	05
5	Rr	0	0.000	2016	09	24	18	00
5	Rr	0	0.000	2016	09	24	17	55
5	Rr	0	0.000	2016	09	24	17	50
5	Rr	0	0.000	2016	09	24	17	45
5	Rr	2	0.000	2016	09	24	17	40
5	Rr	0	0.000	2016	09	24	17	35
5	Rr	3	0.001	2016	09	24	17	30
5	Rr	0	0.000	2016	09	24	17	25
5	Rr	0	0.000	2016	09	24	17	20
5	Rr	0	0.000	2016	09	24	17	15
5	Rr	0	0.000	2016	09	24	17	10
5	Rr	0	0.000	2016	09	24	17	05
5	Rr	3	0.001	2016	09	24	17	00
5	Rr	0	0.000	2016	09	24	16	55
5	Rr	0	0.000	2016	09	24	16	50
5	Rr	0	0.000	2016	09	24	16	45
5	Rr	0	0.000	2016	09	24	16	40
5	Rr	0	0.000	2016	09	24	16	35
5	Rr	0	0.000	2016	09	24	16	30
5	Rr	3	0.001	2016	09	24	16	25
5	Rr	0	0.000	2016	09	24	16	20
5	Rr	1	0.000	2016	09	24	16	15
5	Rr	0	0.000	2016	09	24	16	10
5	Rr	0	0.000	2016	09	24	16	05
5	Rr	0	0.000	2016	09	24	16	00
5	Rr	0	0.000	2016	09	24	15	55
5	Rr	0	0.000	2016	09	24	15	50
5	Rr	0	0.000	2016	09	24	15	45
5	Rr	0	0.000	2016	09	24	15	40
5	Rr	0	0.000	2016	09	24	15	35
5	Rr	1	0.000	2016	09	24	15	30
5	Rr	0	0.000	2016	09	24	15	25
5	Rr	0	0.000	2016	09	24	15	20
5	Rr	1	0.000	2016	09	24	15	15
5	Rr	0	0.000	2016	09	24	15	10
5	Rr	0	0.000	2016	09	24	15	05
5	Rr	0	0.000	2016	09	24	15	00
5	Rr	0	0.000	2016	09	24	14	55
5	Rr	0	0.000	2016	09	24	14	50
5	Rr	0	0.000	2016	09	24	14	45
5	Rr	1	0.000	2016	09	24	14	40
5	Rr	0	0.000	2016	09	24	14	35
5	Rr	0	0.000	2016	09	24	14	30
5	Rr	0	0.000	2016	09	24	14	25
5	Rr	0	0.000	2016	09	24	14	20
5	Rr	0	0.000	2016	09	24	14	15
5	Rr	0	0.000	2016	09	24	14	10
5	Rr	4	0.001	2016	09	24	14	05
5	Rr	3	0.001	2016	09	24	14	00
5	Rr	0	0.000	2016	09	24	13	55
5	Rr	0	0.000	2016	09	24	13	50
5	Rr	0	0.000	2016	09	24	13	45
5	Rr	0	0.000	2016	09	24	13	40
5	Rr	1	0.000	2016	09	24	13	35
5	Rr	0	0.000	2016	09	24	13	30
5	Rr	1	0.000	2016	09	24	13	25
5	Rr	0	0.000	2016	09	24	13	20
5	Rr	0	0.000	2016	09	24	13	15
5	Rr	0	0.000	2016	09	24	13	10
5	Rr	0	0.000	2016	09	24	13	05
5	Rr	0	0.000	2016	09	24	13	00
5	Rr	0	0.000	2016	09	24	12	55
5	Rr	0	0.000	2016	09	24	12	50
5	Rr	0	0.000	2016	09	24	12	45
5	Rr	0	0.000	2016	09	24	12	40
5	Rr	0	0.000	2016	09	24	12	35
5	Rr	0	0.000	2016	09	24	12	30
5	Rr	0	0.000	2016	09	24	12	25
5	Rr	0	0.000	2016	09	24	12	20
5	Rr	0	0.000	2016	09	24	12	15
5	Rr	0	0.000	2016	09	24	12	10
5	Rr	0	0.000	2016	09	24	12	05
5	Rr	0	0.000	2016	09	24	12	00
5	Rr	0	0.000	2016	09	24	11	55
5	Rr	0	0.000	2016	09	24	11	50
5	Rr	0	0.000	2016	09	24	11	45
5	Rr	0	0.000	2016	09	24	11	40
5	Rr	2	0.000	2016	09	24	11	35
5	Rr	4	0.001	2016	09	24	11	30
5	Rr	12	0.002	2016	09	24	11	25
5	Rr	0	0.000	2016	09	24	11	20
5	Rr	0	0.000	2016	09	24	11	15
5	Rr	0	0.000	2016	09	24	11	10
5	Rr	0	0.000	2016	09	24	11	05
5	Rr	0	0.000	2016	09	24	11	00
5	Rr	1	0.000	2016	09	24	10	55
5	Rr	0	0.000	2016	09	24	10	50
5	Rr	0	0.000	2016	09	24	10	45
5	Rr	0	0.000	2016	09	24	10	40
5	Rr	0	0.000	2016	09	24	10	35
5	Rr	0	0.000	2016	09	24	10	30
5	Rr	0	0.000	2016	09	24	10	25
5	Rr	0	0.000	2016	09	24	10	20
5	Rr	0	0.000	2016	09	24	10	15
5	Rr	0	0.000	2016	09	24	10	10
5	Rr	0	0.000	2016	09	24	10	05
5	Rr	3	0.001	2016	09	24	10	00
5	Rr	0	0.000	2016	09	24	09	55
5	Rr	0	0.000	2016	09	24	09	50
5	Rr	0	0.000	2016	09	24	09	45
5	Rr	1	0.000	2016	09	24	09	40
5	Rr	0	0.000	2016	09	24	09	35
5	Rr	9	0.002	2016	09	24	09	30
5	Rr	0	0.000	2016	09	24	09	25
5	Rr	0	0.000	2016	09	24	09	20
5	Rr	0	0.000	2016	09	24	09	15
5	Rr	1	0.000	2016	09	24	09	10
5	Rr	0	0.000	2016	09	24	09	05
5	Rr	0	0.000	2016	09	24	09	00
5	Rr	1	0.000	2016	09	24	08	55
5	Rr	0	0.000	2016	09	24	08	50
5	Rr	1	0.000	2016	09	24	08	45
5	Rr	1	0.000	2016	09	24	08	40
5	Rr	0	0.000	2016	09	24	08	35
5	Rr	0	0.000	2016	09	24	08	30
5	Rr	0	0.000	2016	09	24	08	25
5	Rr	0	0.000	2016	09	24	08	20
5	Rr	0	0.000	2016	09	24	08	15
5	Rr	0	0.000	2016	09	24	08	10
5	Rr	1	0.000	2016	09	24	08	05
5	Rr	0	0.000	2016	09	24	08	00
5	Rr	0	0.000	2016	09	24	07	55
5	Rr	0	0.000	2016	09	24	07	50
5	Rr	0	0.000	2016	09	24	07	45
5	Rr	0	0.000	2016	09	24	07	40
5	Rr	0	0.000	2016	09	24	07	35
5	Rr	1	0.000	2016	09	24	07	30
5	Rr	0	0.000	2016	09	24	07	25
5	Rr	0	0.000	2016	09	24	07	20
5	Rr	1	0.000	2016	09	24	07	15
5	Rr	0	0.000	2016	09	24	07	10
5	Rr	0	0.000	2016	09	24	07	05
5	Rr	0	0.000	2016	09	24	07	00
5	Rr	0	0.000	2016	09	24	06	55
5	Rr	0	0.000	2016	09	24	06	50
5	Rr	0	0.000	2016	09	24	06	45
5	Rr	0	0.000	2016	09	24	06	40
5	Rr	0	0.000	2016	09	24	06	35
5	Rr	0	0.000	2016	09	24	06	30
5	Rr	1	0.000	2016	09	24	06	25
5	Rr	0	0.000	2016	09	24	06	20
5	Rr	0	0.000	2016	09	24	06	15
5	Rr	0	0.000	2016	09	24	06	10
5	Rr	0	0.000	2016	09	24	06	05
5	Rr	0	0.000	2016	09	24	06	00
5	Rr	0	0.000	2016	09	24	05	55
5	Rr	0	0.000	2016	09	24	05	50
5	Rr	8	0.001	2016	09	24	05	45
5	Rr	0	0.000	2016	09	24	05	40
5	Rr	0	0.000	2016	09	24	05	35
5	*BT	R	252	2009	11	23	07	25
7	Rr	1873	0.318	00	00
7	Rr	2080	0.353	00	05
7	Rr	1832	0.311	00	10
7	Rr	1726	0.293	00	15
7	Rr	2160	0.366	00	20
7	Rr	2342	0.397	00	25
7	Rr	1910	0.324	00	30
7	Rr	2032	0.345	00	35
7	Rr	1986	0.337	00	40
7	Rr	2034	0.345	00	45
7	Rr	2316	0.393	00	50
7	Rr	1815	0.308	00	55
7	Rr	1753	0.297	01	00
7	Rr	1922	0.326	01	05
7	Rr	2198	0.373	01	10
7	Rr	1842	0.313	01	15
7	Rr	2118	0.359	01	20
7	Rr	1724	0.293	01	25
7	Rr	1752	0.297	01	30
7	Rr	1912	0.324	01	35
7	Rr	1921	0.326	01	40
7	Rr	1822	0.309	01	45
7	Rr	1727	0.293	01	50
7	Rr	2074	0.352	01	55
7	Rr	1703	0.289	02	00
7	Rr	1839	0.312	02	05
7	Rr	1869	0.317	02	10
7	Rr	2144	0.364	02	15
7	Rr	1898	0.322	02	20
7	Rr	2016	0.342	02	25
7	Rr	1975	0.335	02	30
7	Rr	2141	0.363	02	35
7	Rr	1801	0.306	02	40
7	Rr	1917	0.325	02	45
7	Rr	1615	0.274	02	50
7	Rr	1950	0.331	02	55
7	Rr	1782	0.302	03	00
7	Rr	1805	0.306	03	05
7	Rr	1801	0.306	03	10
7	Rr	1781	0.302	03	15
7	Rr	1751	0.297	03	20
7	Rr	1570	0.266	03	25
7	Rr	1766	0.300	03	30
7	Rr	1811	0.307	03	35
7	Rr	1942	0.330	03	40
7	Rr	2113	0.359	03	45
7	Rr	1854	0.315	03	50
7	Rr	1880	0.319	03	55
7	Rr	1776	0.301	04	00
7	Rr	1758	0.298	04	05
7	Rr	1934	0.328	04	10
7	Rr	2015	0.342	04	15
7	Rr	2041	0.346	04	20
7	Rr	1675	0.284	04	25
7	Rr	1862	0.316	04	30
7	Rr	1560	0.265	04	35
7	Rr	1615	0.274	04	40
7	Rr	2319	0.393	04	45
7	Rr	1746	0.296	04	50
7	Rr	1670	0.283	04	55
7	Rr	1601	0.272	05	00
7	Rr	1437	0.244	05	05
7	Rr	1902	0.323	05	10
7	Rr	1747	0.296	05	15
7	Rr	1888	0.320	05	20
7	Rr	1898	0.322	05	25
7	Rr	1963	0.333	05	30
7	Rr	1783	0.303	05	35
7	Rr	1505	0.255	05	40
7	Rr	1701	0.289	05	45
7	Rr	1690	0.287	05	50
7	Rr	1707	0.290	05	55
7	Rr	1595	0.271	06	00
7	Rr	1779	0.302	06	05
7	Rr	1772	0.301	06	10
7	Rr	1792	0.304	06	15
7	Rr	1740	0.295	06	20
7	Rr	1678	0.285	06	25
7	Rr	1502	0.255	06	30
7	Rr	1502	0.255	06	35
7	Rr	1917	0.325	06	40
7	Rr	1782	0.302	06	45
7	Rr	1534	0.260	06	50
7	Rr	1509	0.256	06	55
7	Rr	1869	0.317	07	00
7	Rr	1512	0.257	07	05
7	Rr	1597	0.271	07	10
7	Rr	1513	0.257	07	15
7	Rr	1766	0.300	07	20
7	Rr	1870	0.317	07	25
7	Rr	1850	0.314	07	30
7	Rr	1625	0.276	07	35
7	Rr	1514	0.257	07	40
7	Rr	1523	0.258	07	45
7	Rr	1507	0.256	07	50
7	Rr	1511	0.256	07	55
7	Rr	1616	0.274	08	00
7	Rr	1747	0.296	08	05
7	Rr	1655	0.281	08	10
7	Rr	1416	0.240	08	15
7	Rr	1409	0.239	08	20
7	Rr	1568	0.266	08	25
7	Rr	1859	0.315	08	30
7	Rr	1635	0.277	08	35
7	Rr	1566	0.266	08	40
7	Rr	1500	0.255	08	45
7	Rr	1443	0.245	08	50
7	Rr	1544	0.262	08	55
7	Rr	1487	0.252	09	00
7	Rr	1592	0.270	09	05
7	Rr	1412	0.240	09	10
7	Rr	1407	0.239	09	15
7	Rr	1675	0.284	09	20
7	Rr	1697	0.288	09	25
7	Rr	1676	0.284	09	30
7	Rr	1377	0.234	09	35
7	Rr	1509	0.256	09	40
7	Rr	1457	0.247	09	45
7	Rr	1338	0.227	09	50
7	Rr	1477	0.251	09	55
7	Rr	1452	0.246	10	00
7	Rr	1390	0.236	10	05
7	Rr	1546	0.262	10	10
7	Rr	1481	0.251	10	15
7	Rr	1385	0.235	10	20
7	Rr	1538	0.261	10	25
7	Rr	1472	0.250	10	30
7	Rr	1538	0.261	10	35
7	Rr	1711	0.290	10	40
7	Rr	1610	0.273	10	45
7	Rr	1532	0.260	10	50
7	Rr	1768	0.300	10	55
7	Rr	2461	0.418	11	00
7	Rr	1911	0.324	11	05
7	Rr	1543	0.262	11	10
7	Rr	1512	0.257	11	15
7	Rr	1586	0.269	11	20
7	Rr	1559	0.265	11	25
7	Rr	1586	0.269	11	30
7	Rr	1278	0.217	11	35
7	Rr	1649	0.280	11	40
7	Rr	1488	0.252	11	45
7	Rr	1517	0.257	11	50
7	Rr	1582	0.268	11	55
7	Rr	2151	0.365	12	00
7	Rr	1928	0.327	12	05
7	Rr	1819	0.309	12	10
7	Rr	1557	0.264	12	15
7	Rr	1559	0.265	12	20
7	Rr	1548	0.263	12	25
7	Rr	1597	0.271	12	30
7	Rr	1569	0.266	12	35
7	Rr	1775	0.301	12	40
7	Rr	1796	0.305	12	45
7	Rr	1666	0.283	12	50
7	Rr	1698	0.288	12	55
7	Rr	1833	0.311	13	00
7	Rr	1883	0.319	13	05
7	Rr	1963	0.333	13	10
7	Rr	1906	0.323	13	15
7	Rr	1704	0.289	13	20
7	Rr	1786	0.303	13	25
7	Rr	2014	0.342	13	30
7	Rr	1993	0.338	13	35
7	Rr	1870	0.317	13	40
7	Rr	1543	0.262	13	45
7	Rr	1866	0.317	13	50
7	Rr	2031	0.345	13	55
7	Rr	1868	0.317	14	00
7	Rr	2292	0.389	14	05
7	Rr	2124	0.360	14	10
7	Rr	2118	0.359	14	15
7	Rr	2260	0.383	14	20
7	Rr	2181	0.370	14	25
7	Rr	2457	0.417	14	30
7	Rr	2250	0.382	14	35
7	Rr	1944	0.330	14	40
7	Rr	2049	0.348	14	45
7	Rr	2156	0.366	14	50
7	Rr	2336	0.396	14	55
7	Rr	2287	0.388	15	00
7	Rr	2514	0.427	15	05
7	Rr	2274	0.386	15	10
7	Rr	2291	0.389	15	15
7	Rr	2055	0.349	15	20
7	Rr	2501	0.424	15	25
7	Rr	2606	0.442	15	30
7	Rr	2339	0.397	15	35
7	Rr	2331	0.396	15	40
7	Rr	2351	0.399	15	45
7	Rr	2604	0.442	15	50
7	Rr	2691	0.457	15	55
7	Rr	2711	0.460	16	00
7	Rr	2643	0.448	16	05
7	Rr	2413	0.409	16	10
7	Rr	2684	0.455	16	15
7	Rr	2490	0.422	16	20
7	Rr	2304	0.391	16	25
7	Rr	2460	0.417	16	30
7	Rr	2650	0.450	16	35
7	Rr	2596	0.440	16	40
7	Rr	2708	0.459	16	45
7	Rr	2691	0.457	16	50
7	Rr	2721	0.462	16	55
7	Rr	2516	0.427	17	00
7	Rr	2464	0.418	17	05
7	Rr	2634	0.447	17	10
7	Rr	2583	0.438	17	15
7	Rr	2753	0.467	17	20
7	Rr	2688	0.456	17	25
7	Rr	2750	0.467	17	30
7	Rr	2633	0.447	17	35
7	Rr	2493	0.423	17	40
7	Rr	2611	0.443	17	45
7	Rr	2880	0.489	17	50
7	Rr	2413	0.409	17	55
7	Rr	2420	0.411	18	00
7	Rr	2260	0.383	18	05
7	Rr	2767	0.469	18	10
7	Rr	2843	0.482	18	15
7	Rr	2648	0.449	18	20
7	Rr	2997	0.509	18	25
7	Rr	2842	0.482	18	30
7	Rr	2846	0.483	18	35
7	Rr	2907	0.493	18	40
7	Rr	2870	0.487	18	45
7	Rr	2771	0.470	18	50
7	Rr	2739	0.465	18	55
7	Rr	3318	0.563	19	00
7	Rr	2973	0.504	19	05
7	Rr	2855	0.484	19	10
7	Rr	2303	0.391	19	15
7	Rr	2543	0.431	19	20
7	Rr	2283	0.387	19	25
7	Rr	2629	0.446	19	30
7	Rr	2833	0.481	19	35
7	Rr	2521	0.428	19	40
7	Rr	2784	0.472	19	45
7	Rr	2503	0.425	19	50
7	Rr	2530	0.429	19	55
7	Rr	2790	0.473	20	00
7	Rr	2876	0.488	20	05
7	Rr	2757	0.468	20	10
7	Rr	2337	0.397	20	15
7	Rr	2663	0.452	20	20
7	Rr	2679	0.455	20	25
7	Rr	2323	0.394	20	30
7	Rr	2414	0.410	20	35
7	Rr	2747	0.466	20	40
7	Rr	3071	0.521	20	45
7	Rr	2622	0.445	20	50
7	Rr	2544	0.432	20	55
7	Rr	2699	0.458	21	00
7	Rr	2458	0.417	21	05
7	Rr	2581	0.438	21	10
7	Rr	2450	0.416	21	15
7	Rr	2246	0.381	21	20
7	Rr	2672	0.453	21	25
7	Rr	2459	0.417	21	30
7	Rr	2441	0.414	21	35
7	Rr	2350	0.399	21	40
7	Rr	2574	0.437	21	45
7	Rr	2660	0.451	21	50
7	Rr	2415	0.410	21	55
7	Rr	2448	0.415	22	00
7	Rr	2172	0.369	22	05
7	Rr	2461	0.418	22	10
7	Rr	2212	0.375	22	15
7	Rr	2593	0.440	22	20
7	Rr	2400	0.407	22	25
7	Rr	2336	0.396	22	30
7	Rr	2328	0.395	22	35
7	Rr	2107	0.358	22	40
7	Rr	2063	0.350	22	45
7	Rr	2250	0.382	22	50
7	Rr	2318	0.393	22	55
7	Rr	2563	0.435	23	00
7	Rr	2214	0.376	23	05
7	Rr	2127	0.361	23	10
7	Rr	2124	0.360	23	15
7	Rr	2143	0.364	23	20
7	Rr	2061	0.350	23	25
7	Rr	1892	0.321	23	30
7	Rr	2019	0.343	23	35
7	Rr	1944	0.330	23	40
7	Rr	2004	0.340	23	45
7	Rr	2173	0.369	23	50
7	Rr	1870	0.317	23	55
o	*f	0R	r
o	lRQ	1	589362	262672395	[unresolved numerical addresses]
Z	*f	-20R	r
Z	lRb	1	37385	3.021	69
Z	lRb	1	30678	3.641	66.249
Z	lRb	1	14192	2.632	76
Z	lRb	1	13267	3.825	157.55
Z	lRb	1	10355	0.861	46
Z	lRb	1	9394	1.379	74
Z	lRb	1	9104	1.199	75
Z	lRb	1	8757	1.592	72
Z	lRb	1	8361	0.738	71
Z	lRb	1	7960	1.291	65.55
Z	lRb	1	7792	1.476	123
Z	lRb	1	7612	1.118	124
Z	lRb	1	7180	1.697	207.46
Z	lRb	1	6396	0.068	178.137
Z	lRb	1	6215	2.310	70
Z	lRb	1	6052	1.257	94
Z	lRb	1	6046	1.516	91
Z	lRb	1	6037	1.324	67.181
Z	lRb	1	5989	1.218	192.99
Z	lRb	1	5924	0.700	95
Z	lRb	1	374666	67.138	[not listed: 6847]
S	*f	-50P	r
S	Rb	4702	1.006	14.33.246.211
S	Rb	3248	0.629	192.99.15.146
S	Rb	2341	0.348	100.43.83.148
S	Rb	1992	0.175	66.249.75.109
S	Rb	1829	0.380	37.59.14.116
S	Rb	1597	0.332	78.155.138.20
S	Rb	1543	0.188	199.21.99.79
S	Rb	1515	0.435	75.98.173.33
S	Rb	1459	0.026	92.249.127.111
S	Rb	1312	0.114	205.203.134.197
S	Rb	1276	0.305	208.115.113.82
S	Rb	1270	0.166	95.108.248.29
S	Rb	1142	0.002	91.207.9.226
S	Rb	1107	0.042	66.249.69.97
S	Rb	1058	0.042	66.249.69.81
S	Rb	1051	0.082	66.249.69.192
S	Rb	1039	0.039	66.249.69.89
S	Rb	1024	0.189	95.108.150.235
S	Rb	1012	0.209	192.99.6.132
S	Rb	957	0.466	199.21.99.197
S	Rb	951	0.159	66.249.73.133
S	Rb	903	0.258	67.195.112.86
S	Rb	815	0.076	178.63.23.80
S	Rb	791	0.164	192.99.7.55
S	Rb	777	0.003	193.150.120.14
S	Rb	760	0.130	208.115.113.92
S	Rb	736	0.033	66.249.69.176
S	Rb	704	0.003	109.120.157.179
S	Rb	698	0.065	220.181.125.162
S	Rb	694	0.098	78.155.138.30
S	Rb	692	0.032	66.249.69.160
S	Rb	664	0.138	94.23.59.173
S	Rb	649	0.135	46.105.74.59
S	Rb	640	0.099	74.84.218.242
S	Rb	627	0.039	66.249.65.205
S	Rb	627	0.030	66.249.65.219
S	Rb	622	0.040	66.249.65.212
S	Rb	612	0.061	66.249.73.80
S	Rb	609	0.127	94.23.215.29
S	Rb	607	0.043	66.249.75.223
S	Rb	603	0.041	66.249.75.215
S	Rb	585	0.122	94.23.35.157
S	Rb	584	0.016	195.242.218.133
S	Rb	567	0.002	37.139.52.23
S	Rb	564	0.003	213.110.133.221
S	Rb	545	0.045	95.108.151.244
S	Rb	504	0.101	151.138.13.244
S	Rb	497	0.100	208.115.111.246
S	Rb	489	0.003	91.207.4.206
S	Rb	480	0.045	144.76.27.118
S	Rb	537292	92.616	[not listed: 52221]
s	*FR	2013	12	18	21	53
s	*LR	2016	09	25	01	07
s	*f	-20R	s
s	lRS	1	67685	429	http://www.gtaeronautics.com/
s	lRS	1	15039	113	http://gtaeronautics.com/
s	lRS	1	175	27	http://uptime.com/
s	lRS	1	1544	10	https://www.google.com/
s	lRS	1	893	7	http://www.trainingindustry.com/
s	lRS	1	1227	4	http://www.google.com/
s	lRS	1	183	4	https://www.google.co.in/
s	lRS	1	191	1	http://www.thomasnet.com/
s	lRS	1	609	0	http://www.mfgpages.com/
s	lRS	1	602	0	http://www.openfos.com/
s	lRS	1	517	0	http://www.topicway.com/
s	lRS	1	456	0	http://www.baidu.com/
s	lRS	1	362	0	http://semalt.semalt.com/
s	lRS	1	301	0	http://chimiver.info/
s	lRS	1	262	0	http://google.co.jp/
s	lRS	1	254	0	http://www.bing.com/
s	lRS	1	234	0	http://www.artparquet.ru/
s	lRS	1	192	0	http://buttons-for-website.com/
s	lRS	1	188	0	http://doska-vsem.ru/
s	lRS	1	163	0	http://pornogig.com/
s	lRS	1	21243	217	[not listed: 2364]
f	*FR	2013	12	18	21	53
f	*LR	2016	09	25	01	07
f	*f	-30R	s
f	lRS	1	38541	267	http://www.gtaeronautics.com/
f	lRS	1	10342	100	http://gtaeronautics.com/
f	lRS	1	3519	35	http://www.gtaeronautics.com/aboutus.html
f	lRS	1	1766	17	http://www.gtaeronautics.com/ConsultingA.html
f	lRS	1	3302	15	http://www.gtaeronautics.com/UASFC.html
f	lRS	1	458	10	http://www.gtaeronautics.com/GT1500 RPAS.html
f	lRS	1	1408	9	https://www.google.com/
f	lRS	1	736	9	http://www.gtaeronautics.com/IndNews.html
f	lRS	1	1639	7	http://www.gtaeronautics.com/index.html
f	lRS	1	1428	7	http://www.gtaeronautics.com/pna.html
f	lRS	1	893	7	http://www.trainingindustry.com/
f	lRS	1	2138	6	http://gtaeronautics.com/IndNews.html
f	lRS	1	724	3	http://www.google.com/url
f	lRS	1	1024	2	http://www.gtaeronautics.com/CFMT.html
f	lRS	1	852	2	http://www.gtaeronautics.com/RD.html
f	lRS	1	796	2	http://www.gtaeronautics.com/CompNews.html
f	lRS	1	416	2	http://www.gtaeronautics.com/EMPLOYMENT.html
f	lRS	1	596	1	http://www.gtaeronautics.com/cfmt.html
f	lRS	1	3917	0	http://www.gtaeronautics.com/CCT&M.html
f	lRS	1	1646	0	http://www.gtaeronautics.com/uasfc.html
f	lRS	1	869	0	http://www.gtaeronautics.com/compnews.html
f	lRS	1	844	0	http://www.gtaeronautics.com/consultinga.html
f	lRS	1	665	0	http://www.gtaeronautics.com/links.html
f	lRS	1	523	0	http://www.mfgpages.com/company/GT-AERONAUTICS-LLC-in-CALIFORNIA-USA-5886132/
f	lRS	1	518	0	http://www.openfos.com/supply/5640989-GT-AERONAUTICS-LLC-in-SIMI-VALLEY-CA/
f	lRS	1	517	0	http://www.topicway.com/companies/100676618/GT-AERONAUTICS-LLC-in-SIMI-VALLEY-CA.htm
f	lRS	1	512	0	http://gtaeronautics.com/aboutus.html
f	lRS	1	457	0	http://www.gtaeronautics.com/indevents.html
f	lRS	1	442	0	http://www.gtaeronautics.com/cct&m.html
f	lRS	1	434	0	http://www.baidu.com/s
f	lRS	1	30398	311	[not listed: 2757]
n	*FR	2013	12	19	00	28
n	*LR	2016	09	25	00	21
n	*f	0.500000%Q	s
n	Rq	26	3.205	aeronautical
n	Rq	5	0.801	faa
n	Rq	23	3.205	gt
n	Rq	20	1.603	in
n	Rq	15	0.641	manufacturing
n	Rq	14	2.244	6
n	Rq	28	3.846	engineering
n	Rq	9	1.282	drawings
n	Rq	64	0.962	outlet
n	Rq	28	3.846	texan
n	Rq	5	0.801	engineer
n	Rq	6	0.962	aircraft
n	Rq	32	0.801	luggage
n	Rq	175	2.724	vuitton
n	Rq	5	0.801	uas
n	Rq	10	1.603	uav
n	Rq	3	0.641	drone
n	Rq	7	1.122	fiberglass
n	Rq	4	0.641	onboard
n	Rq	21	2.083	simi
n	Rq	17	2.083	at6
n	Rq	8	1.122	extreme
n	Rq	6	0.801	molding
n	Rq	126	1.122	fashion
n	Rq	175	2.724	louis
n	Rq	4	0.641	starter
n	Rq	14	0.641	cheap
n	Rq	10	1.442	bme
n	Rq	25	3.526	http://www.gtaeronautics.com/
n	Rq	145	3.045	valley
n	Rq	5	0.641	pglm
n	Rq	23	3.045	drawing
n	Rq	8	1.122	aerospace
n	Rq	4	0.641	unmanned
n	Rq	16	2.724	aeronautics
n	Rq	20	0.641	ca
n	Rq	13	2.083	at
n	Rq	5	0.801	techniques
n	Rq	4	0.641	quotes
n	Rq	9	1.282	bandito
n	Rq	107	0.641	phone
n	Rq	465	34.776	[not listed: 175]
N	*FR	2013	12	19	00	28
N	*LR	2016	09	25	00	21
N	*f	-200Q	s
N	RQ	14	153235	www.gtaeronautics.com
N	RQ	25	1123716	http://www.gtaeronautics.com/
N	RQ	14	612936	aeronautical engineering drawing
N	RQ	9	510780	gt aeronautics
N	RQ	9	459702	at 6 texan
N	RQ	8	408624	at6 texan
N	RQ	7	306468	bme extreme
N	RQ	7	306468	aerospace engineering drawings
N	RQ	5	204312	bandito pglm
N	RQ	6	204312	texan at6
N	RQ	3	153234	onboard starter
N	RQ	3	153234	bandito uav
N	RQ	2	102156	fiberglass molding techniques
N	RQ	19	102156	louis vuitton luggage outlet
N	RQ	10	102156	louis vuitton fashion valley phone
N	RQ	97	102156	louis vuitton fashion valley phone number
N	RQ	2	102156	texan at 6
N	RQ	18	102156	louis vuitton fashion valley ca
N	RQ	6	102156	manufacturing aeronautical prototypes
N	RQ	1	51078	mitsubishi zero
N	RQ	1	51078	uavs flying over simi valley ca
N	RQ	1	51078	gt aeronautics simi valley california
N	RQ	2	51078	what is gt in basic engineering drawing
N	RQ	1	51078	aeronautical engineer quote
N	RQ	2	51078	composite molding
N	RQ	1	51078	does aeronautical engineering require drawing?
N	RQ	1	51078	aeronautics in simi valley and security work
N	RQ	1	51078	crew flight gta
N	RQ	2	51078	http://gtaeronautics.com/
N	RQ	1	51078	how to do gt in engineering drawing
N	RQ	1	51078	aeronautical engineer quotes
N	RQ	1	51078	110cc engine timing
N	RQ	2	51078	http://www.gtaeronautics.com/compnews.html
N	RQ	1	51078	the government college g.t aeronautics
N	RQ	1	51078	bme engine
N	RQ	1	51078	uas gcs
N	RQ	1	51078	a t 6
N	RQ	1	51078	http://www.gtaeronautics.com/indnews.html
N	RQ	1	51078	gt aeronautics unmanned air
N	RQ	1	51078	aero iron mentioned nanotechnology hummingbird uav
N	RQ	1	51078	basic fiberglass techniques
N	RQ	1	51078	fia gt composite tooling
N	RQ	1	51078	uas pilot certification
N	RQ	1	51078	http://gtaeronautics.com/indnews.html
N	RQ	1	51078	finnemeccia co
N	RQ	2	51078	drawing for customer satisfaction
N	RQ	1	51078	quotes on aeronautical engineers
N	RQ	1	51078	payload for diamond northrop twin engie aircraft
N	RQ	1	51078	cheap louis vuitton speedy handbag.com
N	RQ	7	51078	content
N	RQ	1	51078	at 6
N	RQ	1	51078	bme 110
N	RQ	1	51078	quotation specialist engineer drawings
N	RQ	1	51078	uav commercial crew stations
N	RQ	1	51078	thomas w rullman gt aeronautics
N	RQ	1	51078	da42 mpp microwave downlink bandwidth
N	RQ	1	51078	luggages for sale
N	RQ	2	51078	easylifeapp profile
N	RQ	1	51078	anti ice de ice qinetiq zephyr
N	RQ	2	51078	simi gt
N	RQ	4	51078	louis%20vuitton%20fashion%20valley%20phone%20number
N	RQ	1	51078	heavy equipment operator jobs
N	RQ	1	51078	eengineer drawing home
N	RQ	1	51078	cheap louis vuitton luggage
N	RQ	1	51078	aero space drone simi valley
N	RQ	1	51078	faa uas pilot certification
N	RQ	1	51078	2 stroke electric onboard starter
N	RQ	1	51078	any flying crews in gta
N	RQ	1	51078	skyforce observer mk3
N	RQ	1	51078	simi valley unmanned aircraft
N	RQ	2	51078	granger whitelaw avia
N	RQ	1	51078	louis vuitton fashion valley neverfull
N	RQ	1	51078	louis vuitton job opportunities
N	RQ	1	51078	fiber glass molding job
N	RQ	1	51078	aerospace drawing
N	RQ	1	51078	google.com
N	RQ	1	51078	aircraft design consultant
N	RQ	1	51078	www.gt airplane.com
N	RQ	1	51078	uas operation training method
N	RQ	3	51078	gt in aeronotics
N	RQ	1	51078	tom rullman
N	RQ	1	51078	gt aeronautics simi valley ca
N	RQ	2	51078	wmaid.com explore gtaeronautics.com
N	RQ	1	51078	drone base in simi valley
N	RQ	1	51078	custum muffler 110cc
N	RQ	1	51078	glass manufacturing drawings
N	RQ	1	51078	electric motors x male uav x sale
N	RQ	1	51078	aerospacecompanies in simi valley
N	RQ	1	51078	fiberglass molding
N	RQ	1	51078	fiberglass mold making techniques
N	RQ	1	51078	taranis ucav
N	RQ	1	51078	vegas drone uav show december 2015
N	RQ	1	51078	rpa instrument qualification faa instrument rating
N	RQ	1	51078	extreme bme
N	RQ	1	51078	uav companies in simi valley
N	RQ	1	51078	uas faa maintenance
N	RQ	1	51078	unmanned aircraft systems pilot training
N	RQ	2	51078	installerex facebook
N	RQ	1	51078	aeronautic engineer
N	RQ	3	51078	texan at6 photos
N	RQ	30	51078	designer handbags outlet sale
N	RQ	1	51078	rpas qulificationa traing with faa
N	RQ	1	51078	louis vuitton neverfull
N	RQ	1	51078	faa uav training
N	RQ	1	51078	uav companies simi valley
N	RQ	5	51078	louis vuitton purses outlet
N	RQ	1	51078	cheap louis vuitton luggage outlet
N	RQ	1	51078	tobbot
N	RQ	1	51078	radius tdw efi fuze
N	RQ	8	51078	manufacturing equipment store in simi valley
N	RQ	1	51078	aeronautic engineer quotes
N	RQ	1	51078	onbordstarter
N	RQ	1	51078	fiberglass techniques
N	RQ	1	51078	rotax amphibian unmanned china
N	RQ	1	51078	aircraft companies in simi valley
N	RQ	1	51078	custom fiberglass moldings
N	RQ	11	51078	louis vuitton luggage cheap
N	RQ	1	51078	anything
N	RQ	1	51078	aeronautical engineering quotes
N	RQ	1	51078	aeronautical engineering sketches
N	RQ	1	51078	gtaeronautics.com
N	RQ	1	51078	giant scale ziroli at 6
N	RQ	9	51078	outlet louis vuitton handbags
N	RQ	1	51078	drawing aircraft engineering
N	RQ	1	51078	gt aeronautics bandito
N	RQ	1	51078	cowling drawing
B	*f	-40R	r
B	Rb	21577	2.387	Mozilla/5.0 (compatible; Googlebot/2.1;  http://www.google.com/bot.html)
B	Rb	20136	4.629	Mozilla/5.0 (compatible; bingbot/2.0;  http://www.bing.com/bingbot.htm)
B	Rb	11831	2.460	Mozilla/4.0 (compatible; MSIE 6.0; Windows NT 5.1; SV1)
B	Rb	8061	3.058	Mozilla/4.0 (compatible; MSIE 7.0; Windows NT 5.1; .NET CLR 1.1.4322; .NET CLR 2.0.50727)
B	Rb	7274	1.177	Mozilla/5.0 (compatible; Baiduspider/2.0;  http://www.baidu.com/search/spider.html)
B	Rb	7104	1.332	Mozilla/5.0 (compatible; Yahoo! Slurp; http://help.yahoo.com/help/us/ysearch/slurp)
B	Rb	7081	0.722	Mozilla/4.0 (compatible; MSIE 6.0; Windows NT 5.1; SV1; .NET CLR 2.0.50727)
B	Rb	6880	1.603	Mozilla/5.0 (compatible; YandexBot/3.0;  http://yandex.com/bots)
B	Rb	6164	0.152	Mozilla/4.0 (compatible; MSIE 7.0; Windows NT 5.1; .NET CLR 1.1.4322; .NET CLR 2.0.50727; .NET CLR 3.0.4506.2152; .NET CLR 3.5.30729)
B	Rb	6148	1.191	Mozilla/4.0 (compatible; MSIE 7.0; Windows NT 6.1; WOW64; Trident/5.0; SLCC2; .NET CLR 2.0.50727; .NET CLR 3.5.30729; .NET CLR 3.0.30729; Media Center PC 6.0; .NET4.0C; .NET4.0E)
B	Rb	5923	0.290	Mozilla/4.0 (compatible;)
B	Rb	5848	0.898	Sosospider ( http://help.soso.com/webspider.htm)
B	Rb	5788	1.047	Mozilla/4.0 (compatible; MSIE 6.0; Windows NT 5.1)
B	Rb	5436	1.022	Mozilla/5.0 (Windows; U; Windows NT 5.1; en-US; rv:1.7.2) Gecko/20040804 Netscape/7.2 (ax)
B	Rb	5306	0.437	Mozilla/4.0 (compatible; MSIE 7.0; Windows NT 5.1; .NET CLR 1.1.4322; .NET CLR 2.0.50727; .NET CLR 3.0.04506.30)
B	Rb	5241	0.421	Mozilla/5.0 (Windows NT 6.1; WOW64) AppleWebKit/537.36 (KHTML, like Gecko) Chrome/36.0.1985.143 Safari/537.36
B	Rb	5184	1.077	Mozilla/4.0 (compatible; MSIE 7.0; Windows NT 5.1)
B	Rb	4676	0.383	Mozilla/5.0 (compatible; MSIE 9.0; Windows NT 6.1; WOW64; Trident/5.0)
B	Rb	4446	0.597	Mozilla/5.0 (compatible; Yahoo! Slurp/3.0; http://help.yahoo.com/help/us/ysearch/slurp)
B	Rb	4368	0.118	Mozilla/4.0 (compatible; MSIE 7.0; Windows NT 5.1; .NET CLR 2.0.50727; .NET CLR 3.0.4506.2152; .NET CLR 3.5.30729)
B	Rb	4354	0.386	Mozilla/5.0 (Windows NT 6.1; WOW64; Trident/7.0; rv:11.0) like Gecko
B	Rb	3908	0.115	Googlebot-Image/1.0
B	Rb	3436	0.493	Mozilla/4.0 (compatible; MSIE 6.0; Windows NT 5.1; SV1; .NET CLR 1.1.4322)
B	Rb	3424	0.589	Mozilla/5.0 (compatible; MJ12bot/v1.4.5; http://www.majestic12.co.uk/bot.php? )
B	Rb	3062	0.267	Mozilla/4.0 (compatible; MSIE 7.0; Windows NT 5.1; .NET CLR 1.1.4322)
B	Rb	3049	0.138	Mozilla/4.0 (compatible; MSIE 8.0; Windows NT 5.1; Trident/4.0; .NET CLR 2.0.50727; .NET CLR 3.0.4506.2152; .NET CLR 3.5.30729; .NET4.0C; .NET CLR 1.1.4322)
B	Rb	2770	0.105	Mozilla/4.0 (compatible; MSIE 7.0; Windows NT 5.1; .NET CLR 1.1.4322; .NET CLR 2.0.50727; .NET CLR 3.0.04506.30; .NET CLR 3.0.4506.2152; .NET CLR 3.5.30729)
B	Rb	2632	0.539	Mozilla/4.0 (compatible; MSIE 7.0; Windows NT 5.1; InfoPath.2; .NET CLR 2.0.50727; .NET CLR)
B	Rb	2589	0.256	Mozilla/5.0 (Windows NT 6.1; WOW64; rv:21.0) Gecko/20100101 Firefox/21.0
B	Rb	2489	0.015	msnbot/2.0b ( http://search.msn.com/msnbot.htm)
B	Rb	2459	0.542	Mozilla/4.0 (compatible; MSIE 6.0; Windows NT 5.1; SV1; .NET CLR 1.1.4322; .NET CLR 2.0.50727)
B	Rb	2449	0.142	Mozilla/4.0 (compatible; MSIE 8.0; Windows NT 5.1; Trident/4.0; .NET CLR 2.0.50727; .NET CLR 3.0.4506.2152; .NET CLR 3.5.30729)
B	Rb	2416	0.569	Mozilla/4.0 (compatible; MSIE 6.0; Windows NT 5.1; SV1; Mozilla/4.0 (compatible; MSIE 6.0; Windows NT 5.1; SV1) ; .NET CLR 2.0.50727 ; .NET CLR 4.0.30319)
B	Rb	2407	0.552	Mozilla/4.0 (compatible; MSIE 6.0; Windows NT 5.1; SV1; Mozilla/4.0 (compatible; MSIE 6.0; Windows NT 5.1; SV1) ; .NET CLR 1.0.3705)
B	Rb	2382	1.798	Mozilla/5.0 (iPhone; CPU iPhone OS 7_0 like Mac OS X) AppleWebKit/537.51.1 (KHTML, like Gecko) Version/7.0 Mobile/11A465 Safari/9537.53 (compatible; bingbot/2.0;  http://www.bing.com/bingbot.htm)
B	Rb	2358	0.114	Mozilla/4.0 (compatible; MSIE 7.0; Windows NT 5.1; Trident/4.0; .NET CLR 2.0.50727; .NET CLR 3.0.4506.2152; .NET CLR 3.5.30729; .NET4.0C)
B	Rb	2302	0.505	Mozilla/4.0 (compatible; MSIE 6.0; Windows NT 5.1; SV1; Mozilla/4.0 (compatible; MSIE 6.0; Windows NT 5.1; SV1) )
B	Rb	2262	0.075	Mozilla/4.0 (compatible; MSIE 7.0; Windows NT 5.1; .NET CLR 2.0.50727; .NET CLR 3.0.4506.2152; .NET CLR 3.5.30729; .NET4.0C)
B	Rb	2245	0.222	Mozilla/5.0 (compatible; MSIE 9.0; Windows NT 6.1; Trident/5.0)
B	Rb	2213	0.397	Mozilla/5.0 (compatible; AhrefsBot/5.0;  http://ahrefs.com/robot/)
B	Rb	372417	67.180	[not listed: 14304]
b	*f	-15Q	s
b	lRQq	1	157936	261672853	34.403	Netscape
b	lRQq	2	768	970485	0.128	Mozilla/17
b	lRQq	2	900	715102	0.094	Mozilla/28
b	lRQq	2	1491	868335	0.114	Mozilla/24
b	lRQq	2	3527	1379113	0.181	Mozilla/21
b	lRQq	2	1387	3115763	0.410	Mozilla/2
b	lRQq	2	1290	1072640	0.141	Mozilla/22
b	lRQq	2	33740	65584156	8.623	Mozilla/1
b	lRQq	2	791	766173	0.101	Mozilla/34
b	lRQq	2	701	1021561	0.134	Mozilla/15
b	lRQq	2	1092	766171	0.101	Mozilla/12
b	lRQq	2	1071	766171	0.101	Mozilla/26
b	lRQq	2	1355	1430184	0.188	Mozilla/5
b	lRQq	2	1861	1430184	0.188	Mozilla/6
b	lRQq	2	1120	1225872	0.161	Mozilla/10
b	lRQq	2	685	1174794	0.154	Mozilla/16
b	lRQq	2	541	919404	0.121	Mozilla/13
b	lRQq	2	535	919404	0.121	Mozilla/14
b	lRQq	2	1193	817248	0.107	Mozilla/31
b	lRQq	2	1062	715092	0.094	Mozilla/11
b	lRQq	2	656	715092	0.094	Mozilla/27
b	lRQq	1	131961	21606286	2.841	Netscape (compatible)
b	lRQq	1	225994	397540269	52.266	MSIE
b	lRQq	2	74737	136276263	17.917	MSIE/6
b	lRQq	2	11102	7917105	1.041	MSIE/9
b	lRQq	2	94579	172132868	22.631	MSIE/7
b	lRQq	2	3968	5005650	0.658	MSIE/5
b	lRQq	2	3814	5516428	0.725	MSIE/10
b	lRQq	2	376	102159	0.013	MSIE/2
b	lRQq	2	36151	69670392	9.160	MSIE/8
b	lRQq	2	200	255390	0.034	MSIE/4
b	lRQq	2	179	204312	0.027	MSIE/3
b	lRQq	2	3	51078	0.007	MSIE/11
b	lRQq	1	9720	20226920	2.659	Opera
b	lRQq	2	1736	766182	0.101	Opera/7
b	lRQq	2	4531	17213296	2.263	Opera/9
b	lRQq	2	593	255397	0.034	Opera/6
b	lRQq	2	2820	1072641	0.141	Opera/8
b	lRQq	2	14	408624	0.054	Opera/11
b	lRQq	2	12	204312	0.027	Opera/10
b	lRQq	2	6	204312	0.027	Opera/12
b	lRQq	2	8	102156	0.013	Opera/5
b	lRQq	1	8147	3575460	0.470	Netscape
b	lRQq	2	1861	1430184	0.188	Netscape/4
b	lRQq	2	23	561858	0.074	Netscape/6
b	lRQq	2	5528	408624	0.054	Netscape/7
b	lRQq	2	170	255390	0.034	Netscape/3
b	lRQq	2	29	204312	0.027	Netscape/8
b	lRQq	2	454	102156	0.013	Netscape/0
b	lRQq	2	6	102156	0.013	Netscape/5
b	lRQq	2	2	51078	0.007	Netscape/Nutch-1
b	lRQq	2	1	51078	0.007	Netscape/10
b	lRQq	2	14	51078	0.007	Netscape/%2F4
b	lRQq	2	9	51078	0.007	Netscape/Firefox
b	lRQq	2	3	51078	0.007	Netscape/9
b	lRQq	1	3579	3064680	0.403	Java
b	lRQq	2	3579	3064680	0.403	Java/1
b	lRQq	1	283	2758212	0.363	Konqueror
b	lRQq	2	233	2604978	0.342	Konqueror/3
b	lRQq	2	49	102156	0.013	Konqueror/4
b	lRQq	2	1	51078	0.007	Konqueror/2
b	lRQq	1	206	2196354	0.289	python-requests
b	lRQq	2	189	1736652	0.228	python-requests/2
b	lRQq	2	11	357546	0.047	python-requests/1
b	lRQq	2	6	102156	0.013	python-requests/0
b	lRQq	1	133	1379106	0.181	curl
b	lRQq	2	132	1328028	0.175	curl/7
b	lRQq	1	2241	1123716	0.148	libwww-perl
b	lRQq	2	455	817248	0.107	libwww-perl/5
b	lRQq	2	1786	306468	0.040	libwww-perl/6
b	lRQq	1	117	1021560	0.134	NSPlayer
b	lRQq	2	78	459702	0.060	NSPlayer/11
b	lRQq	2	17	204312	0.027	NSPlayer/9
b	lRQq	2	16	204312	0.027	NSPlayer/10
b	lRQq	2	5	102156	0.013	NSPlayer/12
b	lRQq	2	1	51078	0.007	NSPlayer/8
b	lRQq	1	32	868326	0.114	Dalvik
b	lRQq	2	25	817248	0.107	Dalvik/1
b	lRQq	2	7	51078	0.007	Dalvik/2
b	lRQq	1	54	664014	0.087	Google
b	lRQq	2	50	561858	0.074	Google/2
b	lRQq	2	4	102156	0.013	Google/1
b	lRQq	1	124	664014	0.087	AppEngine-Google; ( http:
b	lRQq	2	124	664014	0.087	AppEngine-Google; ( http://code
b	lRQq	1	29	612936	0.081	PHP
b	lRQq	2	26	510780	0.067	PHP/5
b	lRQq	2	1	51078	0.007	PHP/4
b	lRQq	1	41539	41628617	5.473	[not listed: 579]
p	*f	0Q	s
p	lR	1	357320	Windows
p	lR	2	127054	Unknown Windows
p	lR	2	214628	Windows XP
p	lR	2	4863	Windows NT
p	lR	2	2052	Windows 98
p	lR	2	1222	Windows 95
p	lR	2	6250	Windows 2000
p	lR	2	181	Windows 3.1
p	lR	2	198	Windows CE
p	lR	2	872	Windows ME
p	lR	1	134322	OS unknown
p	lR	1	31215	Macintosh
p	lR	2	29964	Unknown Macintosh
p	lR	2	1152	Macintosh PowerPC
p	lR	2	99	Macintosh 68k
p	lR	1	17667	Unix
p	lR	2	17409	Linux
p	lR	2	214	Other Unix
p	lR	2	15	SunOS
p	lR	2	28	BSD
p	lR	2	1	HP-UX
p	lR	1	41549	Known robots
p	lR	1	16	WebTV
p	lR	1	1	BeOS
p	lR	1	1	OS/2
p	lR	1	4	Amiga
i	*f	0R	s
i	lRc	1	327901	80.478	[root directory]
i	lRc	1	156019	18.648	/images/
i	lRc	1	67591	0.459	/js/
i	lRc	1	36239	0.415	/css/
i	lRc	1	865	0.000	/videos/
i	lRc	1	541	0.000	/client/
i	lRc	1	155	0.000	/dev/
i	lRc	2	44	0.000	/dev/js/
i	lRc	2	23	0.000	/dev/css/
i	lRc	2	59	0.000	/dev/images/
i	lRc	1	1	0.000	/cgi-bin/
i	lRc	1	50	0.000	/stats/
r	*f	0.050000%S	s
r	lRSc	1	19138	32	78.995	/indnews.html
r	lRSc	2	1	0	0.000	/indnews.html?referer=www.clickfind.com.au//wp-content/themes/busybee/thumb.php?src=http://blogger.com.opontodaarte.com.br/java.php
r	lRSc	2	1	0	0.000	/indnews.html?referer=top1.co.pl
r	lRSc	1	16612	30	1.474	/aboutus.html
r	lRSc	1	9431	26	0.796	/contactus.html
r	lRSc	1	13188	23	8.533	/compnews.html
r	lRSc	1	14491	19	1.321	/uasfc.html
r	lRSc	1	9789	18	1.026	/cct&m.html
r	lRSc	1	9922	18	0.827	/cfmt.html
r	lRSc	1	9352	18	0.945	/links.html
r	lRSc	1	868	18	1.000	/sru.html
r	lRSc	1	8387	17	0.768	/indevents.html
r	lRSc	1	5729	17	0.494	/pna.html
r	lRSc	1	10714	15	0.847	/consultinga.html
r	lRSc	1	6931	14	0.469	/employment.html
r	lRSc	1	960	14	0.672	/gt380 rpas.html
r	lRSc	1	6948	13	0.816	/faq.html
r	lRSc	1	6414	10	0.418	/rd.html
r	lRSc	1	1516	6	0.282	/gt1500 rpas.html
r	lRSc	1	3494	3	0.104	/uavengines.html
r	lRSc	1	3214	2	0.110	/banditomav.html
r	lRSc	1	3240	2	0.099	/gtatexan.html
r	lRSc	1	3335	1	0.001	/bandituas.html
r	lRSc	1	24	0	0.000	/client/tacamo.html
r	lRSc	1	30	0	0.000	/client/mgqgcyat.asp
r	lRSc	1	1	0	0.000	/client/bandito timeline2007.html
r	lRSc	1	2	0	0.000	/client/bandit+timeline2004.html
r	lRSc	1	1	0	0.000	/stats/quick.html
r	lRSc	1	1	0	0.000	/404.htm
r	lRSc	1	1	0	0.000	/dev/client.cgi
r	lRSc	1	18702	0	0.000	/default.asp
r	lRSc	1	12	0	0.000	/client/gta010707002.html
r	lRSc	1	72	0	0.000	/client/bandito+development.html
r	lRSc	1	1	0	0.000	/client/bandito+timeline2006.html
r	lRSc	1	135	0	0.000	/client/welcome.html
r	lRSc	1	16	0	0.000	/client/rq3+bandito.html
r	lRSc	1	3	0	0.000	/client/gta021305001.html
r	lRSc	1	1	0	0.000	/dev/uasfc.html
r	lRSc	1	229	0	0.000	/client.cgi
r	lRSc	1	71	0	0.000	/client/bandit+development.html
r	lRSc	1	2	0	0.000	/client/bandito development.html
r	lRSc	1	1	0	0.000	/stats/browserrep.html
r	lRSc	1	2	0	0.000	/stats/yearly.html
r	lRSc	1	2	0	0.000	/stats/domain.html
r	lRSc	1	5	0	0.000	/client/gta012405001.html
r	lRSc	1	1	0	0.000	/stats/monthly.html
r	lRSc	1	2	0	0.000	/dev/contactus.html
r	lRSc	1	2	0	0.000	/stats/general.html
r	lRSc	1	1	0	0.000	/dev/aboutus.html
r	lRSc	1	18	0	0.000	/client/tacamo+development.html
r	lRSc	1	1	0	0.000	/client/bandit development.html
r	lRSc	1	1	0	0.000	/stats/weekly.html
r	lRSc	1	8	0	0.000	/client/gta010707001.html
r	lRSc	1	17	0	0.000	/client/bandit+timeline2008.html
r	lRSc	1	1	0	0.000	/client/bandito+timeline2005.html
r	lRSc	1	3749	0	0.000	/bidspridpass.html
r	lRSc	1	6356	0	0.000	/pridpass.html
r	lRSc	1	12	0	0.000	/client/bandito.html
r	lRSc	1	1	0	0.000	/dev/pna.html
r	lRSc	1	1	0	0.000	/client/tacamo development.html
r	lRSc	1	23	0	0.000	/client/projectbids.html
r	lRSc	1	1	0	0.000	/stats/host.html
r	lRSc	1	2	0	0.000	/stats/index.htm
r	lRSc	1	2	0	0.000	/stats/nav.html
r	lRSc	1	1	0	0.000	/stats/quarterly.html
r	lRSc	1	11	0	0.000	/client/rq2+outlaw.html
r	lRSc	1	1	0	0.000	/client/bandit timeline2008.html
r	lRSc	1	20	0	0.000	/client/clientpna.html
r	lRSc	1	15	0	0.000	/client/bandit.html
r	lRSc	1	2	0	0.000	/stats/default.asp
r	lRSc	1	2	0	0.000	/stats/directory.html
r	lRSc	1	21	0	0.000	/index.htm
r	lRSc	1	2	0	0.000	/stats/organisation.html
r	lRSc	1	1	0	0.000	/cgi-bin/testms.pl
r	lRSc	1	926	0	0.000	/gtamt.html
r	lRSc	1	14	0	0.000	/client/rq1+bandit.html
r	lRSc	1	8	0	0.000	/client/bandito+timeline2007.html
r	lRSc	1	6	0	0.000	/client/gta021305002.html
r	lRSc	1	7	0	0.000	/client/bandit+timeline2007.html
r	lRSc	1	4	0	0.000	/client/gta121004001.html
r	lRSc	1	1	0	0.000	/dev/pridpass.html
t	*f	0.100000%B	b
t	lRb	1	175239	53.487	.html [Hypertext Markup Language]
t	lRb	1	129159	19.780	[directories]
t	lRb	1	778	7.382	.wmv
t	lRb	1	87	7.247	.mpg  [MPEG movie]
t	lRb	1	108387	7.210	.jpg  [JPEG graphics]
t	lRb	1	18734	3.118	.asp  [Active Server REQUESTS]
t	lRb	1	47704	0.744	.gif  [GIF graphics]
t	lRb	1	67635	0.504	.js  [JavaScript code]
t	lRb	1	36258	0.449	.css  [Cascading Style Sheets]
t	lRb	1	5381	0.081	[not listed: 6]
z	*FR	2009	06	30	04	42
z	*LR	2016	09	25	05	31
z	ScR	206	0.000	41534	0
z	ScR	0	0.000	0	1b-  10b
z	ScR	0	0.000	0	11b- 100b
z	ScR	82	0.057	65446	101b-  1kb
z	ScR	545	6.927	285226	1kb- 10kb
z	ScR	516	59.435	181204	10kb-100kb
z	ScR	27	33.582	15661	100kb-  1Mb
z	ScR	0	0.000	248	1Mb- 10Mb
z	ScR	0	0.000	43	10Mb-100Mb
c	*f	0R	a
c	R	522064	200 OK
c	R	3200	206 Partial content
c	R	101	301 Document moved permanently
c	R	77	302 Document found elsewhere
c	R	64098	304 Not modified since last retrieval
c	R	206	401 Authentication required
c	R	134	403 Access forbidden
c	R	287917	404 Document not found
c	R	148	405 Method not allowed
c	R	276	406 Document not acceptable to client
c	R	5	416 Requested range not valid
c	R	594	500 Internal server error
c	R	116	501 Request type not supported
I	*FR	2007	12	11	00	52
I	*LR	2016	09	25	04	05
I	*f	-30S	s
I	lRS	1	58572	176	/robots.txt
I	lRS	1	1384	8	/wp-login.php
I	lRS	1	254	7	/blog/
I	lRS	1	231	6	/wp/
I	lRS	1	245	6	/wordpress/
I	lRS	1	230	6	/blog/robots.txt
I	lRS	1	426	6	/xmlrpc.php
I	lRS	1	8	4	/wp-includes/insmod.php
I	lRS	1	135	3	/test/wp-admin/
I	lRS	1	676	3	/videos/bandito 004 flt 8 clip 092508.wmv
I	lRS	1	199	3	/blog/wp-admin/
I	lRS	1	189	3	/wp/wp-admin/
I	lRS	1	214	2	/wp-admin/
I	lRS	1	947	2	/index.php
I	lRS	1	102	2	/klx
I	lRS	1	210	2	/wordpress/wp-admin/
I	lRS	1	172	2	/old/wp-admin/
I	lRS	1	216	2	/wp-admin/admin-ajax.php
I	lRS	1	180	2	/apple-touch-icon-precomposed.png
I	lRS	1	219	2	/apple-touch-icon.png
I	lRS	1	208	1	/
I	lRS	1	675	1	/administrator/index.php
I	lRS	1	204	1	/esg
I	lRS	1	303	1	/eux
I	lRS	1	102	1	/exs
I	lRS	1	1	1	/index.php/create-an-account/
I	lRS	1	75	1	/bwlj
I	lRS	1	1	1	/user-login
I	lRS	1	143	1	/bwsg
I	lRS	1	187	1	/vex
I	lRS	1	222688	36	[not listed: 12501]
L	*FR	2007	12	11	00	52
L	*LR	2016	09	25	04	05
L	*f	-20S	s
L	RS	372	36	46.119.127.129
L	RS	14	9	207.46.13.138
L	RS	9	9	192.99.62.7
L	RS	13	7	40.77.167.92
L	RS	18	7	45.79.103.178
L	RS	14	6	62.210.148.87
L	RS	8	6	207.46.13.179
L	RS	16	6	207.46.13.31
L	RS	20	6	42.236.10.98
L	RS	42	6	157.55.39.29
L	RS	7	6	45.79.95.64
L	RS	16	5	66.249.69.239
L	RS	45	5	138.201.30.66
L	RS	10	5	52.91.193.130
L	RS	16	4	66.249.69.235
L	RS	16	4	66.249.69.243
L	RS	30	4	157.55.39.102
L	RS	14	4	157.55.39.225
L	RS	4	4	41.164.53.78
L	RS	6	4	66.249.69.76
L	RS	288706	150	[not listed: 57115]
K	*FR	2013	12	22	04	20
K	*LR	2016	09	24	20	19
K	*f	-30S	s
K	lRS	1	44	13	http://uptime.com/www.gtaeronautics.com
K	lRS	1	14863	4	http://www.gtaeronautics.com/
K	lRS	1	5	3	http://uptime.com/gtaeronautics.com
K	lRS	1	237	3	http://gtaeronautics.com/robots.txt
K	lRS	1	493	3	http://www.gtaeronautics.com/robots.txt
K	lRS	1	13	2	http://gtaeronautics.com/index.php
K	lRS	1	1	1	http://gtaeronautics.com/index.php/user-login
K	lRS	1	1	1	http://gtaeronautics.com/user-login
K	lRS	1	1	1	http://gtaeronautics.com/administrator/components/com_aceftp/quixplorer/index.php
K	lRS	1	6	1	http://gtaeronautics.com/indnews.html
K	lRS	1	383	1	http://gtaeronautics.com/
K	lRS	1	1	1	http://gtaeronautics.com/index.php/component/users/
K	lRS	1	1	1	http://gtaeronautics.com/index.php/component/user/register
K	lRS	1	4	1	http://gtaeronautics.com/blog/
K	lRS	1	1	1	http://gtaeronautics.com/index.php/shop-login
K	lRS	1	1	1	http://gtaeronautics.com/index.php/Create-an-account/
K	lRS	1	7473	0	[not listed: 1237]
E	*FR	2008	01	06	10	12
E	*LR	2015	07	14	08	43
E	*f	-30S	s
E	lSR	1	0	178	[not listed: 6]
l	*FR	2008	01	06	10	12
l	*LR	2015	07	14	08	43
l	*f	-20S	s
l	SR	0	178	[not listed: 97]
v	*f	-20B	b
v	Rb	589362	100.000	66.113.131.59
R	*FR	2008	01	06	10	12
R	*LR	2015	07	14	08	43
R	*f	-20R	r
R	R	178	66.113.131.59
M	*FR	2007	12	11	00	52
M	*LR	2016	09	25	04	05
M	*f	-20R	r
M	R	289396	66.113.131.59
J	*FR	2007	12	11	00	53
J	*LR	2007	12	18	17	06
J	*f	-20R	r
J	R	9	gtaeronautics
J	R	5	lorrigkj
J	R	1	rullma2063
J	R	1	administrator
J	R	1	satish
