x	VE	analog 5.24
x	HN	gtaeronautics.com
x	PS	2016	05	22	02	29
x	FR	2007	12	18	17	05
x	LR	2016	05	22	05	56
x	E7	2016	05	22	02	29
x	SR	566447
x	S7	1179
x	NC	242229
x	C7	0
x	FL	283052
x	F7	270
x	RR	178
x	R7	0
x	NH	50188
x	H7	299
x	BT	16093765717
x	B7	35275863
1	Rr	26579	4.692	2016
1	Rr	80796	14.264	2015
1	Rr	110773	19.556	2014
1	Rr	65173	11.506	2013
1	Rr	60742	10.723	2012
1	Rr	57015	10.065	2011
1	Rr	22139	3.908	2010
1	Rr	69710	12.307	2009
1	Rr	71820	12.679	2008
1	Rr	1700	0.300	2007
1	*BT	R	110773	2014
Q	Rr	8876	1.567	2016	2
Q	Rr	17703	3.125	2016	1
Q	Rr	16575	2.926	2015	4
Q	Rr	22104	3.902	2015	3
Q	Rr	22485	3.969	2015	2
Q	Rr	19632	3.466	2015	1
Q	Rr	21142	3.732	2014	4
Q	Rr	22272	3.932	2014	3
Q	Rr	31453	5.553	2014	2
Q	Rr	35906	6.339	2014	1
Q	Rr	16436	2.902	2013	4
Q	Rr	15216	2.686	2013	3
Q	Rr	16545	2.921	2013	2
Q	Rr	16976	2.997	2013	1
Q	Rr	16578	2.927	2012	4
Q	Rr	12511	2.209	2012	3
Q	Rr	15816	2.792	2012	2
Q	Rr	15837	2.796	2012	1
Q	Rr	15444	2.726	2011	4
Q	Rr	17386	3.069	2011	3
Q	Rr	9395	1.659	2011	2
Q	Rr	14790	2.611	2011	1
Q	Rr	1603	0.283	2010	4
Q	Rr	0	0.000	2010	3
Q	Rr	14047	2.480	2010	2
Q	Rr	6489	1.146	2010	1
Q	Rr	16350	2.886	2009	4
Q	Rr	18220	3.217	2009	3
Q	Rr	17115	3.021	2009	2
Q	Rr	18025	3.182	2009	1
Q	Rr	15905	2.808	2008	4
Q	Rr	15660	2.765	2008	3
Q	Rr	22448	3.963	2008	2
Q	Rr	17807	3.144	2008	1
Q	Rr	1700	0.300	2007	4
Q	*BT	R	35906	2014	1
m	Rr	3535	0.624	2016	05
m	Rr	5341	0.943	2016	04
m	Rr	5558	0.981	2016	03
m	Rr	5548	0.979	2016	02
m	Rr	6597	1.165	2016	01
m	Rr	5574	0.984	2015	12
m	Rr	5330	0.941	2015	11
m	Rr	5671	1.001	2015	10
m	Rr	6196	1.094	2015	09
m	Rr	6788	1.198	2015	08
m	Rr	9120	1.610	2015	07
m	Rr	7156	1.263	2015	06
m	Rr	5694	1.005	2015	05
m	Rr	9635	1.701	2015	04
m	Rr	6215	1.097	2015	03
m	Rr	6084	1.074	2015	02
m	Rr	7333	1.295	2015	01
m	Rr	6608	1.167	2014	12
m	Rr	6997	1.235	2014	11
m	Rr	7537	1.331	2014	10
m	Rr	7043	1.243	2014	09
m	Rr	7324	1.293	2014	08
m	Rr	7905	1.396	2014	07
m	Rr	11654	2.057	2014	06
m	Rr	9211	1.626	2014	05
m	Rr	10588	1.869	2014	04
m	Rr	7817	1.380	2014	03
m	Rr	15229	2.689	2014	02
m	Rr	12860	2.270	2014	01
m	Rr	5325	0.940	2013	12
m	Rr	5513	0.973	2013	11
m	Rr	5598	0.988	2013	10
m	Rr	4655	0.822	2013	09
m	Rr	4938	0.872	2013	08
m	Rr	5623	0.993	2013	07
m	Rr	5492	0.970	2013	06
m	Rr	5211	0.920	2013	05
m	Rr	5842	1.031	2013	04
m	Rr	6068	1.071	2013	03
m	Rr	5055	0.892	2013	02
m	Rr	5853	1.033	2013	01
m	Rr	5688	1.004	2012	12
m	Rr	5477	0.967	2012	11
m	Rr	5413	0.956	2012	10
m	Rr	4331	0.765	2012	09
m	Rr	3866	0.682	2012	08
m	Rr	4314	0.762	2012	07
m	Rr	4655	0.822	2012	06
m	Rr	6047	1.068	2012	05
m	Rr	5114	0.903	2012	04
m	Rr	6128	1.082	2012	03
m	Rr	5430	0.959	2012	02
m	Rr	4279	0.755	2012	01
m	Rr	5548	0.979	2011	12
m	Rr	4779	0.844	2011	11
m	Rr	5117	0.903	2011	10
m	Rr	5431	0.959	2011	09
m	Rr	6256	1.104	2011	08
m	Rr	5699	1.006	2011	07
m	Rr	5420	0.957	2011	06
m	Rr	3975	0.702	2011	05
m	Rr	0	0.000	2011	04
m	Rr	3608	0.637	2011	03
m	Rr	5171	0.913	2011	02
m	Rr	6011	1.061	2011	01
m	Rr	1603	0.283	2010	12
m	Rr	0	0.000	2010	11
m	Rr	0	0.000	2010	10
m	Rr	0	0.000	2010	09
m	Rr	0	0.000	2010	08
m	Rr	0	0.000	2010	07
m	Rr	4101	0.724	2010	06
m	Rr	5018	0.886	2010	05
m	Rr	4928	0.870	2010	04
m	Rr	5095	0.899	2010	03
m	Rr	1394	0.246	2010	02
m	Rr	0	0.000	2010	01
m	Rr	4665	0.824	2009	12
m	Rr	6187	1.092	2009	11
m	Rr	5498	0.971	2009	10
m	Rr	5066	0.894	2009	09
m	Rr	5718	1.009	2009	08
m	Rr	7436	1.313	2009	07
m	Rr	5685	1.004	2009	06
m	Rr	6120	1.080	2009	05
m	Rr	5310	0.937	2009	04
m	Rr	5515	0.974	2009	03
m	Rr	6123	1.081	2009	02
m	Rr	6387	1.128	2009	01
m	Rr	5763	1.017	2008	12
m	Rr	5420	0.957	2008	11
m	Rr	4722	0.834	2008	10
m	Rr	5435	0.959	2008	09
m	Rr	4843	0.855	2008	08
m	Rr	5382	0.950	2008	07
m	Rr	6082	1.074	2008	06
m	Rr	9946	1.756	2008	05
m	Rr	6420	1.133	2008	04
m	Rr	5431	0.959	2008	03
m	Rr	6469	1.142	2008	02
m	Rr	5907	1.043	2008	01
m	Rr	1700	0.300	2007	12
m	*BT	R	15229	2014	02
W	Rr	12	0.002	2016	05	22
W	Rr	1184	0.209	2016	05	15
W	Rr	1365	0.241	2016	05	08
W	Rr	974	0.172	2016	05	01
W	Rr	1311	0.231	2016	04	24
W	Rr	1127	0.199	2016	04	17
W	Rr	1248	0.220	2016	04	10
W	Rr	1451	0.256	2016	04	03
W	Rr	987	0.174	2016	03	27
W	Rr	1233	0.218	2016	03	20
W	Rr	1347	0.238	2016	03	13
W	Rr	1347	0.238	2016	03	06
W	Rr	1236	0.218	2016	02	28
W	Rr	1422	0.251	2016	02	21
W	Rr	1085	0.192	2016	02	14
W	Rr	1427	0.252	2016	02	07
W	Rr	1359	0.240	2016	01	31
W	Rr	1708	0.302	2016	01	24
W	Rr	1476	0.261	2016	01	17
W	Rr	1563	0.276	2016	01	10
W	Rr	1381	0.244	2016	01	03
W	Rr	1273	0.225	2015	12	27
W	Rr	1084	0.191	2015	12	20
W	Rr	1344	0.237	2015	12	13
W	Rr	1336	0.236	2015	12	06
W	Rr	1123	0.198	2015	11	29
W	Rr	960	0.169	2015	11	22
W	Rr	1337	0.236	2015	11	15
W	Rr	1400	0.247	2015	11	08
W	Rr	1383	0.244	2015	11	01
W	Rr	1250	0.221	2015	10	25
W	Rr	1366	0.241	2015	10	18
W	Rr	1367	0.241	2015	10	11
W	Rr	1214	0.214	2015	10	04
W	Rr	1152	0.203	2015	09	27
W	Rr	1387	0.245	2015	09	20
W	Rr	1655	0.292	2015	09	13
W	Rr	1526	0.269	2015	09	06
W	Rr	1242	0.219	2015	08	30
W	Rr	1800	0.318	2015	08	23
W	Rr	1527	0.270	2015	08	16
W	Rr	1386	0.245	2015	08	09
W	Rr	1593	0.281	2015	08	02
W	Rr	1567	0.277	2015	07	26
W	Rr	1980	0.350	2015	07	19
W	Rr	2180	0.385	2015	07	12
W	Rr	2008	0.354	2015	07	05
W	Rr	2297	0.406	2015	06	28
W	Rr	1556	0.275	2015	06	21
W	Rr	1380	0.244	2015	06	14
W	Rr	2013	0.355	2015	06	07
W	Rr	1651	0.291	2015	05	31
W	Rr	1224	0.216	2015	05	24
W	Rr	1355	0.239	2015	05	17
W	Rr	1179	0.208	2015	05	10
W	Rr	1436	0.254	2015	05	03
W	Rr	1671	0.295	2015	04	26
W	Rr	1878	0.332	2015	04	19
W	Rr	2326	0.411	2015	04	12
W	Rr	2636	0.465	2015	04	05
W	Rr	2297	0.406	2015	03	29
W	Rr	1237	0.218	2015	03	22
W	Rr	1453	0.257	2015	03	15
W	Rr	1399	0.247	2015	03	08
W	Rr	1287	0.227	2015	03	01
W	Rr	1249	0.220	2015	02	22
W	Rr	1373	0.242	2015	02	15
W	Rr	1790	0.316	2015	02	08
W	Rr	1672	0.295	2015	02	01
W	Rr	1543	0.272	2015	01	25
W	Rr	1463	0.258	2015	01	18
W	Rr	1696	0.299	2015	01	11
W	Rr	1707	0.301	2015	01	04
W	Rr	1833	0.324	2014	12	28
W	Rr	1335	0.236	2014	12	21
W	Rr	1644	0.290	2014	12	14
W	Rr	1541	0.272	2014	12	07
W	Rr	1335	0.236	2014	11	30
W	Rr	1262	0.223	2014	11	23
W	Rr	2009	0.355	2014	11	16
W	Rr	1566	0.276	2014	11	09
W	Rr	1814	0.320	2014	11	02
W	Rr	1452	0.256	2014	10	26
W	Rr	1642	0.290	2014	10	19
W	Rr	1795	0.317	2014	10	12
W	Rr	1836	0.324	2014	10	05
W	Rr	1662	0.293	2014	09	28
W	Rr	1843	0.325	2014	09	21
W	Rr	1678	0.296	2014	09	14
W	Rr	1598	0.282	2014	09	07
W	Rr	1418	0.250	2014	08	31
W	Rr	1584	0.280	2014	08	24
W	Rr	1571	0.277	2014	08	17
W	Rr	1727	0.305	2014	08	10
W	Rr	1927	0.340	2014	08	03
W	Rr	1691	0.299	2014	07	27
W	Rr	1702	0.300	2014	07	20
W	Rr	1624	0.287	2014	07	13
W	Rr	1831	0.323	2014	07	06
W	Rr	1867	0.330	2014	06	29
W	Rr	1927	0.340	2014	06	22
W	Rr	2134	0.377	2014	06	15
W	Rr	4851	0.856	2014	06	08
W	Rr	2293	0.405	2014	06	01
W	Rr	3180	0.561	2014	05	25
W	Rr	1468	0.259	2014	05	18
W	Rr	1808	0.319	2014	05	11
W	Rr	1998	0.353	2014	05	04
W	Rr	1876	0.331	2014	04	27
W	Rr	2330	0.411	2014	04	20
W	Rr	2565	0.453	2014	04	13
W	Rr	2652	0.468	2014	04	06
W	Rr	2574	0.454	2014	03	30
W	Rr	1186	0.209	2014	03	23
W	Rr	1305	0.230	2014	03	16
W	Rr	2273	0.401	2014	03	09
W	Rr	2231	0.394	2014	03	02
W	Rr	1925	0.340	2014	02	23
W	Rr	7060	1.246	2014	02	16
W	Rr	2854	0.504	2014	02	09
W	Rr	3190	0.563	2014	02	02
W	Rr	3743	0.661	2014	01	26
W	Rr	3643	0.643	2014	01	19
W	Rr	2961	0.523	2014	01	12
W	Rr	2319	0.409	2014	01	05
W	Rr	981	0.173	2013	12	29
W	Rr	1108	0.196	2013	12	22
W	Rr	1226	0.216	2013	12	15
W	Rr	1285	0.227	2013	12	08
W	Rr	1289	0.228	2013	12	01
W	Rr	1404	0.248	2013	11	24
W	Rr	1142	0.202	2013	11	17
W	Rr	1334	0.236	2013	11	10
W	Rr	1277	0.225	2013	11	03
W	Rr	1035	0.183	2013	10	27
W	Rr	1309	0.231	2013	10	20
W	Rr	1302	0.230	2013	10	13
W	Rr	1432	0.253	2013	10	06
W	Rr	1178	0.208	2013	09	29
W	Rr	947	0.167	2013	09	22
W	Rr	1254	0.221	2013	09	15
W	Rr	1099	0.194	2013	09	08
W	Rr	1053	0.186	2013	09	01
W	Rr	1010	0.178	2013	08	25
W	Rr	1102	0.195	2013	08	18
W	Rr	1063	0.188	2013	08	11
W	Rr	1105	0.195	2013	08	04
W	Rr	1377	0.243	2013	07	28
W	Rr	1498	0.264	2013	07	21
W	Rr	1295	0.229	2013	07	14
W	Rr	1237	0.218	2013	07	07
W	Rr	1003	0.177	2013	06	30
W	Rr	1275	0.225	2013	06	23
W	Rr	1072	0.189	2013	06	16
W	Rr	1249	0.220	2013	06	09
W	Rr	1521	0.269	2013	06	02
W	Rr	1256	0.222	2013	05	26
W	Rr	1091	0.193	2013	05	19
W	Rr	1359	0.240	2013	05	12
W	Rr	1130	0.199	2013	05	05
W	Rr	1215	0.214	2013	04	28
W	Rr	1368	0.242	2013	04	21
W	Rr	1318	0.233	2013	04	14
W	Rr	1408	0.249	2013	04	07
W	Rr	1277	0.225	2013	03	31
W	Rr	1452	0.256	2013	03	24
W	Rr	1418	0.250	2013	03	17
W	Rr	1217	0.215	2013	03	10
W	Rr	1490	0.263	2013	03	03
W	Rr	1353	0.239	2013	02	24
W	Rr	1268	0.224	2013	02	17
W	Rr	1274	0.225	2013	02	10
W	Rr	1153	0.204	2013	02	03
W	Rr	1266	0.223	2013	01	27
W	Rr	1271	0.224	2013	01	20
W	Rr	1449	0.256	2013	01	13
W	Rr	1253	0.221	2013	01	06
W	Rr	1309	0.231	2012	12	30
W	Rr	1156	0.204	2012	12	23
W	Rr	1336	0.236	2012	12	16
W	Rr	1575	0.278	2012	12	09
W	Rr	1087	0.192	2012	12	02
W	Rr	1376	0.243	2012	11	25
W	Rr	1136	0.201	2012	11	18
W	Rr	1341	0.237	2012	11	11
W	Rr	1418	0.250	2012	11	04
W	Rr	1103	0.195	2012	10	28
W	Rr	1200	0.212	2012	10	21
W	Rr	1382	0.244	2012	10	14
W	Rr	1127	0.199	2012	10	07
W	Rr	1187	0.210	2012	09	30
W	Rr	1172	0.207	2012	09	23
W	Rr	1034	0.183	2012	09	16
W	Rr	944	0.167	2012	09	09
W	Rr	958	0.169	2012	09	02
W	Rr	734	0.130	2012	08	26
W	Rr	881	0.156	2012	08	19
W	Rr	874	0.154	2012	08	12
W	Rr	973	0.172	2012	08	05
W	Rr	1010	0.178	2012	07	29
W	Rr	943	0.166	2012	07	22
W	Rr	1089	0.192	2012	07	15
W	Rr	888	0.157	2012	07	08
W	Rr	845	0.149	2012	07	01
W	Rr	1070	0.189	2012	06	24
W	Rr	1050	0.185	2012	06	17
W	Rr	1271	0.224	2012	06	10
W	Rr	957	0.169	2012	06	03
W	Rr	1249	0.220	2012	05	27
W	Rr	1055	0.186	2012	05	20
W	Rr	1392	0.246	2012	05	13
W	Rr	1140	0.201	2012	05	06
W	Rr	1807	0.319	2012	04	29
W	Rr	1225	0.216	2012	04	22
W	Rr	1264	0.223	2012	04	15
W	Rr	1075	0.190	2012	04	08
W	Rr	1261	0.223	2012	04	01
W	Rr	1345	0.237	2012	03	25
W	Rr	1254	0.221	2012	03	18
W	Rr	1478	0.261	2012	03	11
W	Rr	1503	0.265	2012	03	04
W	Rr	1532	0.270	2012	02	26
W	Rr	1464	0.258	2012	02	19
W	Rr	1154	0.204	2012	02	12
W	Rr	1240	0.219	2012	02	05
W	Rr	1088	0.192	2012	01	29
W	Rr	1125	0.199	2012	01	22
W	Rr	60	0.011	2012	01	15
W	Rr	1472	0.260	2012	01	08
W	Rr	1122	0.198	2012	01	01
W	Rr	888	0.157	2011	12	25
W	Rr	1360	0.240	2011	12	18
W	Rr	1486	0.262	2011	12	11
W	Rr	1330	0.235	2011	12	04
W	Rr	1094	0.193	2011	11	27
W	Rr	1062	0.187	2011	11	20
W	Rr	1123	0.198	2011	11	13
W	Rr	975	0.172	2011	11	06
W	Rr	1264	0.223	2011	10	30
W	Rr	1140	0.201	2011	10	23
W	Rr	1211	0.214	2011	10	16
W	Rr	1236	0.218	2011	10	09
W	Rr	1128	0.199	2011	10	02
W	Rr	1083	0.191	2011	09	25
W	Rr	1451	0.256	2011	09	18
W	Rr	1278	0.226	2011	09	11
W	Rr	1219	0.215	2011	09	04
W	Rr	1316	0.232	2011	08	28
W	Rr	1119	0.198	2011	08	21
W	Rr	1484	0.262	2011	08	14
W	Rr	1671	0.295	2011	08	07
W	Rr	1319	0.233	2011	07	31
W	Rr	1197	0.211	2011	07	24
W	Rr	1504	0.266	2011	07	17
W	Rr	1367	0.241	2011	07	10
W	Rr	1205	0.213	2011	07	03
W	Rr	1333	0.235	2011	06	26
W	Rr	1059	0.187	2011	06	19
W	Rr	1353	0.239	2011	06	12
W	Rr	1275	0.225	2011	06	05
W	Rr	983	0.174	2011	05	29
W	Rr	1262	0.223	2011	05	22
W	Rr	1374	0.243	2011	05	15
W	Rr	1076	0.190	2011	05	08
W	Rr	0	0.000	2011	05	01
W	Rr	0	0.000	2011	04	24
W	Rr	0	0.000	2011	04	17
W	Rr	0	0.000	2011	04	10
W	Rr	0	0.000	2011	04	03
W	Rr	0	0.000	2011	03	27
W	Rr	24	0.004	2011	03	20
W	Rr	1317	0.233	2011	03	13
W	Rr	1258	0.222	2011	03	06
W	Rr	1372	0.242	2011	02	27
W	Rr	1226	0.216	2011	02	20
W	Rr	1524	0.269	2011	02	13
W	Rr	1366	0.241	2011	02	06
W	Rr	958	0.169	2011	01	30
W	Rr	1273	0.225	2011	01	23
W	Rr	1560	0.275	2011	01	16
W	Rr	1472	0.260	2011	01	09
W	Rr	1310	0.231	2011	01	02
W	Rr	798	0.141	2010	12	26
W	Rr	935	0.165	2010	12	19
W	Rr	0	0.000	2010	12	12
W	Rr	0	0.000	2010	12	05
W	Rr	0	0.000	2010	11	28
W	Rr	0	0.000	2010	11	21
W	Rr	0	0.000	2010	11	14
W	Rr	0	0.000	2010	11	07
W	Rr	0	0.000	2010	10	31
W	Rr	0	0.000	2010	10	24
W	Rr	0	0.000	2010	10	17
W	Rr	0	0.000	2010	10	10
W	Rr	0	0.000	2010	10	03
W	Rr	0	0.000	2010	09	26
W	Rr	0	0.000	2010	09	19
W	Rr	0	0.000	2010	09	12
W	Rr	0	0.000	2010	09	05
W	Rr	0	0.000	2010	08	29
W	Rr	0	0.000	2010	08	22
W	Rr	0	0.000	2010	08	15
W	Rr	0	0.000	2010	08	08
W	Rr	0	0.000	2010	08	01
W	Rr	0	0.000	2010	07	25
W	Rr	0	0.000	2010	07	18
W	Rr	0	0.000	2010	07	11
W	Rr	0	0.000	2010	07	04
W	Rr	15	0.003	2010	06	27
W	Rr	914	0.161	2010	06	20
W	Rr	1104	0.195	2010	06	13
W	Rr	1096	0.193	2010	06	06
W	Rr	1171	0.207	2010	05	30
W	Rr	1115	0.197	2010	05	23
W	Rr	1170	0.207	2010	05	16
W	Rr	1334	0.236	2010	05	09
W	Rr	1109	0.196	2010	05	02
W	Rr	1067	0.188	2010	04	25
W	Rr	1212	0.214	2010	04	18
W	Rr	1054	0.186	2010	04	11
W	Rr	1325	0.234	2010	04	04
W	Rr	811	0.143	2010	03	28
W	Rr	1195	0.211	2010	03	21
W	Rr	1338	0.236	2010	03	14
W	Rr	1113	0.196	2010	03	07
W	Rr	1103	0.195	2010	02	28
W	Rr	1290	0.228	2010	02	21
W	Rr	0	0.000	2010	02	14
W	Rr	0	0.000	2010	02	07
W	Rr	0	0.000	2010	01	31
W	Rr	0	0.000	2010	01	24
W	Rr	0	0.000	2010	01	17
W	Rr	0	0.000	2010	01	10
W	Rr	0	0.000	2010	01	03
W	Rr	78	0.014	2009	12	27
W	Rr	945	0.167	2009	12	20
W	Rr	1140	0.201	2009	12	13
W	Rr	1323	0.234	2009	12	06
W	Rr	1518	0.268	2009	11	29
W	Rr	1352	0.239	2009	11	22
W	Rr	1346	0.238	2009	11	15
W	Rr	1416	0.250	2009	11	08
W	Rr	1734	0.306	2009	11	01
W	Rr	1035	0.183	2009	10	25
W	Rr	1297	0.229	2009	10	18
W	Rr	1267	0.224	2009	10	11
W	Rr	1440	0.254	2009	10	04
W	Rr	1521	0.269	2009	09	27
W	Rr	1121	0.198	2009	09	20
W	Rr	875	0.154	2009	09	13
W	Rr	1032	0.182	2009	09	06
W	Rr	1283	0.226	2009	08	30
W	Rr	1214	0.214	2009	08	23
W	Rr	1402	0.248	2009	08	16
W	Rr	1260	0.222	2009	08	09
W	Rr	1404	0.248	2009	08	02
W	Rr	1380	0.244	2009	07	26
W	Rr	1470	0.260	2009	07	19
W	Rr	1750	0.309	2009	07	12
W	Rr	1847	0.326	2009	07	05
W	Rr	1889	0.333	2009	06	28
W	Rr	1312	0.232	2009	06	21
W	Rr	1093	0.193	2009	06	14
W	Rr	1363	0.241	2009	06	07
W	Rr	1251	0.221	2009	05	31
W	Rr	1352	0.239	2009	05	24
W	Rr	1133	0.200	2009	05	17
W	Rr	1887	0.333	2009	05	10
W	Rr	1369	0.242	2009	05	03
W	Rr	1089	0.192	2009	04	26
W	Rr	1160	0.205	2009	04	19
W	Rr	1189	0.210	2009	04	12
W	Rr	1529	0.270	2009	04	05
W	Rr	1155	0.204	2009	03	29
W	Rr	1230	0.217	2009	03	22
W	Rr	1029	0.182	2009	03	15
W	Rr	1234	0.218	2009	03	08
W	Rr	1486	0.262	2009	03	01
W	Rr	1470	0.260	2009	02	22
W	Rr	1198	0.211	2009	02	15
W	Rr	1802	0.318	2009	02	08
W	Rr	1653	0.292	2009	02	01
W	Rr	1346	0.238	2009	01	25
W	Rr	1431	0.253	2009	01	18
W	Rr	1678	0.296	2009	01	11
W	Rr	1591	0.281	2009	01	04
W	Rr	886	0.156	2008	12	28
W	Rr	1148	0.203	2008	12	21
W	Rr	1428	0.252	2008	12	14
W	Rr	1508	0.266	2008	12	07
W	Rr	1194	0.211	2008	11	30
W	Rr	1070	0.189	2008	11	23
W	Rr	1396	0.246	2008	11	16
W	Rr	1255	0.222	2008	11	09
W	Rr	1314	0.232	2008	11	02
W	Rr	1397	0.247	2008	10	26
W	Rr	1638	0.289	2008	10	19
W	Rr	1298	0.229	2008	10	12
W	Rr	430	0.076	2008	10	05
W	Rr	723	0.128	2008	09	28
W	Rr	1308	0.231	2008	09	21
W	Rr	1242	0.219	2008	09	14
W	Rr	1409	0.249	2008	09	07
W	Rr	1142	0.202	2008	08	31
W	Rr	1022	0.180	2008	08	24
W	Rr	1062	0.187	2008	08	17
W	Rr	1188	0.210	2008	08	10
W	Rr	1232	0.217	2008	08	03
W	Rr	1050	0.185	2008	07	27
W	Rr	1272	0.225	2008	07	20
W	Rr	1305	0.230	2008	07	13
W	Rr	1093	0.193	2008	07	06
W	Rr	1182	0.209	2008	06	29
W	Rr	1937	0.342	2008	06	22
W	Rr	1493	0.264	2008	06	15
W	Rr	1083	0.191	2008	06	08
W	Rr	1283	0.226	2008	06	01
W	Rr	1432	0.253	2008	05	25
W	Rr	1726	0.305	2008	05	18
W	Rr	1580	0.279	2008	05	11
W	Rr	2661	0.470	2008	05	04
W	Rr	3648	0.644	2008	04	27
W	Rr	1400	0.247	2008	04	20
W	Rr	1365	0.241	2008	04	13
W	Rr	1213	0.214	2008	04	06
W	Rr	1670	0.295	2008	03	30
W	Rr	1211	0.214	2008	03	23
W	Rr	1144	0.202	2008	03	16
W	Rr	1301	0.230	2008	03	09
W	Rr	1292	0.228	2008	03	02
W	Rr	1427	0.252	2008	02	24
W	Rr	2207	0.390	2008	02	17
W	Rr	1124	0.198	2008	02	10
W	Rr	1561	0.276	2008	02	03
W	Rr	1533	0.271	2008	01	27
W	Rr	1389	0.245	2008	01	20
W	Rr	1133	0.200	2008	01	13
W	Rr	1404	0.248	2008	01	06
W	Rr	976	0.172	2007	12	30
W	Rr	801	0.141	2007	12	23
W	Rr	675	0.119	2007	12	16
W	*BT	R	7060	2014	02	16
D	Rr	12	0.002	2016	05	22
D	Rr	111	0.020	2016	05	21
D	Rr	174	0.031	2016	05	20
D	Rr	178	0.031	2016	05	19
D	Rr	291	0.051	2016	05	18
D	Rr	157	0.028	2016	05	17
D	Rr	162	0.029	2016	05	16
D	Rr	111	0.020	2016	05	15
D	Rr	119	0.021	2016	05	14
D	Rr	219	0.039	2016	05	13
D	Rr	212	0.037	2016	05	12
D	Rr	142	0.025	2016	05	11
D	Rr	283	0.050	2016	05	10
D	Rr	274	0.048	2016	05	09
D	Rr	116	0.020	2016	05	08
D	Rr	138	0.024	2016	05	07
D	Rr	146	0.026	2016	05	06
D	Rr	163	0.029	2016	05	05
D	Rr	116	0.020	2016	05	04
D	Rr	128	0.023	2016	05	03
D	Rr	166	0.029	2016	05	02
D	Rr	117	0.021	2016	05	01
D	Rr	195	0.034	2016	04	30
D	Rr	132	0.023	2016	04	29
D	Rr	217	0.038	2016	04	28
D	Rr	170	0.030	2016	04	27
D	Rr	158	0.028	2016	04	26
D	Rr	274	0.048	2016	04	25
D	Rr	165	0.029	2016	04	24
D	Rr	102	0.018	2016	04	23
D	Rr	170	0.030	2016	04	22
D	Rr	231	0.041	2016	04	21
D	Rr	179	0.032	2016	04	20
D	Rr	132	0.023	2016	04	19
D	Rr	209	0.037	2016	04	18
D	Rr	104	0.018	2016	04	17
D	Rr	122	0.022	2016	04	16
D	Rr	197	0.035	2016	04	15
D	Rr	155	0.027	2016	04	14
D	Rr	179	0.032	2016	04	13
D	Rr	172	0.030	2016	04	12
D	Rr	265	0.047	2016	04	11
D	*BT	R	2131	2008	05	03
d	Rr	59754	10.549	Sun
d	Rr	87971	15.530	Mon
d	Rr	91830	16.212	Tue
d	Rr	88121	15.557	Wed
d	Rr	90329	15.947	Thu
d	Rr	82655	14.592	Fri
d	Rr	65787	11.614	Sat
H	Rr	5	0.001	2016	05	22	05
H	Rr	4	0.001	2016	05	22	04
H	Rr	2	0.000	2016	05	22	03
H	Rr	1	0.000	2016	05	22	02
H	Rr	0	0.000	2016	05	22	01
H	Rr	0	0.000	2016	05	22	00
H	Rr	1	0.000	2016	05	21	23
H	Rr	2	0.000	2016	05	21	22
H	Rr	7	0.001	2016	05	21	21
H	Rr	5	0.001	2016	05	21	20
H	Rr	15	0.003	2016	05	21	19
H	Rr	4	0.001	2016	05	21	18
H	Rr	8	0.001	2016	05	21	17
H	Rr	2	0.000	2016	05	21	16
H	Rr	1	0.000	2016	05	21	15
H	Rr	1	0.000	2016	05	21	14
H	Rr	1	0.000	2016	05	21	13
H	Rr	10	0.002	2016	05	21	12
H	Rr	3	0.001	2016	05	21	11
H	Rr	5	0.001	2016	05	21	10
H	Rr	9	0.002	2016	05	21	09
H	Rr	7	0.001	2016	05	21	08
H	Rr	0	0.000	2016	05	21	07
H	Rr	4	0.001	2016	05	21	06
H	Rr	5	0.001	2016	05	21	05
H	Rr	4	0.001	2016	05	21	04
H	Rr	8	0.001	2016	05	21	03
H	Rr	1	0.000	2016	05	21	02
H	Rr	4	0.001	2016	05	21	01
H	Rr	4	0.001	2016	05	21	00
H	Rr	12	0.002	2016	05	20	23
H	Rr	4	0.001	2016	05	20	22
H	Rr	6	0.001	2016	05	20	21
H	Rr	16	0.003	2016	05	20	20
H	Rr	1	0.000	2016	05	20	19
H	Rr	6	0.001	2016	05	20	18
H	Rr	20	0.004	2016	05	20	17
H	Rr	4	0.001	2016	05	20	16
H	Rr	18	0.003	2016	05	20	15
H	Rr	0	0.000	2016	05	20	14
H	Rr	4	0.001	2016	05	20	13
H	Rr	3	0.001	2016	05	20	12
H	Rr	7	0.001	2016	05	20	11
H	Rr	8	0.001	2016	05	20	10
H	Rr	2	0.000	2016	05	20	09
H	Rr	2	0.000	2016	05	20	08
H	Rr	5	0.001	2016	05	20	07
H	Rr	11	0.002	2016	05	20	06
H	Rr	5	0.001	2016	05	20	05
H	Rr	5	0.001	2016	05	20	04
H	Rr	0	0.000	2016	05	20	03
H	Rr	10	0.002	2016	05	20	02
H	Rr	6	0.001	2016	05	20	01
H	Rr	19	0.003	2016	05	20	00
H	Rr	6	0.001	2016	05	19	23
H	Rr	16	0.003	2016	05	19	22
H	Rr	12	0.002	2016	05	19	21
H	Rr	4	0.001	2016	05	19	20
H	Rr	17	0.003	2016	05	19	19
H	Rr	4	0.001	2016	05	19	18
H	Rr	5	0.001	2016	05	19	17
H	Rr	2	0.000	2016	05	19	16
H	Rr	3	0.001	2016	05	19	15
H	Rr	4	0.001	2016	05	19	14
H	Rr	8	0.001	2016	05	19	13
H	Rr	10	0.002	2016	05	19	12
H	Rr	15	0.003	2016	05	19	11
H	Rr	19	0.003	2016	05	19	10
H	Rr	4	0.001	2016	05	19	09
H	Rr	3	0.001	2016	05	19	08
H	Rr	2	0.000	2016	05	19	07
H	Rr	5	0.001	2016	05	19	06
H	*BT	R	634	2008	05	03	04
h	Rr	23184	4.093	00
h	Rr	21951	3.875	01
h	Rr	21850	3.857	02
h	Rr	20861	3.683	03
h	Rr	21070	3.720	04
h	Rr	19967	3.525	05
h	Rr	19181	3.386	06
h	Rr	18816	3.322	07
h	Rr	18199	3.213	08
h	Rr	17398	3.071	09
h	Rr	17385	3.069	10
h	Rr	18858	3.329	11
h	Rr	19952	3.522	12
h	Rr	21662	3.824	13
h	Rr	25132	4.437	14
h	Rr	27302	4.820	15
h	Rr	30131	5.319	16
h	Rr	30183	5.328	17
h	Rr	31879	5.628	18
h	Rr	31153	5.500	19
h	Rr	30394	5.366	20
h	Rr	29147	5.146	21
h	Rr	26523	4.682	22
h	Rr	24269	4.284	23
4	Rr	1	0.000	2016	05	22	05	45
4	Rr	3	0.001	2016	05	22	05	30
4	Rr	1	0.000	2016	05	22	05	15
4	Rr	0	0.000	2016	05	22	05	00
4	Rr	1	0.000	2016	05	22	04	45
4	Rr	0	0.000	2016	05	22	04	30
4	Rr	2	0.000	2016	05	22	04	15
4	Rr	1	0.000	2016	05	22	04	00
4	Rr	0	0.000	2016	05	22	03	45
4	Rr	1	0.000	2016	05	22	03	30
4	Rr	0	0.000	2016	05	22	03	15
4	Rr	1	0.000	2016	05	22	03	00
4	Rr	0	0.000	2016	05	22	02	45
4	Rr	1	0.000	2016	05	22	02	30
4	Rr	0	0.000	2016	05	22	02	15
4	Rr	0	0.000	2016	05	22	02	00
4	Rr	0	0.000	2016	05	22	01	45
4	Rr	0	0.000	2016	05	22	01	30
4	Rr	0	0.000	2016	05	22	01	15
4	Rr	0	0.000	2016	05	22	01	00
4	Rr	0	0.000	2016	05	22	00	45
4	Rr	0	0.000	2016	05	22	00	30
4	Rr	0	0.000	2016	05	22	00	15
4	Rr	0	0.000	2016	05	22	00	00
4	Rr	0	0.000	2016	05	21	23	45
4	Rr	0	0.000	2016	05	21	23	30
4	Rr	1	0.000	2016	05	21	23	15
4	Rr	0	0.000	2016	05	21	23	00
4	Rr	1	0.000	2016	05	21	22	45
4	Rr	1	0.000	2016	05	21	22	30
4	Rr	0	0.000	2016	05	21	22	15
4	Rr	0	0.000	2016	05	21	22	00
4	Rr	2	0.000	2016	05	21	21	45
4	Rr	3	0.001	2016	05	21	21	30
4	Rr	1	0.000	2016	05	21	21	15
4	Rr	1	0.000	2016	05	21	21	00
4	Rr	3	0.001	2016	05	21	20	45
4	Rr	0	0.000	2016	05	21	20	30
4	Rr	0	0.000	2016	05	21	20	15
4	Rr	2	0.000	2016	05	21	20	00
4	Rr	15	0.003	2016	05	21	19	45
4	Rr	0	0.000	2016	05	21	19	30
4	Rr	0	0.000	2016	05	21	19	15
4	Rr	0	0.000	2016	05	21	19	00
4	Rr	0	0.000	2016	05	21	18	45
4	Rr	0	0.000	2016	05	21	18	30
4	Rr	1	0.000	2016	05	21	18	15
4	Rr	3	0.001	2016	05	21	18	00
4	Rr	4	0.001	2016	05	21	17	45
4	Rr	2	0.000	2016	05	21	17	30
4	Rr	0	0.000	2016	05	21	17	15
4	Rr	2	0.000	2016	05	21	17	00
4	Rr	0	0.000	2016	05	21	16	45
4	Rr	2	0.000	2016	05	21	16	30
4	Rr	0	0.000	2016	05	21	16	15
4	Rr	0	0.000	2016	05	21	16	00
4	Rr	0	0.000	2016	05	21	15	45
4	Rr	0	0.000	2016	05	21	15	30
4	Rr	0	0.000	2016	05	21	15	15
4	Rr	1	0.000	2016	05	21	15	00
4	Rr	0	0.000	2016	05	21	14	45
4	Rr	0	0.000	2016	05	21	14	30
4	Rr	0	0.000	2016	05	21	14	15
4	Rr	1	0.000	2016	05	21	14	00
4	Rr	0	0.000	2016	05	21	13	45
4	Rr	0	0.000	2016	05	21	13	30
4	Rr	0	0.000	2016	05	21	13	15
4	Rr	1	0.000	2016	05	21	13	00
4	Rr	0	0.000	2016	05	21	12	45
4	Rr	1	0.000	2016	05	21	12	30
4	Rr	9	0.002	2016	05	21	12	15
4	Rr	0	0.000	2016	05	21	12	00
4	Rr	0	0.000	2016	05	21	11	45
4	Rr	0	0.000	2016	05	21	11	30
4	Rr	3	0.001	2016	05	21	11	15
4	Rr	0	0.000	2016	05	21	11	00
4	Rr	3	0.001	2016	05	21	10	45
4	Rr	1	0.000	2016	05	21	10	30
4	Rr	1	0.000	2016	05	21	10	15
4	Rr	0	0.000	2016	05	21	10	00
4	Rr	5	0.001	2016	05	21	09	45
4	Rr	1	0.000	2016	05	21	09	30
4	Rr	0	0.000	2016	05	21	09	15
4	Rr	3	0.001	2016	05	21	09	00
4	Rr	3	0.001	2016	05	21	08	45
4	Rr	2	0.000	2016	05	21	08	30
4	Rr	2	0.000	2016	05	21	08	15
4	Rr	0	0.000	2016	05	21	08	00
4	Rr	0	0.000	2016	05	21	07	45
4	Rr	0	0.000	2016	05	21	07	30
4	Rr	0	0.000	2016	05	21	07	15
4	Rr	0	0.000	2016	05	21	07	00
4	Rr	0	0.000	2016	05	21	06	45
4	Rr	0	0.000	2016	05	21	06	30
4	Rr	0	0.000	2016	05	21	06	15
4	Rr	4	0.001	2016	05	21	06	00
4	*BT	R	398	2008	05	03	03	30
6	Rr	5517	0.974	00	00
6	Rr	5989	1.057	00	15
6	Rr	5686	1.004	00	30
6	Rr	5992	1.058	00	45
6	Rr	5673	1.002	01	00
6	Rr	5476	0.967	01	15
6	Rr	5399	0.953	01	30
6	Rr	5403	0.954	01	45
6	Rr	5160	0.911	02	00
6	Rr	5856	1.034	02	15
6	Rr	5590	0.987	02	30
6	Rr	5244	0.926	02	45
6	Rr	5160	0.911	03	00
6	Rr	4864	0.859	03	15
6	Rr	5265	0.929	03	30
6	Rr	5572	0.984	03	45
6	Rr	5166	0.912	04	00
6	Rr	5478	0.967	04	15
6	Rr	4842	0.855	04	30
6	Rr	5584	0.986	04	45
6	Rr	4803	0.848	05	00
6	Rr	5235	0.924	05	15
6	Rr	5018	0.886	05	30
6	Rr	4911	0.867	05	45
6	Rr	4896	0.864	06	00
6	Rr	4994	0.882	06	15
6	Rr	4649	0.821	06	30
6	Rr	4642	0.819	06	45
6	Rr	4769	0.842	07	00
6	Rr	4932	0.871	07	15
6	Rr	4756	0.840	07	30
6	Rr	4359	0.770	07	45
6	Rr	4817	0.850	08	00
6	Rr	4247	0.750	08	15
6	Rr	4785	0.845	08	30
6	Rr	4350	0.768	08	45
6	Rr	4345	0.767	09	00
6	Rr	4558	0.805	09	15
6	Rr	4384	0.774	09	30
6	Rr	4111	0.726	09	45
6	Rr	4120	0.727	10	00
6	Rr	4162	0.735	10	15
6	Rr	4502	0.795	10	30
6	Rr	4601	0.812	10	45
6	Rr	5744	1.014	11	00
6	Rr	4455	0.786	11	15
6	Rr	4322	0.763	11	30
6	Rr	4337	0.766	11	45
6	Rr	5759	1.017	12	00
6	Rr	4494	0.793	12	15
6	Rr	4759	0.840	12	30
6	Rr	4940	0.872	12	45
6	Rr	5404	0.954	13	00
6	Rr	5254	0.928	13	15
6	Rr	5719	1.010	13	30
6	Rr	5285	0.933	13	45
6	Rr	6103	1.077	14	00
6	Rr	6316	1.115	14	15
6	Rr	6419	1.133	14	30
6	Rr	6294	1.111	14	45
6	Rr	6759	1.193	15	00
6	Rr	6464	1.141	15	15
6	Rr	6776	1.196	15	30
6	Rr	7303	1.289	15	45
6	Rr	7548	1.333	16	00
6	Rr	7210	1.273	16	15
6	Rr	7445	1.314	16	30
6	Rr	7928	1.400	16	45
6	Rr	7263	1.282	17	00
6	Rr	7767	1.371	17	15
6	Rr	7596	1.341	17	30
6	Rr	7557	1.334	17	45
6	Rr	7251	1.280	18	00
6	Rr	8130	1.435	18	15
6	Rr	8359	1.476	18	30
6	Rr	8139	1.437	18	45
6	Rr	8870	1.566	19	00
6	Rr	6881	1.215	19	15
6	Rr	7803	1.378	19	30
6	Rr	7599	1.342	19	45
6	Rr	7980	1.409	20	00
6	Rr	7299	1.289	20	15
6	Rr	7223	1.275	20	30
6	Rr	7892	1.393	20	45
6	Rr	7484	1.321	21	00
6	Rr	7115	1.256	21	15
6	Rr	7062	1.247	21	30
6	Rr	7486	1.322	21	45
6	Rr	6724	1.187	22	00
6	Rr	6924	1.222	22	15
6	Rr	6500	1.148	22	30
6	Rr	6375	1.125	22	45
6	Rr	6670	1.178	23	00
6	Rr	6093	1.076	23	15
6	Rr	5618	0.992	23	30
6	Rr	5888	1.039	23	45
5	Rr	1	0.000	2016	05	22	05	50
5	Rr	0	0.000	2016	05	22	05	45
5	Rr	1	0.000	2016	05	22	05	40
5	Rr	2	0.000	2016	05	22	05	35
5	Rr	0	0.000	2016	05	22	05	30
5	Rr	0	0.000	2016	05	22	05	25
5	Rr	1	0.000	2016	05	22	05	20
5	Rr	0	0.000	2016	05	22	05	15
5	Rr	0	0.000	2016	05	22	05	10
5	Rr	0	0.000	2016	05	22	05	05
5	Rr	0	0.000	2016	05	22	05	00
5	Rr	0	0.000	2016	05	22	04	55
5	Rr	1	0.000	2016	05	22	04	50
5	Rr	0	0.000	2016	05	22	04	45
5	Rr	0	0.000	2016	05	22	04	40
5	Rr	0	0.000	2016	05	22	04	35
5	Rr	0	0.000	2016	05	22	04	30
5	Rr	0	0.000	2016	05	22	04	25
5	Rr	0	0.000	2016	05	22	04	20
5	Rr	2	0.000	2016	05	22	04	15
5	Rr	0	0.000	2016	05	22	04	10
5	Rr	1	0.000	2016	05	22	04	05
5	Rr	0	0.000	2016	05	22	04	00
5	Rr	0	0.000	2016	05	22	03	55
5	Rr	0	0.000	2016	05	22	03	50
5	Rr	0	0.000	2016	05	22	03	45
5	Rr	1	0.000	2016	05	22	03	40
5	Rr	0	0.000	2016	05	22	03	35
5	Rr	0	0.000	2016	05	22	03	30
5	Rr	0	0.000	2016	05	22	03	25
5	Rr	0	0.000	2016	05	22	03	20
5	Rr	0	0.000	2016	05	22	03	15
5	Rr	0	0.000	2016	05	22	03	10
5	Rr	1	0.000	2016	05	22	03	05
5	Rr	0	0.000	2016	05	22	03	00
5	Rr	0	0.000	2016	05	22	02	55
5	Rr	0	0.000	2016	05	22	02	50
5	Rr	0	0.000	2016	05	22	02	45
5	Rr	1	0.000	2016	05	22	02	40
5	Rr	0	0.000	2016	05	22	02	35
5	Rr	0	0.000	2016	05	22	02	30
5	Rr	0	0.000	2016	05	22	02	25
5	Rr	0	0.000	2016	05	22	02	20
5	Rr	0	0.000	2016	05	22	02	15
5	Rr	0	0.000	2016	05	22	02	10
5	Rr	0	0.000	2016	05	22	02	05
5	Rr	0	0.000	2016	05	22	02	00
5	Rr	0	0.000	2016	05	22	01	55
5	Rr	0	0.000	2016	05	22	01	50
5	Rr	0	0.000	2016	05	22	01	45
5	Rr	0	0.000	2016	05	22	01	40
5	Rr	0	0.000	2016	05	22	01	35
5	Rr	0	0.000	2016	05	22	01	30
5	Rr	0	0.000	2016	05	22	01	25
5	Rr	0	0.000	2016	05	22	01	20
5	Rr	0	0.000	2016	05	22	01	15
5	Rr	0	0.000	2016	05	22	01	10
5	Rr	0	0.000	2016	05	22	01	05
5	Rr	0	0.000	2016	05	22	01	00
5	Rr	0	0.000	2016	05	22	00	55
5	Rr	0	0.000	2016	05	22	00	50
5	Rr	0	0.000	2016	05	22	00	45
5	Rr	0	0.000	2016	05	22	00	40
5	Rr	0	0.000	2016	05	22	00	35
5	Rr	0	0.000	2016	05	22	00	30
5	Rr	0	0.000	2016	05	22	00	25
5	Rr	0	0.000	2016	05	22	00	20
5	Rr	0	0.000	2016	05	22	00	15
5	Rr	0	0.000	2016	05	22	00	10
5	Rr	0	0.000	2016	05	22	00	05
5	Rr	0	0.000	2016	05	22	00	00
5	Rr	0	0.000	2016	05	21	23	55
5	Rr	0	0.000	2016	05	21	23	50
5	Rr	0	0.000	2016	05	21	23	45
5	Rr	0	0.000	2016	05	21	23	40
5	Rr	0	0.000	2016	05	21	23	35
5	Rr	0	0.000	2016	05	21	23	30
5	Rr	0	0.000	2016	05	21	23	25
5	Rr	0	0.000	2016	05	21	23	20
5	Rr	1	0.000	2016	05	21	23	15
5	Rr	0	0.000	2016	05	21	23	10
5	Rr	0	0.000	2016	05	21	23	05
5	Rr	0	0.000	2016	05	21	23	00
5	Rr	0	0.000	2016	05	21	22	55
5	Rr	0	0.000	2016	05	21	22	50
5	Rr	1	0.000	2016	05	21	22	45
5	Rr	1	0.000	2016	05	21	22	40
5	Rr	0	0.000	2016	05	21	22	35
5	Rr	0	0.000	2016	05	21	22	30
5	Rr	0	0.000	2016	05	21	22	25
5	Rr	0	0.000	2016	05	21	22	20
5	Rr	0	0.000	2016	05	21	22	15
5	Rr	0	0.000	2016	05	21	22	10
5	Rr	0	0.000	2016	05	21	22	05
5	Rr	0	0.000	2016	05	21	22	00
5	Rr	1	0.000	2016	05	21	21	55
5	Rr	0	0.000	2016	05	21	21	50
5	Rr	1	0.000	2016	05	21	21	45
5	Rr	1	0.000	2016	05	21	21	40
5	Rr	1	0.000	2016	05	21	21	35
5	Rr	1	0.000	2016	05	21	21	30
5	Rr	0	0.000	2016	05	21	21	25
5	Rr	1	0.000	2016	05	21	21	20
5	Rr	0	0.000	2016	05	21	21	15
5	Rr	0	0.000	2016	05	21	21	10
5	Rr	0	0.000	2016	05	21	21	05
5	Rr	1	0.000	2016	05	21	21	00
5	Rr	2	0.000	2016	05	21	20	55
5	Rr	0	0.000	2016	05	21	20	50
5	Rr	1	0.000	2016	05	21	20	45
5	Rr	0	0.000	2016	05	21	20	40
5	Rr	0	0.000	2016	05	21	20	35
5	Rr	0	0.000	2016	05	21	20	30
5	Rr	0	0.000	2016	05	21	20	25
5	Rr	0	0.000	2016	05	21	20	20
5	Rr	0	0.000	2016	05	21	20	15
5	Rr	1	0.000	2016	05	21	20	10
5	Rr	1	0.000	2016	05	21	20	05
5	Rr	0	0.000	2016	05	21	20	00
5	Rr	15	0.003	2016	05	21	19	55
5	Rr	0	0.000	2016	05	21	19	50
5	Rr	0	0.000	2016	05	21	19	45
5	Rr	0	0.000	2016	05	21	19	40
5	Rr	0	0.000	2016	05	21	19	35
5	Rr	0	0.000	2016	05	21	19	30
5	Rr	0	0.000	2016	05	21	19	25
5	Rr	0	0.000	2016	05	21	19	20
5	Rr	0	0.000	2016	05	21	19	15
5	Rr	0	0.000	2016	05	21	19	10
5	Rr	0	0.000	2016	05	21	19	05
5	Rr	0	0.000	2016	05	21	19	00
5	Rr	0	0.000	2016	05	21	18	55
5	Rr	0	0.000	2016	05	21	18	50
5	Rr	0	0.000	2016	05	21	18	45
5	Rr	0	0.000	2016	05	21	18	40
5	Rr	0	0.000	2016	05	21	18	35
5	Rr	0	0.000	2016	05	21	18	30
5	Rr	0	0.000	2016	05	21	18	25
5	Rr	0	0.000	2016	05	21	18	20
5	Rr	1	0.000	2016	05	21	18	15
5	Rr	1	0.000	2016	05	21	18	10
5	Rr	2	0.000	2016	05	21	18	05
5	Rr	0	0.000	2016	05	21	18	00
5	Rr	0	0.000	2016	05	21	17	55
5	Rr	3	0.001	2016	05	21	17	50
5	Rr	1	0.000	2016	05	21	17	45
5	Rr	2	0.000	2016	05	21	17	40
5	Rr	0	0.000	2016	05	21	17	35
5	Rr	0	0.000	2016	05	21	17	30
5	Rr	0	0.000	2016	05	21	17	25
5	Rr	0	0.000	2016	05	21	17	20
5	Rr	0	0.000	2016	05	21	17	15
5	Rr	1	0.000	2016	05	21	17	10
5	Rr	1	0.000	2016	05	21	17	05
5	Rr	0	0.000	2016	05	21	17	00
5	Rr	0	0.000	2016	05	21	16	55
5	Rr	0	0.000	2016	05	21	16	50
5	Rr	0	0.000	2016	05	21	16	45
5	Rr	2	0.000	2016	05	21	16	40
5	Rr	0	0.000	2016	05	21	16	35
5	Rr	0	0.000	2016	05	21	16	30
5	Rr	0	0.000	2016	05	21	16	25
5	Rr	0	0.000	2016	05	21	16	20
5	Rr	0	0.000	2016	05	21	16	15
5	Rr	0	0.000	2016	05	21	16	10
5	Rr	0	0.000	2016	05	21	16	05
5	Rr	0	0.000	2016	05	21	16	00
5	Rr	0	0.000	2016	05	21	15	55
5	Rr	0	0.000	2016	05	21	15	50
5	Rr	0	0.000	2016	05	21	15	45
5	Rr	0	0.000	2016	05	21	15	40
5	Rr	0	0.000	2016	05	21	15	35
5	Rr	0	0.000	2016	05	21	15	30
5	Rr	0	0.000	2016	05	21	15	25
5	Rr	0	0.000	2016	05	21	15	20
5	Rr	0	0.000	2016	05	21	15	15
5	Rr	1	0.000	2016	05	21	15	10
5	Rr	0	0.000	2016	05	21	15	05
5	Rr	0	0.000	2016	05	21	15	00
5	Rr	0	0.000	2016	05	21	14	55
5	Rr	0	0.000	2016	05	21	14	50
5	Rr	0	0.000	2016	05	21	14	45
5	Rr	0	0.000	2016	05	21	14	40
5	Rr	0	0.000	2016	05	21	14	35
5	Rr	0	0.000	2016	05	21	14	30
5	Rr	0	0.000	2016	05	21	14	25
5	Rr	0	0.000	2016	05	21	14	20
5	Rr	0	0.000	2016	05	21	14	15
5	Rr	1	0.000	2016	05	21	14	10
5	Rr	0	0.000	2016	05	21	14	05
5	Rr	0	0.000	2016	05	21	14	00
5	Rr	0	0.000	2016	05	21	13	55
5	Rr	0	0.000	2016	05	21	13	50
5	Rr	0	0.000	2016	05	21	13	45
5	Rr	0	0.000	2016	05	21	13	40
5	Rr	0	0.000	2016	05	21	13	35
5	Rr	0	0.000	2016	05	21	13	30
5	Rr	0	0.000	2016	05	21	13	25
5	Rr	0	0.000	2016	05	21	13	20
5	Rr	0	0.000	2016	05	21	13	15
5	Rr	0	0.000	2016	05	21	13	10
5	Rr	0	0.000	2016	05	21	13	05
5	Rr	1	0.000	2016	05	21	13	00
5	Rr	0	0.000	2016	05	21	12	55
5	Rr	0	0.000	2016	05	21	12	50
5	Rr	0	0.000	2016	05	21	12	45
5	Rr	0	0.000	2016	05	21	12	40
5	Rr	1	0.000	2016	05	21	12	35
5	Rr	0	0.000	2016	05	21	12	30
5	Rr	0	0.000	2016	05	21	12	25
5	Rr	9	0.002	2016	05	21	12	20
5	Rr	0	0.000	2016	05	21	12	15
5	Rr	0	0.000	2016	05	21	12	10
5	Rr	0	0.000	2016	05	21	12	05
5	Rr	0	0.000	2016	05	21	12	00
5	Rr	0	0.000	2016	05	21	11	55
5	Rr	0	0.000	2016	05	21	11	50
5	Rr	0	0.000	2016	05	21	11	45
5	Rr	0	0.000	2016	05	21	11	40
5	Rr	0	0.000	2016	05	21	11	35
5	Rr	0	0.000	2016	05	21	11	30
5	Rr	3	0.001	2016	05	21	11	25
5	Rr	0	0.000	2016	05	21	11	20
5	Rr	0	0.000	2016	05	21	11	15
5	Rr	0	0.000	2016	05	21	11	10
5	Rr	0	0.000	2016	05	21	11	05
5	Rr	0	0.000	2016	05	21	11	00
5	Rr	2	0.000	2016	05	21	10	55
5	Rr	0	0.000	2016	05	21	10	50
5	Rr	1	0.000	2016	05	21	10	45
5	Rr	1	0.000	2016	05	21	10	40
5	Rr	0	0.000	2016	05	21	10	35
5	Rr	0	0.000	2016	05	21	10	30
5	Rr	0	0.000	2016	05	21	10	25
5	Rr	0	0.000	2016	05	21	10	20
5	Rr	1	0.000	2016	05	21	10	15
5	Rr	0	0.000	2016	05	21	10	10
5	Rr	0	0.000	2016	05	21	10	05
5	Rr	0	0.000	2016	05	21	10	00
5	Rr	0	0.000	2016	05	21	09	55
5	Rr	5	0.001	2016	05	21	09	50
5	Rr	0	0.000	2016	05	21	09	45
5	Rr	0	0.000	2016	05	21	09	40
5	Rr	1	0.000	2016	05	21	09	35
5	Rr	0	0.000	2016	05	21	09	30
5	Rr	0	0.000	2016	05	21	09	25
5	Rr	0	0.000	2016	05	21	09	20
5	Rr	0	0.000	2016	05	21	09	15
5	Rr	0	0.000	2016	05	21	09	10
5	Rr	0	0.000	2016	05	21	09	05
5	Rr	3	0.001	2016	05	21	09	00
5	Rr	1	0.000	2016	05	21	08	55
5	Rr	1	0.000	2016	05	21	08	50
5	Rr	1	0.000	2016	05	21	08	45
5	Rr	0	0.000	2016	05	21	08	40
5	Rr	1	0.000	2016	05	21	08	35
5	Rr	1	0.000	2016	05	21	08	30
5	Rr	1	0.000	2016	05	21	08	25
5	Rr	1	0.000	2016	05	21	08	20
5	Rr	0	0.000	2016	05	21	08	15
5	Rr	0	0.000	2016	05	21	08	10
5	Rr	0	0.000	2016	05	21	08	05
5	Rr	0	0.000	2016	05	21	08	00
5	Rr	0	0.000	2016	05	21	07	55
5	Rr	0	0.000	2016	05	21	07	50
5	Rr	0	0.000	2016	05	21	07	45
5	Rr	0	0.000	2016	05	21	07	40
5	Rr	0	0.000	2016	05	21	07	35
5	Rr	0	0.000	2016	05	21	07	30
5	Rr	0	0.000	2016	05	21	07	25
5	Rr	0	0.000	2016	05	21	07	20
5	Rr	0	0.000	2016	05	21	07	15
5	Rr	0	0.000	2016	05	21	07	10
5	Rr	0	0.000	2016	05	21	07	05
5	Rr	0	0.000	2016	05	21	07	00
5	Rr	0	0.000	2016	05	21	06	55
5	Rr	0	0.000	2016	05	21	06	50
5	Rr	0	0.000	2016	05	21	06	45
5	Rr	0	0.000	2016	05	21	06	40
5	Rr	0	0.000	2016	05	21	06	35
5	Rr	0	0.000	2016	05	21	06	30
5	Rr	0	0.000	2016	05	21	06	25
5	Rr	0	0.000	2016	05	21	06	20
5	Rr	0	0.000	2016	05	21	06	15
5	Rr	0	0.000	2016	05	21	06	10
5	Rr	4	0.001	2016	05	21	06	05
5	Rr	0	0.000	2016	05	21	06	00
5	Rr	1	0.000	2016	05	21	05	55
5	*BT	R	252	2009	11	23	07	25
7	Rr	1816	0.321	00	00
7	Rr	2000	0.353	00	05
7	Rr	1701	0.300	00	10
7	Rr	1651	0.291	00	15
7	Rr	2086	0.368	00	20
7	Rr	2252	0.398	00	25
7	Rr	1849	0.326	00	30
7	Rr	1923	0.339	00	35
7	Rr	1914	0.338	00	40
7	Rr	1955	0.345	00	45
7	Rr	2262	0.399	00	50
7	Rr	1775	0.313	00	55
7	Rr	1665	0.294	01	00
7	Rr	1877	0.331	01	05
7	Rr	2131	0.376	01	10
7	Rr	1739	0.307	01	15
7	Rr	2057	0.363	01	20
7	Rr	1680	0.297	01	25
7	Rr	1699	0.300	01	30
7	Rr	1881	0.332	01	35
7	Rr	1819	0.321	01	40
7	Rr	1747	0.308	01	45
7	Rr	1671	0.295	01	50
7	Rr	1985	0.350	01	55
7	Rr	1642	0.290	02	00
7	Rr	1737	0.307	02	05
7	Rr	1781	0.314	02	10
7	Rr	2079	0.367	02	15
7	Rr	1831	0.323	02	20
7	Rr	1946	0.344	02	25
7	Rr	1894	0.334	02	30
7	Rr	2034	0.359	02	35
7	Rr	1662	0.293	02	40
7	Rr	1847	0.326	02	45
7	Rr	1545	0.273	02	50
7	Rr	1852	0.327	02	55
7	Rr	1723	0.304	03	00
7	Rr	1711	0.302	03	05
7	Rr	1726	0.305	03	10
7	Rr	1658	0.293	03	15
7	Rr	1720	0.304	03	20
7	Rr	1486	0.262	03	25
7	Rr	1706	0.301	03	30
7	Rr	1705	0.301	03	35
7	Rr	1854	0.327	03	40
7	Rr	2009	0.355	03	45
7	Rr	1728	0.305	03	50
7	Rr	1835	0.324	03	55
7	Rr	1663	0.294	04	00
7	Rr	1646	0.291	04	05
7	Rr	1857	0.328	04	10
7	Rr	1899	0.335	04	15
7	Rr	1976	0.349	04	20
7	Rr	1603	0.283	04	25
7	Rr	1792	0.316	04	30
7	Rr	1507	0.266	04	35
7	Rr	1543	0.272	04	40
7	Rr	2260	0.399	04	45
7	Rr	1698	0.300	04	50
7	Rr	1626	0.287	04	55
7	Rr	1556	0.275	05	00
7	Rr	1396	0.246	05	05
7	Rr	1851	0.327	05	10
7	Rr	1652	0.292	05	15
7	Rr	1793	0.317	05	20
7	Rr	1790	0.316	05	25
7	Rr	1897	0.335	05	30
7	Rr	1711	0.302	05	35
7	Rr	1410	0.249	05	40
7	Rr	1646	0.291	05	45
7	Rr	1607	0.284	05	50
7	Rr	1658	0.293	05	55
7	Rr	1521	0.269	06	00
7	Rr	1689	0.298	06	05
7	Rr	1686	0.298	06	10
7	Rr	1716	0.303	06	15
7	Rr	1681	0.297	06	20
7	Rr	1597	0.282	06	25
7	Rr	1411	0.249	06	30
7	Rr	1431	0.253	06	35
7	Rr	1807	0.319	06	40
7	Rr	1713	0.302	06	45
7	Rr	1474	0.260	06	50
7	Rr	1455	0.257	06	55
7	Rr	1825	0.322	07	00
7	Rr	1442	0.255	07	05
7	Rr	1502	0.265	07	10
7	Rr	1428	0.252	07	15
7	Rr	1682	0.297	07	20
7	Rr	1822	0.322	07	25
7	Rr	1802	0.318	07	30
7	Rr	1512	0.267	07	35
7	Rr	1442	0.255	07	40
7	Rr	1463	0.258	07	45
7	Rr	1444	0.255	07	50
7	Rr	1452	0.256	07	55
7	Rr	1564	0.276	08	00
7	Rr	1677	0.296	08	05
7	Rr	1576	0.278	08	10
7	Rr	1374	0.243	08	15
7	Rr	1361	0.240	08	20
7	Rr	1512	0.267	08	25
7	Rr	1774	0.313	08	30
7	Rr	1518	0.268	08	35
7	Rr	1493	0.264	08	40
7	Rr	1438	0.254	08	45
7	Rr	1401	0.247	08	50
7	Rr	1511	0.267	08	55
7	Rr	1444	0.255	09	00
7	Rr	1540	0.272	09	05
7	Rr	1361	0.240	09	10
7	Rr	1341	0.237	09	15
7	Rr	1584	0.280	09	20
7	Rr	1633	0.288	09	25
7	Rr	1616	0.285	09	30
7	Rr	1322	0.233	09	35
7	Rr	1446	0.255	09	40
7	Rr	1406	0.248	09	45
7	Rr	1294	0.228	09	50
7	Rr	1411	0.249	09	55
7	Rr	1389	0.245	10	00
7	Rr	1301	0.230	10	05
7	Rr	1430	0.252	10	10
7	Rr	1397	0.247	10	15
7	Rr	1318	0.233	10	20
7	Rr	1447	0.255	10	25
7	Rr	1410	0.249	10	30
7	Rr	1457	0.257	10	35
7	Rr	1635	0.289	10	40
7	Rr	1554	0.274	10	45
7	Rr	1451	0.256	10	50
7	Rr	1596	0.282	10	55
7	Rr	2382	0.421	11	00
7	Rr	1876	0.331	11	05
7	Rr	1486	0.262	11	10
7	Rr	1468	0.259	11	15
7	Rr	1487	0.263	11	20
7	Rr	1500	0.265	11	25
7	Rr	1493	0.264	11	30
7	Rr	1246	0.220	11	35
7	Rr	1583	0.279	11	40
7	Rr	1355	0.239	11	45
7	Rr	1447	0.255	11	50
7	Rr	1535	0.271	11	55
7	Rr	2116	0.374	12	00
7	Rr	1884	0.333	12	05
7	Rr	1759	0.311	12	10
7	Rr	1508	0.266	12	15
7	Rr	1481	0.261	12	20
7	Rr	1505	0.266	12	25
7	Rr	1554	0.274	12	30
7	Rr	1505	0.266	12	35
7	Rr	1700	0.300	12	40
7	Rr	1732	0.306	12	45
7	Rr	1582	0.279	12	50
7	Rr	1626	0.287	12	55
7	Rr	1755	0.310	13	00
7	Rr	1826	0.322	13	05
7	Rr	1823	0.322	13	10
7	Rr	1856	0.328	13	15
7	Rr	1658	0.293	13	20
7	Rr	1740	0.307	13	25
7	Rr	1973	0.348	13	30
7	Rr	1937	0.342	13	35
7	Rr	1809	0.319	13	40
7	Rr	1514	0.267	13	45
7	Rr	1798	0.317	13	50
7	Rr	1973	0.348	13	55
7	Rr	1805	0.319	14	00
7	Rr	2246	0.397	14	05
7	Rr	2052	0.362	14	10
7	Rr	2044	0.361	14	15
7	Rr	2190	0.387	14	20
7	Rr	2082	0.368	14	25
7	Rr	2408	0.425	14	30
7	Rr	2174	0.384	14	35
7	Rr	1837	0.324	14	40
7	Rr	1978	0.349	14	45
7	Rr	2071	0.366	14	50
7	Rr	2245	0.396	14	55
7	Rr	2149	0.379	15	00
7	Rr	2424	0.428	15	05
7	Rr	2186	0.386	15	10
7	Rr	2202	0.389	15	15
7	Rr	2000	0.353	15	20
7	Rr	2262	0.399	15	25
7	Rr	2301	0.406	15	30
7	Rr	2215	0.391	15	35
7	Rr	2260	0.399	15	40
7	Rr	2256	0.398	15	45
7	Rr	2495	0.440	15	50
7	Rr	2552	0.451	15	55
7	Rr	2622	0.463	16	00
7	Rr	2599	0.459	16	05
7	Rr	2327	0.411	16	10
7	Rr	2565	0.453	16	15
7	Rr	2405	0.425	16	20
7	Rr	2240	0.395	16	25
7	Rr	2386	0.421	16	30
7	Rr	2555	0.451	16	35
7	Rr	2504	0.442	16	40
7	Rr	2648	0.467	16	45
7	Rr	2654	0.469	16	50
7	Rr	2626	0.464	16	55
7	Rr	2454	0.433	17	00
7	Rr	2368	0.418	17	05
7	Rr	2441	0.431	17	10
7	Rr	2520	0.445	17	15
7	Rr	2687	0.474	17	20
7	Rr	2560	0.452	17	25
7	Rr	2693	0.475	17	30
7	Rr	2540	0.448	17	35
7	Rr	2363	0.417	17	40
7	Rr	2540	0.448	17	45
7	Rr	2708	0.478	17	50
7	Rr	2309	0.408	17	55
7	Rr	2357	0.416	18	00
7	Rr	2210	0.390	18	05
7	Rr	2684	0.474	18	10
7	Rr	2721	0.480	18	15
7	Rr	2528	0.446	18	20
7	Rr	2881	0.509	18	25
7	Rr	2746	0.485	18	30
7	Rr	2800	0.494	18	35
7	Rr	2813	0.497	18	40
7	Rr	2784	0.491	18	45
7	Rr	2681	0.473	18	50
7	Rr	2674	0.472	18	55
7	Rr	3225	0.569	19	00
7	Rr	2919	0.515	19	05
7	Rr	2726	0.481	19	10
7	Rr	2244	0.396	19	15
7	Rr	2421	0.427	19	20
7	Rr	2216	0.391	19	25
7	Rr	2593	0.458	19	30
7	Rr	2761	0.487	19	35
7	Rr	2449	0.432	19	40
7	Rr	2707	0.478	19	45
7	Rr	2422	0.428	19	50
7	Rr	2470	0.436	19	55
7	Rr	2679	0.473	20	00
7	Rr	2707	0.478	20	05
7	Rr	2594	0.458	20	10
7	Rr	2222	0.392	20	15
7	Rr	2533	0.447	20	20
7	Rr	2544	0.449	20	25
7	Rr	2275	0.402	20	30
7	Rr	2312	0.408	20	35
7	Rr	2636	0.465	20	40
7	Rr	2956	0.522	20	45
7	Rr	2489	0.439	20	50
7	Rr	2447	0.432	20	55
7	Rr	2645	0.467	21	00
7	Rr	2336	0.412	21	05
7	Rr	2503	0.442	21	10
7	Rr	2359	0.416	21	15
7	Rr	2160	0.381	21	20
7	Rr	2596	0.458	21	25
7	Rr	2383	0.421	21	30
7	Rr	2371	0.419	21	35
7	Rr	2308	0.407	21	40
7	Rr	2524	0.446	21	45
7	Rr	2588	0.457	21	50
7	Rr	2374	0.419	21	55
7	Rr	2339	0.413	22	00
7	Rr	2089	0.369	22	05
7	Rr	2296	0.405	22	10
7	Rr	2112	0.373	22	15
7	Rr	2493	0.440	22	20
7	Rr	2319	0.409	22	25
7	Rr	2234	0.394	22	30
7	Rr	2216	0.391	22	35
7	Rr	2050	0.362	22	40
7	Rr	1986	0.351	22	45
7	Rr	2137	0.377	22	50
7	Rr	2252	0.398	22	55
7	Rr	2476	0.437	23	00
7	Rr	2142	0.378	23	05
7	Rr	2052	0.362	23	10
7	Rr	2080	0.367	23	15
7	Rr	2050	0.362	23	20
7	Rr	1963	0.347	23	25
7	Rr	1824	0.322	23	30
7	Rr	1959	0.346	23	35
7	Rr	1835	0.324	23	40
7	Rr	1943	0.343	23	45
7	Rr	2130	0.376	23	50
7	Rr	1815	0.320	23	55
o	*f	0R	r
o	lRQ	1	566447	817546991	[unresolved numerical addresses]
Z	*f	-20R	r
Z	lRb	1	36952	3.089	69
Z	lRb	1	29120	3.482	66.249
Z	lRb	1	14092	2.738	76
Z	lRb	1	12101	3.501	157.55
Z	lRb	1	9633	0.837	46
Z	lRb	1	9298	1.431	74
Z	lRb	1	8689	1.173	75
Z	lRb	1	8510	1.637	72
Z	lRb	1	8268	0.758	71
Z	lRb	1	7905	1.342	65.55
Z	lRb	1	7635	1.524	123
Z	lRb	1	7591	1.165	124
Z	lRb	1	6311	1.427	207.46
Z	lRb	1	6077	0.068	178.137
Z	lRb	1	6037	1.383	67.181
Z	lRb	1	5995	1.575	91
Z	lRb	1	5964	1.304	94
Z	lRb	1	5962	1.263	192.99
Z	lRb	1	5944	2.389	70
Z	lRb	1	5874	0.706	95
Z	lRb	1	358489	67.210	[not listed: 6726]
S	*f	-50P	r
S	Rb	4702	1.051	14.33.246.211
S	Rb	3248	0.657	192.99.15.146
S	Rb	2341	0.363	100.43.83.148
S	Rb	1992	0.182	66.249.75.109
S	Rb	1829	0.397	37.59.14.116
S	Rb	1597	0.347	78.155.138.20
S	Rb	1543	0.196	199.21.99.79
S	Rb	1459	0.027	92.249.127.111
S	Rb	1391	0.407	75.98.173.33
S	Rb	1270	0.173	95.108.248.29
S	Rb	1230	0.307	208.115.113.82
S	Rb	1227	0.109	205.203.134.197
S	Rb	1142	0.002	91.207.9.226
S	Rb	1107	0.044	66.249.69.97
S	Rb	1044	0.038	66.249.69.81
S	Rb	1039	0.041	66.249.69.89
S	Rb	1024	0.197	95.108.150.235
S	Rb	1012	0.218	192.99.6.132
S	Rb	978	0.075	66.249.69.192
S	Rb	957	0.487	199.21.99.197
S	Rb	951	0.166	66.249.73.133
S	Rb	903	0.270	67.195.112.86
S	Rb	815	0.079	178.63.23.80
S	Rb	791	0.172	192.99.7.55
S	Rb	777	0.003	193.150.120.14
S	Rb	736	0.034	66.249.69.176
S	Rb	704	0.003	109.120.157.179
S	Rb	703	0.116	208.115.113.92
S	Rb	698	0.067	220.181.125.162
S	Rb	694	0.102	78.155.138.30
S	Rb	692	0.033	66.249.69.160
S	Rb	664	0.144	94.23.59.173
S	Rb	649	0.141	46.105.74.59
S	Rb	640	0.103	74.84.218.242
S	Rb	627	0.041	66.249.65.205
S	Rb	627	0.031	66.249.65.219
S	Rb	622	0.042	66.249.65.212
S	Rb	612	0.063	66.249.73.80
S	Rb	609	0.132	94.23.215.29
S	Rb	607	0.045	66.249.75.223
S	Rb	603	0.043	66.249.75.215
S	Rb	593	0.046	66.249.75.231
S	Rb	585	0.127	94.23.35.157
S	Rb	584	0.017	195.242.218.133
S	Rb	567	0.002	37.139.52.23
S	Rb	564	0.003	213.110.133.221
S	Rb	545	0.047	95.108.151.244
S	Rb	497	0.105	208.115.111.246
S	Rb	494	0.102	151.138.13.244
S	Rb	489	0.003	91.207.4.206
S	Rb	514673	92.397	[not listed: 50138]
s	*FR	2013	12	18	21	53
s	*LR	2016	05	22	05	40
s	*f	-20R	s
s	lRS	1	61423	334	http://www.gtaeronautics.com/
s	lRS	1	13694	54	http://gtaeronautics.com/
s	lRS	1	1302	8	https://www.google.com/
s	lRS	1	769	7	http://www.trainingindustry.com/
s	lRS	1	1167	5	http://www.google.com/
s	lRS	1	169	3	http://www.thomasnet.com/
s	lRS	1	443	1	http://www.baidu.com/
s	lRS	1	609	0	http://www.mfgpages.com/
s	lRS	1	601	0	http://www.openfos.com/
s	lRS	1	517	0	http://www.topicway.com/
s	lRS	1	362	0	http://semalt.semalt.com/
s	lRS	1	301	0	http://chimiver.info/
s	lRS	1	262	0	http://google.co.jp/
s	lRS	1	240	0	http://www.bing.com/
s	lRS	1	234	0	http://www.artparquet.ru/
s	lRS	1	192	0	http://buttons-for-website.com/
s	lRS	1	188	0	http://doska-vsem.ru/
s	lRS	1	162	0	https://www.google.co.in/
s	lRS	1	161	0	http://pornogig.com/
s	lRS	1	127	0	http://success-seo.com/
s	lRS	1	19664	118	[not listed: 2127]
f	*FR	2013	12	18	21	53
f	*LR	2016	05	22	05	40
f	*f	-30R	s
f	lRS	1	34646	236	http://www.gtaeronautics.com/
f	lRS	1	1970	30	http://gtaeronautics.com/IndNews.html
f	lRS	1	9450	16	http://gtaeronautics.com/
f	lRS	1	3183	14	http://www.gtaeronautics.com/aboutus.html
f	lRS	1	1610	12	http://www.gtaeronautics.com/uasfc.html
f	lRS	1	3655	11	http://www.gtaeronautics.com/CCT&M.html
f	lRS	1	1491	11	http://www.gtaeronautics.com/index.html
f	lRS	1	1571	8	http://www.gtaeronautics.com/ConsultingA.html
f	lRS	1	3093	7	http://www.gtaeronautics.com/UASFC.html
f	lRS	1	1203	7	https://www.google.com/
f	lRS	1	769	7	http://www.trainingindustry.com/
f	lRS	1	451	5	http://www.gtaeronautics.com/indevents.html
f	lRS	1	607	4	http://www.gtaeronautics.com/links.html
f	lRS	1	797	3	http://www.gtaeronautics.com/RD.html
f	lRS	1	698	3	http://www.google.com/url
f	lRS	1	572	3	http://www.gtaeronautics.com/cfmt.html
f	lRS	1	962	2	http://www.gtaeronautics.com/CFMT.html
f	lRS	1	464	2	http://gtaeronautics.com/aboutus.html
f	lRS	1	421	1	http://www.baidu.com/s
f	lRS	1	356	1	http://www.gtaeronautics.com/FAQ.html
f	lRS	1	1305	0	http://www.gtaeronautics.com/pna.html
f	lRS	1	850	0	http://www.gtaeronautics.com/compnews.html
f	lRS	1	777	0	http://www.gtaeronautics.com/consultinga.html
f	lRS	1	763	0	http://www.gtaeronautics.com/CompNews.html
f	lRS	1	701	0	http://www.gtaeronautics.com/IndNews.html
f	lRS	1	523	0	http://www.mfgpages.com/company/GT-AERONAUTICS-LLC-in-CALIFORNIA-USA-5886132/
f	lRS	1	517	0	http://www.openfos.com/supply/5640989-GT-AERONAUTICS-LLC-in-SIMI-VALLEY-CA/
f	lRS	1	517	0	http://www.topicway.com/companies/100676618/GT-AERONAUTICS-LLC-in-SIMI-VALLEY-CA.htm
f	lRS	1	440	0	http://www.gtaeronautics.com/cct&m.html
f	lRS	1	362	0	http://semalt.semalt.com/crawler.php
f	lRS	1	27863	147	[not listed: 2475]
n	*FR	2013	12	19	00	28
n	*LR	2016	05	18	08	58
n	*f	0.500000%Q	s
n	Rq	26	3.226	aeronautical
n	Rq	5	0.806	faa
n	Rq	23	3.226	gt
n	Rq	20	1.613	in
n	Rq	15	0.645	manufacturing
n	Rq	14	2.258	6
n	Rq	28	3.871	engineering
n	Rq	8	1.129	drawings
n	Rq	64	0.968	outlet
n	Rq	28	3.871	texan
n	Rq	4	0.645	engineer
n	Rq	6	0.968	aircraft
n	Rq	32	0.806	luggage
n	Rq	175	2.742	vuitton
n	Rq	5	0.806	uas
n	Rq	10	1.613	uav
n	Rq	3	0.645	drone
n	Rq	7	1.129	fiberglass
n	Rq	4	0.645	onboard
n	Rq	21	2.097	simi
n	Rq	17	2.097	at6
n	Rq	8	1.129	extreme
n	Rq	6	0.806	molding
n	Rq	126	1.129	fashion
n	Rq	175	2.742	louis
n	Rq	4	0.645	starter
n	Rq	14	0.645	cheap
n	Rq	10	1.452	bme
n	Rq	25	3.548	http://www.gtaeronautics.com/
n	Rq	145	3.065	valley
n	Rq	5	0.645	pglm
n	Rq	23	3.065	drawing
n	Rq	8	1.129	aerospace
n	Rq	4	0.645	unmanned
n	Rq	16	2.742	aeronautics
n	Rq	20	0.645	ca
n	Rq	13	2.097	at
n	Rq	5	0.806	techniques
n	Rq	4	0.645	quotes
n	Rq	9	1.290	bandito
n	Rq	107	0.645	phone
n	Rq	459	34.677	[not listed: 173]
N	*FR	2013	12	19	00	28
N	*LR	2016	05	18	08	58
N	*f	-200Q	s
N	RQ	6	9418	content
N	RQ	25	207174	http://www.gtaeronautics.com/
N	RQ	14	113004	aeronautical engineering drawing
N	RQ	9	94170	gt aeronautics
N	RQ	9	84753	at 6 texan
N	RQ	8	75336	at6 texan
N	RQ	7	56502	bme extreme
N	RQ	7	56502	aerospace engineering drawings
N	RQ	5	37668	bandito pglm
N	RQ	6	37668	texan at6
N	RQ	11	28251	www.gtaeronautics.com
N	RQ	3	28251	onboard starter
N	RQ	3	28251	bandito uav
N	RQ	2	18834	fiberglass molding techniques
N	RQ	19	18834	louis vuitton luggage outlet
N	RQ	10	18834	louis vuitton fashion valley phone
N	RQ	97	18834	louis vuitton fashion valley phone number
N	RQ	2	18834	texan at 6
N	RQ	18	18834	louis vuitton fashion valley ca
N	RQ	6	18834	manufacturing aeronautical prototypes
N	RQ	1	9417	mitsubishi zero
N	RQ	1	9417	uavs flying over simi valley ca
N	RQ	1	9417	gt aeronautics simi valley california
N	RQ	2	9417	what is gt in basic engineering drawing
N	RQ	1	9417	aeronautical engineer quote
N	RQ	2	9417	composite molding
N	RQ	1	9417	does aeronautical engineering require drawing?
N	RQ	1	9417	aeronautics in simi valley and security work
N	RQ	1	9417	crew flight gta
N	RQ	2	9417	http://gtaeronautics.com/
N	RQ	1	9417	how to do gt in engineering drawing
N	RQ	1	9417	aeronautical engineer quotes
N	RQ	1	9417	110cc engine timing
N	RQ	2	9417	http://www.gtaeronautics.com/compnews.html
N	RQ	1	9417	the government college g.t aeronautics
N	RQ	1	9417	bme engine
N	RQ	1	9417	uas gcs
N	RQ	1	9417	a t 6
N	RQ	1	9417	http://www.gtaeronautics.com/indnews.html
N	RQ	1	9417	gt aeronautics unmanned air
N	RQ	1	9417	aero iron mentioned nanotechnology hummingbird uav
N	RQ	1	9417	basic fiberglass techniques
N	RQ	1	9417	fia gt composite tooling
N	RQ	1	9417	uas pilot certification
N	RQ	1	9417	http://gtaeronautics.com/indnews.html
N	RQ	1	9417	finnemeccia co
N	RQ	2	9417	drawing for customer satisfaction
N	RQ	1	9417	quotes on aeronautical engineers
N	RQ	1	9417	payload for diamond northrop twin engie aircraft
N	RQ	1	9417	cheap louis vuitton speedy handbag.com
N	RQ	1	9417	at 6
N	RQ	1	9417	bme 110
N	RQ	1	9417	uav commercial crew stations
N	RQ	1	9417	thomas w rullman gt aeronautics
N	RQ	1	9417	da42 mpp microwave downlink bandwidth
N	RQ	1	9417	luggages for sale
N	RQ	2	9417	easylifeapp profile
N	RQ	1	9417	anti ice de ice qinetiq zephyr
N	RQ	2	9417	simi gt
N	RQ	4	9417	louis%20vuitton%20fashion%20valley%20phone%20number
N	RQ	1	9417	heavy equipment operator jobs
N	RQ	1	9417	eengineer drawing home
N	RQ	1	9417	cheap louis vuitton luggage
N	RQ	1	9417	aero space drone simi valley
N	RQ	1	9417	faa uas pilot certification
N	RQ	1	9417	2 stroke electric onboard starter
N	RQ	1	9417	any flying crews in gta
N	RQ	1	9417	skyforce observer mk3
N	RQ	1	9417	simi valley unmanned aircraft
N	RQ	2	9417	granger whitelaw avia
N	RQ	1	9417	louis vuitton fashion valley neverfull
N	RQ	1	9417	louis vuitton job opportunities
N	RQ	1	9417	fiber glass molding job
N	RQ	1	9417	aerospace drawing
N	RQ	1	9417	google.com
N	RQ	1	9417	aircraft design consultant
N	RQ	1	9417	www.gt airplane.com
N	RQ	1	9417	uas operation training method
N	RQ	3	9417	gt in aeronotics
N	RQ	1	9417	tom rullman
N	RQ	1	9417	gt aeronautics simi valley ca
N	RQ	2	9417	wmaid.com explore gtaeronautics.com
N	RQ	1	9417	drone base in simi valley
N	RQ	1	9417	custum muffler 110cc
N	RQ	1	9417	glass manufacturing drawings
N	RQ	1	9417	electric motors x male uav x sale
N	RQ	1	9417	aerospacecompanies in simi valley
N	RQ	1	9417	fiberglass molding
N	RQ	1	9417	fiberglass mold making techniques
N	RQ	1	9417	taranis ucav
N	RQ	1	9417	vegas drone uav show december 2015
N	RQ	1	9417	rpa instrument qualification faa instrument rating
N	RQ	1	9417	extreme bme
N	RQ	1	9417	uav companies in simi valley
N	RQ	1	9417	uas faa maintenance
N	RQ	1	9417	unmanned aircraft systems pilot training
N	RQ	2	9417	installerex facebook
N	RQ	1	9417	aeronautic engineer
N	RQ	3	9417	texan at6 photos
N	RQ	30	9417	designer handbags outlet sale
N	RQ	1	9417	rpas qulificationa traing with faa
N	RQ	1	9417	louis vuitton neverfull
N	RQ	1	9417	faa uav training
N	RQ	1	9417	uav companies simi valley
N	RQ	5	9417	louis vuitton purses outlet
N	RQ	1	9417	cheap louis vuitton luggage outlet
N	RQ	1	9417	tobbot
N	RQ	1	9417	radius tdw efi fuze
N	RQ	8	9417	manufacturing equipment store in simi valley
N	RQ	1	9417	aeronautic engineer quotes
N	RQ	1	9417	onbordstarter
N	RQ	1	9417	fiberglass techniques
N	RQ	1	9417	rotax amphibian unmanned china
N	RQ	1	9417	aircraft companies in simi valley
N	RQ	1	9417	custom fiberglass moldings
N	RQ	11	9417	louis vuitton luggage cheap
N	RQ	1	9417	anything
N	RQ	1	9417	aeronautical engineering quotes
N	RQ	1	9417	aeronautical engineering sketches
N	RQ	1	9417	gtaeronautics.com
N	RQ	1	9417	giant scale ziroli at 6
N	RQ	9	9417	outlet louis vuitton handbags
N	RQ	1	9417	drawing aircraft engineering
N	RQ	1	9417	gt aeronautics bandito
N	RQ	1	9417	cowling drawing
B	*f	-40R	r
B	Rb	20495	2.298	Mozilla/5.0 (compatible; Googlebot/2.1;  http://www.google.com/bot.html)
B	Rb	18349	4.236	Mozilla/5.0 (compatible; bingbot/2.0;  http://www.bing.com/bingbot.htm)
B	Rb	10829	2.422	Mozilla/4.0 (compatible; MSIE 6.0; Windows NT 5.1; SV1)
B	Rb	8061	3.193	Mozilla/4.0 (compatible; MSIE 7.0; Windows NT 5.1; .NET CLR 1.1.4322; .NET CLR 2.0.50727)
B	Rb	7047	0.750	Mozilla/4.0 (compatible; MSIE 6.0; Windows NT 5.1; SV1; .NET CLR 2.0.50727)
B	Rb	6996	1.220	Mozilla/5.0 (compatible; Baiduspider/2.0;  http://www.baidu.com/search/spider.html)
B	Rb	6973	1.366	Mozilla/5.0 (compatible; Yahoo! Slurp; http://help.yahoo.com/help/us/ysearch/slurp)
B	Rb	6573	1.566	Mozilla/5.0 (compatible; YandexBot/3.0;  http://yandex.com/bots)
B	Rb	6164	0.159	Mozilla/4.0 (compatible; MSIE 7.0; Windows NT 5.1; .NET CLR 1.1.4322; .NET CLR 2.0.50727; .NET CLR 3.0.4506.2152; .NET CLR 3.5.30729)
B	Rb	6148	1.243	Mozilla/4.0 (compatible; MSIE 7.0; Windows NT 6.1; WOW64; Trident/5.0; SLCC2; .NET CLR 2.0.50727; .NET CLR 3.5.30729; .NET CLR 3.0.30729; Media Center PC 6.0; .NET4.0C; .NET4.0E)
B	Rb	5848	0.938	Sosospider ( http://help.soso.com/webspider.htm)
B	Rb	5765	0.288	Mozilla/4.0 (compatible;)
B	Rb	5761	1.094	Mozilla/4.0 (compatible; MSIE 6.0; Windows NT 5.1)
B	Rb	5436	1.067	Mozilla/5.0 (Windows; U; Windows NT 5.1; en-US; rv:1.7.2) Gecko/20040804 Netscape/7.2 (ax)
B	Rb	5305	0.456	Mozilla/4.0 (compatible; MSIE 7.0; Windows NT 5.1; .NET CLR 1.1.4322; .NET CLR 2.0.50727; .NET CLR 3.0.04506.30)
B	Rb	5164	1.123	Mozilla/4.0 (compatible; MSIE 7.0; Windows NT 5.1)
B	Rb	5078	0.423	Mozilla/5.0 (Windows NT 6.1; WOW64) AppleWebKit/537.36 (KHTML, like Gecko) Chrome/36.0.1985.143 Safari/537.36
B	Rb	4624	0.395	Mozilla/5.0 (compatible; MSIE 9.0; Windows NT 6.1; WOW64; Trident/5.0)
B	Rb	4446	0.624	Mozilla/5.0 (compatible; Yahoo! Slurp/3.0; http://help.yahoo.com/help/us/ysearch/slurp)
B	Rb	4368	0.123	Mozilla/4.0 (compatible; MSIE 7.0; Windows NT 5.1; .NET CLR 2.0.50727; .NET CLR 3.0.4506.2152; .NET CLR 3.5.30729)
B	Rb	3886	0.350	Mozilla/5.0 (Windows NT 6.1; WOW64; Trident/7.0; rv:11.0) like Gecko
B	Rb	3722	0.093	Googlebot-Image/1.0
B	Rb	3400	0.512	Mozilla/4.0 (compatible; MSIE 6.0; Windows NT 5.1; SV1; .NET CLR 1.1.4322)
B	Rb	3062	0.279	Mozilla/4.0 (compatible; MSIE 7.0; Windows NT 5.1; .NET CLR 1.1.4322)
B	Rb	3049	0.144	Mozilla/4.0 (compatible; MSIE 8.0; Windows NT 5.1; Trident/4.0; .NET CLR 2.0.50727; .NET CLR 3.0.4506.2152; .NET CLR 3.5.30729; .NET4.0C; .NET CLR 1.1.4322)
B	Rb	2770	0.109	Mozilla/4.0 (compatible; MSIE 7.0; Windows NT 5.1; .NET CLR 1.1.4322; .NET CLR 2.0.50727; .NET CLR 3.0.04506.30; .NET CLR 3.0.4506.2152; .NET CLR 3.5.30729)
B	Rb	2565	0.263	Mozilla/5.0 (Windows NT 6.1; WOW64; rv:21.0) Gecko/20100101 Firefox/21.0
B	Rb	2508	0.522	Mozilla/4.0 (compatible; MSIE 7.0; Windows NT 5.1; InfoPath.2; .NET CLR 2.0.50727; .NET CLR)
B	Rb	2489	0.016	msnbot/2.0b ( http://search.msn.com/msnbot.htm)
B	Rb	2445	0.148	Mozilla/4.0 (compatible; MSIE 8.0; Windows NT 5.1; Trident/4.0; .NET CLR 2.0.50727; .NET CLR 3.0.4506.2152; .NET CLR 3.5.30729)
B	Rb	2424	0.566	Mozilla/4.0 (compatible; MSIE 6.0; Windows NT 5.1; SV1; .NET CLR 1.1.4322; .NET CLR 2.0.50727)
B	Rb	2416	0.595	Mozilla/4.0 (compatible; MSIE 6.0; Windows NT 5.1; SV1; Mozilla/4.0 (compatible; MSIE 6.0; Windows NT 5.1; SV1) ; .NET CLR 2.0.50727 ; .NET CLR 4.0.30319)
B	Rb	2407	0.576	Mozilla/4.0 (compatible; MSIE 6.0; Windows NT 5.1; SV1; Mozilla/4.0 (compatible; MSIE 6.0; Windows NT 5.1; SV1) ; .NET CLR 1.0.3705)
B	Rb	2400	0.373	Mozilla/5.0 (compatible; MJ12bot/v1.4.5; http://www.majestic12.co.uk/bot.php? )
B	Rb	2358	0.119	Mozilla/4.0 (compatible; MSIE 7.0; Windows NT 5.1; Trident/4.0; .NET CLR 2.0.50727; .NET CLR 3.0.4506.2152; .NET CLR 3.5.30729; .NET4.0C)
B	Rb	2302	0.528	Mozilla/4.0 (compatible; MSIE 6.0; Windows NT 5.1; SV1; Mozilla/4.0 (compatible; MSIE 6.0; Windows NT 5.1; SV1) )
B	Rb	2262	0.078	Mozilla/4.0 (compatible; MSIE 7.0; Windows NT 5.1; .NET CLR 2.0.50727; .NET CLR 3.0.4506.2152; .NET CLR 3.5.30729; .NET4.0C)
B	Rb	2213	0.415	Mozilla/5.0 (compatible; AhrefsBot/5.0;  http://ahrefs.com/robot/)
B	Rb	2185	0.222	Mozilla/5.0 (compatible; MSIE 9.0; Windows NT 6.1; Trident/5.0)
B	Rb	2117	0.032	Mozilla/5.0 (compatible; YandexImages/3.0;  http://yandex.com/bots)
B	Rb	356948	69.080	[not listed: 13955]
b	*f	-15Q	s
b	lRQq	1	147411	45926883	33.607	Netscape
b	lRQq	2	1790	263693	0.193	Mozilla/6
b	lRQq	2	3462	244858	0.179	Mozilla/21
b	lRQq	2	1344	150679	0.110	Mozilla/24
b	lRQq	2	33086	12006680	8.786	Mozilla/1
b	lRQq	2	836	122423	0.090	Mozilla/28
b	lRQq	2	1301	546188	0.400	Mozilla/2
b	lRQq	2	681	207175	0.152	Mozilla/16
b	lRQq	2	1265	197758	0.145	Mozilla/22
b	lRQq	2	1062	141256	0.103	Mozilla/26
b	lRQq	2	1338	254259	0.186	Mozilla/5
b	lRQq	2	1110	207174	0.152	Mozilla/10
b	lRQq	2	730	178923	0.131	Mozilla/17
b	lRQq	2	541	169506	0.124	Mozilla/13
b	lRQq	2	528	169506	0.124	Mozilla/14
b	lRQq	2	692	169506	0.124	Mozilla/15
b	lRQq	2	1164	150672	0.110	Mozilla/31
b	lRQq	2	1091	141255	0.103	Mozilla/12
b	lRQq	2	755	141255	0.103	Mozilla/34
b	lRQq	2	1062	131838	0.096	Mozilla/11
b	lRQq	2	1141	131838	0.096	Mozilla/8
b	lRQq	1	124365	3833052	2.805	Netscape (compatible)
b	lRQq	1	223123	72831208	53.294	MSIE
b	lRQq	2	72948	25115220	18.378	MSIE/6
b	lRQq	2	36072	12816540	9.378	MSIE/8
b	lRQq	2	94320	31622303	23.139	MSIE/7
b	lRQq	2	3827	922876	0.675	MSIE/5
b	lRQq	2	10725	1356051	0.992	MSIE/9
b	lRQq	2	179	37670	0.028	MSIE/3
b	lRQq	2	3713	809862	0.593	MSIE/10
b	lRQq	2	197	47085	0.034	MSIE/4
b	lRQq	2	357	18834	0.014	MSIE/2
b	lRQq	2	3	9417	0.007	MSIE/11
b	lRQq	1	3430	565036	0.413	Java
b	lRQq	2	3430	565036	0.413	Java/1
b	lRQq	1	9416	3625561	2.653	Opera
b	lRQq	2	2735	188349	0.138	Opera/8
b	lRQq	2	1661	131841	0.096	Opera/7
b	lRQq	2	4426	3117029	2.281	Opera/9
b	lRQq	2	12	56503	0.041	Opera/11
b	lRQq	2	558	47086	0.034	Opera/6
b	lRQq	2	12	37668	0.028	Opera/10
b	lRQq	2	4	28251	0.021	Opera/12
b	lRQq	2	8	18834	0.014	Opera/5
b	lRQq	1	282	508519	0.372	Konqueror
b	lRQq	2	232	480268	0.351	Konqueror/3
b	lRQq	2	49	18834	0.014	Konqueror/4
b	lRQq	2	1	9417	0.007	Konqueror/2
b	lRQq	1	8067	640356	0.469	Netscape
b	lRQq	2	1836	263676	0.193	Netscape/4
b	lRQq	2	22	103587	0.076	Netscape/6
b	lRQq	2	5528	75336	0.055	Netscape/7
b	lRQq	2	161	47085	0.034	Netscape/3
b	lRQq	2	29	37668	0.028	Netscape/8
b	lRQq	2	432	18834	0.014	Netscape/0
b	lRQq	2	6	18834	0.014	Netscape/5
b	lRQq	2	2	9417	0.007	Netscape/Nutch-1
b	lRQq	2	1	9417	0.007	Netscape/10
b	lRQq	2	9	9417	0.007	Netscape/Firefox
b	lRQq	1	201	376680	0.276	python-requests
b	lRQq	2	184	291927	0.214	python-requests/2
b	lRQq	2	11	65919	0.048	python-requests/1
b	lRQq	2	6	18834	0.014	python-requests/0
b	lRQq	1	129	254259	0.186	curl
b	lRQq	2	128	244842	0.179	curl/7
b	lRQq	1	2241	207174	0.152	libwww-perl
b	lRQq	2	455	150672	0.110	libwww-perl/5
b	lRQq	2	1786	56502	0.041	libwww-perl/6
b	lRQq	1	117	188340	0.138	NSPlayer
b	lRQq	2	78	84753	0.062	NSPlayer/11
b	lRQq	2	17	37668	0.028	NSPlayer/9
b	lRQq	2	16	37668	0.028	NSPlayer/10
b	lRQq	2	5	18834	0.014	NSPlayer/12
b	lRQq	2	1	9417	0.007	NSPlayer/8
b	lRQq	1	32	160089	0.117	Dalvik
b	lRQq	2	25	150672	0.110	Dalvik/1
b	lRQq	2	7	9417	0.007	Dalvik/2
b	lRQq	1	54	122421	0.090	Google
b	lRQq	2	50	103587	0.076	Google/2
b	lRQq	2	4	18834	0.014	Google/1
b	lRQq	1	29	113004	0.083	PHP
b	lRQq	2	26	94170	0.069	PHP/5
b	lRQq	2	1	9417	0.007	PHP/4
b	lRQq	1	122	113004	0.083	AppEngine-Google; ( http:
b	lRQq	2	122	113004	0.083	AppEngine-Google; ( http://code
b	lRQq	1	40339	7194633	5.265	[not listed: 550]
p	*f	0Q	s
p	lR	1	346012	Windows
p	lR	2	120525	Unknown Windows
p	lR	2	211484	Windows XP
p	lR	2	3587	Windows NT
p	lR	2	1171	Windows 95
p	lR	2	1947	Windows 98
p	lR	2	840	Windows ME
p	lR	2	198	Windows CE
p	lR	2	6087	Windows 2000
p	lR	2	173	Windows 3.1
p	lR	1	127368	OS unknown
p	lR	1	16311	Unix
p	lR	2	16072	Linux
p	lR	2	197	Other Unix
p	lR	2	15	SunOS
p	lR	2	26	BSD
p	lR	2	1	HP-UX
p	lR	1	29323	Macintosh
p	lR	2	28087	Unknown Macintosh
p	lR	2	1151	Macintosh PowerPC
p	lR	2	85	Macintosh 68k
p	lR	1	40322	Known robots
p	lR	1	16	WebTV
p	lR	1	1	BeOS
p	lR	1	1	OS/2
p	lR	1	4	Amiga
i	*f	0R	s
i	lRc	1	312759	88.839	[root directory]
i	lRc	1	151084	10.413	/images/
i	lRc	1	65736	0.423	/js/
i	lRc	1	35256	0.325	/css/
i	lRc	1	865	0.000	/videos/
i	lRc	1	541	0.000	/client/
i	lRc	1	155	0.000	/dev/
i	lRc	2	44	0.000	/dev/js/
i	lRc	2	23	0.000	/dev/css/
i	lRc	2	59	0.000	/dev/images/
i	lRc	1	1	0.000	/cgi-bin/
i	lRc	1	50	0.000	/stats/
r	*f	0.050000%S	s
r	lRSc	1	18458	35	81.022	/indnews.html
r	lRSc	2	1	0	0.000	/indnews.html?referer=www.clickfind.com.au//wp-content/themes/busybee/thumb.php?src=http://blogger.com.opontodaarte.com.br/java.php
r	lRSc	2	1	0	0.000	/indnews.html?referer=top1.co.pl
r	lRSc	1	12534	29	8.376	/compnews.html
r	lRSc	1	13967	27	1.345	/uasfc.html
r	lRSc	1	15978	27	1.081	/aboutus.html
r	lRSc	1	7960	18	0.849	/indevents.html
r	lRSc	1	6503	18	0.607	/employment.html
r	lRSc	1	8911	18	0.858	/links.html
r	lRSc	1	8962	18	0.428	/contactus.html
r	lRSc	1	6528	16	0.856	/faq.html
r	lRSc	1	9364	15	0.929	/cct&m.html
r	lRSc	1	6153	14	0.490	/rd.html
r	lRSc	1	10290	14	0.971	/consultinga.html
r	lRSc	1	9461	13	0.564	/cfmt.html
r	lRSc	1	5209	12	0.300	/pna.html
r	lRSc	1	380	11	0.408	/sru.html
r	lRSc	1	1155	10	0.459	/gt1500 rpas.html
r	lRSc	1	628	9	0.456	/gt380 rpas.html
r	lRSc	1	24	0	0.000	/client/tacamo.html
r	lRSc	1	30	0	0.000	/client/mgqgcyat.asp
r	lRSc	1	1	0	0.000	/client/bandito timeline2007.html
r	lRSc	1	2	0	0.000	/client/bandit+timeline2004.html
r	lRSc	1	3196	0	0.000	/banditomav.html
r	lRSc	1	1	0	0.000	/stats/quick.html
r	lRSc	1	1	0	0.000	/404.htm
r	lRSc	1	1	0	0.000	/dev/client.cgi
r	lRSc	1	18702	0	0.000	/default.asp
r	lRSc	1	12	0	0.000	/client/gta010707002.html
r	lRSc	1	72	0	0.000	/client/bandito+development.html
r	lRSc	1	1	0	0.000	/client/bandito+timeline2006.html
r	lRSc	1	135	0	0.000	/client/welcome.html
r	lRSc	1	16	0	0.000	/client/rq3+bandito.html
r	lRSc	1	3	0	0.000	/client/gta021305001.html
r	lRSc	1	1	0	0.000	/dev/uasfc.html
r	lRSc	1	229	0	0.000	/client.cgi
r	lRSc	1	71	0	0.000	/client/bandit+development.html
r	lRSc	1	2	0	0.000	/client/bandito development.html
r	lRSc	1	1	0	0.000	/stats/browserrep.html
r	lRSc	1	2	0	0.000	/stats/yearly.html
r	lRSc	1	2	0	0.000	/stats/domain.html
r	lRSc	1	5	0	0.000	/client/gta012405001.html
r	lRSc	1	1	0	0.000	/stats/monthly.html
r	lRSc	1	2	0	0.000	/dev/contactus.html
r	lRSc	1	2	0	0.000	/stats/general.html
r	lRSc	1	1	0	0.000	/dev/aboutus.html
r	lRSc	1	18	0	0.000	/client/tacamo+development.html
r	lRSc	1	1	0	0.000	/client/bandit development.html
r	lRSc	1	1	0	0.000	/stats/weekly.html
r	lRSc	1	8	0	0.000	/client/gta010707001.html
r	lRSc	1	3474	0	0.000	/uavengines.html
r	lRSc	1	17	0	0.000	/client/bandit+timeline2008.html
r	lRSc	1	1	0	0.000	/client/bandito+timeline2005.html
r	lRSc	1	3749	0	0.000	/bidspridpass.html
r	lRSc	1	6356	0	0.000	/pridpass.html
r	lRSc	1	12	0	0.000	/client/bandito.html
r	lRSc	1	3216	0	0.000	/gtatexan.html
r	lRSc	1	1	0	0.000	/dev/pna.html
r	lRSc	1	1	0	0.000	/client/tacamo development.html
r	lRSc	1	23	0	0.000	/client/projectbids.html
r	lRSc	1	1	0	0.000	/stats/host.html
r	lRSc	1	2	0	0.000	/stats/index.htm
r	lRSc	1	2	0	0.000	/stats/nav.html
r	lRSc	1	1	0	0.000	/stats/quarterly.html
r	lRSc	1	11	0	0.000	/client/rq2+outlaw.html
r	lRSc	1	1	0	0.000	/client/bandit timeline2008.html
r	lRSc	1	20	0	0.000	/client/clientpna.html
r	lRSc	1	3322	0	0.000	/bandituas.html
r	lRSc	1	15	0	0.000	/client/bandit.html
r	lRSc	1	2	0	0.000	/stats/default.asp
r	lRSc	1	2	0	0.000	/stats/directory.html
r	lRSc	1	21	0	0.000	/index.htm
r	lRSc	1	2	0	0.000	/stats/organisation.html
r	lRSc	1	1	0	0.000	/cgi-bin/testms.pl
r	lRSc	1	913	0	0.000	/gtamt.html
r	lRSc	1	14	0	0.000	/client/rq1+bandit.html
r	lRSc	1	8	0	0.000	/client/bandito+timeline2007.html
r	lRSc	1	6	0	0.000	/client/gta021305002.html
r	lRSc	1	7	0	0.000	/client/bandit+timeline2007.html
r	lRSc	1	4	0	0.000	/client/gta121004001.html
r	lRSc	1	1	0	0.000	/dev/pridpass.html
t	*f	0.100000%B	b
t	lRb	1	167202	53.434	.html [Hypertext Markup Language]
t	lRb	1	122577	19.145	[directories]
t	lRb	1	778	7.710	.wmv
t	lRb	1	87	7.569	.mpg  [MPEG movie]
t	lRb	1	104083	7.082	.jpg  [JPEG graphics]
t	lRb	1	18734	3.256	.asp  [Active Server REQUESTS]
t	lRb	1	47073	0.765	.gif  [GIF graphics]
t	lRb	1	65780	0.511	.js  [JavaScript code]
t	lRb	1	35275	0.454	.css  [Cascading Style Sheets]
t	lRb	1	4858	0.075	[not listed: 6]
z	*FR	2009	06	30	04	42
z	*LR	2016	05	22	05	50
z	ScR	119	0.000	39900	0
z	ScR	0	0.000	0	1b-  10b
z	ScR	0	0.000	0	11b- 100b
z	ScR	101	0.067	63832	101b-  1kb
z	ScR	446	6.347	274753	1kb- 10kb
z	ScR	469	52.324	172621	10kb-100kb
z	ScR	29	41.262	15050	100kb-  1Mb
z	ScR	0	0.000	248	1Mb- 10Mb
z	ScR	0	0.000	43	10Mb-100Mb
c	*f	0R	a
c	R	500823	200 OK
c	R	2903	206 Partial content
c	R	101	301 Document moved permanently
c	R	77	302 Document found elsewhere
c	R	62721	304 Not modified since last retrieval
c	R	206	401 Authentication required
c	R	134	403 Access forbidden
c	R	281645	404 Document not found
c	R	142	405 Method not allowed
c	R	211	406 Document not acceptable to client
c	R	5	416 Requested range not valid
c	R	593	500 Internal server error
c	R	116	501 Request type not supported
I	*FR	2007	12	11	00	52
I	*LR	2016	05	22	05	56
I	*f	-30S	s
I	lRS	1	54822	170	/robots.txt
I	lRS	1	1191	8	/wp-login.php
I	lRS	1	614	5	/administrator/index.php
I	lRS	1	184	4	/wp-admin/
I	lRS	1	179	4	/wordpress/wp-admin/
I	lRS	1	169	4	/blog/wp-admin/
I	lRS	1	397	4	/gtatexan.html
I	lRS	1	141	4	/old/wp-admin/
I	lRS	1	173	3	/wordpress/
I	lRS	1	107	3	/test/wp-admin/
I	lRS	1	17282	3	/]louis
I	lRS	1	112	2	/efw
I	lRS	1	491	2	/banditomav.html
I	lRS	1	5	2	/config/aspcms_config.asp
I	lRS	1	164	2	/wp/
I	lRS	1	23516	2	/&quot
I	lRS	1	160	2	/blog/robots.txt
I	lRS	1	2	2	/wp-admin/install.php
I	lRS	1	316	2	/uavengines.html
I	lRS	1	156	2	/bidspridpass.html
I	lRS	1	350	2	/xmlrpc.php
I	lRS	1	183	2	/blog/
I	lRS	1	125	1	/ees
I	lRS	1	248	1	/eex
I	lRS	1	110	1	/efj
I	lRS	1	140	1	/exj
I	lRS	1	49	1	/]htt
I	lRS	1	1	1	/admin/_system/aspcms_sitesetting.asp
I	lRS	1	229	1	/sitemap.xml
I	lRS	1	126	1	/vus
I	lRS	1	181310	28	[not listed: 12242]
L	*FR	2007	12	11	00	52
L	*LR	2016	05	22	05	56
L	*f	-20S	s
L	RS	34	7	66.249.75.31
L	RS	6	6	200.219.209.134
L	RS	27	6	66.249.75.49
L	RS	114	6	46.119.127.129
L	RS	56	6	217.69.133.244
L	RS	20	5	157.55.39.166
L	RS	5	5	138.201.59.34
L	RS	146	5	106.38.241.144
L	RS	24	5	66.249.75.41
L	RS	22	5	66.249.75.57
L	RS	54	5	217.69.133.190
L	RS	53	5	217.69.133.242
L	RS	54	5	217.69.133.243
L	RS	56	5	217.69.133.246
L	RS	49	5	217.69.133.247
L	RS	192	5	100.43.81.130
L	RS	4	4	212.1.66.230
L	RS	4	4	82.112.131.129
L	RS	4	4	68.180.229.36
L	RS	14	4	52.3.105.23
L	RS	282114	168	[not listed: 56218]
K	*FR	2013	12	22	04	20
K	*LR	2016	05	21	20	27
K	*f	-30S	s
K	lRS	1	14798	5	http://www.gtaeronautics.com/
K	lRS	1	184	2	http://gtaeronautics.com/robots.txt
K	lRS	1	1	1	http://www.gtaeronautics.com/admin/_system/AspCms_SiteSetting.asp
K	lRS	1	444	1	http://www.gtaeronautics.com/robots.txt
K	lRS	1	7665	0	[not listed: 1183]
E	*FR	2008	01	06	10	12
E	*LR	2015	07	14	08	43
E	*f	-30S	s
E	lSR	1	0	178	[not listed: 6]
l	*FR	2008	01	06	10	12
l	*LR	2015	07	14	08	43
l	*f	-20S	s
l	SR	0	178	[not listed: 97]
v	*f	-20B	b
v	Rb	566447	100.000	66.113.131.59
R	*FR	2008	01	06	10	12
R	*LR	2015	07	14	08	43
R	*f	-20R	r
R	R	178	66.113.131.59
M	*FR	2007	12	11	00	52
M	*LR	2016	05	22	05	56
M	*f	-20R	r
M	R	283052	66.113.131.59
J	*FR	2007	12	11	00	53
J	*LR	2007	12	18	17	06
J	*f	-20R	r
J	R	9	gtaeronautics
J	R	5	lorrigkj
J	R	1	rullma2063
J	R	1	administrator
J	R	1	satish
