x	VE	analog 5.24
x	HN	gtaeronautics.com
x	PS	2024	09	27	01	57
x	FR	2007	12	18	17	05
x	LR	2024	09	26	04	46
x	E7	2024	09	27	01	57
x	SR	2220942
x	S7	8182
x	NC	717531
x	C7	0
x	FL	1019830
x	F7	461
x	RR	277
x	R7	0
x	NH	118020
x	H7	475
x	BT	57520368399
x	B7	0
1	Rr	616736	27.769	2024
1	Rr	511208	23.018	2023
1	Rr	82334	3.707	2022
1	Rr	98917	4.454	2021
1	Rr	89380	4.024	2020
1	Rr	80088	3.606	2019
1	Rr	68927	3.104	2018
1	Rr	60168	2.709	2017
1	Rr	73316	3.301	2016
1	Rr	80796	3.638	2015
1	Rr	110773	4.988	2014
1	Rr	65173	2.934	2013
1	Rr	60742	2.735	2012
1	Rr	57015	2.567	2011
1	Rr	22139	0.997	2010
1	Rr	69710	3.139	2009
1	Rr	71820	3.234	2008
1	Rr	1700	0.077	2007
1	*BT	R	616736	2024
Q	Rr	202848	9.133	2024	3
Q	Rr	204456	9.206	2024	2
Q	Rr	209432	9.430	2024	1
Q	Rr	182268	8.207	2023	4
Q	Rr	165939	7.472	2023	3
Q	Rr	135306	6.092	2023	2
Q	Rr	27695	1.247	2023	1
Q	Rr	20307	0.914	2022	4
Q	Rr	20362	0.917	2022	3
Q	Rr	21795	0.981	2022	2
Q	Rr	19870	0.895	2022	1
Q	Rr	21154	0.952	2021	4
Q	Rr	26826	1.208	2021	3
Q	Rr	30675	1.381	2021	2
Q	Rr	20262	0.912	2021	1
Q	Rr	22199	1.000	2020	4
Q	Rr	23882	1.075	2020	3
Q	Rr	21656	0.975	2020	2
Q	Rr	21643	0.974	2020	1
Q	Rr	19098	0.860	2019	4
Q	Rr	19668	0.886	2019	3
Q	Rr	19827	0.893	2019	2
Q	Rr	21495	0.968	2019	1
Q	Rr	18129	0.816	2018	4
Q	Rr	17138	0.772	2018	3
Q	Rr	16928	0.762	2018	2
Q	Rr	16732	0.753	2018	1
Q	Rr	15937	0.718	2017	4
Q	Rr	0	0.000	2017	3
Q	Rr	16831	0.758	2017	2
Q	Rr	27400	1.234	2017	1
Q	Rr	22114	0.996	2016	4
Q	Rr	17621	0.793	2016	3
Q	Rr	15878	0.715	2016	2
Q	Rr	17703	0.797	2016	1
Q	Rr	16575	0.746	2015	4
Q	Rr	22104	0.995	2015	3
Q	Rr	22485	1.012	2015	2
Q	Rr	19632	0.884	2015	1
Q	Rr	21142	0.952	2014	4
Q	Rr	22272	1.003	2014	3
Q	Rr	31453	1.416	2014	2
Q	Rr	35906	1.617	2014	1
Q	Rr	16436	0.740	2013	4
Q	Rr	15216	0.685	2013	3
Q	Rr	16545	0.745	2013	2
Q	Rr	16976	0.764	2013	1
Q	Rr	16578	0.746	2012	4
Q	Rr	12511	0.563	2012	3
Q	Rr	15816	0.712	2012	2
Q	Rr	15837	0.713	2012	1
Q	Rr	15444	0.695	2011	4
Q	Rr	17386	0.783	2011	3
Q	Rr	9395	0.423	2011	2
Q	Rr	14790	0.666	2011	1
Q	Rr	1603	0.072	2010	4
Q	Rr	0	0.000	2010	3
Q	Rr	14047	0.632	2010	2
Q	Rr	6489	0.292	2010	1
Q	Rr	16350	0.736	2009	4
Q	Rr	18220	0.820	2009	3
Q	Rr	17115	0.771	2009	2
Q	Rr	18025	0.812	2009	1
Q	Rr	15905	0.716	2008	4
Q	Rr	15660	0.705	2008	3
Q	Rr	22448	1.011	2008	2
Q	Rr	17807	0.802	2008	1
Q	Rr	1700	0.077	2007	4
Q	*BT	R	209432	2024	1
m	Rr	56158	2.529	2024	09
m	Rr	72041	3.244	2024	08
m	Rr	74649	3.361	2024	07
m	Rr	69378	3.124	2024	06
m	Rr	72365	3.258	2024	05
m	Rr	62713	2.824	2024	04
m	Rr	66782	3.007	2024	03
m	Rr	68592	3.088	2024	02
m	Rr	74058	3.335	2024	01
m	Rr	54270	2.444	2023	12
m	Rr	61278	2.759	2023	11
m	Rr	66720	3.004	2023	10
m	Rr	51132	2.302	2023	09
m	Rr	54561	2.457	2023	08
m	Rr	60246	2.713	2023	07
m	Rr	66204	2.981	2023	06
m	Rr	60120	2.707	2023	05
m	Rr	8982	0.404	2023	04
m	Rr	10848	0.488	2023	03
m	Rr	8360	0.376	2023	02
m	Rr	8487	0.382	2023	01
m	Rr	6950	0.313	2022	12
m	Rr	6349	0.286	2022	11
m	Rr	7008	0.316	2022	10
m	Rr	6740	0.303	2022	09
m	Rr	6863	0.309	2022	08
m	Rr	6759	0.304	2022	07
m	Rr	6567	0.296	2022	06
m	Rr	8427	0.379	2022	05
m	Rr	6801	0.306	2022	04
m	Rr	6380	0.287	2022	03
m	Rr	6175	0.278	2022	02
m	Rr	7315	0.329	2022	01
m	Rr	7667	0.345	2021	12
m	Rr	7097	0.320	2021	11
m	Rr	6390	0.288	2021	10
m	Rr	6059	0.273	2021	09
m	Rr	9092	0.409	2021	08
m	Rr	11675	0.526	2021	07
m	Rr	10152	0.457	2021	06
m	Rr	10231	0.461	2021	05
m	Rr	10292	0.463	2021	04
m	Rr	7948	0.358	2021	03
m	Rr	5800	0.261	2021	02
m	Rr	6514	0.293	2021	01
m	Rr	8069	0.363	2020	12
m	Rr	6579	0.296	2020	11
m	Rr	7551	0.340	2020	10
m	Rr	8028	0.361	2020	09
m	Rr	7741	0.349	2020	08
m	Rr	8113	0.365	2020	07
m	Rr	7317	0.329	2020	06
m	Rr	6898	0.311	2020	05
m	Rr	7441	0.335	2020	04
m	Rr	7524	0.339	2020	03
m	Rr	7322	0.330	2020	02
m	Rr	6797	0.306	2020	01
m	Rr	6573	0.296	2019	12
m	Rr	5917	0.266	2019	11
m	Rr	6608	0.298	2019	10
m	Rr	6791	0.306	2019	09
m	Rr	6597	0.297	2019	08
m	Rr	6280	0.283	2019	07
m	Rr	6317	0.284	2019	06
m	Rr	6847	0.308	2019	05
m	Rr	6663	0.300	2019	04
m	Rr	7059	0.318	2019	03
m	Rr	6374	0.287	2019	02
m	Rr	8062	0.363	2019	01
m	Rr	6957	0.313	2018	12
m	Rr	5422	0.244	2018	11
m	Rr	5750	0.259	2018	10
m	Rr	5458	0.246	2018	09
m	Rr	5735	0.258	2018	08
m	Rr	5945	0.268	2018	07
m	Rr	7110	0.320	2018	06
m	Rr	6440	0.290	2018	05
m	Rr	3378	0.152	2018	04
m	Rr	5789	0.261	2018	03
m	Rr	5369	0.242	2018	02
m	Rr	5574	0.251	2018	01
m	Rr	3906	0.176	2017	12
m	Rr	6533	0.294	2017	11
m	Rr	5498	0.248	2017	10
m	Rr	0	0.000	2017	09
m	Rr	0	0.000	2017	08
m	Rr	0	0.000	2017	07
m	Rr	0	0.000	2017	06
m	Rr	6832	0.308	2017	05
m	Rr	9999	0.450	2017	04
m	Rr	11887	0.535	2017	03
m	Rr	7941	0.358	2017	02
m	Rr	7572	0.341	2017	01
m	Rr	9483	0.427	2016	12
m	Rr	7121	0.321	2016	11
m	Rr	5510	0.248	2016	10
m	Rr	6288	0.283	2016	09
m	Rr	5888	0.265	2016	08
m	Rr	5445	0.245	2016	07
m	Rr	5042	0.227	2016	06
m	Rr	5495	0.247	2016	05
m	Rr	5341	0.240	2016	04
m	Rr	5558	0.250	2016	03
m	Rr	5548	0.250	2016	02
m	Rr	6597	0.297	2016	01
m	Rr	5574	0.251	2015	12
m	Rr	5330	0.240	2015	11
m	Rr	5671	0.255	2015	10
m	Rr	6196	0.279	2015	09
m	Rr	6788	0.306	2015	08
m	Rr	9120	0.411	2015	07
m	Rr	7156	0.322	2015	06
m	Rr	5694	0.256	2015	05
m	Rr	9635	0.434	2015	04
m	Rr	6215	0.280	2015	03
m	Rr	6084	0.274	2015	02
m	Rr	7333	0.330	2015	01
m	Rr	6608	0.298	2014	12
m	Rr	6997	0.315	2014	11
m	Rr	7537	0.339	2014	10
m	Rr	7043	0.317	2014	09
m	Rr	7324	0.330	2014	08
m	Rr	7905	0.356	2014	07
m	Rr	11654	0.525	2014	06
m	Rr	9211	0.415	2014	05
m	Rr	10588	0.477	2014	04
m	Rr	7817	0.352	2014	03
m	Rr	15229	0.686	2014	02
m	Rr	12860	0.579	2014	01
m	Rr	5325	0.240	2013	12
m	Rr	5513	0.248	2013	11
m	Rr	5598	0.252	2013	10
m	Rr	4655	0.210	2013	09
m	Rr	4938	0.222	2013	08
m	Rr	5623	0.253	2013	07
m	Rr	5492	0.247	2013	06
m	Rr	5211	0.235	2013	05
m	Rr	5842	0.263	2013	04
m	Rr	6068	0.273	2013	03
m	Rr	5055	0.228	2013	02
m	Rr	5853	0.264	2013	01
m	Rr	5688	0.256	2012	12
m	Rr	5477	0.247	2012	11
m	Rr	5413	0.244	2012	10
m	Rr	4331	0.195	2012	09
m	Rr	3866	0.174	2012	08
m	Rr	4314	0.194	2012	07
m	Rr	4655	0.210	2012	06
m	Rr	6047	0.272	2012	05
m	Rr	5114	0.230	2012	04
m	Rr	6128	0.276	2012	03
m	Rr	5430	0.244	2012	02
m	Rr	4279	0.193	2012	01
m	Rr	5548	0.250	2011	12
m	Rr	4779	0.215	2011	11
m	Rr	5117	0.230	2011	10
m	Rr	5431	0.245	2011	09
m	Rr	6256	0.282	2011	08
m	Rr	5699	0.257	2011	07
m	Rr	5420	0.244	2011	06
m	Rr	3975	0.179	2011	05
m	Rr	0	0.000	2011	04
m	Rr	3608	0.162	2011	03
m	Rr	5171	0.233	2011	02
m	Rr	6011	0.271	2011	01
m	Rr	1603	0.072	2010	12
m	Rr	0	0.000	2010	11
m	Rr	0	0.000	2010	10
m	Rr	0	0.000	2010	09
m	Rr	0	0.000	2010	08
m	Rr	0	0.000	2010	07
m	Rr	4101	0.185	2010	06
m	Rr	5018	0.226	2010	05
m	Rr	4928	0.222	2010	04
m	Rr	5095	0.229	2010	03
m	Rr	1394	0.063	2010	02
m	Rr	0	0.000	2010	01
m	Rr	4665	0.210	2009	12
m	Rr	6187	0.279	2009	11
m	Rr	5498	0.248	2009	10
m	Rr	5066	0.228	2009	09
m	Rr	5718	0.257	2009	08
m	Rr	7436	0.335	2009	07
m	Rr	5685	0.256	2009	06
m	Rr	6120	0.276	2009	05
m	Rr	5310	0.239	2009	04
m	Rr	5515	0.248	2009	03
m	Rr	6123	0.276	2009	02
m	Rr	6387	0.288	2009	01
m	Rr	5763	0.259	2008	12
m	Rr	5420	0.244	2008	11
m	Rr	4722	0.213	2008	10
m	Rr	5435	0.245	2008	09
m	Rr	4843	0.218	2008	08
m	Rr	5382	0.242	2008	07
m	Rr	6082	0.274	2008	06
m	Rr	9946	0.448	2008	05
m	Rr	6420	0.289	2008	04
m	Rr	5431	0.245	2008	03
m	Rr	6469	0.291	2008	02
m	Rr	5907	0.266	2008	01
m	Rr	1700	0.077	2007	12
m	*BT	R	74649	2024	07
W	Rr	4218	0.190	2024	09	22
W	Rr	17674	0.796	2024	09	15
W	Rr	18306	0.824	2024	09	08
W	Rr	15960	0.719	2024	09	01
W	Rr	18348	0.826	2024	08	25
W	Rr	15726	0.708	2024	08	18
W	Rr	14490	0.652	2024	08	11
W	Rr	15707	0.707	2024	08	04
W	Rr	17598	0.792	2024	07	28
W	Rr	15120	0.681	2024	07	21
W	Rr	14667	0.660	2024	07	14
W	Rr	18810	0.847	2024	07	07
W	Rr	18384	0.828	2024	06	30
W	Rr	16152	0.727	2024	06	23
W	Rr	16674	0.751	2024	06	16
W	Rr	13122	0.591	2024	06	09
W	Rr	18264	0.822	2024	06	02
W	Rr	17766	0.800	2024	05	26
W	Rr	14970	0.674	2024	05	19
W	Rr	14346	0.646	2024	05	12
W	Rr	17520	0.789	2024	05	05
W	Rr	17624	0.794	2024	04	28
W	Rr	15605	0.703	2024	04	21
W	Rr	14394	0.648	2024	04	14
W	Rr	13500	0.608	2024	04	07
W	Rr	13599	0.612	2024	03	31
W	Rr	16024	0.721	2024	03	24
W	Rr	14040	0.632	2024	03	17
W	Rr	16854	0.759	2024	03	10
W	Rr	15624	0.703	2024	03	03
W	Rr	17778	0.800	2024	02	25
W	Rr	13428	0.605	2024	02	18
W	Rr	16572	0.746	2024	02	11
W	Rr	17070	0.769	2024	02	04
W	Rr	26220	1.181	2024	01	28
W	Rr	14730	0.663	2024	01	21
W	Rr	13098	0.590	2024	01	14
W	Rr	15324	0.690	2024	01	07
W	Rr	12552	0.565	2023	12	31
W	Rr	11406	0.514	2023	12	24
W	Rr	11184	0.504	2023	12	17
W	Rr	13956	0.628	2023	12	10
W	Rr	13644	0.614	2023	12	03
W	Rr	12390	0.558	2023	11	26
W	Rr	11682	0.526	2023	11	19
W	Rr	15756	0.709	2023	11	12
W	Rr	16596	0.747	2023	11	05
W	Rr	16104	0.725	2023	10	29
W	Rr	13980	0.629	2023	10	22
W	Rr	15450	0.696	2023	10	15
W	Rr	14713	0.662	2023	10	08
W	Rr	14285	0.643	2023	10	01
W	Rr	14478	0.652	2023	09	24
W	Rr	11904	0.536	2023	09	17
W	Rr	10968	0.494	2023	09	10
W	Rr	10482	0.472	2023	09	03
W	Rr	10800	0.486	2023	08	27
W	Rr	14568	0.656	2023	08	20
W	Rr	12504	0.563	2023	08	13
W	Rr	12076	0.544	2023	08	06
W	Rr	10997	0.495	2023	07	30
W	Rr	13392	0.603	2023	07	23
W	Rr	13224	0.595	2023	07	16
W	Rr	16128	0.726	2023	07	09
W	Rr	13356	0.601	2023	07	02
W	Rr	12558	0.565	2023	06	25
W	Rr	17082	0.769	2023	06	18
W	Rr	16452	0.741	2023	06	11
W	Rr	15336	0.691	2023	06	04
W	Rr	13482	0.607	2023	05	28
W	Rr	16248	0.732	2023	05	21
W	Rr	15078	0.679	2023	05	14
W	Rr	17181	0.774	2023	05	07
W	Rr	4282	0.193	2023	04	30
W	Rr	2458	0.111	2023	04	23
W	Rr	2269	0.102	2023	04	16
W	Rr	1553	0.070	2023	04	09
W	Rr	2389	0.108	2023	04	02
W	Rr	1701	0.077	2023	03	26
W	Rr	1943	0.087	2023	03	19
W	Rr	2225	0.100	2023	03	12
W	Rr	2192	0.099	2023	03	05
W	Rr	4055	0.183	2023	02	26
W	Rr	2406	0.108	2023	02	19
W	Rr	1898	0.085	2023	02	12
W	Rr	1890	0.085	2023	02	05
W	Rr	1861	0.084	2023	01	29
W	Rr	1686	0.076	2023	01	22
W	Rr	1779	0.080	2023	01	15
W	Rr	1833	0.083	2023	01	08
W	Rr	2226	0.100	2023	01	01
W	Rr	1280	0.058	2022	12	25
W	Rr	1806	0.081	2022	12	18
W	Rr	1773	0.080	2022	12	11
W	Rr	1532	0.069	2022	12	04
W	Rr	1586	0.071	2022	11	27
W	Rr	1093	0.049	2022	11	20
W	Rr	1366	0.062	2022	11	13
W	Rr	1972	0.089	2022	11	06
W	Rr	1396	0.063	2022	10	30
W	Rr	1547	0.070	2022	10	23
W	Rr	1641	0.074	2022	10	16
W	Rr	1747	0.079	2022	10	09
W	Rr	1568	0.071	2022	10	02
W	Rr	1379	0.062	2022	09	25
W	Rr	1695	0.076	2022	09	18
W	Rr	1701	0.077	2022	09	11
W	Rr	1568	0.071	2022	09	04
W	Rr	1562	0.070	2022	08	28
W	Rr	1488	0.067	2022	08	21
W	Rr	1646	0.074	2022	08	14
W	Rr	1430	0.064	2022	08	07
W	Rr	1446	0.065	2022	07	31
W	Rr	1383	0.062	2022	07	24
W	Rr	1661	0.075	2022	07	17
W	Rr	1478	0.067	2022	07	10
W	Rr	1711	0.077	2022	07	03
W	Rr	1804	0.081	2022	06	26
W	Rr	1298	0.058	2022	06	19
W	Rr	1407	0.063	2022	06	12
W	Rr	1396	0.063	2022	06	05
W	Rr	1638	0.074	2022	05	29
W	Rr	1724	0.078	2022	05	22
W	Rr	2427	0.109	2022	05	15
W	Rr	2100	0.095	2022	05	08
W	Rr	1414	0.064	2022	05	01
W	Rr	1865	0.084	2022	04	24
W	Rr	1381	0.062	2022	04	17
W	Rr	1630	0.073	2022	04	10
W	Rr	1670	0.075	2022	04	03
W	Rr	1588	0.072	2022	03	27
W	Rr	1204	0.054	2022	03	20
W	Rr	1350	0.061	2022	03	13
W	Rr	1488	0.067	2022	03	06
W	Rr	1368	0.062	2022	02	27
W	Rr	1481	0.067	2022	02	20
W	Rr	1657	0.075	2022	02	13
W	Rr	1518	0.068	2022	02	06
W	Rr	1787	0.080	2022	01	30
W	Rr	2021	0.091	2022	01	23
W	Rr	1429	0.064	2022	01	16
W	Rr	1693	0.076	2022	01	09
W	Rr	1541	0.069	2022	01	02
W	Rr	1311	0.059	2021	12	26
W	Rr	1839	0.083	2021	12	19
W	Rr	1732	0.078	2021	12	12
W	Rr	2001	0.090	2021	12	05
W	Rr	1641	0.074	2021	11	28
W	Rr	1615	0.073	2021	11	21
W	Rr	1673	0.075	2021	11	14
W	Rr	1625	0.073	2021	11	07
W	Rr	1523	0.069	2021	10	31
W	Rr	1562	0.070	2021	10	24
W	Rr	1474	0.066	2021	10	17
W	Rr	1349	0.061	2021	10	10
W	Rr	1615	0.073	2021	10	03
W	Rr	1598	0.072	2021	09	26
W	Rr	1646	0.074	2021	09	19
W	Rr	1203	0.054	2021	09	12
W	Rr	1106	0.050	2021	09	05
W	Rr	1383	0.062	2021	08	29
W	Rr	1685	0.076	2021	08	22
W	Rr	2071	0.093	2021	08	15
W	Rr	2279	0.103	2021	08	08
W	Rr	2374	0.107	2021	08	01
W	Rr	2543	0.115	2021	07	25
W	Rr	2843	0.128	2021	07	18
W	Rr	2777	0.125	2021	07	11
W	Rr	2756	0.124	2021	07	04
W	Rr	2524	0.114	2021	06	27
W	Rr	2466	0.111	2021	06	20
W	Rr	2262	0.102	2021	06	13
W	Rr	2264	0.102	2021	06	06
W	Rr	2101	0.095	2021	05	30
W	Rr	3009	0.135	2021	05	23
W	Rr	1989	0.090	2021	05	16
W	Rr	2386	0.107	2021	05	09
W	Rr	2138	0.096	2021	05	02
W	Rr	1668	0.075	2021	04	25
W	Rr	2413	0.109	2021	04	18
W	Rr	3035	0.137	2021	04	11
W	Rr	2709	0.122	2021	04	04
W	Rr	1942	0.087	2021	03	28
W	Rr	1666	0.075	2021	03	21
W	Rr	1476	0.066	2021	03	14
W	Rr	1713	0.077	2021	03	07
W	Rr	1777	0.080	2021	02	28
W	Rr	1173	0.053	2021	02	21
W	Rr	1101	0.050	2021	02	14
W	Rr	1699	0.076	2021	02	07
W	Rr	1867	0.084	2021	01	31
W	Rr	1404	0.063	2021	01	24
W	Rr	1564	0.070	2021	01	17
W	Rr	1431	0.064	2021	01	10
W	Rr	1666	0.075	2021	01	03
W	Rr	1926	0.087	2020	12	27
W	Rr	1572	0.071	2020	12	20
W	Rr	1404	0.063	2020	12	13
W	Rr	2272	0.102	2020	12	06
W	Rr	1522	0.069	2020	11	29
W	Rr	1722	0.078	2020	11	22
W	Rr	1580	0.071	2020	11	15
W	Rr	1401	0.063	2020	11	08
W	Rr	1499	0.067	2020	11	01
W	Rr	1470	0.066	2020	10	25
W	Rr	2379	0.107	2020	10	18
W	Rr	1559	0.070	2020	10	11
W	Rr	1729	0.078	2020	10	04
W	Rr	1674	0.075	2020	09	27
W	Rr	1786	0.080	2020	09	20
W	Rr	2200	0.099	2020	09	13
W	Rr	1677	0.076	2020	09	06
W	Rr	1596	0.072	2020	08	30
W	Rr	1833	0.083	2020	08	23
W	Rr	1814	0.082	2020	08	16
W	Rr	2206	0.099	2020	08	09
W	Rr	1397	0.063	2020	08	02
W	Rr	1816	0.082	2020	07	26
W	Rr	1949	0.088	2020	07	19
W	Rr	1532	0.069	2020	07	12
W	Rr	1976	0.089	2020	07	05
W	Rr	1600	0.072	2020	06	28
W	Rr	1627	0.073	2020	06	21
W	Rr	2101	0.095	2020	06	14
W	Rr	1590	0.072	2020	06	07
W	Rr	1492	0.067	2020	05	31
W	Rr	1556	0.070	2020	05	24
W	Rr	1756	0.079	2020	05	17
W	Rr	1568	0.071	2020	05	10
W	Rr	1567	0.071	2020	05	03
W	Rr	1734	0.078	2020	04	26
W	Rr	1675	0.075	2020	04	19
W	Rr	1702	0.077	2020	04	12
W	Rr	1965	0.088	2020	04	05
W	Rr	1329	0.060	2020	03	29
W	Rr	1818	0.082	2020	03	22
W	Rr	1345	0.061	2020	03	15
W	Rr	1581	0.071	2020	03	08
W	Rr	2014	0.091	2020	03	01
W	Rr	1942	0.087	2020	02	23
W	Rr	1748	0.079	2020	02	16
W	Rr	1949	0.088	2020	02	09
W	Rr	1683	0.076	2020	02	02
W	Rr	1436	0.065	2020	01	26
W	Rr	1792	0.081	2020	01	19
W	Rr	1519	0.068	2020	01	12
W	Rr	1420	0.064	2020	01	05
W	Rr	1109	0.050	2019	12	29
W	Rr	1023	0.046	2019	12	22
W	Rr	1584	0.071	2019	12	15
W	Rr	1783	0.080	2019	12	08
W	Rr	1704	0.077	2019	12	01
W	Rr	1178	0.053	2019	11	24
W	Rr	1697	0.076	2019	11	17
W	Rr	1510	0.068	2019	11	10
W	Rr	1383	0.062	2019	11	03
W	Rr	1309	0.059	2019	10	27
W	Rr	1473	0.066	2019	10	20
W	Rr	1519	0.068	2019	10	13
W	Rr	1485	0.067	2019	10	06
W	Rr	1416	0.064	2019	09	29
W	Rr	1499	0.067	2019	09	22
W	Rr	1652	0.074	2019	09	15
W	Rr	1710	0.077	2019	09	08
W	Rr	1485	0.067	2019	09	01
W	Rr	1689	0.076	2019	08	25
W	Rr	1315	0.059	2019	08	18
W	Rr	1619	0.073	2019	08	11
W	Rr	1558	0.070	2019	08	04
W	Rr	1360	0.061	2019	07	28
W	Rr	1191	0.054	2019	07	21
W	Rr	1730	0.078	2019	07	14
W	Rr	1299	0.058	2019	07	07
W	Rr	1339	0.060	2019	06	30
W	Rr	1592	0.072	2019	06	23
W	Rr	1497	0.067	2019	06	16
W	Rr	1450	0.065	2019	06	09
W	Rr	1555	0.070	2019	06	02
W	Rr	1289	0.058	2019	05	26
W	Rr	1863	0.084	2019	05	19
W	Rr	1385	0.062	2019	05	12
W	Rr	1553	0.070	2019	05	05
W	Rr	1655	0.075	2019	04	28
W	Rr	1282	0.058	2019	04	21
W	Rr	1503	0.068	2019	04	14
W	Rr	1623	0.073	2019	04	07
W	Rr	1715	0.077	2019	03	31
W	Rr	1882	0.085	2019	03	24
W	Rr	1464	0.066	2019	03	17
W	Rr	1381	0.062	2019	03	10
W	Rr	1627	0.073	2019	03	03
W	Rr	1773	0.080	2019	02	24
W	Rr	1669	0.075	2019	02	17
W	Rr	1483	0.067	2019	02	10
W	Rr	1391	0.063	2019	02	03
W	Rr	1797	0.081	2019	01	27
W	Rr	1963	0.088	2019	01	20
W	Rr	2029	0.091	2019	01	13
W	Rr	1696	0.076	2019	01	06
W	Rr	1526	0.069	2018	12	30
W	Rr	1226	0.055	2018	12	23
W	Rr	1442	0.065	2018	12	16
W	Rr	1936	0.087	2018	12	09
W	Rr	1809	0.081	2018	12	02
W	Rr	1295	0.058	2018	11	25
W	Rr	1820	0.082	2018	11	18
W	Rr	1802	0.081	2018	11	11
W	Rr	0	0.000	2018	11	04
W	Rr	1473	0.066	2018	10	28
W	Rr	1106	0.050	2018	10	21
W	Rr	1427	0.064	2018	10	14
W	Rr	1214	0.055	2018	10	07
W	Rr	1168	0.053	2018	09	30
W	Rr	1420	0.064	2018	09	23
W	Rr	1197	0.054	2018	09	16
W	Rr	1388	0.062	2018	09	09
W	Rr	1320	0.059	2018	09	02
W	Rr	1246	0.056	2018	08	26
W	Rr	1214	0.055	2018	08	19
W	Rr	1366	0.062	2018	08	12
W	Rr	1195	0.054	2018	08	05
W	Rr	1346	0.061	2018	07	29
W	Rr	1374	0.062	2018	07	22
W	Rr	1508	0.068	2018	07	15
W	Rr	1522	0.069	2018	07	08
W	Rr	909	0.041	2018	07	01
W	Rr	1444	0.065	2018	06	24
W	Rr	2682	0.121	2018	06	17
W	Rr	1365	0.061	2018	06	10
W	Rr	1329	0.060	2018	06	03
W	Rr	1275	0.057	2018	05	27
W	Rr	1392	0.063	2018	05	20
W	Rr	1321	0.059	2018	05	13
W	Rr	1527	0.069	2018	05	06
W	Rr	1517	0.068	2018	04	29
W	Rr	0	0.000	2018	04	22
W	Rr	1364	0.061	2018	04	15
W	Rr	1712	0.077	2018	04	08
W	Rr	0	0.000	2018	04	01
W	Rr	1543	0.069	2018	03	25
W	Rr	1342	0.060	2018	03	18
W	Rr	2429	0.109	2018	03	11
W	Rr	0	0.000	2018	03	04
W	Rr	1366	0.062	2018	02	25
W	Rr	1308	0.059	2018	02	18
W	Rr	1439	0.065	2018	02	11
W	Rr	1731	0.078	2018	02	04
W	Rr	0	0.000	2018	01	28
W	Rr	1434	0.065	2018	01	21
W	Rr	1578	0.071	2018	01	14
W	Rr	1471	0.066	2018	01	07
W	Rr	1246	0.056	2017	12	31
W	Rr	1033	0.047	2017	12	24
W	Rr	1103	0.050	2017	12	17
W	Rr	1406	0.063	2017	12	10
W	Rr	0	0.000	2017	12	03
W	Rr	1335	0.060	2017	11	26
W	Rr	1427	0.064	2017	11	19
W	Rr	1662	0.075	2017	11	12
W	Rr	1414	0.064	2017	11	05
W	Rr	1349	0.061	2017	10	29
W	Rr	1208	0.054	2017	10	22
W	Rr	2013	0.091	2017	10	15
W	Rr	1832	0.082	2017	10	08
W	Rr	0	0.000	2017	10	01
W	Rr	0	0.000	2017	09	24
W	Rr	0	0.000	2017	09	17
W	Rr	0	0.000	2017	09	10
W	Rr	0	0.000	2017	09	03
W	Rr	0	0.000	2017	08	27
W	Rr	0	0.000	2017	08	20
W	Rr	0	0.000	2017	08	13
W	Rr	0	0.000	2017	08	06
W	Rr	0	0.000	2017	07	30
W	Rr	0	0.000	2017	07	23
W	Rr	0	0.000	2017	07	16
W	Rr	0	0.000	2017	07	09
W	Rr	0	0.000	2017	07	02
W	Rr	0	0.000	2017	06	25
W	Rr	0	0.000	2017	06	18
W	Rr	0	0.000	2017	06	11
W	Rr	0	0.000	2017	06	04
W	Rr	25	0.001	2017	05	28
W	Rr	1838	0.083	2017	05	21
W	Rr	1915	0.086	2017	05	14
W	Rr	1676	0.075	2017	05	07
W	Rr	1677	0.076	2017	04	30
W	Rr	2071	0.093	2017	04	23
W	Rr	1978	0.089	2017	04	16
W	Rr	1874	0.084	2017	04	09
W	Rr	3435	0.155	2017	04	02
W	Rr	2619	0.118	2017	03	26
W	Rr	2633	0.119	2017	03	19
W	Rr	2413	0.109	2017	03	12
W	Rr	3092	0.139	2017	03	05
W	Rr	2295	0.103	2017	02	26
W	Rr	2204	0.099	2017	02	19
W	Rr	1869	0.084	2017	02	12
W	Rr	1973	0.089	2017	02	05
W	Rr	1783	0.080	2017	01	29
W	Rr	1768	0.080	2017	01	22
W	Rr	1585	0.071	2017	01	15
W	Rr	1768	0.080	2017	01	08
W	Rr	1740	0.078	2017	01	01
W	Rr	1549	0.070	2016	12	25
W	Rr	2202	0.099	2016	12	18
W	Rr	1812	0.082	2016	12	11
W	Rr	2648	0.119	2016	12	04
W	Rr	2236	0.101	2016	11	27
W	Rr	1321	0.059	2016	11	20
W	Rr	1996	0.090	2016	11	13
W	Rr	1716	0.077	2016	11	06
W	Rr	1564	0.070	2016	10	30
W	Rr	1362	0.061	2016	10	23
W	Rr	1707	0.077	2016	10	16
W	Rr	1696	0.076	2016	10	09
W	Rr	36	0.002	2016	10	02
W	Rr	2002	0.090	2016	09	25
W	Rr	1399	0.063	2016	09	18
W	Rr	1199	0.054	2016	09	11
W	Rr	1326	0.060	2016	09	04
W	Rr	1316	0.059	2016	08	28
W	Rr	1257	0.057	2016	08	21
W	Rr	1208	0.054	2016	08	14
W	Rr	1602	0.072	2016	08	07
W	Rr	1319	0.059	2016	07	31
W	Rr	1796	0.081	2016	07	24
W	Rr	1171	0.053	2016	07	17
W	Rr	1167	0.053	2016	07	10
W	Rr	917	0.041	2016	07	03
W	Rr	920	0.041	2016	06	26
W	Rr	1179	0.053	2016	06	19
W	Rr	1288	0.058	2016	06	12
W	Rr	1237	0.056	2016	06	05
W	Rr	1263	0.057	2016	05	29
W	Rr	1338	0.060	2016	05	22
W	Rr	1184	0.053	2016	05	15
W	Rr	1365	0.061	2016	05	08
W	Rr	974	0.044	2016	05	01
W	Rr	1311	0.059	2016	04	24
W	Rr	1127	0.051	2016	04	17
W	Rr	1248	0.056	2016	04	10
W	Rr	1451	0.065	2016	04	03
W	Rr	987	0.044	2016	03	27
W	Rr	1233	0.056	2016	03	20
W	Rr	1347	0.061	2016	03	13
W	Rr	1347	0.061	2016	03	06
W	Rr	1236	0.056	2016	02	28
W	Rr	1422	0.064	2016	02	21
W	Rr	1085	0.049	2016	02	14
W	Rr	1427	0.064	2016	02	07
W	Rr	1359	0.061	2016	01	31
W	Rr	1708	0.077	2016	01	24
W	Rr	1476	0.066	2016	01	17
W	Rr	1563	0.070	2016	01	10
W	Rr	1381	0.062	2016	01	03
W	Rr	1273	0.057	2015	12	27
W	Rr	1084	0.049	2015	12	20
W	Rr	1344	0.061	2015	12	13
W	Rr	1336	0.060	2015	12	06
W	Rr	1123	0.051	2015	11	29
W	Rr	960	0.043	2015	11	22
W	Rr	1337	0.060	2015	11	15
W	Rr	1400	0.063	2015	11	08
W	Rr	1383	0.062	2015	11	01
W	Rr	1250	0.056	2015	10	25
W	Rr	1366	0.062	2015	10	18
W	Rr	1367	0.062	2015	10	11
W	Rr	1214	0.055	2015	10	04
W	Rr	1152	0.052	2015	09	27
W	Rr	1387	0.062	2015	09	20
W	Rr	1655	0.075	2015	09	13
W	Rr	1526	0.069	2015	09	06
W	Rr	1242	0.056	2015	08	30
W	Rr	1800	0.081	2015	08	23
W	Rr	1527	0.069	2015	08	16
W	Rr	1386	0.062	2015	08	09
W	Rr	1593	0.072	2015	08	02
W	Rr	1567	0.071	2015	07	26
W	Rr	1980	0.089	2015	07	19
W	Rr	2180	0.098	2015	07	12
W	Rr	2008	0.090	2015	07	05
W	Rr	2297	0.103	2015	06	28
W	Rr	1556	0.070	2015	06	21
W	Rr	1380	0.062	2015	06	14
W	Rr	2013	0.091	2015	06	07
W	Rr	1651	0.074	2015	05	31
W	Rr	1224	0.055	2015	05	24
W	Rr	1355	0.061	2015	05	17
W	Rr	1179	0.053	2015	05	10
W	Rr	1436	0.065	2015	05	03
W	Rr	1671	0.075	2015	04	26
W	Rr	1878	0.085	2015	04	19
W	Rr	2326	0.105	2015	04	12
W	Rr	2636	0.119	2015	04	05
W	Rr	2297	0.103	2015	03	29
W	Rr	1237	0.056	2015	03	22
W	Rr	1453	0.065	2015	03	15
W	Rr	1399	0.063	2015	03	08
W	Rr	1287	0.058	2015	03	01
W	Rr	1249	0.056	2015	02	22
W	Rr	1373	0.062	2015	02	15
W	Rr	1790	0.081	2015	02	08
W	Rr	1672	0.075	2015	02	01
W	Rr	1543	0.069	2015	01	25
W	Rr	1463	0.066	2015	01	18
W	Rr	1696	0.076	2015	01	11
W	Rr	1707	0.077	2015	01	04
W	Rr	1833	0.083	2014	12	28
W	Rr	1335	0.060	2014	12	21
W	Rr	1644	0.074	2014	12	14
W	Rr	1541	0.069	2014	12	07
W	Rr	1335	0.060	2014	11	30
W	Rr	1262	0.057	2014	11	23
W	Rr	2009	0.090	2014	11	16
W	Rr	1566	0.071	2014	11	09
W	Rr	1814	0.082	2014	11	02
W	Rr	1452	0.065	2014	10	26
W	Rr	1642	0.074	2014	10	19
W	Rr	1795	0.081	2014	10	12
W	Rr	1836	0.083	2014	10	05
W	Rr	1662	0.075	2014	09	28
W	Rr	1843	0.083	2014	09	21
W	Rr	1678	0.076	2014	09	14
W	Rr	1598	0.072	2014	09	07
W	Rr	1418	0.064	2014	08	31
W	Rr	1584	0.071	2014	08	24
W	Rr	1571	0.071	2014	08	17
W	Rr	1727	0.078	2014	08	10
W	Rr	1927	0.087	2014	08	03
W	Rr	1691	0.076	2014	07	27
W	Rr	1702	0.077	2014	07	20
W	Rr	1624	0.073	2014	07	13
W	Rr	1831	0.082	2014	07	06
W	Rr	1867	0.084	2014	06	29
W	Rr	1927	0.087	2014	06	22
W	Rr	2134	0.096	2014	06	15
W	Rr	4851	0.218	2014	06	08
W	Rr	2293	0.103	2014	06	01
W	Rr	3180	0.143	2014	05	25
W	Rr	1468	0.066	2014	05	18
W	Rr	1808	0.081	2014	05	11
W	Rr	1998	0.090	2014	05	04
W	Rr	1876	0.084	2014	04	27
W	Rr	2330	0.105	2014	04	20
W	Rr	2565	0.115	2014	04	13
W	Rr	2652	0.119	2014	04	06
W	Rr	2574	0.116	2014	03	30
W	Rr	1186	0.053	2014	03	23
W	Rr	1305	0.059	2014	03	16
W	Rr	2273	0.102	2014	03	09
W	Rr	2231	0.100	2014	03	02
W	Rr	1925	0.087	2014	02	23
W	Rr	7060	0.318	2014	02	16
W	Rr	2854	0.129	2014	02	09
W	Rr	3190	0.144	2014	02	02
W	Rr	3743	0.169	2014	01	26
W	Rr	3643	0.164	2014	01	19
W	Rr	2961	0.133	2014	01	12
W	Rr	2319	0.104	2014	01	05
W	Rr	981	0.044	2013	12	29
W	Rr	1108	0.050	2013	12	22
W	Rr	1226	0.055	2013	12	15
W	Rr	1285	0.058	2013	12	08
W	Rr	1289	0.058	2013	12	01
W	Rr	1404	0.063	2013	11	24
W	Rr	1142	0.051	2013	11	17
W	Rr	1334	0.060	2013	11	10
W	Rr	1277	0.057	2013	11	03
W	Rr	1035	0.047	2013	10	27
W	Rr	1309	0.059	2013	10	20
W	Rr	1302	0.059	2013	10	13
W	Rr	1432	0.064	2013	10	06
W	Rr	1178	0.053	2013	09	29
W	Rr	947	0.043	2013	09	22
W	Rr	1254	0.056	2013	09	15
W	Rr	1099	0.049	2013	09	08
W	Rr	1053	0.047	2013	09	01
W	Rr	1010	0.045	2013	08	25
W	Rr	1102	0.050	2013	08	18
W	Rr	1063	0.048	2013	08	11
W	Rr	1105	0.050	2013	08	04
W	Rr	1377	0.062	2013	07	28
W	Rr	1498	0.067	2013	07	21
W	Rr	1295	0.058	2013	07	14
W	Rr	1237	0.056	2013	07	07
W	Rr	1003	0.045	2013	06	30
W	Rr	1275	0.057	2013	06	23
W	Rr	1072	0.048	2013	06	16
W	Rr	1249	0.056	2013	06	09
W	Rr	1521	0.068	2013	06	02
W	Rr	1256	0.057	2013	05	26
W	Rr	1091	0.049	2013	05	19
W	Rr	1359	0.061	2013	05	12
W	Rr	1130	0.051	2013	05	05
W	Rr	1215	0.055	2013	04	28
W	Rr	1368	0.062	2013	04	21
W	Rr	1318	0.059	2013	04	14
W	Rr	1408	0.063	2013	04	07
W	Rr	1277	0.057	2013	03	31
W	Rr	1452	0.065	2013	03	24
W	Rr	1418	0.064	2013	03	17
W	Rr	1217	0.055	2013	03	10
W	Rr	1490	0.067	2013	03	03
W	Rr	1353	0.061	2013	02	24
W	Rr	1268	0.057	2013	02	17
W	Rr	1274	0.057	2013	02	10
W	Rr	1153	0.052	2013	02	03
W	Rr	1266	0.057	2013	01	27
W	Rr	1271	0.057	2013	01	20
W	Rr	1449	0.065	2013	01	13
W	Rr	1253	0.056	2013	01	06
W	Rr	1309	0.059	2012	12	30
W	Rr	1156	0.052	2012	12	23
W	Rr	1336	0.060	2012	12	16
W	Rr	1575	0.071	2012	12	09
W	Rr	1087	0.049	2012	12	02
W	Rr	1376	0.062	2012	11	25
W	Rr	1136	0.051	2012	11	18
W	Rr	1341	0.060	2012	11	11
W	Rr	1418	0.064	2012	11	04
W	Rr	1103	0.050	2012	10	28
W	Rr	1200	0.054	2012	10	21
W	Rr	1382	0.062	2012	10	14
W	Rr	1127	0.051	2012	10	07
W	Rr	1187	0.053	2012	09	30
W	Rr	1172	0.053	2012	09	23
W	Rr	1034	0.047	2012	09	16
W	Rr	944	0.043	2012	09	09
W	Rr	958	0.043	2012	09	02
W	Rr	734	0.033	2012	08	26
W	Rr	881	0.040	2012	08	19
W	Rr	874	0.039	2012	08	12
W	Rr	973	0.044	2012	08	05
W	Rr	1010	0.045	2012	07	29
W	Rr	943	0.042	2012	07	22
W	Rr	1089	0.049	2012	07	15
W	Rr	888	0.040	2012	07	08
W	Rr	845	0.038	2012	07	01
W	Rr	1070	0.048	2012	06	24
W	Rr	1050	0.047	2012	06	17
W	Rr	1271	0.057	2012	06	10
W	Rr	957	0.043	2012	06	03
W	Rr	1249	0.056	2012	05	27
W	Rr	1055	0.048	2012	05	20
W	Rr	1392	0.063	2012	05	13
W	Rr	1140	0.051	2012	05	06
W	Rr	1807	0.081	2012	04	29
W	Rr	1225	0.055	2012	04	22
W	Rr	1264	0.057	2012	04	15
W	Rr	1075	0.048	2012	04	08
W	Rr	1261	0.057	2012	04	01
W	Rr	1345	0.061	2012	03	25
W	Rr	1254	0.056	2012	03	18
W	Rr	1478	0.067	2012	03	11
W	Rr	1503	0.068	2012	03	04
W	Rr	1532	0.069	2012	02	26
W	Rr	1464	0.066	2012	02	19
W	Rr	1154	0.052	2012	02	12
W	Rr	1240	0.056	2012	02	05
W	Rr	1088	0.049	2012	01	29
W	Rr	1125	0.051	2012	01	22
W	Rr	60	0.003	2012	01	15
W	Rr	1472	0.066	2012	01	08
W	Rr	1122	0.051	2012	01	01
W	Rr	888	0.040	2011	12	25
W	Rr	1360	0.061	2011	12	18
W	Rr	1486	0.067	2011	12	11
W	Rr	1330	0.060	2011	12	04
W	Rr	1094	0.049	2011	11	27
W	Rr	1062	0.048	2011	11	20
W	Rr	1123	0.051	2011	11	13
W	Rr	975	0.044	2011	11	06
W	Rr	1264	0.057	2011	10	30
W	Rr	1140	0.051	2011	10	23
W	Rr	1211	0.055	2011	10	16
W	Rr	1236	0.056	2011	10	09
W	Rr	1128	0.051	2011	10	02
W	Rr	1083	0.049	2011	09	25
W	Rr	1451	0.065	2011	09	18
W	Rr	1278	0.058	2011	09	11
W	Rr	1219	0.055	2011	09	04
W	Rr	1316	0.059	2011	08	28
W	Rr	1119	0.050	2011	08	21
W	Rr	1484	0.067	2011	08	14
W	Rr	1671	0.075	2011	08	07
W	Rr	1319	0.059	2011	07	31
W	Rr	1197	0.054	2011	07	24
W	Rr	1504	0.068	2011	07	17
W	Rr	1367	0.062	2011	07	10
W	Rr	1205	0.054	2011	07	03
W	Rr	1333	0.060	2011	06	26
W	Rr	1059	0.048	2011	06	19
W	Rr	1353	0.061	2011	06	12
W	Rr	1275	0.057	2011	06	05
W	Rr	983	0.044	2011	05	29
W	Rr	1262	0.057	2011	05	22
W	Rr	1374	0.062	2011	05	15
W	Rr	1076	0.048	2011	05	08
W	Rr	0	0.000	2011	05	01
W	Rr	0	0.000	2011	04	24
W	Rr	0	0.000	2011	04	17
W	Rr	0	0.000	2011	04	10
W	Rr	0	0.000	2011	04	03
W	Rr	0	0.000	2011	03	27
W	Rr	24	0.001	2011	03	20
W	Rr	1317	0.059	2011	03	13
W	Rr	1258	0.057	2011	03	06
W	Rr	1372	0.062	2011	02	27
W	Rr	1226	0.055	2011	02	20
W	Rr	1524	0.069	2011	02	13
W	Rr	1366	0.062	2011	02	06
W	Rr	958	0.043	2011	01	30
W	Rr	1273	0.057	2011	01	23
W	Rr	1560	0.070	2011	01	16
W	Rr	1472	0.066	2011	01	09
W	Rr	1310	0.059	2011	01	02
W	Rr	798	0.036	2010	12	26
W	Rr	935	0.042	2010	12	19
W	Rr	0	0.000	2010	12	12
W	Rr	0	0.000	2010	12	05
W	Rr	0	0.000	2010	11	28
W	Rr	0	0.000	2010	11	21
W	Rr	0	0.000	2010	11	14
W	Rr	0	0.000	2010	11	07
W	Rr	0	0.000	2010	10	31
W	Rr	0	0.000	2010	10	24
W	Rr	0	0.000	2010	10	17
W	Rr	0	0.000	2010	10	10
W	Rr	0	0.000	2010	10	03
W	Rr	0	0.000	2010	09	26
W	Rr	0	0.000	2010	09	19
W	Rr	0	0.000	2010	09	12
W	Rr	0	0.000	2010	09	05
W	Rr	0	0.000	2010	08	29
W	Rr	0	0.000	2010	08	22
W	Rr	0	0.000	2010	08	15
W	Rr	0	0.000	2010	08	08
W	Rr	0	0.000	2010	08	01
W	Rr	0	0.000	2010	07	25
W	Rr	0	0.000	2010	07	18
W	Rr	0	0.000	2010	07	11
W	Rr	0	0.000	2010	07	04
W	Rr	15	0.001	2010	06	27
W	Rr	914	0.041	2010	06	20
W	Rr	1104	0.050	2010	06	13
W	Rr	1096	0.049	2010	06	06
W	Rr	1171	0.053	2010	05	30
W	Rr	1115	0.050	2010	05	23
W	Rr	1170	0.053	2010	05	16
W	Rr	1334	0.060	2010	05	09
W	Rr	1109	0.050	2010	05	02
W	Rr	1067	0.048	2010	04	25
W	Rr	1212	0.055	2010	04	18
W	Rr	1054	0.047	2010	04	11
W	Rr	1325	0.060	2010	04	04
W	Rr	811	0.037	2010	03	28
W	Rr	1195	0.054	2010	03	21
W	Rr	1338	0.060	2010	03	14
W	Rr	1113	0.050	2010	03	07
W	Rr	1103	0.050	2010	02	28
W	Rr	1290	0.058	2010	02	21
W	Rr	0	0.000	2010	02	14
W	Rr	0	0.000	2010	02	07
W	Rr	0	0.000	2010	01	31
W	Rr	0	0.000	2010	01	24
W	Rr	0	0.000	2010	01	17
W	Rr	0	0.000	2010	01	10
W	Rr	0	0.000	2010	01	03
W	Rr	78	0.004	2009	12	27
W	Rr	945	0.043	2009	12	20
W	Rr	1140	0.051	2009	12	13
W	Rr	1323	0.060	2009	12	06
W	Rr	1518	0.068	2009	11	29
W	Rr	1352	0.061	2009	11	22
W	Rr	1346	0.061	2009	11	15
W	Rr	1416	0.064	2009	11	08
W	Rr	1734	0.078	2009	11	01
W	Rr	1035	0.047	2009	10	25
W	Rr	1297	0.058	2009	10	18
W	Rr	1267	0.057	2009	10	11
W	Rr	1440	0.065	2009	10	04
W	Rr	1521	0.068	2009	09	27
W	Rr	1121	0.050	2009	09	20
W	Rr	875	0.039	2009	09	13
W	Rr	1032	0.046	2009	09	06
W	Rr	1283	0.058	2009	08	30
W	Rr	1214	0.055	2009	08	23
W	Rr	1402	0.063	2009	08	16
W	Rr	1260	0.057	2009	08	09
W	Rr	1404	0.063	2009	08	02
W	Rr	1380	0.062	2009	07	26
W	Rr	1470	0.066	2009	07	19
W	Rr	1750	0.079	2009	07	12
W	Rr	1847	0.083	2009	07	05
W	Rr	1889	0.085	2009	06	28
W	Rr	1312	0.059	2009	06	21
W	Rr	1093	0.049	2009	06	14
W	Rr	1363	0.061	2009	06	07
W	Rr	1251	0.056	2009	05	31
W	Rr	1352	0.061	2009	05	24
W	Rr	1133	0.051	2009	05	17
W	Rr	1887	0.085	2009	05	10
W	Rr	1369	0.062	2009	05	03
W	Rr	1089	0.049	2009	04	26
W	Rr	1160	0.052	2009	04	19
W	Rr	1189	0.054	2009	04	12
W	Rr	1529	0.069	2009	04	05
W	Rr	1155	0.052	2009	03	29
W	Rr	1230	0.055	2009	03	22
W	Rr	1029	0.046	2009	03	15
W	Rr	1234	0.056	2009	03	08
W	Rr	1486	0.067	2009	03	01
W	Rr	1470	0.066	2009	02	22
W	Rr	1198	0.054	2009	02	15
W	Rr	1802	0.081	2009	02	08
W	Rr	1653	0.074	2009	02	01
W	Rr	1346	0.061	2009	01	25
W	Rr	1431	0.064	2009	01	18
W	Rr	1678	0.076	2009	01	11
W	Rr	1591	0.072	2009	01	04
W	Rr	886	0.040	2008	12	28
W	Rr	1148	0.052	2008	12	21
W	Rr	1428	0.064	2008	12	14
W	Rr	1508	0.068	2008	12	07
W	Rr	1194	0.054	2008	11	30
W	Rr	1070	0.048	2008	11	23
W	Rr	1396	0.063	2008	11	16
W	Rr	1255	0.057	2008	11	09
W	Rr	1314	0.059	2008	11	02
W	Rr	1397	0.063	2008	10	26
W	Rr	1638	0.074	2008	10	19
W	Rr	1298	0.058	2008	10	12
W	Rr	430	0.019	2008	10	05
W	Rr	723	0.033	2008	09	28
W	Rr	1308	0.059	2008	09	21
W	Rr	1242	0.056	2008	09	14
W	Rr	1409	0.063	2008	09	07
W	Rr	1142	0.051	2008	08	31
W	Rr	1022	0.046	2008	08	24
W	Rr	1062	0.048	2008	08	17
W	Rr	1188	0.053	2008	08	10
W	Rr	1232	0.055	2008	08	03
W	Rr	1050	0.047	2008	07	27
W	Rr	1272	0.057	2008	07	20
W	Rr	1305	0.059	2008	07	13
W	Rr	1093	0.049	2008	07	06
W	Rr	1182	0.053	2008	06	29
W	Rr	1937	0.087	2008	06	22
W	Rr	1493	0.067	2008	06	15
W	Rr	1083	0.049	2008	06	08
W	Rr	1283	0.058	2008	06	01
W	Rr	1432	0.064	2008	05	25
W	Rr	1726	0.078	2008	05	18
W	Rr	1580	0.071	2008	05	11
W	Rr	2661	0.120	2008	05	04
W	Rr	3648	0.164	2008	04	27
W	Rr	1400	0.063	2008	04	20
W	Rr	1365	0.061	2008	04	13
W	Rr	1213	0.055	2008	04	06
W	Rr	1670	0.075	2008	03	30
W	Rr	1211	0.055	2008	03	23
W	Rr	1144	0.052	2008	03	16
W	Rr	1301	0.059	2008	03	09
W	Rr	1292	0.058	2008	03	02
W	Rr	1427	0.064	2008	02	24
W	Rr	2207	0.099	2008	02	17
W	Rr	1124	0.051	2008	02	10
W	Rr	1561	0.070	2008	02	03
W	Rr	1533	0.069	2008	01	27
W	Rr	1389	0.063	2008	01	20
W	Rr	1133	0.051	2008	01	13
W	Rr	1404	0.063	2008	01	06
W	Rr	976	0.044	2007	12	30
W	Rr	801	0.036	2007	12	23
W	Rr	675	0.030	2007	12	16
W	*BT	R	26220	2024	01	28
D	Rr	48	0.002	2024	09	26
D	Rr	446	0.020	2024	09	25
D	Rr	675	0.030	2024	09	24
D	Rr	1599	0.072	2024	09	23
D	Rr	1450	0.065	2024	09	22
D	Rr	2296	0.103	2024	09	21
D	Rr	1782	0.080	2024	09	20
D	Rr	3210	0.145	2024	09	19
D	Rr	2484	0.112	2024	09	18
D	Rr	2886	0.130	2024	09	17
D	Rr	3342	0.150	2024	09	16
D	Rr	1674	0.075	2024	09	15
D	Rr	2520	0.113	2024	09	14
D	Rr	2478	0.112	2024	09	13
D	Rr	3840	0.173	2024	09	12
D	Rr	2418	0.109	2024	09	11
D	Rr	2550	0.115	2024	09	10
D	Rr	2544	0.115	2024	09	09
D	Rr	1956	0.088	2024	09	08
D	Rr	1818	0.082	2024	09	07
D	Rr	2712	0.122	2024	09	06
D	Rr	2358	0.106	2024	09	05
D	Rr	1986	0.089	2024	09	04
D	Rr	2184	0.098	2024	09	03
D	Rr	2580	0.116	2024	09	02
D	Rr	2322	0.105	2024	09	01
D	Rr	2418	0.109	2024	08	31
D	Rr	2538	0.114	2024	08	30
D	Rr	3336	0.150	2024	08	29
D	Rr	4086	0.184	2024	08	28
D	Rr	2574	0.116	2024	08	27
D	Rr	1626	0.073	2024	08	26
D	Rr	1770	0.080	2024	08	25
D	Rr	1662	0.075	2024	08	24
D	Rr	1644	0.074	2024	08	23
D	Rr	2148	0.097	2024	08	22
D	Rr	2496	0.112	2024	08	21
D	Rr	3198	0.144	2024	08	20
D	Rr	2274	0.102	2024	08	19
D	Rr	2304	0.104	2024	08	18
D	Rr	2022	0.091	2024	08	17
D	Rr	1776	0.080	2024	08	16
D	*BT	R	9912	2024	01	29
d	Rr	262404	11.815	Sun
d	Rr	358157	16.126	Mon
d	Rr	360143	16.216	Tue
d	Rr	358100	16.124	Wed
d	Rr	349325	15.729	Thu
d	Rr	324609	14.616	Fri
d	Rr	208204	9.375	Sat
H	Rr	3	0.000	2024	09	26	04
H	Rr	26	0.001	2024	09	26	03
H	Rr	11	0.000	2024	09	26	02
H	Rr	5	0.000	2024	09	26	01
H	Rr	3	0.000	2024	09	26	00
H	Rr	5	0.000	2024	09	25	23
H	Rr	21	0.001	2024	09	25	22
H	Rr	14	0.001	2024	09	25	21
H	Rr	9	0.000	2024	09	25	20
H	Rr	66	0.003	2024	09	25	19
H	Rr	25	0.001	2024	09	25	18
H	Rr	4	0.000	2024	09	25	17
H	Rr	30	0.001	2024	09	25	16
H	Rr	16	0.001	2024	09	25	15
H	Rr	9	0.000	2024	09	25	14
H	Rr	10	0.000	2024	09	25	13
H	Rr	6	0.000	2024	09	25	12
H	Rr	50	0.002	2024	09	25	11
H	Rr	8	0.000	2024	09	25	10
H	Rr	3	0.000	2024	09	25	09
H	Rr	11	0.000	2024	09	25	08
H	Rr	6	0.000	2024	09	25	07
H	Rr	10	0.000	2024	09	25	06
H	Rr	5	0.000	2024	09	25	05
H	Rr	20	0.001	2024	09	25	04
H	Rr	10	0.000	2024	09	25	03
H	Rr	82	0.004	2024	09	25	02
H	Rr	4	0.000	2024	09	25	01
H	Rr	22	0.001	2024	09	25	00
H	Rr	18	0.001	2024	09	24	23
H	Rr	10	0.000	2024	09	24	22
H	Rr	0	0.000	2024	09	24	21
H	Rr	10	0.000	2024	09	24	20
H	Rr	14	0.001	2024	09	24	19
H	Rr	118	0.005	2024	09	24	18
H	Rr	32	0.001	2024	09	24	17
H	Rr	4	0.000	2024	09	24	16
H	Rr	24	0.001	2024	09	24	15
H	Rr	4	0.000	2024	09	24	14
H	Rr	78	0.004	2024	09	24	13
H	Rr	12	0.001	2024	09	24	12
H	Rr	90	0.004	2024	09	24	11
H	Rr	10	0.000	2024	09	24	10
H	Rr	82	0.004	2024	09	24	09
H	Rr	14	0.001	2024	09	24	08
H	Rr	0	0.000	2024	09	24	07
H	Rr	14	0.001	2024	09	24	06
H	Rr	66	0.003	2024	09	24	05
H	Rr	15	0.001	2024	09	24	04
H	Rr	9	0.000	2024	09	24	03
H	Rr	15	0.001	2024	09	24	02
H	Rr	9	0.000	2024	09	24	01
H	Rr	27	0.001	2024	09	24	00
H	Rr	18	0.001	2024	09	23	23
H	Rr	33	0.001	2024	09	23	22
H	Rr	120	0.005	2024	09	23	21
H	Rr	87	0.004	2024	09	23	20
H	Rr	120	0.005	2024	09	23	19
H	Rr	21	0.001	2024	09	23	18
H	Rr	261	0.012	2024	09	23	17
H	Rr	198	0.009	2024	09	23	16
H	Rr	135	0.006	2024	09	23	15
H	Rr	18	0.001	2024	09	23	14
H	Rr	6	0.000	2024	09	23	13
H	Rr	3	0.000	2024	09	23	12
H	Rr	21	0.001	2024	09	23	11
H	Rr	9	0.000	2024	09	23	10
H	Rr	9	0.000	2024	09	23	09
H	Rr	15	0.001	2024	09	23	08
H	Rr	147	0.007	2024	09	23	07
H	Rr	27	0.001	2024	09	23	06
H	Rr	87	0.004	2024	09	23	05
H	*BT	R	1638	2024	01	29	20
h	Rr	86165	3.880	00
h	Rr	80320	3.616	01
h	Rr	82615	3.720	02
h	Rr	84894	3.822	03
h	Rr	84497	3.805	04
h	Rr	87723	3.950	05
h	Rr	77877	3.506	06
h	Rr	76603	3.449	07
h	Rr	69641	3.136	08
h	Rr	69959	3.150	09
h	Rr	73108	3.292	10
h	Rr	77049	3.469	11
h	Rr	75918	3.418	12
h	Rr	83839	3.775	13
h	Rr	103233	4.648	14
h	Rr	108429	4.882	15
h	Rr	124394	5.601	16
h	Rr	124101	5.588	17
h	Rr	124458	5.604	18
h	Rr	116688	5.254	19
h	Rr	114012	5.133	20
h	Rr	105113	4.733	21
h	Rr	99133	4.464	22
h	Rr	91173	4.105	23
4	Rr	1	0.000	2024	09	26	04	30
4	Rr	1	0.000	2024	09	26	04	15
4	Rr	1	0.000	2024	09	26	04	00
4	Rr	26	0.001	2024	09	26	03	45
4	Rr	0	0.000	2024	09	26	03	30
4	Rr	0	0.000	2024	09	26	03	15
4	Rr	0	0.000	2024	09	26	03	00
4	Rr	3	0.000	2024	09	26	02	45
4	Rr	1	0.000	2024	09	26	02	30
4	Rr	3	0.000	2024	09	26	02	15
4	Rr	4	0.000	2024	09	26	02	00
4	Rr	0	0.000	2024	09	26	01	45
4	Rr	3	0.000	2024	09	26	01	30
4	Rr	2	0.000	2024	09	26	01	15
4	Rr	0	0.000	2024	09	26	01	00
4	Rr	0	0.000	2024	09	26	00	45
4	Rr	1	0.000	2024	09	26	00	30
4	Rr	1	0.000	2024	09	26	00	15
4	Rr	1	0.000	2024	09	26	00	00
4	Rr	1	0.000	2024	09	25	23	45
4	Rr	2	0.000	2024	09	25	23	30
4	Rr	1	0.000	2024	09	25	23	15
4	Rr	1	0.000	2024	09	25	23	00
4	Rr	1	0.000	2024	09	25	22	45
4	Rr	17	0.001	2024	09	25	22	30
4	Rr	0	0.000	2024	09	25	22	15
4	Rr	3	0.000	2024	09	25	22	00
4	Rr	6	0.000	2024	09	25	21	45
4	Rr	0	0.000	2024	09	25	21	30
4	Rr	7	0.000	2024	09	25	21	15
4	Rr	1	0.000	2024	09	25	21	00
4	Rr	0	0.000	2024	09	25	20	45
4	Rr	3	0.000	2024	09	25	20	30
4	Rr	5	0.000	2024	09	25	20	15
4	Rr	1	0.000	2024	09	25	20	00
4	Rr	2	0.000	2024	09	25	19	45
4	Rr	33	0.001	2024	09	25	19	30
4	Rr	31	0.001	2024	09	25	19	15
4	Rr	0	0.000	2024	09	25	19	00
4	Rr	21	0.001	2024	09	25	18	45
4	Rr	2	0.000	2024	09	25	18	30
4	Rr	1	0.000	2024	09	25	18	15
4	Rr	1	0.000	2024	09	25	18	00
4	Rr	1	0.000	2024	09	25	17	45
4	Rr	0	0.000	2024	09	25	17	30
4	Rr	1	0.000	2024	09	25	17	15
4	Rr	2	0.000	2024	09	25	17	00
4	Rr	3	0.000	2024	09	25	16	45
4	Rr	0	0.000	2024	09	25	16	30
4	Rr	1	0.000	2024	09	25	16	15
4	Rr	26	0.001	2024	09	25	16	00
4	Rr	2	0.000	2024	09	25	15	45
4	Rr	8	0.000	2024	09	25	15	30
4	Rr	4	0.000	2024	09	25	15	15
4	Rr	2	0.000	2024	09	25	15	00
4	Rr	5	0.000	2024	09	25	14	45
4	Rr	0	0.000	2024	09	25	14	30
4	Rr	1	0.000	2024	09	25	14	15
4	Rr	3	0.000	2024	09	25	14	00
4	Rr	3	0.000	2024	09	25	13	45
4	Rr	2	0.000	2024	09	25	13	30
4	Rr	5	0.000	2024	09	25	13	15
4	Rr	0	0.000	2024	09	25	13	00
4	Rr	1	0.000	2024	09	25	12	45
4	Rr	3	0.000	2024	09	25	12	30
4	Rr	1	0.000	2024	09	25	12	15
4	Rr	1	0.000	2024	09	25	12	00
4	Rr	4	0.000	2024	09	25	11	45
4	Rr	2	0.000	2024	09	25	11	30
4	Rr	43	0.002	2024	09	25	11	15
4	Rr	1	0.000	2024	09	25	11	00
4	Rr	1	0.000	2024	09	25	10	45
4	Rr	5	0.000	2024	09	25	10	30
4	Rr	1	0.000	2024	09	25	10	15
4	Rr	1	0.000	2024	09	25	10	00
4	Rr	2	0.000	2024	09	25	09	45
4	Rr	0	0.000	2024	09	25	09	30
4	Rr	0	0.000	2024	09	25	09	15
4	Rr	1	0.000	2024	09	25	09	00
4	Rr	6	0.000	2024	09	25	08	45
4	Rr	1	0.000	2024	09	25	08	30
4	Rr	3	0.000	2024	09	25	08	15
4	Rr	1	0.000	2024	09	25	08	00
4	Rr	4	0.000	2024	09	25	07	45
4	Rr	0	0.000	2024	09	25	07	30
4	Rr	1	0.000	2024	09	25	07	15
4	Rr	1	0.000	2024	09	25	07	00
4	Rr	1	0.000	2024	09	25	06	45
4	Rr	5	0.000	2024	09	25	06	30
4	Rr	1	0.000	2024	09	25	06	15
4	Rr	3	0.000	2024	09	25	06	00
4	Rr	1	0.000	2024	09	25	05	45
4	Rr	4	0.000	2024	09	25	05	30
4	Rr	0	0.000	2024	09	25	05	15
4	Rr	0	0.000	2024	09	25	05	00
4	Rr	2	0.000	2024	09	25	04	45
4	*BT	R	1068	2024	05	06	16	00
6	Rr	22992	1.035	00	00
6	Rr	20714	0.933	00	15
6	Rr	21846	0.984	00	30
6	Rr	20613	0.928	00	45
6	Rr	18510	0.833	01	00
6	Rr	20533	0.925	01	15
6	Rr	19776	0.890	01	30
6	Rr	21501	0.968	01	45
6	Rr	18729	0.843	02	00
6	Rr	22194	0.999	02	15
6	Rr	20798	0.936	02	30
6	Rr	20894	0.941	02	45
6	Rr	20785	0.936	03	00
6	Rr	20933	0.943	03	15
6	Rr	20046	0.903	03	30
6	Rr	23130	1.041	03	45
6	Rr	21486	0.967	04	00
6	Rr	19061	0.858	04	15
6	Rr	21406	0.964	04	30
6	Rr	22544	1.015	04	45
6	Rr	19322	0.870	05	00
6	Rr	22539	1.015	05	15
6	Rr	21932	0.988	05	30
6	Rr	23930	1.077	05	45
6	Rr	21248	0.957	06	00
6	Rr	18342	0.826	06	15
6	Rr	20900	0.941	06	30
6	Rr	17387	0.783	06	45
6	Rr	19376	0.872	07	00
6	Rr	19444	0.875	07	15
6	Rr	18435	0.830	07	30
6	Rr	19348	0.871	07	45
6	Rr	16753	0.754	08	00
6	Rr	17487	0.787	08	15
6	Rr	18492	0.833	08	30
6	Rr	16909	0.761	08	45
6	Rr	16712	0.752	09	00
6	Rr	17604	0.793	09	15
6	Rr	18801	0.847	09	30
6	Rr	16842	0.758	09	45
6	Rr	16600	0.747	10	00
6	Rr	17339	0.781	10	15
6	Rr	20775	0.935	10	30
6	Rr	18394	0.828	10	45
6	Rr	20160	0.908	11	00
6	Rr	19992	0.900	11	15
6	Rr	19122	0.861	11	30
6	Rr	17775	0.800	11	45
6	Rr	19173	0.863	12	00
6	Rr	18264	0.822	12	15
6	Rr	18675	0.841	12	30
6	Rr	19806	0.892	12	45
6	Rr	19849	0.894	13	00
6	Rr	21300	0.959	13	15
6	Rr	21369	0.962	13	30
6	Rr	21321	0.960	13	45
6	Rr	25048	1.128	14	00
6	Rr	27223	1.226	14	15
6	Rr	25313	1.140	14	30
6	Rr	25649	1.155	14	45
6	Rr	26037	1.172	15	00
6	Rr	26638	1.199	15	15
6	Rr	28640	1.290	15	30
6	Rr	27114	1.221	15	45
6	Rr	31378	1.413	16	00
6	Rr	31722	1.428	16	15
6	Rr	29728	1.339	16	30
6	Rr	31566	1.421	16	45
6	Rr	31436	1.415	17	00
6	Rr	31145	1.402	17	15
6	Rr	30903	1.391	17	30
6	Rr	30617	1.379	17	45
6	Rr	34862	1.570	18	00
6	Rr	28387	1.278	18	15
6	Rr	30724	1.383	18	30
6	Rr	30485	1.373	18	45
6	Rr	30922	1.392	19	00
6	Rr	26281	1.183	19	15
6	Rr	27707	1.248	19	30
6	Rr	31778	1.431	19	45
6	Rr	28046	1.263	20	00
6	Rr	29199	1.315	20	15
6	Rr	28605	1.288	20	30
6	Rr	28162	1.268	20	45
6	Rr	26654	1.200	21	00
6	Rr	27890	1.256	21	15
6	Rr	24756	1.115	21	30
6	Rr	25813	1.162	21	45
6	Rr	24126	1.086	22	00
6	Rr	26109	1.176	22	15
6	Rr	24918	1.122	22	30
6	Rr	23980	1.080	22	45
6	Rr	25161	1.133	23	00
6	Rr	25137	1.132	23	15
6	Rr	19580	0.882	23	30
6	Rr	21295	0.959	23	45
5	Rr	1	0.000	2024	09	26	04	35
5	Rr	0	0.000	2024	09	26	04	30
5	Rr	0	0.000	2024	09	26	04	25
5	Rr	1	0.000	2024	09	26	04	20
5	Rr	0	0.000	2024	09	26	04	15
5	Rr	1	0.000	2024	09	26	04	10
5	Rr	0	0.000	2024	09	26	04	05
5	Rr	0	0.000	2024	09	26	04	00
5	Rr	26	0.001	2024	09	26	03	55
5	Rr	0	0.000	2024	09	26	03	50
5	Rr	0	0.000	2024	09	26	03	45
5	Rr	0	0.000	2024	09	26	03	40
5	Rr	0	0.000	2024	09	26	03	35
5	Rr	0	0.000	2024	09	26	03	30
5	Rr	0	0.000	2024	09	26	03	25
5	Rr	0	0.000	2024	09	26	03	20
5	Rr	0	0.000	2024	09	26	03	15
5	Rr	0	0.000	2024	09	26	03	10
5	Rr	0	0.000	2024	09	26	03	05
5	Rr	0	0.000	2024	09	26	03	00
5	Rr	1	0.000	2024	09	26	02	55
5	Rr	0	0.000	2024	09	26	02	50
5	Rr	2	0.000	2024	09	26	02	45
5	Rr	0	0.000	2024	09	26	02	40
5	Rr	1	0.000	2024	09	26	02	35
5	Rr	0	0.000	2024	09	26	02	30
5	Rr	2	0.000	2024	09	26	02	25
5	Rr	0	0.000	2024	09	26	02	20
5	Rr	1	0.000	2024	09	26	02	15
5	Rr	0	0.000	2024	09	26	02	10
5	Rr	3	0.000	2024	09	26	02	05
5	Rr	1	0.000	2024	09	26	02	00
5	Rr	0	0.000	2024	09	26	01	55
5	Rr	0	0.000	2024	09	26	01	50
5	Rr	0	0.000	2024	09	26	01	45
5	Rr	0	0.000	2024	09	26	01	40
5	Rr	2	0.000	2024	09	26	01	35
5	Rr	1	0.000	2024	09	26	01	30
5	Rr	2	0.000	2024	09	26	01	25
5	Rr	0	0.000	2024	09	26	01	20
5	Rr	0	0.000	2024	09	26	01	15
5	Rr	0	0.000	2024	09	26	01	10
5	Rr	0	0.000	2024	09	26	01	05
5	Rr	0	0.000	2024	09	26	01	00
5	Rr	0	0.000	2024	09	26	00	55
5	Rr	0	0.000	2024	09	26	00	50
5	Rr	0	0.000	2024	09	26	00	45
5	Rr	0	0.000	2024	09	26	00	40
5	Rr	1	0.000	2024	09	26	00	35
5	Rr	0	0.000	2024	09	26	00	30
5	Rr	0	0.000	2024	09	26	00	25
5	Rr	0	0.000	2024	09	26	00	20
5	Rr	1	0.000	2024	09	26	00	15
5	Rr	0	0.000	2024	09	26	00	10
5	Rr	1	0.000	2024	09	26	00	05
5	Rr	0	0.000	2024	09	26	00	00
5	Rr	0	0.000	2024	09	25	23	55
5	Rr	1	0.000	2024	09	25	23	50
5	Rr	0	0.000	2024	09	25	23	45
5	Rr	0	0.000	2024	09	25	23	40
5	Rr	2	0.000	2024	09	25	23	35
5	Rr	0	0.000	2024	09	25	23	30
5	Rr	0	0.000	2024	09	25	23	25
5	Rr	1	0.000	2024	09	25	23	20
5	Rr	0	0.000	2024	09	25	23	15
5	Rr	0	0.000	2024	09	25	23	10
5	Rr	1	0.000	2024	09	25	23	05
5	Rr	0	0.000	2024	09	25	23	00
5	Rr	0	0.000	2024	09	25	22	55
5	Rr	1	0.000	2024	09	25	22	50
5	Rr	0	0.000	2024	09	25	22	45
5	Rr	1	0.000	2024	09	25	22	40
5	Rr	0	0.000	2024	09	25	22	35
5	Rr	16	0.001	2024	09	25	22	30
5	Rr	0	0.000	2024	09	25	22	25
5	Rr	0	0.000	2024	09	25	22	20
5	Rr	0	0.000	2024	09	25	22	15
5	Rr	1	0.000	2024	09	25	22	10
5	Rr	1	0.000	2024	09	25	22	05
5	Rr	1	0.000	2024	09	25	22	00
5	Rr	6	0.000	2024	09	25	21	55
5	Rr	0	0.000	2024	09	25	21	50
5	Rr	0	0.000	2024	09	25	21	45
5	Rr	0	0.000	2024	09	25	21	40
5	Rr	0	0.000	2024	09	25	21	35
5	Rr	0	0.000	2024	09	25	21	30
5	Rr	5	0.000	2024	09	25	21	25
5	Rr	1	0.000	2024	09	25	21	20
5	Rr	1	0.000	2024	09	25	21	15
5	Rr	0	0.000	2024	09	25	21	10
5	Rr	1	0.000	2024	09	25	21	05
5	Rr	0	0.000	2024	09	25	21	00
5	Rr	0	0.000	2024	09	25	20	55
5	Rr	0	0.000	2024	09	25	20	50
5	Rr	0	0.000	2024	09	25	20	45
5	Rr	1	0.000	2024	09	25	20	40
5	Rr	0	0.000	2024	09	25	20	35
5	Rr	2	0.000	2024	09	25	20	30
5	Rr	0	0.000	2024	09	25	20	25
5	Rr	4	0.000	2024	09	25	20	20
5	Rr	1	0.000	2024	09	25	20	15
5	Rr	1	0.000	2024	09	25	20	10
5	Rr	0	0.000	2024	09	25	20	05
5	Rr	0	0.000	2024	09	25	20	00
5	Rr	0	0.000	2024	09	25	19	55
5	Rr	2	0.000	2024	09	25	19	50
5	Rr	0	0.000	2024	09	25	19	45
5	Rr	0	0.000	2024	09	25	19	40
5	Rr	33	0.001	2024	09	25	19	35
5	Rr	0	0.000	2024	09	25	19	30
5	Rr	31	0.001	2024	09	25	19	25
5	Rr	0	0.000	2024	09	25	19	20
5	Rr	0	0.000	2024	09	25	19	15
5	Rr	0	0.000	2024	09	25	19	10
5	Rr	0	0.000	2024	09	25	19	05
5	Rr	0	0.000	2024	09	25	19	00
5	Rr	0	0.000	2024	09	25	18	55
5	Rr	0	0.000	2024	09	25	18	50
5	Rr	21	0.001	2024	09	25	18	45
5	Rr	1	0.000	2024	09	25	18	40
5	Rr	0	0.000	2024	09	25	18	35
5	Rr	1	0.000	2024	09	25	18	30
5	Rr	0	0.000	2024	09	25	18	25
5	Rr	1	0.000	2024	09	25	18	20
5	Rr	0	0.000	2024	09	25	18	15
5	Rr	1	0.000	2024	09	25	18	10
5	Rr	0	0.000	2024	09	25	18	05
5	Rr	0	0.000	2024	09	25	18	00
5	Rr	1	0.000	2024	09	25	17	55
5	Rr	0	0.000	2024	09	25	17	50
5	Rr	0	0.000	2024	09	25	17	45
5	Rr	0	0.000	2024	09	25	17	40
5	Rr	0	0.000	2024	09	25	17	35
5	Rr	0	0.000	2024	09	25	17	30
5	Rr	0	0.000	2024	09	25	17	25
5	Rr	1	0.000	2024	09	25	17	20
5	Rr	0	0.000	2024	09	25	17	15
5	Rr	1	0.000	2024	09	25	17	10
5	Rr	1	0.000	2024	09	25	17	05
5	Rr	0	0.000	2024	09	25	17	00
5	Rr	2	0.000	2024	09	25	16	55
5	Rr	1	0.000	2024	09	25	16	50
5	Rr	0	0.000	2024	09	25	16	45
5	Rr	0	0.000	2024	09	25	16	40
5	Rr	0	0.000	2024	09	25	16	35
5	Rr	0	0.000	2024	09	25	16	30
5	Rr	0	0.000	2024	09	25	16	25
5	Rr	1	0.000	2024	09	25	16	20
5	Rr	0	0.000	2024	09	25	16	15
5	Rr	26	0.001	2024	09	25	16	10
5	Rr	0	0.000	2024	09	25	16	05
5	Rr	0	0.000	2024	09	25	16	00
5	Rr	1	0.000	2024	09	25	15	55
5	Rr	0	0.000	2024	09	25	15	50
5	Rr	1	0.000	2024	09	25	15	45
5	Rr	4	0.000	2024	09	25	15	40
5	Rr	4	0.000	2024	09	25	15	35
5	Rr	0	0.000	2024	09	25	15	30
5	Rr	4	0.000	2024	09	25	15	25
5	Rr	0	0.000	2024	09	25	15	20
5	Rr	0	0.000	2024	09	25	15	15
5	Rr	0	0.000	2024	09	25	15	10
5	Rr	1	0.000	2024	09	25	15	05
5	Rr	1	0.000	2024	09	25	15	00
5	Rr	2	0.000	2024	09	25	14	55
5	Rr	1	0.000	2024	09	25	14	50
5	Rr	2	0.000	2024	09	25	14	45
5	Rr	0	0.000	2024	09	25	14	40
5	Rr	0	0.000	2024	09	25	14	35
5	Rr	0	0.000	2024	09	25	14	30
5	Rr	1	0.000	2024	09	25	14	25
5	Rr	0	0.000	2024	09	25	14	20
5	Rr	0	0.000	2024	09	25	14	15
5	Rr	1	0.000	2024	09	25	14	10
5	Rr	2	0.000	2024	09	25	14	05
5	Rr	0	0.000	2024	09	25	14	00
5	Rr	2	0.000	2024	09	25	13	55
5	Rr	1	0.000	2024	09	25	13	50
5	Rr	0	0.000	2024	09	25	13	45
5	Rr	2	0.000	2024	09	25	13	40
5	Rr	0	0.000	2024	09	25	13	35
5	Rr	0	0.000	2024	09	25	13	30
5	Rr	0	0.000	2024	09	25	13	25
5	Rr	1	0.000	2024	09	25	13	20
5	Rr	4	0.000	2024	09	25	13	15
5	Rr	0	0.000	2024	09	25	13	10
5	Rr	0	0.000	2024	09	25	13	05
5	Rr	0	0.000	2024	09	25	13	00
5	Rr	0	0.000	2024	09	25	12	55
5	Rr	0	0.000	2024	09	25	12	50
5	Rr	1	0.000	2024	09	25	12	45
5	Rr	1	0.000	2024	09	25	12	40
5	Rr	1	0.000	2024	09	25	12	35
5	Rr	1	0.000	2024	09	25	12	30
5	Rr	0	0.000	2024	09	25	12	25
5	Rr	1	0.000	2024	09	25	12	20
5	Rr	0	0.000	2024	09	25	12	15
5	Rr	1	0.000	2024	09	25	12	10
5	Rr	0	0.000	2024	09	25	12	05
5	Rr	0	0.000	2024	09	25	12	00
5	Rr	1	0.000	2024	09	25	11	55
5	Rr	1	0.000	2024	09	25	11	50
5	Rr	2	0.000	2024	09	25	11	45
5	Rr	0	0.000	2024	09	25	11	40
5	Rr	0	0.000	2024	09	25	11	35
5	Rr	2	0.000	2024	09	25	11	30
5	Rr	41	0.002	2024	09	25	11	25
5	Rr	2	0.000	2024	09	25	11	20
5	Rr	0	0.000	2024	09	25	11	15
5	Rr	0	0.000	2024	09	25	11	10
5	Rr	1	0.000	2024	09	25	11	05
5	Rr	0	0.000	2024	09	25	11	00
5	Rr	0	0.000	2024	09	25	10	55
5	Rr	0	0.000	2024	09	25	10	50
5	Rr	1	0.000	2024	09	25	10	45
5	Rr	0	0.000	2024	09	25	10	40
5	Rr	4	0.000	2024	09	25	10	35
5	Rr	1	0.000	2024	09	25	10	30
5	Rr	0	0.000	2024	09	25	10	25
5	Rr	0	0.000	2024	09	25	10	20
5	Rr	1	0.000	2024	09	25	10	15
5	Rr	0	0.000	2024	09	25	10	10
5	Rr	0	0.000	2024	09	25	10	05
5	Rr	1	0.000	2024	09	25	10	00
5	Rr	0	0.000	2024	09	25	09	55
5	Rr	0	0.000	2024	09	25	09	50
5	Rr	2	0.000	2024	09	25	09	45
5	Rr	0	0.000	2024	09	25	09	40
5	Rr	0	0.000	2024	09	25	09	35
5	Rr	0	0.000	2024	09	25	09	30
5	Rr	0	0.000	2024	09	25	09	25
5	Rr	0	0.000	2024	09	25	09	20
5	Rr	0	0.000	2024	09	25	09	15
5	Rr	1	0.000	2024	09	25	09	10
5	Rr	0	0.000	2024	09	25	09	05
5	Rr	0	0.000	2024	09	25	09	00
5	Rr	1	0.000	2024	09	25	08	55
5	Rr	1	0.000	2024	09	25	08	50
5	Rr	4	0.000	2024	09	25	08	45
5	Rr	0	0.000	2024	09	25	08	40
5	Rr	0	0.000	2024	09	25	08	35
5	Rr	1	0.000	2024	09	25	08	30
5	Rr	1	0.000	2024	09	25	08	25
5	Rr	1	0.000	2024	09	25	08	20
5	Rr	1	0.000	2024	09	25	08	15
5	Rr	0	0.000	2024	09	25	08	10
5	Rr	0	0.000	2024	09	25	08	05
5	Rr	1	0.000	2024	09	25	08	00
5	Rr	2	0.000	2024	09	25	07	55
5	Rr	1	0.000	2024	09	25	07	50
5	Rr	1	0.000	2024	09	25	07	45
5	Rr	0	0.000	2024	09	25	07	40
5	Rr	0	0.000	2024	09	25	07	35
5	Rr	0	0.000	2024	09	25	07	30
5	Rr	0	0.000	2024	09	25	07	25
5	Rr	1	0.000	2024	09	25	07	20
5	Rr	0	0.000	2024	09	25	07	15
5	Rr	0	0.000	2024	09	25	07	10
5	Rr	0	0.000	2024	09	25	07	05
5	Rr	1	0.000	2024	09	25	07	00
5	Rr	1	0.000	2024	09	25	06	55
5	Rr	0	0.000	2024	09	25	06	50
5	Rr	0	0.000	2024	09	25	06	45
5	Rr	4	0.000	2024	09	25	06	40
5	Rr	0	0.000	2024	09	25	06	35
5	Rr	1	0.000	2024	09	25	06	30
5	Rr	0	0.000	2024	09	25	06	25
5	Rr	0	0.000	2024	09	25	06	20
5	Rr	1	0.000	2024	09	25	06	15
5	Rr	0	0.000	2024	09	25	06	10
5	Rr	3	0.000	2024	09	25	06	05
5	Rr	0	0.000	2024	09	25	06	00
5	Rr	0	0.000	2024	09	25	05	55
5	Rr	1	0.000	2024	09	25	05	50
5	Rr	0	0.000	2024	09	25	05	45
5	Rr	0	0.000	2024	09	25	05	40
5	Rr	0	0.000	2024	09	25	05	35
5	Rr	4	0.000	2024	09	25	05	30
5	Rr	0	0.000	2024	09	25	05	25
5	Rr	0	0.000	2024	09	25	05	20
5	Rr	0	0.000	2024	09	25	05	15
5	Rr	0	0.000	2024	09	25	05	10
5	Rr	0	0.000	2024	09	25	05	05
5	Rr	0	0.000	2024	09	25	05	00
5	Rr	2	0.000	2024	09	25	04	55
5	Rr	0	0.000	2024	09	25	04	50
5	Rr	0	0.000	2024	09	25	04	45
5	Rr	0	0.000	2024	09	25	04	40
5	*BT	R	945	2023	05	08	18	00
7	Rr	7665	0.345	00	00
7	Rr	7503	0.338	00	05
7	Rr	7824	0.352	00	10
7	Rr	5435	0.245	00	15
7	Rr	6601	0.297	00	20
7	Rr	8678	0.391	00	25
7	Rr	7114	0.320	00	30
7	Rr	7951	0.358	00	35
7	Rr	6781	0.305	00	40
7	Rr	6148	0.277	00	45
7	Rr	7039	0.317	00	50
7	Rr	7426	0.334	00	55
7	Rr	6471	0.291	01	00
7	Rr	6032	0.272	01	05
7	Rr	6007	0.270	01	10
7	Rr	6652	0.300	01	15
7	Rr	7287	0.328	01	20
7	Rr	6594	0.297	01	25
7	Rr	6534	0.294	01	30
7	Rr	6186	0.279	01	35
7	Rr	7056	0.318	01	40
7	Rr	6599	0.297	01	45
7	Rr	8215	0.370	01	50
7	Rr	6687	0.301	01	55
7	Rr	6129	0.276	02	00
7	Rr	6758	0.304	02	05
7	Rr	5842	0.263	02	10
7	Rr	8328	0.375	02	15
7	Rr	6509	0.293	02	20
7	Rr	7357	0.331	02	25
7	Rr	7546	0.340	02	30
7	Rr	6300	0.284	02	35
7	Rr	6952	0.313	02	40
7	Rr	6962	0.313	02	45
7	Rr	6819	0.307	02	50
7	Rr	7113	0.320	02	55
7	Rr	7550	0.340	03	00
7	Rr	6523	0.294	03	05
7	Rr	6712	0.302	03	10
7	Rr	6954	0.313	03	15
7	Rr	6742	0.304	03	20
7	Rr	7237	0.326	03	25
7	Rr	6572	0.296	03	30
7	Rr	6198	0.279	03	35
7	Rr	7276	0.328	03	40
7	Rr	7166	0.323	03	45
7	Rr	8506	0.383	03	50
7	Rr	7458	0.336	03	55
7	Rr	7326	0.330	04	00
7	Rr	7355	0.331	04	05
7	Rr	6805	0.306	04	10
7	Rr	6215	0.280	04	15
7	Rr	6180	0.278	04	20
7	Rr	6666	0.300	04	25
7	Rr	6680	0.301	04	30
7	Rr	6984	0.314	04	35
7	Rr	7742	0.349	04	40
7	Rr	7340	0.330	04	45
7	Rr	7756	0.349	04	50
7	Rr	7448	0.335	04	55
7	Rr	6936	0.312	05	00
7	Rr	6292	0.283	05	05
7	Rr	6094	0.274	05	10
7	Rr	8280	0.373	05	15
7	Rr	7016	0.316	05	20
7	Rr	7243	0.326	05	25
7	Rr	6256	0.282	05	30
7	Rr	7727	0.348	05	35
7	Rr	7949	0.358	05	40
7	Rr	8880	0.400	05	45
7	Rr	7683	0.346	05	50
7	Rr	7367	0.332	05	55
7	Rr	6664	0.300	06	00
7	Rr	7680	0.346	06	05
7	Rr	6904	0.311	06	10
7	Rr	6746	0.304	06	15
7	Rr	4972	0.224	06	20
7	Rr	6624	0.298	06	25
7	Rr	7420	0.334	06	30
7	Rr	7056	0.318	06	35
7	Rr	6424	0.289	06	40
7	Rr	6184	0.278	06	45
7	Rr	5995	0.270	06	50
7	Rr	5208	0.234	06	55
7	Rr	7524	0.339	07	00
7	Rr	5779	0.260	07	05
7	Rr	6073	0.273	07	10
7	Rr	6049	0.272	07	15
7	Rr	6385	0.287	07	20
7	Rr	7010	0.316	07	25
7	Rr	7001	0.315	07	30
7	Rr	5830	0.263	07	35
7	Rr	5604	0.252	07	40
7	Rr	8254	0.372	07	45
7	Rr	4892	0.220	07	50
7	Rr	6202	0.279	07	55
7	Rr	5598	0.252	08	00
7	Rr	5497	0.248	08	05
7	Rr	5658	0.255	08	10
7	Rr	5732	0.258	08	15
7	Rr	5837	0.263	08	20
7	Rr	5918	0.266	08	25
7	Rr	5921	0.267	08	30
7	Rr	5564	0.251	08	35
7	Rr	7007	0.315	08	40
7	Rr	6102	0.275	08	45
7	Rr	5339	0.240	08	50
7	Rr	5468	0.246	08	55
7	Rr	5180	0.233	09	00
7	Rr	5844	0.263	09	05
7	Rr	5688	0.256	09	10
7	Rr	5172	0.233	09	15
7	Rr	5492	0.247	09	20
7	Rr	6940	0.312	09	25
7	Rr	5816	0.262	09	30
7	Rr	6608	0.298	09	35
7	Rr	6377	0.287	09	40
7	Rr	6665	0.300	09	45
7	Rr	5101	0.230	09	50
7	Rr	5076	0.229	09	55
7	Rr	6145	0.277	10	00
7	Rr	4866	0.219	10	05
7	Rr	5589	0.252	10	10
7	Rr	4950	0.223	10	15
7	Rr	6089	0.274	10	20
7	Rr	6300	0.284	10	25
7	Rr	6849	0.308	10	30
7	Rr	6973	0.314	10	35
7	Rr	6953	0.313	10	40
7	Rr	5905	0.266	10	45
7	Rr	6919	0.312	10	50
7	Rr	5570	0.251	10	55
7	Rr	7650	0.344	11	00
7	Rr	6460	0.291	11	05
7	Rr	6050	0.272	11	10
7	Rr	6166	0.278	11	15
7	Rr	6487	0.292	11	20
7	Rr	7339	0.330	11	25
7	Rr	7494	0.337	11	30
7	Rr	5408	0.244	11	35
7	Rr	6220	0.280	11	40
7	Rr	6083	0.274	11	45
7	Rr	6002	0.270	11	50
7	Rr	5690	0.256	11	55
7	Rr	6154	0.277	12	00
7	Rr	6479	0.292	12	05
7	Rr	6540	0.294	12	10
7	Rr	6395	0.288	12	15
7	Rr	5890	0.265	12	20
7	Rr	5979	0.269	12	25
7	Rr	6883	0.310	12	30
7	Rr	6077	0.274	12	35
7	Rr	5715	0.257	12	40
7	Rr	5915	0.266	12	45
7	Rr	7169	0.323	12	50
7	Rr	6722	0.303	12	55
7	Rr	7275	0.328	13	00
7	Rr	5717	0.257	13	05
7	Rr	6857	0.309	13	10
7	Rr	7059	0.318	13	15
7	Rr	7272	0.327	13	20
7	Rr	6969	0.314	13	25
7	Rr	6932	0.312	13	30
7	Rr	6893	0.310	13	35
7	Rr	7544	0.340	13	40
7	Rr	6584	0.296	13	45
7	Rr	8062	0.363	13	50
7	Rr	6675	0.301	13	55
7	Rr	9133	0.411	14	00
7	Rr	8223	0.370	14	05
7	Rr	7692	0.346	14	10
7	Rr	9066	0.408	14	15
7	Rr	9658	0.435	14	20
7	Rr	8499	0.383	14	25
7	Rr	8514	0.383	14	30
7	Rr	8857	0.399	14	35
7	Rr	7942	0.358	14	40
7	Rr	8456	0.381	14	45
7	Rr	7976	0.359	14	50
7	Rr	9217	0.415	14	55
7	Rr	8895	0.401	15	00
7	Rr	8196	0.369	15	05
7	Rr	8946	0.403	15	10
7	Rr	7871	0.354	15	15
7	Rr	10528	0.474	15	20
7	Rr	8239	0.371	15	25
7	Rr	9866	0.444	15	30
7	Rr	8653	0.390	15	35
7	Rr	10121	0.456	15	40
7	Rr	7659	0.345	15	45
7	Rr	9100	0.410	15	50
7	Rr	10355	0.466	15	55
7	Rr	9932	0.447	16	00
7	Rr	10181	0.458	16	05
7	Rr	11265	0.507	16	10
7	Rr	10340	0.466	16	15
7	Rr	10313	0.464	16	20
7	Rr	11069	0.498	16	25
7	Rr	9596	0.432	16	30
7	Rr	10207	0.460	16	35
7	Rr	9925	0.447	16	40
7	Rr	11163	0.503	16	45
7	Rr	10648	0.479	16	50
7	Rr	9755	0.439	16	55
7	Rr	10471	0.471	17	00
7	Rr	11230	0.506	17	05
7	Rr	9735	0.438	17	10
7	Rr	10142	0.457	17	15
7	Rr	10997	0.495	17	20
7	Rr	10006	0.451	17	25
7	Rr	10702	0.482	17	30
7	Rr	10212	0.460	17	35
7	Rr	9989	0.450	17	40
7	Rr	10359	0.466	17	45
7	Rr	9981	0.449	17	50
7	Rr	10277	0.463	17	55
7	Rr	13148	0.592	18	00
7	Rr	11298	0.509	18	05
7	Rr	10416	0.469	18	10
7	Rr	10538	0.474	18	15
7	Rr	8936	0.402	18	20
7	Rr	8913	0.401	18	25
7	Rr	10098	0.455	18	30
7	Rr	8994	0.405	18	35
7	Rr	11632	0.524	18	40
7	Rr	8987	0.405	18	45
7	Rr	10910	0.491	18	50
7	Rr	10588	0.477	18	55
7	Rr	11012	0.496	19	00
7	Rr	9628	0.434	19	05
7	Rr	10282	0.463	19	10
7	Rr	8705	0.392	19	15
7	Rr	8444	0.380	19	20
7	Rr	9132	0.411	19	25
7	Rr	9051	0.408	19	30
7	Rr	10562	0.476	19	35
7	Rr	8094	0.364	19	40
7	Rr	10717	0.483	19	45
7	Rr	9917	0.447	19	50
7	Rr	11144	0.502	19	55
7	Rr	10125	0.456	20	00
7	Rr	9122	0.411	20	05
7	Rr	8799	0.396	20	10
7	Rr	8277	0.373	20	15
7	Rr	10896	0.491	20	20
7	Rr	10026	0.451	20	25
7	Rr	9589	0.432	20	30
7	Rr	10533	0.474	20	35
7	Rr	8483	0.382	20	40
7	Rr	9935	0.447	20	45
7	Rr	9977	0.449	20	50
7	Rr	8250	0.371	20	55
7	Rr	8799	0.396	21	00
7	Rr	8889	0.400	21	05
7	Rr	8966	0.404	21	10
7	Rr	9334	0.420	21	15
7	Rr	9543	0.430	21	20
7	Rr	9013	0.406	21	25
7	Rr	8088	0.364	21	30
7	Rr	8390	0.378	21	35
7	Rr	8278	0.373	21	40
7	Rr	9836	0.443	21	45
7	Rr	9041	0.407	21	50
7	Rr	6936	0.312	21	55
7	Rr	7664	0.345	22	00
7	Rr	7646	0.344	22	05
7	Rr	8816	0.397	22	10
7	Rr	9222	0.415	22	15
7	Rr	8735	0.393	22	20
7	Rr	8152	0.367	22	25
7	Rr	9089	0.409	22	30
7	Rr	8558	0.385	22	35
7	Rr	7271	0.327	22	40
7	Rr	8187	0.369	22	45
7	Rr	7958	0.358	22	50
7	Rr	7835	0.353	22	55
7	Rr	8629	0.389	23	00
7	Rr	7822	0.352	23	05
7	Rr	8710	0.392	23	10
7	Rr	8830	0.398	23	15
7	Rr	9370	0.422	23	20
7	Rr	6937	0.312	23	25
7	Rr	6364	0.287	23	30
7	Rr	6027	0.271	23	35
7	Rr	7189	0.324	23	40
7	Rr	6803	0.306	23	45
7	Rr	7380	0.332	23	50
7	Rr	7112	0.320	23	55
o	*f	0R	r
o	lRQ	1	2220942	3911802268	[unresolved numerical addresses]
Z	*f	-20R	r
Z	lRb	1	112024	2.566	66.249
Z	lRb	1	85618	3.582	98
Z	lRb	1	76410	1.794	34
Z	lRb	1	63903	2.524	51
Z	lRb	1	59197	2.025	35
Z	lRb	1	47028	1.401	69
Z	lRb	1	41614	0.000	216.147
Z	lRb	1	39886	1.170	104
Z	lRb	1	38280	2.897	54
Z	lRb	1	37075	0.506	49
Z	lRb	1	32932	0.945	123
Z	lRb	1	32455	2.331	40
Z	lRb	1	27961	1.160	76
Z	lRb	1	27709	1.032	52
Z	lRb	1	27052	0.344	45
Z	lRb	1	26590	0.641	46
Z	lRb	1	26385	2.469	157.55
Z	lRb	1	26077	0.734	47
Z	lRb	1	25007	2.596	70
Z	lRb	1	22107	1.924	207.46
Z	lRb	1	1345632	67.357	[not listed: 9410]
S	*f	-50P	r
S	Rb	7071	0.003	66.249.66.195
S	Rb	6392	0.000	66.249.66.196
S	Rb	5492	0.000	66.249.66.197
S	Rb	4702	0.294	14.33.246.211
S	Rb	4550	0.222	216.244.66.229
S	Rb	4429	0.027	162.55.85.223
S	Rb	3978	0.000	66.249.66.72
S	Rb	3517	0.000	66.249.66.166
S	Rb	3481	0.107	68.66.226.98
S	Rb	3358	0.001	66.249.66.74
S	Rb	3294	0.000	66.249.66.73
S	Rb	3248	0.184	192.99.15.146
S	Rb	3019	0.120	51.222.253.7
S	Rb	2542	0.020	49.7.20.111
S	Rb	2489	0.009	49.7.20.105
S	Rb	2341	0.102	100.43.83.148
S	Rb	2232	0.000	66.249.66.164
S	Rb	2170	0.076	40.88.21.235
S	Rb	2091	0.000	66.249.66.165
S	Rb	1992	0.051	66.249.75.109
S	Rb	1829	0.111	37.59.14.116
S	Rb	1781	0.161	75.98.173.33
S	Rb	1750	0.000	66.249.66.167
S	Rb	1736	0.215	79.125.27.96
S	Rb	1700	0.000	82.16.45.40
S	Rb	1597	0.097	78.155.138.20
S	Rb	1566	0.000	62.194.247.203
S	Rb	1543	0.055	199.21.99.79
S	Rb	1499	0.009	78.129.149.5
S	Rb	1467	0.000	49.7.20.135
S	Rb	1459	0.008	92.249.127.111
S	Rb	1441	0.014	52.35.20.1
S	Rb	1352	0.045	49.7.20.102
S	Rb	1330	0.014	109.102.111.58
S	Rb	1312	0.033	205.203.134.197
S	Rb	1304	0.144	5.196.13.127
S	Rb	1301	0.016	52.35.117.102
S	Rb	1285	0.033	144.76.27.118
S	Rb	1276	0.089	208.115.113.82
S	Rb	1270	0.048	95.108.248.29
S	Rb	1155	0.173	75.98.173.84
S	Rb	1145	0.003	34.73.206.133
S	Rb	1142	0.001	91.207.9.226
S	Rb	1123	0.028	212.99.44.81
S	Rb	1107	0.012	66.249.69.97
S	Rb	1074	0.000	49.7.21.96
S	Rb	1055	0.000	35.196.21.185
S	Rb	1048	0.064	157.90.182.26
S	Rb	1047	0.013	106.38.241.144
S	Rb	1024	0.055	95.108.150.235
S	Rb	2107836	97.342	[not listed: 117970]
s	*FR	2013	12	18	21	53
s	*LR	2024	09	26	03	58
s	*f	-20R	s
s	lRS	1	719799	783	http://www.gtaeronautics.com/
s	lRS	1	210402	656	http://gtaeronautics.com/
s	lRS	1	11944	30	https://www.google.com/
s	lRS	1	1038	4	https://m.baidu.com/
s	lRS	1	596	2	https://quark.sm.cn/
s	lRS	1	352	1	https://www.griffinarchitectspa.com/
s	lRS	1	1859	0	http://www.google.com/
s	lRS	1	1287	0	http://www.baidu.com/
s	lRS	1	1159	0	http://www.trainingindustry.com/
s	lRS	1	694	0	https://www.bing.com/
s	lRS	1	609	0	http://www.mfgpages.com/
s	lRS	1	604	0	http://www.openfos.com/
s	lRS	1	541	0	http://baidu.com/
s	lRS	1	517	0	http://www.topicway.com/
s	lRS	1	462	0	http://anti-crisis-seo.com/
s	lRS	1	442	0	https://google.com/
s	lRS	1	420	0	http://122.144.179.12/
s	lRS	1	399	0	https://www.thomasnet.com/
s	lRS	1	395	0	http://uptime.com/
s	lRS	1	362	0	http://semalt.semalt.com/
s	lRS	1	52553	2	[not listed: 4459]
f	*FR	2013	12	18	21	53
f	*LR	2024	09	26	03	58
f	*f	-30R	s
f	lRS	1	548769	530	http://www.gtaeronautics.com/
f	lRS	1	110710	277	http://gtaeronautics.com/
f	lRS	1	33066	201	http://gtaeronautics.com/CompNews.html
f	lRS	1	8397	43	http://www.gtaeronautics.com/ConsultingA.html
f	lRS	1	3552	42	http://gtaeronautics.com/ConsultingA.html
f	lRS	1	7330	37	http://www.gtaeronautics.com/contactus.html
f	lRS	1	4839	33	http://gtaeronautics.com/aboutus.html
f	lRS	1	11203	29	https://www.google.com/
f	lRS	1	5181	29	http://gtaeronautics.com/index.html
f	lRS	1	19060	27	http://www.gtaeronautics.com/index.html
f	lRS	1	7626	21	http://www.gtaeronautics.com/compnews.html
f	lRS	1	10855	18	http://www.gtaeronautics.com/UASFC.html
f	lRS	1	4896	16	http://www.gtaeronautics.com/RD.html
f	lRS	1	24152	15	http://www.gtaeronautics.com/aboutus.html
f	lRS	1	21449	15	http://gtaeronautics.com/links.html
f	lRS	1	3777	15	http://www.gtaeronautics.com/consultinga.html
f	lRS	1	5408	9	http://www.gtaeronautics.com/GT1500 RPAS.html
f	lRS	1	5672	8	http://gtaeronautics.com/contactus.html
f	lRS	1	7586	5	http://www.gtaeronautics.com/GT380 RPAS.html
f	lRS	1	4281	5	http://www.gtaeronautics.com/IndNews.html
f	lRS	1	7041	4	http://www.gtaeronautics.com/CompNews.html
f	lRS	1	3971	4	http://www.gtaeronautics.com/CFMT.html
f	lRS	1	3853	4	http://www.gtaeronautics.com/GT100HL RPAS.html
f	lRS	1	12954	3	http://www.gtaeronautics.com/CCT&M.html
f	lRS	1	5594	3	http://www.gtaeronautics.com/SRU.html
f	lRS	1	5281	3	http://www.gtaeronautics.com/pna.html
f	lRS	1	3422	3	http://gtaeronautics.com/CCT&M.html
f	lRS	1	5432	2	http://www.gtaeronautics.com/GT50T RPAS.html
f	lRS	1	6182	1	http://gtaeronautics.com/IndNews.html
f	lRS	1	2948	0	http://www.gtaeronautics.com/uasfc.html
f	lRS	1	101947	76	[not listed: 5187]
n	*FR	2013	12	19	00	28
n	*LR	2020	10	14	09	11
n	*f	0.500000%Q	s
n	Rq	1	104.021	kit
n	Rq	1	104.021	method
n	Rq	2	208.042	crew
n	Rq	28	115.100	aeronautical
n	Rq	1	104.021	airplane.com
n	Rq	5	85.432	faa
n	Rq	40	87.217	gt
n	Rq	1	104.021	moldings
n	Rq	1	104.021	twin
n	Rq	1	104.021	taranis
n	Rq	2	104.021	installerex
n	Rq	2	104.021	http://gtaeronautics.com/
n	Rq	20	170.865	in
n	Rq	1	104.021	scale
n	Rq	1	104.021	observer
n	Rq	1	104.021	drawing?
n	Rq	2	104.021	is
n	Rq	1	104.021	making
n	Rq	2	208.042	fiber
n	Rq	1	104.021	mitsubishi
n	Rq	1	104.021	fuze
n	Rq	1	104.021	http://www.gtaeronautics.com/indnews.html
n	Rq	92	104.021	semalt.com
n	Rq	1	104.021	consultant
n	Rq	15	198.748	manufacturing
n	Rq	1	104.021	2
n	Rq	1	104.021	base
n	Rq	14	152.276	6
n	Rq	1	104.021	http://gtaeronautics.com/indnews.html
n	Rq	1	104.021	always
n	Rq	28	209.826	engineering
n	Rq	1	104.021	northrop
n	Rq	1	104.021	bandwidth
n	Rq	1	104.021	vegas
n	Rq	3	208.042	basic
n	Rq	1	104.021	qinetiq
n	Rq	1	104.021	tooling
n	Rq	1	104.021	on
n	Rq	1	104.021	heavy
n	Rq	9	180.159	drawings
n	Rq	1	104.021	fia
n	Rq	4	104.021	louis%20vuitton%20fashion%20valley%20phone%20number
n	Rq	3	104.021	llc
n	Rq	3	94.727	rullman
n	Rq	1	104.021	cowling
n	Rq	32	94.727	sale
n	Rq	64	189.453	outlet
n	Rq	1	104.021	rotax
n	Rq	1	104.021	ucav
n	Rq	28	105.805	texan
n	Rq	1	104.021	a
n	Rq	2	104.021	customer
n	Rq	1	104.021	rpa
n	Rq	2	208.042	110cc
n	Rq	30	104.021	designer
n	Rq	20	85.432	www.gtaeronautics.com
n	Rq	1	104.021	work
n	Rq	1	104.021	thomas
n	Rq	1	104.021	engie
n	Rq	1	104.021	qualification
n	Rq	1	104.021	custom
n	Rq	1	104.021	mk3
n	Rq	1	104.021	t
n	Rq	1	104.021	uavs
n	Rq	1	104.021	w
n	Rq	2	104.021	satisfaction
n	Rq	2	208.042	x
n	Rq	1	104.021	crews
n	Rq	3	104.021	photos
n	Rq	1	104.021	finnemeccia
n	Rq	2	208.042	glass
n	Rq	1	94.727	to
n	Rq	1	104.021	gcs
n	Rq	5	85.432	engineer
n	Rq	1	104.021	government
n	Rq	1	104.021	operator
n	Rq	6	189.453	aircraft
n	Rq	1	104.021	with
n	Rq	97	208.042	number
n	Rq	4	94.727	for
n	Rq	1	104.021	december
n	Rq	2	208.042	aero
n	Rq	9	208.042	equipment
n	Rq	2	208.042	engine
n	Rq	1	104.021	mq1
n	Rq	2	208.042	wy
n	Rq	1	104.021	custum
n	Rq	1	104.021	g.t
n	Rq	1	104.021	mechanics
n	Rq	1	208.042	motors
n	Rq	1	104.021	tdw
n	Rq	32	85.432	luggage
n	Rq	1	104.021	opportunities
n	Rq	175	29.667	vuitton
n	Rq	1	104.021	show
n	Rq	1	94.727	the
n	Rq	1	104.021	luggages
n	Rq	1	104.021	stroke
n	Rq	2	104.021	explore
n	Rq	39	208.042	handbags
n	Rq	2	208.042	electric
n	Rq	1	104.021	space
n	Rq	1	208.042	air
n	Rq	1	104.021	quote
n	Rq	1	104.021	require
n	Rq	1	104.021	mpp
n	Rq	4	208.042	jobs
n	Rq	5	85.432	uas
n	Rq	1	104.021	anything
n	Rq	1	104.021	china
n	Rq	1	104.021	airplane
n	Rq	10	170.865	uav
n	Rq	2	104.021	wmaid.com
n	Rq	3	198.748	drone
n	Rq	7	76.138	fiberglass
n	Rq	2	104.021	facebook
n	Rq	1	104.021	college
n	Rq	4	198.748	onboard
n	Rq	3	208.042	gtaeronautics.com
n	Rq	1	104.021	qulificationa
n	Rq	21	48.256	simi
n	Rq	1	104.021	and
n	Rq	5	94.727	flight
n	Rq	17	48.256	at6
n	Rq	1	104.021	xtreme
n	Rq	1	104.021	maintenance
n	Rq	1	104.021	cody
n	Rq	1	104.021	systems
n	Rq	1	104.021	any
n	Rq	1	104.021	tom
n	Rq	1	104.021	payload
n	Rq	2	208.042	gta
n	Rq	2	104.021	granger
n	Rq	8	76.138	extreme
n	Rq	6	85.432	molding
n	Rq	2	104.021	easylifeapp
n	Rq	1	104.021	rating
n	Rq	2	104.021	whitelaw
n	Rq	126	76.138	fashion
n	Rq	2	208.042	ice
n	Rq	2	104.021	http://www.gtaeronautics.com/compnews.html
n	Rq	5	208.042	engineers
n	Rq	3	208.042	composite
n	Rq	1	104.021	skyforce
n	Rq	1	104.021	eengineer
n	Rq	175	29.667	louis
n	Rq	8	104.021	store
n	Rq	4	198.748	starter
n	Rq	14	198.748	cheap
n	Rq	1	104.021	diamond
n	Rq	10	66.844	bme
n	Rq	1	104.021	america2009
n	Rq	7	104.021	content
n	Rq	1	104.021	challenge
n	Rq	2	208.042	aeronautic
n	Rq	1	104.021	piece
n	Rq	1	104.021	how
n	Rq	1	104.021	male
n	Rq	2	208.042	design
n	Rq	2	208.042	flying
n	Rq	1	104.021	carbon
n	Rq	1	104.021	operation
n	Rq	2	104.021	profile
n	Rq	1	104.021	tomas
n	Rq	1	104.021	cia
n	Rq	1	104.021	hummingbird
n	Rq	1	104.021	iron
n	Rq	1	104.021	california
n	Rq	1	104.021	amphibian
n	Rq	1	104.021	110
n	Rq	1	104.021	mentioned
n	Rq	1	104.021	111
n	Rq	1	104.021	over
n	Rq	25	115.100	http://www.gtaeronautics.com/
n	Rq	1	104.021	google.com
n	Rq	1	104.021	fuel
n	Rq	2	104.021	inc
n	Rq	1	104.021	handbag.com
n	Rq	1	104.021	da42
n	Rq	2	208.042	certification
n	Rq	1	104.021	timing
n	Rq	1	104.021	2015
n	Rq	1	104.021	home
n	Rq	1	104.021	aerospacecompanies
n	Rq	1	104.021	anti
n	Rq	1	104.021	ziroli
n	Rq	1	104.021	sketches
n	Rq	5	104.021	purses
n	Rq	1	104.021	downlink
n	Rq	3	104.021	aeronotics
n	Rq	1	104.021	nanotechnology
n	Rq	1	104.021	zephyr
n	Rq	4	104.021	wyoming
n	Rq	2	104.021	technology
n	Rq	3	94.727	companies
n	Rq	1	104.021	muffler
n	Rq	2	104.021	avia
n	Rq	2	104.021	what
n	Rq	145	20.373	valley
n	Rq	1	104.021	microwave
n	Rq	1	104.021	mold
n	Rq	5	198.748	pglm
n	Rq	1	104.021	specialist
n	Rq	23	124.394	drawing
n	Rq	1	104.021	tool
n	Rq	1	104.021	security
n	Rq	6	208.042	prototypes
n	Rq	1	104.021	giant
n	Rq	1	104.021	powell
n	Rq	8	76.138	aerospace
n	Rq	4	198.748	unmanned
n	Rq	34	96.511	aeronautics
n	Rq	1	104.021	radius
n	Rq	1	104.021	zero
n	Rq	1	104.021	tobbot
n	Rq	2	208.042	job
n	Rq	2	208.042	neverfull
n	Rq	1	104.021	onbordstarter
n	Rq	20	198.748	ca
n	Rq	1	208.042	as
n	Rq	13	48.256	at
n	Rq	5	85.432	techniques
n	Rq	1	104.021	does
n	Rq	1	104.021	commercial
n	Rq	1	104.021	www.gt
n	Rq	1	104.021	de
n	Rq	1	104.021	co
n	Rq	1	104.021	speedy
n	Rq	1	104.021	rpas
n	Rq	2	208.042	instrument
n	Rq	1	104.021	do
n	Rq	1	104.021	quotation
n	Rq	3	94.727	training
n	Rq	1	104.021	efi
n	Rq	1	104.021	careers
n	Rq	3	94.727	pilot
n	Rq	9	180.159	bandito
n	Rq	4	198.748	quotes
n	Rq	107	198.748	phone
n	Rq	1	104.021	stations
n	Rq	1	104.021	traing
N	*FR	2013	12	19	00	28
N	*LR	2020	10	14	09	11
N	*f	-200Q	s
N	RQ	2	4111295756	fiberglass molding techniques
N	RQ	6	4111295756	manufacturing aeronautical prototypes
N	RQ	19	4111295756	louis vuitton luggage outlet
N	RQ	10	4111295756	louis vuitton fashion valley phone
N	RQ	97	4111295756	louis vuitton fashion valley phone number
N	RQ	2	4111295756	texan at 6
N	RQ	18	4111295756	louis vuitton fashion valley ca
N	RQ	6	3927624216	texan at6
N	RQ	5	3927624216	bandito pglm
N	RQ	7	3743952676	bme extreme
N	RQ	7	3743952676	aerospace engineering drawings
N	RQ	8	3560281136	at6 texan
N	RQ	14	3192938056	aeronautical engineering drawing
N	RQ	20	3009266516	gt aeronautics
N	RQ	25	2274580356	http://www.gtaeronautics.com/
N	RQ	1	2055647878	uavs flying over simi valley ca
N	RQ	1	2055647878	gt aeronautics simi valley california
N	RQ	1	2055647878	aeronautical engineer quote
N	RQ	1	2055647878	does aeronautical engineering require drawing?
N	RQ	1	2055647878	how to do gt in engineering drawing
N	RQ	2	2055647878	http://gtaeronautics.com/
N	RQ	1	2055647878	the government college g.t aeronautics
N	RQ	1	2055647878	bme engine
N	RQ	1	2055647878	uas gcs
N	RQ	1	2055647878	http://www.gtaeronautics.com/indnews.html
N	RQ	92	2055647878	semalt.com
N	RQ	1	2055647878	aero iron mentioned nanotechnology hummingbird uav
N	RQ	1	2055647878	basic fiberglass techniques
N	RQ	1	2055647878	http://gtaeronautics.com/indnews.html
N	RQ	1	2055647878	finnemeccia co
N	RQ	2	2055647878	drawing for customer satisfaction
N	RQ	1	2055647878	cheap louis vuitton speedy handbag.com
N	RQ	1	2055647878	at 6
N	RQ	1	2055647878	quotation specialist engineer drawings
N	RQ	1	2055647878	challenge xtreme 111 piece mechanics tool kit
N	RQ	1	2055647878	uav commercial crew stations
N	RQ	1	2055647878	da42 mpp microwave downlink bandwidth
N	RQ	1	2055647878	anti ice de ice qinetiq zephyr
N	RQ	4	2055647878	louis%20vuitton%20fashion%20valley%20phone%20number
N	RQ	1	2055647878	faa uas pilot certification
N	RQ	1	2055647878	any flying crews in gta
N	RQ	1	2055647878	aerospace drawing
N	RQ	1	2055647878	fiber glass molding job
N	RQ	1	2055647878	aircraft design consultant
N	RQ	1	2055647878	www.gt airplane.com
N	RQ	3	2055647878	gt in aeronotics
N	RQ	1	2055647878	tom rullman
N	RQ	1	2055647878	gt aeronautics simi valley ca
N	RQ	1	2055647878	drone base in simi valley
N	RQ	1	2055647878	fiberglass mold making techniques
N	RQ	1	2055647878	rpa instrument qualification faa instrument rating
N	RQ	1	2055647878	extreme bme
N	RQ	1	2055647878	uas faa maintenance
N	RQ	1	2055647878	louis vuitton neverfull
N	RQ	1	2055647878	fiberglass techniques
N	RQ	1	2055647878	aircraft companies in simi valley
N	RQ	1	2055647878	custom fiberglass moldings
N	RQ	11	2055647878	louis vuitton luggage cheap
N	RQ	1	2055647878	anything
N	RQ	1	2055647878	aeronautical engineering sketches
N	RQ	1	2055647878	gtaeronautics.com
N	RQ	1	2055647878	giant scale ziroli at 6
N	RQ	9	2055647878	outlet louis vuitton handbags
N	RQ	1	2055647878	cowling drawing
N	RQ	1	2055647878	mitsubishi zero
N	RQ	1	2055647878	powell wy gt aeronautics
N	RQ	2	2055647878	what is gt in basic engineering drawing
N	RQ	2	2055647878	composite molding
N	RQ	1	2055647878	aeronautics in simi valley and security work
N	RQ	3	2055647878	gt aeronautics llc jobs
N	RQ	1	2055647878	crew flight gta
N	RQ	1	2055647878	110cc engine timing
N	RQ	1	2055647878	aeronautical engineer quotes
N	RQ	2	2055647878	http://www.gtaeronautics.com/compnews.html
N	RQ	4	2055647878	wyoming flight engineers
N	RQ	1	2055647878	a t 6
N	RQ	1	2055647878	gt aeronautics unmanned air
N	RQ	1	2055647878	fia gt composite tooling
N	RQ	1	2055647878	uas pilot certification
N	RQ	1	2055647878	quotes on aeronautical engineers
N	RQ	1	2055647878	payload for diamond northrop twin engie aircraft
N	RQ	7	2055647878	content
N	RQ	1	2055647878	bme 110
N	RQ	1	2055647878	thomas w rullman gt aeronautics
N	RQ	1	2055647878	luggages for sale
N	RQ	2	2055647878	easylifeapp profile
N	RQ	2	2055647878	simi gt
N	RQ	1	2055647878	mq1 design fuel
N	RQ	1	2055647878	airplane as always cia america2009
N	RQ	1	2055647878	eengineer drawing home
N	RQ	1	2055647878	heavy equipment operator jobs
N	RQ	1	2055647878	aero space drone simi valley
N	RQ	1	2055647878	cheap louis vuitton luggage
N	RQ	1	2055647878	2 stroke electric onboard starter
N	RQ	1	2055647878	skyforce observer mk3
N	RQ	1	2055647878	simi valley unmanned aircraft
N	RQ	2	2055647878	granger whitelaw avia
N	RQ	1	2055647878	louis vuitton fashion valley neverfull
N	RQ	1	2055647878	louis vuitton job opportunities
N	RQ	1	2055647878	google.com
N	RQ	1	2055647878	uas operation training method
N	RQ	2	2055647878	wmaid.com explore gtaeronautics.com
N	RQ	1	2055647878	custum muffler 110cc
N	RQ	1	2055647878	glass manufacturing drawings
N	RQ	1	2055647878	electric motors x male uav x sale
N	RQ	1	2055647878	aerospacecompanies in simi valley
N	RQ	1	2055647878	fiberglass molding
N	RQ	2	2055647878	aeronautical technology inc
N	RQ	1	2055647878	taranis ucav
N	RQ	1	2055647878	vegas drone uav show december 2015
N	RQ	1	2055647878	uav companies in simi valley
N	RQ	1	2055647878	unmanned aircraft systems pilot training
N	RQ	2	2055647878	installerex facebook
N	RQ	3	2055647878	texan at6 photos
N	RQ	1	2055647878	aeronautic engineer
N	RQ	30	2055647878	designer handbags outlet sale
N	RQ	1	2055647878	rpas qulificationa traing with faa
N	RQ	1	2055647878	faa uav training
N	RQ	1	2055647878	uav companies simi valley
N	RQ	5	2055647878	louis vuitton purses outlet
N	RQ	1	2055647878	aeronautics
N	RQ	1	2055647878	cheap louis vuitton luggage outlet
N	RQ	1	2055647878	gt aeronautics tomas rullman
N	RQ	1	2055647878	tobbot
N	RQ	1	2055647878	radius tdw efi fuze
N	RQ	8	2055647878	manufacturing equipment store in simi valley
N	RQ	1	2055647878	aeronautic engineer quotes
N	RQ	1	2055647878	onbordstarter
N	RQ	1	2055647878	rotax amphibian unmanned china
N	RQ	1	2055647878	aeronautical engineering quotes
N	RQ	1	2055647878	drawing aircraft engineering
N	RQ	1	2055647878	gt aeronautics careers
N	RQ	1	2055647878	gt aeronautics bandito
N	RQ	1	2055647878	cody wy carbon fiber
N	RQ	3	1871976338	bandito uav
N	RQ	3	1871976338	onboard starter
N	RQ	20	1688304798	www.gtaeronautics.com
N	RQ	9	1320961718	at 6 texan
B	*f	-40R	r
B	Rb	114853	0.000	Mozilla/5.0 (Windows NT 6.1; Win64; x64; rv:109.0) Gecko/20100101 Firefox/115.0
B	Rb	81111	2.898	Mozilla/5.0 (compatible; AhrefsBot/7.0;  http://ahrefs.com/robot/)
B	Rb	68647	1.116	Sogou web spider/4.0( http://www.sogou.com/docs/help/webmasters.htm#07)
B	Rb	67578	1.638	ZoominfoBot (zoominfobot at zoominfo dot com)
B	Rb	55463	1.266	Mozilla/5.0 (compatible; Googlebot/2.1;  http://www.google.com/bot.html)
B	Rb	40898	4.266	Mozilla/5.0 (compatible; bingbot/2.0;  http://www.bing.com/bingbot.htm)
B	Rb	23186	2.168	Mozilla/5.0 (Windows NT 6.3; WOW64) AppleWebKit/537.36 (KHTML, like Gecko) Chrome/33.0.1736.0 Safari/537.36
B	Rb	21480	0.266	Googlebot-Image/1.0
B	Rb	16326	0.954	Mozilla/4.0 (compatible; MSIE 6.0; Windows NT 5.1; SV1)
B	Rb	15322	0.333	Mozilla/5.0 (Macintosh; Intel Mac OS X 10_15_5) AppleWebKit/605.1.15 (KHTML, like Gecko) Version/13.1.1 Safari/605.1.15 (Applebot/0.1;  http://www.apple.com/go/applebot)
B	Rb	14285	1.399	Mozilla/5.0 (compatible; YandexBot/3.0;  http://yandex.com/bots)
B	Rb	13910	0.000	Mozilla/5.0 (Windows NT 10.0; Win64; x64) AppleWebKit/537.36 (KHTML, like Gecko) Chrome/120.0.0.0 Safari/537.36
B	Rb	13650	0.000	Mozilla/5.0 (compatible; Bytespider; spider-feedback@bytedance.com) AppleWebKit/537.36 (KHTML, like Gecko) Chrome/70.0.0.0 Safari/537.36
B	Rb	13166	0.000	Mozilla/5.0 (Windows NT 10.0; Win64; x64) AppleWebKit/537.36 (KHTML, like Gecko) Chrome/114.0.0.0 Safari/537.36
B	Rb	12964	1.355	Mozilla/5.0 (iPhone; CPU iPhone OS 7_0 like Mac OS X) AppleWebKit/537.51.1 (KHTML, like Gecko) Version/7.0 Mobile/11A465 Safari/9537.53 (compatible; bingbot/2.0;  http://www.bing.com/bingbot.htm)
B	Rb	12029	0.000	Mozilla/5.0 AppleWebKit/537.36 (KHTML, like Gecko; compatible; bingbot/2.0;  http://www.bing.com/bingbot.htm) Chrome/116.0.1938.76 Safari/537.36
B	Rb	11863	0.689	Mozilla/5.0 (compatible; Baiduspider/2.0;  http://www.baidu.com/search/spider.html)
B	Rb	10650	0.000	Mozilla/5.0 (Windows NT 10.0; Win64; x64) AppleWebKit/537.36 (KHTML, like Gecko) Chrome/124.0.0.0 Safari/537.36
B	Rb	10320	0.616	Mozilla/5.0 (Windows NT 6.1; WOW64; Trident/7.0; rv:11.0) like Gecko
B	Rb	10152	0.000	Mozilla/5.0 (Windows NT 10.0; Win64; x64) AppleWebKit/537.36 (KHTML, like Gecko) Chrome/122.0.0.0 Safari/537.36
B	Rb	9932	0.000	Mozilla/5.0 (Windows NT 10.0; Win64; x64) AppleWebKit/537.36 (KHTML, like Gecko) Chrome/121.0.0.0 Safari/537.36
B	Rb	9648	0.435	Mozilla/5.0 AppleWebKit/537.36 (KHTML, like Gecko; compatible; bingbot/2.0;  http://www.bing.com/bingbot.htm) Chrome/103.0.5060.134 Safari/537.36
B	Rb	9199	0.424	Mozilla/5.0 (Macintosh; Intel Mac OS X 10.11; rv:52.0) Gecko/20100101 Firefox/52.0
B	Rb	8428	0.000	Mozilla/5.0 (Linux; Android 5.0) AppleWebKit/537.36 (KHTML, like Gecko) Mobile Safari/537.36 (compatible; Bytespider; spider-feedback@bytedance.com)
B	Rb	8305	0.067	Mozilla/5.0 (Windows NT 10.0; Win64; x64) AppleWebKit/537.36 (KHTML, like Gecko) Chrome/113.0.0.0 Safari/537.36
B	Rb	8160	0.400	Mozilla/5.0 (Windows NT 5.1; rv:17.0) Gecko/20100101 Firefox/17.0
B	Rb	8061	0.886	Mozilla/4.0 (compatible; MSIE 7.0; Windows NT 5.1; .NET CLR 1.1.4322; .NET CLR 2.0.50727)
B	Rb	7841	0.190	Mozilla/5.0 (compatible; BLEXBot/1.0;  http://webmeup-crawler.com/)
B	Rb	7814	0.000	Mozilla/5.0 (Windows NT 10.0; Win64; x64) AppleWebKit/537.36 (KHTML, like Gecko) Chrome/116.0.0.0 Safari/537.36
B	Rb	7522	0.408	Mozilla/5.0 (compatible; Yahoo! Slurp; http://help.yahoo.com/help/us/ysearch/slurp)
B	Rb	7378	0.000	Mozilla/5.0 (Windows NT 10.0; Win64; x64) AppleWebKit/537.36 (KHTML, like Gecko) Chrome/126.0.0.0 Safari/537.36
B	Rb	7317	0.000	Mozilla/5.0 (Windows NT 10.0; Win64; x64) AppleWebKit/537.36 (KHTML, like Gecko) HeadlessChrome/128.0.0.0 Safari/537.36
B	Rb	7221	0.210	Mozilla/4.0 (compatible; MSIE 6.0; Windows NT 5.1; SV1; .NET CLR 2.0.50727)
B	Rb	7181	0.200	Mozilla/4.0 (compatible;)
B	Rb	6901	0.246	Mozilla/5.0 (compatible; MJ12bot/v1.4.8; http://mj12bot.com/)
B	Rb	6885	0.479	PRurl
B	Rb	6708	0.220	Mozilla/5.0 (Linux; Android 6.0.1; Nexus 5 Build/MRA58N) AppleWebKit/537.36(KHTML, like Gecko) Chrome/66.0.3359.30 Mobile Safari/537.36
B	Rb	6488	0.307	Mozilla/4.0 (compatible; MSIE 6.0; Windows NT 5.1)
B	Rb	6386	0.000	Mozilla/5.0 (Windows NT 10.0; Win64; x64) AppleWebKit/537.36 (KHTML, like Gecko) Chrome/119.0.0.0 Safari/537.36
B	Rb	6164	0.044	Mozilla/4.0 (compatible; MSIE 7.0; Windows NT 5.1; .NET CLR 1.1.4322; .NET CLR 2.0.50727; .NET CLR 3.0.4506.2152; .NET CLR 3.5.30729)
B	Rb	1424865	76.519	[not listed: 23266]
b	*f	-15Q	s
b	lRQq	1	6022	4252339541	106.407	python-requests
b	lRQq	2	6004	875729945	21.914	python-requests/2
b	lRQq	2	6	4111295756	102.878	python-requests/0
b	lRQq	2	12	3560281136	89.090	python-requests/1
b	lRQq	1	956	4111295757	102.878	DuckDuckBot
b	lRQq	2	956	4111295757	102.878	DuckDuckBot/1
b	lRQq	1	19	4111295757	102.878	colly - https:
b	lRQq	2	19	4111295757	102.878	colly - https://github
b	lRQq	1	557	4111295757	102.878	Mozlila
b	lRQq	2	557	4111295757	102.878	Mozlila/5
b	lRQq	1	2249	4146556694	103.760	libwww-perl
b	lRQq	2	455	2825594976	70.705	libwww-perl/5
b	lRQq	2	1794	1320961718	33.055	libwww-perl/6
b	lRQq	1	263345	4111369938	102.880	MSIE
b	lRQq	2	728	4111295756	102.878	MSIE/2
b	lRQq	2	439	3376609596	84.493	MSIE/4
b	lRQq	2	14779	3107682480	77.764	MSIE/9
b	lRQq	2	101267	2018313918	50.505	MSIE/7
b	lRQq	2	33	1871976338	46.843	MSIE/11
b	lRQq	2	405	1688304798	42.247	MSIE/3
b	lRQq	2	4934	1200445204	30.039	MSIE/10
b	lRQq	2	6413	359976230	9.008	MSIE/5
b	lRQq	2	39325	349462756	8.745	MSIE/8
b	lRQq	2	92759	197905530	4.952	MSIE/6
b	lRQq	1	566	4111295756	102.878	Baiduspider ( http:
b	lRQq	2	566	4111295756	102.878	Baiduspider ( http://www
b	lRQq	1	157	4111295756	102.878	cpp-httplib
b	lRQq	2	157	4111295756	102.878	cpp-httplib/0
b	lRQq	1	11	4111295756	102.878	BlackBerry9630
b	lRQq	2	11	4111295756	102.878	BlackBerry9630/5
b	lRQq	1	18	4111295756	102.878	Brodie
b	lRQq	2	18	4111295756	102.878	Brodie/1
b	lRQq	1	587	4111295756	102.878	Aboundex
b	lRQq	2	587	4111295756	102.878	Aboundex/0
b	lRQq	1	4	4111295756	102.878	webGobbler
b	lRQq	2	4	4111295756	102.878	webGobbler/1
b	lRQq	1	255	4111295756	102.878	E. Orliac, G. Fourestey
b	lRQq	2	255	4111295756	102.878	E. Orliac, G. Fourestey/1
b	lRQq	1	1	4111295756	102.878	URLTester
b	lRQq	2	1	4111295756	102.878	URLTester/1
b	lRQq	1	29	4111295756	102.878	nutch-solr-integration-test
b	lRQq	2	29	4111295756	102.878	nutch-solr-integration-test/Nutch-1
b	lRQq	1	1931481	2280023349	57.053	[not listed: 957]
p	*f	0Q	s
p	lR	1	1063369	Windows
p	lR	2	361378	Windows NT
p	lR	2	431557	Unknown Windows
p	lR	2	253955	Windows XP
p	lR	2	2238	Windows 95
p	lR	2	425	Windows CE
p	lR	2	2385	Windows 98
p	lR	2	9601	Windows 2000
p	lR	2	389	Windows 3.1
p	lR	2	1441	Windows ME
p	lR	1	281238	Known robots
p	lR	1	196151	Unix
p	lR	2	191635	Linux
p	lR	2	22	SunOS
p	lR	2	72	BSD
p	lR	2	4419	Other Unix
p	lR	2	3	HP-UX
p	lR	1	425910	OS unknown
p	lR	1	239506	Macintosh
p	lR	2	232286	Unknown Macintosh
p	lR	2	3948	Macintosh 68k
p	lR	2	3272	Macintosh PowerPC
p	lR	1	16	WebTV
p	lR	1	13	BeOS
p	lR	1	47	OS/2
p	lR	1	7	Amiga
i	*f	0R	s
i	lRc	1	840841	0.000	/images/
i	lRc	1	1067458	0.000	[root directory]
i	lRc	1	194869	0.000	/js/
i	lRc	1	100178	0.000	/css/
i	lRc	1	15831	0.000	/uploads/
i	lRc	1	865	0.000	/videos/
i	lRc	1	541	0.000	/client/
i	lRc	1	1	0.000	/cgi-bin/
i	lRc	1	283	0.000	/dev/
i	lRc	2	24	0.000	/dev/css/
i	lRc	2	46	0.000	/dev/js/
i	lRc	2	81	0.000	/dev/images/
i	lRc	1	1	0.000	/secure/
i	lRc	1	74	0.000	/stats/
r	*f	0.050000%S	s
r	lRSc	1	42882	43	0.000	/compnews.html
r	lRSc	1	43749	39	0.000	/links.html
r	lRSc	1	32639	34	0.000	/contactus.html
r	lRSc	1	29371	30	0.000	/consultinga.html
r	lRSc	1	24893	29	0.000	/indevents.html
r	lRSc	1	44030	28	0.000	/aboutus.html
r	lRSc	1	14766	20	0.000	/gt1500+rpas.html
r	lRSc	1	21564	20	0.000	/faq.html
r	lRSc	1	10556	19	0.000	/gt100hl+rpas.html
r	lRSc	1	22548	18	0.000	/employment.html
r	lRSc	1	25365	18	0.000	/pna.html
r	lRSc	1	15009	17	0.000	/gt380+rpas.html
r	lRSc	1	32494	17	0.000	/uasfc.html
r	lRSc	1	27225	17	0.000	/cfmt.html
r	lRSc	1	28417	16	0.000	/cct&m.html
r	lRSc	1	19080	16	0.000	/sru.html
r	lRSc	1	14968	16	0.000	/rd.html
r	lRSc	1	14027	13	0.000	/gt50t+rpas.html
r	lRSc	1	32753	7	0.000	/indnews.html
r	lRSc	2	141	0	0.000	/indnews.html?referer=www.clickfind.com.au/wp-login.php
r	lRSc	2	1	0	0.000	/indnews.html?referer=top1.co.pl
r	lRSc	2	1	0	0.000	/indnews.html?referer=www.clickfind.com.au//wp-content/themes/busybee/thumb.php?src=http://blogger.com.opontodaarte.com.br/java.php
r	lRSc	1	2298	6	0.000	/uploads/idrone-pressrelease-powell-version220119.pdf
r	lRSc	1	1401	6	0.000	/uploads/bighornbasindronefestivalflyer-v2-220110.pdf
r	lRSc	1	1432	5	0.000	/uploads/droneexpojan2022+(1).pdf
r	lRSc	1	4782	4	0.000	/banditomav.html
r	lRSc	1	1482	4	0.000	/uploads/big+horn+basin+drone+festival+event+schedule.pdf
r	lRSc	1	1140	4	0.000	/uploads/2022wydronefestflyer+rev2.pdf
r	lRSc	1	4957	2	0.000	/uavengines.html
r	lRSc	1	4596	1	0.000	/gtatexan.html
r	lRSc	1	4212	1	0.000	/bandituas.html
r	lRSc	1	2	0	0.000	/client/bandit+timeline2004.html
r	lRSc	1	1	0	0.000	/404.htm
r	lRSc	1	12	0	0.000	/client/gta010707002.html
r	lRSc	1	72	0	0.000	/client/bandito+development.html
r	lRSc	1	1	0	0.000	/stats/browserrep.html
r	lRSc	1	741	0	0.000	/gt50t rpas.html
r	lRSc	1	2	0	0.000	/dev/contactus.html
r	lRSc	1	1	0	0.000	/dev/aboutus.html
r	lRSc	1	18	0	0.000	/client/tacamo+development.html
r	lRSc	1	11	0	0.000	/client/rq2+outlaw.html
r	lRSc	1	1	0	0.000	/client/bandit timeline2008.html
r	lRSc	1	15	0	0.000	/client/bandit.html
r	lRSc	1	987	0	0.000	/gtamt.html
r	lRSc	1	2253	0	0.000	/gt1500 rpas.html
r	lRSc	1	4	0	0.000	/client/gta121004001.html
r	lRSc	1	1	0	0.000	/dev/client.cgi
r	lRSc	1	71	0	0.000	/client/bandit+development.html
r	lRSc	1	2	0	0.000	/client/bandito development.html
r	lRSc	1	2	0	0.000	/stats/domain.html
r	lRSc	1	2	0	0.000	/stats/weekly.html
r	lRSc	1	6356	0	0.000	/pridpass.html
r	lRSc	1	1	0	0.000	/dev/pna.html
r	lRSc	1	1	0	0.000	/client/tacamo development.html
r	lRSc	1	4	0	0.000	/stats/index.htm
r	lRSc	1	4	0	0.000	/stats/nav.html
r	lRSc	1	2	0	0.000	/stats/directory.html
r	lRSc	1	2	0	0.000	/stats/organisation.html
r	lRSc	1	7	0	0.000	/client/bandit+timeline2007.html
r	lRSc	1	1	0	0.000	/dev/pridpass.html
r	lRSc	1	1	0	0.000	/client/bandito timeline2007.html
r	lRSc	1	1	0	0.000	/stats/quick.html
r	lRSc	1	135	0	0.000	/client/welcome.html
r	lRSc	1	3	0	0.000	/client/gta021305001.html
r	lRSc	1	5	0	0.000	/client/gta012405001.html
r	lRSc	1	4	0	0.000	/stats/general.html
r	lRSc	1	1	0	0.000	/stats/dailyrep.html
r	lRSc	1	1	0	0.000	/client/bandit development.html
r	lRSc	1	17	0	0.000	/client/bandit+timeline2008.html
r	lRSc	1	1	0	0.000	/client/bandito+timeline2005.html
r	lRSc	1	23	0	0.000	/client/projectbids.html
r	lRSc	1	1	0	0.000	/stats/host.html
r	lRSc	1	20	0	0.000	/client/clientpna.html
r	lRSc	1	2	0	0.000	/stats/default.asp
r	lRSc	1	21	0	0.000	/index.htm
r	lRSc	1	1	0	0.000	/cgi-bin/testms.pl
r	lRSc	1	14	0	0.000	/client/rq1+bandit.html
r	lRSc	1	6	0	0.000	/client/gta021305002.html
r	lRSc	1	24	0	0.000	/client/tacamo.html
r	lRSc	1	30	0	0.000	/client/mgqgcyat.asp
r	lRSc	1	18702	0	0.000	/default.asp
r	lRSc	1	1666	0	0.000	/gt380 rpas.html
r	lRSc	1	1	0	0.000	/client/bandito+timeline2006.html
r	lRSc	1	16	0	0.000	/client/rq3+bandito.html
r	lRSc	1	1	0	0.000	/dev/uasfc.html
r	lRSc	1	229	0	0.000	/client.cgi
r	lRSc	1	2	0	0.000	/stats/yearly.html
r	lRSc	1	1	0	0.000	/stats/monthly.html
r	lRSc	1	8	0	0.000	/client/gta010707001.html
r	lRSc	1	3749	0	0.000	/bidspridpass.html
r	lRSc	1	12	0	0.000	/client/bandito.html
r	lRSc	1	1	0	0.000	/stats/quarterly.html
r	lRSc	1	8	0	0.000	/client/bandito+timeline2007.html
t	*f	0.100000%B	b
t	lRb	1	754352	43.756	.jpg  [JPEG graphics]
t	lRb	1	531176	26.229	.html [Hypertext Markup Language]
t	lRb	1	478243	18.517	[directories]
t	lRb	1	8078	5.242	.mp4
t	lRb	1	778	2.157	.wmv
t	lRb	1	87	2.118	.mpg  [MPEG movie]
t	lRb	1	18734	0.911	.asp  [Active Server REQUESTS]
t	lRb	1	86594	0.296	.gif  [GIF graphics]
t	lRb	1	194915	0.254	.js  [JavaScript code]
t	lRb	1	100194	0.225	.css  [Cascading Style Sheets]
t	lRb	1	7753	0.210	.pdf  [Adobe Portable Document Format]
t	lRb	1	40038	0.084	[not listed: 6]
z	*FR	2023	04	05	20	41
z	*LR	2023	05	09	10	03
z	ScR	0	0.000	84837	0
z	ScR	0	0.000	0	1b-  10b
z	ScR	0	0.000	0	11b- 100b
z	ScR	0	0.000	85122	101b-  1kb
z	ScR	0	0.000	509907	1kb- 10kb
z	ScR	0	0.000	352085	10kb-100kb
z	ScR	0	0.000	104639	100kb-  1Mb
z	ScR	0	0.000	4584	1Mb- 10Mb
z	ScR	0	0.000	55	10Mb-100Mb
z	ScR	0	0.000	13	100Mb-  1Gb
c	*FR	2014	03	02	13	52
c	*LR	2024	09	26	04	46
c	*f	0R	a
c	R	2084350	200 OK
c	R	15735	206 Partial content
c	R	200	301 Document moved permanently
c	R	77	302 Document found elsewhere
c	R	120857	304 Not modified since last retrieval
c	R	1627	400 Bad request
c	R	207	401 Authentication required
c	R	1038	403 Access forbidden
c	R	1011889	404 Document not found
c	R	2902	405 Method not allowed
c	R	1274	406 Document not acceptable to client
c	R	141	416 Requested range not valid
c	R	624	500 Internal server error
c	R	128	501 Request type not supported
I	*FR	2007	12	11	00	52
I	*LR	2024	09	26	04	46
I	*f	-30S	s
I	lRS	1	196043	248	/robots.txt
I	lRS	1	11017	15	/ads.txt
I	lRS	1	10006	8	/wp-login.php
I	lRS	1	668	7	/webmail
I	lRS	1	5516	7	/xmlrpc.php
I	lRS	1	44	7	/owa
I	lRS	1	2075	5	/videos/bandito+004+flt+8+clip+092508.wmv
I	lRS	1	23567	4	/&quot
I	lRS	1	1558	4	/wordpress
I	lRS	1	4542	4	/.env
I	lRS	1	1471	4	/wp
I	lRS	1	1344	4	/simple.php
I	lRS	1	30	3	/wp-content/plugins/shell/noimg.php
I	lRS	1	91	3	/wp-content/plugins/admin.php
I	lRS	1	1021	3	/backup
I	lRS	1	275	3	/wp-admin.php
I	lRS	1	343	3	/wp-content/plugins/index.php
I	lRS	1	899	3	/images/rq3b+005+006.jpg
I	lRS	1	120	3	/wp-content/plugins/pwnd/pwnd.php
I	lRS	1	156	3	/wp-content/plugins/dummyyummy/wp-signup.php
I	lRS	1	60	3	/wp-content/plugins/pwnd-1/pwnd.php
I	lRS	1	24	3	/wp-content/plugins/clara/clara.php
I	lRS	1	228	3	/wp-admin/images/index.php
I	lRS	1	30	3	/wp-content/plugins/core-econ/uph.php
I	lRS	1	1180	3	/home
I	lRS	1	584	3	/wp-content/plugins/fix/up.php
I	lRS	1	570	3	/images/sbandit+powerplant+2.jpg
I	lRS	1	1445	3	/new
I	lRS	1	30	3	/wp-includes/ixr/index.php
I	lRS	1	1475	3	/old
I	lRS	1	753233	90	[not listed: 33033]
L	*FR	2007	12	11	00	52
L	*LR	2024	09	26	04	46
L	*f	-20S	s
L	RS	102	34	66.94.125.191
L	RS	180	29	135.237.104.235
L	RS	60	22	35.173.236.178
L	RS	102	17	154.12.246.143
L	RS	36	14	203.161.35.118
L	RS	36	9	158.247.254.221
L	RS	9	9	45.32.158.144
L	RS	54	9	45.77.118.20
L	RS	18	9	91.92.255.187
L	RS	48	8	13.37.234.15
L	RS	156	8	194.163.155.246
L	RS	5575	8	216.244.66.229
L	RS	347	6	207.46.13.229
L	RS	144	6	65.108.6.34
L	RS	1269	5	156.59.198.136
L	RS	20	5	2.58.56.137
L	RS	1005	5	66.249.66.74
L	RS	1106	5	66.249.66.196
L	RS	20	4	198.71.58.24
L	RS	361	3	78.153.140.218
L	RS	1009182	246	[not listed: 89698]
K	*FR	2013	12	22	04	20
K	*LR	2024	09	25	18	13
K	*f	-30S	s
K	lRS	1	517	22	https://www.google.com/
K	lRS	1	23287	7	http://www.gtaeronautics.com/
K	lRS	1	1191	6	http://www.gtaeronautics.com/BANDITOMAV.html
K	lRS	1	2024	1	http://gtaeronautics.com/
K	lRS	1	34	1	https://gtaeronautics.com
K	lRS	1	71301	0	[not listed: 6296]
E	*FR	2008	01	06	10	12
E	*LR	2024	08	18	07	07
E	*f	-30S	s
E	lSR	1	0	277	[not listed: 7]
l	*FR	2008	01	06	10	12
l	*LR	2024	08	18	07	07
l	*f	-20S	s
l	SR	0	277	[not listed: 119]
v	*f	-20B	b
v	Rb	1563527	65.103	64.41.87.40
v	Rb	657415	34.897	66.113.131.59
R	*FR	2008	01	06	10	12
R	*LR	2024	08	18	07	07
R	*f	-20R	r
R	R	178	66.113.131.59
R	R	99	64.41.87.40
M	*FR	2007	12	11	00	52
M	*LR	2024	09	26	04	46
M	*f	-20R	r
M	R	717224	64.41.87.40
M	R	302606	66.113.131.59
J	*FR	2007	12	11	00	53
J	*LR	2017	03	17	18	30
J	*f	-20R	r
J	R	9	gtaeronautics
J	R	5	lorrigkj
J	R	1	rullma2063
J	R	1	administrator
J	R	1	satish
J	R	1	nnnnn
P	*FR	2024	04	17	09	27
P	*LR	2024	09	26	04	35
P	R	230	0
P	R	262	<= 0.01
P	R	5008	0.01-0.02
P	R	202525	0.02-0.05
P	R	251618	0.05-0.1 
P	R	334397	0.1 -0.2 
P	R	363316	0.2 -0.5 
P	R	180808	0.5 -1   
P	R	100310	1-  2 
P	R	40985	2-  5 
P	R	17154	5- 10 
P	R	8677	10- 20 
P	R	37410	20- 60 
P	R	4158	60-120 
P	R	16565	120-300 
