x	VE	analog 5.24
x	HN	gtaeronautics.com
x	PS	2024	03	02	02	41
x	FR	2007	12	18	17	05
x	LR	2024	03	01	05	56
x	E7	2024	03	02	02	41
x	SR	1739198
x	S7	8272
x	NC	608217
x	C7	0
x	FL	645737
x	F7	747
x	RR	254
x	R7	0
x	NH	110117
x	H7	439
x	BT	57520368399
x	B7	0
1	Rr	134992	7.762	2024
1	Rr	511208	29.393	2023
1	Rr	82334	4.734	2022
1	Rr	98917	5.688	2021
1	Rr	89380	5.139	2020
1	Rr	80088	4.605	2019
1	Rr	68927	3.963	2018
1	Rr	60168	3.460	2017
1	Rr	73316	4.216	2016
1	Rr	80796	4.646	2015
1	Rr	110773	6.369	2014
1	Rr	65173	3.747	2013
1	Rr	60742	3.493	2012
1	Rr	57015	3.278	2011
1	Rr	22139	1.273	2010
1	Rr	69710	4.008	2009
1	Rr	71820	4.129	2008
1	Rr	1700	0.098	2007
1	*BT	R	511208	2023
Q	Rr	134992	7.762	2024	1
Q	Rr	182268	10.480	2023	4
Q	Rr	165939	9.541	2023	3
Q	Rr	135306	7.780	2023	2
Q	Rr	27695	1.592	2023	1
Q	Rr	20307	1.168	2022	4
Q	Rr	20362	1.171	2022	3
Q	Rr	21795	1.253	2022	2
Q	Rr	19870	1.142	2022	1
Q	Rr	21154	1.216	2021	4
Q	Rr	26826	1.542	2021	3
Q	Rr	30675	1.764	2021	2
Q	Rr	20262	1.165	2021	1
Q	Rr	22199	1.276	2020	4
Q	Rr	23882	1.373	2020	3
Q	Rr	21656	1.245	2020	2
Q	Rr	21643	1.244	2020	1
Q	Rr	19098	1.098	2019	4
Q	Rr	19668	1.131	2019	3
Q	Rr	19827	1.140	2019	2
Q	Rr	21495	1.236	2019	1
Q	Rr	18129	1.042	2018	4
Q	Rr	17138	0.985	2018	3
Q	Rr	16928	0.973	2018	2
Q	Rr	16732	0.962	2018	1
Q	Rr	15937	0.916	2017	4
Q	Rr	0	0.000	2017	3
Q	Rr	16831	0.968	2017	2
Q	Rr	27400	1.575	2017	1
Q	Rr	22114	1.272	2016	4
Q	Rr	17621	1.013	2016	3
Q	Rr	15878	0.913	2016	2
Q	Rr	17703	1.018	2016	1
Q	Rr	16575	0.953	2015	4
Q	Rr	22104	1.271	2015	3
Q	Rr	22485	1.293	2015	2
Q	Rr	19632	1.129	2015	1
Q	Rr	21142	1.216	2014	4
Q	Rr	22272	1.281	2014	3
Q	Rr	31453	1.808	2014	2
Q	Rr	35906	2.065	2014	1
Q	Rr	16436	0.945	2013	4
Q	Rr	15216	0.875	2013	3
Q	Rr	16545	0.951	2013	2
Q	Rr	16976	0.976	2013	1
Q	Rr	16578	0.953	2012	4
Q	Rr	12511	0.719	2012	3
Q	Rr	15816	0.909	2012	2
Q	Rr	15837	0.911	2012	1
Q	Rr	15444	0.888	2011	4
Q	Rr	17386	1.000	2011	3
Q	Rr	9395	0.540	2011	2
Q	Rr	14790	0.850	2011	1
Q	Rr	1603	0.092	2010	4
Q	Rr	0	0.000	2010	3
Q	Rr	14047	0.808	2010	2
Q	Rr	6489	0.373	2010	1
Q	Rr	16350	0.940	2009	4
Q	Rr	18220	1.048	2009	3
Q	Rr	17115	0.984	2009	2
Q	Rr	18025	1.036	2009	1
Q	Rr	15905	0.915	2008	4
Q	Rr	15660	0.900	2008	3
Q	Rr	22448	1.291	2008	2
Q	Rr	17807	1.024	2008	1
Q	Rr	1700	0.098	2007	4
Q	*BT	R	182268	2023	4
m	Rr	167	0.010	2024	03
m	Rr	60767	3.494	2024	02
m	Rr	74058	4.258	2024	01
m	Rr	54270	3.120	2023	12
m	Rr	61278	3.523	2023	11
m	Rr	66720	3.836	2023	10
m	Rr	51132	2.940	2023	09
m	Rr	54561	3.137	2023	08
m	Rr	60246	3.464	2023	07
m	Rr	66204	3.807	2023	06
m	Rr	60120	3.457	2023	05
m	Rr	8982	0.516	2023	04
m	Rr	10848	0.624	2023	03
m	Rr	8360	0.481	2023	02
m	Rr	8487	0.488	2023	01
m	Rr	6950	0.400	2022	12
m	Rr	6349	0.365	2022	11
m	Rr	7008	0.403	2022	10
m	Rr	6740	0.388	2022	09
m	Rr	6863	0.395	2022	08
m	Rr	6759	0.389	2022	07
m	Rr	6567	0.378	2022	06
m	Rr	8427	0.485	2022	05
m	Rr	6801	0.391	2022	04
m	Rr	6380	0.367	2022	03
m	Rr	6175	0.355	2022	02
m	Rr	7315	0.421	2022	01
m	Rr	7667	0.441	2021	12
m	Rr	7097	0.408	2021	11
m	Rr	6390	0.367	2021	10
m	Rr	6059	0.348	2021	09
m	Rr	9092	0.523	2021	08
m	Rr	11675	0.671	2021	07
m	Rr	10152	0.584	2021	06
m	Rr	10231	0.588	2021	05
m	Rr	10292	0.592	2021	04
m	Rr	7948	0.457	2021	03
m	Rr	5800	0.333	2021	02
m	Rr	6514	0.375	2021	01
m	Rr	8069	0.464	2020	12
m	Rr	6579	0.378	2020	11
m	Rr	7551	0.434	2020	10
m	Rr	8028	0.462	2020	09
m	Rr	7741	0.445	2020	08
m	Rr	8113	0.466	2020	07
m	Rr	7317	0.421	2020	06
m	Rr	6898	0.397	2020	05
m	Rr	7441	0.428	2020	04
m	Rr	7524	0.433	2020	03
m	Rr	7322	0.421	2020	02
m	Rr	6797	0.391	2020	01
m	Rr	6573	0.378	2019	12
m	Rr	5917	0.340	2019	11
m	Rr	6608	0.380	2019	10
m	Rr	6791	0.390	2019	09
m	Rr	6597	0.379	2019	08
m	Rr	6280	0.361	2019	07
m	Rr	6317	0.363	2019	06
m	Rr	6847	0.394	2019	05
m	Rr	6663	0.383	2019	04
m	Rr	7059	0.406	2019	03
m	Rr	6374	0.366	2019	02
m	Rr	8062	0.464	2019	01
m	Rr	6957	0.400	2018	12
m	Rr	5422	0.312	2018	11
m	Rr	5750	0.331	2018	10
m	Rr	5458	0.314	2018	09
m	Rr	5735	0.330	2018	08
m	Rr	5945	0.342	2018	07
m	Rr	7110	0.409	2018	06
m	Rr	6440	0.370	2018	05
m	Rr	3378	0.194	2018	04
m	Rr	5789	0.333	2018	03
m	Rr	5369	0.309	2018	02
m	Rr	5574	0.320	2018	01
m	Rr	3906	0.225	2017	12
m	Rr	6533	0.376	2017	11
m	Rr	5498	0.316	2017	10
m	Rr	0	0.000	2017	09
m	Rr	0	0.000	2017	08
m	Rr	0	0.000	2017	07
m	Rr	0	0.000	2017	06
m	Rr	6832	0.393	2017	05
m	Rr	9999	0.575	2017	04
m	Rr	11887	0.683	2017	03
m	Rr	7941	0.457	2017	02
m	Rr	7572	0.435	2017	01
m	Rr	9483	0.545	2016	12
m	Rr	7121	0.409	2016	11
m	Rr	5510	0.317	2016	10
m	Rr	6288	0.362	2016	09
m	Rr	5888	0.339	2016	08
m	Rr	5445	0.313	2016	07
m	Rr	5042	0.290	2016	06
m	Rr	5495	0.316	2016	05
m	Rr	5341	0.307	2016	04
m	Rr	5558	0.320	2016	03
m	Rr	5548	0.319	2016	02
m	Rr	6597	0.379	2016	01
m	Rr	5574	0.320	2015	12
m	Rr	5330	0.306	2015	11
m	Rr	5671	0.326	2015	10
m	Rr	6196	0.356	2015	09
m	Rr	6788	0.390	2015	08
m	Rr	9120	0.524	2015	07
m	Rr	7156	0.411	2015	06
m	Rr	5694	0.327	2015	05
m	Rr	9635	0.554	2015	04
m	Rr	6215	0.357	2015	03
m	Rr	6084	0.350	2015	02
m	Rr	7333	0.422	2015	01
m	Rr	6608	0.380	2014	12
m	Rr	6997	0.402	2014	11
m	Rr	7537	0.433	2014	10
m	Rr	7043	0.405	2014	09
m	Rr	7324	0.421	2014	08
m	Rr	7905	0.455	2014	07
m	Rr	11654	0.670	2014	06
m	Rr	9211	0.530	2014	05
m	Rr	10588	0.609	2014	04
m	Rr	7817	0.449	2014	03
m	Rr	15229	0.876	2014	02
m	Rr	12860	0.739	2014	01
m	Rr	5325	0.306	2013	12
m	Rr	5513	0.317	2013	11
m	Rr	5598	0.322	2013	10
m	Rr	4655	0.268	2013	09
m	Rr	4938	0.284	2013	08
m	Rr	5623	0.323	2013	07
m	Rr	5492	0.316	2013	06
m	Rr	5211	0.300	2013	05
m	Rr	5842	0.336	2013	04
m	Rr	6068	0.349	2013	03
m	Rr	5055	0.291	2013	02
m	Rr	5853	0.337	2013	01
m	Rr	5688	0.327	2012	12
m	Rr	5477	0.315	2012	11
m	Rr	5413	0.311	2012	10
m	Rr	4331	0.249	2012	09
m	Rr	3866	0.222	2012	08
m	Rr	4314	0.248	2012	07
m	Rr	4655	0.268	2012	06
m	Rr	6047	0.348	2012	05
m	Rr	5114	0.294	2012	04
m	Rr	6128	0.352	2012	03
m	Rr	5430	0.312	2012	02
m	Rr	4279	0.246	2012	01
m	Rr	5548	0.319	2011	12
m	Rr	4779	0.275	2011	11
m	Rr	5117	0.294	2011	10
m	Rr	5431	0.312	2011	09
m	Rr	6256	0.360	2011	08
m	Rr	5699	0.328	2011	07
m	Rr	5420	0.312	2011	06
m	Rr	3975	0.229	2011	05
m	Rr	0	0.000	2011	04
m	Rr	3608	0.207	2011	03
m	Rr	5171	0.297	2011	02
m	Rr	6011	0.346	2011	01
m	Rr	1603	0.092	2010	12
m	Rr	0	0.000	2010	11
m	Rr	0	0.000	2010	10
m	Rr	0	0.000	2010	09
m	Rr	0	0.000	2010	08
m	Rr	0	0.000	2010	07
m	Rr	4101	0.236	2010	06
m	Rr	5018	0.289	2010	05
m	Rr	4928	0.283	2010	04
m	Rr	5095	0.293	2010	03
m	Rr	1394	0.080	2010	02
m	Rr	0	0.000	2010	01
m	Rr	4665	0.268	2009	12
m	Rr	6187	0.356	2009	11
m	Rr	5498	0.316	2009	10
m	Rr	5066	0.291	2009	09
m	Rr	5718	0.329	2009	08
m	Rr	7436	0.428	2009	07
m	Rr	5685	0.327	2009	06
m	Rr	6120	0.352	2009	05
m	Rr	5310	0.305	2009	04
m	Rr	5515	0.317	2009	03
m	Rr	6123	0.352	2009	02
m	Rr	6387	0.367	2009	01
m	Rr	5763	0.331	2008	12
m	Rr	5420	0.312	2008	11
m	Rr	4722	0.272	2008	10
m	Rr	5435	0.313	2008	09
m	Rr	4843	0.278	2008	08
m	Rr	5382	0.309	2008	07
m	Rr	6082	0.350	2008	06
m	Rr	9946	0.572	2008	05
m	Rr	6420	0.369	2008	04
m	Rr	5431	0.312	2008	03
m	Rr	6469	0.372	2008	02
m	Rr	5907	0.340	2008	01
m	Rr	1700	0.098	2007	12
m	*BT	R	74058	2024	01
W	Rr	7120	0.409	2024	02	25
W	Rr	13428	0.772	2024	02	18
W	Rr	16572	0.953	2024	02	11
W	Rr	17070	0.981	2024	02	04
W	Rr	26220	1.508	2024	01	28
W	Rr	14730	0.847	2024	01	21
W	Rr	13098	0.753	2024	01	14
W	Rr	15324	0.881	2024	01	07
W	Rr	12552	0.722	2023	12	31
W	Rr	11406	0.656	2023	12	24
W	Rr	11184	0.643	2023	12	17
W	Rr	13956	0.802	2023	12	10
W	Rr	13644	0.784	2023	12	03
W	Rr	12390	0.712	2023	11	26
W	Rr	11682	0.672	2023	11	19
W	Rr	15756	0.906	2023	11	12
W	Rr	16596	0.954	2023	11	05
W	Rr	16104	0.926	2023	10	29
W	Rr	13980	0.804	2023	10	22
W	Rr	15450	0.888	2023	10	15
W	Rr	14713	0.846	2023	10	08
W	Rr	14285	0.821	2023	10	01
W	Rr	14478	0.832	2023	09	24
W	Rr	11904	0.684	2023	09	17
W	Rr	10968	0.631	2023	09	10
W	Rr	10482	0.603	2023	09	03
W	Rr	10800	0.621	2023	08	27
W	Rr	14568	0.838	2023	08	20
W	Rr	12504	0.719	2023	08	13
W	Rr	12076	0.694	2023	08	06
W	Rr	10997	0.632	2023	07	30
W	Rr	13392	0.770	2023	07	23
W	Rr	13224	0.760	2023	07	16
W	Rr	16128	0.927	2023	07	09
W	Rr	13356	0.768	2023	07	02
W	Rr	12558	0.722	2023	06	25
W	Rr	17082	0.982	2023	06	18
W	Rr	16452	0.946	2023	06	11
W	Rr	15336	0.882	2023	06	04
W	Rr	13482	0.775	2023	05	28
W	Rr	16248	0.934	2023	05	21
W	Rr	15078	0.867	2023	05	14
W	Rr	17181	0.988	2023	05	07
W	Rr	4282	0.246	2023	04	30
W	Rr	2458	0.141	2023	04	23
W	Rr	2269	0.130	2023	04	16
W	Rr	1553	0.089	2023	04	09
W	Rr	2389	0.137	2023	04	02
W	Rr	1701	0.098	2023	03	26
W	Rr	1943	0.112	2023	03	19
W	Rr	2225	0.128	2023	03	12
W	Rr	2192	0.126	2023	03	05
W	Rr	4055	0.233	2023	02	26
W	Rr	2406	0.138	2023	02	19
W	Rr	1898	0.109	2023	02	12
W	Rr	1890	0.109	2023	02	05
W	Rr	1861	0.107	2023	01	29
W	Rr	1686	0.097	2023	01	22
W	Rr	1779	0.102	2023	01	15
W	Rr	1833	0.105	2023	01	08
W	Rr	2226	0.128	2023	01	01
W	Rr	1280	0.074	2022	12	25
W	Rr	1806	0.104	2022	12	18
W	Rr	1773	0.102	2022	12	11
W	Rr	1532	0.088	2022	12	04
W	Rr	1586	0.091	2022	11	27
W	Rr	1093	0.063	2022	11	20
W	Rr	1366	0.079	2022	11	13
W	Rr	1972	0.113	2022	11	06
W	Rr	1396	0.080	2022	10	30
W	Rr	1547	0.089	2022	10	23
W	Rr	1641	0.094	2022	10	16
W	Rr	1747	0.100	2022	10	09
W	Rr	1568	0.090	2022	10	02
W	Rr	1379	0.079	2022	09	25
W	Rr	1695	0.097	2022	09	18
W	Rr	1701	0.098	2022	09	11
W	Rr	1568	0.090	2022	09	04
W	Rr	1562	0.090	2022	08	28
W	Rr	1488	0.086	2022	08	21
W	Rr	1646	0.095	2022	08	14
W	Rr	1430	0.082	2022	08	07
W	Rr	1446	0.083	2022	07	31
W	Rr	1383	0.080	2022	07	24
W	Rr	1661	0.096	2022	07	17
W	Rr	1478	0.085	2022	07	10
W	Rr	1711	0.098	2022	07	03
W	Rr	1804	0.104	2022	06	26
W	Rr	1298	0.075	2022	06	19
W	Rr	1407	0.081	2022	06	12
W	Rr	1396	0.080	2022	06	05
W	Rr	1638	0.094	2022	05	29
W	Rr	1724	0.099	2022	05	22
W	Rr	2427	0.140	2022	05	15
W	Rr	2100	0.121	2022	05	08
W	Rr	1414	0.081	2022	05	01
W	Rr	1865	0.107	2022	04	24
W	Rr	1381	0.079	2022	04	17
W	Rr	1630	0.094	2022	04	10
W	Rr	1670	0.096	2022	04	03
W	Rr	1588	0.091	2022	03	27
W	Rr	1204	0.069	2022	03	20
W	Rr	1350	0.078	2022	03	13
W	Rr	1488	0.086	2022	03	06
W	Rr	1368	0.079	2022	02	27
W	Rr	1481	0.085	2022	02	20
W	Rr	1657	0.095	2022	02	13
W	Rr	1518	0.087	2022	02	06
W	Rr	1787	0.103	2022	01	30
W	Rr	2021	0.116	2022	01	23
W	Rr	1429	0.082	2022	01	16
W	Rr	1693	0.097	2022	01	09
W	Rr	1541	0.089	2022	01	02
W	Rr	1311	0.075	2021	12	26
W	Rr	1839	0.106	2021	12	19
W	Rr	1732	0.100	2021	12	12
W	Rr	2001	0.115	2021	12	05
W	Rr	1641	0.094	2021	11	28
W	Rr	1615	0.093	2021	11	21
W	Rr	1673	0.096	2021	11	14
W	Rr	1625	0.093	2021	11	07
W	Rr	1523	0.088	2021	10	31
W	Rr	1562	0.090	2021	10	24
W	Rr	1474	0.085	2021	10	17
W	Rr	1349	0.078	2021	10	10
W	Rr	1615	0.093	2021	10	03
W	Rr	1598	0.092	2021	09	26
W	Rr	1646	0.095	2021	09	19
W	Rr	1203	0.069	2021	09	12
W	Rr	1106	0.064	2021	09	05
W	Rr	1383	0.080	2021	08	29
W	Rr	1685	0.097	2021	08	22
W	Rr	2071	0.119	2021	08	15
W	Rr	2279	0.131	2021	08	08
W	Rr	2374	0.136	2021	08	01
W	Rr	2543	0.146	2021	07	25
W	Rr	2843	0.163	2021	07	18
W	Rr	2777	0.160	2021	07	11
W	Rr	2756	0.158	2021	07	04
W	Rr	2524	0.145	2021	06	27
W	Rr	2466	0.142	2021	06	20
W	Rr	2262	0.130	2021	06	13
W	Rr	2264	0.130	2021	06	06
W	Rr	2101	0.121	2021	05	30
W	Rr	3009	0.173	2021	05	23
W	Rr	1989	0.114	2021	05	16
W	Rr	2386	0.137	2021	05	09
W	Rr	2138	0.123	2021	05	02
W	Rr	1668	0.096	2021	04	25
W	Rr	2413	0.139	2021	04	18
W	Rr	3035	0.175	2021	04	11
W	Rr	2709	0.156	2021	04	04
W	Rr	1942	0.112	2021	03	28
W	Rr	1666	0.096	2021	03	21
W	Rr	1476	0.085	2021	03	14
W	Rr	1713	0.098	2021	03	07
W	Rr	1777	0.102	2021	02	28
W	Rr	1173	0.067	2021	02	21
W	Rr	1101	0.063	2021	02	14
W	Rr	1699	0.098	2021	02	07
W	Rr	1867	0.107	2021	01	31
W	Rr	1404	0.081	2021	01	24
W	Rr	1564	0.090	2021	01	17
W	Rr	1431	0.082	2021	01	10
W	Rr	1666	0.096	2021	01	03
W	Rr	1926	0.111	2020	12	27
W	Rr	1572	0.090	2020	12	20
W	Rr	1404	0.081	2020	12	13
W	Rr	2272	0.131	2020	12	06
W	Rr	1522	0.088	2020	11	29
W	Rr	1722	0.099	2020	11	22
W	Rr	1580	0.091	2020	11	15
W	Rr	1401	0.081	2020	11	08
W	Rr	1499	0.086	2020	11	01
W	Rr	1470	0.085	2020	10	25
W	Rr	2379	0.137	2020	10	18
W	Rr	1559	0.090	2020	10	11
W	Rr	1729	0.099	2020	10	04
W	Rr	1674	0.096	2020	09	27
W	Rr	1786	0.103	2020	09	20
W	Rr	2200	0.126	2020	09	13
W	Rr	1677	0.096	2020	09	06
W	Rr	1596	0.092	2020	08	30
W	Rr	1833	0.105	2020	08	23
W	Rr	1814	0.104	2020	08	16
W	Rr	2206	0.127	2020	08	09
W	Rr	1397	0.080	2020	08	02
W	Rr	1816	0.104	2020	07	26
W	Rr	1949	0.112	2020	07	19
W	Rr	1532	0.088	2020	07	12
W	Rr	1976	0.114	2020	07	05
W	Rr	1600	0.092	2020	06	28
W	Rr	1627	0.094	2020	06	21
W	Rr	2101	0.121	2020	06	14
W	Rr	1590	0.091	2020	06	07
W	Rr	1492	0.086	2020	05	31
W	Rr	1556	0.089	2020	05	24
W	Rr	1756	0.101	2020	05	17
W	Rr	1568	0.090	2020	05	10
W	Rr	1567	0.090	2020	05	03
W	Rr	1734	0.100	2020	04	26
W	Rr	1675	0.096	2020	04	19
W	Rr	1702	0.098	2020	04	12
W	Rr	1965	0.113	2020	04	05
W	Rr	1329	0.076	2020	03	29
W	Rr	1818	0.105	2020	03	22
W	Rr	1345	0.077	2020	03	15
W	Rr	1581	0.091	2020	03	08
W	Rr	2014	0.116	2020	03	01
W	Rr	1942	0.112	2020	02	23
W	Rr	1748	0.101	2020	02	16
W	Rr	1949	0.112	2020	02	09
W	Rr	1683	0.097	2020	02	02
W	Rr	1436	0.083	2020	01	26
W	Rr	1792	0.103	2020	01	19
W	Rr	1519	0.087	2020	01	12
W	Rr	1420	0.082	2020	01	05
W	Rr	1109	0.064	2019	12	29
W	Rr	1023	0.059	2019	12	22
W	Rr	1584	0.091	2019	12	15
W	Rr	1783	0.103	2019	12	08
W	Rr	1704	0.098	2019	12	01
W	Rr	1178	0.068	2019	11	24
W	Rr	1697	0.098	2019	11	17
W	Rr	1510	0.087	2019	11	10
W	Rr	1383	0.080	2019	11	03
W	Rr	1309	0.075	2019	10	27
W	Rr	1473	0.085	2019	10	20
W	Rr	1519	0.087	2019	10	13
W	Rr	1485	0.085	2019	10	06
W	Rr	1416	0.081	2019	09	29
W	Rr	1499	0.086	2019	09	22
W	Rr	1652	0.095	2019	09	15
W	Rr	1710	0.098	2019	09	08
W	Rr	1485	0.085	2019	09	01
W	Rr	1689	0.097	2019	08	25
W	Rr	1315	0.076	2019	08	18
W	Rr	1619	0.093	2019	08	11
W	Rr	1558	0.090	2019	08	04
W	Rr	1360	0.078	2019	07	28
W	Rr	1191	0.068	2019	07	21
W	Rr	1730	0.099	2019	07	14
W	Rr	1299	0.075	2019	07	07
W	Rr	1339	0.077	2019	06	30
W	Rr	1592	0.092	2019	06	23
W	Rr	1497	0.086	2019	06	16
W	Rr	1450	0.083	2019	06	09
W	Rr	1555	0.089	2019	06	02
W	Rr	1289	0.074	2019	05	26
W	Rr	1863	0.107	2019	05	19
W	Rr	1385	0.080	2019	05	12
W	Rr	1553	0.089	2019	05	05
W	Rr	1655	0.095	2019	04	28
W	Rr	1282	0.074	2019	04	21
W	Rr	1503	0.086	2019	04	14
W	Rr	1623	0.093	2019	04	07
W	Rr	1715	0.099	2019	03	31
W	Rr	1882	0.108	2019	03	24
W	Rr	1464	0.084	2019	03	17
W	Rr	1381	0.079	2019	03	10
W	Rr	1627	0.094	2019	03	03
W	Rr	1773	0.102	2019	02	24
W	Rr	1669	0.096	2019	02	17
W	Rr	1483	0.085	2019	02	10
W	Rr	1391	0.080	2019	02	03
W	Rr	1797	0.103	2019	01	27
W	Rr	1963	0.113	2019	01	20
W	Rr	2029	0.117	2019	01	13
W	Rr	1696	0.098	2019	01	06
W	Rr	1526	0.088	2018	12	30
W	Rr	1226	0.070	2018	12	23
W	Rr	1442	0.083	2018	12	16
W	Rr	1936	0.111	2018	12	09
W	Rr	1809	0.104	2018	12	02
W	Rr	1295	0.074	2018	11	25
W	Rr	1820	0.105	2018	11	18
W	Rr	1802	0.104	2018	11	11
W	Rr	0	0.000	2018	11	04
W	Rr	1473	0.085	2018	10	28
W	Rr	1106	0.064	2018	10	21
W	Rr	1427	0.082	2018	10	14
W	Rr	1214	0.070	2018	10	07
W	Rr	1168	0.067	2018	09	30
W	Rr	1420	0.082	2018	09	23
W	Rr	1197	0.069	2018	09	16
W	Rr	1388	0.080	2018	09	09
W	Rr	1320	0.076	2018	09	02
W	Rr	1246	0.072	2018	08	26
W	Rr	1214	0.070	2018	08	19
W	Rr	1366	0.079	2018	08	12
W	Rr	1195	0.069	2018	08	05
W	Rr	1346	0.077	2018	07	29
W	Rr	1374	0.079	2018	07	22
W	Rr	1508	0.087	2018	07	15
W	Rr	1522	0.088	2018	07	08
W	Rr	909	0.052	2018	07	01
W	Rr	1444	0.083	2018	06	24
W	Rr	2682	0.154	2018	06	17
W	Rr	1365	0.078	2018	06	10
W	Rr	1329	0.076	2018	06	03
W	Rr	1275	0.073	2018	05	27
W	Rr	1392	0.080	2018	05	20
W	Rr	1321	0.076	2018	05	13
W	Rr	1527	0.088	2018	05	06
W	Rr	1517	0.087	2018	04	29
W	Rr	0	0.000	2018	04	22
W	Rr	1364	0.078	2018	04	15
W	Rr	1712	0.098	2018	04	08
W	Rr	0	0.000	2018	04	01
W	Rr	1543	0.089	2018	03	25
W	Rr	1342	0.077	2018	03	18
W	Rr	2429	0.140	2018	03	11
W	Rr	0	0.000	2018	03	04
W	Rr	1366	0.079	2018	02	25
W	Rr	1308	0.075	2018	02	18
W	Rr	1439	0.083	2018	02	11
W	Rr	1731	0.100	2018	02	04
W	Rr	0	0.000	2018	01	28
W	Rr	1434	0.082	2018	01	21
W	Rr	1578	0.091	2018	01	14
W	Rr	1471	0.085	2018	01	07
W	Rr	1246	0.072	2017	12	31
W	Rr	1033	0.059	2017	12	24
W	Rr	1103	0.063	2017	12	17
W	Rr	1406	0.081	2017	12	10
W	Rr	0	0.000	2017	12	03
W	Rr	1335	0.077	2017	11	26
W	Rr	1427	0.082	2017	11	19
W	Rr	1662	0.096	2017	11	12
W	Rr	1414	0.081	2017	11	05
W	Rr	1349	0.078	2017	10	29
W	Rr	1208	0.069	2017	10	22
W	Rr	2013	0.116	2017	10	15
W	Rr	1832	0.105	2017	10	08
W	Rr	0	0.000	2017	10	01
W	Rr	0	0.000	2017	09	24
W	Rr	0	0.000	2017	09	17
W	Rr	0	0.000	2017	09	10
W	Rr	0	0.000	2017	09	03
W	Rr	0	0.000	2017	08	27
W	Rr	0	0.000	2017	08	20
W	Rr	0	0.000	2017	08	13
W	Rr	0	0.000	2017	08	06
W	Rr	0	0.000	2017	07	30
W	Rr	0	0.000	2017	07	23
W	Rr	0	0.000	2017	07	16
W	Rr	0	0.000	2017	07	09
W	Rr	0	0.000	2017	07	02
W	Rr	0	0.000	2017	06	25
W	Rr	0	0.000	2017	06	18
W	Rr	0	0.000	2017	06	11
W	Rr	0	0.000	2017	06	04
W	Rr	25	0.001	2017	05	28
W	Rr	1838	0.106	2017	05	21
W	Rr	1915	0.110	2017	05	14
W	Rr	1676	0.096	2017	05	07
W	Rr	1677	0.096	2017	04	30
W	Rr	2071	0.119	2017	04	23
W	Rr	1978	0.114	2017	04	16
W	Rr	1874	0.108	2017	04	09
W	Rr	3435	0.198	2017	04	02
W	Rr	2619	0.151	2017	03	26
W	Rr	2633	0.151	2017	03	19
W	Rr	2413	0.139	2017	03	12
W	Rr	3092	0.178	2017	03	05
W	Rr	2295	0.132	2017	02	26
W	Rr	2204	0.127	2017	02	19
W	Rr	1869	0.107	2017	02	12
W	Rr	1973	0.113	2017	02	05
W	Rr	1783	0.103	2017	01	29
W	Rr	1768	0.102	2017	01	22
W	Rr	1585	0.091	2017	01	15
W	Rr	1768	0.102	2017	01	08
W	Rr	1740	0.100	2017	01	01
W	Rr	1549	0.089	2016	12	25
W	Rr	2202	0.127	2016	12	18
W	Rr	1812	0.104	2016	12	11
W	Rr	2648	0.152	2016	12	04
W	Rr	2236	0.129	2016	11	27
W	Rr	1321	0.076	2016	11	20
W	Rr	1996	0.115	2016	11	13
W	Rr	1716	0.099	2016	11	06
W	Rr	1564	0.090	2016	10	30
W	Rr	1362	0.078	2016	10	23
W	Rr	1707	0.098	2016	10	16
W	Rr	1696	0.098	2016	10	09
W	Rr	36	0.002	2016	10	02
W	Rr	2002	0.115	2016	09	25
W	Rr	1399	0.080	2016	09	18
W	Rr	1199	0.069	2016	09	11
W	Rr	1326	0.076	2016	09	04
W	Rr	1316	0.076	2016	08	28
W	Rr	1257	0.072	2016	08	21
W	Rr	1208	0.069	2016	08	14
W	Rr	1602	0.092	2016	08	07
W	Rr	1319	0.076	2016	07	31
W	Rr	1796	0.103	2016	07	24
W	Rr	1171	0.067	2016	07	17
W	Rr	1167	0.067	2016	07	10
W	Rr	917	0.053	2016	07	03
W	Rr	920	0.053	2016	06	26
W	Rr	1179	0.068	2016	06	19
W	Rr	1288	0.074	2016	06	12
W	Rr	1237	0.071	2016	06	05
W	Rr	1263	0.073	2016	05	29
W	Rr	1338	0.077	2016	05	22
W	Rr	1184	0.068	2016	05	15
W	Rr	1365	0.078	2016	05	08
W	Rr	974	0.056	2016	05	01
W	Rr	1311	0.075	2016	04	24
W	Rr	1127	0.065	2016	04	17
W	Rr	1248	0.072	2016	04	10
W	Rr	1451	0.083	2016	04	03
W	Rr	987	0.057	2016	03	27
W	Rr	1233	0.071	2016	03	20
W	Rr	1347	0.077	2016	03	13
W	Rr	1347	0.077	2016	03	06
W	Rr	1236	0.071	2016	02	28
W	Rr	1422	0.082	2016	02	21
W	Rr	1085	0.062	2016	02	14
W	Rr	1427	0.082	2016	02	07
W	Rr	1359	0.078	2016	01	31
W	Rr	1708	0.098	2016	01	24
W	Rr	1476	0.085	2016	01	17
W	Rr	1563	0.090	2016	01	10
W	Rr	1381	0.079	2016	01	03
W	Rr	1273	0.073	2015	12	27
W	Rr	1084	0.062	2015	12	20
W	Rr	1344	0.077	2015	12	13
W	Rr	1336	0.077	2015	12	06
W	Rr	1123	0.065	2015	11	29
W	Rr	960	0.055	2015	11	22
W	Rr	1337	0.077	2015	11	15
W	Rr	1400	0.080	2015	11	08
W	Rr	1383	0.080	2015	11	01
W	Rr	1250	0.072	2015	10	25
W	Rr	1366	0.079	2015	10	18
W	Rr	1367	0.079	2015	10	11
W	Rr	1214	0.070	2015	10	04
W	Rr	1152	0.066	2015	09	27
W	Rr	1387	0.080	2015	09	20
W	Rr	1655	0.095	2015	09	13
W	Rr	1526	0.088	2015	09	06
W	Rr	1242	0.071	2015	08	30
W	Rr	1800	0.103	2015	08	23
W	Rr	1527	0.088	2015	08	16
W	Rr	1386	0.080	2015	08	09
W	Rr	1593	0.092	2015	08	02
W	Rr	1567	0.090	2015	07	26
W	Rr	1980	0.114	2015	07	19
W	Rr	2180	0.125	2015	07	12
W	Rr	2008	0.115	2015	07	05
W	Rr	2297	0.132	2015	06	28
W	Rr	1556	0.089	2015	06	21
W	Rr	1380	0.079	2015	06	14
W	Rr	2013	0.116	2015	06	07
W	Rr	1651	0.095	2015	05	31
W	Rr	1224	0.070	2015	05	24
W	Rr	1355	0.078	2015	05	17
W	Rr	1179	0.068	2015	05	10
W	Rr	1436	0.083	2015	05	03
W	Rr	1671	0.096	2015	04	26
W	Rr	1878	0.108	2015	04	19
W	Rr	2326	0.134	2015	04	12
W	Rr	2636	0.152	2015	04	05
W	Rr	2297	0.132	2015	03	29
W	Rr	1237	0.071	2015	03	22
W	Rr	1453	0.084	2015	03	15
W	Rr	1399	0.080	2015	03	08
W	Rr	1287	0.074	2015	03	01
W	Rr	1249	0.072	2015	02	22
W	Rr	1373	0.079	2015	02	15
W	Rr	1790	0.103	2015	02	08
W	Rr	1672	0.096	2015	02	01
W	Rr	1543	0.089	2015	01	25
W	Rr	1463	0.084	2015	01	18
W	Rr	1696	0.098	2015	01	11
W	Rr	1707	0.098	2015	01	04
W	Rr	1833	0.105	2014	12	28
W	Rr	1335	0.077	2014	12	21
W	Rr	1644	0.095	2014	12	14
W	Rr	1541	0.089	2014	12	07
W	Rr	1335	0.077	2014	11	30
W	Rr	1262	0.073	2014	11	23
W	Rr	2009	0.116	2014	11	16
W	Rr	1566	0.090	2014	11	09
W	Rr	1814	0.104	2014	11	02
W	Rr	1452	0.083	2014	10	26
W	Rr	1642	0.094	2014	10	19
W	Rr	1795	0.103	2014	10	12
W	Rr	1836	0.106	2014	10	05
W	Rr	1662	0.096	2014	09	28
W	Rr	1843	0.106	2014	09	21
W	Rr	1678	0.096	2014	09	14
W	Rr	1598	0.092	2014	09	07
W	Rr	1418	0.082	2014	08	31
W	Rr	1584	0.091	2014	08	24
W	Rr	1571	0.090	2014	08	17
W	Rr	1727	0.099	2014	08	10
W	Rr	1927	0.111	2014	08	03
W	Rr	1691	0.097	2014	07	27
W	Rr	1702	0.098	2014	07	20
W	Rr	1624	0.093	2014	07	13
W	Rr	1831	0.105	2014	07	06
W	Rr	1867	0.107	2014	06	29
W	Rr	1927	0.111	2014	06	22
W	Rr	2134	0.123	2014	06	15
W	Rr	4851	0.279	2014	06	08
W	Rr	2293	0.132	2014	06	01
W	Rr	3180	0.183	2014	05	25
W	Rr	1468	0.084	2014	05	18
W	Rr	1808	0.104	2014	05	11
W	Rr	1998	0.115	2014	05	04
W	Rr	1876	0.108	2014	04	27
W	Rr	2330	0.134	2014	04	20
W	Rr	2565	0.147	2014	04	13
W	Rr	2652	0.152	2014	04	06
W	Rr	2574	0.148	2014	03	30
W	Rr	1186	0.068	2014	03	23
W	Rr	1305	0.075	2014	03	16
W	Rr	2273	0.131	2014	03	09
W	Rr	2231	0.128	2014	03	02
W	Rr	1925	0.111	2014	02	23
W	Rr	7060	0.406	2014	02	16
W	Rr	2854	0.164	2014	02	09
W	Rr	3190	0.183	2014	02	02
W	Rr	3743	0.215	2014	01	26
W	Rr	3643	0.209	2014	01	19
W	Rr	2961	0.170	2014	01	12
W	Rr	2319	0.133	2014	01	05
W	Rr	981	0.056	2013	12	29
W	Rr	1108	0.064	2013	12	22
W	Rr	1226	0.070	2013	12	15
W	Rr	1285	0.074	2013	12	08
W	Rr	1289	0.074	2013	12	01
W	Rr	1404	0.081	2013	11	24
W	Rr	1142	0.066	2013	11	17
W	Rr	1334	0.077	2013	11	10
W	Rr	1277	0.073	2013	11	03
W	Rr	1035	0.060	2013	10	27
W	Rr	1309	0.075	2013	10	20
W	Rr	1302	0.075	2013	10	13
W	Rr	1432	0.082	2013	10	06
W	Rr	1178	0.068	2013	09	29
W	Rr	947	0.054	2013	09	22
W	Rr	1254	0.072	2013	09	15
W	Rr	1099	0.063	2013	09	08
W	Rr	1053	0.061	2013	09	01
W	Rr	1010	0.058	2013	08	25
W	Rr	1102	0.063	2013	08	18
W	Rr	1063	0.061	2013	08	11
W	Rr	1105	0.064	2013	08	04
W	Rr	1377	0.079	2013	07	28
W	Rr	1498	0.086	2013	07	21
W	Rr	1295	0.074	2013	07	14
W	Rr	1237	0.071	2013	07	07
W	Rr	1003	0.058	2013	06	30
W	Rr	1275	0.073	2013	06	23
W	Rr	1072	0.062	2013	06	16
W	Rr	1249	0.072	2013	06	09
W	Rr	1521	0.087	2013	06	02
W	Rr	1256	0.072	2013	05	26
W	Rr	1091	0.063	2013	05	19
W	Rr	1359	0.078	2013	05	12
W	Rr	1130	0.065	2013	05	05
W	Rr	1215	0.070	2013	04	28
W	Rr	1368	0.079	2013	04	21
W	Rr	1318	0.076	2013	04	14
W	Rr	1408	0.081	2013	04	07
W	Rr	1277	0.073	2013	03	31
W	Rr	1452	0.083	2013	03	24
W	Rr	1418	0.082	2013	03	17
W	Rr	1217	0.070	2013	03	10
W	Rr	1490	0.086	2013	03	03
W	Rr	1353	0.078	2013	02	24
W	Rr	1268	0.073	2013	02	17
W	Rr	1274	0.073	2013	02	10
W	Rr	1153	0.066	2013	02	03
W	Rr	1266	0.073	2013	01	27
W	Rr	1271	0.073	2013	01	20
W	Rr	1449	0.083	2013	01	13
W	Rr	1253	0.072	2013	01	06
W	Rr	1309	0.075	2012	12	30
W	Rr	1156	0.066	2012	12	23
W	Rr	1336	0.077	2012	12	16
W	Rr	1575	0.091	2012	12	09
W	Rr	1087	0.063	2012	12	02
W	Rr	1376	0.079	2012	11	25
W	Rr	1136	0.065	2012	11	18
W	Rr	1341	0.077	2012	11	11
W	Rr	1418	0.082	2012	11	04
W	Rr	1103	0.063	2012	10	28
W	Rr	1200	0.069	2012	10	21
W	Rr	1382	0.079	2012	10	14
W	Rr	1127	0.065	2012	10	07
W	Rr	1187	0.068	2012	09	30
W	Rr	1172	0.067	2012	09	23
W	Rr	1034	0.059	2012	09	16
W	Rr	944	0.054	2012	09	09
W	Rr	958	0.055	2012	09	02
W	Rr	734	0.042	2012	08	26
W	Rr	881	0.051	2012	08	19
W	Rr	874	0.050	2012	08	12
W	Rr	973	0.056	2012	08	05
W	Rr	1010	0.058	2012	07	29
W	Rr	943	0.054	2012	07	22
W	Rr	1089	0.063	2012	07	15
W	Rr	888	0.051	2012	07	08
W	Rr	845	0.049	2012	07	01
W	Rr	1070	0.062	2012	06	24
W	Rr	1050	0.060	2012	06	17
W	Rr	1271	0.073	2012	06	10
W	Rr	957	0.055	2012	06	03
W	Rr	1249	0.072	2012	05	27
W	Rr	1055	0.061	2012	05	20
W	Rr	1392	0.080	2012	05	13
W	Rr	1140	0.066	2012	05	06
W	Rr	1807	0.104	2012	04	29
W	Rr	1225	0.070	2012	04	22
W	Rr	1264	0.073	2012	04	15
W	Rr	1075	0.062	2012	04	08
W	Rr	1261	0.073	2012	04	01
W	Rr	1345	0.077	2012	03	25
W	Rr	1254	0.072	2012	03	18
W	Rr	1478	0.085	2012	03	11
W	Rr	1503	0.086	2012	03	04
W	Rr	1532	0.088	2012	02	26
W	Rr	1464	0.084	2012	02	19
W	Rr	1154	0.066	2012	02	12
W	Rr	1240	0.071	2012	02	05
W	Rr	1088	0.063	2012	01	29
W	Rr	1125	0.065	2012	01	22
W	Rr	60	0.003	2012	01	15
W	Rr	1472	0.085	2012	01	08
W	Rr	1122	0.065	2012	01	01
W	Rr	888	0.051	2011	12	25
W	Rr	1360	0.078	2011	12	18
W	Rr	1486	0.085	2011	12	11
W	Rr	1330	0.076	2011	12	04
W	Rr	1094	0.063	2011	11	27
W	Rr	1062	0.061	2011	11	20
W	Rr	1123	0.065	2011	11	13
W	Rr	975	0.056	2011	11	06
W	Rr	1264	0.073	2011	10	30
W	Rr	1140	0.066	2011	10	23
W	Rr	1211	0.070	2011	10	16
W	Rr	1236	0.071	2011	10	09
W	Rr	1128	0.065	2011	10	02
W	Rr	1083	0.062	2011	09	25
W	Rr	1451	0.083	2011	09	18
W	Rr	1278	0.073	2011	09	11
W	Rr	1219	0.070	2011	09	04
W	Rr	1316	0.076	2011	08	28
W	Rr	1119	0.064	2011	08	21
W	Rr	1484	0.085	2011	08	14
W	Rr	1671	0.096	2011	08	07
W	Rr	1319	0.076	2011	07	31
W	Rr	1197	0.069	2011	07	24
W	Rr	1504	0.086	2011	07	17
W	Rr	1367	0.079	2011	07	10
W	Rr	1205	0.069	2011	07	03
W	Rr	1333	0.077	2011	06	26
W	Rr	1059	0.061	2011	06	19
W	Rr	1353	0.078	2011	06	12
W	Rr	1275	0.073	2011	06	05
W	Rr	983	0.057	2011	05	29
W	Rr	1262	0.073	2011	05	22
W	Rr	1374	0.079	2011	05	15
W	Rr	1076	0.062	2011	05	08
W	Rr	0	0.000	2011	05	01
W	Rr	0	0.000	2011	04	24
W	Rr	0	0.000	2011	04	17
W	Rr	0	0.000	2011	04	10
W	Rr	0	0.000	2011	04	03
W	Rr	0	0.000	2011	03	27
W	Rr	24	0.001	2011	03	20
W	Rr	1317	0.076	2011	03	13
W	Rr	1258	0.072	2011	03	06
W	Rr	1372	0.079	2011	02	27
W	Rr	1226	0.070	2011	02	20
W	Rr	1524	0.088	2011	02	13
W	Rr	1366	0.079	2011	02	06
W	Rr	958	0.055	2011	01	30
W	Rr	1273	0.073	2011	01	23
W	Rr	1560	0.090	2011	01	16
W	Rr	1472	0.085	2011	01	09
W	Rr	1310	0.075	2011	01	02
W	Rr	798	0.046	2010	12	26
W	Rr	935	0.054	2010	12	19
W	Rr	0	0.000	2010	12	12
W	Rr	0	0.000	2010	12	05
W	Rr	0	0.000	2010	11	28
W	Rr	0	0.000	2010	11	21
W	Rr	0	0.000	2010	11	14
W	Rr	0	0.000	2010	11	07
W	Rr	0	0.000	2010	10	31
W	Rr	0	0.000	2010	10	24
W	Rr	0	0.000	2010	10	17
W	Rr	0	0.000	2010	10	10
W	Rr	0	0.000	2010	10	03
W	Rr	0	0.000	2010	09	26
W	Rr	0	0.000	2010	09	19
W	Rr	0	0.000	2010	09	12
W	Rr	0	0.000	2010	09	05
W	Rr	0	0.000	2010	08	29
W	Rr	0	0.000	2010	08	22
W	Rr	0	0.000	2010	08	15
W	Rr	0	0.000	2010	08	08
W	Rr	0	0.000	2010	08	01
W	Rr	0	0.000	2010	07	25
W	Rr	0	0.000	2010	07	18
W	Rr	0	0.000	2010	07	11
W	Rr	0	0.000	2010	07	04
W	Rr	15	0.001	2010	06	27
W	Rr	914	0.053	2010	06	20
W	Rr	1104	0.063	2010	06	13
W	Rr	1096	0.063	2010	06	06
W	Rr	1171	0.067	2010	05	30
W	Rr	1115	0.064	2010	05	23
W	Rr	1170	0.067	2010	05	16
W	Rr	1334	0.077	2010	05	09
W	Rr	1109	0.064	2010	05	02
W	Rr	1067	0.061	2010	04	25
W	Rr	1212	0.070	2010	04	18
W	Rr	1054	0.061	2010	04	11
W	Rr	1325	0.076	2010	04	04
W	Rr	811	0.047	2010	03	28
W	Rr	1195	0.069	2010	03	21
W	Rr	1338	0.077	2010	03	14
W	Rr	1113	0.064	2010	03	07
W	Rr	1103	0.063	2010	02	28
W	Rr	1290	0.074	2010	02	21
W	Rr	0	0.000	2010	02	14
W	Rr	0	0.000	2010	02	07
W	Rr	0	0.000	2010	01	31
W	Rr	0	0.000	2010	01	24
W	Rr	0	0.000	2010	01	17
W	Rr	0	0.000	2010	01	10
W	Rr	0	0.000	2010	01	03
W	Rr	78	0.004	2009	12	27
W	Rr	945	0.054	2009	12	20
W	Rr	1140	0.066	2009	12	13
W	Rr	1323	0.076	2009	12	06
W	Rr	1518	0.087	2009	11	29
W	Rr	1352	0.078	2009	11	22
W	Rr	1346	0.077	2009	11	15
W	Rr	1416	0.081	2009	11	08
W	Rr	1734	0.100	2009	11	01
W	Rr	1035	0.060	2009	10	25
W	Rr	1297	0.075	2009	10	18
W	Rr	1267	0.073	2009	10	11
W	Rr	1440	0.083	2009	10	04
W	Rr	1521	0.087	2009	09	27
W	Rr	1121	0.064	2009	09	20
W	Rr	875	0.050	2009	09	13
W	Rr	1032	0.059	2009	09	06
W	Rr	1283	0.074	2009	08	30
W	Rr	1214	0.070	2009	08	23
W	Rr	1402	0.081	2009	08	16
W	Rr	1260	0.072	2009	08	09
W	Rr	1404	0.081	2009	08	02
W	Rr	1380	0.079	2009	07	26
W	Rr	1470	0.085	2009	07	19
W	Rr	1750	0.101	2009	07	12
W	Rr	1847	0.106	2009	07	05
W	Rr	1889	0.109	2009	06	28
W	Rr	1312	0.075	2009	06	21
W	Rr	1093	0.063	2009	06	14
W	Rr	1363	0.078	2009	06	07
W	Rr	1251	0.072	2009	05	31
W	Rr	1352	0.078	2009	05	24
W	Rr	1133	0.065	2009	05	17
W	Rr	1887	0.108	2009	05	10
W	Rr	1369	0.079	2009	05	03
W	Rr	1089	0.063	2009	04	26
W	Rr	1160	0.067	2009	04	19
W	Rr	1189	0.068	2009	04	12
W	Rr	1529	0.088	2009	04	05
W	Rr	1155	0.066	2009	03	29
W	Rr	1230	0.071	2009	03	22
W	Rr	1029	0.059	2009	03	15
W	Rr	1234	0.071	2009	03	08
W	Rr	1486	0.085	2009	03	01
W	Rr	1470	0.085	2009	02	22
W	Rr	1198	0.069	2009	02	15
W	Rr	1802	0.104	2009	02	08
W	Rr	1653	0.095	2009	02	01
W	Rr	1346	0.077	2009	01	25
W	Rr	1431	0.082	2009	01	18
W	Rr	1678	0.096	2009	01	11
W	Rr	1591	0.091	2009	01	04
W	Rr	886	0.051	2008	12	28
W	Rr	1148	0.066	2008	12	21
W	Rr	1428	0.082	2008	12	14
W	Rr	1508	0.087	2008	12	07
W	Rr	1194	0.069	2008	11	30
W	Rr	1070	0.062	2008	11	23
W	Rr	1396	0.080	2008	11	16
W	Rr	1255	0.072	2008	11	09
W	Rr	1314	0.076	2008	11	02
W	Rr	1397	0.080	2008	10	26
W	Rr	1638	0.094	2008	10	19
W	Rr	1298	0.075	2008	10	12
W	Rr	430	0.025	2008	10	05
W	Rr	723	0.042	2008	09	28
W	Rr	1308	0.075	2008	09	21
W	Rr	1242	0.071	2008	09	14
W	Rr	1409	0.081	2008	09	07
W	Rr	1142	0.066	2008	08	31
W	Rr	1022	0.059	2008	08	24
W	Rr	1062	0.061	2008	08	17
W	Rr	1188	0.068	2008	08	10
W	Rr	1232	0.071	2008	08	03
W	Rr	1050	0.060	2008	07	27
W	Rr	1272	0.073	2008	07	20
W	Rr	1305	0.075	2008	07	13
W	Rr	1093	0.063	2008	07	06
W	Rr	1182	0.068	2008	06	29
W	Rr	1937	0.111	2008	06	22
W	Rr	1493	0.086	2008	06	15
W	Rr	1083	0.062	2008	06	08
W	Rr	1283	0.074	2008	06	01
W	Rr	1432	0.082	2008	05	25
W	Rr	1726	0.099	2008	05	18
W	Rr	1580	0.091	2008	05	11
W	Rr	2661	0.153	2008	05	04
W	Rr	3648	0.210	2008	04	27
W	Rr	1400	0.080	2008	04	20
W	Rr	1365	0.078	2008	04	13
W	Rr	1213	0.070	2008	04	06
W	Rr	1670	0.096	2008	03	30
W	Rr	1211	0.070	2008	03	23
W	Rr	1144	0.066	2008	03	16
W	Rr	1301	0.075	2008	03	09
W	Rr	1292	0.074	2008	03	02
W	Rr	1427	0.082	2008	02	24
W	Rr	2207	0.127	2008	02	17
W	Rr	1124	0.065	2008	02	10
W	Rr	1561	0.090	2008	02	03
W	Rr	1533	0.088	2008	01	27
W	Rr	1389	0.080	2008	01	20
W	Rr	1133	0.065	2008	01	13
W	Rr	1404	0.081	2008	01	06
W	Rr	976	0.056	2007	12	30
W	Rr	801	0.046	2007	12	23
W	Rr	675	0.039	2007	12	16
W	*BT	R	26220	2024	01	28
D	Rr	167	0.010	2024	03	01
D	Rr	767	0.044	2024	02	29
D	Rr	1270	0.073	2024	02	28
D	Rr	1649	0.095	2024	02	27
D	Rr	1242	0.071	2024	02	26
D	Rr	2025	0.116	2024	02	25
D	Rr	1488	0.086	2024	02	24
D	Rr	1092	0.063	2024	02	23
D	Rr	2172	0.125	2024	02	22
D	Rr	2970	0.171	2024	02	21
D	Rr	2418	0.139	2024	02	20
D	Rr	2010	0.116	2024	02	19
D	Rr	1278	0.073	2024	02	18
D	Rr	1950	0.112	2024	02	17
D	Rr	2148	0.124	2024	02	16
D	Rr	2484	0.143	2024	02	15
D	Rr	2520	0.145	2024	02	14
D	Rr	1416	0.081	2024	02	13
D	Rr	4134	0.238	2024	02	12
D	Rr	1920	0.110	2024	02	11
D	Rr	1470	0.085	2024	02	10
D	Rr	3204	0.184	2024	02	09
D	Rr	2214	0.127	2024	02	08
D	Rr	1884	0.108	2024	02	07
D	Rr	2688	0.155	2024	02	06
D	Rr	2472	0.142	2024	02	05
D	Rr	3138	0.180	2024	02	04
D	Rr	2478	0.142	2024	02	03
D	Rr	1632	0.094	2024	02	02
D	Rr	2634	0.151	2024	02	01
D	Rr	2976	0.171	2024	01	31
D	Rr	4860	0.279	2024	01	30
D	Rr	9912	0.570	2024	01	29
D	Rr	1728	0.099	2024	01	28
D	Rr	1752	0.101	2024	01	27
D	Rr	1380	0.079	2024	01	26
D	Rr	2742	0.158	2024	01	25
D	Rr	2958	0.170	2024	01	24
D	Rr	2466	0.142	2024	01	23
D	Rr	1902	0.109	2024	01	22
D	Rr	1530	0.088	2024	01	21
D	Rr	1194	0.069	2024	01	20
D	*BT	R	9912	2024	01	29
d	Rr	206668	11.883	Sun
d	Rr	283446	16.298	Mon
d	Rr	279437	16.067	Tue
d	Rr	285471	16.414	Wed
d	Rr	275400	15.835	Thu
d	Rr	259310	14.910	Fri
d	Rr	149466	8.594	Sat
H	Rr	63	0.004	2024	03	01	05
H	Rr	13	0.001	2024	03	01	04
H	Rr	8	0.000	2024	03	01	03
H	Rr	8	0.000	2024	03	01	02
H	Rr	4	0.000	2024	03	01	01
H	Rr	71	0.004	2024	03	01	00
H	Rr	1	0.000	2024	02	29	23
H	Rr	56	0.003	2024	02	29	22
H	Rr	11	0.001	2024	02	29	21
H	Rr	6	0.000	2024	02	29	20
H	Rr	5	0.000	2024	02	29	19
H	Rr	4	0.000	2024	02	29	18
H	Rr	76	0.004	2024	02	29	17
H	Rr	35	0.002	2024	02	29	16
H	Rr	10	0.001	2024	02	29	15
H	Rr	4	0.000	2024	02	29	14
H	Rr	3	0.000	2024	02	29	13
H	Rr	3	0.000	2024	02	29	12
H	Rr	8	0.000	2024	02	29	11
H	Rr	9	0.001	2024	02	29	10
H	Rr	160	0.009	2024	02	29	09
H	Rr	131	0.008	2024	02	29	08
H	Rr	12	0.001	2024	02	29	07
H	Rr	5	0.000	2024	02	29	06
H	Rr	66	0.004	2024	02	29	05
H	Rr	34	0.002	2024	02	29	04
H	Rr	32	0.002	2024	02	29	03
H	Rr	50	0.003	2024	02	29	02
H	Rr	6	0.000	2024	02	29	01
H	Rr	40	0.002	2024	02	29	00
H	Rr	14	0.001	2024	02	28	23
H	Rr	6	0.000	2024	02	28	22
H	Rr	10	0.001	2024	02	28	21
H	Rr	310	0.018	2024	02	28	20
H	Rr	28	0.002	2024	02	28	19
H	Rr	48	0.003	2024	02	28	18
H	Rr	38	0.002	2024	02	28	17
H	Rr	24	0.001	2024	02	28	16
H	Rr	140	0.008	2024	02	28	15
H	Rr	28	0.002	2024	02	28	14
H	Rr	78	0.004	2024	02	28	13
H	Rr	24	0.001	2024	02	28	12
H	Rr	22	0.001	2024	02	28	11
H	Rr	98	0.006	2024	02	28	10
H	Rr	26	0.001	2024	02	28	09
H	Rr	20	0.001	2024	02	28	08
H	Rr	14	0.001	2024	02	28	07
H	Rr	6	0.000	2024	02	28	06
H	Rr	111	0.006	2024	02	28	05
H	Rr	18	0.001	2024	02	28	04
H	Rr	15	0.001	2024	02	28	03
H	Rr	39	0.002	2024	02	28	02
H	Rr	27	0.002	2024	02	28	01
H	Rr	126	0.007	2024	02	28	00
H	Rr	120	0.007	2024	02	27	23
H	Rr	27	0.002	2024	02	27	22
H	Rr	39	0.002	2024	02	27	21
H	Rr	210	0.012	2024	02	27	20
H	Rr	39	0.002	2024	02	27	19
H	Rr	261	0.015	2024	02	27	18
H	Rr	24	0.001	2024	02	27	17
H	Rr	117	0.007	2024	02	27	16
H	Rr	123	0.007	2024	02	27	15
H	Rr	24	0.001	2024	02	27	14
H	Rr	87	0.005	2024	02	27	13
H	Rr	30	0.002	2024	02	27	12
H	Rr	36	0.002	2024	02	27	11
H	Rr	12	0.001	2024	02	27	10
H	Rr	336	0.019	2024	02	27	09
H	Rr	27	0.002	2024	02	27	08
H	Rr	12	0.001	2024	02	27	07
H	Rr	9	0.001	2024	02	27	06
H	*BT	R	1638	2024	01	29	20
h	Rr	67736	3.895	00
h	Rr	65101	3.743	01
h	Rr	66328	3.814	02
h	Rr	66915	3.847	03
h	Rr	65898	3.789	04
h	Rr	63143	3.631	05
h	Rr	60643	3.487	06
h	Rr	59751	3.436	07
h	Rr	56375	3.241	08
h	Rr	53348	3.067	09
h	Rr	58577	3.368	10
h	Rr	61096	3.513	11
h	Rr	59679	3.431	12
h	Rr	65914	3.790	13
h	Rr	81278	4.673	14
h	Rr	85603	4.922	15
h	Rr	94872	5.455	16
h	Rr	96960	5.575	17
h	Rr	95887	5.513	18
h	Rr	92979	5.346	19
h	Rr	90870	5.225	20
h	Rr	84466	4.857	21
h	Rr	73866	4.247	22
h	Rr	71913	4.135	23
4	Rr	33	0.002	2024	03	01	05	45
4	Rr	0	0.000	2024	03	01	05	30
4	Rr	30	0.002	2024	03	01	05	15
4	Rr	0	0.000	2024	03	01	05	00
4	Rr	7	0.000	2024	03	01	04	45
4	Rr	5	0.000	2024	03	01	04	30
4	Rr	0	0.000	2024	03	01	04	15
4	Rr	1	0.000	2024	03	01	04	00
4	Rr	1	0.000	2024	03	01	03	45
4	Rr	3	0.000	2024	03	01	03	30
4	Rr	1	0.000	2024	03	01	03	15
4	Rr	3	0.000	2024	03	01	03	00
4	Rr	4	0.000	2024	03	01	02	45
4	Rr	4	0.000	2024	03	01	02	30
4	Rr	0	0.000	2024	03	01	02	15
4	Rr	0	0.000	2024	03	01	02	00
4	Rr	2	0.000	2024	03	01	01	45
4	Rr	0	0.000	2024	03	01	01	30
4	Rr	1	0.000	2024	03	01	01	15
4	Rr	1	0.000	2024	03	01	01	00
4	Rr	6	0.000	2024	03	01	00	45
4	Rr	65	0.004	2024	03	01	00	30
4	Rr	0	0.000	2024	03	01	00	15
4	Rr	0	0.000	2024	03	01	00	00
4	Rr	1	0.000	2024	02	29	23	45
4	Rr	0	0.000	2024	02	29	23	30
4	Rr	0	0.000	2024	02	29	23	15
4	Rr	0	0.000	2024	02	29	23	00
4	Rr	4	0.000	2024	02	29	22	45
4	Rr	10	0.001	2024	02	29	22	30
4	Rr	34	0.002	2024	02	29	22	15
4	Rr	8	0.000	2024	02	29	22	00
4	Rr	9	0.001	2024	02	29	21	45
4	Rr	0	0.000	2024	02	29	21	30
4	Rr	1	0.000	2024	02	29	21	15
4	Rr	1	0.000	2024	02	29	21	00
4	Rr	4	0.000	2024	02	29	20	45
4	Rr	0	0.000	2024	02	29	20	30
4	Rr	0	0.000	2024	02	29	20	15
4	Rr	2	0.000	2024	02	29	20	00
4	Rr	1	0.000	2024	02	29	19	45
4	Rr	2	0.000	2024	02	29	19	30
4	Rr	0	0.000	2024	02	29	19	15
4	Rr	2	0.000	2024	02	29	19	00
4	Rr	1	0.000	2024	02	29	18	45
4	Rr	2	0.000	2024	02	29	18	30
4	Rr	0	0.000	2024	02	29	18	15
4	Rr	1	0.000	2024	02	29	18	00
4	Rr	41	0.002	2024	02	29	17	45
4	Rr	1	0.000	2024	02	29	17	30
4	Rr	1	0.000	2024	02	29	17	15
4	Rr	33	0.002	2024	02	29	17	00
4	Rr	1	0.000	2024	02	29	16	45
4	Rr	1	0.000	2024	02	29	16	30
4	Rr	32	0.002	2024	02	29	16	15
4	Rr	1	0.000	2024	02	29	16	00
4	Rr	5	0.000	2024	02	29	15	45
4	Rr	0	0.000	2024	02	29	15	30
4	Rr	1	0.000	2024	02	29	15	15
4	Rr	4	0.000	2024	02	29	15	00
4	Rr	2	0.000	2024	02	29	14	45
4	Rr	0	0.000	2024	02	29	14	30
4	Rr	2	0.000	2024	02	29	14	15
4	Rr	0	0.000	2024	02	29	14	00
4	Rr	1	0.000	2024	02	29	13	45
4	Rr	0	0.000	2024	02	29	13	30
4	Rr	2	0.000	2024	02	29	13	15
4	Rr	0	0.000	2024	02	29	13	00
4	Rr	2	0.000	2024	02	29	12	45
4	Rr	0	0.000	2024	02	29	12	30
4	Rr	0	0.000	2024	02	29	12	15
4	Rr	1	0.000	2024	02	29	12	00
4	Rr	1	0.000	2024	02	29	11	45
4	Rr	1	0.000	2024	02	29	11	30
4	Rr	5	0.000	2024	02	29	11	15
4	Rr	1	0.000	2024	02	29	11	00
4	Rr	1	0.000	2024	02	29	10	45
4	Rr	1	0.000	2024	02	29	10	30
4	Rr	6	0.000	2024	02	29	10	15
4	Rr	1	0.000	2024	02	29	10	00
4	Rr	127	0.007	2024	02	29	09	45
4	Rr	1	0.000	2024	02	29	09	30
4	Rr	1	0.000	2024	02	29	09	15
4	Rr	31	0.002	2024	02	29	09	00
4	Rr	12	0.001	2024	02	29	08	45
4	Rr	115	0.007	2024	02	29	08	30
4	Rr	4	0.000	2024	02	29	08	15
4	Rr	0	0.000	2024	02	29	08	00
4	Rr	1	0.000	2024	02	29	07	45
4	Rr	4	0.000	2024	02	29	07	30
4	Rr	3	0.000	2024	02	29	07	15
4	Rr	4	0.000	2024	02	29	07	00
4	Rr	2	0.000	2024	02	29	06	45
4	Rr	2	0.000	2024	02	29	06	30
4	Rr	0	0.000	2024	02	29	06	15
4	Rr	1	0.000	2024	02	29	06	00
4	*BT	R	975	2023	05	08	18	00
6	Rr	17161	0.987	00	00
6	Rr	16115	0.927	00	15
6	Rr	17479	1.005	00	30
6	Rr	16981	0.976	00	45
6	Rr	15205	0.874	01	00
6	Rr	16495	0.948	01	15
6	Rr	15944	0.917	01	30
6	Rr	17457	1.004	01	45
6	Rr	14684	0.844	02	00
6	Rr	17820	1.025	02	15
6	Rr	17415	1.001	02	30
6	Rr	16409	0.943	02	45
6	Rr	15926	0.916	03	00
6	Rr	15802	0.909	03	15
6	Rr	16226	0.933	03	30
6	Rr	18961	1.090	03	45
6	Rr	15918	0.915	04	00
6	Rr	15447	0.888	04	15
6	Rr	16556	0.952	04	30
6	Rr	17977	1.034	04	45
6	Rr	15485	0.890	05	00
6	Rr	16630	0.956	05	15
6	Rr	15077	0.867	05	30
6	Rr	15951	0.917	05	45
6	Rr	16609	0.955	06	00
6	Rr	14567	0.838	06	15
6	Rr	15859	0.912	06	30
6	Rr	13608	0.782	06	45
6	Rr	15318	0.881	07	00
6	Rr	15230	0.876	07	15
6	Rr	14751	0.848	07	30
6	Rr	14452	0.831	07	45
6	Rr	13962	0.803	08	00
6	Rr	14185	0.816	08	15
6	Rr	15106	0.869	08	30
6	Rr	13122	0.754	08	45
6	Rr	12962	0.745	09	00
6	Rr	13153	0.756	09	15
6	Rr	14792	0.851	09	30
6	Rr	12441	0.715	09	45
6	Rr	13501	0.776	10	00
6	Rr	14180	0.815	10	15
6	Rr	16117	0.927	10	30
6	Rr	14779	0.850	10	45
6	Rr	16968	0.976	11	00
6	Rr	14951	0.860	11	15
6	Rr	15671	0.901	11	30
6	Rr	13506	0.777	11	45
6	Rr	15734	0.905	12	00
6	Rr	14234	0.818	12	15
6	Rr	13974	0.803	12	30
6	Rr	15737	0.905	12	45
6	Rr	14884	0.856	13	00
6	Rr	17878	1.028	13	15
6	Rr	17329	0.996	13	30
6	Rr	15823	0.910	13	45
6	Rr	19224	1.105	14	00
6	Rr	22118	1.272	14	15
6	Rr	20730	1.192	14	30
6	Rr	19206	1.104	14	45
6	Rr	20062	1.154	15	00
6	Rr	20329	1.169	15	15
6	Rr	23040	1.325	15	30
6	Rr	22172	1.275	15	45
6	Rr	23348	1.342	16	00
6	Rr	24669	1.418	16	15
6	Rr	23179	1.333	16	30
6	Rr	23676	1.361	16	45
6	Rr	25556	1.469	17	00
6	Rr	23982	1.379	17	15
6	Rr	24441	1.405	17	30
6	Rr	22981	1.321	17	45
6	Rr	25364	1.458	18	00
6	Rr	22872	1.315	18	15
6	Rr	23635	1.359	18	30
6	Rr	24016	1.381	18	45
6	Rr	23600	1.357	19	00
6	Rr	21399	1.230	19	15
6	Rr	22770	1.309	19	30
6	Rr	25210	1.450	19	45
6	Rr	23108	1.329	20	00
6	Rr	23304	1.340	20	15
6	Rr	21526	1.238	20	30
6	Rr	22932	1.319	20	45
6	Rr	21441	1.233	21	00
6	Rr	21487	1.235	21	15
6	Rr	19739	1.135	21	30
6	Rr	21799	1.253	21	45
6	Rr	17885	1.028	22	00
6	Rr	18647	1.072	22	15
6	Rr	18906	1.087	22	30
6	Rr	18428	1.060	22	45
6	Rr	19485	1.120	23	00
6	Rr	19750	1.136	23	15
6	Rr	15782	0.907	23	30
6	Rr	16896	0.971	23	45
5	Rr	32	0.002	2024	03	01	05	55
5	Rr	0	0.000	2024	03	01	05	50
5	Rr	1	0.000	2024	03	01	05	45
5	Rr	0	0.000	2024	03	01	05	40
5	Rr	0	0.000	2024	03	01	05	35
5	Rr	0	0.000	2024	03	01	05	30
5	Rr	0	0.000	2024	03	01	05	25
5	Rr	30	0.002	2024	03	01	05	20
5	Rr	0	0.000	2024	03	01	05	15
5	Rr	0	0.000	2024	03	01	05	10
5	Rr	0	0.000	2024	03	01	05	05
5	Rr	0	0.000	2024	03	01	05	00
5	Rr	3	0.000	2024	03	01	04	55
5	Rr	4	0.000	2024	03	01	04	50
5	Rr	0	0.000	2024	03	01	04	45
5	Rr	0	0.000	2024	03	01	04	40
5	Rr	5	0.000	2024	03	01	04	35
5	Rr	0	0.000	2024	03	01	04	30
5	Rr	0	0.000	2024	03	01	04	25
5	Rr	0	0.000	2024	03	01	04	20
5	Rr	0	0.000	2024	03	01	04	15
5	Rr	0	0.000	2024	03	01	04	10
5	Rr	1	0.000	2024	03	01	04	05
5	Rr	0	0.000	2024	03	01	04	00
5	Rr	1	0.000	2024	03	01	03	55
5	Rr	0	0.000	2024	03	01	03	50
5	Rr	0	0.000	2024	03	01	03	45
5	Rr	2	0.000	2024	03	01	03	40
5	Rr	0	0.000	2024	03	01	03	35
5	Rr	1	0.000	2024	03	01	03	30
5	Rr	0	0.000	2024	03	01	03	25
5	Rr	0	0.000	2024	03	01	03	20
5	Rr	1	0.000	2024	03	01	03	15
5	Rr	1	0.000	2024	03	01	03	10
5	Rr	1	0.000	2024	03	01	03	05
5	Rr	1	0.000	2024	03	01	03	00
5	Rr	0	0.000	2024	03	01	02	55
5	Rr	3	0.000	2024	03	01	02	50
5	Rr	1	0.000	2024	03	01	02	45
5	Rr	2	0.000	2024	03	01	02	40
5	Rr	2	0.000	2024	03	01	02	35
5	Rr	0	0.000	2024	03	01	02	30
5	Rr	0	0.000	2024	03	01	02	25
5	Rr	0	0.000	2024	03	01	02	20
5	Rr	0	0.000	2024	03	01	02	15
5	Rr	0	0.000	2024	03	01	02	10
5	Rr	0	0.000	2024	03	01	02	05
5	Rr	0	0.000	2024	03	01	02	00
5	Rr	0	0.000	2024	03	01	01	55
5	Rr	1	0.000	2024	03	01	01	50
5	Rr	1	0.000	2024	03	01	01	45
5	Rr	0	0.000	2024	03	01	01	40
5	Rr	0	0.000	2024	03	01	01	35
5	Rr	0	0.000	2024	03	01	01	30
5	Rr	0	0.000	2024	03	01	01	25
5	Rr	1	0.000	2024	03	01	01	20
5	Rr	0	0.000	2024	03	01	01	15
5	Rr	0	0.000	2024	03	01	01	10
5	Rr	0	0.000	2024	03	01	01	05
5	Rr	1	0.000	2024	03	01	01	00
5	Rr	5	0.000	2024	03	01	00	55
5	Rr	0	0.000	2024	03	01	00	50
5	Rr	1	0.000	2024	03	01	00	45
5	Rr	0	0.000	2024	03	01	00	40
5	Rr	64	0.004	2024	03	01	00	35
5	Rr	1	0.000	2024	03	01	00	30
5	Rr	0	0.000	2024	03	01	00	25
5	Rr	0	0.000	2024	03	01	00	20
5	Rr	0	0.000	2024	03	01	00	15
5	Rr	0	0.000	2024	03	01	00	10
5	Rr	0	0.000	2024	03	01	00	05
5	Rr	0	0.000	2024	03	01	00	00
5	Rr	0	0.000	2024	02	29	23	55
5	Rr	1	0.000	2024	02	29	23	50
5	Rr	0	0.000	2024	02	29	23	45
5	Rr	0	0.000	2024	02	29	23	40
5	Rr	0	0.000	2024	02	29	23	35
5	Rr	0	0.000	2024	02	29	23	30
5	Rr	0	0.000	2024	02	29	23	25
5	Rr	0	0.000	2024	02	29	23	20
5	Rr	0	0.000	2024	02	29	23	15
5	Rr	0	0.000	2024	02	29	23	10
5	Rr	0	0.000	2024	02	29	23	05
5	Rr	0	0.000	2024	02	29	23	00
5	Rr	1	0.000	2024	02	29	22	55
5	Rr	3	0.000	2024	02	29	22	50
5	Rr	0	0.000	2024	02	29	22	45
5	Rr	0	0.000	2024	02	29	22	40
5	Rr	10	0.001	2024	02	29	22	35
5	Rr	0	0.000	2024	02	29	22	30
5	Rr	0	0.000	2024	02	29	22	25
5	Rr	3	0.000	2024	02	29	22	20
5	Rr	31	0.002	2024	02	29	22	15
5	Rr	0	0.000	2024	02	29	22	10
5	Rr	4	0.000	2024	02	29	22	05
5	Rr	4	0.000	2024	02	29	22	00
5	Rr	7	0.000	2024	02	29	21	55
5	Rr	0	0.000	2024	02	29	21	50
5	Rr	2	0.000	2024	02	29	21	45
5	Rr	0	0.000	2024	02	29	21	40
5	Rr	0	0.000	2024	02	29	21	35
5	Rr	0	0.000	2024	02	29	21	30
5	Rr	1	0.000	2024	02	29	21	25
5	Rr	0	0.000	2024	02	29	21	20
5	Rr	0	0.000	2024	02	29	21	15
5	Rr	0	0.000	2024	02	29	21	10
5	Rr	1	0.000	2024	02	29	21	05
5	Rr	0	0.000	2024	02	29	21	00
5	Rr	3	0.000	2024	02	29	20	55
5	Rr	0	0.000	2024	02	29	20	50
5	Rr	1	0.000	2024	02	29	20	45
5	Rr	0	0.000	2024	02	29	20	40
5	Rr	0	0.000	2024	02	29	20	35
5	Rr	0	0.000	2024	02	29	20	30
5	Rr	0	0.000	2024	02	29	20	25
5	Rr	0	0.000	2024	02	29	20	20
5	Rr	0	0.000	2024	02	29	20	15
5	Rr	1	0.000	2024	02	29	20	10
5	Rr	0	0.000	2024	02	29	20	05
5	Rr	1	0.000	2024	02	29	20	00
5	Rr	1	0.000	2024	02	29	19	55
5	Rr	0	0.000	2024	02	29	19	50
5	Rr	0	0.000	2024	02	29	19	45
5	Rr	0	0.000	2024	02	29	19	40
5	Rr	0	0.000	2024	02	29	19	35
5	Rr	2	0.000	2024	02	29	19	30
5	Rr	0	0.000	2024	02	29	19	25
5	Rr	0	0.000	2024	02	29	19	20
5	Rr	0	0.000	2024	02	29	19	15
5	Rr	0	0.000	2024	02	29	19	10
5	Rr	0	0.000	2024	02	29	19	05
5	Rr	2	0.000	2024	02	29	19	00
5	Rr	1	0.000	2024	02	29	18	55
5	Rr	0	0.000	2024	02	29	18	50
5	Rr	0	0.000	2024	02	29	18	45
5	Rr	0	0.000	2024	02	29	18	40
5	Rr	0	0.000	2024	02	29	18	35
5	Rr	2	0.000	2024	02	29	18	30
5	Rr	0	0.000	2024	02	29	18	25
5	Rr	0	0.000	2024	02	29	18	20
5	Rr	0	0.000	2024	02	29	18	15
5	Rr	0	0.000	2024	02	29	18	10
5	Rr	1	0.000	2024	02	29	18	05
5	Rr	0	0.000	2024	02	29	18	00
5	Rr	30	0.002	2024	02	29	17	55
5	Rr	9	0.001	2024	02	29	17	50
5	Rr	2	0.000	2024	02	29	17	45
5	Rr	0	0.000	2024	02	29	17	40
5	Rr	0	0.000	2024	02	29	17	35
5	Rr	1	0.000	2024	02	29	17	30
5	Rr	0	0.000	2024	02	29	17	25
5	Rr	0	0.000	2024	02	29	17	20
5	Rr	1	0.000	2024	02	29	17	15
5	Rr	0	0.000	2024	02	29	17	10
5	Rr	0	0.000	2024	02	29	17	05
5	Rr	33	0.002	2024	02	29	17	00
5	Rr	0	0.000	2024	02	29	16	55
5	Rr	1	0.000	2024	02	29	16	50
5	Rr	0	0.000	2024	02	29	16	45
5	Rr	0	0.000	2024	02	29	16	40
5	Rr	0	0.000	2024	02	29	16	35
5	Rr	1	0.000	2024	02	29	16	30
5	Rr	0	0.000	2024	02	29	16	25
5	Rr	32	0.002	2024	02	29	16	20
5	Rr	0	0.000	2024	02	29	16	15
5	Rr	0	0.000	2024	02	29	16	10
5	Rr	1	0.000	2024	02	29	16	05
5	Rr	0	0.000	2024	02	29	16	00
5	Rr	1	0.000	2024	02	29	15	55
5	Rr	0	0.000	2024	02	29	15	50
5	Rr	4	0.000	2024	02	29	15	45
5	Rr	0	0.000	2024	02	29	15	40
5	Rr	0	0.000	2024	02	29	15	35
5	Rr	0	0.000	2024	02	29	15	30
5	Rr	1	0.000	2024	02	29	15	25
5	Rr	0	0.000	2024	02	29	15	20
5	Rr	0	0.000	2024	02	29	15	15
5	Rr	0	0.000	2024	02	29	15	10
5	Rr	3	0.000	2024	02	29	15	05
5	Rr	1	0.000	2024	02	29	15	00
5	Rr	1	0.000	2024	02	29	14	55
5	Rr	0	0.000	2024	02	29	14	50
5	Rr	1	0.000	2024	02	29	14	45
5	Rr	0	0.000	2024	02	29	14	40
5	Rr	0	0.000	2024	02	29	14	35
5	Rr	0	0.000	2024	02	29	14	30
5	Rr	0	0.000	2024	02	29	14	25
5	Rr	1	0.000	2024	02	29	14	20
5	Rr	1	0.000	2024	02	29	14	15
5	Rr	0	0.000	2024	02	29	14	10
5	Rr	0	0.000	2024	02	29	14	05
5	Rr	0	0.000	2024	02	29	14	00
5	Rr	0	0.000	2024	02	29	13	55
5	Rr	0	0.000	2024	02	29	13	50
5	Rr	1	0.000	2024	02	29	13	45
5	Rr	0	0.000	2024	02	29	13	40
5	Rr	0	0.000	2024	02	29	13	35
5	Rr	0	0.000	2024	02	29	13	30
5	Rr	1	0.000	2024	02	29	13	25
5	Rr	0	0.000	2024	02	29	13	20
5	Rr	1	0.000	2024	02	29	13	15
5	Rr	0	0.000	2024	02	29	13	10
5	Rr	0	0.000	2024	02	29	13	05
5	Rr	0	0.000	2024	02	29	13	00
5	Rr	1	0.000	2024	02	29	12	55
5	Rr	0	0.000	2024	02	29	12	50
5	Rr	1	0.000	2024	02	29	12	45
5	Rr	0	0.000	2024	02	29	12	40
5	Rr	0	0.000	2024	02	29	12	35
5	Rr	0	0.000	2024	02	29	12	30
5	Rr	0	0.000	2024	02	29	12	25
5	Rr	0	0.000	2024	02	29	12	20
5	Rr	0	0.000	2024	02	29	12	15
5	Rr	0	0.000	2024	02	29	12	10
5	Rr	1	0.000	2024	02	29	12	05
5	Rr	0	0.000	2024	02	29	12	00
5	Rr	1	0.000	2024	02	29	11	55
5	Rr	0	0.000	2024	02	29	11	50
5	Rr	0	0.000	2024	02	29	11	45
5	Rr	0	0.000	2024	02	29	11	40
5	Rr	0	0.000	2024	02	29	11	35
5	Rr	1	0.000	2024	02	29	11	30
5	Rr	3	0.000	2024	02	29	11	25
5	Rr	1	0.000	2024	02	29	11	20
5	Rr	1	0.000	2024	02	29	11	15
5	Rr	0	0.000	2024	02	29	11	10
5	Rr	1	0.000	2024	02	29	11	05
5	Rr	0	0.000	2024	02	29	11	00
5	Rr	0	0.000	2024	02	29	10	55
5	Rr	0	0.000	2024	02	29	10	50
5	Rr	1	0.000	2024	02	29	10	45
5	Rr	1	0.000	2024	02	29	10	40
5	Rr	0	0.000	2024	02	29	10	35
5	Rr	0	0.000	2024	02	29	10	30
5	Rr	2	0.000	2024	02	29	10	25
5	Rr	3	0.000	2024	02	29	10	20
5	Rr	1	0.000	2024	02	29	10	15
5	Rr	0	0.000	2024	02	29	10	10
5	Rr	1	0.000	2024	02	29	10	05
5	Rr	0	0.000	2024	02	29	10	00
5	Rr	0	0.000	2024	02	29	09	55
5	Rr	2	0.000	2024	02	29	09	50
5	Rr	125	0.007	2024	02	29	09	45
5	Rr	0	0.000	2024	02	29	09	40
5	Rr	1	0.000	2024	02	29	09	35
5	Rr	0	0.000	2024	02	29	09	30
5	Rr	0	0.000	2024	02	29	09	25
5	Rr	1	0.000	2024	02	29	09	20
5	Rr	0	0.000	2024	02	29	09	15
5	Rr	0	0.000	2024	02	29	09	10
5	Rr	30	0.002	2024	02	29	09	05
5	Rr	1	0.000	2024	02	29	09	00
5	Rr	0	0.000	2024	02	29	08	55
5	Rr	0	0.000	2024	02	29	08	50
5	Rr	12	0.001	2024	02	29	08	45
5	Rr	114	0.007	2024	02	29	08	40
5	Rr	0	0.000	2024	02	29	08	35
5	Rr	1	0.000	2024	02	29	08	30
5	Rr	0	0.000	2024	02	29	08	25
5	Rr	0	0.000	2024	02	29	08	20
5	Rr	4	0.000	2024	02	29	08	15
5	Rr	0	0.000	2024	02	29	08	10
5	Rr	0	0.000	2024	02	29	08	05
5	Rr	0	0.000	2024	02	29	08	00
5	Rr	0	0.000	2024	02	29	07	55
5	Rr	0	0.000	2024	02	29	07	50
5	Rr	1	0.000	2024	02	29	07	45
5	Rr	2	0.000	2024	02	29	07	40
5	Rr	2	0.000	2024	02	29	07	35
5	Rr	0	0.000	2024	02	29	07	30
5	Rr	0	0.000	2024	02	29	07	25
5	Rr	2	0.000	2024	02	29	07	20
5	Rr	1	0.000	2024	02	29	07	15
5	Rr	0	0.000	2024	02	29	07	10
5	Rr	0	0.000	2024	02	29	07	05
5	Rr	4	0.000	2024	02	29	07	00
5	Rr	1	0.000	2024	02	29	06	55
5	Rr	1	0.000	2024	02	29	06	50
5	Rr	0	0.000	2024	02	29	06	45
5	Rr	0	0.000	2024	02	29	06	40
5	Rr	2	0.000	2024	02	29	06	35
5	Rr	0	0.000	2024	02	29	06	30
5	Rr	0	0.000	2024	02	29	06	25
5	Rr	0	0.000	2024	02	29	06	20
5	Rr	0	0.000	2024	02	29	06	15
5	Rr	1	0.000	2024	02	29	06	10
5	Rr	0	0.000	2024	02	29	06	05
5	Rr	0	0.000	2024	02	29	06	00
5	*BT	R	945	2023	05	08	18	00
7	Rr	6151	0.354	00	00
7	Rr	5101	0.293	00	05
7	Rr	5909	0.340	00	10
7	Rr	4419	0.254	00	15
7	Rr	5393	0.310	00	20
7	Rr	6303	0.362	00	25
7	Rr	5481	0.315	00	30
7	Rr	6522	0.375	00	35
7	Rr	5476	0.315	00	40
7	Rr	5446	0.313	00	45
7	Rr	5927	0.341	00	50
7	Rr	5608	0.322	00	55
7	Rr	5518	0.317	01	00
7	Rr	4996	0.287	01	05
7	Rr	4691	0.270	01	10
7	Rr	5276	0.303	01	15
7	Rr	5811	0.334	01	20
7	Rr	5408	0.311	01	25
7	Rr	4989	0.287	01	30
7	Rr	5227	0.301	01	35
7	Rr	5728	0.329	01	40
7	Rr	5527	0.318	01	45
7	Rr	6434	0.370	01	50
7	Rr	5496	0.316	01	55
7	Rr	5052	0.290	02	00
7	Rr	4763	0.274	02	05
7	Rr	4869	0.280	02	10
7	Rr	6464	0.372	02	15
7	Rr	5536	0.318	02	20
7	Rr	5820	0.335	02	25
7	Rr	6263	0.360	02	30
7	Rr	5569	0.320	02	35
7	Rr	5583	0.321	02	40
7	Rr	4775	0.275	02	45
7	Rr	5714	0.329	02	50
7	Rr	5920	0.340	02	55
7	Rr	5822	0.335	03	00
7	Rr	4983	0.287	03	05
7	Rr	5121	0.294	03	10
7	Rr	5072	0.292	03	15
7	Rr	5367	0.309	03	20
7	Rr	5363	0.308	03	25
7	Rr	5421	0.312	03	30
7	Rr	5467	0.314	03	35
7	Rr	5338	0.307	03	40
7	Rr	6092	0.350	03	45
7	Rr	6953	0.400	03	50
7	Rr	5916	0.340	03	55
7	Rr	5327	0.306	04	00
7	Rr	5381	0.309	04	05
7	Rr	5210	0.300	04	10
7	Rr	5457	0.314	04	15
7	Rr	4820	0.277	04	20
7	Rr	5170	0.297	04	25
7	Rr	5176	0.298	04	30
7	Rr	5164	0.297	04	35
7	Rr	6216	0.357	04	40
7	Rr	5870	0.338	04	45
7	Rr	5987	0.344	04	50
7	Rr	6120	0.352	04	55
7	Rr	5340	0.307	05	00
7	Rr	5245	0.302	05	05
7	Rr	4900	0.282	05	10
7	Rr	6132	0.353	05	15
7	Rr	5423	0.312	05	20
7	Rr	5075	0.292	05	25
7	Rr	5027	0.289	05	30
7	Rr	5105	0.294	05	35
7	Rr	4945	0.284	05	40
7	Rr	5495	0.316	05	45
7	Rr	5062	0.291	05	50
7	Rr	5394	0.310	05	55
7	Rr	4740	0.273	06	00
7	Rr	6014	0.346	06	05
7	Rr	5855	0.337	06	10
7	Rr	5508	0.317	06	15
7	Rr	4246	0.244	06	20
7	Rr	4813	0.277	06	25
7	Rr	5906	0.340	06	30
7	Rr	5069	0.291	06	35
7	Rr	4884	0.281	06	40
7	Rr	4717	0.271	06	45
7	Rr	4691	0.270	06	50
7	Rr	4200	0.241	06	55
7	Rr	6046	0.348	07	00
7	Rr	4479	0.258	07	05
7	Rr	4793	0.276	07	10
7	Rr	4594	0.264	07	15
7	Rr	5516	0.317	07	20
7	Rr	5120	0.294	07	25
7	Rr	5010	0.288	07	30
7	Rr	4940	0.284	07	35
7	Rr	4801	0.276	07	40
7	Rr	5530	0.318	07	45
7	Rr	4266	0.245	07	50
7	Rr	4656	0.268	07	55
7	Rr	4840	0.278	08	00
7	Rr	4471	0.257	08	05
7	Rr	4651	0.267	08	10
7	Rr	4480	0.258	08	15
7	Rr	4759	0.274	08	20
7	Rr	4946	0.284	08	25
7	Rr	4855	0.279	08	30
7	Rr	5010	0.288	08	35
7	Rr	5241	0.301	08	40
7	Rr	4809	0.277	08	45
7	Rr	4311	0.248	08	50
7	Rr	4002	0.230	08	55
7	Rr	4364	0.251	09	00
7	Rr	4197	0.241	09	05
7	Rr	4401	0.253	09	10
7	Rr	3600	0.207	09	15
7	Rr	4310	0.248	09	20
7	Rr	5243	0.301	09	25
7	Rr	4415	0.254	09	30
7	Rr	4941	0.284	09	35
7	Rr	5436	0.313	09	40
7	Rr	4205	0.242	09	45
7	Rr	3999	0.230	09	50
7	Rr	4237	0.244	09	55
7	Rr	4439	0.255	10	00
7	Rr	4106	0.236	10	05
7	Rr	4956	0.285	10	10
7	Rr	4049	0.233	10	15
7	Rr	4897	0.282	10	20
7	Rr	5234	0.301	10	25
7	Rr	5147	0.296	10	30
7	Rr	5385	0.310	10	35
7	Rr	5585	0.321	10	40
7	Rr	4321	0.248	10	45
7	Rr	5693	0.327	10	50
7	Rr	4765	0.274	10	55
7	Rr	6326	0.364	11	00
7	Rr	5424	0.312	11	05
7	Rr	5218	0.300	11	10
7	Rr	4692	0.270	11	15
7	Rr	4230	0.243	11	20
7	Rr	6029	0.347	11	25
7	Rr	6726	0.387	11	30
7	Rr	4383	0.252	11	35
7	Rr	4562	0.262	11	40
7	Rr	4852	0.279	11	45
7	Rr	4529	0.260	11	50
7	Rr	4125	0.237	11	55
7	Rr	5098	0.293	12	00
7	Rr	5327	0.306	12	05
7	Rr	5309	0.305	12	10
7	Rr	4432	0.255	12	15
7	Rr	4732	0.272	12	20
7	Rr	5070	0.292	12	25
7	Rr	4400	0.253	12	30
7	Rr	4859	0.279	12	35
7	Rr	4715	0.271	12	40
7	Rr	4926	0.283	12	45
7	Rr	5383	0.310	12	50
7	Rr	5428	0.312	12	55
7	Rr	5063	0.291	13	00
7	Rr	4530	0.260	13	05
7	Rr	5291	0.304	13	10
7	Rr	6033	0.347	13	15
7	Rr	6203	0.357	13	20
7	Rr	5642	0.324	13	25
7	Rr	5173	0.297	13	30
7	Rr	5847	0.336	13	35
7	Rr	6309	0.363	13	40
7	Rr	4193	0.241	13	45
7	Rr	5955	0.342	13	50
7	Rr	5675	0.326	13	55
7	Rr	6279	0.361	14	00
7	Rr	6533	0.376	14	05
7	Rr	6412	0.369	14	10
7	Rr	7888	0.454	14	15
7	Rr	7265	0.418	14	20
7	Rr	6965	0.400	14	25
7	Rr	6997	0.402	14	30
7	Rr	6664	0.383	14	35
7	Rr	7069	0.406	14	40
7	Rr	6271	0.361	14	45
7	Rr	5554	0.319	14	50
7	Rr	7381	0.424	14	55
7	Rr	7308	0.420	15	00
7	Rr	5942	0.342	15	05
7	Rr	6812	0.392	15	10
7	Rr	5974	0.343	15	15
7	Rr	7523	0.433	15	20
7	Rr	6832	0.393	15	25
7	Rr	7211	0.415	15	30
7	Rr	7294	0.419	15	35
7	Rr	8535	0.491	15	40
7	Rr	6308	0.363	15	45
7	Rr	7863	0.452	15	50
7	Rr	8001	0.460	15	55
7	Rr	7291	0.419	16	00
7	Rr	7867	0.452	16	05
7	Rr	8190	0.471	16	10
7	Rr	8764	0.504	16	15
7	Rr	8207	0.472	16	20
7	Rr	7698	0.443	16	25
7	Rr	7252	0.417	16	30
7	Rr	8380	0.482	16	35
7	Rr	7547	0.434	16	40
7	Rr	8189	0.471	16	45
7	Rr	8597	0.494	16	50
7	Rr	6890	0.396	16	55
7	Rr	8223	0.473	17	00
7	Rr	9050	0.520	17	05
7	Rr	8283	0.476	17	10
7	Rr	7456	0.429	17	15
7	Rr	8463	0.487	17	20
7	Rr	8063	0.464	17	25
7	Rr	8702	0.500	17	30
7	Rr	7757	0.446	17	35
7	Rr	7982	0.459	17	40
7	Rr	7806	0.449	17	45
7	Rr	7623	0.438	17	50
7	Rr	7552	0.434	17	55
7	Rr	9377	0.539	18	00
7	Rr	8098	0.466	18	05
7	Rr	7889	0.454	18	10
7	Rr	8178	0.470	18	15
7	Rr	7024	0.404	18	20
7	Rr	7670	0.441	18	25
7	Rr	7541	0.434	18	30
7	Rr	6839	0.393	18	35
7	Rr	9255	0.532	18	40
7	Rr	7150	0.411	18	45
7	Rr	9203	0.529	18	50
7	Rr	7663	0.441	18	55
7	Rr	8423	0.484	19	00
7	Rr	7378	0.424	19	05
7	Rr	7799	0.448	19	10
7	Rr	7106	0.409	19	15
7	Rr	6884	0.396	19	20
7	Rr	7409	0.426	19	25
7	Rr	6996	0.402	19	30
7	Rr	8724	0.502	19	35
7	Rr	7050	0.405	19	40
7	Rr	8303	0.477	19	45
7	Rr	8118	0.467	19	50
7	Rr	8789	0.505	19	55
7	Rr	8199	0.471	20	00
7	Rr	7588	0.436	20	05
7	Rr	7321	0.421	20	10
7	Rr	6957	0.400	20	15
7	Rr	8730	0.502	20	20
7	Rr	7617	0.438	20	25
7	Rr	7266	0.418	20	30
7	Rr	7568	0.435	20	35
7	Rr	6692	0.385	20	40
7	Rr	8198	0.471	20	45
7	Rr	7819	0.450	20	50
7	Rr	6915	0.398	20	55
7	Rr	7738	0.445	21	00
7	Rr	7100	0.408	21	05
7	Rr	6603	0.380	21	10
7	Rr	7112	0.409	21	15
7	Rr	6894	0.396	21	20
7	Rr	7481	0.430	21	25
7	Rr	5806	0.334	21	30
7	Rr	7444	0.428	21	35
7	Rr	6489	0.373	21	40
7	Rr	8729	0.502	21	45
7	Rr	7547	0.434	21	50
7	Rr	5523	0.318	21	55
7	Rr	5839	0.336	22	00
7	Rr	5834	0.335	22	05
7	Rr	6212	0.357	22	10
7	Rr	6373	0.366	22	15
7	Rr	6593	0.379	22	20
7	Rr	5681	0.327	22	25
7	Rr	6308	0.363	22	30
7	Rr	6757	0.389	22	35
7	Rr	5841	0.336	22	40
7	Rr	6852	0.394	22	45
7	Rr	5816	0.334	22	50
7	Rr	5760	0.331	22	55
7	Rr	6293	0.362	23	00
7	Rr	6408	0.368	23	05
7	Rr	6784	0.390	23	10
7	Rr	6818	0.392	23	15
7	Rr	6971	0.401	23	20
7	Rr	5961	0.343	23	25
7	Rr	5162	0.297	23	30
7	Rr	5264	0.303	23	35
7	Rr	5356	0.308	23	40
7	Rr	5031	0.289	23	45
7	Rr	5951	0.342	23	50
7	Rr	5914	0.340	23	55
o	*f	0R	r
o	lRQ	1	1739198	1484896749	[unresolved numerical addresses]
Z	*f	-20R	r
Z	lRb	1	84337	3.582	98
Z	lRb	1	78662	2.566	66.249
Z	lRb	1	55810	2.524	51
Z	lRb	1	52711	1.794	34
Z	lRb	1	48816	2.025	35
Z	lRb	1	44258	1.401	69
Z	lRb	1	32811	0.506	49
Z	lRb	1	32446	2.897	54
Z	lRb	1	28625	0.945	123
Z	lRb	1	26680	2.331	40
Z	lRb	1	26231	0.641	46
Z	lRb	1	25386	2.469	157.55
Z	lRb	1	24810	1.160	76
Z	lRb	1	23805	2.596	70
Z	lRb	1	23288	1.170	104
Z	lRb	1	20899	1.924	207.46
Z	lRb	1	19576	1.032	52
Z	lRb	1	17870	1.539	72
Z	lRb	1	16327	0.895	75
Z	lRb	1	15736	0.894	107
Z	lRb	1	1040114	65.108	[not listed: 9189]
S	*f	-50P	r
S	Rb	4702	0.294	14.33.246.211
S	Rb	3866	0.592	192.234.235.103
S	Rb	3824	0.027	162.55.85.223
S	Rb	3517	0.000	66.249.66.166
S	Rb	3276	0.222	216.244.66.229
S	Rb	3248	0.184	192.99.15.146
S	Rb	2542	0.020	49.7.20.111
S	Rb	2489	0.009	49.7.20.105
S	Rb	2341	0.102	100.43.83.148
S	Rb	2256	0.107	68.66.226.98
S	Rb	2232	0.000	66.249.66.164
S	Rb	2091	0.000	66.249.66.165
S	Rb	1992	0.051	66.249.75.109
S	Rb	1897	0.003	66.249.66.195
S	Rb	1829	0.111	37.59.14.116
S	Rb	1781	0.161	75.98.173.33
S	Rb	1750	0.000	66.249.66.167
S	Rb	1736	0.215	79.125.27.96
S	Rb	1597	0.097	78.155.138.20
S	Rb	1566	0.000	62.194.247.203
S	Rb	1543	0.055	199.21.99.79
S	Rb	1506	0.000	66.249.66.196
S	Rb	1464	0.000	66.249.66.197
S	Rb	1461	0.000	49.7.20.135
S	Rb	1459	0.008	92.249.127.111
S	Rb	1352	0.045	49.7.20.102
S	Rb	1340	0.001	66.249.66.168
S	Rb	1330	0.014	109.102.111.58
S	Rb	1312	0.033	205.203.134.197
S	Rb	1304	0.144	5.196.13.127
S	Rb	1285	0.033	144.76.27.118
S	Rb	1276	0.089	208.115.113.82
S	Rb	1270	0.048	95.108.248.29
S	Rb	1155	0.173	75.98.173.84
S	Rb	1142	0.001	91.207.9.226
S	Rb	1107	0.012	66.249.69.97
S	Rb	1099	0.014	52.35.20.1
S	Rb	1081	0.014	66.249.69.81
S	Rb	1074	0.000	49.7.21.96
S	Rb	1048	0.064	157.90.182.26
S	Rb	1047	0.013	106.38.241.144
S	Rb	1039	0.011	66.249.69.89
S	Rb	1030	0.073	5.255.250.90
S	Rb	1024	0.055	95.108.150.235
S	Rb	1012	0.061	192.99.6.132
S	Rb	912	0.000	49.7.21.93
S	Rb	815	0.022	178.63.23.80
S	Rb	811	0.000	123.183.224.65
S	Rb	808	0.136	149.202.211.239
S	Rb	795	0.052	49.7.20.108
S	Rb	1653765	96.631	[not listed: 110067]
s	*FR	2013	12	18	21	53
s	*LR	2024	03	01	05	56
s	*f	-20R	s
s	lRS	1	510777	1616	http://www.gtaeronautics.com/
s	lRS	1	121603	293	http://gtaeronautics.com/
s	lRS	1	8913	22	https://www.google.com/
s	lRS	1	406	4	http://baidu.com/
s	lRS	1	1716	0	http://www.google.com/
s	lRS	1	1287	0	http://www.baidu.com/
s	lRS	1	1159	0	http://www.trainingindustry.com/
s	lRS	1	609	0	http://www.mfgpages.com/
s	lRS	1	604	0	http://www.openfos.com/
s	lRS	1	541	0	https://www.bing.com/
s	lRS	1	517	0	http://www.topicway.com/
s	lRS	1	462	0	http://anti-crisis-seo.com/
s	lRS	1	420	0	http://122.144.179.12/
s	lRS	1	399	0	https://www.thomasnet.com/
s	lRS	1	395	0	http://uptime.com/
s	lRS	1	362	0	http://semalt.semalt.com/
s	lRS	1	328	0	http://www.bing.com/
s	lRS	1	301	0	http://chimiver.info/
s	lRS	1	281	0	https://www.google.co.in/
s	lRS	1	262	0	http://google.co.jp/
s	lRS	1	50618	28	[not listed: 4434]
f	*FR	2013	12	18	21	53
f	*LR	2024	03	01	05	56
f	*f	-30R	s
f	lRS	1	381994	1264	http://www.gtaeronautics.com/
f	lRS	1	78784	162	http://gtaeronautics.com/
f	lRS	1	8453	96	http://gtaeronautics.com/links.html
f	lRS	1	13309	64	http://www.gtaeronautics.com/index.html
f	lRS	1	10753	51	http://www.gtaeronautics.com/CCT&M.html
f	lRS	1	18324	33	http://www.gtaeronautics.com/aboutus.html
f	lRS	1	3180	30	http://www.gtaeronautics.com/consultinga.html
f	lRS	1	8821	29	http://www.gtaeronautics.com/UASFC.html
f	lRS	1	3024	22	http://www.gtaeronautics.com/CFMT.html
f	lRS	1	4366	20	http://www.gtaeronautics.com/SRU.html
f	lRS	1	8257	16	https://www.google.com/
f	lRS	1	4154	15	http://gtaeronautics.com/contactus.html
f	lRS	1	6809	11	http://www.gtaeronautics.com/ConsultingA.html
f	lRS	1	2509	11	http://www.gtaeronautics.com/GT100HL RPAS.html
f	lRS	1	4190	10	http://www.gtaeronautics.com/GT50T RPAS.html
f	lRS	1	3110	10	http://www.gtaeronautics.com/IndNews.html
f	lRS	1	4231	9	http://www.gtaeronautics.com/pna.html
f	lRS	1	3461	9	http://www.gtaeronautics.com/RD.html
f	lRS	1	5956	7	http://www.gtaeronautics.com/GT380 RPAS.html
f	lRS	1	3425	7	http://gtaeronautics.com/aboutus.html
f	lRS	1	4540	3	http://www.gtaeronautics.com/CompNews.html
f	lRS	1	4387	3	http://www.gtaeronautics.com/GT1500 RPAS.html
f	lRS	1	2111	2	http://www.gtaeronautics.com/EMPLOYMENT.html
f	lRS	1	3785	1	http://www.gtaeronautics.com/contactus.html
f	lRS	1	5892	0	http://gtaeronautics.com/IndNews.html
f	lRS	1	4962	0	http://www.gtaeronautics.com/compnews.html
f	lRS	1	3222	0	http://gtaeronautics.com/index.html
f	lRS	1	2766	0	http://gtaeronautics.com/CCT&M.html
f	lRS	1	2558	0	http://www.gtaeronautics.com/uasfc.html
f	lRS	1	2133	0	http://gtaeronautics.com/ConsultingA.html
f	lRS	1	88494	78	[not listed: 5142]
n	*FR	2013	12	19	00	28
n	*LR	2020	10	14	09	11
n	*f	0.500000%Q	s
n	Rq	1	177.389	kit
n	Rq	1	177.389	method
n	Rq	2	67.815	crew
n	Rq	28	172.037	aeronautical
n	Rq	1	177.389	airplane.com
n	Rq	5	26.056	faa
n	Rq	40	88.519	gt
n	Rq	1	177.389	moldings
n	Rq	1	177.389	twin
n	Rq	1	177.389	taranis
n	Rq	2	177.389	installerex
n	Rq	2	177.389	http://gtaeronautics.com/
n	Rq	20	52.111	in
n	Rq	1	177.389	scale
n	Rq	1	177.389	observer
n	Rq	1	177.389	drawing?
n	Rq	2	177.389	is
n	Rq	1	177.389	making
n	Rq	2	67.815	fiber
n	Rq	1	177.389	mitsubishi
n	Rq	1	177.389	fuze
n	Rq	1	177.389	http://www.gtaeronautics.com/indnews.html
n	Rq	92	177.389	semalt.com
n	Rq	1	177.389	consultant
n	Rq	15	135.630	manufacturing
n	Rq	1	177.389	2
n	Rq	1	177.389	base
n	Rq	14	187.741	6
n	Rq	1	177.389	http://gtaeronautics.com/indnews.html
n	Rq	1	177.389	always
n	Rq	28	130.278	engineering
n	Rq	1	177.389	northrop
n	Rq	1	177.389	bandwidth
n	Rq	1	177.389	vegas
n	Rq	3	67.815	basic
n	Rq	1	177.389	qinetiq
n	Rq	1	177.389	tooling
n	Rq	1	177.389	on
n	Rq	1	177.389	heavy
n	Rq	9	271.260	drawings
n	Rq	1	177.389	fia
n	Rq	4	177.389	louis%20vuitton%20fashion%20valley%20phone%20number
n	Rq	3	177.389	llc
n	Rq	3	245.204	rullman
n	Rq	1	177.389	cowling
n	Rq	32	245.204	sale
n	Rq	64	203.445	outlet
n	Rq	1	177.389	rotax
n	Rq	1	177.389	ucav
n	Rq	28	239.852	texan
n	Rq	1	177.389	a
n	Rq	2	177.389	customer
n	Rq	1	177.389	rpa
n	Rq	2	67.815	110cc
n	Rq	30	177.389	designer
n	Rq	20	26.056	www.gtaeronautics.com
n	Rq	1	177.389	work
n	Rq	1	177.389	thomas
n	Rq	1	177.389	engie
n	Rq	1	177.389	qualification
n	Rq	1	177.389	custom
n	Rq	1	177.389	mk3
n	Rq	1	177.389	t
n	Rq	1	177.389	uavs
n	Rq	1	177.389	w
n	Rq	2	177.389	satisfaction
n	Rq	2	67.815	x
n	Rq	1	177.389	crews
n	Rq	3	177.389	photos
n	Rq	1	177.389	finnemeccia
n	Rq	2	67.815	glass
n	Rq	1	245.204	to
n	Rq	1	177.389	gcs
n	Rq	5	26.056	engineer
n	Rq	1	177.389	government
n	Rq	1	177.389	operator
n	Rq	6	203.445	aircraft
n	Rq	1	177.389	with
n	Rq	97	67.815	number
n	Rq	4	245.204	for
n	Rq	1	177.389	december
n	Rq	2	67.815	aero
n	Rq	9	67.815	equipment
n	Rq	2	67.815	engine
n	Rq	1	177.389	mq1
n	Rq	2	67.815	wy
n	Rq	1	177.389	custum
n	Rq	1	177.389	g.t
n	Rq	1	177.389	mechanics
n	Rq	1	67.815	motors
n	Rq	1	177.389	tdw
n	Rq	32	26.056	luggage
n	Rq	1	177.389	opportunities
n	Rq	175	145.982	vuitton
n	Rq	1	177.389	show
n	Rq	1	245.204	the
n	Rq	1	177.389	luggages
n	Rq	1	177.389	stroke
n	Rq	2	177.389	explore
n	Rq	39	67.815	handbags
n	Rq	2	67.815	electric
n	Rq	1	177.389	space
n	Rq	1	67.815	air
n	Rq	1	177.389	quote
n	Rq	1	177.389	require
n	Rq	1	177.389	mpp
n	Rq	4	67.815	jobs
n	Rq	5	26.056	uas
n	Rq	1	177.389	anything
n	Rq	1	177.389	china
n	Rq	1	177.389	airplane
n	Rq	10	52.111	uav
n	Rq	2	177.389	wmaid.com
n	Rq	3	135.630	drone
n	Rq	7	93.870	fiberglass
n	Rq	2	177.389	facebook
n	Rq	1	177.389	college
n	Rq	4	135.630	onboard
n	Rq	3	67.815	gtaeronautics.com
n	Rq	1	177.389	qulificationa
n	Rq	21	10.352	simi
n	Rq	1	177.389	and
n	Rq	5	245.204	flight
n	Rq	17	10.352	at6
n	Rq	1	177.389	xtreme
n	Rq	1	177.389	maintenance
n	Rq	1	177.389	cody
n	Rq	1	177.389	systems
n	Rq	1	177.389	any
n	Rq	1	177.389	tom
n	Rq	1	177.389	payload
n	Rq	2	67.815	gta
n	Rq	2	177.389	granger
n	Rq	8	93.870	extreme
n	Rq	6	26.056	molding
n	Rq	2	177.389	easylifeapp
n	Rq	1	177.389	rating
n	Rq	2	177.389	whitelaw
n	Rq	126	93.870	fashion
n	Rq	2	67.815	ice
n	Rq	2	177.389	http://www.gtaeronautics.com/compnews.html
n	Rq	5	67.815	engineers
n	Rq	3	67.815	composite
n	Rq	1	177.389	skyforce
n	Rq	1	177.389	eengineer
n	Rq	175	145.982	louis
n	Rq	8	177.389	store
n	Rq	4	135.630	starter
n	Rq	14	135.630	cheap
n	Rq	1	177.389	diamond
n	Rq	10	161.685	bme
n	Rq	1	177.389	america2009
n	Rq	7	177.389	content
n	Rq	1	177.389	challenge
n	Rq	2	67.815	aeronautic
n	Rq	1	177.389	piece
n	Rq	1	177.389	how
n	Rq	1	177.389	male
n	Rq	2	67.815	design
n	Rq	2	67.815	flying
n	Rq	1	177.389	carbon
n	Rq	1	177.389	operation
n	Rq	2	177.389	profile
n	Rq	1	177.389	tomas
n	Rq	1	177.389	cia
n	Rq	1	177.389	hummingbird
n	Rq	1	177.389	iron
n	Rq	1	177.389	california
n	Rq	1	177.389	amphibian
n	Rq	1	177.389	110
n	Rq	1	177.389	mentioned
n	Rq	1	177.389	111
n	Rq	1	177.389	over
n	Rq	25	172.037	http://www.gtaeronautics.com/
n	Rq	1	177.389	google.com
n	Rq	1	177.389	fuel
n	Rq	2	177.389	inc
n	Rq	1	177.389	handbag.com
n	Rq	1	177.389	da42
n	Rq	2	67.815	certification
n	Rq	1	177.389	timing
n	Rq	1	177.389	2015
n	Rq	1	177.389	home
n	Rq	1	177.389	aerospacecompanies
n	Rq	1	177.389	anti
n	Rq	1	177.389	ziroli
n	Rq	1	177.389	sketches
n	Rq	5	177.389	purses
n	Rq	1	177.389	downlink
n	Rq	3	177.389	aeronotics
n	Rq	1	177.389	nanotechnology
n	Rq	1	177.389	zephyr
n	Rq	4	177.389	wyoming
n	Rq	2	177.389	technology
n	Rq	3	245.204	companies
n	Rq	1	177.389	muffler
n	Rq	2	177.389	avia
n	Rq	2	177.389	what
n	Rq	145	213.797	valley
n	Rq	1	177.389	microwave
n	Rq	1	177.389	mold
n	Rq	5	135.630	pglm
n	Rq	1	177.389	specialist
n	Rq	23	104.222	drawing
n	Rq	1	177.389	tool
n	Rq	1	177.389	security
n	Rq	6	67.815	prototypes
n	Rq	1	177.389	giant
n	Rq	1	177.389	powell
n	Rq	8	93.870	aerospace
n	Rq	4	135.630	unmanned
n	Rq	34	20.704	aeronautics
n	Rq	1	177.389	radius
n	Rq	1	177.389	zero
n	Rq	1	177.389	tobbot
n	Rq	2	67.815	job
n	Rq	2	67.815	neverfull
n	Rq	1	177.389	onbordstarter
n	Rq	20	135.630	ca
n	Rq	1	67.815	as
n	Rq	13	10.352	at
n	Rq	5	26.056	techniques
n	Rq	1	177.389	does
n	Rq	1	177.389	commercial
n	Rq	1	177.389	www.gt
n	Rq	1	177.389	de
n	Rq	1	177.389	co
n	Rq	1	177.389	speedy
n	Rq	1	177.389	rpas
n	Rq	2	67.815	instrument
n	Rq	1	177.389	do
n	Rq	1	177.389	quotation
n	Rq	3	245.204	training
n	Rq	1	177.389	efi
n	Rq	1	177.389	careers
n	Rq	3	245.204	pilot
n	Rq	9	271.260	bandito
n	Rq	4	135.630	quotes
n	Rq	107	135.630	phone
n	Rq	1	177.389	stations
n	Rq	1	177.389	traing
N	*FR	2013	12	19	00	28
N	*LR	2020	10	14	09	11
N	*f	-200Q	s
N	RQ	8	4059930344	at6 texan
N	RQ	3	3669957527	bandito uav
N	RQ	3	3669957527	onboard starter
N	RQ	7	3044947758	bme extreme
N	RQ	7	3044947758	aerospace engineering drawings
N	RQ	20	2809910806	gt aeronautics
N	RQ	1	2654974941	uavs flying over simi valley ca
N	RQ	1	2654974941	gt aeronautics simi valley california
N	RQ	1	2654974941	aeronautical engineer quote
N	RQ	1	2654974941	does aeronautical engineering require drawing?
N	RQ	1	2654974941	how to do gt in engineering drawing
N	RQ	2	2654974941	http://gtaeronautics.com/
N	RQ	1	2654974941	the government college g.t aeronautics
N	RQ	1	2654974941	bme engine
N	RQ	1	2654974941	uas gcs
N	RQ	1	2654974941	http://www.gtaeronautics.com/indnews.html
N	RQ	92	2654974941	semalt.com
N	RQ	1	2654974941	aero iron mentioned nanotechnology hummingbird uav
N	RQ	1	2654974941	basic fiberglass techniques
N	RQ	1	2654974941	http://gtaeronautics.com/indnews.html
N	RQ	1	2654974941	finnemeccia co
N	RQ	2	2654974941	drawing for customer satisfaction
N	RQ	1	2654974941	cheap louis vuitton speedy handbag.com
N	RQ	1	2654974941	at 6
N	RQ	1	2654974941	quotation specialist engineer drawings
N	RQ	1	2654974941	challenge xtreme 111 piece mechanics tool kit
N	RQ	1	2654974941	uav commercial crew stations
N	RQ	1	2654974941	da42 mpp microwave downlink bandwidth
N	RQ	1	2654974941	anti ice de ice qinetiq zephyr
N	RQ	4	2654974941	louis%20vuitton%20fashion%20valley%20phone%20number
N	RQ	1	2654974941	faa uas pilot certification
N	RQ	1	2654974941	any flying crews in gta
N	RQ	1	2654974941	aerospace drawing
N	RQ	1	2654974941	fiber glass molding job
N	RQ	1	2654974941	aircraft design consultant
N	RQ	1	2654974941	www.gt airplane.com
N	RQ	3	2654974941	gt in aeronotics
N	RQ	1	2654974941	tom rullman
N	RQ	1	2654974941	gt aeronautics simi valley ca
N	RQ	1	2654974941	drone base in simi valley
N	RQ	1	2654974941	fiberglass mold making techniques
N	RQ	1	2654974941	rpa instrument qualification faa instrument rating
N	RQ	1	2654974941	extreme bme
N	RQ	1	2654974941	uas faa maintenance
N	RQ	1	2654974941	louis vuitton neverfull
N	RQ	1	2654974941	fiberglass techniques
N	RQ	1	2654974941	aircraft companies in simi valley
N	RQ	1	2654974941	custom fiberglass moldings
N	RQ	11	2654974941	louis vuitton luggage cheap
N	RQ	1	2654974941	anything
N	RQ	1	2654974941	aeronautical engineering sketches
N	RQ	1	2654974941	gtaeronautics.com
N	RQ	1	2654974941	giant scale ziroli at 6
N	RQ	9	2654974941	outlet louis vuitton handbags
N	RQ	1	2654974941	cowling drawing
N	RQ	1	2654974941	mitsubishi zero
N	RQ	1	2654974941	powell wy gt aeronautics
N	RQ	2	2654974941	what is gt in basic engineering drawing
N	RQ	2	2654974941	composite molding
N	RQ	1	2654974941	aeronautics in simi valley and security work
N	RQ	3	2654974941	gt aeronautics llc jobs
N	RQ	1	2654974941	crew flight gta
N	RQ	1	2654974941	110cc engine timing
N	RQ	1	2654974941	aeronautical engineer quotes
N	RQ	2	2654974941	http://www.gtaeronautics.com/compnews.html
N	RQ	4	2654974941	wyoming flight engineers
N	RQ	1	2654974941	a t 6
N	RQ	1	2654974941	gt aeronautics unmanned air
N	RQ	1	2654974941	fia gt composite tooling
N	RQ	1	2654974941	uas pilot certification
N	RQ	1	2654974941	quotes on aeronautical engineers
N	RQ	1	2654974941	payload for diamond northrop twin engie aircraft
N	RQ	7	2654974941	content
N	RQ	1	2654974941	bme 110
N	RQ	1	2654974941	thomas w rullman gt aeronautics
N	RQ	1	2654974941	luggages for sale
N	RQ	2	2654974941	easylifeapp profile
N	RQ	2	2654974941	simi gt
N	RQ	1	2654974941	mq1 design fuel
N	RQ	1	2654974941	airplane as always cia america2009
N	RQ	1	2654974941	eengineer drawing home
N	RQ	1	2654974941	heavy equipment operator jobs
N	RQ	1	2654974941	aero space drone simi valley
N	RQ	1	2654974941	cheap louis vuitton luggage
N	RQ	1	2654974941	2 stroke electric onboard starter
N	RQ	1	2654974941	skyforce observer mk3
N	RQ	1	2654974941	simi valley unmanned aircraft
N	RQ	2	2654974941	granger whitelaw avia
N	RQ	1	2654974941	louis vuitton fashion valley neverfull
N	RQ	1	2654974941	louis vuitton job opportunities
N	RQ	1	2654974941	google.com
N	RQ	1	2654974941	uas operation training method
N	RQ	2	2654974941	wmaid.com explore gtaeronautics.com
N	RQ	1	2654974941	custum muffler 110cc
N	RQ	1	2654974941	glass manufacturing drawings
N	RQ	1	2654974941	electric motors x male uav x sale
N	RQ	1	2654974941	aerospacecompanies in simi valley
N	RQ	1	2654974941	fiberglass molding
N	RQ	2	2654974941	aeronautical technology inc
N	RQ	1	2654974941	taranis ucav
N	RQ	1	2654974941	vegas drone uav show december 2015
N	RQ	1	2654974941	uav companies in simi valley
N	RQ	1	2654974941	unmanned aircraft systems pilot training
N	RQ	2	2654974941	installerex facebook
N	RQ	3	2654974941	texan at6 photos
N	RQ	1	2654974941	aeronautic engineer
N	RQ	30	2654974941	designer handbags outlet sale
N	RQ	1	2654974941	rpas qulificationa traing with faa
N	RQ	1	2654974941	faa uav training
N	RQ	1	2654974941	uav companies simi valley
N	RQ	5	2654974941	louis vuitton purses outlet
N	RQ	1	2654974941	aeronautics
N	RQ	1	2654974941	cheap louis vuitton luggage outlet
N	RQ	1	2654974941	gt aeronautics tomas rullman
N	RQ	1	2654974941	tobbot
N	RQ	1	2654974941	radius tdw efi fuze
N	RQ	8	2654974941	manufacturing equipment store in simi valley
N	RQ	1	2654974941	aeronautic engineer quotes
N	RQ	1	2654974941	onbordstarter
N	RQ	1	2654974941	rotax amphibian unmanned china
N	RQ	1	2654974941	aeronautical engineering quotes
N	RQ	1	2654974941	drawing aircraft engineering
N	RQ	1	2654974941	gt aeronautics careers
N	RQ	1	2654974941	gt aeronautics bandito
N	RQ	1	2654974941	cody wy carbon fiber
N	RQ	25	2574873854	http://www.gtaeronautics.com/
N	RQ	9	2419937989	at 6 texan
N	RQ	6	2029965172	texan at6
N	RQ	5	2029965172	bandito pglm
N	RQ	14	1794928220	aeronautical engineering drawing
N	RQ	2	1014982586	fiberglass molding techniques
N	RQ	6	1014982586	manufacturing aeronautical prototypes
N	RQ	19	1014982586	louis vuitton luggage outlet
N	RQ	10	1014982586	louis vuitton fashion valley phone
N	RQ	97	1014982586	louis vuitton fashion valley phone number
N	RQ	2	1014982586	texan at 6
N	RQ	18	1014982586	louis vuitton fashion valley ca
N	RQ	20	389972817	www.gtaeronautics.com
B	*f	-40R	r
B	Rb	71973	2.898	Mozilla/5.0 (compatible; AhrefsBot/7.0;  http://ahrefs.com/robot/)
B	Rb	66803	0.000	Mozilla/5.0 (Windows NT 6.1; Win64; x64; rv:109.0) Gecko/20100101 Firefox/115.0
B	Rb	60114	1.116	Sogou web spider/4.0( http://www.sogou.com/docs/help/webmasters.htm#07)
B	Rb	56347	1.638	ZoominfoBot (zoominfobot at zoominfo dot com)
B	Rb	40898	4.266	Mozilla/5.0 (compatible; bingbot/2.0;  http://www.bing.com/bingbot.htm)
B	Rb	40767	1.266	Mozilla/5.0 (compatible; Googlebot/2.1;  http://www.google.com/bot.html)
B	Rb	16641	2.168	Mozilla/5.0 (Windows NT 6.3; WOW64) AppleWebKit/537.36 (KHTML, like Gecko) Chrome/33.0.1736.0 Safari/537.36
B	Rb	16320	0.954	Mozilla/4.0 (compatible; MSIE 6.0; Windows NT 5.1; SV1)
B	Rb	14007	0.266	Googlebot-Image/1.0
B	Rb	13504	1.399	Mozilla/5.0 (compatible; YandexBot/3.0;  http://yandex.com/bots)
B	Rb	12964	1.355	Mozilla/5.0 (iPhone; CPU iPhone OS 7_0 like Mac OS X) AppleWebKit/537.51.1 (KHTML, like Gecko) Version/7.0 Mobile/11A465 Safari/9537.53 (compatible; bingbot/2.0;  http://www.bing.com/bingbot.htm)
B	Rb	12728	0.333	Mozilla/5.0 (Macintosh; Intel Mac OS X 10_15_5) AppleWebKit/605.1.15 (KHTML, like Gecko) Version/13.1.1 Safari/605.1.15 (Applebot/0.1;  http://www.apple.com/go/applebot)
B	Rb	12219	0.000	Mozilla/5.0 (Windows NT 10.0; Win64; x64) AppleWebKit/537.36 (KHTML, like Gecko) Chrome/114.0.0.0 Safari/537.36
B	Rb	12167	0.000	Mozilla/5.0 (Windows NT 10.0; Win64; x64) AppleWebKit/537.36 (KHTML, like Gecko) Chrome/120.0.0.0 Safari/537.36
B	Rb	11045	0.689	Mozilla/5.0 (compatible; Baiduspider/2.0;  http://www.baidu.com/search/spider.html)
B	Rb	10308	0.616	Mozilla/5.0 (Windows NT 6.1; WOW64; Trident/7.0; rv:11.0) like Gecko
B	Rb	9648	0.435	Mozilla/5.0 AppleWebKit/537.36 (KHTML, like Gecko; compatible; bingbot/2.0;  http://www.bing.com/bingbot.htm) Chrome/103.0.5060.134 Safari/537.36
B	Rb	8061	0.886	Mozilla/4.0 (compatible; MSIE 7.0; Windows NT 5.1; .NET CLR 1.1.4322; .NET CLR 2.0.50727)
B	Rb	7694	0.067	Mozilla/5.0 (Windows NT 10.0; Win64; x64) AppleWebKit/537.36 (KHTML, like Gecko) Chrome/113.0.0.0 Safari/537.36
B	Rb	7498	0.408	Mozilla/5.0 (compatible; Yahoo! Slurp; http://help.yahoo.com/help/us/ysearch/slurp)
B	Rb	7467	0.000	Mozilla/5.0 (Windows NT 10.0; Win64; x64) AppleWebKit/537.36 (KHTML, like Gecko) Chrome/116.0.0.0 Safari/537.36
B	Rb	7221	0.210	Mozilla/4.0 (compatible; MSIE 6.0; Windows NT 5.1; SV1; .NET CLR 2.0.50727)
B	Rb	7181	0.200	Mozilla/4.0 (compatible;)
B	Rb	6916	0.190	Mozilla/5.0 (compatible; BLEXBot/1.0;  http://webmeup-crawler.com/)
B	Rb	6698	0.000	Mozilla/5.0 (Windows NT 10.0; Win64; x64) AppleWebKit/537.36 (KHTML, like Gecko) Chrome/121.0.0.0 Safari/537.36
B	Rb	6529	0.424	Mozilla/5.0 (Macintosh; Intel Mac OS X 10.11; rv:52.0) Gecko/20100101 Firefox/52.0
B	Rb	6488	0.307	Mozilla/4.0 (compatible; MSIE 6.0; Windows NT 5.1)
B	Rb	6200	0.000	Mozilla/5.0 (Windows NT 10.0; Win64; x64) AppleWebKit/537.36 (KHTML, like Gecko) Chrome/119.0.0.0 Safari/537.36
B	Rb	6164	0.044	Mozilla/4.0 (compatible; MSIE 7.0; Windows NT 5.1; .NET CLR 1.1.4322; .NET CLR 2.0.50727; .NET CLR 3.0.4506.2152; .NET CLR 3.5.30729)
B	Rb	6152	0.345	Mozilla/4.0 (compatible; MSIE 7.0; Windows NT 6.1; WOW64; Trident/5.0; SLCC2; .NET CLR 2.0.50727; .NET CLR 3.5.30729; .NET CLR 3.0.30729; Media Center PC 6.0; .NET4.0C; .NET4.0E)
B	Rb	6079	0.224	Mozilla/5.0 (Windows NT 6.1; WOW64) AppleWebKit/537.36 (KHTML, like Gecko) Chrome/36.0.1985.143 Safari/537.36
B	Rb	5934	0.000	Mozilla/5.0 (Windows NT 6.1; Win64; x64; rv:109.0) Gecko/20100101 Firefox/114.0
B	Rb	5848	0.260	Sosospider ( http://help.soso.com/webspider.htm)
B	Rb	5660	0.479	PRurl
B	Rb	5640	0.400	Mozilla/5.0 (Windows NT 5.1; rv:17.0) Gecko/20100101 Firefox/17.0
B	Rb	5436	0.296	Mozilla/5.0 (Windows; U; Windows NT 5.1; en-US; rv:1.7.2) Gecko/20040804 Netscape/7.2 (ax)
B	Rb	5308	0.127	Mozilla/4.0 (compatible; MSIE 7.0; Windows NT 5.1; .NET CLR 1.1.4322; .NET CLR 2.0.50727; .NET CLR 3.0.04506.30)
B	Rb	5297	0.315	Mozilla/4.0 (compatible; MSIE 7.0; Windows NT 5.1)
B	Rb	5296	0.193	Mozilla/5.0 (Windows NT 6.1; WOW64; rv:14.0) Gecko/20100101 Firefox/13.0.1
B	Rb	5249	0.246	Mozilla/5.0 (compatible; MJ12bot/v1.4.8; http://mj12bot.com/)
B	Rb	1101804	74.979	[not listed: 22164]
b	*f	-15Q	s
b	lRQq	1	60114	3669957559	162.212	Sogou web spider
b	lRQq	2	60114	3669957559	162.212	Sogou web spider/4
b	lRQq	1	262260	3985627473	176.165	MSIE
b	lRQq	2	101034	993076851	43.894	MSIE/7
b	lRQq	2	14629	3964030331	175.211	MSIE/9
b	lRQq	2	6378	2644442324	116.885	MSIE/5
b	lRQq	2	4878	1389156477	61.401	MSIE/10
b	lRQq	2	92705	4271955107	188.821	MSIE/6
b	lRQq	2	21	2654974941	117.350	MSIE/11
b	lRQq	2	728	1014982586	44.862	MSIE/2
b	lRQq	2	439	779945634	34.474	MSIE/4
b	lRQq	2	400	389972817	17.237	MSIE/3
b	lRQq	2	38994	253048783	11.185	MSIE/8
b	lRQq	1	4829	3739525999	165.287	python-requests
b	lRQq	2	4811	2959580365	130.814	python-requests/2
b	lRQq	2	12	4059930344	179.449	python-requests/1
b	lRQq	2	6	1014982586	44.862	python-requests/0
b	lRQq	1	49	4059930344	179.449	com.google.android.apps.searchlite
b	lRQq	2	6	2654974941	117.350	com.google.android.apps.searchlite/914689
b	lRQq	2	6	2654974941	117.350	com.google.android.apps.searchlite/784321
b	lRQq	2	25	2654974941	117.350	com.google.android.apps.searchlite/763965
b	lRQq	2	3	2654974941	117.350	com.google.android.apps.searchlite/426028
b	lRQq	2	6	2654974941	117.350	com.google.android.apps.searchlite/602374
b	lRQq	2	1	2654974941	117.350	com.google.android.apps.searchlite/677613
b	lRQq	2	2	1014982586	44.862	com.google.android.apps.searchlite/484573
b	lRQq	1	36	4059930344	179.449	Firefox
b	lRQq	2	1	2654974941	117.350	Firefox/1
b	lRQq	2	1	2654974941	117.350	Firefox/42
b	lRQq	2	5	2654974941	117.350	Firefox/33
b	lRQq	2	1	2654974941	117.350	Firefox/3
b	lRQq	2	24	1014982586	44.862	Firefox/2
b	lRQq	1	253	4059930344	179.449	"Mozilla
b	lRQq	2	253	4059930344	179.449	"Mozilla/5
b	lRQq	1	14	4059930344	179.449	PycURL
b	lRQq	2	14	4059930344	179.449	PycURL/7
b	lRQq	1	113	3669957527	162.212	woobot
b	lRQq	2	59	2654974941	117.350	woobot/2
b	lRQq	2	53	2654974941	117.350	woobot/1
b	lRQq	1	2	3669957527	162.212	<a href='http:
b	lRQq	2	2	3669957527	162.212	<a href='http://www
b	lRQq	1	4	3669957527	162.212	GoogleEarth
b	lRQq	2	2	2654974941	117.350	GoogleEarth/6
b	lRQq	2	1	2654974941	117.350	GoogleEarth/4
b	lRQq	2	1	2654974941	117.350	GoogleEarth/7
b	lRQq	1	1158	3669957527	162.212	Yandex
b	lRQq	2	1158	3669957527	162.212	Yandex/1
b	lRQq	1	6	3669957527	162.212	${${lower:j}${lower:n}${lower:d}i:${lower:rmi}:
b	lRQq	2	2	2654974941	117.350	${${lower:j}${lower:n}${lower:d}i:${lower:rmi}://144
b	lRQq	2	2	2654974941	117.350	${${lower:j}${lower:n}${lower:d}i:${lower:rmi}://167
b	lRQq	2	2	2654974941	117.350	${${lower:j}${lower:n}${lower:d}i:${lower:rmi}://51
b	lRQq	1	203	3669957527	162.212	Re-re Studio ( http:
b	lRQq	2	169	2654974941	117.350	Re-re Studio ( http://vip0
b	lRQq	2	2	2654974941	117.350	Re-re Studio ( http://re-re
b	lRQq	2	32	2654974941	117.350	Re-re Studio ( http://2re
b	lRQq	1	916	3669957527	162.212	DoCoMo
b	lRQq	2	916	3669957527	162.212	DoCoMo/2
b	lRQq	1	668	3669957527	162.212	Yeti
b	lRQq	2	668	3669957527	162.212	Yeti/1
b	lRQq	1	1395648	1102520974	48.732	[not listed: 937]
p	*f	0Q	s
p	lR	1	830998	Windows
p	lR	2	203310	Windows NT
p	lR	2	361613	Unknown Windows
p	lR	2	249754	Windows XP
p	lR	2	9493	Windows 2000
p	lR	2	2233	Windows 95
p	lR	2	408	Windows CE
p	lR	2	2373	Windows 98
p	lR	2	384	Windows 3.1
p	lR	2	1430	Windows ME
p	lR	1	175790	Macintosh
p	lR	2	171205	Unknown Macintosh
p	lR	2	1343	Macintosh 68k
p	lR	2	3242	Macintosh PowerPC
p	lR	1	352664	OS unknown
p	lR	1	227603	Known robots
p	lR	1	139135	Unix
p	lR	2	136059	Linux
p	lR	2	22	SunOS
p	lR	2	66	BSD
p	lR	2	2985	Other Unix
p	lR	2	3	HP-UX
p	lR	1	16	WebTV
p	lR	1	13	BeOS
p	lR	1	47	OS/2
p	lR	1	7	Amiga
i	*f	0R	s
i	lRc	1	605707	0.000	/images/
i	lRc	1	883118	0.000	[root directory]
i	lRc	1	158571	0.000	/js/
i	lRc	1	81528	0.000	/css/
i	lRc	1	8532	0.000	/uploads/
i	lRc	1	865	0.000	/videos/
i	lRc	1	541	0.000	/client/
i	lRc	1	1	0.000	/cgi-bin/
i	lRc	1	260	0.000	/dev/
i	lRc	2	24	0.000	/dev/css/
i	lRc	2	46	0.000	/dev/js/
i	lRc	2	81	0.000	/dev/images/
i	lRc	1	1	0.000	/secure/
i	lRc	1	74	0.000	/stats/
r	*f	0.050000%S	s
r	lRSc	1	27285	111	0.000	/links.html
r	lRSc	1	18365	28	0.000	/faq.html
r	lRSc	1	33876	26	0.000	/compnews.html
r	lRSc	1	37658	25	0.000	/aboutus.html
r	lRSc	1	23236	20	0.000	/cfmt.html
r	lRSc	1	28324	19	0.000	/uasfc.html
r	lRSc	1	26478	19	0.000	/contactus.html
r	lRSc	1	24041	18	0.000	/cct&m.html
r	lRSc	1	15353	17	0.000	/sru.html
r	lRSc	1	20571	16	0.000	/indevents.html
r	lRSc	1	20924	15	0.000	/pna.html
r	lRSc	1	11545	12	0.000	/gt380+rpas.html
r	lRSc	1	24499	11	0.000	/consultinga.html
r	lRSc	1	19946	10	0.000	/employment.html
r	lRSc	1	6891	10	0.000	/gt100hl+rpas.html
r	lRSc	1	30444	9	0.000	/indnews.html
r	lRSc	2	141	0	0.000	/indnews.html?referer=www.clickfind.com.au/wp-login.php
r	lRSc	2	1	0	0.000	/indnews.html?referer=top1.co.pl
r	lRSc	2	1	0	0.000	/indnews.html?referer=www.clickfind.com.au//wp-content/themes/busybee/thumb.php?src=http://blogger.com.opontodaarte.com.br/java.php
r	lRSc	1	10853	9	0.000	/gt50t+rpas.html
r	lRSc	1	12968	7	0.000	/rd.html
r	lRSc	1	11342	7	0.000	/gt1500+rpas.html
r	lRSc	1	1576	3	0.000	/uploads/idrone-pressrelease-powell-version220119.pdf
r	lRSc	1	808	3	0.000	/uploads/bighornbasindronefestivalflyer-v2-220110.pdf
r	lRSc	1	4342	3	0.000	/gtatexan.html
r	lRSc	1	975	2	0.000	/uploads/big+horn+basin+drone+festival+event+schedule.pdf
r	lRSc	1	943	1	0.000	/uploads/droneexpojan2022+(1).pdf
r	lRSc	1	4364	1	0.000	/banditomav.html
r	lRSc	1	673	1	0.000	/uploads/2022wydronefestflyer+rev2.pdf
r	lRSc	1	1	0	0.000	/client/bandito timeline2007.html
r	lRSc	1	2	0	0.000	/client/bandit+timeline2004.html
r	lRSc	1	1	0	0.000	/stats/quick.html
r	lRSc	1	1	0	0.000	/404.htm
r	lRSc	1	12	0	0.000	/client/gta010707002.html
r	lRSc	1	72	0	0.000	/client/bandito+development.html
r	lRSc	1	135	0	0.000	/client/welcome.html
r	lRSc	1	3	0	0.000	/client/gta021305001.html
r	lRSc	1	1	0	0.000	/stats/browserrep.html
r	lRSc	1	741	0	0.000	/gt50t rpas.html
r	lRSc	1	5	0	0.000	/client/gta012405001.html
r	lRSc	1	2	0	0.000	/dev/contactus.html
r	lRSc	1	4	0	0.000	/stats/general.html
r	lRSc	1	1	0	0.000	/stats/dailyrep.html
r	lRSc	1	1	0	0.000	/dev/aboutus.html
r	lRSc	1	18	0	0.000	/client/tacamo+development.html
r	lRSc	1	1	0	0.000	/client/bandit development.html
r	lRSc	1	17	0	0.000	/client/bandit+timeline2008.html
r	lRSc	1	1	0	0.000	/client/bandito+timeline2005.html
r	lRSc	1	23	0	0.000	/client/projectbids.html
r	lRSc	1	1	0	0.000	/stats/host.html
r	lRSc	1	11	0	0.000	/client/rq2+outlaw.html
r	lRSc	1	1	0	0.000	/client/bandit timeline2008.html
r	lRSc	1	20	0	0.000	/client/clientpna.html
r	lRSc	1	15	0	0.000	/client/bandit.html
r	lRSc	1	2	0	0.000	/stats/default.asp
r	lRSc	1	21	0	0.000	/index.htm
r	lRSc	1	1	0	0.000	/cgi-bin/testms.pl
r	lRSc	1	987	0	0.000	/gtamt.html
r	lRSc	1	14	0	0.000	/client/rq1+bandit.html
r	lRSc	1	2253	0	0.000	/gt1500 rpas.html
r	lRSc	1	6	0	0.000	/client/gta021305002.html
r	lRSc	1	4	0	0.000	/client/gta121004001.html
r	lRSc	1	24	0	0.000	/client/tacamo.html
r	lRSc	1	30	0	0.000	/client/mgqgcyat.asp
r	lRSc	1	1	0	0.000	/dev/client.cgi
r	lRSc	1	18702	0	0.000	/default.asp
r	lRSc	1	1666	0	0.000	/gt380 rpas.html
r	lRSc	1	1	0	0.000	/client/bandito+timeline2006.html
r	lRSc	1	16	0	0.000	/client/rq3+bandito.html
r	lRSc	1	1	0	0.000	/dev/uasfc.html
r	lRSc	1	229	0	0.000	/client.cgi
r	lRSc	1	71	0	0.000	/client/bandit+development.html
r	lRSc	1	2	0	0.000	/client/bandito development.html
r	lRSc	1	2	0	0.000	/stats/yearly.html
r	lRSc	1	2	0	0.000	/stats/domain.html
r	lRSc	1	1	0	0.000	/stats/monthly.html
r	lRSc	1	2	0	0.000	/stats/weekly.html
r	lRSc	1	8	0	0.000	/client/gta010707001.html
r	lRSc	1	4527	0	0.000	/uavengines.html
r	lRSc	1	3749	0	0.000	/bidspridpass.html
r	lRSc	1	6356	0	0.000	/pridpass.html
r	lRSc	1	12	0	0.000	/client/bandito.html
r	lRSc	1	1	0	0.000	/dev/pna.html
r	lRSc	1	1	0	0.000	/client/tacamo development.html
r	lRSc	1	4	0	0.000	/stats/index.htm
r	lRSc	1	4	0	0.000	/stats/nav.html
r	lRSc	1	1	0	0.000	/stats/quarterly.html
r	lRSc	1	3977	0	0.000	/bandituas.html
r	lRSc	1	2	0	0.000	/stats/directory.html
r	lRSc	1	2	0	0.000	/stats/organisation.html
r	lRSc	1	8	0	0.000	/client/bandito+timeline2007.html
r	lRSc	1	7	0	0.000	/client/bandit+timeline2007.html
r	lRSc	1	1	0	0.000	/dev/pridpass.html
t	*f	0.100000%B	b
t	lRb	1	530503	43.756	.jpg  [JPEG graphics]
t	lRb	1	438102	26.229	.html [Hypertext Markup Language]
t	lRb	1	396155	18.517	[directories]
t	lRb	1	3557	5.242	.mp4
t	lRb	1	778	2.157	.wmv
t	lRb	1	87	2.118	.mpg  [MPEG movie]
t	lRb	1	18734	0.911	.asp  [Active Server REQUESTS]
t	lRb	1	75309	0.296	.gif  [GIF graphics]
t	lRb	1	158617	0.254	.js  [JavaScript code]
t	lRb	1	81544	0.225	.css  [Cascading Style Sheets]
t	lRb	1	4975	0.210	.pdf  [Adobe Portable Document Format]
t	lRb	1	30837	0.084	[not listed: 6]
z	*FR	2023	04	05	20	41
z	*LR	2023	05	09	10	03
z	ScR	0	0.000	84837	0
z	ScR	0	0.000	0	1b-  10b
z	ScR	0	0.000	0	11b- 100b
z	ScR	0	0.000	85122	101b-  1kb
z	ScR	0	0.000	509907	1kb- 10kb
z	ScR	0	0.000	352085	10kb-100kb
z	ScR	0	0.000	104639	100kb-  1Mb
z	ScR	0	0.000	4584	1Mb- 10Mb
z	ScR	0	0.000	55	10Mb-100Mb
z	ScR	0	0.000	13	100Mb-  1Gb
c	*FR	2014	03	02	13	52
c	*LR	2024	03	01	05	56
c	*f	0R	a
c	R	1630462	200 OK
c	R	8678	206 Partial content
c	R	177	301 Document moved permanently
c	R	77	302 Document found elsewhere
c	R	100058	304 Not modified since last retrieval
c	R	1079	400 Bad request
c	R	207	401 Authentication required
c	R	476	403 Access forbidden
c	R	639789	404 Document not found
c	R	2263	405 Method not allowed
c	R	1030	406 Document not acceptable to client
c	R	141	416 Requested range not valid
c	R	624	500 Internal server error
c	R	128	501 Request type not supported
I	*FR	2007	12	11	00	52
I	*LR	2024	03	01	05	20
I	*f	-30S	s
I	lRS	1	155920	214	/robots.txt
I	lRS	1	8039	14	/ads.txt
I	lRS	1	569	9	/wp-admin/install.php
I	lRS	1	117	7	/_profiler/phpinfo
I	lRS	1	257	6	/class.api.php
I	lRS	1	346	6	/about.php
I	lRS	1	665	6	/new
I	lRS	1	678	6	/old
I	lRS	1	8620	6	/wp-login.php
I	lRS	1	687	6	/wp
I	lRS	1	388	6	/dropdown.php
I	lRS	1	740	6	/wordpress
I	lRS	1	475	6	/home
I	lRS	1	203	5	/chosen.php
I	lRS	1	726	5	/wp-admin/admin-ajax.php
I	lRS	1	401	5	/install.php
I	lRS	1	305	5	/wp-head.php
I	lRS	1	240	5	/cjfuns.php
I	lRS	1	348	5	/wp-admin/dropdown.php
I	lRS	1	3223	5	/.env
I	lRS	1	533	5	/simple.php
I	lRS	1	188	4	/wp-content/plugins/install.php
I	lRS	1	194	4	/wp-admin/maint/moon.php
I	lRS	1	206	4	/cgi-bin/install.php
I	lRS	1	254	4	/wp-content/plugins/cache/dropdown.php
I	lRS	1	462	4	/backup
I	lRS	1	248	4	/wp-includes/text/about.php
I	lRS	1	212	4	/st.php
I	lRS	1	188	4	/wp-admin/js/about.php7
I	lRS	1	188	4	/wp-includes/install.php
I	lRS	1	459988	373	[not listed: 27692]
L	*FR	2007	12	11	00	52
L	*LR	2024	03	01	05	20
L	*f	-20S	s
L	RS	308	77	173.239.214.251
L	RS	245	49	157.245.37.120
L	RS	128	32	172.190.171.24
L	RS	64	32	4.245.190.15
L	RS	64	32	68.219.118.140
L	RS	192	32	185.241.208.88
L	RS	72	24	91.92.241.245
L	RS	105	21	59.60.113.184
L	RS	60	20	91.92.248.115
L	RS	54	18	45.80.158.85
L	RS	51	17	167.172.51.169
L	RS	100	15	173.249.29.208
L	RS	48	12	128.199.216.0
L	RS	36	9	45.94.31.165
L	RS	18	9	2.58.56.107
L	RS	1807	9	162.55.85.223
L	RS	40	8	192.252.183.95
L	RS	48	8	38.242.222.177
L	RS	48	8	173.249.27.178
L	RS	12	7	165.232.125.42
L	RS	642237	308	[not listed: 85198]
K	*FR	2013	12	22	04	20
K	*LR	2024	02	29	02	51
K	*f	-30S	s
K	lRS	1	785	3	http://www.gtaeronautics.com/gtaTexan.html
K	lRS	1	1915	1	http://gtaeronautics.com/
K	lRS	1	6	1	http://gtaeronautics.com/431.php
K	lRS	1	65281	0	[not listed: 5949]
E	*FR	2008	01	06	10	12
E	*LR	2024	02	09	03	06
E	*f	-30S	s
E	lSR	1	0	254	[not listed: 7]
l	*FR	2008	01	06	10	12
l	*LR	2024	02	09	03	06
l	*f	-20S	s
l	SR	0	254	[not listed: 116]
v	*f	-20B	b
v	Rb	1081783	65.103	64.41.87.40
v	Rb	657415	34.897	66.113.131.59
R	*FR	2008	01	06	10	12
R	*LR	2024	02	09	03	06
R	*f	-20R	r
R	R	178	66.113.131.59
R	R	76	64.41.87.40
M	*FR	2007	12	11	00	52
M	*LR	2024	03	01	05	20
M	*f	-20R	r
M	R	343131	64.41.87.40
M	R	302606	66.113.131.59
J	*FR	2007	12	11	00	53
J	*LR	2017	03	17	18	30
J	*f	-20R	r
J	R	9	gtaeronautics
J	R	5	lorrigkj
J	R	1	rullma2063
J	R	1	administrator
J	R	1	satish
J	R	1	nnnnn
P	*FR	2023	11	08	09	11
P	*LR	2024	03	01	05	56
P	R	212	0
P	R	102	<= 0.01
P	R	2302	0.01-0.02
P	R	132759	0.02-0.05
P	R	181642	0.05-0.1 
P	R	240702	0.1 -0.2 
P	R	242234	0.2 -0.5 
P	R	122993	0.5 -1   
P	R	68168	1-  2 
P	R	29459	2-  5 
P	R	12666	5- 10 
P	R	6106	10- 20 
P	R	23439	20- 60 
P	R	3527	60-120 
P	R	15420	120-300 
P	R	1	300-600 
