x	VE	analog 5.24
x	HN	gtaeronautics.com
x	PS	2021	04	11	06	07
x	FR	2007	12	18	17	05
x	LR	2021	04	09	23	57
x	E7	2021	04	11	06	07
x	SR	935185
x	S7	2648
x	NC	379464
x	C7	0
x	FL	395183
x	F7	372
x	RR	179
x	R7	0
x	NH	83166
x	H7	312
x	BT	34379095420
x	B7	124228751
1	Rr	23438	2.506	2021
1	Rr	89380	9.557	2020
1	Rr	80088	8.564	2019
1	Rr	68927	7.370	2018
1	Rr	60168	6.434	2017
1	Rr	73316	7.840	2016
1	Rr	80796	8.640	2015
1	Rr	110773	11.845	2014
1	Rr	65173	6.969	2013
1	Rr	60742	6.495	2012
1	Rr	57015	6.097	2011
1	Rr	22139	2.367	2010
1	Rr	69710	7.454	2009
1	Rr	71820	7.680	2008
1	Rr	1700	0.182	2007
1	*BT	R	110773	2014
Q	Rr	3176	0.340	2021	2
Q	Rr	20262	2.167	2021	1
Q	Rr	22199	2.374	2020	4
Q	Rr	23882	2.554	2020	3
Q	Rr	21656	2.316	2020	2
Q	Rr	21643	2.314	2020	1
Q	Rr	19098	2.042	2019	4
Q	Rr	19668	2.103	2019	3
Q	Rr	19827	2.120	2019	2
Q	Rr	21495	2.298	2019	1
Q	Rr	18129	1.939	2018	4
Q	Rr	17138	1.833	2018	3
Q	Rr	16928	1.810	2018	2
Q	Rr	16732	1.789	2018	1
Q	Rr	15937	1.704	2017	4
Q	Rr	0	0.000	2017	3
Q	Rr	16831	1.800	2017	2
Q	Rr	27400	2.930	2017	1
Q	Rr	22114	2.365	2016	4
Q	Rr	17621	1.884	2016	3
Q	Rr	15878	1.698	2016	2
Q	Rr	17703	1.893	2016	1
Q	Rr	16575	1.772	2015	4
Q	Rr	22104	2.364	2015	3
Q	Rr	22485	2.404	2015	2
Q	Rr	19632	2.099	2015	1
Q	Rr	21142	2.261	2014	4
Q	Rr	22272	2.382	2014	3
Q	Rr	31453	3.363	2014	2
Q	Rr	35906	3.839	2014	1
Q	Rr	16436	1.758	2013	4
Q	Rr	15216	1.627	2013	3
Q	Rr	16545	1.769	2013	2
Q	Rr	16976	1.815	2013	1
Q	Rr	16578	1.773	2012	4
Q	Rr	12511	1.338	2012	3
Q	Rr	15816	1.691	2012	2
Q	Rr	15837	1.693	2012	1
Q	Rr	15444	1.651	2011	4
Q	Rr	17386	1.859	2011	3
Q	Rr	9395	1.005	2011	2
Q	Rr	14790	1.582	2011	1
Q	Rr	1603	0.171	2010	4
Q	Rr	0	0.000	2010	3
Q	Rr	14047	1.502	2010	2
Q	Rr	6489	0.694	2010	1
Q	Rr	16350	1.748	2009	4
Q	Rr	18220	1.948	2009	3
Q	Rr	17115	1.830	2009	2
Q	Rr	18025	1.927	2009	1
Q	Rr	15905	1.701	2008	4
Q	Rr	15660	1.675	2008	3
Q	Rr	22448	2.400	2008	2
Q	Rr	17807	1.904	2008	1
Q	Rr	1700	0.182	2007	4
Q	*BT	R	35906	2014	1
m	Rr	3176	0.340	2021	04
m	Rr	7948	0.850	2021	03
m	Rr	5800	0.620	2021	02
m	Rr	6514	0.697	2021	01
m	Rr	8069	0.863	2020	12
m	Rr	6579	0.703	2020	11
m	Rr	7551	0.807	2020	10
m	Rr	8028	0.858	2020	09
m	Rr	7741	0.828	2020	08
m	Rr	8113	0.868	2020	07
m	Rr	7317	0.782	2020	06
m	Rr	6898	0.738	2020	05
m	Rr	7441	0.796	2020	04
m	Rr	7524	0.805	2020	03
m	Rr	7322	0.783	2020	02
m	Rr	6797	0.727	2020	01
m	Rr	6573	0.703	2019	12
m	Rr	5917	0.633	2019	11
m	Rr	6608	0.707	2019	10
m	Rr	6791	0.726	2019	09
m	Rr	6597	0.705	2019	08
m	Rr	6280	0.672	2019	07
m	Rr	6317	0.675	2019	06
m	Rr	6847	0.732	2019	05
m	Rr	6663	0.712	2019	04
m	Rr	7059	0.755	2019	03
m	Rr	6374	0.682	2019	02
m	Rr	8062	0.862	2019	01
m	Rr	6957	0.744	2018	12
m	Rr	5422	0.580	2018	11
m	Rr	5750	0.615	2018	10
m	Rr	5458	0.584	2018	09
m	Rr	5735	0.613	2018	08
m	Rr	5945	0.636	2018	07
m	Rr	7110	0.760	2018	06
m	Rr	6440	0.689	2018	05
m	Rr	3378	0.361	2018	04
m	Rr	5789	0.619	2018	03
m	Rr	5369	0.574	2018	02
m	Rr	5574	0.596	2018	01
m	Rr	3906	0.418	2017	12
m	Rr	6533	0.699	2017	11
m	Rr	5498	0.588	2017	10
m	Rr	0	0.000	2017	09
m	Rr	0	0.000	2017	08
m	Rr	0	0.000	2017	07
m	Rr	0	0.000	2017	06
m	Rr	6832	0.731	2017	05
m	Rr	9999	1.069	2017	04
m	Rr	11887	1.271	2017	03
m	Rr	7941	0.849	2017	02
m	Rr	7572	0.810	2017	01
m	Rr	9483	1.014	2016	12
m	Rr	7121	0.761	2016	11
m	Rr	5510	0.589	2016	10
m	Rr	6288	0.672	2016	09
m	Rr	5888	0.630	2016	08
m	Rr	5445	0.582	2016	07
m	Rr	5042	0.539	2016	06
m	Rr	5495	0.588	2016	05
m	Rr	5341	0.571	2016	04
m	Rr	5558	0.594	2016	03
m	Rr	5548	0.593	2016	02
m	Rr	6597	0.705	2016	01
m	Rr	5574	0.596	2015	12
m	Rr	5330	0.570	2015	11
m	Rr	5671	0.606	2015	10
m	Rr	6196	0.663	2015	09
m	Rr	6788	0.726	2015	08
m	Rr	9120	0.975	2015	07
m	Rr	7156	0.765	2015	06
m	Rr	5694	0.609	2015	05
m	Rr	9635	1.030	2015	04
m	Rr	6215	0.665	2015	03
m	Rr	6084	0.651	2015	02
m	Rr	7333	0.784	2015	01
m	Rr	6608	0.707	2014	12
m	Rr	6997	0.748	2014	11
m	Rr	7537	0.806	2014	10
m	Rr	7043	0.753	2014	09
m	Rr	7324	0.783	2014	08
m	Rr	7905	0.845	2014	07
m	Rr	11654	1.246	2014	06
m	Rr	9211	0.985	2014	05
m	Rr	10588	1.132	2014	04
m	Rr	7817	0.836	2014	03
m	Rr	15229	1.628	2014	02
m	Rr	12860	1.375	2014	01
m	Rr	5325	0.569	2013	12
m	Rr	5513	0.590	2013	11
m	Rr	5598	0.599	2013	10
m	Rr	4655	0.498	2013	09
m	Rr	4938	0.528	2013	08
m	Rr	5623	0.601	2013	07
m	Rr	5492	0.587	2013	06
m	Rr	5211	0.557	2013	05
m	Rr	5842	0.625	2013	04
m	Rr	6068	0.649	2013	03
m	Rr	5055	0.541	2013	02
m	Rr	5853	0.626	2013	01
m	Rr	5688	0.608	2012	12
m	Rr	5477	0.586	2012	11
m	Rr	5413	0.579	2012	10
m	Rr	4331	0.463	2012	09
m	Rr	3866	0.413	2012	08
m	Rr	4314	0.461	2012	07
m	Rr	4655	0.498	2012	06
m	Rr	6047	0.647	2012	05
m	Rr	5114	0.547	2012	04
m	Rr	6128	0.655	2012	03
m	Rr	5430	0.581	2012	02
m	Rr	4279	0.458	2012	01
m	Rr	5548	0.593	2011	12
m	Rr	4779	0.511	2011	11
m	Rr	5117	0.547	2011	10
m	Rr	5431	0.581	2011	09
m	Rr	6256	0.669	2011	08
m	Rr	5699	0.609	2011	07
m	Rr	5420	0.580	2011	06
m	Rr	3975	0.425	2011	05
m	Rr	0	0.000	2011	04
m	Rr	3608	0.386	2011	03
m	Rr	5171	0.553	2011	02
m	Rr	6011	0.643	2011	01
m	Rr	1603	0.171	2010	12
m	Rr	0	0.000	2010	11
m	Rr	0	0.000	2010	10
m	Rr	0	0.000	2010	09
m	Rr	0	0.000	2010	08
m	Rr	0	0.000	2010	07
m	Rr	4101	0.439	2010	06
m	Rr	5018	0.537	2010	05
m	Rr	4928	0.527	2010	04
m	Rr	5095	0.545	2010	03
m	Rr	1394	0.149	2010	02
m	Rr	0	0.000	2010	01
m	Rr	4665	0.499	2009	12
m	Rr	6187	0.662	2009	11
m	Rr	5498	0.588	2009	10
m	Rr	5066	0.542	2009	09
m	Rr	5718	0.611	2009	08
m	Rr	7436	0.795	2009	07
m	Rr	5685	0.608	2009	06
m	Rr	6120	0.654	2009	05
m	Rr	5310	0.568	2009	04
m	Rr	5515	0.590	2009	03
m	Rr	6123	0.655	2009	02
m	Rr	6387	0.683	2009	01
m	Rr	5763	0.616	2008	12
m	Rr	5420	0.580	2008	11
m	Rr	4722	0.505	2008	10
m	Rr	5435	0.581	2008	09
m	Rr	4843	0.518	2008	08
m	Rr	5382	0.576	2008	07
m	Rr	6082	0.650	2008	06
m	Rr	9946	1.064	2008	05
m	Rr	6420	0.686	2008	04
m	Rr	5431	0.581	2008	03
m	Rr	6469	0.692	2008	02
m	Rr	5907	0.632	2008	01
m	Rr	1700	0.182	2007	12
m	*BT	R	15229	2014	02
W	Rr	2709	0.290	2021	04	04
W	Rr	1942	0.208	2021	03	28
W	Rr	1666	0.178	2021	03	21
W	Rr	1476	0.158	2021	03	14
W	Rr	1713	0.183	2021	03	07
W	Rr	1777	0.190	2021	02	28
W	Rr	1173	0.125	2021	02	21
W	Rr	1101	0.118	2021	02	14
W	Rr	1699	0.182	2021	02	07
W	Rr	1867	0.200	2021	01	31
W	Rr	1404	0.150	2021	01	24
W	Rr	1564	0.167	2021	01	17
W	Rr	1431	0.153	2021	01	10
W	Rr	1666	0.178	2021	01	03
W	Rr	1926	0.206	2020	12	27
W	Rr	1572	0.168	2020	12	20
W	Rr	1404	0.150	2020	12	13
W	Rr	2272	0.243	2020	12	06
W	Rr	1522	0.163	2020	11	29
W	Rr	1722	0.184	2020	11	22
W	Rr	1580	0.169	2020	11	15
W	Rr	1401	0.150	2020	11	08
W	Rr	1499	0.160	2020	11	01
W	Rr	1470	0.157	2020	10	25
W	Rr	2379	0.254	2020	10	18
W	Rr	1559	0.167	2020	10	11
W	Rr	1729	0.185	2020	10	04
W	Rr	1674	0.179	2020	09	27
W	Rr	1786	0.191	2020	09	20
W	Rr	2200	0.235	2020	09	13
W	Rr	1677	0.179	2020	09	06
W	Rr	1596	0.171	2020	08	30
W	Rr	1833	0.196	2020	08	23
W	Rr	1814	0.194	2020	08	16
W	Rr	2206	0.236	2020	08	09
W	Rr	1397	0.149	2020	08	02
W	Rr	1816	0.194	2020	07	26
W	Rr	1949	0.208	2020	07	19
W	Rr	1532	0.164	2020	07	12
W	Rr	1976	0.211	2020	07	05
W	Rr	1600	0.171	2020	06	28
W	Rr	1627	0.174	2020	06	21
W	Rr	2101	0.225	2020	06	14
W	Rr	1590	0.170	2020	06	07
W	Rr	1492	0.160	2020	05	31
W	Rr	1556	0.166	2020	05	24
W	Rr	1756	0.188	2020	05	17
W	Rr	1568	0.168	2020	05	10
W	Rr	1567	0.168	2020	05	03
W	Rr	1734	0.185	2020	04	26
W	Rr	1675	0.179	2020	04	19
W	Rr	1702	0.182	2020	04	12
W	Rr	1965	0.210	2020	04	05
W	Rr	1329	0.142	2020	03	29
W	Rr	1818	0.194	2020	03	22
W	Rr	1345	0.144	2020	03	15
W	Rr	1581	0.169	2020	03	08
W	Rr	2014	0.215	2020	03	01
W	Rr	1942	0.208	2020	02	23
W	Rr	1748	0.187	2020	02	16
W	Rr	1949	0.208	2020	02	09
W	Rr	1683	0.180	2020	02	02
W	Rr	1436	0.154	2020	01	26
W	Rr	1792	0.192	2020	01	19
W	Rr	1519	0.162	2020	01	12
W	Rr	1420	0.152	2020	01	05
W	Rr	1109	0.119	2019	12	29
W	Rr	1023	0.109	2019	12	22
W	Rr	1584	0.169	2019	12	15
W	Rr	1783	0.191	2019	12	08
W	Rr	1704	0.182	2019	12	01
W	Rr	1178	0.126	2019	11	24
W	Rr	1697	0.181	2019	11	17
W	Rr	1510	0.161	2019	11	10
W	Rr	1383	0.148	2019	11	03
W	Rr	1309	0.140	2019	10	27
W	Rr	1473	0.158	2019	10	20
W	Rr	1519	0.162	2019	10	13
W	Rr	1485	0.159	2019	10	06
W	Rr	1416	0.151	2019	09	29
W	Rr	1499	0.160	2019	09	22
W	Rr	1652	0.177	2019	09	15
W	Rr	1710	0.183	2019	09	08
W	Rr	1485	0.159	2019	09	01
W	Rr	1689	0.181	2019	08	25
W	Rr	1315	0.141	2019	08	18
W	Rr	1619	0.173	2019	08	11
W	Rr	1558	0.167	2019	08	04
W	Rr	1360	0.145	2019	07	28
W	Rr	1191	0.127	2019	07	21
W	Rr	1730	0.185	2019	07	14
W	Rr	1299	0.139	2019	07	07
W	Rr	1339	0.143	2019	06	30
W	Rr	1592	0.170	2019	06	23
W	Rr	1497	0.160	2019	06	16
W	Rr	1450	0.155	2019	06	09
W	Rr	1555	0.166	2019	06	02
W	Rr	1289	0.138	2019	05	26
W	Rr	1863	0.199	2019	05	19
W	Rr	1385	0.148	2019	05	12
W	Rr	1553	0.166	2019	05	05
W	Rr	1655	0.177	2019	04	28
W	Rr	1282	0.137	2019	04	21
W	Rr	1503	0.161	2019	04	14
W	Rr	1623	0.174	2019	04	07
W	Rr	1715	0.183	2019	03	31
W	Rr	1882	0.201	2019	03	24
W	Rr	1464	0.157	2019	03	17
W	Rr	1381	0.148	2019	03	10
W	Rr	1627	0.174	2019	03	03
W	Rr	1773	0.190	2019	02	24
W	Rr	1669	0.178	2019	02	17
W	Rr	1483	0.159	2019	02	10
W	Rr	1391	0.149	2019	02	03
W	Rr	1797	0.192	2019	01	27
W	Rr	1963	0.210	2019	01	20
W	Rr	2029	0.217	2019	01	13
W	Rr	1696	0.181	2019	01	06
W	Rr	1526	0.163	2018	12	30
W	Rr	1226	0.131	2018	12	23
W	Rr	1442	0.154	2018	12	16
W	Rr	1936	0.207	2018	12	09
W	Rr	1809	0.193	2018	12	02
W	Rr	1295	0.138	2018	11	25
W	Rr	1820	0.195	2018	11	18
W	Rr	1802	0.193	2018	11	11
W	Rr	0	0.000	2018	11	04
W	Rr	1473	0.158	2018	10	28
W	Rr	1106	0.118	2018	10	21
W	Rr	1427	0.153	2018	10	14
W	Rr	1214	0.130	2018	10	07
W	Rr	1168	0.125	2018	09	30
W	Rr	1420	0.152	2018	09	23
W	Rr	1197	0.128	2018	09	16
W	Rr	1388	0.148	2018	09	09
W	Rr	1320	0.141	2018	09	02
W	Rr	1246	0.133	2018	08	26
W	Rr	1214	0.130	2018	08	19
W	Rr	1366	0.146	2018	08	12
W	Rr	1195	0.128	2018	08	05
W	Rr	1346	0.144	2018	07	29
W	Rr	1374	0.147	2018	07	22
W	Rr	1508	0.161	2018	07	15
W	Rr	1522	0.163	2018	07	08
W	Rr	909	0.097	2018	07	01
W	Rr	1444	0.154	2018	06	24
W	Rr	2682	0.287	2018	06	17
W	Rr	1365	0.146	2018	06	10
W	Rr	1329	0.142	2018	06	03
W	Rr	1275	0.136	2018	05	27
W	Rr	1392	0.149	2018	05	20
W	Rr	1321	0.141	2018	05	13
W	Rr	1527	0.163	2018	05	06
W	Rr	1517	0.162	2018	04	29
W	Rr	0	0.000	2018	04	22
W	Rr	1364	0.146	2018	04	15
W	Rr	1712	0.183	2018	04	08
W	Rr	0	0.000	2018	04	01
W	Rr	1543	0.165	2018	03	25
W	Rr	1342	0.144	2018	03	18
W	Rr	2429	0.260	2018	03	11
W	Rr	0	0.000	2018	03	04
W	Rr	1366	0.146	2018	02	25
W	Rr	1308	0.140	2018	02	18
W	Rr	1439	0.154	2018	02	11
W	Rr	1731	0.185	2018	02	04
W	Rr	0	0.000	2018	01	28
W	Rr	1434	0.153	2018	01	21
W	Rr	1578	0.169	2018	01	14
W	Rr	1471	0.157	2018	01	07
W	Rr	1246	0.133	2017	12	31
W	Rr	1033	0.110	2017	12	24
W	Rr	1103	0.118	2017	12	17
W	Rr	1406	0.150	2017	12	10
W	Rr	0	0.000	2017	12	03
W	Rr	1335	0.143	2017	11	26
W	Rr	1427	0.153	2017	11	19
W	Rr	1662	0.178	2017	11	12
W	Rr	1414	0.151	2017	11	05
W	Rr	1349	0.144	2017	10	29
W	Rr	1208	0.129	2017	10	22
W	Rr	2013	0.215	2017	10	15
W	Rr	1832	0.196	2017	10	08
W	Rr	0	0.000	2017	10	01
W	Rr	0	0.000	2017	09	24
W	Rr	0	0.000	2017	09	17
W	Rr	0	0.000	2017	09	10
W	Rr	0	0.000	2017	09	03
W	Rr	0	0.000	2017	08	27
W	Rr	0	0.000	2017	08	20
W	Rr	0	0.000	2017	08	13
W	Rr	0	0.000	2017	08	06
W	Rr	0	0.000	2017	07	30
W	Rr	0	0.000	2017	07	23
W	Rr	0	0.000	2017	07	16
W	Rr	0	0.000	2017	07	09
W	Rr	0	0.000	2017	07	02
W	Rr	0	0.000	2017	06	25
W	Rr	0	0.000	2017	06	18
W	Rr	0	0.000	2017	06	11
W	Rr	0	0.000	2017	06	04
W	Rr	25	0.003	2017	05	28
W	Rr	1838	0.197	2017	05	21
W	Rr	1915	0.205	2017	05	14
W	Rr	1676	0.179	2017	05	07
W	Rr	1677	0.179	2017	04	30
W	Rr	2071	0.221	2017	04	23
W	Rr	1978	0.212	2017	04	16
W	Rr	1874	0.200	2017	04	09
W	Rr	3435	0.367	2017	04	02
W	Rr	2619	0.280	2017	03	26
W	Rr	2633	0.282	2017	03	19
W	Rr	2413	0.258	2017	03	12
W	Rr	3092	0.331	2017	03	05
W	Rr	2295	0.245	2017	02	26
W	Rr	2204	0.236	2017	02	19
W	Rr	1869	0.200	2017	02	12
W	Rr	1973	0.211	2017	02	05
W	Rr	1783	0.191	2017	01	29
W	Rr	1768	0.189	2017	01	22
W	Rr	1585	0.169	2017	01	15
W	Rr	1768	0.189	2017	01	08
W	Rr	1740	0.186	2017	01	01
W	Rr	1549	0.166	2016	12	25
W	Rr	2202	0.235	2016	12	18
W	Rr	1812	0.194	2016	12	11
W	Rr	2648	0.283	2016	12	04
W	Rr	2236	0.239	2016	11	27
W	Rr	1321	0.141	2016	11	20
W	Rr	1996	0.213	2016	11	13
W	Rr	1716	0.183	2016	11	06
W	Rr	1564	0.167	2016	10	30
W	Rr	1362	0.146	2016	10	23
W	Rr	1707	0.183	2016	10	16
W	Rr	1696	0.181	2016	10	09
W	Rr	36	0.004	2016	10	02
W	Rr	2002	0.214	2016	09	25
W	Rr	1399	0.150	2016	09	18
W	Rr	1199	0.128	2016	09	11
W	Rr	1326	0.142	2016	09	04
W	Rr	1316	0.141	2016	08	28
W	Rr	1257	0.134	2016	08	21
W	Rr	1208	0.129	2016	08	14
W	Rr	1602	0.171	2016	08	07
W	Rr	1319	0.141	2016	07	31
W	Rr	1796	0.192	2016	07	24
W	Rr	1171	0.125	2016	07	17
W	Rr	1167	0.125	2016	07	10
W	Rr	917	0.098	2016	07	03
W	Rr	920	0.098	2016	06	26
W	Rr	1179	0.126	2016	06	19
W	Rr	1288	0.138	2016	06	12
W	Rr	1237	0.132	2016	06	05
W	Rr	1263	0.135	2016	05	29
W	Rr	1338	0.143	2016	05	22
W	Rr	1184	0.127	2016	05	15
W	Rr	1365	0.146	2016	05	08
W	Rr	974	0.104	2016	05	01
W	Rr	1311	0.140	2016	04	24
W	Rr	1127	0.121	2016	04	17
W	Rr	1248	0.133	2016	04	10
W	Rr	1451	0.155	2016	04	03
W	Rr	987	0.106	2016	03	27
W	Rr	1233	0.132	2016	03	20
W	Rr	1347	0.144	2016	03	13
W	Rr	1347	0.144	2016	03	06
W	Rr	1236	0.132	2016	02	28
W	Rr	1422	0.152	2016	02	21
W	Rr	1085	0.116	2016	02	14
W	Rr	1427	0.153	2016	02	07
W	Rr	1359	0.145	2016	01	31
W	Rr	1708	0.183	2016	01	24
W	Rr	1476	0.158	2016	01	17
W	Rr	1563	0.167	2016	01	10
W	Rr	1381	0.148	2016	01	03
W	Rr	1273	0.136	2015	12	27
W	Rr	1084	0.116	2015	12	20
W	Rr	1344	0.144	2015	12	13
W	Rr	1336	0.143	2015	12	06
W	Rr	1123	0.120	2015	11	29
W	Rr	960	0.103	2015	11	22
W	Rr	1337	0.143	2015	11	15
W	Rr	1400	0.150	2015	11	08
W	Rr	1383	0.148	2015	11	01
W	Rr	1250	0.134	2015	10	25
W	Rr	1366	0.146	2015	10	18
W	Rr	1367	0.146	2015	10	11
W	Rr	1214	0.130	2015	10	04
W	Rr	1152	0.123	2015	09	27
W	Rr	1387	0.148	2015	09	20
W	Rr	1655	0.177	2015	09	13
W	Rr	1526	0.163	2015	09	06
W	Rr	1242	0.133	2015	08	30
W	Rr	1800	0.192	2015	08	23
W	Rr	1527	0.163	2015	08	16
W	Rr	1386	0.148	2015	08	09
W	Rr	1593	0.170	2015	08	02
W	Rr	1567	0.168	2015	07	26
W	Rr	1980	0.212	2015	07	19
W	Rr	2180	0.233	2015	07	12
W	Rr	2008	0.215	2015	07	05
W	Rr	2297	0.246	2015	06	28
W	Rr	1556	0.166	2015	06	21
W	Rr	1380	0.148	2015	06	14
W	Rr	2013	0.215	2015	06	07
W	Rr	1651	0.177	2015	05	31
W	Rr	1224	0.131	2015	05	24
W	Rr	1355	0.145	2015	05	17
W	Rr	1179	0.126	2015	05	10
W	Rr	1436	0.154	2015	05	03
W	Rr	1671	0.179	2015	04	26
W	Rr	1878	0.201	2015	04	19
W	Rr	2326	0.249	2015	04	12
W	Rr	2636	0.282	2015	04	05
W	Rr	2297	0.246	2015	03	29
W	Rr	1237	0.132	2015	03	22
W	Rr	1453	0.155	2015	03	15
W	Rr	1399	0.150	2015	03	08
W	Rr	1287	0.138	2015	03	01
W	Rr	1249	0.134	2015	02	22
W	Rr	1373	0.147	2015	02	15
W	Rr	1790	0.191	2015	02	08
W	Rr	1672	0.179	2015	02	01
W	Rr	1543	0.165	2015	01	25
W	Rr	1463	0.156	2015	01	18
W	Rr	1696	0.181	2015	01	11
W	Rr	1707	0.183	2015	01	04
W	Rr	1833	0.196	2014	12	28
W	Rr	1335	0.143	2014	12	21
W	Rr	1644	0.176	2014	12	14
W	Rr	1541	0.165	2014	12	07
W	Rr	1335	0.143	2014	11	30
W	Rr	1262	0.135	2014	11	23
W	Rr	2009	0.215	2014	11	16
W	Rr	1566	0.167	2014	11	09
W	Rr	1814	0.194	2014	11	02
W	Rr	1452	0.155	2014	10	26
W	Rr	1642	0.176	2014	10	19
W	Rr	1795	0.192	2014	10	12
W	Rr	1836	0.196	2014	10	05
W	Rr	1662	0.178	2014	09	28
W	Rr	1843	0.197	2014	09	21
W	Rr	1678	0.179	2014	09	14
W	Rr	1598	0.171	2014	09	07
W	Rr	1418	0.152	2014	08	31
W	Rr	1584	0.169	2014	08	24
W	Rr	1571	0.168	2014	08	17
W	Rr	1727	0.185	2014	08	10
W	Rr	1927	0.206	2014	08	03
W	Rr	1691	0.181	2014	07	27
W	Rr	1702	0.182	2014	07	20
W	Rr	1624	0.174	2014	07	13
W	Rr	1831	0.196	2014	07	06
W	Rr	1867	0.200	2014	06	29
W	Rr	1927	0.206	2014	06	22
W	Rr	2134	0.228	2014	06	15
W	Rr	4851	0.519	2014	06	08
W	Rr	2293	0.245	2014	06	01
W	Rr	3180	0.340	2014	05	25
W	Rr	1468	0.157	2014	05	18
W	Rr	1808	0.193	2014	05	11
W	Rr	1998	0.214	2014	05	04
W	Rr	1876	0.201	2014	04	27
W	Rr	2330	0.249	2014	04	20
W	Rr	2565	0.274	2014	04	13
W	Rr	2652	0.284	2014	04	06
W	Rr	2574	0.275	2014	03	30
W	Rr	1186	0.127	2014	03	23
W	Rr	1305	0.140	2014	03	16
W	Rr	2273	0.243	2014	03	09
W	Rr	2231	0.239	2014	03	02
W	Rr	1925	0.206	2014	02	23
W	Rr	7060	0.755	2014	02	16
W	Rr	2854	0.305	2014	02	09
W	Rr	3190	0.341	2014	02	02
W	Rr	3743	0.400	2014	01	26
W	Rr	3643	0.390	2014	01	19
W	Rr	2961	0.317	2014	01	12
W	Rr	2319	0.248	2014	01	05
W	Rr	981	0.105	2013	12	29
W	Rr	1108	0.118	2013	12	22
W	Rr	1226	0.131	2013	12	15
W	Rr	1285	0.137	2013	12	08
W	Rr	1289	0.138	2013	12	01
W	Rr	1404	0.150	2013	11	24
W	Rr	1142	0.122	2013	11	17
W	Rr	1334	0.143	2013	11	10
W	Rr	1277	0.137	2013	11	03
W	Rr	1035	0.111	2013	10	27
W	Rr	1309	0.140	2013	10	20
W	Rr	1302	0.139	2013	10	13
W	Rr	1432	0.153	2013	10	06
W	Rr	1178	0.126	2013	09	29
W	Rr	947	0.101	2013	09	22
W	Rr	1254	0.134	2013	09	15
W	Rr	1099	0.118	2013	09	08
W	Rr	1053	0.113	2013	09	01
W	Rr	1010	0.108	2013	08	25
W	Rr	1102	0.118	2013	08	18
W	Rr	1063	0.114	2013	08	11
W	Rr	1105	0.118	2013	08	04
W	Rr	1377	0.147	2013	07	28
W	Rr	1498	0.160	2013	07	21
W	Rr	1295	0.138	2013	07	14
W	Rr	1237	0.132	2013	07	07
W	Rr	1003	0.107	2013	06	30
W	Rr	1275	0.136	2013	06	23
W	Rr	1072	0.115	2013	06	16
W	Rr	1249	0.134	2013	06	09
W	Rr	1521	0.163	2013	06	02
W	Rr	1256	0.134	2013	05	26
W	Rr	1091	0.117	2013	05	19
W	Rr	1359	0.145	2013	05	12
W	Rr	1130	0.121	2013	05	05
W	Rr	1215	0.130	2013	04	28
W	Rr	1368	0.146	2013	04	21
W	Rr	1318	0.141	2013	04	14
W	Rr	1408	0.151	2013	04	07
W	Rr	1277	0.137	2013	03	31
W	Rr	1452	0.155	2013	03	24
W	Rr	1418	0.152	2013	03	17
W	Rr	1217	0.130	2013	03	10
W	Rr	1490	0.159	2013	03	03
W	Rr	1353	0.145	2013	02	24
W	Rr	1268	0.136	2013	02	17
W	Rr	1274	0.136	2013	02	10
W	Rr	1153	0.123	2013	02	03
W	Rr	1266	0.135	2013	01	27
W	Rr	1271	0.136	2013	01	20
W	Rr	1449	0.155	2013	01	13
W	Rr	1253	0.134	2013	01	06
W	Rr	1309	0.140	2012	12	30
W	Rr	1156	0.124	2012	12	23
W	Rr	1336	0.143	2012	12	16
W	Rr	1575	0.168	2012	12	09
W	Rr	1087	0.116	2012	12	02
W	Rr	1376	0.147	2012	11	25
W	Rr	1136	0.121	2012	11	18
W	Rr	1341	0.143	2012	11	11
W	Rr	1418	0.152	2012	11	04
W	Rr	1103	0.118	2012	10	28
W	Rr	1200	0.128	2012	10	21
W	Rr	1382	0.148	2012	10	14
W	Rr	1127	0.121	2012	10	07
W	Rr	1187	0.127	2012	09	30
W	Rr	1172	0.125	2012	09	23
W	Rr	1034	0.111	2012	09	16
W	Rr	944	0.101	2012	09	09
W	Rr	958	0.102	2012	09	02
W	Rr	734	0.078	2012	08	26
W	Rr	881	0.094	2012	08	19
W	Rr	874	0.093	2012	08	12
W	Rr	973	0.104	2012	08	05
W	Rr	1010	0.108	2012	07	29
W	Rr	943	0.101	2012	07	22
W	Rr	1089	0.116	2012	07	15
W	Rr	888	0.095	2012	07	08
W	Rr	845	0.090	2012	07	01
W	Rr	1070	0.114	2012	06	24
W	Rr	1050	0.112	2012	06	17
W	Rr	1271	0.136	2012	06	10
W	Rr	957	0.102	2012	06	03
W	Rr	1249	0.134	2012	05	27
W	Rr	1055	0.113	2012	05	20
W	Rr	1392	0.149	2012	05	13
W	Rr	1140	0.122	2012	05	06
W	Rr	1807	0.193	2012	04	29
W	Rr	1225	0.131	2012	04	22
W	Rr	1264	0.135	2012	04	15
W	Rr	1075	0.115	2012	04	08
W	Rr	1261	0.135	2012	04	01
W	Rr	1345	0.144	2012	03	25
W	Rr	1254	0.134	2012	03	18
W	Rr	1478	0.158	2012	03	11
W	Rr	1503	0.161	2012	03	04
W	Rr	1532	0.164	2012	02	26
W	Rr	1464	0.157	2012	02	19
W	Rr	1154	0.123	2012	02	12
W	Rr	1240	0.133	2012	02	05
W	Rr	1088	0.116	2012	01	29
W	Rr	1125	0.120	2012	01	22
W	Rr	60	0.006	2012	01	15
W	Rr	1472	0.157	2012	01	08
W	Rr	1122	0.120	2012	01	01
W	Rr	888	0.095	2011	12	25
W	Rr	1360	0.145	2011	12	18
W	Rr	1486	0.159	2011	12	11
W	Rr	1330	0.142	2011	12	04
W	Rr	1094	0.117	2011	11	27
W	Rr	1062	0.114	2011	11	20
W	Rr	1123	0.120	2011	11	13
W	Rr	975	0.104	2011	11	06
W	Rr	1264	0.135	2011	10	30
W	Rr	1140	0.122	2011	10	23
W	Rr	1211	0.129	2011	10	16
W	Rr	1236	0.132	2011	10	09
W	Rr	1128	0.121	2011	10	02
W	Rr	1083	0.116	2011	09	25
W	Rr	1451	0.155	2011	09	18
W	Rr	1278	0.137	2011	09	11
W	Rr	1219	0.130	2011	09	04
W	Rr	1316	0.141	2011	08	28
W	Rr	1119	0.120	2011	08	21
W	Rr	1484	0.159	2011	08	14
W	Rr	1671	0.179	2011	08	07
W	Rr	1319	0.141	2011	07	31
W	Rr	1197	0.128	2011	07	24
W	Rr	1504	0.161	2011	07	17
W	Rr	1367	0.146	2011	07	10
W	Rr	1205	0.129	2011	07	03
W	Rr	1333	0.143	2011	06	26
W	Rr	1059	0.113	2011	06	19
W	Rr	1353	0.145	2011	06	12
W	Rr	1275	0.136	2011	06	05
W	Rr	983	0.105	2011	05	29
W	Rr	1262	0.135	2011	05	22
W	Rr	1374	0.147	2011	05	15
W	Rr	1076	0.115	2011	05	08
W	Rr	0	0.000	2011	05	01
W	Rr	0	0.000	2011	04	24
W	Rr	0	0.000	2011	04	17
W	Rr	0	0.000	2011	04	10
W	Rr	0	0.000	2011	04	03
W	Rr	0	0.000	2011	03	27
W	Rr	24	0.003	2011	03	20
W	Rr	1317	0.141	2011	03	13
W	Rr	1258	0.135	2011	03	06
W	Rr	1372	0.147	2011	02	27
W	Rr	1226	0.131	2011	02	20
W	Rr	1524	0.163	2011	02	13
W	Rr	1366	0.146	2011	02	06
W	Rr	958	0.102	2011	01	30
W	Rr	1273	0.136	2011	01	23
W	Rr	1560	0.167	2011	01	16
W	Rr	1472	0.157	2011	01	09
W	Rr	1310	0.140	2011	01	02
W	Rr	798	0.085	2010	12	26
W	Rr	935	0.100	2010	12	19
W	Rr	0	0.000	2010	12	12
W	Rr	0	0.000	2010	12	05
W	Rr	0	0.000	2010	11	28
W	Rr	0	0.000	2010	11	21
W	Rr	0	0.000	2010	11	14
W	Rr	0	0.000	2010	11	07
W	Rr	0	0.000	2010	10	31
W	Rr	0	0.000	2010	10	24
W	Rr	0	0.000	2010	10	17
W	Rr	0	0.000	2010	10	10
W	Rr	0	0.000	2010	10	03
W	Rr	0	0.000	2010	09	26
W	Rr	0	0.000	2010	09	19
W	Rr	0	0.000	2010	09	12
W	Rr	0	0.000	2010	09	05
W	Rr	0	0.000	2010	08	29
W	Rr	0	0.000	2010	08	22
W	Rr	0	0.000	2010	08	15
W	Rr	0	0.000	2010	08	08
W	Rr	0	0.000	2010	08	01
W	Rr	0	0.000	2010	07	25
W	Rr	0	0.000	2010	07	18
W	Rr	0	0.000	2010	07	11
W	Rr	0	0.000	2010	07	04
W	Rr	15	0.002	2010	06	27
W	Rr	914	0.098	2010	06	20
W	Rr	1104	0.118	2010	06	13
W	Rr	1096	0.117	2010	06	06
W	Rr	1171	0.125	2010	05	30
W	Rr	1115	0.119	2010	05	23
W	Rr	1170	0.125	2010	05	16
W	Rr	1334	0.143	2010	05	09
W	Rr	1109	0.119	2010	05	02
W	Rr	1067	0.114	2010	04	25
W	Rr	1212	0.130	2010	04	18
W	Rr	1054	0.113	2010	04	11
W	Rr	1325	0.142	2010	04	04
W	Rr	811	0.087	2010	03	28
W	Rr	1195	0.128	2010	03	21
W	Rr	1338	0.143	2010	03	14
W	Rr	1113	0.119	2010	03	07
W	Rr	1103	0.118	2010	02	28
W	Rr	1290	0.138	2010	02	21
W	Rr	0	0.000	2010	02	14
W	Rr	0	0.000	2010	02	07
W	Rr	0	0.000	2010	01	31
W	Rr	0	0.000	2010	01	24
W	Rr	0	0.000	2010	01	17
W	Rr	0	0.000	2010	01	10
W	Rr	0	0.000	2010	01	03
W	Rr	78	0.008	2009	12	27
W	Rr	945	0.101	2009	12	20
W	Rr	1140	0.122	2009	12	13
W	Rr	1323	0.141	2009	12	06
W	Rr	1518	0.162	2009	11	29
W	Rr	1352	0.145	2009	11	22
W	Rr	1346	0.144	2009	11	15
W	Rr	1416	0.151	2009	11	08
W	Rr	1734	0.185	2009	11	01
W	Rr	1035	0.111	2009	10	25
W	Rr	1297	0.139	2009	10	18
W	Rr	1267	0.135	2009	10	11
W	Rr	1440	0.154	2009	10	04
W	Rr	1521	0.163	2009	09	27
W	Rr	1121	0.120	2009	09	20
W	Rr	875	0.094	2009	09	13
W	Rr	1032	0.110	2009	09	06
W	Rr	1283	0.137	2009	08	30
W	Rr	1214	0.130	2009	08	23
W	Rr	1402	0.150	2009	08	16
W	Rr	1260	0.135	2009	08	09
W	Rr	1404	0.150	2009	08	02
W	Rr	1380	0.148	2009	07	26
W	Rr	1470	0.157	2009	07	19
W	Rr	1750	0.187	2009	07	12
W	Rr	1847	0.198	2009	07	05
W	Rr	1889	0.202	2009	06	28
W	Rr	1312	0.140	2009	06	21
W	Rr	1093	0.117	2009	06	14
W	Rr	1363	0.146	2009	06	07
W	Rr	1251	0.134	2009	05	31
W	Rr	1352	0.145	2009	05	24
W	Rr	1133	0.121	2009	05	17
W	Rr	1887	0.202	2009	05	10
W	Rr	1369	0.146	2009	05	03
W	Rr	1089	0.116	2009	04	26
W	Rr	1160	0.124	2009	04	19
W	Rr	1189	0.127	2009	04	12
W	Rr	1529	0.163	2009	04	05
W	Rr	1155	0.124	2009	03	29
W	Rr	1230	0.132	2009	03	22
W	Rr	1029	0.110	2009	03	15
W	Rr	1234	0.132	2009	03	08
W	Rr	1486	0.159	2009	03	01
W	Rr	1470	0.157	2009	02	22
W	Rr	1198	0.128	2009	02	15
W	Rr	1802	0.193	2009	02	08
W	Rr	1653	0.177	2009	02	01
W	Rr	1346	0.144	2009	01	25
W	Rr	1431	0.153	2009	01	18
W	Rr	1678	0.179	2009	01	11
W	Rr	1591	0.170	2009	01	04
W	Rr	886	0.095	2008	12	28
W	Rr	1148	0.123	2008	12	21
W	Rr	1428	0.153	2008	12	14
W	Rr	1508	0.161	2008	12	07
W	Rr	1194	0.128	2008	11	30
W	Rr	1070	0.114	2008	11	23
W	Rr	1396	0.149	2008	11	16
W	Rr	1255	0.134	2008	11	09
W	Rr	1314	0.141	2008	11	02
W	Rr	1397	0.149	2008	10	26
W	Rr	1638	0.175	2008	10	19
W	Rr	1298	0.139	2008	10	12
W	Rr	430	0.046	2008	10	05
W	Rr	723	0.077	2008	09	28
W	Rr	1308	0.140	2008	09	21
W	Rr	1242	0.133	2008	09	14
W	Rr	1409	0.151	2008	09	07
W	Rr	1142	0.122	2008	08	31
W	Rr	1022	0.109	2008	08	24
W	Rr	1062	0.114	2008	08	17
W	Rr	1188	0.127	2008	08	10
W	Rr	1232	0.132	2008	08	03
W	Rr	1050	0.112	2008	07	27
W	Rr	1272	0.136	2008	07	20
W	Rr	1305	0.140	2008	07	13
W	Rr	1093	0.117	2008	07	06
W	Rr	1182	0.126	2008	06	29
W	Rr	1937	0.207	2008	06	22
W	Rr	1493	0.160	2008	06	15
W	Rr	1083	0.116	2008	06	08
W	Rr	1283	0.137	2008	06	01
W	Rr	1432	0.153	2008	05	25
W	Rr	1726	0.185	2008	05	18
W	Rr	1580	0.169	2008	05	11
W	Rr	2661	0.285	2008	05	04
W	Rr	3648	0.390	2008	04	27
W	Rr	1400	0.150	2008	04	20
W	Rr	1365	0.146	2008	04	13
W	Rr	1213	0.130	2008	04	06
W	Rr	1670	0.179	2008	03	30
W	Rr	1211	0.129	2008	03	23
W	Rr	1144	0.122	2008	03	16
W	Rr	1301	0.139	2008	03	09
W	Rr	1292	0.138	2008	03	02
W	Rr	1427	0.153	2008	02	24
W	Rr	2207	0.236	2008	02	17
W	Rr	1124	0.120	2008	02	10
W	Rr	1561	0.167	2008	02	03
W	Rr	1533	0.164	2008	01	27
W	Rr	1389	0.149	2008	01	20
W	Rr	1133	0.121	2008	01	13
W	Rr	1404	0.150	2008	01	06
W	Rr	976	0.104	2007	12	30
W	Rr	801	0.086	2007	12	23
W	Rr	675	0.072	2007	12	16
W	*BT	R	7060	2014	02	16
D	Rr	238	0.025	2021	04	09
D	Rr	359	0.038	2021	04	08
D	Rr	431	0.046	2021	04	07
D	Rr	389	0.042	2021	04	06
D	Rr	374	0.040	2021	04	05
D	Rr	918	0.098	2021	04	04
D	Rr	0	0.000	2021	04	03
D	Rr	249	0.027	2021	04	02
D	Rr	218	0.023	2021	04	01
D	Rr	550	0.059	2021	03	31
D	Rr	336	0.036	2021	03	30
D	Rr	273	0.029	2021	03	29
D	Rr	316	0.034	2021	03	28
D	Rr	0	0.000	2021	03	27
D	Rr	222	0.024	2021	03	26
D	Rr	269	0.029	2021	03	25
D	Rr	346	0.037	2021	03	24
D	Rr	369	0.039	2021	03	23
D	Rr	287	0.031	2021	03	22
D	Rr	173	0.018	2021	03	21
D	Rr	0	0.000	2021	03	20
D	Rr	308	0.033	2021	03	19
D	Rr	267	0.029	2021	03	18
D	Rr	148	0.016	2021	03	17
D	Rr	248	0.027	2021	03	16
D	Rr	263	0.028	2021	03	15
D	Rr	242	0.026	2021	03	14
D	Rr	0	0.000	2021	03	13
D	Rr	198	0.021	2021	03	12
D	Rr	274	0.029	2021	03	11
D	Rr	282	0.030	2021	03	10
D	Rr	279	0.030	2021	03	09
D	Rr	462	0.049	2021	03	08
D	Rr	218	0.023	2021	03	07
D	Rr	0	0.000	2021	03	06
D	Rr	233	0.025	2021	03	05
D	Rr	203	0.022	2021	03	04
D	Rr	516	0.055	2021	03	03
D	Rr	296	0.032	2021	03	02
D	Rr	370	0.040	2021	03	01
D	Rr	159	0.017	2021	02	28
D	Rr	0	0.000	2021	02	27
D	*BT	R	2131	2008	05	03
d	Rr	111158	11.886	Sun
d	Rr	149572	15.994	Mon
d	Rr	152155	16.270	Tue
d	Rr	150313	16.073	Wed
d	Rr	152148	16.269	Thu
d	Rr	142815	15.271	Fri
d	Rr	77024	8.236	Sat
H	Rr	12	0.001	2021	04	09	23
H	Rr	6	0.001	2021	04	09	22
H	Rr	11	0.001	2021	04	09	21
H	Rr	6	0.001	2021	04	09	20
H	Rr	13	0.001	2021	04	09	19
H	Rr	15	0.002	2021	04	09	18
H	Rr	6	0.001	2021	04	09	17
H	Rr	7	0.001	2021	04	09	16
H	Rr	15	0.002	2021	04	09	15
H	Rr	11	0.001	2021	04	09	14
H	Rr	9	0.001	2021	04	09	13
H	Rr	5	0.001	2021	04	09	12
H	Rr	5	0.001	2021	04	09	11
H	Rr	14	0.001	2021	04	09	10
H	Rr	10	0.001	2021	04	09	09
H	Rr	6	0.001	2021	04	09	08
H	Rr	13	0.001	2021	04	09	07
H	Rr	26	0.003	2021	04	09	06
H	Rr	1	0.000	2021	04	09	05
H	Rr	6	0.001	2021	04	09	04
H	Rr	5	0.001	2021	04	09	03
H	Rr	8	0.001	2021	04	09	02
H	Rr	26	0.003	2021	04	09	01
H	Rr	2	0.000	2021	04	09	00
H	Rr	11	0.001	2021	04	08	23
H	Rr	4	0.000	2021	04	08	22
H	Rr	12	0.001	2021	04	08	21
H	Rr	15	0.002	2021	04	08	20
H	Rr	14	0.001	2021	04	08	19
H	Rr	16	0.002	2021	04	08	18
H	Rr	37	0.004	2021	04	08	17
H	Rr	28	0.003	2021	04	08	16
H	Rr	11	0.001	2021	04	08	15
H	Rr	13	0.001	2021	04	08	14
H	Rr	11	0.001	2021	04	08	13
H	Rr	8	0.001	2021	04	08	12
H	Rr	4	0.000	2021	04	08	11
H	Rr	27	0.003	2021	04	08	10
H	Rr	8	0.001	2021	04	08	09
H	Rr	13	0.001	2021	04	08	08
H	Rr	9	0.001	2021	04	08	07
H	Rr	11	0.001	2021	04	08	06
H	Rr	32	0.003	2021	04	08	05
H	Rr	11	0.001	2021	04	08	04
H	Rr	8	0.001	2021	04	08	03
H	Rr	37	0.004	2021	04	08	02
H	Rr	14	0.001	2021	04	08	01
H	Rr	5	0.001	2021	04	08	00
H	Rr	8	0.001	2021	04	07	23
H	Rr	6	0.001	2021	04	07	22
H	Rr	4	0.000	2021	04	07	21
H	Rr	20	0.002	2021	04	07	20
H	Rr	49	0.005	2021	04	07	19
H	Rr	11	0.001	2021	04	07	18
H	Rr	8	0.001	2021	04	07	17
H	Rr	135	0.014	2021	04	07	16
H	Rr	4	0.000	2021	04	07	15
H	Rr	4	0.000	2021	04	07	14
H	Rr	12	0.001	2021	04	07	13
H	Rr	5	0.001	2021	04	07	12
H	Rr	13	0.001	2021	04	07	11
H	Rr	3	0.000	2021	04	07	10
H	Rr	10	0.001	2021	04	07	09
H	Rr	7	0.001	2021	04	07	08
H	Rr	8	0.001	2021	04	07	07
H	Rr	39	0.004	2021	04	07	06
H	Rr	26	0.003	2021	04	07	05
H	Rr	10	0.001	2021	04	07	04
H	Rr	5	0.001	2021	04	07	03
H	Rr	24	0.003	2021	04	07	02
H	Rr	15	0.002	2021	04	07	01
H	Rr	5	0.001	2021	04	07	00
H	*BT	R	750	2020	12	11	23
h	Rr	37179	3.976	00
h	Rr	35729	3.821	01
h	Rr	36568	3.910	02
h	Rr	35801	3.828	03
h	Rr	35087	3.752	04
h	Rr	33075	3.537	05
h	Rr	32737	3.501	06
h	Rr	32066	3.429	07
h	Rr	31053	3.321	08
h	Rr	29604	3.166	09
h	Rr	29524	3.157	10
h	Rr	32466	3.472	11
h	Rr	33332	3.564	12
h	Rr	35386	3.784	13
h	Rr	40946	4.378	14
h	Rr	45258	4.839	15
h	Rr	49403	5.283	16
h	Rr	49162	5.257	17
h	Rr	50469	5.397	18
h	Rr	50102	5.357	19
h	Rr	50106	5.358	20
h	Rr	46722	4.996	21
h	Rr	42972	4.595	22
h	Rr	40438	4.324	23
4	Rr	3	0.000	2021	04	09	23	45
4	Rr	1	0.000	2021	04	09	23	30
4	Rr	6	0.001	2021	04	09	23	15
4	Rr	2	0.000	2021	04	09	23	00
4	Rr	2	0.000	2021	04	09	22	45
4	Rr	0	0.000	2021	04	09	22	30
4	Rr	2	0.000	2021	04	09	22	15
4	Rr	2	0.000	2021	04	09	22	00
4	Rr	1	0.000	2021	04	09	21	45
4	Rr	1	0.000	2021	04	09	21	30
4	Rr	6	0.001	2021	04	09	21	15
4	Rr	3	0.000	2021	04	09	21	00
4	Rr	1	0.000	2021	04	09	20	45
4	Rr	3	0.000	2021	04	09	20	30
4	Rr	1	0.000	2021	04	09	20	15
4	Rr	1	0.000	2021	04	09	20	00
4	Rr	2	0.000	2021	04	09	19	45
4	Rr	1	0.000	2021	04	09	19	30
4	Rr	3	0.000	2021	04	09	19	15
4	Rr	7	0.001	2021	04	09	19	00
4	Rr	2	0.000	2021	04	09	18	45
4	Rr	6	0.001	2021	04	09	18	30
4	Rr	2	0.000	2021	04	09	18	15
4	Rr	5	0.001	2021	04	09	18	00
4	Rr	0	0.000	2021	04	09	17	45
4	Rr	3	0.000	2021	04	09	17	30
4	Rr	2	0.000	2021	04	09	17	15
4	Rr	1	0.000	2021	04	09	17	00
4	Rr	2	0.000	2021	04	09	16	45
4	Rr	2	0.000	2021	04	09	16	30
4	Rr	1	0.000	2021	04	09	16	15
4	Rr	2	0.000	2021	04	09	16	00
4	Rr	0	0.000	2021	04	09	15	45
4	Rr	0	0.000	2021	04	09	15	30
4	Rr	14	0.001	2021	04	09	15	15
4	Rr	1	0.000	2021	04	09	15	00
4	Rr	6	0.001	2021	04	09	14	45
4	Rr	1	0.000	2021	04	09	14	30
4	Rr	1	0.000	2021	04	09	14	15
4	Rr	3	0.000	2021	04	09	14	00
4	Rr	2	0.000	2021	04	09	13	45
4	Rr	0	0.000	2021	04	09	13	30
4	Rr	0	0.000	2021	04	09	13	15
4	Rr	7	0.001	2021	04	09	13	00
4	Rr	0	0.000	2021	04	09	12	45
4	Rr	4	0.000	2021	04	09	12	30
4	Rr	1	0.000	2021	04	09	12	15
4	Rr	0	0.000	2021	04	09	12	00
4	Rr	2	0.000	2021	04	09	11	45
4	Rr	0	0.000	2021	04	09	11	30
4	Rr	0	0.000	2021	04	09	11	15
4	Rr	3	0.000	2021	04	09	11	00
4	Rr	11	0.001	2021	04	09	10	45
4	Rr	1	0.000	2021	04	09	10	30
4	Rr	0	0.000	2021	04	09	10	15
4	Rr	2	0.000	2021	04	09	10	00
4	Rr	1	0.000	2021	04	09	09	45
4	Rr	0	0.000	2021	04	09	09	30
4	Rr	6	0.001	2021	04	09	09	15
4	Rr	3	0.000	2021	04	09	09	00
4	Rr	0	0.000	2021	04	09	08	45
4	Rr	3	0.000	2021	04	09	08	30
4	Rr	2	0.000	2021	04	09	08	15
4	Rr	1	0.000	2021	04	09	08	00
4	Rr	6	0.001	2021	04	09	07	45
4	Rr	2	0.000	2021	04	09	07	30
4	Rr	3	0.000	2021	04	09	07	15
4	Rr	2	0.000	2021	04	09	07	00
4	Rr	0	0.000	2021	04	09	06	45
4	Rr	19	0.002	2021	04	09	06	30
4	Rr	6	0.001	2021	04	09	06	15
4	Rr	1	0.000	2021	04	09	06	00
4	Rr	0	0.000	2021	04	09	05	45
4	Rr	0	0.000	2021	04	09	05	30
4	Rr	1	0.000	2021	04	09	05	15
4	Rr	0	0.000	2021	04	09	05	00
4	Rr	6	0.001	2021	04	09	04	45
4	Rr	0	0.000	2021	04	09	04	30
4	Rr	0	0.000	2021	04	09	04	15
4	Rr	0	0.000	2021	04	09	04	00
4	Rr	3	0.000	2021	04	09	03	45
4	Rr	0	0.000	2021	04	09	03	30
4	Rr	1	0.000	2021	04	09	03	15
4	Rr	1	0.000	2021	04	09	03	00
4	Rr	2	0.000	2021	04	09	02	45
4	Rr	2	0.000	2021	04	09	02	30
4	Rr	1	0.000	2021	04	09	02	15
4	Rr	3	0.000	2021	04	09	02	00
4	Rr	6	0.001	2021	04	09	01	45
4	Rr	12	0.001	2021	04	09	01	30
4	Rr	5	0.001	2021	04	09	01	15
4	Rr	3	0.000	2021	04	09	01	00
4	Rr	0	0.000	2021	04	09	00	45
4	Rr	0	0.000	2021	04	09	00	30
4	Rr	1	0.000	2021	04	09	00	15
4	Rr	1	0.000	2021	04	09	00	00
4	*BT	R	740	2020	10	18	06	00
6	Rr	9212	0.985	00	00
6	Rr	9305	0.995	00	15
6	Rr	9126	0.976	00	30
6	Rr	9536	1.020	00	45
6	Rr	8910	0.953	01	00
6	Rr	8971	0.959	01	15
6	Rr	9064	0.969	01	30
6	Rr	8784	0.939	01	45
6	Rr	8731	0.934	02	00
6	Rr	9575	1.024	02	15
6	Rr	9323	0.997	02	30
6	Rr	8939	0.956	02	45
6	Rr	8683	0.928	03	00
6	Rr	8443	0.903	03	15
6	Rr	8766	0.937	03	30
6	Rr	9909	1.060	03	45
6	Rr	8754	0.936	04	00
6	Rr	9339	0.999	04	15
6	Rr	8192	0.876	04	30
6	Rr	8802	0.941	04	45
6	Rr	7967	0.852	05	00
6	Rr	8779	0.939	05	15
6	Rr	8453	0.904	05	30
6	Rr	7876	0.842	05	45
6	Rr	8996	0.962	06	00
6	Rr	8110	0.867	06	15
6	Rr	8101	0.866	06	30
6	Rr	7530	0.805	06	45
6	Rr	8034	0.859	07	00
6	Rr	8537	0.913	07	15
6	Rr	8302	0.888	07	30
6	Rr	7193	0.769	07	45
6	Rr	7939	0.849	08	00
6	Rr	7586	0.811	08	15
6	Rr	8345	0.892	08	30
6	Rr	7183	0.768	08	45
6	Rr	7404	0.792	09	00
6	Rr	7596	0.812	09	15
6	Rr	7500	0.802	09	30
6	Rr	7104	0.760	09	45
6	Rr	7154	0.765	10	00
6	Rr	7176	0.767	10	15
6	Rr	7414	0.793	10	30
6	Rr	7780	0.832	10	45
6	Rr	9264	0.991	11	00
6	Rr	7551	0.807	11	15
6	Rr	7680	0.821	11	30
6	Rr	7971	0.852	11	45
6	Rr	9315	0.996	12	00
6	Rr	7772	0.831	12	15
6	Rr	8026	0.858	12	30
6	Rr	8219	0.879	12	45
6	Rr	8800	0.941	13	00
6	Rr	8710	0.931	13	15
6	Rr	9195	0.983	13	30
6	Rr	8681	0.928	13	45
6	Rr	9809	1.049	14	00
6	Rr	10211	1.092	14	15
6	Rr	10454	1.118	14	30
6	Rr	10472	1.120	14	45
6	Rr	10850	1.160	15	00
6	Rr	10799	1.155	15	15
6	Rr	11562	1.236	15	30
6	Rr	12047	1.288	15	45
6	Rr	12240	1.309	16	00
6	Rr	11894	1.272	16	15
6	Rr	12508	1.337	16	30
6	Rr	12761	1.365	16	45
6	Rr	12287	1.314	17	00
6	Rr	12179	1.302	17	15
6	Rr	12564	1.343	17	30
6	Rr	12132	1.297	17	45
6	Rr	12170	1.301	18	00
6	Rr	12831	1.372	18	15
6	Rr	12730	1.361	18	30
6	Rr	12738	1.362	18	45
6	Rr	13560	1.450	19	00
6	Rr	11835	1.266	19	15
6	Rr	12455	1.332	19	30
6	Rr	12252	1.310	19	45
6	Rr	12996	1.390	20	00
6	Rr	12404	1.326	20	15
6	Rr	11864	1.269	20	30
6	Rr	12842	1.373	20	45
6	Rr	12470	1.333	21	00
6	Rr	11563	1.236	21	15
6	Rr	11231	1.201	21	30
6	Rr	11458	1.225	21	45
6	Rr	10879	1.163	22	00
6	Rr	10919	1.168	22	15
6	Rr	10639	1.138	22	30
6	Rr	10535	1.127	22	45
6	Rr	10881	1.164	23	00
6	Rr	10728	1.147	23	15
6	Rr	9608	1.027	23	30
6	Rr	9221	0.986	23	45
5	Rr	1	0.000	2021	04	09	23	55
5	Rr	1	0.000	2021	04	09	23	50
5	Rr	1	0.000	2021	04	09	23	45
5	Rr	0	0.000	2021	04	09	23	40
5	Rr	0	0.000	2021	04	09	23	35
5	Rr	1	0.000	2021	04	09	23	30
5	Rr	5	0.001	2021	04	09	23	25
5	Rr	1	0.000	2021	04	09	23	20
5	Rr	0	0.000	2021	04	09	23	15
5	Rr	1	0.000	2021	04	09	23	10
5	Rr	1	0.000	2021	04	09	23	05
5	Rr	0	0.000	2021	04	09	23	00
5	Rr	0	0.000	2021	04	09	22	55
5	Rr	0	0.000	2021	04	09	22	50
5	Rr	2	0.000	2021	04	09	22	45
5	Rr	0	0.000	2021	04	09	22	40
5	Rr	0	0.000	2021	04	09	22	35
5	Rr	0	0.000	2021	04	09	22	30
5	Rr	0	0.000	2021	04	09	22	25
5	Rr	0	0.000	2021	04	09	22	20
5	Rr	2	0.000	2021	04	09	22	15
5	Rr	0	0.000	2021	04	09	22	10
5	Rr	2	0.000	2021	04	09	22	05
5	Rr	0	0.000	2021	04	09	22	00
5	Rr	1	0.000	2021	04	09	21	55
5	Rr	0	0.000	2021	04	09	21	50
5	Rr	0	0.000	2021	04	09	21	45
5	Rr	1	0.000	2021	04	09	21	40
5	Rr	0	0.000	2021	04	09	21	35
5	Rr	0	0.000	2021	04	09	21	30
5	Rr	0	0.000	2021	04	09	21	25
5	Rr	1	0.000	2021	04	09	21	20
5	Rr	5	0.001	2021	04	09	21	15
5	Rr	1	0.000	2021	04	09	21	10
5	Rr	2	0.000	2021	04	09	21	05
5	Rr	0	0.000	2021	04	09	21	00
5	Rr	1	0.000	2021	04	09	20	55
5	Rr	0	0.000	2021	04	09	20	50
5	Rr	0	0.000	2021	04	09	20	45
5	Rr	0	0.000	2021	04	09	20	40
5	Rr	2	0.000	2021	04	09	20	35
5	Rr	1	0.000	2021	04	09	20	30
5	Rr	0	0.000	2021	04	09	20	25
5	Rr	0	0.000	2021	04	09	20	20
5	Rr	1	0.000	2021	04	09	20	15
5	Rr	1	0.000	2021	04	09	20	10
5	Rr	0	0.000	2021	04	09	20	05
5	Rr	0	0.000	2021	04	09	20	00
5	Rr	0	0.000	2021	04	09	19	55
5	Rr	0	0.000	2021	04	09	19	50
5	Rr	2	0.000	2021	04	09	19	45
5	Rr	0	0.000	2021	04	09	19	40
5	Rr	1	0.000	2021	04	09	19	35
5	Rr	0	0.000	2021	04	09	19	30
5	Rr	2	0.000	2021	04	09	19	25
5	Rr	1	0.000	2021	04	09	19	20
5	Rr	0	0.000	2021	04	09	19	15
5	Rr	0	0.000	2021	04	09	19	10
5	Rr	0	0.000	2021	04	09	19	05
5	Rr	7	0.001	2021	04	09	19	00
5	Rr	2	0.000	2021	04	09	18	55
5	Rr	0	0.000	2021	04	09	18	50
5	Rr	0	0.000	2021	04	09	18	45
5	Rr	0	0.000	2021	04	09	18	40
5	Rr	0	0.000	2021	04	09	18	35
5	Rr	6	0.001	2021	04	09	18	30
5	Rr	1	0.000	2021	04	09	18	25
5	Rr	0	0.000	2021	04	09	18	20
5	Rr	1	0.000	2021	04	09	18	15
5	Rr	3	0.000	2021	04	09	18	10
5	Rr	1	0.000	2021	04	09	18	05
5	Rr	1	0.000	2021	04	09	18	00
5	Rr	0	0.000	2021	04	09	17	55
5	Rr	0	0.000	2021	04	09	17	50
5	Rr	0	0.000	2021	04	09	17	45
5	Rr	1	0.000	2021	04	09	17	40
5	Rr	0	0.000	2021	04	09	17	35
5	Rr	2	0.000	2021	04	09	17	30
5	Rr	0	0.000	2021	04	09	17	25
5	Rr	2	0.000	2021	04	09	17	20
5	Rr	0	0.000	2021	04	09	17	15
5	Rr	0	0.000	2021	04	09	17	10
5	Rr	0	0.000	2021	04	09	17	05
5	Rr	1	0.000	2021	04	09	17	00
5	Rr	0	0.000	2021	04	09	16	55
5	Rr	1	0.000	2021	04	09	16	50
5	Rr	1	0.000	2021	04	09	16	45
5	Rr	2	0.000	2021	04	09	16	40
5	Rr	0	0.000	2021	04	09	16	35
5	Rr	0	0.000	2021	04	09	16	30
5	Rr	1	0.000	2021	04	09	16	25
5	Rr	0	0.000	2021	04	09	16	20
5	Rr	0	0.000	2021	04	09	16	15
5	Rr	0	0.000	2021	04	09	16	10
5	Rr	1	0.000	2021	04	09	16	05
5	Rr	1	0.000	2021	04	09	16	00
5	Rr	0	0.000	2021	04	09	15	55
5	Rr	0	0.000	2021	04	09	15	50
5	Rr	0	0.000	2021	04	09	15	45
5	Rr	0	0.000	2021	04	09	15	40
5	Rr	0	0.000	2021	04	09	15	35
5	Rr	0	0.000	2021	04	09	15	30
5	Rr	0	0.000	2021	04	09	15	25
5	Rr	14	0.001	2021	04	09	15	20
5	Rr	0	0.000	2021	04	09	15	15
5	Rr	0	0.000	2021	04	09	15	10
5	Rr	0	0.000	2021	04	09	15	05
5	Rr	1	0.000	2021	04	09	15	00
5	Rr	0	0.000	2021	04	09	14	55
5	Rr	6	0.001	2021	04	09	14	50
5	Rr	0	0.000	2021	04	09	14	45
5	Rr	1	0.000	2021	04	09	14	40
5	Rr	0	0.000	2021	04	09	14	35
5	Rr	0	0.000	2021	04	09	14	30
5	Rr	1	0.000	2021	04	09	14	25
5	Rr	0	0.000	2021	04	09	14	20
5	Rr	0	0.000	2021	04	09	14	15
5	Rr	0	0.000	2021	04	09	14	10
5	Rr	0	0.000	2021	04	09	14	05
5	Rr	3	0.000	2021	04	09	14	00
5	Rr	0	0.000	2021	04	09	13	55
5	Rr	1	0.000	2021	04	09	13	50
5	Rr	1	0.000	2021	04	09	13	45
5	Rr	0	0.000	2021	04	09	13	40
5	Rr	0	0.000	2021	04	09	13	35
5	Rr	0	0.000	2021	04	09	13	30
5	Rr	0	0.000	2021	04	09	13	25
5	Rr	0	0.000	2021	04	09	13	20
5	Rr	0	0.000	2021	04	09	13	15
5	Rr	0	0.000	2021	04	09	13	10
5	Rr	0	0.000	2021	04	09	13	05
5	Rr	7	0.001	2021	04	09	13	00
5	Rr	0	0.000	2021	04	09	12	55
5	Rr	0	0.000	2021	04	09	12	50
5	Rr	0	0.000	2021	04	09	12	45
5	Rr	0	0.000	2021	04	09	12	40
5	Rr	3	0.000	2021	04	09	12	35
5	Rr	1	0.000	2021	04	09	12	30
5	Rr	0	0.000	2021	04	09	12	25
5	Rr	1	0.000	2021	04	09	12	20
5	Rr	0	0.000	2021	04	09	12	15
5	Rr	0	0.000	2021	04	09	12	10
5	Rr	0	0.000	2021	04	09	12	05
5	Rr	0	0.000	2021	04	09	12	00
5	Rr	1	0.000	2021	04	09	11	55
5	Rr	0	0.000	2021	04	09	11	50
5	Rr	1	0.000	2021	04	09	11	45
5	Rr	0	0.000	2021	04	09	11	40
5	Rr	0	0.000	2021	04	09	11	35
5	Rr	0	0.000	2021	04	09	11	30
5	Rr	0	0.000	2021	04	09	11	25
5	Rr	0	0.000	2021	04	09	11	20
5	Rr	0	0.000	2021	04	09	11	15
5	Rr	2	0.000	2021	04	09	11	10
5	Rr	1	0.000	2021	04	09	11	05
5	Rr	0	0.000	2021	04	09	11	00
5	Rr	1	0.000	2021	04	09	10	55
5	Rr	0	0.000	2021	04	09	10	50
5	Rr	10	0.001	2021	04	09	10	45
5	Rr	0	0.000	2021	04	09	10	40
5	Rr	0	0.000	2021	04	09	10	35
5	Rr	1	0.000	2021	04	09	10	30
5	Rr	0	0.000	2021	04	09	10	25
5	Rr	0	0.000	2021	04	09	10	20
5	Rr	0	0.000	2021	04	09	10	15
5	Rr	0	0.000	2021	04	09	10	10
5	Rr	1	0.000	2021	04	09	10	05
5	Rr	1	0.000	2021	04	09	10	00
5	Rr	0	0.000	2021	04	09	09	55
5	Rr	0	0.000	2021	04	09	09	50
5	Rr	1	0.000	2021	04	09	09	45
5	Rr	0	0.000	2021	04	09	09	40
5	Rr	0	0.000	2021	04	09	09	35
5	Rr	0	0.000	2021	04	09	09	30
5	Rr	0	0.000	2021	04	09	09	25
5	Rr	6	0.001	2021	04	09	09	20
5	Rr	0	0.000	2021	04	09	09	15
5	Rr	1	0.000	2021	04	09	09	10
5	Rr	0	0.000	2021	04	09	09	05
5	Rr	2	0.000	2021	04	09	09	00
5	Rr	0	0.000	2021	04	09	08	55
5	Rr	0	0.000	2021	04	09	08	50
5	Rr	0	0.000	2021	04	09	08	45
5	Rr	0	0.000	2021	04	09	08	40
5	Rr	1	0.000	2021	04	09	08	35
5	Rr	2	0.000	2021	04	09	08	30
5	Rr	1	0.000	2021	04	09	08	25
5	Rr	0	0.000	2021	04	09	08	20
5	Rr	1	0.000	2021	04	09	08	15
5	Rr	0	0.000	2021	04	09	08	10
5	Rr	0	0.000	2021	04	09	08	05
5	Rr	1	0.000	2021	04	09	08	00
5	Rr	0	0.000	2021	04	09	07	55
5	Rr	1	0.000	2021	04	09	07	50
5	Rr	5	0.001	2021	04	09	07	45
5	Rr	1	0.000	2021	04	09	07	40
5	Rr	1	0.000	2021	04	09	07	35
5	Rr	0	0.000	2021	04	09	07	30
5	Rr	0	0.000	2021	04	09	07	25
5	Rr	3	0.000	2021	04	09	07	20
5	Rr	0	0.000	2021	04	09	07	15
5	Rr	2	0.000	2021	04	09	07	10
5	Rr	0	0.000	2021	04	09	07	05
5	Rr	0	0.000	2021	04	09	07	00
5	Rr	0	0.000	2021	04	09	06	55
5	Rr	0	0.000	2021	04	09	06	50
5	Rr	0	0.000	2021	04	09	06	45
5	Rr	1	0.000	2021	04	09	06	40
5	Rr	1	0.000	2021	04	09	06	35
5	Rr	17	0.002	2021	04	09	06	30
5	Rr	1	0.000	2021	04	09	06	25
5	Rr	0	0.000	2021	04	09	06	20
5	Rr	5	0.001	2021	04	09	06	15
5	Rr	1	0.000	2021	04	09	06	10
5	Rr	0	0.000	2021	04	09	06	05
5	Rr	0	0.000	2021	04	09	06	00
5	Rr	0	0.000	2021	04	09	05	55
5	Rr	0	0.000	2021	04	09	05	50
5	Rr	0	0.000	2021	04	09	05	45
5	Rr	0	0.000	2021	04	09	05	40
5	Rr	0	0.000	2021	04	09	05	35
5	Rr	0	0.000	2021	04	09	05	30
5	Rr	0	0.000	2021	04	09	05	25
5	Rr	0	0.000	2021	04	09	05	20
5	Rr	1	0.000	2021	04	09	05	15
5	Rr	0	0.000	2021	04	09	05	10
5	Rr	0	0.000	2021	04	09	05	05
5	Rr	0	0.000	2021	04	09	05	00
5	Rr	0	0.000	2021	04	09	04	55
5	Rr	6	0.001	2021	04	09	04	50
5	Rr	0	0.000	2021	04	09	04	45
5	Rr	0	0.000	2021	04	09	04	40
5	Rr	0	0.000	2021	04	09	04	35
5	Rr	0	0.000	2021	04	09	04	30
5	Rr	0	0.000	2021	04	09	04	25
5	Rr	0	0.000	2021	04	09	04	20
5	Rr	0	0.000	2021	04	09	04	15
5	Rr	0	0.000	2021	04	09	04	10
5	Rr	0	0.000	2021	04	09	04	05
5	Rr	0	0.000	2021	04	09	04	00
5	Rr	0	0.000	2021	04	09	03	55
5	Rr	2	0.000	2021	04	09	03	50
5	Rr	1	0.000	2021	04	09	03	45
5	Rr	0	0.000	2021	04	09	03	40
5	Rr	0	0.000	2021	04	09	03	35
5	Rr	0	0.000	2021	04	09	03	30
5	Rr	1	0.000	2021	04	09	03	25
5	Rr	0	0.000	2021	04	09	03	20
5	Rr	0	0.000	2021	04	09	03	15
5	Rr	0	0.000	2021	04	09	03	10
5	Rr	0	0.000	2021	04	09	03	05
5	Rr	1	0.000	2021	04	09	03	00
5	Rr	1	0.000	2021	04	09	02	55
5	Rr	0	0.000	2021	04	09	02	50
5	Rr	1	0.000	2021	04	09	02	45
5	Rr	1	0.000	2021	04	09	02	40
5	Rr	0	0.000	2021	04	09	02	35
5	Rr	1	0.000	2021	04	09	02	30
5	Rr	0	0.000	2021	04	09	02	25
5	Rr	1	0.000	2021	04	09	02	20
5	Rr	0	0.000	2021	04	09	02	15
5	Rr	3	0.000	2021	04	09	02	10
5	Rr	0	0.000	2021	04	09	02	05
5	Rr	0	0.000	2021	04	09	02	00
5	Rr	0	0.000	2021	04	09	01	55
5	Rr	0	0.000	2021	04	09	01	50
5	Rr	6	0.001	2021	04	09	01	45
5	Rr	12	0.001	2021	04	09	01	40
5	Rr	0	0.000	2021	04	09	01	35
5	Rr	0	0.000	2021	04	09	01	30
5	Rr	0	0.000	2021	04	09	01	25
5	Rr	5	0.001	2021	04	09	01	20
5	Rr	0	0.000	2021	04	09	01	15
5	Rr	2	0.000	2021	04	09	01	10
5	Rr	1	0.000	2021	04	09	01	05
5	Rr	0	0.000	2021	04	09	01	00
5	Rr	0	0.000	2021	04	09	00	55
5	Rr	0	0.000	2021	04	09	00	50
5	Rr	0	0.000	2021	04	09	00	45
5	Rr	0	0.000	2021	04	09	00	40
5	Rr	0	0.000	2021	04	09	00	35
5	Rr	0	0.000	2021	04	09	00	30
5	Rr	0	0.000	2021	04	09	00	25
5	Rr	0	0.000	2021	04	09	00	20
5	Rr	1	0.000	2021	04	09	00	15
5	Rr	0	0.000	2021	04	09	00	10
5	Rr	0	0.000	2021	04	09	00	05
5	Rr	1	0.000	2021	04	09	00	00
5	*BT	R	715	2020	12	11	23	20
7	Rr	2868	0.307	00	00
7	Rr	3379	0.361	00	05
7	Rr	2965	0.317	00	10
7	Rr	2601	0.278	00	15
7	Rr	3129	0.335	00	20
7	Rr	3575	0.382	00	25
7	Rr	2982	0.319	00	30
7	Rr	3035	0.325	00	35
7	Rr	3109	0.332	00	40
7	Rr	3191	0.341	00	45
7	Rr	3454	0.369	00	50
7	Rr	2891	0.309	00	55
7	Rr	2773	0.297	01	00
7	Rr	3025	0.323	01	05
7	Rr	3112	0.333	01	10
7	Rr	3002	0.321	01	15
7	Rr	3184	0.340	01	20
7	Rr	2785	0.298	01	25
7	Rr	2899	0.310	01	30
7	Rr	3093	0.331	01	35
7	Rr	3072	0.328	01	40
7	Rr	2892	0.309	01	45
7	Rr	2737	0.293	01	50
7	Rr	3155	0.337	01	55
7	Rr	2862	0.306	02	00
7	Rr	2956	0.316	02	05
7	Rr	2913	0.311	02	10
7	Rr	3438	0.368	02	15
7	Rr	3019	0.323	02	20
7	Rr	3118	0.333	02	25
7	Rr	3071	0.328	02	30
7	Rr	3331	0.356	02	35
7	Rr	2921	0.312	02	40
7	Rr	2923	0.313	02	45
7	Rr	2703	0.289	02	50
7	Rr	3313	0.354	02	55
7	Rr	2961	0.317	03	00
7	Rr	2868	0.307	03	05
7	Rr	2854	0.305	03	10
7	Rr	2945	0.315	03	15
7	Rr	2735	0.292	03	20
7	Rr	2763	0.295	03	25
7	Rr	2797	0.299	03	30
7	Rr	3002	0.321	03	35
7	Rr	2967	0.317	03	40
7	Rr	3305	0.353	03	45
7	Rr	3603	0.385	03	50
7	Rr	3001	0.321	03	55
7	Rr	2834	0.303	04	00
7	Rr	2888	0.309	04	05
7	Rr	3032	0.324	04	10
7	Rr	3128	0.334	04	15
7	Rr	3305	0.353	04	20
7	Rr	2906	0.311	04	25
7	Rr	2880	0.308	04	30
7	Rr	2599	0.278	04	35
7	Rr	2713	0.290	04	40
7	Rr	3188	0.341	04	45
7	Rr	2791	0.298	04	50
7	Rr	2823	0.302	04	55
7	Rr	2588	0.277	05	00
7	Rr	2462	0.263	05	05
7	Rr	2917	0.312	05	10
7	Rr	2933	0.314	05	15
7	Rr	3037	0.325	05	20
7	Rr	2809	0.300	05	25
7	Rr	3024	0.323	05	30
7	Rr	2876	0.308	05	35
7	Rr	2553	0.273	05	40
7	Rr	2588	0.277	05	45
7	Rr	2553	0.273	05	50
7	Rr	2735	0.292	05	55
7	Rr	2754	0.294	06	00
7	Rr	3438	0.368	06	05
7	Rr	2804	0.300	06	10
7	Rr	2804	0.300	06	15
7	Rr	2616	0.280	06	20
7	Rr	2690	0.288	06	25
7	Rr	2549	0.273	06	30
7	Rr	2704	0.289	06	35
7	Rr	2848	0.305	06	40
7	Rr	2918	0.312	06	45
7	Rr	2354	0.252	06	50
7	Rr	2258	0.241	06	55
7	Rr	3007	0.322	07	00
7	Rr	2537	0.271	07	05
7	Rr	2490	0.266	07	10
7	Rr	2554	0.273	07	15
7	Rr	2779	0.297	07	20
7	Rr	3204	0.343	07	25
7	Rr	3074	0.329	07	30
7	Rr	2750	0.294	07	35
7	Rr	2478	0.265	07	40
7	Rr	2450	0.262	07	45
7	Rr	2310	0.247	07	50
7	Rr	2433	0.260	07	55
7	Rr	2612	0.279	08	00
7	Rr	2730	0.292	08	05
7	Rr	2597	0.278	08	10
7	Rr	2443	0.261	08	15
7	Rr	2551	0.273	08	20
7	Rr	2592	0.277	08	25
7	Rr	3065	0.328	08	30
7	Rr	2691	0.288	08	35
7	Rr	2589	0.277	08	40
7	Rr	2432	0.260	08	45
7	Rr	2378	0.254	08	50
7	Rr	2373	0.254	08	55
7	Rr	2352	0.252	09	00
7	Rr	2678	0.286	09	05
7	Rr	2374	0.254	09	10
7	Rr	2341	0.250	09	15
7	Rr	2736	0.293	09	20
7	Rr	2519	0.269	09	25
7	Rr	2614	0.280	09	30
7	Rr	2288	0.245	09	35
7	Rr	2598	0.278	09	40
7	Rr	2422	0.259	09	45
7	Rr	2256	0.241	09	50
7	Rr	2426	0.259	09	55
7	Rr	2372	0.254	10	00
7	Rr	2309	0.247	10	05
7	Rr	2473	0.264	10	10
7	Rr	2376	0.254	10	15
7	Rr	2310	0.247	10	20
7	Rr	2490	0.266	10	25
7	Rr	2400	0.257	10	30
7	Rr	2405	0.257	10	35
7	Rr	2609	0.279	10	40
7	Rr	2336	0.250	10	45
7	Rr	2611	0.279	10	50
7	Rr	2833	0.303	10	55
7	Rr	3751	0.401	11	00
7	Rr	2874	0.307	11	05
7	Rr	2639	0.282	11	10
7	Rr	2519	0.269	11	15
7	Rr	2588	0.277	11	20
7	Rr	2444	0.261	11	25
7	Rr	2669	0.285	11	30
7	Rr	2358	0.252	11	35
7	Rr	2653	0.284	11	40
7	Rr	2580	0.276	11	45
7	Rr	2691	0.288	11	50
7	Rr	2700	0.289	11	55
7	Rr	3330	0.356	12	00
7	Rr	2995	0.320	12	05
7	Rr	2990	0.320	12	10
7	Rr	2546	0.272	12	15
7	Rr	2631	0.281	12	20
7	Rr	2595	0.277	12	25
7	Rr	2646	0.283	12	30
7	Rr	2595	0.277	12	35
7	Rr	2785	0.298	12	40
7	Rr	2918	0.312	12	45
7	Rr	2633	0.282	12	50
7	Rr	2668	0.285	12	55
7	Rr	2839	0.304	13	00
7	Rr	2866	0.306	13	05
7	Rr	3095	0.331	13	10
7	Rr	2913	0.311	13	15
7	Rr	2838	0.303	13	20
7	Rr	2959	0.316	13	25
7	Rr	2979	0.319	13	30
7	Rr	3270	0.350	13	35
7	Rr	2946	0.315	13	40
7	Rr	2551	0.273	13	45
7	Rr	3084	0.330	13	50
7	Rr	3046	0.326	13	55
7	Rr	2984	0.319	14	00
7	Rr	3418	0.365	14	05
7	Rr	3407	0.364	14	10
7	Rr	3478	0.372	14	15
7	Rr	3367	0.360	14	20
7	Rr	3366	0.360	14	25
7	Rr	3778	0.404	14	30
7	Rr	3501	0.374	14	35
7	Rr	3175	0.340	14	40
7	Rr	3258	0.348	14	45
7	Rr	3402	0.364	14	50
7	Rr	3812	0.408	14	55
7	Rr	3594	0.384	15	00
7	Rr	3650	0.390	15	05
7	Rr	3606	0.386	15	10
7	Rr	3638	0.389	15	15
7	Rr	3352	0.358	15	20
7	Rr	3809	0.407	15	25
7	Rr	4024	0.430	15	30
7	Rr	3654	0.391	15	35
7	Rr	3884	0.415	15	40
7	Rr	3842	0.411	15	45
7	Rr	3980	0.426	15	50
7	Rr	4225	0.452	15	55
7	Rr	4053	0.433	16	00
7	Rr	4273	0.457	16	05
7	Rr	3914	0.419	16	10
7	Rr	4319	0.462	16	15
7	Rr	3956	0.423	16	20
7	Rr	3619	0.387	16	25
7	Rr	4059	0.434	16	30
7	Rr	4240	0.453	16	35
7	Rr	4209	0.450	16	40
7	Rr	4225	0.452	16	45
7	Rr	4356	0.466	16	50
7	Rr	4180	0.447	16	55
7	Rr	4008	0.429	17	00
7	Rr	4013	0.429	17	05
7	Rr	4266	0.456	17	10
7	Rr	4025	0.430	17	15
7	Rr	4021	0.430	17	20
7	Rr	4133	0.442	17	25
7	Rr	4216	0.451	17	30
7	Rr	4245	0.454	17	35
7	Rr	4103	0.439	17	40
7	Rr	4017	0.430	17	45
7	Rr	4181	0.447	17	50
7	Rr	3934	0.421	17	55
7	Rr	3616	0.387	18	00
7	Rr	3953	0.423	18	05
7	Rr	4601	0.492	18	10
7	Rr	4394	0.470	18	15
7	Rr	4008	0.429	18	20
7	Rr	4429	0.474	18	25
7	Rr	4215	0.451	18	30
7	Rr	4262	0.456	18	35
7	Rr	4253	0.455	18	40
7	Rr	4241	0.453	18	45
7	Rr	4249	0.454	18	50
7	Rr	4248	0.454	18	55
7	Rr	4707	0.503	19	00
7	Rr	4485	0.480	19	05
7	Rr	4368	0.467	19	10
7	Rr	4028	0.431	19	15
7	Rr	4000	0.428	19	20
7	Rr	3807	0.407	19	25
7	Rr	4040	0.432	19	30
7	Rr	4226	0.452	19	35
7	Rr	4189	0.448	19	40
7	Rr	4455	0.476	19	45
7	Rr	3843	0.411	19	50
7	Rr	3954	0.423	19	55
7	Rr	4083	0.437	20	00
7	Rr	4498	0.481	20	05
7	Rr	4415	0.472	20	10
7	Rr	3959	0.423	20	15
7	Rr	4321	0.462	20	20
7	Rr	4124	0.441	20	25
7	Rr	3712	0.397	20	30
7	Rr	3953	0.423	20	35
7	Rr	4199	0.449	20	40
7	Rr	4540	0.485	20	45
7	Rr	4116	0.440	20	50
7	Rr	4186	0.448	20	55
7	Rr	4593	0.491	21	00
7	Rr	3827	0.409	21	05
7	Rr	4050	0.433	21	10
7	Rr	3901	0.417	21	15
7	Rr	3482	0.372	21	20
7	Rr	4180	0.447	21	25
7	Rr	3608	0.386	21	30
7	Rr	3774	0.404	21	35
7	Rr	3849	0.412	21	40
7	Rr	3842	0.411	21	45
7	Rr	4041	0.432	21	50
7	Rr	3575	0.382	21	55
7	Rr	3694	0.395	22	00
7	Rr	3495	0.374	22	05
7	Rr	3690	0.395	22	10
7	Rr	3378	0.361	22	15
7	Rr	3785	0.405	22	20
7	Rr	3756	0.402	22	25
7	Rr	3448	0.369	22	30
7	Rr	3856	0.412	22	35
7	Rr	3335	0.357	22	40
7	Rr	3419	0.366	22	45
7	Rr	3641	0.389	22	50
7	Rr	3475	0.372	22	55
7	Rr	3886	0.416	23	00
7	Rr	3563	0.381	23	05
7	Rr	3432	0.367	23	10
7	Rr	3380	0.361	23	15
7	Rr	4101	0.439	23	20
7	Rr	3247	0.347	23	25
7	Rr	3077	0.329	23	30
7	Rr	3415	0.365	23	35
7	Rr	3116	0.333	23	40
7	Rr	3116	0.333	23	45
7	Rr	3161	0.338	23	50
7	Rr	2944	0.315	23	55
o	*f	0R	r
o	lRQ	1	935185	1964358015	[unresolved numerical addresses]
Z	*f	-20R	r
Z	lRb	1	42256	3.290	66.249
Z	lRb	1	39929	1.890	69
Z	lRb	1	24868	1.000	46
Z	lRb	1	21529	3.160	157.55
Z	lRb	1	20921	1.779	35
Z	lRb	1	16645	2.863	70
Z	lRb	1	16298	2.324	207.46
Z	lRb	1	15251	1.494	76
Z	lRb	1	14335	2.432	40
Z	lRb	1	14202	1.663	54
Z	lRb	1	13238	1.086	34
Z	lRb	1	12846	1.664	72
Z	lRb	1	12111	0.113	178.137
Z	lRb	1	11538	1.136	75
Z	lRb	1	11240	1.347	5
Z	lRb	1	10609	0.899	74
Z	lRb	1	10453	1.050	123
Z	lRb	1	9723	0.645	71
Z	lRb	1	8953	0.599	37
Z	lRb	1	8468	0.699	65.55
Z	lRb	1	599772	68.866	[not listed: 8501]
S	*f	-50P	r
S	Rb	4702	0.492	14.33.246.211
S	Rb	3392	0.679	192.234.235.103
S	Rb	3248	0.308	192.99.15.146
S	Rb	2341	0.170	100.43.83.148
S	Rb	1992	0.085	66.249.75.109
S	Rb	1829	0.186	37.59.14.116
S	Rb	1781	0.269	75.98.173.33
S	Rb	1597	0.162	78.155.138.20
S	Rb	1543	0.092	199.21.99.79
S	Rb	1459	0.013	92.249.127.111
S	Rb	1330	0.023	109.102.111.58
S	Rb	1312	0.056	205.203.134.197
S	Rb	1304	0.241	5.196.13.127
S	Rb	1276	0.149	208.115.113.82
S	Rb	1270	0.081	95.108.248.29
S	Rb	1142	0.001	91.207.9.226
S	Rb	1107	0.020	66.249.69.97
S	Rb	1081	0.023	66.249.69.81
S	Rb	1051	0.040	66.249.69.192
S	Rb	1039	0.019	66.249.69.89
S	Rb	1030	0.122	5.255.250.90
S	Rb	1025	0.252	75.98.173.84
S	Rb	1024	0.092	95.108.150.235
S	Rb	1012	0.102	192.99.6.132
S	Rb	957	0.228	199.21.99.197
S	Rb	951	0.078	66.249.73.133
S	Rb	815	0.037	178.63.23.80
S	Rb	812	0.117	66.249.64.90
S	Rb	808	0.169	79.125.27.96
S	Rb	808	0.228	149.202.211.239
S	Rb	791	0.080	192.99.7.55
S	Rb	786	0.146	66.11.128.152
S	Rb	785	0.038	144.76.27.118
S	Rb	777	0.001	193.150.120.14
S	Rb	760	0.063	208.115.113.92
S	Rb	756	0.026	82.145.46.102
S	Rb	739	0.012	109.102.111.50
S	Rb	737	0.016	66.249.69.176
S	Rb	704	0.001	109.120.157.179
S	Rb	698	0.032	220.181.125.162
S	Rb	694	0.048	78.155.138.30
S	Rb	686	0.025	66.249.65.212
S	Rb	664	0.067	94.23.59.173
S	Rb	653	0.090	52.21.132.215
S	Rb	649	0.066	46.105.74.59
S	Rb	627	0.019	106.38.241.144
S	Rb	627	0.019	66.249.65.205
S	Rb	627	0.015	66.249.65.219
S	Rb	609	0.062	94.23.215.29
S	Rb	585	0.059	94.23.35.157
S	Rb	876193	94.579	[not listed: 83116]
s	*FR	2013	12	18	21	53
s	*LR	2021	04	09	23	27
s	*f	-20R	s
s	lRS	1	177726	442	http://www.gtaeronautics.com/
s	lRS	1	41156	257	http://gtaeronautics.com/
s	lRS	1	4635	8	https://www.google.com/
s	lRS	1	219	2	https://www.thomasnet.com/
s	lRS	1	1538	0	http://www.google.com/
s	lRS	1	1159	0	http://www.trainingindustry.com/
s	lRS	1	1121	0	http://www.baidu.com/
s	lRS	1	609	0	http://www.mfgpages.com/
s	lRS	1	604	0	http://www.openfos.com/
s	lRS	1	517	0	http://www.topicway.com/
s	lRS	1	462	0	http://anti-crisis-seo.com/
s	lRS	1	395	0	http://uptime.com/
s	lRS	1	362	0	http://semalt.semalt.com/
s	lRS	1	324	0	http://www.bing.com/
s	lRS	1	301	0	http://chimiver.info/
s	lRS	1	280	0	https://www.google.co.in/
s	lRS	1	262	0	http://google.co.jp/
s	lRS	1	238	0	https://www.bing.com/
s	lRS	1	236	0	http://www.thomasnet.com/
s	lRS	1	234	0	http://www.artparquet.ru/
s	lRS	1	47066	55	[not listed: 4191]
f	*FR	2013	12	18	21	53
f	*LR	2021	04	09	23	27
f	*f	-30R	s
f	lRS	1	117530	375	http://www.gtaeronautics.com/
f	lRS	1	27751	140	http://gtaeronautics.com/
f	lRS	1	8712	23	http://www.gtaeronautics.com/aboutus.html
f	lRS	1	5355	20	http://gtaeronautics.com/IndNews.html
f	lRS	1	734	14	http://gtaeronautics.com/index.html
f	lRS	1	1447	8	http://www.gtaeronautics.com/IndNews.html
f	lRS	1	1401	7	http://www.gtaeronautics.com/GT50T RPAS.html
f	lRS	1	4302	6	https://www.google.com/
f	lRS	1	3973	6	http://www.gtaeronautics.com/index.html
f	lRS	1	2137	5	http://www.gtaeronautics.com/GT380 RPAS.html
f	lRS	1	2361	4	http://www.gtaeronautics.com/pna.html
f	lRS	1	1206	4	http://gtaeronautics.com/aboutus.html
f	lRS	1	1971	3	http://www.gtaeronautics.com/GT1500 RPAS.html
f	lRS	1	1476	2	http://www.gtaeronautics.com/EMPLOYMENT.html
f	lRS	1	1459	1	http://www.gtaeronautics.com/consultinga.html
f	lRS	1	852	1	http://www.gtaeronautics.com/FAQ.html
f	lRS	1	6704	0	http://www.gtaeronautics.com/CCT&M.html
f	lRS	1	5602	0	http://www.gtaeronautics.com/UASFC.html
f	lRS	1	3914	0	http://www.gtaeronautics.com/ConsultingA.html
f	lRS	1	1967	0	http://www.gtaeronautics.com/uasfc.html
f	lRS	1	1799	0	http://www.gtaeronautics.com/RD.html
f	lRS	1	1747	0	http://www.gtaeronautics.com/CFMT.html
f	lRS	1	1741	0	http://www.gtaeronautics.com/CompNews.html
f	lRS	1	1615	0	http://www.gtaeronautics.com/SRU.html
f	lRS	1	1250	0	http://www.gtaeronautics.com/contactus.html
f	lRS	1	1159	0	http://www.trainingindustry.com/
f	lRS	1	1112	0	http://www.gtaeronautics.com/compnews.html
f	lRS	1	1079	0	http://www.baidu.com/s
f	lRS	1	1042	0	http://www.gtaeronautics.com/links.html
f	lRS	1	892	0	http://www.google.com/url
f	lRS	1	65154	145	[not listed: 4801]
n	*FR	2013	12	19	00	28
n	*LR	2020	10	14	09	11
n	*f	0.500000%Q	s
n	Rq	1	329.954	kit
n	Rq	1	329.954	method
n	Rq	2	319.591	crew
n	Rq	28	112.337	aeronautical
n	Rq	1	329.954	airplane.com
n	Rq	5	288.503	faa
n	Rq	40	50.160	gt
n	Rq	1	329.954	moldings
n	Rq	1	329.954	twin
n	Rq	1	329.954	taranis
n	Rq	2	329.954	installerex
n	Rq	2	329.954	http://gtaeronautics.com/
n	Rq	20	236.689	in
n	Rq	1	329.954	scale
n	Rq	1	329.954	observer
n	Rq	1	329.954	drawing?
n	Rq	2	329.954	is
n	Rq	1	329.954	making
n	Rq	2	319.591	fiber
n	Rq	1	329.954	mitsubishi
n	Rq	1	329.954	fuze
n	Rq	1	329.954	http://www.gtaeronautics.com/indnews.html
n	Rq	92	329.954	semalt.com
n	Rq	1	329.954	consultant
n	Rq	15	298.866	manufacturing
n	Rq	1	329.954	2
n	Rq	1	329.954	base
n	Rq	14	195.239	6
n	Rq	1	329.954	http://gtaeronautics.com/indnews.html
n	Rq	1	329.954	always
n	Rq	28	81.249	engineering
n	Rq	1	329.954	northrop
n	Rq	1	329.954	bandwidth
n	Rq	1	329.954	vegas
n	Rq	3	319.591	basic
n	Rq	1	329.954	qinetiq
n	Rq	1	329.954	tooling
n	Rq	1	329.954	on
n	Rq	1	329.954	heavy
n	Rq	9	257.415	drawings
n	Rq	1	329.954	fia
n	Rq	4	329.954	louis%20vuitton%20fashion%20valley%20phone%20number
n	Rq	3	329.954	llc
n	Rq	3	309.228	rullman
n	Rq	1	329.954	cowling
n	Rq	32	309.228	sale
n	Rq	64	278.140	outlet
n	Rq	1	329.954	rotax
n	Rq	1	329.954	ucav
n	Rq	28	91.611	texan
n	Rq	1	329.954	a
n	Rq	2	329.954	customer
n	Rq	1	329.954	rpa
n	Rq	2	319.591	110cc
n	Rq	30	329.954	designer
n	Rq	20	288.503	www.gtaeronautics.com
n	Rq	1	329.954	work
n	Rq	1	329.954	thomas
n	Rq	1	329.954	engie
n	Rq	1	329.954	qualification
n	Rq	1	329.954	custom
n	Rq	1	329.954	mk3
n	Rq	1	329.954	t
n	Rq	1	329.954	uavs
n	Rq	1	329.954	w
n	Rq	2	329.954	satisfaction
n	Rq	2	319.591	x
n	Rq	1	329.954	crews
n	Rq	3	329.954	photos
n	Rq	1	329.954	finnemeccia
n	Rq	2	319.591	glass
n	Rq	1	309.228	to
n	Rq	1	329.954	gcs
n	Rq	5	288.503	engineer
n	Rq	1	329.954	government
n	Rq	1	329.954	operator
n	Rq	6	278.140	aircraft
n	Rq	1	329.954	with
n	Rq	97	319.591	number
n	Rq	4	309.228	for
n	Rq	1	329.954	december
n	Rq	2	319.591	aero
n	Rq	9	319.591	equipment
n	Rq	2	319.591	engine
n	Rq	1	329.954	mq1
n	Rq	2	319.591	wy
n	Rq	1	329.954	custum
n	Rq	1	329.954	g.t
n	Rq	1	329.954	mechanics
n	Rq	1	319.591	motors
n	Rq	1	329.954	tdw
n	Rq	32	288.503	luggage
n	Rq	1	329.954	opportunities
n	Rq	175	164.150	vuitton
n	Rq	1	329.954	show
n	Rq	1	309.228	the
n	Rq	1	329.954	luggages
n	Rq	1	329.954	stroke
n	Rq	2	329.954	explore
n	Rq	39	319.591	handbags
n	Rq	2	319.591	electric
n	Rq	1	329.954	space
n	Rq	1	319.591	air
n	Rq	1	329.954	quote
n	Rq	1	329.954	require
n	Rq	1	329.954	mpp
n	Rq	4	319.591	jobs
n	Rq	5	288.503	uas
n	Rq	1	329.954	anything
n	Rq	1	329.954	china
n	Rq	1	329.954	airplane
n	Rq	10	236.689	uav
n	Rq	2	329.954	wmaid.com
n	Rq	3	298.866	drone
n	Rq	7	267.778	fiberglass
n	Rq	2	329.954	facebook
n	Rq	1	329.954	college
n	Rq	4	298.866	onboard
n	Rq	3	319.591	gtaeronautics.com
n	Rq	1	329.954	qulificationa
n	Rq	21	205.601	simi
n	Rq	1	329.954	and
n	Rq	5	309.228	flight
n	Rq	17	205.601	at6
n	Rq	1	329.954	xtreme
n	Rq	1	329.954	maintenance
n	Rq	1	329.954	cody
n	Rq	1	329.954	systems
n	Rq	1	329.954	any
n	Rq	1	329.954	tom
n	Rq	1	329.954	payload
n	Rq	2	319.591	gta
n	Rq	2	329.954	granger
n	Rq	8	267.778	extreme
n	Rq	6	288.503	molding
n	Rq	2	329.954	easylifeapp
n	Rq	1	329.954	rating
n	Rq	2	329.954	whitelaw
n	Rq	126	267.778	fashion
n	Rq	2	319.591	ice
n	Rq	2	329.954	http://www.gtaeronautics.com/compnews.html
n	Rq	5	319.591	engineers
n	Rq	3	319.591	composite
n	Rq	1	329.954	skyforce
n	Rq	1	329.954	eengineer
n	Rq	175	164.150	louis
n	Rq	8	329.954	store
n	Rq	4	298.866	starter
n	Rq	14	298.866	cheap
n	Rq	1	329.954	diamond
n	Rq	10	247.052	bme
n	Rq	1	329.954	america2009
n	Rq	7	329.954	content
n	Rq	1	329.954	challenge
n	Rq	2	319.591	aeronautic
n	Rq	1	329.954	piece
n	Rq	1	329.954	how
n	Rq	1	329.954	male
n	Rq	2	319.591	design
n	Rq	2	319.591	flying
n	Rq	1	329.954	carbon
n	Rq	1	329.954	operation
n	Rq	2	329.954	profile
n	Rq	1	329.954	tomas
n	Rq	1	329.954	cia
n	Rq	1	329.954	hummingbird
n	Rq	1	329.954	iron
n	Rq	1	329.954	california
n	Rq	1	329.954	amphibian
n	Rq	1	329.954	110
n	Rq	1	329.954	mentioned
n	Rq	1	329.954	111
n	Rq	1	329.954	over
n	Rq	25	112.337	http://www.gtaeronautics.com/
n	Rq	1	329.954	google.com
n	Rq	1	329.954	fuel
n	Rq	2	329.954	inc
n	Rq	1	329.954	handbag.com
n	Rq	1	329.954	da42
n	Rq	2	319.591	certification
n	Rq	1	329.954	timing
n	Rq	1	329.954	2015
n	Rq	1	329.954	home
n	Rq	1	329.954	aerospacecompanies
n	Rq	1	329.954	anti
n	Rq	1	329.954	ziroli
n	Rq	1	329.954	sketches
n	Rq	5	329.954	purses
n	Rq	1	329.954	downlink
n	Rq	3	329.954	aeronotics
n	Rq	1	329.954	nanotechnology
n	Rq	1	329.954	zephyr
n	Rq	4	329.954	wyoming
n	Rq	2	329.954	technology
n	Rq	3	309.228	companies
n	Rq	1	329.954	muffler
n	Rq	2	329.954	avia
n	Rq	2	329.954	what
n	Rq	145	143.425	valley
n	Rq	1	329.954	microwave
n	Rq	1	329.954	mold
n	Rq	5	298.866	pglm
n	Rq	1	329.954	specialist
n	Rq	23	133.062	drawing
n	Rq	1	329.954	tool
n	Rq	1	329.954	security
n	Rq	6	319.591	prototypes
n	Rq	1	329.954	giant
n	Rq	1	329.954	powell
n	Rq	8	267.778	aerospace
n	Rq	4	298.866	unmanned
n	Rq	34	70.886	aeronautics
n	Rq	1	329.954	radius
n	Rq	1	329.954	zero
n	Rq	1	329.954	tobbot
n	Rq	2	319.591	job
n	Rq	2	319.591	neverfull
n	Rq	1	329.954	onbordstarter
n	Rq	20	298.866	ca
n	Rq	1	319.591	as
n	Rq	13	205.601	at
n	Rq	5	288.503	techniques
n	Rq	1	329.954	does
n	Rq	1	329.954	commercial
n	Rq	1	329.954	www.gt
n	Rq	1	329.954	de
n	Rq	1	329.954	co
n	Rq	1	329.954	speedy
n	Rq	1	329.954	rpas
n	Rq	2	319.591	instrument
n	Rq	1	329.954	do
n	Rq	1	329.954	quotation
n	Rq	3	309.228	training
n	Rq	1	329.954	efi
n	Rq	1	329.954	careers
n	Rq	3	309.228	pilot
n	Rq	9	257.415	bandito
n	Rq	4	298.866	quotes
n	Rq	107	298.866	phone
n	Rq	1	329.954	stations
n	Rq	1	329.954	traing
N	*FR	2013	12	19	00	28
N	*LR	2020	10	14	09	11
N	*f	-200Q	s
N	RQ	1	4164184557	uavs flying over simi valley ca
N	RQ	1	4164184557	gt aeronautics simi valley california
N	RQ	1	4164184557	aeronautical engineer quote
N	RQ	1	4164184557	does aeronautical engineering require drawing?
N	RQ	1	4164184557	how to do gt in engineering drawing
N	RQ	2	4164184557	http://gtaeronautics.com/
N	RQ	1	4164184557	the government college g.t aeronautics
N	RQ	1	4164184557	bme engine
N	RQ	1	4164184557	uas gcs
N	RQ	1	4164184557	http://www.gtaeronautics.com/indnews.html
N	RQ	92	4164184557	semalt.com
N	RQ	1	4164184557	aero iron mentioned nanotechnology hummingbird uav
N	RQ	1	4164184557	basic fiberglass techniques
N	RQ	1	4164184557	http://gtaeronautics.com/indnews.html
N	RQ	1	4164184557	finnemeccia co
N	RQ	2	4164184557	drawing for customer satisfaction
N	RQ	1	4164184557	cheap louis vuitton speedy handbag.com
N	RQ	1	4164184557	at 6
N	RQ	1	4164184557	quotation specialist engineer drawings
N	RQ	1	4164184557	challenge xtreme 111 piece mechanics tool kit
N	RQ	1	4164184557	uav commercial crew stations
N	RQ	1	4164184557	da42 mpp microwave downlink bandwidth
N	RQ	1	4164184557	anti ice de ice qinetiq zephyr
N	RQ	4	4164184557	louis%20vuitton%20fashion%20valley%20phone%20number
N	RQ	1	4164184557	faa uas pilot certification
N	RQ	1	4164184557	any flying crews in gta
N	RQ	1	4164184557	aerospace drawing
N	RQ	1	4164184557	fiber glass molding job
N	RQ	1	4164184557	aircraft design consultant
N	RQ	1	4164184557	www.gt airplane.com
N	RQ	3	4164184557	gt in aeronotics
N	RQ	1	4164184557	tom rullman
N	RQ	1	4164184557	gt aeronautics simi valley ca
N	RQ	1	4164184557	drone base in simi valley
N	RQ	1	4164184557	fiberglass mold making techniques
N	RQ	1	4164184557	rpa instrument qualification faa instrument rating
N	RQ	1	4164184557	extreme bme
N	RQ	1	4164184557	uas faa maintenance
N	RQ	1	4164184557	louis vuitton neverfull
N	RQ	1	4164184557	fiberglass techniques
N	RQ	1	4164184557	aircraft companies in simi valley
N	RQ	1	4164184557	custom fiberglass moldings
N	RQ	11	4164184557	louis vuitton luggage cheap
N	RQ	1	4164184557	anything
N	RQ	1	4164184557	aeronautical engineering sketches
N	RQ	1	4164184557	gtaeronautics.com
N	RQ	1	4164184557	giant scale ziroli at 6
N	RQ	9	4164184557	outlet louis vuitton handbags
N	RQ	1	4164184557	cowling drawing
N	RQ	1	4164184557	mitsubishi zero
N	RQ	1	4164184557	powell wy gt aeronautics
N	RQ	2	4164184557	what is gt in basic engineering drawing
N	RQ	2	4164184557	composite molding
N	RQ	1	4164184557	aeronautics in simi valley and security work
N	RQ	3	4164184557	gt aeronautics llc jobs
N	RQ	1	4164184557	crew flight gta
N	RQ	1	4164184557	110cc engine timing
N	RQ	1	4164184557	aeronautical engineer quotes
N	RQ	2	4164184557	http://www.gtaeronautics.com/compnews.html
N	RQ	4	4164184557	wyoming flight engineers
N	RQ	1	4164184557	a t 6
N	RQ	1	4164184557	gt aeronautics unmanned air
N	RQ	1	4164184557	fia gt composite tooling
N	RQ	1	4164184557	uas pilot certification
N	RQ	1	4164184557	quotes on aeronautical engineers
N	RQ	1	4164184557	payload for diamond northrop twin engie aircraft
N	RQ	7	4164184557	content
N	RQ	1	4164184557	bme 110
N	RQ	1	4164184557	thomas w rullman gt aeronautics
N	RQ	1	4164184557	luggages for sale
N	RQ	2	4164184557	easylifeapp profile
N	RQ	2	4164184557	simi gt
N	RQ	1	4164184557	mq1 design fuel
N	RQ	1	4164184557	airplane as always cia america2009
N	RQ	1	4164184557	eengineer drawing home
N	RQ	1	4164184557	heavy equipment operator jobs
N	RQ	1	4164184557	aero space drone simi valley
N	RQ	1	4164184557	cheap louis vuitton luggage
N	RQ	1	4164184557	2 stroke electric onboard starter
N	RQ	1	4164184557	skyforce observer mk3
N	RQ	1	4164184557	simi valley unmanned aircraft
N	RQ	2	4164184557	granger whitelaw avia
N	RQ	1	4164184557	louis vuitton fashion valley neverfull
N	RQ	1	4164184557	louis vuitton job opportunities
N	RQ	1	4164184557	google.com
N	RQ	1	4164184557	uas operation training method
N	RQ	2	4164184557	wmaid.com explore gtaeronautics.com
N	RQ	1	4164184557	custum muffler 110cc
N	RQ	1	4164184557	glass manufacturing drawings
N	RQ	1	4164184557	electric motors x male uav x sale
N	RQ	1	4164184557	aerospacecompanies in simi valley
N	RQ	1	4164184557	fiberglass molding
N	RQ	2	4164184557	aeronautical technology inc
N	RQ	1	4164184557	taranis ucav
N	RQ	1	4164184557	vegas drone uav show december 2015
N	RQ	1	4164184557	uav companies in simi valley
N	RQ	1	4164184557	unmanned aircraft systems pilot training
N	RQ	2	4164184557	installerex facebook
N	RQ	3	4164184557	texan at6 photos
N	RQ	1	4164184557	aeronautic engineer
N	RQ	30	4164184557	designer handbags outlet sale
N	RQ	1	4164184557	rpas qulificationa traing with faa
N	RQ	1	4164184557	faa uav training
N	RQ	1	4164184557	uav companies simi valley
N	RQ	5	4164184557	louis vuitton purses outlet
N	RQ	1	4164184557	aeronautics
N	RQ	1	4164184557	cheap louis vuitton luggage outlet
N	RQ	1	4164184557	gt aeronautics tomas rullman
N	RQ	1	4164184557	tobbot
N	RQ	1	4164184557	radius tdw efi fuze
N	RQ	8	4164184557	manufacturing equipment store in simi valley
N	RQ	1	4164184557	aeronautic engineer quotes
N	RQ	1	4164184557	onbordstarter
N	RQ	1	4164184557	rotax amphibian unmanned china
N	RQ	1	4164184557	aeronautical engineering quotes
N	RQ	1	4164184557	drawing aircraft engineering
N	RQ	1	4164184557	gt aeronautics careers
N	RQ	1	4164184557	gt aeronautics bandito
N	RQ	1	4164184557	cody wy carbon fiber
N	RQ	2	4033401818	fiberglass molding techniques
N	RQ	6	4033401818	manufacturing aeronautical prototypes
N	RQ	19	4033401818	louis vuitton luggage outlet
N	RQ	10	4033401818	louis vuitton fashion valley phone
N	RQ	97	4033401818	louis vuitton fashion valley phone number
N	RQ	2	4033401818	texan at 6
N	RQ	18	4033401818	louis vuitton fashion valley ca
N	RQ	3	3902619079	bandito uav
N	RQ	3	3902619079	onboard starter
N	RQ	6	3771836340	texan at6
N	RQ	5	3771836340	bandito pglm
N	RQ	20	3641053601	www.gtaeronautics.com
N	RQ	7	3510270862	bme extreme
N	RQ	7	3510270862	aerospace engineering drawings
N	RQ	8	3248705384	at6 texan
N	RQ	9	3117922645	at 6 texan
N	RQ	14	2725574428	aeronautical engineering drawing
N	RQ	20	2464008950	gt aeronautics
N	RQ	25	1417747038	http://www.gtaeronautics.com/
B	*f	-40R	r
B	Rb	34338	4.845	Mozilla/5.0 (compatible; bingbot/2.0;  http://www.bing.com/bingbot.htm)
B	Rb	26817	1.738	ZoominfoBot (zoominfobot at zoominfo dot com)
B	Rb	25749	1.882	Mozilla/5.0 (compatible; Googlebot/2.1;  http://www.google.com/bot.html)
B	Rb	15637	1.537	Mozilla/4.0 (compatible; MSIE 6.0; Windows NT 5.1; SV1)
B	Rb	12509	2.240	Mozilla/5.0 (iPhone; CPU iPhone OS 7_0 like Mac OS X) AppleWebKit/537.51.1 (KHTML, like Gecko) Version/7.0 Mobile/11A465 Safari/9537.53 (compatible; bingbot/2.0;  http://www.bing.com/bingbot.htm)
B	Rb	9883	1.111	Mozilla/5.0 (compatible; Baiduspider/2.0;  http://www.baidu.com/search/spider.html)
B	Rb	9832	1.113	Mozilla/5.0 (compatible; YandexBot/3.0;  http://yandex.com/bots)
B	Rb	9645	0.910	Mozilla/5.0 (Windows NT 6.1; WOW64; Trident/7.0; rv:11.0) like Gecko
B	Rb	8061	1.490	Mozilla/4.0 (compatible; MSIE 7.0; Windows NT 5.1; .NET CLR 1.1.4322; .NET CLR 2.0.50727)
B	Rb	7398	0.677	Mozilla/5.0 (compatible; Yahoo! Slurp; http://help.yahoo.com/help/us/ysearch/slurp)
B	Rb	7100	0.354	Mozilla/4.0 (compatible; MSIE 6.0; Windows NT 5.1; SV1; .NET CLR 2.0.50727)
B	Rb	6931	0.309	Mozilla/4.0 (compatible;)
B	Rb	6422	0.514	Mozilla/4.0 (compatible; MSIE 6.0; Windows NT 5.1)
B	Rb	6164	0.074	Mozilla/4.0 (compatible; MSIE 7.0; Windows NT 5.1; .NET CLR 1.1.4322; .NET CLR 2.0.50727; .NET CLR 3.0.4506.2152; .NET CLR 3.5.30729)
B	Rb	6152	0.580	Mozilla/4.0 (compatible; MSIE 7.0; Windows NT 6.1; WOW64; Trident/5.0; SLCC2; .NET CLR 2.0.50727; .NET CLR 3.5.30729; .NET CLR 3.0.30729; Media Center PC 6.0; .NET4.0C; .NET4.0E)
B	Rb	6060	0.369	Mozilla/5.0 (Windows NT 6.1; WOW64) AppleWebKit/537.36 (KHTML, like Gecko) Chrome/36.0.1985.143 Safari/537.36
B	Rb	6012	0.619	Sogou web spider/4.0( http://www.sogou.com/docs/help/webmasters.htm#07)
B	Rb	5848	0.438	Sosospider ( http://help.soso.com/webspider.htm)
B	Rb	5699	0.185	Googlebot-Image/1.0
B	Rb	5436	0.498	Mozilla/5.0 (Windows; U; Windows NT 5.1; en-US; rv:1.7.2) Gecko/20040804 Netscape/7.2 (ax)
B	Rb	5308	0.213	Mozilla/4.0 (compatible; MSIE 7.0; Windows NT 5.1; .NET CLR 1.1.4322; .NET CLR 2.0.50727; .NET CLR 3.0.04506.30)
B	Rb	5198	0.527	Mozilla/4.0 (compatible; MSIE 7.0; Windows NT 5.1)
B	Rb	4870	0.198	Mozilla/5.0 (compatible; MSIE 9.0; Windows NT 6.1; WOW64; Trident/5.0)
B	Rb	4497	1.382	Mozilla/5.0 (Windows NT 6.3; WOW64) AppleWebKit/537.36 (KHTML, like Gecko) Chrome/33.0.1736.0 Safari/537.36
B	Rb	4446	0.291	Mozilla/5.0 (compatible; Yahoo! Slurp/3.0; http://help.yahoo.com/help/us/ysearch/slurp)
B	Rb	4368	0.058	Mozilla/4.0 (compatible; MSIE 7.0; Windows NT 5.1; .NET CLR 2.0.50727; .NET CLR 3.0.4506.2152; .NET CLR 3.5.30729)
B	Rb	4116	0.694	Mozilla/5.0 (iPhone; CPU iPhone OS 7_0 like Mac OS X) AppleWebKit/537.51.1 (KHTML, like Gecko) Version/7.0 Mobile/11A465 Safari/9537.53 BingPreview/1.0b
B	Rb	4114	0.613	Mozilla/5.0 (Linux; Android 6.0.1; Nexus 5X Build/MMB29P) AppleWebKit/537.36 (KHTML, like Gecko) Chrome/41.0.2272.96 Mobile Safari/537.36 (compatible; Googlebot/2.1;  http://www.google.com/bot.html)
B	Rb	3758	0.245	Mozilla/4.0 (compatible; MSIE 6.0; Windows NT 5.1; SV1; .NET CLR 1.1.4322)
B	Rb	3595	0.458	Mozilla/4.0 (compatible; MSIE 7.0; Windows NT 5.1; InfoPath.2; .NET CLR 2.0.50727; .NET CLR)
B	Rb	3493	0.295	Mozilla/5.0 (compatible; MJ12bot/v1.4.5; http://www.majestic12.co.uk/bot.php? )
B	Rb	3481	0.203	Mozilla/5.0 (X11; Datanyze; Linux x86_64) AppleWebKit/537.36 (KHTML, like Gecko) Chrome/65.0.3325.181 Safari/537.36
B	Rb	3274	0.585	PRurl
B	Rb	3206	0.891	Mozilla/4.0 (compatible; MSIE 7.0; Windows NT 5.1; .NET CLR 2.0.50727; .NET CLR 1.1.4322)
B	Rb	3188	0.124	Mozilla/5.0 (compatible; SeznamBot/3.2;  http://napoveda.seznam.cz/en/seznambot-intro/)
B	Rb	3062	0.130	Mozilla/4.0 (compatible; MSIE 7.0; Windows NT 5.1; .NET CLR 1.1.4322)
B	Rb	3049	0.067	Mozilla/4.0 (compatible; MSIE 8.0; Windows NT 5.1; Trident/4.0; .NET CLR 2.0.50727; .NET CLR 3.0.4506.2152; .NET CLR 3.5.30729; .NET4.0C; .NET CLR 1.1.4322)
B	Rb	2879	0.352	Mozilla/5.0 (compatible; MSIE 9.0; Windows NT 6.1; Trident/5.0)
B	Rb	2870	0.268	Mozilla/4.0 (compatible; MSIE 6.0; Windows NT 5.1; SV1; .NET CLR 1.1.4322; .NET CLR 2.0.50727)
B	Rb	2806	0.525	Mozilla/5.0 (Windows NT 6.1; WOW64; rv:40.0) Gecko/20100101 Firefox/40.1
B	Rb	628835	70.396	[not listed: 19069]
b	*f	-15Q	s
b	lRQq	1	26817	4164184832	140.594	ZoominfoBot (zoominfobot at zoominfo dot com)
b	lRQq	1	355	4164184578	140.594	MauiBot (crawler.feedback wc@gmail.com)
b	lRQq	1	44	4164184572	140.594	MTRobot
b	lRQq	2	44	4164184572	140.594	MTRobot/0
b	lRQq	1	507	4164184563	140.594	WikiDo
b	lRQq	2	507	4164184563	140.594	WikiDo/1
b	lRQq	1	3274	4164184563	140.594	PRurl
b	lRQq	1	5	4164184559	140.594	GRequests
b	lRQq	2	5	4164184559	140.594	GRequests/0
b	lRQq	1	228	4164184559	140.594	EMG External link validator
b	lRQq	1	4	4164184559	140.594	Expanse, a Palo Alto Networks company, searches across the global IPv4 space multiple times per day to identify customers&#39; presences on the Internet. If you would like to be excluded from our scans, please send IP addresses
b	lRQq	2	4	4164184559	140.594	Expanse, a Palo Alto Networks company, searches across the global IPv4 space multiple times per day to identify customers&#39; presences on the Internet. If you would like to be excluded from our scans, please send IP addresses/domains
b	lRQq	1	670	4164184559	140.594	The Knowledge AI
b	lRQq	1	60	4274104205	144.306	Dalvik
b	lRQq	2	33	2333226211	78.776	Dalvik/2
b	lRQq	2	27	1940877994	65.529	Dalvik/1
b	lRQq	1	6	4164184557	140.594	
b	lRQq	2	6	4164184557	140.594	/n
b	lRQq	1	1	4164184557	140.594	Go http package
b	lRQq	1	45	4164184557	140.594	Nokia6280
b	lRQq	2	45	4164184557	140.594	Nokia6280/2
b	lRQq	1	3	4164184557	140.594	8LEGS
b	lRQq	1	17	4164184557	140.594	NokiaN70-1
b	lRQq	2	17	4164184557	140.594	NokiaN70-1/5
b	lRQq	1	894070	518694717	17.513	[not listed: 780]
p	*f	0Q	s
p	lR	1	515659	Windows
p	lR	2	44118	Windows NT
p	lR	2	217471	Unknown Windows
p	lR	2	238166	Windows XP
p	lR	2	9261	Windows 2000
p	lR	2	2158	Windows 95
p	lR	2	389	Windows CE
p	lR	2	2317	Windows 98
p	lR	2	379	Windows 3.1
p	lR	2	1400	Windows ME
p	lR	1	67152	Known robots
p	lR	1	216471	OS unknown
p	lR	1	49845	Unix
p	lR	2	49084	Linux
p	lR	2	693	Other Unix
p	lR	2	22	SunOS
p	lR	2	43	BSD
p	lR	2	3	HP-UX
p	lR	1	76948	Macintosh
p	lR	2	72916	Unknown Macintosh
p	lR	2	921	Macintosh 68k
p	lR	2	3111	Macintosh PowerPC
p	lR	1	16	WebTV
p	lR	1	1	BeOS
p	lR	1	8	OS/2
p	lR	1	6	Amiga
i	*f	0R	s
i	lRc	1	539803	38.630	[root directory]
i	lRc	1	248192	60.981	/images/
i	lRc	1	95400	0.168	/js/
i	lRc	1	50149	0.151	/css/
i	lRc	1	173	0.070	/dev/
i	lRc	2	23	0.000	/dev/css/
i	lRc	2	44	0.000	/dev/js/
i	lRc	2	59	0.000	/dev/images/
i	lRc	1	865	0.000	/videos/
i	lRc	1	541	0.000	/client/
i	lRc	1	1	0.000	/cgi-bin/
i	lRc	1	1	0.000	/secure/
i	lRc	1	60	0.000	/stats/
r	*f	0.050000%S	s
r	lRSc	1	16001	153	2.627	/cfmt.html
r	lRSc	1	13981	128	1.837	/employment.html
r	lRSc	1	16793	128	1.572	/contactus.html
r	lRSc	1	21828	71	21.114	/compnews.html
r	lRSc	1	25436	69	1.788	/aboutus.html
r	lRSc	1	12414	62	0.997	/pna.html
r	lRSc	1	20583	60	2.268	/uasfc.html
r	lRSc	1	7511	60	1.642	/sru.html
r	lRSc	1	16501	58	2.257	/consultinga.html
r	lRSc	1	15883	54	1.825	/cct&m.html
r	lRSc	1	13309	53	1.001	/indevents.html
r	lRSc	1	12128	47	1.203	/faq.html
r	lRSc	1	13934	41	1.034	/links.html
r	lRSc	1	4318	40	1.383	/gt380+rpas.html
r	lRSc	1	4077	36	1.248	/gt50t+rpas.html
r	lRSc	1	4432	34	1.193	/gt1500+rpas.html
r	lRSc	1	116	28	0.855	/gt100hl+rpas.html
r	lRSc	1	26511	27	53.151	/indnews.html
r	lRSc	2	125	1	2.184	/indnews.html?referer=www.clickfind.com.au/wp-login.php
r	lRSc	1	9369	15	0.580	/rd.html
r	lRSc	1	3995	5	0.139	/uavengines.html
r	lRSc	1	3749	3	0.110	/banditomav.html
r	lRSc	1	3841	3	0.100	/gtatexan.html
r	lRSc	1	3667	2	0.075	/bandituas.html
r	lRSc	1	35266	0	0.000	[not listed: 61]
t	*f	0.100000%B	b
t	lRb	1	286653	39.744	.html [Hypertext Markup Language]
t	lRb	1	190851	28.132	.jpg  [JPEG graphics]
t	lRb	1	221349	22.215	[directories]
t	lRb	1	778	3.609	.wmv
t	lRb	1	87	3.543	.mpg  [MPEG movie]
t	lRb	1	18734	1.524	.asp  [Active Server REQUESTS]
t	lRb	1	57418	0.452	.gif  [GIF graphics]
t	lRb	1	95444	0.359	.js  [JavaScript code]
t	lRb	1	50164	0.318	.css  [Cascading Style Sheets]
t	lRb	1	13440	0.102	.ico
t	lRb	1	267	0.001	[not listed: 5]
z	*FR	2009	06	30	04	42
z	*LR	2021	04	09	23	57
z	ScR	413	0.000	69300	0
z	ScR	0	0.000	0	1b-  10b
z	ScR	0	0.000	0	11b- 100b
z	ScR	66	0.009	78318	101b-  1kb
z	ScR	1278	4.457	433784	1kb- 10kb
z	ScR	681	28.913	301998	10kb-100kb
z	ScR	202	45.176	51120	100kb-  1Mb
z	ScR	8	21.446	622	1Mb- 10Mb
z	ScR	0	0.000	43	10Mb-100Mb
c	*FR	2014	03	02	13	52
c	*LR	2021	04	09	23	57
c	*f	0R	a
c	R	855210	200 OK
c	R	6171	206 Partial content
c	R	102	301 Document moved permanently
c	R	77	302 Document found elsewhere
c	R	73804	304 Not modified since last retrieval
c	R	578	400 Bad request
c	R	207	401 Authentication required
c	R	143	403 Access forbidden
c	R	392253	404 Document not found
c	R	740	405 Method not allowed
c	R	463	406 Document not acceptable to client
c	R	60	416 Requested range not valid
c	R	612	500 Internal server error
c	R	127	501 Request type not supported
I	*FR	2007	12	11	00	52
I	*LR	2021	04	09	23	33
I	*f	-30S	s
I	lRS	1	93545	206	/robots.txt
I	lRS	1	5749	12	/wp-login.php
I	lRS	1	2513	11	/ads.txt
I	lRS	1	381	6	/.env
I	lRS	1	777	5	/">louis
I	lRS	1	830	4	/
I	lRS	1	13	4	/adminer.php
I	lRS	1	625	4	/videos/bandito+004+flt+8+clip+092508.wmv
I	lRS	1	722	3	/sitemap.xml
I	lRS	1	1475	3	/xmlrpc.php
I	lRS	1	178	3	/blog/wp-login.php
I	lRS	1	137	3	/wp/wp-login.php
I	lRS	1	147	3	/wordpress/wp-login.php
I	lRS	1	5	2	/adm.php
I	lRS	1	182	2	/images/gta2+at-6+photo.jpg
I	lRS	1	82	2	/e/data/js/ajax.js
I	lRS	1	9	2	/wp-content/
I	lRS	1	232	2	/data/admin/allowurl.txt
I	lRS	1	6	2	/sql.php
I	lRS	1	57	2	/images/gt50t
I	lRS	1	41	2	/xxxss
I	lRS	1	2128	2	/index.php
I	lRS	1	293	1	/wp1/wp-includes/wlwmanifest.xml
I	lRS	1	278	1	/shop/wp-includes/wlwmanifest.xml
I	lRS	1	799	1	/administrator/index.php
I	lRS	1	1	1	/skin/default/js/tabs.js
I	lRS	1	40	1	/images/bme
I	lRS	1	18	1	/site/
I	lRS	1	28	1	/.well-known/security.txt
I	lRS	1	1	1	/ontactus.html
I	lRS	1	283891	79	[not listed: 21068]
L	*FR	2007	12	11	00	52
L	*LR	2021	04	09	23	33
L	*f	-20S	s
L	RS	28	28	35.223.197.125
L	RS	20	20	40.117.128.41
L	RS	43	19	207.46.13.64
L	RS	1377	18	216.244.66.229
L	RS	32	15	157.90.7.183
L	RS	59	12	157.55.39.115
L	RS	14	5	66.249.66.83
L	RS	5	5	45.193.217.194
L	RS	5	5	35.240.99.64
L	RS	4	4	213.159.215.68
L	RS	4	4	52.191.142.37
L	RS	4	4	178.20.157.98
L	RS	4	4	51.132.231.7
L	RS	4	4	223.247.154.173
L	RS	33	4	114.119.142.73
L	RS	4	4	192.99.62.49
L	RS	8	4	18.184.155.204
L	RS	32	4	23.99.11.135
L	RS	37	4	35.243.252.220
L	RS	4	4	52.64.20.252
L	RS	393462	201	[not listed: 72430]
K	*FR	2013	12	22	04	20
K	*LR	2021	04	07	01	52
K	*f	-30S	s
K	lRS	1	10	4	https://www.google.com
K	lRS	1	374	3	http://www.gtaeronautics.com/gtaTexan.html
K	lRS	1	227	2	https://www.google.com/
K	lRS	1	798	1	http://gtaeronautics.com/
K	lRS	1	49016	0	[not listed: 4816]
E	*FR	2008	01	06	10	12
E	*LR	2018	02	26	21	55
E	*f	-30S	s
E	lSR	1	0	179	[not listed: 6]
l	*FR	2008	01	06	10	12
l	*LR	2018	02	26	21	55
l	*f	-20S	s
l	SR	0	179	[not listed: 98]
v	*f	-20B	b
v	Rb	657415	58.386	66.113.131.59
v	Rb	277770	41.614	64.41.87.40
R	*FR	2008	01	06	10	12
R	*LR	2018	02	26	21	55
R	*f	-20R	r
R	R	178	66.113.131.59
R	R	1	64.41.87.40
M	*FR	2007	12	11	00	52
M	*LR	2021	04	09	23	33
M	*f	-20R	r
M	R	302606	66.113.131.59
M	R	92577	64.41.87.40
J	*FR	2007	12	11	00	53
J	*LR	2017	03	17	18	30
J	*f	-20R	r
J	R	9	gtaeronautics
J	R	5	lorrigkj
J	R	1	rullma2063
J	R	1	administrator
J	R	1	satish
J	R	1	nnnnn
P	*FR	2021	01	03	12	39
P	*LR	2021	04	09	23	57
P	R	20	0
P	R	0	<= 0.01
P	R	460	0.01-0.02
P	R	22681	0.02-0.05
P	R	52421	0.05-0.1 
P	R	66768	0.1 -0.2 
P	R	66252	0.2 -0.5 
P	R	34190	0.5 -1   
P	R	18015	1-  2 
P	R	7795	2-  5 
P	R	4467	5- 10 
P	R	1641	10- 20 
P	R	2546	20- 60 
P	R	405	60-120 
P	R	93	120-300 
