x	VE	analog 5.24
x	HN	gtaeronautics.com
x	PS	2024	08	05	02	05
x	FR	2007	12	18	17	05
x	LR	2024	08	04	04	39
x	E7	2024	08	05	02	05
x	SR	2094454
x	S7	9439
x	NC	689652
x	C7	0
x	FL	926858
x	F7	612
x	RR	260
x	R7	0
x	NH	115906
x	H7	539
x	BT	57520368399
x	B7	0
1	Rr	490248	23.407	2024
1	Rr	511208	24.408	2023
1	Rr	82334	3.931	2022
1	Rr	98917	4.723	2021
1	Rr	89380	4.267	2020
1	Rr	80088	3.824	2019
1	Rr	68927	3.291	2018
1	Rr	60168	2.873	2017
1	Rr	73316	3.500	2016
1	Rr	80796	3.858	2015
1	Rr	110773	5.289	2014
1	Rr	65173	3.112	2013
1	Rr	60742	2.900	2012
1	Rr	57015	2.722	2011
1	Rr	22139	1.057	2010
1	Rr	69710	3.328	2009
1	Rr	71820	3.429	2008
1	Rr	1700	0.081	2007
1	*BT	R	511208	2023
Q	Rr	76360	3.646	2024	3
Q	Rr	204456	9.762	2024	2
Q	Rr	209432	9.999	2024	1
Q	Rr	182268	8.702	2023	4
Q	Rr	165939	7.923	2023	3
Q	Rr	135306	6.460	2023	2
Q	Rr	27695	1.322	2023	1
Q	Rr	20307	0.970	2022	4
Q	Rr	20362	0.972	2022	3
Q	Rr	21795	1.041	2022	2
Q	Rr	19870	0.949	2022	1
Q	Rr	21154	1.010	2021	4
Q	Rr	26826	1.281	2021	3
Q	Rr	30675	1.465	2021	2
Q	Rr	20262	0.967	2021	1
Q	Rr	22199	1.060	2020	4
Q	Rr	23882	1.140	2020	3
Q	Rr	21656	1.034	2020	2
Q	Rr	21643	1.033	2020	1
Q	Rr	19098	0.912	2019	4
Q	Rr	19668	0.939	2019	3
Q	Rr	19827	0.947	2019	2
Q	Rr	21495	1.026	2019	1
Q	Rr	18129	0.866	2018	4
Q	Rr	17138	0.818	2018	3
Q	Rr	16928	0.808	2018	2
Q	Rr	16732	0.799	2018	1
Q	Rr	15937	0.761	2017	4
Q	Rr	0	0.000	2017	3
Q	Rr	16831	0.804	2017	2
Q	Rr	27400	1.308	2017	1
Q	Rr	22114	1.056	2016	4
Q	Rr	17621	0.841	2016	3
Q	Rr	15878	0.758	2016	2
Q	Rr	17703	0.845	2016	1
Q	Rr	16575	0.791	2015	4
Q	Rr	22104	1.055	2015	3
Q	Rr	22485	1.074	2015	2
Q	Rr	19632	0.937	2015	1
Q	Rr	21142	1.009	2014	4
Q	Rr	22272	1.063	2014	3
Q	Rr	31453	1.502	2014	2
Q	Rr	35906	1.714	2014	1
Q	Rr	16436	0.785	2013	4
Q	Rr	15216	0.726	2013	3
Q	Rr	16545	0.790	2013	2
Q	Rr	16976	0.811	2013	1
Q	Rr	16578	0.792	2012	4
Q	Rr	12511	0.597	2012	3
Q	Rr	15816	0.755	2012	2
Q	Rr	15837	0.756	2012	1
Q	Rr	15444	0.737	2011	4
Q	Rr	17386	0.830	2011	3
Q	Rr	9395	0.449	2011	2
Q	Rr	14790	0.706	2011	1
Q	Rr	1603	0.077	2010	4
Q	Rr	0	0.000	2010	3
Q	Rr	14047	0.671	2010	2
Q	Rr	6489	0.310	2010	1
Q	Rr	16350	0.781	2009	4
Q	Rr	18220	0.870	2009	3
Q	Rr	17115	0.817	2009	2
Q	Rr	18025	0.861	2009	1
Q	Rr	15905	0.759	2008	4
Q	Rr	15660	0.748	2008	3
Q	Rr	22448	1.072	2008	2
Q	Rr	17807	0.850	2008	1
Q	Rr	1700	0.081	2007	4
Q	*BT	R	209432	2024	1
m	Rr	2871	0.137	2024	08
m	Rr	73489	3.509	2024	07
m	Rr	69378	3.312	2024	06
m	Rr	72365	3.455	2024	05
m	Rr	62713	2.994	2024	04
m	Rr	66782	3.189	2024	03
m	Rr	68592	3.275	2024	02
m	Rr	74058	3.536	2024	01
m	Rr	54270	2.591	2023	12
m	Rr	61278	2.926	2023	11
m	Rr	66720	3.186	2023	10
m	Rr	51132	2.441	2023	09
m	Rr	54561	2.605	2023	08
m	Rr	60246	2.876	2023	07
m	Rr	66204	3.161	2023	06
m	Rr	60120	2.870	2023	05
m	Rr	8982	0.429	2023	04
m	Rr	10848	0.518	2023	03
m	Rr	8360	0.399	2023	02
m	Rr	8487	0.405	2023	01
m	Rr	6950	0.332	2022	12
m	Rr	6349	0.303	2022	11
m	Rr	7008	0.335	2022	10
m	Rr	6740	0.322	2022	09
m	Rr	6863	0.328	2022	08
m	Rr	6759	0.323	2022	07
m	Rr	6567	0.314	2022	06
m	Rr	8427	0.402	2022	05
m	Rr	6801	0.325	2022	04
m	Rr	6380	0.305	2022	03
m	Rr	6175	0.295	2022	02
m	Rr	7315	0.349	2022	01
m	Rr	7667	0.366	2021	12
m	Rr	7097	0.339	2021	11
m	Rr	6390	0.305	2021	10
m	Rr	6059	0.289	2021	09
m	Rr	9092	0.434	2021	08
m	Rr	11675	0.557	2021	07
m	Rr	10152	0.485	2021	06
m	Rr	10231	0.488	2021	05
m	Rr	10292	0.491	2021	04
m	Rr	7948	0.379	2021	03
m	Rr	5800	0.277	2021	02
m	Rr	6514	0.311	2021	01
m	Rr	8069	0.385	2020	12
m	Rr	6579	0.314	2020	11
m	Rr	7551	0.361	2020	10
m	Rr	8028	0.383	2020	09
m	Rr	7741	0.370	2020	08
m	Rr	8113	0.387	2020	07
m	Rr	7317	0.349	2020	06
m	Rr	6898	0.329	2020	05
m	Rr	7441	0.355	2020	04
m	Rr	7524	0.359	2020	03
m	Rr	7322	0.350	2020	02
m	Rr	6797	0.325	2020	01
m	Rr	6573	0.314	2019	12
m	Rr	5917	0.283	2019	11
m	Rr	6608	0.315	2019	10
m	Rr	6791	0.324	2019	09
m	Rr	6597	0.315	2019	08
m	Rr	6280	0.300	2019	07
m	Rr	6317	0.302	2019	06
m	Rr	6847	0.327	2019	05
m	Rr	6663	0.318	2019	04
m	Rr	7059	0.337	2019	03
m	Rr	6374	0.304	2019	02
m	Rr	8062	0.385	2019	01
m	Rr	6957	0.332	2018	12
m	Rr	5422	0.259	2018	11
m	Rr	5750	0.275	2018	10
m	Rr	5458	0.261	2018	09
m	Rr	5735	0.274	2018	08
m	Rr	5945	0.284	2018	07
m	Rr	7110	0.339	2018	06
m	Rr	6440	0.307	2018	05
m	Rr	3378	0.161	2018	04
m	Rr	5789	0.276	2018	03
m	Rr	5369	0.256	2018	02
m	Rr	5574	0.266	2018	01
m	Rr	3906	0.186	2017	12
m	Rr	6533	0.312	2017	11
m	Rr	5498	0.263	2017	10
m	Rr	0	0.000	2017	09
m	Rr	0	0.000	2017	08
m	Rr	0	0.000	2017	07
m	Rr	0	0.000	2017	06
m	Rr	6832	0.326	2017	05
m	Rr	9999	0.477	2017	04
m	Rr	11887	0.568	2017	03
m	Rr	7941	0.379	2017	02
m	Rr	7572	0.362	2017	01
m	Rr	9483	0.453	2016	12
m	Rr	7121	0.340	2016	11
m	Rr	5510	0.263	2016	10
m	Rr	6288	0.300	2016	09
m	Rr	5888	0.281	2016	08
m	Rr	5445	0.260	2016	07
m	Rr	5042	0.241	2016	06
m	Rr	5495	0.262	2016	05
m	Rr	5341	0.255	2016	04
m	Rr	5558	0.265	2016	03
m	Rr	5548	0.265	2016	02
m	Rr	6597	0.315	2016	01
m	Rr	5574	0.266	2015	12
m	Rr	5330	0.254	2015	11
m	Rr	5671	0.271	2015	10
m	Rr	6196	0.296	2015	09
m	Rr	6788	0.324	2015	08
m	Rr	9120	0.435	2015	07
m	Rr	7156	0.342	2015	06
m	Rr	5694	0.272	2015	05
m	Rr	9635	0.460	2015	04
m	Rr	6215	0.297	2015	03
m	Rr	6084	0.290	2015	02
m	Rr	7333	0.350	2015	01
m	Rr	6608	0.315	2014	12
m	Rr	6997	0.334	2014	11
m	Rr	7537	0.360	2014	10
m	Rr	7043	0.336	2014	09
m	Rr	7324	0.350	2014	08
m	Rr	7905	0.377	2014	07
m	Rr	11654	0.556	2014	06
m	Rr	9211	0.440	2014	05
m	Rr	10588	0.506	2014	04
m	Rr	7817	0.373	2014	03
m	Rr	15229	0.727	2014	02
m	Rr	12860	0.614	2014	01
m	Rr	5325	0.254	2013	12
m	Rr	5513	0.263	2013	11
m	Rr	5598	0.267	2013	10
m	Rr	4655	0.222	2013	09
m	Rr	4938	0.236	2013	08
m	Rr	5623	0.268	2013	07
m	Rr	5492	0.262	2013	06
m	Rr	5211	0.249	2013	05
m	Rr	5842	0.279	2013	04
m	Rr	6068	0.290	2013	03
m	Rr	5055	0.241	2013	02
m	Rr	5853	0.279	2013	01
m	Rr	5688	0.272	2012	12
m	Rr	5477	0.262	2012	11
m	Rr	5413	0.258	2012	10
m	Rr	4331	0.207	2012	09
m	Rr	3866	0.185	2012	08
m	Rr	4314	0.206	2012	07
m	Rr	4655	0.222	2012	06
m	Rr	6047	0.289	2012	05
m	Rr	5114	0.244	2012	04
m	Rr	6128	0.293	2012	03
m	Rr	5430	0.259	2012	02
m	Rr	4279	0.204	2012	01
m	Rr	5548	0.265	2011	12
m	Rr	4779	0.228	2011	11
m	Rr	5117	0.244	2011	10
m	Rr	5431	0.259	2011	09
m	Rr	6256	0.299	2011	08
m	Rr	5699	0.272	2011	07
m	Rr	5420	0.259	2011	06
m	Rr	3975	0.190	2011	05
m	Rr	0	0.000	2011	04
m	Rr	3608	0.172	2011	03
m	Rr	5171	0.247	2011	02
m	Rr	6011	0.287	2011	01
m	Rr	1603	0.077	2010	12
m	Rr	0	0.000	2010	11
m	Rr	0	0.000	2010	10
m	Rr	0	0.000	2010	09
m	Rr	0	0.000	2010	08
m	Rr	0	0.000	2010	07
m	Rr	4101	0.196	2010	06
m	Rr	5018	0.240	2010	05
m	Rr	4928	0.235	2010	04
m	Rr	5095	0.243	2010	03
m	Rr	1394	0.067	2010	02
m	Rr	0	0.000	2010	01
m	Rr	4665	0.223	2009	12
m	Rr	6187	0.295	2009	11
m	Rr	5498	0.263	2009	10
m	Rr	5066	0.242	2009	09
m	Rr	5718	0.273	2009	08
m	Rr	7436	0.355	2009	07
m	Rr	5685	0.271	2009	06
m	Rr	6120	0.292	2009	05
m	Rr	5310	0.254	2009	04
m	Rr	5515	0.263	2009	03
m	Rr	6123	0.292	2009	02
m	Rr	6387	0.305	2009	01
m	Rr	5763	0.275	2008	12
m	Rr	5420	0.259	2008	11
m	Rr	4722	0.225	2008	10
m	Rr	5435	0.259	2008	09
m	Rr	4843	0.231	2008	08
m	Rr	5382	0.257	2008	07
m	Rr	6082	0.290	2008	06
m	Rr	9946	0.475	2008	05
m	Rr	6420	0.307	2008	04
m	Rr	5431	0.259	2008	03
m	Rr	6469	0.309	2008	02
m	Rr	5907	0.282	2008	01
m	Rr	1700	0.081	2007	12
m	*BT	R	74058	2024	01
W	Rr	66	0.003	2024	08	04
W	Rr	11473	0.548	2024	07	28
W	Rr	15120	0.722	2024	07	21
W	Rr	14667	0.700	2024	07	14
W	Rr	18810	0.898	2024	07	07
W	Rr	18384	0.878	2024	06	30
W	Rr	16152	0.771	2024	06	23
W	Rr	16674	0.796	2024	06	16
W	Rr	13122	0.627	2024	06	09
W	Rr	18264	0.872	2024	06	02
W	Rr	17766	0.848	2024	05	26
W	Rr	14970	0.715	2024	05	19
W	Rr	14346	0.685	2024	05	12
W	Rr	17520	0.836	2024	05	05
W	Rr	17624	0.841	2024	04	28
W	Rr	15605	0.745	2024	04	21
W	Rr	14394	0.687	2024	04	14
W	Rr	13500	0.645	2024	04	07
W	Rr	13599	0.649	2024	03	31
W	Rr	16024	0.765	2024	03	24
W	Rr	14040	0.670	2024	03	17
W	Rr	16854	0.805	2024	03	10
W	Rr	15624	0.746	2024	03	03
W	Rr	17778	0.849	2024	02	25
W	Rr	13428	0.641	2024	02	18
W	Rr	16572	0.791	2024	02	11
W	Rr	17070	0.815	2024	02	04
W	Rr	26220	1.252	2024	01	28
W	Rr	14730	0.703	2024	01	21
W	Rr	13098	0.625	2024	01	14
W	Rr	15324	0.732	2024	01	07
W	Rr	12552	0.599	2023	12	31
W	Rr	11406	0.545	2023	12	24
W	Rr	11184	0.534	2023	12	17
W	Rr	13956	0.666	2023	12	10
W	Rr	13644	0.651	2023	12	03
W	Rr	12390	0.592	2023	11	26
W	Rr	11682	0.558	2023	11	19
W	Rr	15756	0.752	2023	11	12
W	Rr	16596	0.792	2023	11	05
W	Rr	16104	0.769	2023	10	29
W	Rr	13980	0.667	2023	10	22
W	Rr	15450	0.738	2023	10	15
W	Rr	14713	0.702	2023	10	08
W	Rr	14285	0.682	2023	10	01
W	Rr	14478	0.691	2023	09	24
W	Rr	11904	0.568	2023	09	17
W	Rr	10968	0.524	2023	09	10
W	Rr	10482	0.500	2023	09	03
W	Rr	10800	0.516	2023	08	27
W	Rr	14568	0.696	2023	08	20
W	Rr	12504	0.597	2023	08	13
W	Rr	12076	0.577	2023	08	06
W	Rr	10997	0.525	2023	07	30
W	Rr	13392	0.639	2023	07	23
W	Rr	13224	0.631	2023	07	16
W	Rr	16128	0.770	2023	07	09
W	Rr	13356	0.638	2023	07	02
W	Rr	12558	0.600	2023	06	25
W	Rr	17082	0.816	2023	06	18
W	Rr	16452	0.786	2023	06	11
W	Rr	15336	0.732	2023	06	04
W	Rr	13482	0.644	2023	05	28
W	Rr	16248	0.776	2023	05	21
W	Rr	15078	0.720	2023	05	14
W	Rr	17181	0.820	2023	05	07
W	Rr	4282	0.204	2023	04	30
W	Rr	2458	0.117	2023	04	23
W	Rr	2269	0.108	2023	04	16
W	Rr	1553	0.074	2023	04	09
W	Rr	2389	0.114	2023	04	02
W	Rr	1701	0.081	2023	03	26
W	Rr	1943	0.093	2023	03	19
W	Rr	2225	0.106	2023	03	12
W	Rr	2192	0.105	2023	03	05
W	Rr	4055	0.194	2023	02	26
W	Rr	2406	0.115	2023	02	19
W	Rr	1898	0.091	2023	02	12
W	Rr	1890	0.090	2023	02	05
W	Rr	1861	0.089	2023	01	29
W	Rr	1686	0.080	2023	01	22
W	Rr	1779	0.085	2023	01	15
W	Rr	1833	0.088	2023	01	08
W	Rr	2226	0.106	2023	01	01
W	Rr	1280	0.061	2022	12	25
W	Rr	1806	0.086	2022	12	18
W	Rr	1773	0.085	2022	12	11
W	Rr	1532	0.073	2022	12	04
W	Rr	1586	0.076	2022	11	27
W	Rr	1093	0.052	2022	11	20
W	Rr	1366	0.065	2022	11	13
W	Rr	1972	0.094	2022	11	06
W	Rr	1396	0.067	2022	10	30
W	Rr	1547	0.074	2022	10	23
W	Rr	1641	0.078	2022	10	16
W	Rr	1747	0.083	2022	10	09
W	Rr	1568	0.075	2022	10	02
W	Rr	1379	0.066	2022	09	25
W	Rr	1695	0.081	2022	09	18
W	Rr	1701	0.081	2022	09	11
W	Rr	1568	0.075	2022	09	04
W	Rr	1562	0.075	2022	08	28
W	Rr	1488	0.071	2022	08	21
W	Rr	1646	0.079	2022	08	14
W	Rr	1430	0.068	2022	08	07
W	Rr	1446	0.069	2022	07	31
W	Rr	1383	0.066	2022	07	24
W	Rr	1661	0.079	2022	07	17
W	Rr	1478	0.071	2022	07	10
W	Rr	1711	0.082	2022	07	03
W	Rr	1804	0.086	2022	06	26
W	Rr	1298	0.062	2022	06	19
W	Rr	1407	0.067	2022	06	12
W	Rr	1396	0.067	2022	06	05
W	Rr	1638	0.078	2022	05	29
W	Rr	1724	0.082	2022	05	22
W	Rr	2427	0.116	2022	05	15
W	Rr	2100	0.100	2022	05	08
W	Rr	1414	0.068	2022	05	01
W	Rr	1865	0.089	2022	04	24
W	Rr	1381	0.066	2022	04	17
W	Rr	1630	0.078	2022	04	10
W	Rr	1670	0.080	2022	04	03
W	Rr	1588	0.076	2022	03	27
W	Rr	1204	0.057	2022	03	20
W	Rr	1350	0.064	2022	03	13
W	Rr	1488	0.071	2022	03	06
W	Rr	1368	0.065	2022	02	27
W	Rr	1481	0.071	2022	02	20
W	Rr	1657	0.079	2022	02	13
W	Rr	1518	0.072	2022	02	06
W	Rr	1787	0.085	2022	01	30
W	Rr	2021	0.096	2022	01	23
W	Rr	1429	0.068	2022	01	16
W	Rr	1693	0.081	2022	01	09
W	Rr	1541	0.074	2022	01	02
W	Rr	1311	0.063	2021	12	26
W	Rr	1839	0.088	2021	12	19
W	Rr	1732	0.083	2021	12	12
W	Rr	2001	0.096	2021	12	05
W	Rr	1641	0.078	2021	11	28
W	Rr	1615	0.077	2021	11	21
W	Rr	1673	0.080	2021	11	14
W	Rr	1625	0.078	2021	11	07
W	Rr	1523	0.073	2021	10	31
W	Rr	1562	0.075	2021	10	24
W	Rr	1474	0.070	2021	10	17
W	Rr	1349	0.064	2021	10	10
W	Rr	1615	0.077	2021	10	03
W	Rr	1598	0.076	2021	09	26
W	Rr	1646	0.079	2021	09	19
W	Rr	1203	0.057	2021	09	12
W	Rr	1106	0.053	2021	09	05
W	Rr	1383	0.066	2021	08	29
W	Rr	1685	0.080	2021	08	22
W	Rr	2071	0.099	2021	08	15
W	Rr	2279	0.109	2021	08	08
W	Rr	2374	0.113	2021	08	01
W	Rr	2543	0.121	2021	07	25
W	Rr	2843	0.136	2021	07	18
W	Rr	2777	0.133	2021	07	11
W	Rr	2756	0.132	2021	07	04
W	Rr	2524	0.121	2021	06	27
W	Rr	2466	0.118	2021	06	20
W	Rr	2262	0.108	2021	06	13
W	Rr	2264	0.108	2021	06	06
W	Rr	2101	0.100	2021	05	30
W	Rr	3009	0.144	2021	05	23
W	Rr	1989	0.095	2021	05	16
W	Rr	2386	0.114	2021	05	09
W	Rr	2138	0.102	2021	05	02
W	Rr	1668	0.080	2021	04	25
W	Rr	2413	0.115	2021	04	18
W	Rr	3035	0.145	2021	04	11
W	Rr	2709	0.129	2021	04	04
W	Rr	1942	0.093	2021	03	28
W	Rr	1666	0.080	2021	03	21
W	Rr	1476	0.070	2021	03	14
W	Rr	1713	0.082	2021	03	07
W	Rr	1777	0.085	2021	02	28
W	Rr	1173	0.056	2021	02	21
W	Rr	1101	0.053	2021	02	14
W	Rr	1699	0.081	2021	02	07
W	Rr	1867	0.089	2021	01	31
W	Rr	1404	0.067	2021	01	24
W	Rr	1564	0.075	2021	01	17
W	Rr	1431	0.068	2021	01	10
W	Rr	1666	0.080	2021	01	03
W	Rr	1926	0.092	2020	12	27
W	Rr	1572	0.075	2020	12	20
W	Rr	1404	0.067	2020	12	13
W	Rr	2272	0.108	2020	12	06
W	Rr	1522	0.073	2020	11	29
W	Rr	1722	0.082	2020	11	22
W	Rr	1580	0.075	2020	11	15
W	Rr	1401	0.067	2020	11	08
W	Rr	1499	0.072	2020	11	01
W	Rr	1470	0.070	2020	10	25
W	Rr	2379	0.114	2020	10	18
W	Rr	1559	0.074	2020	10	11
W	Rr	1729	0.083	2020	10	04
W	Rr	1674	0.080	2020	09	27
W	Rr	1786	0.085	2020	09	20
W	Rr	2200	0.105	2020	09	13
W	Rr	1677	0.080	2020	09	06
W	Rr	1596	0.076	2020	08	30
W	Rr	1833	0.088	2020	08	23
W	Rr	1814	0.087	2020	08	16
W	Rr	2206	0.105	2020	08	09
W	Rr	1397	0.067	2020	08	02
W	Rr	1816	0.087	2020	07	26
W	Rr	1949	0.093	2020	07	19
W	Rr	1532	0.073	2020	07	12
W	Rr	1976	0.094	2020	07	05
W	Rr	1600	0.076	2020	06	28
W	Rr	1627	0.078	2020	06	21
W	Rr	2101	0.100	2020	06	14
W	Rr	1590	0.076	2020	06	07
W	Rr	1492	0.071	2020	05	31
W	Rr	1556	0.074	2020	05	24
W	Rr	1756	0.084	2020	05	17
W	Rr	1568	0.075	2020	05	10
W	Rr	1567	0.075	2020	05	03
W	Rr	1734	0.083	2020	04	26
W	Rr	1675	0.080	2020	04	19
W	Rr	1702	0.081	2020	04	12
W	Rr	1965	0.094	2020	04	05
W	Rr	1329	0.063	2020	03	29
W	Rr	1818	0.087	2020	03	22
W	Rr	1345	0.064	2020	03	15
W	Rr	1581	0.075	2020	03	08
W	Rr	2014	0.096	2020	03	01
W	Rr	1942	0.093	2020	02	23
W	Rr	1748	0.083	2020	02	16
W	Rr	1949	0.093	2020	02	09
W	Rr	1683	0.080	2020	02	02
W	Rr	1436	0.069	2020	01	26
W	Rr	1792	0.086	2020	01	19
W	Rr	1519	0.073	2020	01	12
W	Rr	1420	0.068	2020	01	05
W	Rr	1109	0.053	2019	12	29
W	Rr	1023	0.049	2019	12	22
W	Rr	1584	0.076	2019	12	15
W	Rr	1783	0.085	2019	12	08
W	Rr	1704	0.081	2019	12	01
W	Rr	1178	0.056	2019	11	24
W	Rr	1697	0.081	2019	11	17
W	Rr	1510	0.072	2019	11	10
W	Rr	1383	0.066	2019	11	03
W	Rr	1309	0.062	2019	10	27
W	Rr	1473	0.070	2019	10	20
W	Rr	1519	0.073	2019	10	13
W	Rr	1485	0.071	2019	10	06
W	Rr	1416	0.068	2019	09	29
W	Rr	1499	0.072	2019	09	22
W	Rr	1652	0.079	2019	09	15
W	Rr	1710	0.082	2019	09	08
W	Rr	1485	0.071	2019	09	01
W	Rr	1689	0.081	2019	08	25
W	Rr	1315	0.063	2019	08	18
W	Rr	1619	0.077	2019	08	11
W	Rr	1558	0.074	2019	08	04
W	Rr	1360	0.065	2019	07	28
W	Rr	1191	0.057	2019	07	21
W	Rr	1730	0.083	2019	07	14
W	Rr	1299	0.062	2019	07	07
W	Rr	1339	0.064	2019	06	30
W	Rr	1592	0.076	2019	06	23
W	Rr	1497	0.071	2019	06	16
W	Rr	1450	0.069	2019	06	09
W	Rr	1555	0.074	2019	06	02
W	Rr	1289	0.062	2019	05	26
W	Rr	1863	0.089	2019	05	19
W	Rr	1385	0.066	2019	05	12
W	Rr	1553	0.074	2019	05	05
W	Rr	1655	0.079	2019	04	28
W	Rr	1282	0.061	2019	04	21
W	Rr	1503	0.072	2019	04	14
W	Rr	1623	0.077	2019	04	07
W	Rr	1715	0.082	2019	03	31
W	Rr	1882	0.090	2019	03	24
W	Rr	1464	0.070	2019	03	17
W	Rr	1381	0.066	2019	03	10
W	Rr	1627	0.078	2019	03	03
W	Rr	1773	0.085	2019	02	24
W	Rr	1669	0.080	2019	02	17
W	Rr	1483	0.071	2019	02	10
W	Rr	1391	0.066	2019	02	03
W	Rr	1797	0.086	2019	01	27
W	Rr	1963	0.094	2019	01	20
W	Rr	2029	0.097	2019	01	13
W	Rr	1696	0.081	2019	01	06
W	Rr	1526	0.073	2018	12	30
W	Rr	1226	0.059	2018	12	23
W	Rr	1442	0.069	2018	12	16
W	Rr	1936	0.092	2018	12	09
W	Rr	1809	0.086	2018	12	02
W	Rr	1295	0.062	2018	11	25
W	Rr	1820	0.087	2018	11	18
W	Rr	1802	0.086	2018	11	11
W	Rr	0	0.000	2018	11	04
W	Rr	1473	0.070	2018	10	28
W	Rr	1106	0.053	2018	10	21
W	Rr	1427	0.068	2018	10	14
W	Rr	1214	0.058	2018	10	07
W	Rr	1168	0.056	2018	09	30
W	Rr	1420	0.068	2018	09	23
W	Rr	1197	0.057	2018	09	16
W	Rr	1388	0.066	2018	09	09
W	Rr	1320	0.063	2018	09	02
W	Rr	1246	0.059	2018	08	26
W	Rr	1214	0.058	2018	08	19
W	Rr	1366	0.065	2018	08	12
W	Rr	1195	0.057	2018	08	05
W	Rr	1346	0.064	2018	07	29
W	Rr	1374	0.066	2018	07	22
W	Rr	1508	0.072	2018	07	15
W	Rr	1522	0.073	2018	07	08
W	Rr	909	0.043	2018	07	01
W	Rr	1444	0.069	2018	06	24
W	Rr	2682	0.128	2018	06	17
W	Rr	1365	0.065	2018	06	10
W	Rr	1329	0.063	2018	06	03
W	Rr	1275	0.061	2018	05	27
W	Rr	1392	0.066	2018	05	20
W	Rr	1321	0.063	2018	05	13
W	Rr	1527	0.073	2018	05	06
W	Rr	1517	0.072	2018	04	29
W	Rr	0	0.000	2018	04	22
W	Rr	1364	0.065	2018	04	15
W	Rr	1712	0.082	2018	04	08
W	Rr	0	0.000	2018	04	01
W	Rr	1543	0.074	2018	03	25
W	Rr	1342	0.064	2018	03	18
W	Rr	2429	0.116	2018	03	11
W	Rr	0	0.000	2018	03	04
W	Rr	1366	0.065	2018	02	25
W	Rr	1308	0.062	2018	02	18
W	Rr	1439	0.069	2018	02	11
W	Rr	1731	0.083	2018	02	04
W	Rr	0	0.000	2018	01	28
W	Rr	1434	0.068	2018	01	21
W	Rr	1578	0.075	2018	01	14
W	Rr	1471	0.070	2018	01	07
W	Rr	1246	0.059	2017	12	31
W	Rr	1033	0.049	2017	12	24
W	Rr	1103	0.053	2017	12	17
W	Rr	1406	0.067	2017	12	10
W	Rr	0	0.000	2017	12	03
W	Rr	1335	0.064	2017	11	26
W	Rr	1427	0.068	2017	11	19
W	Rr	1662	0.079	2017	11	12
W	Rr	1414	0.068	2017	11	05
W	Rr	1349	0.064	2017	10	29
W	Rr	1208	0.058	2017	10	22
W	Rr	2013	0.096	2017	10	15
W	Rr	1832	0.087	2017	10	08
W	Rr	0	0.000	2017	10	01
W	Rr	0	0.000	2017	09	24
W	Rr	0	0.000	2017	09	17
W	Rr	0	0.000	2017	09	10
W	Rr	0	0.000	2017	09	03
W	Rr	0	0.000	2017	08	27
W	Rr	0	0.000	2017	08	20
W	Rr	0	0.000	2017	08	13
W	Rr	0	0.000	2017	08	06
W	Rr	0	0.000	2017	07	30
W	Rr	0	0.000	2017	07	23
W	Rr	0	0.000	2017	07	16
W	Rr	0	0.000	2017	07	09
W	Rr	0	0.000	2017	07	02
W	Rr	0	0.000	2017	06	25
W	Rr	0	0.000	2017	06	18
W	Rr	0	0.000	2017	06	11
W	Rr	0	0.000	2017	06	04
W	Rr	25	0.001	2017	05	28
W	Rr	1838	0.088	2017	05	21
W	Rr	1915	0.091	2017	05	14
W	Rr	1676	0.080	2017	05	07
W	Rr	1677	0.080	2017	04	30
W	Rr	2071	0.099	2017	04	23
W	Rr	1978	0.094	2017	04	16
W	Rr	1874	0.089	2017	04	09
W	Rr	3435	0.164	2017	04	02
W	Rr	2619	0.125	2017	03	26
W	Rr	2633	0.126	2017	03	19
W	Rr	2413	0.115	2017	03	12
W	Rr	3092	0.148	2017	03	05
W	Rr	2295	0.110	2017	02	26
W	Rr	2204	0.105	2017	02	19
W	Rr	1869	0.089	2017	02	12
W	Rr	1973	0.094	2017	02	05
W	Rr	1783	0.085	2017	01	29
W	Rr	1768	0.084	2017	01	22
W	Rr	1585	0.076	2017	01	15
W	Rr	1768	0.084	2017	01	08
W	Rr	1740	0.083	2017	01	01
W	Rr	1549	0.074	2016	12	25
W	Rr	2202	0.105	2016	12	18
W	Rr	1812	0.087	2016	12	11
W	Rr	2648	0.126	2016	12	04
W	Rr	2236	0.107	2016	11	27
W	Rr	1321	0.063	2016	11	20
W	Rr	1996	0.095	2016	11	13
W	Rr	1716	0.082	2016	11	06
W	Rr	1564	0.075	2016	10	30
W	Rr	1362	0.065	2016	10	23
W	Rr	1707	0.082	2016	10	16
W	Rr	1696	0.081	2016	10	09
W	Rr	36	0.002	2016	10	02
W	Rr	2002	0.096	2016	09	25
W	Rr	1399	0.067	2016	09	18
W	Rr	1199	0.057	2016	09	11
W	Rr	1326	0.063	2016	09	04
W	Rr	1316	0.063	2016	08	28
W	Rr	1257	0.060	2016	08	21
W	Rr	1208	0.058	2016	08	14
W	Rr	1602	0.076	2016	08	07
W	Rr	1319	0.063	2016	07	31
W	Rr	1796	0.086	2016	07	24
W	Rr	1171	0.056	2016	07	17
W	Rr	1167	0.056	2016	07	10
W	Rr	917	0.044	2016	07	03
W	Rr	920	0.044	2016	06	26
W	Rr	1179	0.056	2016	06	19
W	Rr	1288	0.061	2016	06	12
W	Rr	1237	0.059	2016	06	05
W	Rr	1263	0.060	2016	05	29
W	Rr	1338	0.064	2016	05	22
W	Rr	1184	0.057	2016	05	15
W	Rr	1365	0.065	2016	05	08
W	Rr	974	0.047	2016	05	01
W	Rr	1311	0.063	2016	04	24
W	Rr	1127	0.054	2016	04	17
W	Rr	1248	0.060	2016	04	10
W	Rr	1451	0.069	2016	04	03
W	Rr	987	0.047	2016	03	27
W	Rr	1233	0.059	2016	03	20
W	Rr	1347	0.064	2016	03	13
W	Rr	1347	0.064	2016	03	06
W	Rr	1236	0.059	2016	02	28
W	Rr	1422	0.068	2016	02	21
W	Rr	1085	0.052	2016	02	14
W	Rr	1427	0.068	2016	02	07
W	Rr	1359	0.065	2016	01	31
W	Rr	1708	0.082	2016	01	24
W	Rr	1476	0.070	2016	01	17
W	Rr	1563	0.075	2016	01	10
W	Rr	1381	0.066	2016	01	03
W	Rr	1273	0.061	2015	12	27
W	Rr	1084	0.052	2015	12	20
W	Rr	1344	0.064	2015	12	13
W	Rr	1336	0.064	2015	12	06
W	Rr	1123	0.054	2015	11	29
W	Rr	960	0.046	2015	11	22
W	Rr	1337	0.064	2015	11	15
W	Rr	1400	0.067	2015	11	08
W	Rr	1383	0.066	2015	11	01
W	Rr	1250	0.060	2015	10	25
W	Rr	1366	0.065	2015	10	18
W	Rr	1367	0.065	2015	10	11
W	Rr	1214	0.058	2015	10	04
W	Rr	1152	0.055	2015	09	27
W	Rr	1387	0.066	2015	09	20
W	Rr	1655	0.079	2015	09	13
W	Rr	1526	0.073	2015	09	06
W	Rr	1242	0.059	2015	08	30
W	Rr	1800	0.086	2015	08	23
W	Rr	1527	0.073	2015	08	16
W	Rr	1386	0.066	2015	08	09
W	Rr	1593	0.076	2015	08	02
W	Rr	1567	0.075	2015	07	26
W	Rr	1980	0.095	2015	07	19
W	Rr	2180	0.104	2015	07	12
W	Rr	2008	0.096	2015	07	05
W	Rr	2297	0.110	2015	06	28
W	Rr	1556	0.074	2015	06	21
W	Rr	1380	0.066	2015	06	14
W	Rr	2013	0.096	2015	06	07
W	Rr	1651	0.079	2015	05	31
W	Rr	1224	0.058	2015	05	24
W	Rr	1355	0.065	2015	05	17
W	Rr	1179	0.056	2015	05	10
W	Rr	1436	0.069	2015	05	03
W	Rr	1671	0.080	2015	04	26
W	Rr	1878	0.090	2015	04	19
W	Rr	2326	0.111	2015	04	12
W	Rr	2636	0.126	2015	04	05
W	Rr	2297	0.110	2015	03	29
W	Rr	1237	0.059	2015	03	22
W	Rr	1453	0.069	2015	03	15
W	Rr	1399	0.067	2015	03	08
W	Rr	1287	0.061	2015	03	01
W	Rr	1249	0.060	2015	02	22
W	Rr	1373	0.066	2015	02	15
W	Rr	1790	0.085	2015	02	08
W	Rr	1672	0.080	2015	02	01
W	Rr	1543	0.074	2015	01	25
W	Rr	1463	0.070	2015	01	18
W	Rr	1696	0.081	2015	01	11
W	Rr	1707	0.082	2015	01	04
W	Rr	1833	0.088	2014	12	28
W	Rr	1335	0.064	2014	12	21
W	Rr	1644	0.078	2014	12	14
W	Rr	1541	0.074	2014	12	07
W	Rr	1335	0.064	2014	11	30
W	Rr	1262	0.060	2014	11	23
W	Rr	2009	0.096	2014	11	16
W	Rr	1566	0.075	2014	11	09
W	Rr	1814	0.087	2014	11	02
W	Rr	1452	0.069	2014	10	26
W	Rr	1642	0.078	2014	10	19
W	Rr	1795	0.086	2014	10	12
W	Rr	1836	0.088	2014	10	05
W	Rr	1662	0.079	2014	09	28
W	Rr	1843	0.088	2014	09	21
W	Rr	1678	0.080	2014	09	14
W	Rr	1598	0.076	2014	09	07
W	Rr	1418	0.068	2014	08	31
W	Rr	1584	0.076	2014	08	24
W	Rr	1571	0.075	2014	08	17
W	Rr	1727	0.082	2014	08	10
W	Rr	1927	0.092	2014	08	03
W	Rr	1691	0.081	2014	07	27
W	Rr	1702	0.081	2014	07	20
W	Rr	1624	0.078	2014	07	13
W	Rr	1831	0.087	2014	07	06
W	Rr	1867	0.089	2014	06	29
W	Rr	1927	0.092	2014	06	22
W	Rr	2134	0.102	2014	06	15
W	Rr	4851	0.232	2014	06	08
W	Rr	2293	0.109	2014	06	01
W	Rr	3180	0.152	2014	05	25
W	Rr	1468	0.070	2014	05	18
W	Rr	1808	0.086	2014	05	11
W	Rr	1998	0.095	2014	05	04
W	Rr	1876	0.090	2014	04	27
W	Rr	2330	0.111	2014	04	20
W	Rr	2565	0.122	2014	04	13
W	Rr	2652	0.127	2014	04	06
W	Rr	2574	0.123	2014	03	30
W	Rr	1186	0.057	2014	03	23
W	Rr	1305	0.062	2014	03	16
W	Rr	2273	0.109	2014	03	09
W	Rr	2231	0.107	2014	03	02
W	Rr	1925	0.092	2014	02	23
W	Rr	7060	0.337	2014	02	16
W	Rr	2854	0.136	2014	02	09
W	Rr	3190	0.152	2014	02	02
W	Rr	3743	0.179	2014	01	26
W	Rr	3643	0.174	2014	01	19
W	Rr	2961	0.141	2014	01	12
W	Rr	2319	0.111	2014	01	05
W	Rr	981	0.047	2013	12	29
W	Rr	1108	0.053	2013	12	22
W	Rr	1226	0.059	2013	12	15
W	Rr	1285	0.061	2013	12	08
W	Rr	1289	0.062	2013	12	01
W	Rr	1404	0.067	2013	11	24
W	Rr	1142	0.055	2013	11	17
W	Rr	1334	0.064	2013	11	10
W	Rr	1277	0.061	2013	11	03
W	Rr	1035	0.049	2013	10	27
W	Rr	1309	0.062	2013	10	20
W	Rr	1302	0.062	2013	10	13
W	Rr	1432	0.068	2013	10	06
W	Rr	1178	0.056	2013	09	29
W	Rr	947	0.045	2013	09	22
W	Rr	1254	0.060	2013	09	15
W	Rr	1099	0.052	2013	09	08
W	Rr	1053	0.050	2013	09	01
W	Rr	1010	0.048	2013	08	25
W	Rr	1102	0.053	2013	08	18
W	Rr	1063	0.051	2013	08	11
W	Rr	1105	0.053	2013	08	04
W	Rr	1377	0.066	2013	07	28
W	Rr	1498	0.072	2013	07	21
W	Rr	1295	0.062	2013	07	14
W	Rr	1237	0.059	2013	07	07
W	Rr	1003	0.048	2013	06	30
W	Rr	1275	0.061	2013	06	23
W	Rr	1072	0.051	2013	06	16
W	Rr	1249	0.060	2013	06	09
W	Rr	1521	0.073	2013	06	02
W	Rr	1256	0.060	2013	05	26
W	Rr	1091	0.052	2013	05	19
W	Rr	1359	0.065	2013	05	12
W	Rr	1130	0.054	2013	05	05
W	Rr	1215	0.058	2013	04	28
W	Rr	1368	0.065	2013	04	21
W	Rr	1318	0.063	2013	04	14
W	Rr	1408	0.067	2013	04	07
W	Rr	1277	0.061	2013	03	31
W	Rr	1452	0.069	2013	03	24
W	Rr	1418	0.068	2013	03	17
W	Rr	1217	0.058	2013	03	10
W	Rr	1490	0.071	2013	03	03
W	Rr	1353	0.065	2013	02	24
W	Rr	1268	0.061	2013	02	17
W	Rr	1274	0.061	2013	02	10
W	Rr	1153	0.055	2013	02	03
W	Rr	1266	0.060	2013	01	27
W	Rr	1271	0.061	2013	01	20
W	Rr	1449	0.069	2013	01	13
W	Rr	1253	0.060	2013	01	06
W	Rr	1309	0.062	2012	12	30
W	Rr	1156	0.055	2012	12	23
W	Rr	1336	0.064	2012	12	16
W	Rr	1575	0.075	2012	12	09
W	Rr	1087	0.052	2012	12	02
W	Rr	1376	0.066	2012	11	25
W	Rr	1136	0.054	2012	11	18
W	Rr	1341	0.064	2012	11	11
W	Rr	1418	0.068	2012	11	04
W	Rr	1103	0.053	2012	10	28
W	Rr	1200	0.057	2012	10	21
W	Rr	1382	0.066	2012	10	14
W	Rr	1127	0.054	2012	10	07
W	Rr	1187	0.057	2012	09	30
W	Rr	1172	0.056	2012	09	23
W	Rr	1034	0.049	2012	09	16
W	Rr	944	0.045	2012	09	09
W	Rr	958	0.046	2012	09	02
W	Rr	734	0.035	2012	08	26
W	Rr	881	0.042	2012	08	19
W	Rr	874	0.042	2012	08	12
W	Rr	973	0.046	2012	08	05
W	Rr	1010	0.048	2012	07	29
W	Rr	943	0.045	2012	07	22
W	Rr	1089	0.052	2012	07	15
W	Rr	888	0.042	2012	07	08
W	Rr	845	0.040	2012	07	01
W	Rr	1070	0.051	2012	06	24
W	Rr	1050	0.050	2012	06	17
W	Rr	1271	0.061	2012	06	10
W	Rr	957	0.046	2012	06	03
W	Rr	1249	0.060	2012	05	27
W	Rr	1055	0.050	2012	05	20
W	Rr	1392	0.066	2012	05	13
W	Rr	1140	0.054	2012	05	06
W	Rr	1807	0.086	2012	04	29
W	Rr	1225	0.058	2012	04	22
W	Rr	1264	0.060	2012	04	15
W	Rr	1075	0.051	2012	04	08
W	Rr	1261	0.060	2012	04	01
W	Rr	1345	0.064	2012	03	25
W	Rr	1254	0.060	2012	03	18
W	Rr	1478	0.071	2012	03	11
W	Rr	1503	0.072	2012	03	04
W	Rr	1532	0.073	2012	02	26
W	Rr	1464	0.070	2012	02	19
W	Rr	1154	0.055	2012	02	12
W	Rr	1240	0.059	2012	02	05
W	Rr	1088	0.052	2012	01	29
W	Rr	1125	0.054	2012	01	22
W	Rr	60	0.003	2012	01	15
W	Rr	1472	0.070	2012	01	08
W	Rr	1122	0.054	2012	01	01
W	Rr	888	0.042	2011	12	25
W	Rr	1360	0.065	2011	12	18
W	Rr	1486	0.071	2011	12	11
W	Rr	1330	0.064	2011	12	04
W	Rr	1094	0.052	2011	11	27
W	Rr	1062	0.051	2011	11	20
W	Rr	1123	0.054	2011	11	13
W	Rr	975	0.047	2011	11	06
W	Rr	1264	0.060	2011	10	30
W	Rr	1140	0.054	2011	10	23
W	Rr	1211	0.058	2011	10	16
W	Rr	1236	0.059	2011	10	09
W	Rr	1128	0.054	2011	10	02
W	Rr	1083	0.052	2011	09	25
W	Rr	1451	0.069	2011	09	18
W	Rr	1278	0.061	2011	09	11
W	Rr	1219	0.058	2011	09	04
W	Rr	1316	0.063	2011	08	28
W	Rr	1119	0.053	2011	08	21
W	Rr	1484	0.071	2011	08	14
W	Rr	1671	0.080	2011	08	07
W	Rr	1319	0.063	2011	07	31
W	Rr	1197	0.057	2011	07	24
W	Rr	1504	0.072	2011	07	17
W	Rr	1367	0.065	2011	07	10
W	Rr	1205	0.058	2011	07	03
W	Rr	1333	0.064	2011	06	26
W	Rr	1059	0.051	2011	06	19
W	Rr	1353	0.065	2011	06	12
W	Rr	1275	0.061	2011	06	05
W	Rr	983	0.047	2011	05	29
W	Rr	1262	0.060	2011	05	22
W	Rr	1374	0.066	2011	05	15
W	Rr	1076	0.051	2011	05	08
W	Rr	0	0.000	2011	05	01
W	Rr	0	0.000	2011	04	24
W	Rr	0	0.000	2011	04	17
W	Rr	0	0.000	2011	04	10
W	Rr	0	0.000	2011	04	03
W	Rr	0	0.000	2011	03	27
W	Rr	24	0.001	2011	03	20
W	Rr	1317	0.063	2011	03	13
W	Rr	1258	0.060	2011	03	06
W	Rr	1372	0.066	2011	02	27
W	Rr	1226	0.059	2011	02	20
W	Rr	1524	0.073	2011	02	13
W	Rr	1366	0.065	2011	02	06
W	Rr	958	0.046	2011	01	30
W	Rr	1273	0.061	2011	01	23
W	Rr	1560	0.074	2011	01	16
W	Rr	1472	0.070	2011	01	09
W	Rr	1310	0.063	2011	01	02
W	Rr	798	0.038	2010	12	26
W	Rr	935	0.045	2010	12	19
W	Rr	0	0.000	2010	12	12
W	Rr	0	0.000	2010	12	05
W	Rr	0	0.000	2010	11	28
W	Rr	0	0.000	2010	11	21
W	Rr	0	0.000	2010	11	14
W	Rr	0	0.000	2010	11	07
W	Rr	0	0.000	2010	10	31
W	Rr	0	0.000	2010	10	24
W	Rr	0	0.000	2010	10	17
W	Rr	0	0.000	2010	10	10
W	Rr	0	0.000	2010	10	03
W	Rr	0	0.000	2010	09	26
W	Rr	0	0.000	2010	09	19
W	Rr	0	0.000	2010	09	12
W	Rr	0	0.000	2010	09	05
W	Rr	0	0.000	2010	08	29
W	Rr	0	0.000	2010	08	22
W	Rr	0	0.000	2010	08	15
W	Rr	0	0.000	2010	08	08
W	Rr	0	0.000	2010	08	01
W	Rr	0	0.000	2010	07	25
W	Rr	0	0.000	2010	07	18
W	Rr	0	0.000	2010	07	11
W	Rr	0	0.000	2010	07	04
W	Rr	15	0.001	2010	06	27
W	Rr	914	0.044	2010	06	20
W	Rr	1104	0.053	2010	06	13
W	Rr	1096	0.052	2010	06	06
W	Rr	1171	0.056	2010	05	30
W	Rr	1115	0.053	2010	05	23
W	Rr	1170	0.056	2010	05	16
W	Rr	1334	0.064	2010	05	09
W	Rr	1109	0.053	2010	05	02
W	Rr	1067	0.051	2010	04	25
W	Rr	1212	0.058	2010	04	18
W	Rr	1054	0.050	2010	04	11
W	Rr	1325	0.063	2010	04	04
W	Rr	811	0.039	2010	03	28
W	Rr	1195	0.057	2010	03	21
W	Rr	1338	0.064	2010	03	14
W	Rr	1113	0.053	2010	03	07
W	Rr	1103	0.053	2010	02	28
W	Rr	1290	0.062	2010	02	21
W	Rr	0	0.000	2010	02	14
W	Rr	0	0.000	2010	02	07
W	Rr	0	0.000	2010	01	31
W	Rr	0	0.000	2010	01	24
W	Rr	0	0.000	2010	01	17
W	Rr	0	0.000	2010	01	10
W	Rr	0	0.000	2010	01	03
W	Rr	78	0.004	2009	12	27
W	Rr	945	0.045	2009	12	20
W	Rr	1140	0.054	2009	12	13
W	Rr	1323	0.063	2009	12	06
W	Rr	1518	0.072	2009	11	29
W	Rr	1352	0.065	2009	11	22
W	Rr	1346	0.064	2009	11	15
W	Rr	1416	0.068	2009	11	08
W	Rr	1734	0.083	2009	11	01
W	Rr	1035	0.049	2009	10	25
W	Rr	1297	0.062	2009	10	18
W	Rr	1267	0.060	2009	10	11
W	Rr	1440	0.069	2009	10	04
W	Rr	1521	0.073	2009	09	27
W	Rr	1121	0.054	2009	09	20
W	Rr	875	0.042	2009	09	13
W	Rr	1032	0.049	2009	09	06
W	Rr	1283	0.061	2009	08	30
W	Rr	1214	0.058	2009	08	23
W	Rr	1402	0.067	2009	08	16
W	Rr	1260	0.060	2009	08	09
W	Rr	1404	0.067	2009	08	02
W	Rr	1380	0.066	2009	07	26
W	Rr	1470	0.070	2009	07	19
W	Rr	1750	0.084	2009	07	12
W	Rr	1847	0.088	2009	07	05
W	Rr	1889	0.090	2009	06	28
W	Rr	1312	0.063	2009	06	21
W	Rr	1093	0.052	2009	06	14
W	Rr	1363	0.065	2009	06	07
W	Rr	1251	0.060	2009	05	31
W	Rr	1352	0.065	2009	05	24
W	Rr	1133	0.054	2009	05	17
W	Rr	1887	0.090	2009	05	10
W	Rr	1369	0.065	2009	05	03
W	Rr	1089	0.052	2009	04	26
W	Rr	1160	0.055	2009	04	19
W	Rr	1189	0.057	2009	04	12
W	Rr	1529	0.073	2009	04	05
W	Rr	1155	0.055	2009	03	29
W	Rr	1230	0.059	2009	03	22
W	Rr	1029	0.049	2009	03	15
W	Rr	1234	0.059	2009	03	08
W	Rr	1486	0.071	2009	03	01
W	Rr	1470	0.070	2009	02	22
W	Rr	1198	0.057	2009	02	15
W	Rr	1802	0.086	2009	02	08
W	Rr	1653	0.079	2009	02	01
W	Rr	1346	0.064	2009	01	25
W	Rr	1431	0.068	2009	01	18
W	Rr	1678	0.080	2009	01	11
W	Rr	1591	0.076	2009	01	04
W	Rr	886	0.042	2008	12	28
W	Rr	1148	0.055	2008	12	21
W	Rr	1428	0.068	2008	12	14
W	Rr	1508	0.072	2008	12	07
W	Rr	1194	0.057	2008	11	30
W	Rr	1070	0.051	2008	11	23
W	Rr	1396	0.067	2008	11	16
W	Rr	1255	0.060	2008	11	09
W	Rr	1314	0.063	2008	11	02
W	Rr	1397	0.067	2008	10	26
W	Rr	1638	0.078	2008	10	19
W	Rr	1298	0.062	2008	10	12
W	Rr	430	0.021	2008	10	05
W	Rr	723	0.035	2008	09	28
W	Rr	1308	0.062	2008	09	21
W	Rr	1242	0.059	2008	09	14
W	Rr	1409	0.067	2008	09	07
W	Rr	1142	0.055	2008	08	31
W	Rr	1022	0.049	2008	08	24
W	Rr	1062	0.051	2008	08	17
W	Rr	1188	0.057	2008	08	10
W	Rr	1232	0.059	2008	08	03
W	Rr	1050	0.050	2008	07	27
W	Rr	1272	0.061	2008	07	20
W	Rr	1305	0.062	2008	07	13
W	Rr	1093	0.052	2008	07	06
W	Rr	1182	0.056	2008	06	29
W	Rr	1937	0.092	2008	06	22
W	Rr	1493	0.071	2008	06	15
W	Rr	1083	0.052	2008	06	08
W	Rr	1283	0.061	2008	06	01
W	Rr	1432	0.068	2008	05	25
W	Rr	1726	0.082	2008	05	18
W	Rr	1580	0.075	2008	05	11
W	Rr	2661	0.127	2008	05	04
W	Rr	3648	0.174	2008	04	27
W	Rr	1400	0.067	2008	04	20
W	Rr	1365	0.065	2008	04	13
W	Rr	1213	0.058	2008	04	06
W	Rr	1670	0.080	2008	03	30
W	Rr	1211	0.058	2008	03	23
W	Rr	1144	0.055	2008	03	16
W	Rr	1301	0.062	2008	03	09
W	Rr	1292	0.062	2008	03	02
W	Rr	1427	0.068	2008	02	24
W	Rr	2207	0.105	2008	02	17
W	Rr	1124	0.054	2008	02	10
W	Rr	1561	0.075	2008	02	03
W	Rr	1533	0.073	2008	01	27
W	Rr	1389	0.066	2008	01	20
W	Rr	1133	0.054	2008	01	13
W	Rr	1404	0.067	2008	01	06
W	Rr	976	0.047	2007	12	30
W	Rr	801	0.038	2007	12	23
W	Rr	675	0.032	2007	12	16
W	*BT	R	26220	2024	01	28
D	Rr	66	0.003	2024	08	04
D	Rr	362	0.017	2024	08	03
D	Rr	1247	0.060	2024	08	02
D	Rr	1196	0.057	2024	08	01
D	Rr	1397	0.067	2024	07	31
D	Rr	3077	0.147	2024	07	30
D	Rr	2148	0.103	2024	07	29
D	Rr	2046	0.098	2024	07	28
D	Rr	2826	0.135	2024	07	27
D	Rr	3072	0.147	2024	07	26
D	Rr	1998	0.095	2024	07	25
D	Rr	2359	0.113	2024	07	24
D	Rr	1690	0.081	2024	07	23
D	Rr	1550	0.074	2024	07	22
D	Rr	1625	0.078	2024	07	21
D	Rr	1725	0.082	2024	07	20
D	Rr	1805	0.086	2024	07	19
D	Rr	1417	0.068	2024	07	18
D	Rr	2202	0.105	2024	07	17
D	Rr	2658	0.127	2024	07	16
D	Rr	2394	0.114	2024	07	15
D	Rr	2466	0.118	2024	07	14
D	Rr	2676	0.128	2024	07	13
D	Rr	3204	0.153	2024	07	12
D	Rr	2922	0.140	2024	07	11
D	Rr	2562	0.122	2024	07	10
D	Rr	1974	0.094	2024	07	09
D	Rr	2736	0.131	2024	07	08
D	Rr	2736	0.131	2024	07	07
D	Rr	3030	0.145	2024	07	06
D	Rr	1590	0.076	2024	07	05
D	Rr	2544	0.121	2024	07	04
D	Rr	2574	0.123	2024	07	03
D	Rr	3138	0.150	2024	07	02
D	Rr	3348	0.160	2024	07	01
D	Rr	2160	0.103	2024	06	30
D	Rr	1530	0.073	2024	06	29
D	Rr	2712	0.129	2024	06	28
D	Rr	2136	0.102	2024	06	27
D	Rr	2280	0.109	2024	06	26
D	Rr	2928	0.140	2024	06	25
D	Rr	2658	0.127	2024	06	24
D	*BT	R	9912	2024	01	29
d	Rr	247761	11.829	Sun
d	Rr	340596	16.262	Mon
d	Rr	341455	16.303	Tue
d	Rr	338244	16.150	Wed
d	Rr	327877	15.655	Thu
d	Rr	307072	14.661	Fri
d	Rr	191449	9.141	Sat
H	Rr	17	0.001	2024	08	04	04
H	Rr	12	0.001	2024	08	04	03
H	Rr	14	0.001	2024	08	04	02
H	Rr	14	0.001	2024	08	04	01
H	Rr	9	0.000	2024	08	04	00
H	Rr	12	0.001	2024	08	03	23
H	Rr	0	0.000	2024	08	03	22
H	Rr	5	0.000	2024	08	03	21
H	Rr	29	0.001	2024	08	03	20
H	Rr	3	0.000	2024	08	03	19
H	Rr	0	0.000	2024	08	03	18
H	Rr	6	0.000	2024	08	03	17
H	Rr	9	0.000	2024	08	03	16
H	Rr	26	0.001	2024	08	03	15
H	Rr	7	0.000	2024	08	03	14
H	Rr	61	0.003	2024	08	03	13
H	Rr	14	0.001	2024	08	03	12
H	Rr	19	0.001	2024	08	03	11
H	Rr	36	0.002	2024	08	03	10
H	Rr	10	0.000	2024	08	03	09
H	Rr	25	0.001	2024	08	03	08
H	Rr	3	0.000	2024	08	03	07
H	Rr	32	0.002	2024	08	03	06
H	Rr	3	0.000	2024	08	03	05
H	Rr	22	0.001	2024	08	03	04
H	Rr	10	0.000	2024	08	03	03
H	Rr	14	0.001	2024	08	03	02
H	Rr	8	0.000	2024	08	03	01
H	Rr	8	0.000	2024	08	03	00
H	Rr	8	0.000	2024	08	02	23
H	Rr	54	0.003	2024	08	02	22
H	Rr	22	0.001	2024	08	02	21
H	Rr	16	0.001	2024	08	02	20
H	Rr	36	0.002	2024	08	02	19
H	Rr	156	0.007	2024	08	02	18
H	Rr	30	0.001	2024	08	02	17
H	Rr	10	0.000	2024	08	02	16
H	Rr	74	0.004	2024	08	02	15
H	Rr	0	0.000	2024	08	02	14
H	Rr	82	0.004	2024	08	02	13
H	Rr	16	0.001	2024	08	02	12
H	Rr	44	0.002	2024	08	02	11
H	Rr	16	0.001	2024	08	02	10
H	Rr	14	0.001	2024	08	02	09
H	Rr	4	0.000	2024	08	02	08
H	Rr	264	0.013	2024	08	02	07
H	Rr	88	0.004	2024	08	02	06
H	Rr	16	0.001	2024	08	02	05
H	Rr	186	0.009	2024	08	02	04
H	Rr	6	0.000	2024	08	02	03
H	Rr	66	0.003	2024	08	02	02
H	Rr	30	0.001	2024	08	02	01
H	Rr	9	0.000	2024	08	02	00
H	Rr	15	0.001	2024	08	01	23
H	Rr	18	0.001	2024	08	01	22
H	Rr	12	0.001	2024	08	01	21
H	Rr	135	0.006	2024	08	01	20
H	Rr	105	0.005	2024	08	01	19
H	Rr	18	0.001	2024	08	01	18
H	Rr	21	0.001	2024	08	01	17
H	Rr	150	0.007	2024	08	01	16
H	Rr	162	0.008	2024	08	01	15
H	Rr	24	0.001	2024	08	01	14
H	Rr	48	0.002	2024	08	01	13
H	Rr	54	0.003	2024	08	01	12
H	Rr	63	0.003	2024	08	01	11
H	Rr	36	0.002	2024	08	01	10
H	Rr	18	0.001	2024	08	01	09
H	Rr	30	0.001	2024	08	01	08
H	Rr	69	0.003	2024	08	01	07
H	Rr	21	0.001	2024	08	01	06
H	Rr	93	0.004	2024	08	01	05
H	*BT	R	1638	2024	01	29	20
h	Rr	81074	3.871	00
h	Rr	75603	3.610	01
h	Rr	79322	3.787	02
h	Rr	80329	3.835	03
h	Rr	77052	3.679	04
h	Rr	82262	3.928	05
h	Rr	73451	3.507	06
h	Rr	70839	3.382	07
h	Rr	66068	3.154	08
h	Rr	65888	3.146	09
h	Rr	69218	3.305	10
h	Rr	72467	3.460	11
h	Rr	73086	3.490	12
h	Rr	79171	3.780	13
h	Rr	98390	4.698	14
h	Rr	101026	4.824	15
h	Rr	113814	5.434	16
h	Rr	117005	5.586	17
h	Rr	119178	5.690	18
h	Rr	111119	5.305	19
h	Rr	107344	5.125	20
h	Rr	101356	4.839	21
h	Rr	92919	4.436	22
h	Rr	86473	4.129	23
4	Rr	1	0.000	2024	08	04	04	30
4	Rr	10	0.000	2024	08	04	04	15
4	Rr	6	0.000	2024	08	04	04	00
4	Rr	3	0.000	2024	08	04	03	45
4	Rr	3	0.000	2024	08	04	03	30
4	Rr	2	0.000	2024	08	04	03	15
4	Rr	4	0.000	2024	08	04	03	00
4	Rr	13	0.001	2024	08	04	02	45
4	Rr	0	0.000	2024	08	04	02	30
4	Rr	1	0.000	2024	08	04	02	15
4	Rr	0	0.000	2024	08	04	02	00
4	Rr	6	0.000	2024	08	04	01	45
4	Rr	8	0.000	2024	08	04	01	30
4	Rr	0	0.000	2024	08	04	01	15
4	Rr	0	0.000	2024	08	04	01	00
4	Rr	1	0.000	2024	08	04	00	45
4	Rr	1	0.000	2024	08	04	00	30
4	Rr	3	0.000	2024	08	04	00	15
4	Rr	4	0.000	2024	08	04	00	00
4	Rr	2	0.000	2024	08	03	23	45
4	Rr	3	0.000	2024	08	03	23	30
4	Rr	0	0.000	2024	08	03	23	15
4	Rr	7	0.000	2024	08	03	23	00
4	Rr	0	0.000	2024	08	03	22	45
4	Rr	0	0.000	2024	08	03	22	30
4	Rr	0	0.000	2024	08	03	22	15
4	Rr	0	0.000	2024	08	03	22	00
4	Rr	1	0.000	2024	08	03	21	45
4	Rr	2	0.000	2024	08	03	21	30
4	Rr	1	0.000	2024	08	03	21	15
4	Rr	1	0.000	2024	08	03	21	00
4	Rr	0	0.000	2024	08	03	20	45
4	Rr	2	0.000	2024	08	03	20	30
4	Rr	26	0.001	2024	08	03	20	15
4	Rr	1	0.000	2024	08	03	20	00
4	Rr	0	0.000	2024	08	03	19	45
4	Rr	1	0.000	2024	08	03	19	30
4	Rr	1	0.000	2024	08	03	19	15
4	Rr	1	0.000	2024	08	03	19	00
4	Rr	0	0.000	2024	08	03	18	45
4	Rr	0	0.000	2024	08	03	18	30
4	Rr	0	0.000	2024	08	03	18	15
4	Rr	0	0.000	2024	08	03	18	00
4	Rr	2	0.000	2024	08	03	17	45
4	Rr	4	0.000	2024	08	03	17	30
4	Rr	0	0.000	2024	08	03	17	15
4	Rr	0	0.000	2024	08	03	17	00
4	Rr	0	0.000	2024	08	03	16	45
4	Rr	1	0.000	2024	08	03	16	30
4	Rr	4	0.000	2024	08	03	16	15
4	Rr	4	0.000	2024	08	03	16	00
4	Rr	10	0.000	2024	08	03	15	45
4	Rr	14	0.001	2024	08	03	15	30
4	Rr	1	0.000	2024	08	03	15	15
4	Rr	1	0.000	2024	08	03	15	00
4	Rr	5	0.000	2024	08	03	14	45
4	Rr	1	0.000	2024	08	03	14	30
4	Rr	1	0.000	2024	08	03	14	15
4	Rr	0	0.000	2024	08	03	14	00
4	Rr	24	0.001	2024	08	03	13	45
4	Rr	34	0.002	2024	08	03	13	30
4	Rr	1	0.000	2024	08	03	13	15
4	Rr	2	0.000	2024	08	03	13	00
4	Rr	1	0.000	2024	08	03	12	45
4	Rr	8	0.000	2024	08	03	12	30
4	Rr	2	0.000	2024	08	03	12	15
4	Rr	3	0.000	2024	08	03	12	00
4	Rr	0	0.000	2024	08	03	11	45
4	Rr	0	0.000	2024	08	03	11	30
4	Rr	19	0.001	2024	08	03	11	15
4	Rr	0	0.000	2024	08	03	11	00
4	Rr	0	0.000	2024	08	03	10	45
4	Rr	0	0.000	2024	08	03	10	30
4	Rr	33	0.002	2024	08	03	10	15
4	Rr	3	0.000	2024	08	03	10	00
4	Rr	5	0.000	2024	08	03	09	45
4	Rr	2	0.000	2024	08	03	09	30
4	Rr	2	0.000	2024	08	03	09	15
4	Rr	1	0.000	2024	08	03	09	00
4	Rr	0	0.000	2024	08	03	08	45
4	Rr	1	0.000	2024	08	03	08	30
4	Rr	2	0.000	2024	08	03	08	15
4	Rr	22	0.001	2024	08	03	08	00
4	Rr	2	0.000	2024	08	03	07	45
4	Rr	1	0.000	2024	08	03	07	30
4	Rr	0	0.000	2024	08	03	07	15
4	Rr	0	0.000	2024	08	03	07	00
4	Rr	1	0.000	2024	08	03	06	45
4	Rr	27	0.001	2024	08	03	06	30
4	Rr	0	0.000	2024	08	03	06	15
4	Rr	4	0.000	2024	08	03	06	00
4	Rr	0	0.000	2024	08	03	05	45
4	Rr	2	0.000	2024	08	03	05	30
4	Rr	1	0.000	2024	08	03	05	15
4	Rr	0	0.000	2024	08	03	05	00
4	Rr	2	0.000	2024	08	03	04	45
4	*BT	R	1068	2024	05	06	16	00
6	Rr	22275	1.064	00	00
6	Rr	19581	0.935	00	15
6	Rr	19938	0.952	00	30
6	Rr	19280	0.921	00	45
6	Rr	17177	0.820	01	00
6	Rr	19527	0.932	01	15
6	Rr	18421	0.880	01	30
6	Rr	20478	0.978	01	45
6	Rr	17920	0.856	02	00
6	Rr	21254	1.015	02	15
6	Rr	20160	0.963	02	30
6	Rr	19988	0.954	02	45
6	Rr	19922	0.951	03	00
6	Rr	19590	0.935	03	15
6	Rr	19135	0.914	03	30
6	Rr	21682	1.035	03	45
6	Rr	18989	0.907	04	00
6	Rr	17574	0.839	04	15
6	Rr	19331	0.923	04	30
6	Rr	21158	1.010	04	45
6	Rr	17776	0.849	05	00
6	Rr	20781	0.992	05	15
6	Rr	20325	0.970	05	30
6	Rr	23380	1.116	05	45
6	Rr	20032	0.956	06	00
6	Rr	17562	0.839	06	15
6	Rr	19434	0.928	06	30
6	Rr	16423	0.784	06	45
6	Rr	18206	0.869	07	00
6	Rr	17775	0.849	07	15
6	Rr	17450	0.833	07	30
6	Rr	17408	0.831	07	45
6	Rr	16135	0.770	08	00
6	Rr	16555	0.790	08	15
6	Rr	17666	0.843	08	30
6	Rr	15712	0.750	08	45
6	Rr	15874	0.758	09	00
6	Rr	16161	0.772	09	15
6	Rr	17946	0.857	09	30
6	Rr	15907	0.759	09	45
6	Rr	15533	0.742	10	00
6	Rr	16442	0.785	10	15
6	Rr	19712	0.941	10	30
6	Rr	17531	0.837	10	45
6	Rr	19148	0.914	11	00
6	Rr	18773	0.896	11	15
6	Rr	18123	0.865	11	30
6	Rr	16423	0.784	11	45
6	Rr	18540	0.885	12	00
6	Rr	17510	0.836	12	15
6	Rr	17823	0.851	12	30
6	Rr	19213	0.917	12	45
6	Rr	19112	0.913	13	00
6	Rr	20497	0.979	13	15
6	Rr	20211	0.965	13	30
6	Rr	19351	0.924	13	45
6	Rr	23743	1.134	14	00
6	Rr	25551	1.220	14	15
6	Rr	24502	1.170	14	30
6	Rr	24594	1.174	14	45
6	Rr	24360	1.163	15	00
6	Rr	24111	1.151	15	15
6	Rr	26805	1.280	15	30
6	Rr	25750	1.229	15	45
6	Rr	29615	1.414	16	00
6	Rr	28611	1.366	16	15
6	Rr	26964	1.287	16	30
6	Rr	28624	1.367	16	45
6	Rr	29784	1.422	17	00
6	Rr	28916	1.381	17	15
6	Rr	29017	1.385	17	30
6	Rr	29288	1.398	17	45
6	Rr	33429	1.596	18	00
6	Rr	27550	1.315	18	15
6	Rr	29442	1.406	18	30
6	Rr	28757	1.373	18	45
6	Rr	29339	1.401	19	00
6	Rr	24983	1.193	19	15
6	Rr	26508	1.266	19	30
6	Rr	30289	1.446	19	45
6	Rr	26974	1.288	20	00
6	Rr	27617	1.319	20	15
6	Rr	26722	1.276	20	30
6	Rr	26031	1.243	20	45
6	Rr	26009	1.242	21	00
6	Rr	26826	1.281	21	15
6	Rr	23899	1.141	21	30
6	Rr	24622	1.176	21	45
6	Rr	22424	1.071	22	00
6	Rr	24377	1.164	22	15
6	Rr	23309	1.113	22	30
6	Rr	22809	1.089	22	45
6	Rr	23284	1.112	23	00
6	Rr	24283	1.159	23	15
6	Rr	18492	0.883	23	30
6	Rr	20414	0.975	23	45
5	Rr	1	0.000	2024	08	04	04	35
5	Rr	0	0.000	2024	08	04	04	30
5	Rr	0	0.000	2024	08	04	04	25
5	Rr	1	0.000	2024	08	04	04	20
5	Rr	9	0.000	2024	08	04	04	15
5	Rr	2	0.000	2024	08	04	04	10
5	Rr	1	0.000	2024	08	04	04	05
5	Rr	3	0.000	2024	08	04	04	00
5	Rr	2	0.000	2024	08	04	03	55
5	Rr	0	0.000	2024	08	04	03	50
5	Rr	1	0.000	2024	08	04	03	45
5	Rr	1	0.000	2024	08	04	03	40
5	Rr	1	0.000	2024	08	04	03	35
5	Rr	1	0.000	2024	08	04	03	30
5	Rr	0	0.000	2024	08	04	03	25
5	Rr	2	0.000	2024	08	04	03	20
5	Rr	0	0.000	2024	08	04	03	15
5	Rr	1	0.000	2024	08	04	03	10
5	Rr	0	0.000	2024	08	04	03	05
5	Rr	3	0.000	2024	08	04	03	00
5	Rr	1	0.000	2024	08	04	02	55
5	Rr	12	0.001	2024	08	04	02	50
5	Rr	0	0.000	2024	08	04	02	45
5	Rr	0	0.000	2024	08	04	02	40
5	Rr	0	0.000	2024	08	04	02	35
5	Rr	0	0.000	2024	08	04	02	30
5	Rr	1	0.000	2024	08	04	02	25
5	Rr	0	0.000	2024	08	04	02	20
5	Rr	0	0.000	2024	08	04	02	15
5	Rr	0	0.000	2024	08	04	02	10
5	Rr	0	0.000	2024	08	04	02	05
5	Rr	0	0.000	2024	08	04	02	00
5	Rr	0	0.000	2024	08	04	01	55
5	Rr	6	0.000	2024	08	04	01	50
5	Rr	0	0.000	2024	08	04	01	45
5	Rr	5	0.000	2024	08	04	01	40
5	Rr	1	0.000	2024	08	04	01	35
5	Rr	2	0.000	2024	08	04	01	30
5	Rr	0	0.000	2024	08	04	01	25
5	Rr	0	0.000	2024	08	04	01	20
5	Rr	0	0.000	2024	08	04	01	15
5	Rr	0	0.000	2024	08	04	01	10
5	Rr	0	0.000	2024	08	04	01	05
5	Rr	0	0.000	2024	08	04	01	00
5	Rr	0	0.000	2024	08	04	00	55
5	Rr	0	0.000	2024	08	04	00	50
5	Rr	1	0.000	2024	08	04	00	45
5	Rr	0	0.000	2024	08	04	00	40
5	Rr	0	0.000	2024	08	04	00	35
5	Rr	1	0.000	2024	08	04	00	30
5	Rr	0	0.000	2024	08	04	00	25
5	Rr	3	0.000	2024	08	04	00	20
5	Rr	0	0.000	2024	08	04	00	15
5	Rr	1	0.000	2024	08	04	00	10
5	Rr	1	0.000	2024	08	04	00	05
5	Rr	2	0.000	2024	08	04	00	00
5	Rr	0	0.000	2024	08	03	23	55
5	Rr	0	0.000	2024	08	03	23	50
5	Rr	2	0.000	2024	08	03	23	45
5	Rr	0	0.000	2024	08	03	23	40
5	Rr	2	0.000	2024	08	03	23	35
5	Rr	1	0.000	2024	08	03	23	30
5	Rr	0	0.000	2024	08	03	23	25
5	Rr	0	0.000	2024	08	03	23	20
5	Rr	0	0.000	2024	08	03	23	15
5	Rr	0	0.000	2024	08	03	23	10
5	Rr	7	0.000	2024	08	03	23	05
5	Rr	0	0.000	2024	08	03	23	00
5	Rr	0	0.000	2024	08	03	22	55
5	Rr	0	0.000	2024	08	03	22	50
5	Rr	0	0.000	2024	08	03	22	45
5	Rr	0	0.000	2024	08	03	22	40
5	Rr	0	0.000	2024	08	03	22	35
5	Rr	0	0.000	2024	08	03	22	30
5	Rr	0	0.000	2024	08	03	22	25
5	Rr	0	0.000	2024	08	03	22	20
5	Rr	0	0.000	2024	08	03	22	15
5	Rr	0	0.000	2024	08	03	22	10
5	Rr	0	0.000	2024	08	03	22	05
5	Rr	0	0.000	2024	08	03	22	00
5	Rr	0	0.000	2024	08	03	21	55
5	Rr	0	0.000	2024	08	03	21	50
5	Rr	1	0.000	2024	08	03	21	45
5	Rr	0	0.000	2024	08	03	21	40
5	Rr	0	0.000	2024	08	03	21	35
5	Rr	2	0.000	2024	08	03	21	30
5	Rr	0	0.000	2024	08	03	21	25
5	Rr	1	0.000	2024	08	03	21	20
5	Rr	0	0.000	2024	08	03	21	15
5	Rr	1	0.000	2024	08	03	21	10
5	Rr	0	0.000	2024	08	03	21	05
5	Rr	0	0.000	2024	08	03	21	00
5	Rr	0	0.000	2024	08	03	20	55
5	Rr	0	0.000	2024	08	03	20	50
5	Rr	0	0.000	2024	08	03	20	45
5	Rr	0	0.000	2024	08	03	20	40
5	Rr	0	0.000	2024	08	03	20	35
5	Rr	2	0.000	2024	08	03	20	30
5	Rr	0	0.000	2024	08	03	20	25
5	Rr	4	0.000	2024	08	03	20	20
5	Rr	22	0.001	2024	08	03	20	15
5	Rr	1	0.000	2024	08	03	20	10
5	Rr	0	0.000	2024	08	03	20	05
5	Rr	0	0.000	2024	08	03	20	00
5	Rr	0	0.000	2024	08	03	19	55
5	Rr	0	0.000	2024	08	03	19	50
5	Rr	0	0.000	2024	08	03	19	45
5	Rr	0	0.000	2024	08	03	19	40
5	Rr	0	0.000	2024	08	03	19	35
5	Rr	1	0.000	2024	08	03	19	30
5	Rr	0	0.000	2024	08	03	19	25
5	Rr	1	0.000	2024	08	03	19	20
5	Rr	0	0.000	2024	08	03	19	15
5	Rr	1	0.000	2024	08	03	19	10
5	Rr	0	0.000	2024	08	03	19	05
5	Rr	0	0.000	2024	08	03	19	00
5	Rr	0	0.000	2024	08	03	18	55
5	Rr	0	0.000	2024	08	03	18	50
5	Rr	0	0.000	2024	08	03	18	45
5	Rr	0	0.000	2024	08	03	18	40
5	Rr	0	0.000	2024	08	03	18	35
5	Rr	0	0.000	2024	08	03	18	30
5	Rr	0	0.000	2024	08	03	18	25
5	Rr	0	0.000	2024	08	03	18	20
5	Rr	0	0.000	2024	08	03	18	15
5	Rr	0	0.000	2024	08	03	18	10
5	Rr	0	0.000	2024	08	03	18	05
5	Rr	0	0.000	2024	08	03	18	00
5	Rr	1	0.000	2024	08	03	17	55
5	Rr	1	0.000	2024	08	03	17	50
5	Rr	0	0.000	2024	08	03	17	45
5	Rr	0	0.000	2024	08	03	17	40
5	Rr	0	0.000	2024	08	03	17	35
5	Rr	4	0.000	2024	08	03	17	30
5	Rr	0	0.000	2024	08	03	17	25
5	Rr	0	0.000	2024	08	03	17	20
5	Rr	0	0.000	2024	08	03	17	15
5	Rr	0	0.000	2024	08	03	17	10
5	Rr	0	0.000	2024	08	03	17	05
5	Rr	0	0.000	2024	08	03	17	00
5	Rr	0	0.000	2024	08	03	16	55
5	Rr	0	0.000	2024	08	03	16	50
5	Rr	0	0.000	2024	08	03	16	45
5	Rr	0	0.000	2024	08	03	16	40
5	Rr	0	0.000	2024	08	03	16	35
5	Rr	1	0.000	2024	08	03	16	30
5	Rr	0	0.000	2024	08	03	16	25
5	Rr	0	0.000	2024	08	03	16	20
5	Rr	4	0.000	2024	08	03	16	15
5	Rr	1	0.000	2024	08	03	16	10
5	Rr	1	0.000	2024	08	03	16	05
5	Rr	2	0.000	2024	08	03	16	00
5	Rr	1	0.000	2024	08	03	15	55
5	Rr	8	0.000	2024	08	03	15	50
5	Rr	1	0.000	2024	08	03	15	45
5	Rr	0	0.000	2024	08	03	15	40
5	Rr	0	0.000	2024	08	03	15	35
5	Rr	14	0.001	2024	08	03	15	30
5	Rr	1	0.000	2024	08	03	15	25
5	Rr	0	0.000	2024	08	03	15	20
5	Rr	0	0.000	2024	08	03	15	15
5	Rr	0	0.000	2024	08	03	15	10
5	Rr	1	0.000	2024	08	03	15	05
5	Rr	0	0.000	2024	08	03	15	00
5	Rr	5	0.000	2024	08	03	14	55
5	Rr	0	0.000	2024	08	03	14	50
5	Rr	0	0.000	2024	08	03	14	45
5	Rr	0	0.000	2024	08	03	14	40
5	Rr	1	0.000	2024	08	03	14	35
5	Rr	0	0.000	2024	08	03	14	30
5	Rr	1	0.000	2024	08	03	14	25
5	Rr	0	0.000	2024	08	03	14	20
5	Rr	0	0.000	2024	08	03	14	15
5	Rr	0	0.000	2024	08	03	14	10
5	Rr	0	0.000	2024	08	03	14	05
5	Rr	0	0.000	2024	08	03	14	00
5	Rr	0	0.000	2024	08	03	13	55
5	Rr	24	0.001	2024	08	03	13	50
5	Rr	0	0.000	2024	08	03	13	45
5	Rr	32	0.002	2024	08	03	13	40
5	Rr	1	0.000	2024	08	03	13	35
5	Rr	1	0.000	2024	08	03	13	30
5	Rr	0	0.000	2024	08	03	13	25
5	Rr	1	0.000	2024	08	03	13	20
5	Rr	0	0.000	2024	08	03	13	15
5	Rr	2	0.000	2024	08	03	13	10
5	Rr	0	0.000	2024	08	03	13	05
5	Rr	0	0.000	2024	08	03	13	00
5	Rr	0	0.000	2024	08	03	12	55
5	Rr	0	0.000	2024	08	03	12	50
5	Rr	1	0.000	2024	08	03	12	45
5	Rr	7	0.000	2024	08	03	12	40
5	Rr	1	0.000	2024	08	03	12	35
5	Rr	0	0.000	2024	08	03	12	30
5	Rr	0	0.000	2024	08	03	12	25
5	Rr	0	0.000	2024	08	03	12	20
5	Rr	2	0.000	2024	08	03	12	15
5	Rr	1	0.000	2024	08	03	12	10
5	Rr	2	0.000	2024	08	03	12	05
5	Rr	0	0.000	2024	08	03	12	00
5	Rr	0	0.000	2024	08	03	11	55
5	Rr	0	0.000	2024	08	03	11	50
5	Rr	0	0.000	2024	08	03	11	45
5	Rr	0	0.000	2024	08	03	11	40
5	Rr	0	0.000	2024	08	03	11	35
5	Rr	0	0.000	2024	08	03	11	30
5	Rr	19	0.001	2024	08	03	11	25
5	Rr	0	0.000	2024	08	03	11	20
5	Rr	0	0.000	2024	08	03	11	15
5	Rr	0	0.000	2024	08	03	11	10
5	Rr	0	0.000	2024	08	03	11	05
5	Rr	0	0.000	2024	08	03	11	00
5	Rr	0	0.000	2024	08	03	10	55
5	Rr	0	0.000	2024	08	03	10	50
5	Rr	0	0.000	2024	08	03	10	45
5	Rr	0	0.000	2024	08	03	10	40
5	Rr	0	0.000	2024	08	03	10	35
5	Rr	0	0.000	2024	08	03	10	30
5	Rr	0	0.000	2024	08	03	10	25
5	Rr	32	0.002	2024	08	03	10	20
5	Rr	1	0.000	2024	08	03	10	15
5	Rr	3	0.000	2024	08	03	10	10
5	Rr	0	0.000	2024	08	03	10	05
5	Rr	0	0.000	2024	08	03	10	00
5	Rr	0	0.000	2024	08	03	09	55
5	Rr	4	0.000	2024	08	03	09	50
5	Rr	1	0.000	2024	08	03	09	45
5	Rr	2	0.000	2024	08	03	09	40
5	Rr	0	0.000	2024	08	03	09	35
5	Rr	0	0.000	2024	08	03	09	30
5	Rr	0	0.000	2024	08	03	09	25
5	Rr	2	0.000	2024	08	03	09	20
5	Rr	0	0.000	2024	08	03	09	15
5	Rr	0	0.000	2024	08	03	09	10
5	Rr	1	0.000	2024	08	03	09	05
5	Rr	0	0.000	2024	08	03	09	00
5	Rr	0	0.000	2024	08	03	08	55
5	Rr	0	0.000	2024	08	03	08	50
5	Rr	0	0.000	2024	08	03	08	45
5	Rr	1	0.000	2024	08	03	08	40
5	Rr	0	0.000	2024	08	03	08	35
5	Rr	0	0.000	2024	08	03	08	30
5	Rr	1	0.000	2024	08	03	08	25
5	Rr	0	0.000	2024	08	03	08	20
5	Rr	1	0.000	2024	08	03	08	15
5	Rr	0	0.000	2024	08	03	08	10
5	Rr	19	0.001	2024	08	03	08	05
5	Rr	3	0.000	2024	08	03	08	00
5	Rr	0	0.000	2024	08	03	07	55
5	Rr	2	0.000	2024	08	03	07	50
5	Rr	0	0.000	2024	08	03	07	45
5	Rr	0	0.000	2024	08	03	07	40
5	Rr	1	0.000	2024	08	03	07	35
5	Rr	0	0.000	2024	08	03	07	30
5	Rr	0	0.000	2024	08	03	07	25
5	Rr	0	0.000	2024	08	03	07	20
5	Rr	0	0.000	2024	08	03	07	15
5	Rr	0	0.000	2024	08	03	07	10
5	Rr	0	0.000	2024	08	03	07	05
5	Rr	0	0.000	2024	08	03	07	00
5	Rr	0	0.000	2024	08	03	06	55
5	Rr	0	0.000	2024	08	03	06	50
5	Rr	1	0.000	2024	08	03	06	45
5	Rr	0	0.000	2024	08	03	06	40
5	Rr	1	0.000	2024	08	03	06	35
5	Rr	26	0.001	2024	08	03	06	30
5	Rr	0	0.000	2024	08	03	06	25
5	Rr	0	0.000	2024	08	03	06	20
5	Rr	0	0.000	2024	08	03	06	15
5	Rr	0	0.000	2024	08	03	06	10
5	Rr	1	0.000	2024	08	03	06	05
5	Rr	3	0.000	2024	08	03	06	00
5	Rr	0	0.000	2024	08	03	05	55
5	Rr	0	0.000	2024	08	03	05	50
5	Rr	0	0.000	2024	08	03	05	45
5	Rr	0	0.000	2024	08	03	05	40
5	Rr	1	0.000	2024	08	03	05	35
5	Rr	1	0.000	2024	08	03	05	30
5	Rr	1	0.000	2024	08	03	05	25
5	Rr	0	0.000	2024	08	03	05	20
5	Rr	0	0.000	2024	08	03	05	15
5	Rr	0	0.000	2024	08	03	05	10
5	Rr	0	0.000	2024	08	03	05	05
5	Rr	0	0.000	2024	08	03	05	00
5	Rr	0	0.000	2024	08	03	04	55
5	Rr	0	0.000	2024	08	03	04	50
5	Rr	2	0.000	2024	08	03	04	45
5	Rr	0	0.000	2024	08	03	04	40
5	*BT	R	945	2023	05	08	18	00
7	Rr	7466	0.356	00	00
7	Rr	7334	0.350	00	05
7	Rr	7475	0.357	00	10
7	Rr	5250	0.251	00	15
7	Rr	6243	0.298	00	20
7	Rr	8088	0.386	00	25
7	Rr	5977	0.285	00	30
7	Rr	7653	0.365	00	35
7	Rr	6308	0.301	00	40
7	Rr	5978	0.285	00	45
7	Rr	6705	0.320	00	50
7	Rr	6597	0.315	00	55
7	Rr	6159	0.294	01	00
7	Rr	5459	0.261	01	05
7	Rr	5559	0.265	01	10
7	Rr	6298	0.301	01	15
7	Rr	6957	0.332	01	20
7	Rr	6272	0.299	01	25
7	Rr	5860	0.280	01	30
7	Rr	5897	0.282	01	35
7	Rr	6664	0.318	01	40
7	Rr	6249	0.298	01	45
7	Rr	7742	0.370	01	50
7	Rr	6487	0.310	01	55
7	Rr	5914	0.282	02	00
7	Rr	6417	0.306	02	05
7	Rr	5589	0.267	02	10
7	Rr	7873	0.376	02	15
7	Rr	6420	0.307	02	20
7	Rr	6961	0.332	02	25
7	Rr	7419	0.354	02	30
7	Rr	6204	0.296	02	35
7	Rr	6537	0.312	02	40
7	Rr	6595	0.315	02	45
7	Rr	6459	0.308	02	50
7	Rr	6934	0.331	02	55
7	Rr	7319	0.349	03	00
7	Rr	6113	0.292	03	05
7	Rr	6490	0.310	03	10
7	Rr	6406	0.306	03	15
7	Rr	6553	0.313	03	20
7	Rr	6631	0.317	03	25
7	Rr	6252	0.299	03	30
7	Rr	6024	0.288	03	35
7	Rr	6859	0.327	03	40
7	Rr	6614	0.316	03	45
7	Rr	8074	0.385	03	50
7	Rr	6994	0.334	03	55
7	Rr	6172	0.295	04	00
7	Rr	6433	0.307	04	05
7	Rr	6384	0.305	04	10
7	Rr	5907	0.282	04	15
7	Rr	5563	0.266	04	20
7	Rr	6104	0.291	04	25
7	Rr	5937	0.283	04	30
7	Rr	6170	0.295	04	35
7	Rr	7224	0.345	04	40
7	Rr	6642	0.317	04	45
7	Rr	7410	0.354	04	50
7	Rr	7106	0.339	04	55
7	Rr	6076	0.290	05	00
7	Rr	5926	0.283	05	05
7	Rr	5774	0.276	05	10
7	Rr	7450	0.356	05	15
7	Rr	6499	0.310	05	20
7	Rr	6832	0.326	05	25
7	Rr	5940	0.284	05	30
7	Rr	6969	0.333	05	35
7	Rr	7416	0.354	05	40
7	Rr	8702	0.415	05	45
7	Rr	7498	0.358	05	50
7	Rr	7180	0.343	05	55
7	Rr	6237	0.298	06	00
7	Rr	7393	0.353	06	05
7	Rr	6402	0.306	06	10
7	Rr	6573	0.314	06	15
7	Rr	4768	0.228	06	20
7	Rr	6221	0.297	06	25
7	Rr	6904	0.330	06	30
7	Rr	6718	0.321	06	35
7	Rr	5812	0.277	06	40
7	Rr	5868	0.280	06	45
7	Rr	5688	0.272	06	50
7	Rr	4867	0.232	06	55
7	Rr	7026	0.335	07	00
7	Rr	5376	0.257	07	05
7	Rr	5804	0.277	07	10
7	Rr	5491	0.262	07	15
7	Rr	5924	0.283	07	20
7	Rr	6360	0.304	07	25
7	Rr	6436	0.307	07	30
7	Rr	5712	0.273	07	35
7	Rr	5302	0.253	07	40
7	Rr	7010	0.335	07	45
7	Rr	4637	0.221	07	50
7	Rr	5761	0.275	07	55
7	Rr	5429	0.259	08	00
7	Rr	5176	0.247	08	05
7	Rr	5530	0.264	08	10
7	Rr	5598	0.267	08	15
7	Rr	5425	0.259	08	20
7	Rr	5532	0.264	08	25
7	Rr	5765	0.275	08	30
7	Rr	5407	0.258	08	35
7	Rr	6494	0.310	08	40
7	Rr	5701	0.272	08	45
7	Rr	4911	0.234	08	50
7	Rr	5100	0.244	08	55
7	Rr	4793	0.229	09	00
7	Rr	5638	0.269	09	05
7	Rr	5443	0.260	09	10
7	Rr	4151	0.198	09	15
7	Rr	5258	0.251	09	20
7	Rr	6752	0.322	09	25
7	Rr	5523	0.264	09	30
7	Rr	6241	0.298	09	35
7	Rr	6182	0.295	09	40
7	Rr	6278	0.300	09	45
7	Rr	4795	0.229	09	50
7	Rr	4834	0.231	09	55
7	Rr	5463	0.261	10	00
7	Rr	4686	0.224	10	05
7	Rr	5384	0.257	10	10
7	Rr	4820	0.230	10	15
7	Rr	5728	0.273	10	20
7	Rr	5894	0.281	10	25
7	Rr	6222	0.297	10	30
7	Rr	6812	0.325	10	35
7	Rr	6678	0.319	10	40
7	Rr	5518	0.263	10	45
7	Rr	6666	0.318	10	50
7	Rr	5347	0.255	10	55
7	Rr	7181	0.343	11	00
7	Rr	6203	0.296	11	05
7	Rr	5764	0.275	11	10
7	Rr	5923	0.283	11	15
7	Rr	6153	0.294	11	20
7	Rr	6697	0.320	11	25
7	Rr	7312	0.349	11	30
7	Rr	5105	0.244	11	35
7	Rr	5706	0.272	11	40
7	Rr	5818	0.278	11	45
7	Rr	5503	0.263	11	50
7	Rr	5102	0.244	11	55
7	Rr	5958	0.284	12	00
7	Rr	6385	0.305	12	05
7	Rr	6197	0.296	12	10
7	Rr	6098	0.291	12	15
7	Rr	5567	0.266	12	20
7	Rr	5845	0.279	12	25
7	Rr	6703	0.320	12	30
7	Rr	5860	0.280	12	35
7	Rr	5260	0.251	12	40
7	Rr	5767	0.275	12	45
7	Rr	7037	0.336	12	50
7	Rr	6409	0.306	12	55
7	Rr	6942	0.331	13	00
7	Rr	5574	0.266	13	05
7	Rr	6596	0.315	13	10
7	Rr	6761	0.323	13	15
7	Rr	6956	0.332	13	20
7	Rr	6780	0.324	13	25
7	Rr	6341	0.303	13	30
7	Rr	6751	0.322	13	35
7	Rr	7119	0.340	13	40
7	Rr	5701	0.272	13	45
7	Rr	7434	0.355	13	50
7	Rr	6216	0.297	13	55
7	Rr	8341	0.398	14	00
7	Rr	7945	0.379	14	05
7	Rr	7457	0.356	14	10
7	Rr	8646	0.413	14	15
7	Rr	8650	0.413	14	20
7	Rr	8255	0.394	14	25
7	Rr	8128	0.388	14	30
7	Rr	8599	0.411	14	35
7	Rr	7775	0.371	14	40
7	Rr	8081	0.386	14	45
7	Rr	7508	0.358	14	50
7	Rr	9005	0.430	14	55
7	Rr	8194	0.391	15	00
7	Rr	7750	0.370	15	05
7	Rr	8416	0.402	15	10
7	Rr	7181	0.343	15	15
7	Rr	9493	0.453	15	20
7	Rr	7437	0.355	15	25
7	Rr	8978	0.429	15	30
7	Rr	8036	0.384	15	35
7	Rr	9791	0.467	15	40
7	Rr	7008	0.335	15	45
7	Rr	8726	0.417	15	50
7	Rr	10016	0.478	15	55
7	Rr	9332	0.446	16	00
7	Rr	9773	0.467	16	05
7	Rr	10510	0.502	16	10
7	Rr	9919	0.474	16	15
7	Rr	9328	0.445	16	20
7	Rr	9364	0.447	16	25
7	Rr	8791	0.420	16	30
7	Rr	9668	0.462	16	35
7	Rr	8505	0.406	16	40
7	Rr	10267	0.490	16	45
7	Rr	9970	0.476	16	50
7	Rr	8387	0.400	16	55
7	Rr	9826	0.469	17	00
7	Rr	10784	0.515	17	05
7	Rr	9174	0.438	17	10
7	Rr	8940	0.427	17	15
7	Rr	10612	0.507	17	20
7	Rr	9364	0.447	17	25
7	Rr	10309	0.492	17	30
7	Rr	9193	0.439	17	35
7	Rr	9515	0.454	17	40
7	Rr	10202	0.487	17	45
7	Rr	9433	0.450	17	50
7	Rr	9653	0.461	17	55
7	Rr	12801	0.611	18	00
7	Rr	10976	0.524	18	05
7	Rr	9652	0.461	18	10
7	Rr	10226	0.488	18	15
7	Rr	8817	0.421	18	20
7	Rr	8507	0.406	18	25
7	Rr	9441	0.451	18	30
7	Rr	8546	0.408	18	35
7	Rr	11455	0.547	18	40
7	Rr	8380	0.400	18	45
7	Rr	10676	0.510	18	50
7	Rr	9701	0.463	18	55
7	Rr	10784	0.515	19	00
7	Rr	8845	0.422	19	05
7	Rr	9710	0.464	19	10
7	Rr	8230	0.393	19	15
7	Rr	7942	0.379	19	20
7	Rr	8811	0.421	19	25
7	Rr	8603	0.411	19	30
7	Rr	10164	0.485	19	35
7	Rr	7741	0.370	19	40
7	Rr	10342	0.494	19	45
7	Rr	9638	0.460	19	50
7	Rr	10309	0.492	19	55
7	Rr	9523	0.455	20	00
7	Rr	8801	0.420	20	05
7	Rr	8650	0.413	20	10
7	Rr	7800	0.372	20	15
7	Rr	10223	0.488	20	20
7	Rr	9594	0.458	20	25
7	Rr	8606	0.411	20	30
7	Rr	10161	0.485	20	35
7	Rr	7955	0.380	20	40
7	Rr	8994	0.429	20	45
7	Rr	9355	0.447	20	50
7	Rr	7682	0.367	20	55
7	Rr	8749	0.418	21	00
7	Rr	8775	0.419	21	05
7	Rr	8485	0.405	21	10
7	Rr	9169	0.438	21	15
7	Rr	8922	0.426	21	20
7	Rr	8735	0.417	21	25
7	Rr	7651	0.365	21	30
7	Rr	8269	0.395	21	35
7	Rr	7979	0.381	21	40
7	Rr	9549	0.456	21	45
7	Rr	8536	0.408	21	50
7	Rr	6537	0.312	21	55
7	Rr	7092	0.339	22	00
7	Rr	7301	0.349	22	05
7	Rr	8031	0.383	22	10
7	Rr	8586	0.410	22	15
7	Rr	8241	0.393	22	20
7	Rr	7550	0.360	22	25
7	Rr	8181	0.391	22	30
7	Rr	8221	0.393	22	35
7	Rr	6907	0.330	22	40
7	Rr	7796	0.372	22	45
7	Rr	7654	0.365	22	50
7	Rr	7359	0.351	22	55
7	Rr	7716	0.368	23	00
7	Rr	7276	0.347	23	05
7	Rr	8292	0.396	23	10
7	Rr	8614	0.411	23	15
7	Rr	8973	0.428	23	20
7	Rr	6696	0.320	23	25
7	Rr	6201	0.296	23	30
7	Rr	5870	0.280	23	35
7	Rr	6421	0.307	23	40
7	Rr	6311	0.301	23	45
7	Rr	7074	0.338	23	50
7	Rr	7029	0.336	23	55
o	*f	0R	r
o	lRQ	1	2094454	2360072927	[unresolved numerical addresses]
Z	*f	-20R	r
Z	lRb	1	102916	2.566	66.249
Z	lRb	1	85574	3.582	98
Z	lRb	1	70848	1.794	34
Z	lRb	1	61808	2.524	51
Z	lRb	1	57118	2.025	35
Z	lRb	1	46486	1.401	69
Z	lRb	1	41422	0.000	216.147
Z	lRb	1	36744	2.897	54
Z	lRb	1	36134	1.170	104
Z	lRb	1	36053	0.506	49
Z	lRb	1	32470	0.945	123
Z	lRb	1	31059	2.331	40
Z	lRb	1	27307	1.160	76
Z	lRb	1	26498	0.641	46
Z	lRb	1	26218	2.469	157.55
Z	lRb	1	26004	1.032	52
Z	lRb	1	24578	2.596	70
Z	lRb	1	23836	0.344	45
Z	lRb	1	21958	1.924	207.46
Z	lRb	1	21854	1.539	72
Z	lRb	1	1257569	66.553	[not listed: 9342]
S	*f	-50P	r
S	Rb	5922	0.003	66.249.66.195
S	Rb	5254	0.000	66.249.66.196
S	Rb	4702	0.294	14.33.246.211
S	Rb	4630	0.000	66.249.66.197
S	Rb	4429	0.027	162.55.85.223
S	Rb	4109	0.222	216.244.66.229
S	Rb	3866	0.592	192.234.235.103
S	Rb	3517	0.000	66.249.66.166
S	Rb	3389	0.000	66.249.66.72
S	Rb	3248	0.184	192.99.15.146
S	Rb	3169	0.107	68.66.226.98
S	Rb	2802	0.001	66.249.66.74
S	Rb	2756	0.000	66.249.66.73
S	Rb	2542	0.020	49.7.20.111
S	Rb	2489	0.009	49.7.20.105
S	Rb	2341	0.102	100.43.83.148
S	Rb	2232	0.000	66.249.66.164
S	Rb	2091	0.000	66.249.66.165
S	Rb	1992	0.051	66.249.75.109
S	Rb	1829	0.111	37.59.14.116
S	Rb	1781	0.161	75.98.173.33
S	Rb	1750	0.000	66.249.66.167
S	Rb	1736	0.215	79.125.27.96
S	Rb	1700	0.000	82.16.45.40
S	Rb	1597	0.097	78.155.138.20
S	Rb	1566	0.000	62.194.247.203
S	Rb	1543	0.055	199.21.99.79
S	Rb	1467	0.000	49.7.20.135
S	Rb	1459	0.008	92.249.127.111
S	Rb	1373	0.009	78.129.149.5
S	Rb	1352	0.045	49.7.20.102
S	Rb	1330	0.014	109.102.111.58
S	Rb	1312	0.033	205.203.134.197
S	Rb	1304	0.144	5.196.13.127
S	Rb	1301	0.016	52.35.117.102
S	Rb	1285	0.033	144.76.27.118
S	Rb	1276	0.089	208.115.113.82
S	Rb	1270	0.014	52.35.20.1
S	Rb	1270	0.048	95.108.248.29
S	Rb	1155	0.173	75.98.173.84
S	Rb	1145	0.003	34.73.206.133
S	Rb	1142	0.001	91.207.9.226
S	Rb	1107	0.012	66.249.69.97
S	Rb	1081	0.014	66.249.69.81
S	Rb	1074	0.000	49.7.21.96
S	Rb	1048	0.064	157.90.182.26
S	Rb	1047	0.013	106.38.241.144
S	Rb	1024	0.055	95.108.150.235
S	Rb	1021	0.000	213.219.247.106
S	Rb	1012	0.061	192.99.6.132
S	Rb	1987617	96.899	[not listed: 115856]
s	*FR	2013	12	18	21	53
s	*LR	2024	08	04	04	19
s	*f	-20R	s
s	lRS	1	674303	1261	http://www.gtaeronautics.com/
s	lRS	1	176936	422	http://gtaeronautics.com/
s	lRS	1	11182	15	https://www.google.com/
s	lRS	1	411	14	https://google.com/
s	lRS	1	754	4	https://m.baidu.com/
s	lRS	1	518	3	http://baidu.com/
s	lRS	1	396	2	https://quark.sm.cn/
s	lRS	1	1817	0	http://www.google.com/
s	lRS	1	1287	0	http://www.baidu.com/
s	lRS	1	1159	0	http://www.trainingindustry.com/
s	lRS	1	677	0	https://www.bing.com/
s	lRS	1	609	0	http://www.mfgpages.com/
s	lRS	1	604	0	http://www.openfos.com/
s	lRS	1	517	0	http://www.topicway.com/
s	lRS	1	462	0	http://anti-crisis-seo.com/
s	lRS	1	420	0	http://122.144.179.12/
s	lRS	1	399	0	https://www.thomasnet.com/
s	lRS	1	395	0	http://uptime.com/
s	lRS	1	362	0	http://semalt.semalt.com/
s	lRS	1	328	0	http://www.bing.com/
s	lRS	1	52255	5	[not listed: 4450]
f	*FR	2013	12	18	21	53
f	*LR	2024	08	04	04	19
f	*f	-30R	s
f	lRS	1	515250	931	http://www.gtaeronautics.com/
f	lRS	1	19171	229	http://gtaeronautics.com/CompNews.html
f	lRS	1	17653	102	http://gtaeronautics.com/links.html
f	lRS	1	16659	67	http://www.gtaeronautics.com/index.html
f	lRS	1	99604	55	http://gtaeronautics.com/
f	lRS	1	23134	37	http://www.gtaeronautics.com/aboutus.html
f	lRS	1	10467	37	http://www.gtaeronautics.com/UASFC.html
f	lRS	1	3462	30	http://www.gtaeronautics.com/GT100HL RPAS.html
f	lRS	1	5939	28	http://www.gtaeronautics.com/CompNews.html
f	lRS	1	4335	24	http://www.gtaeronautics.com/RD.html
f	lRS	1	12345	20	http://www.gtaeronautics.com/CCT&M.html
f	lRS	1	10455	15	https://www.google.com/
f	lRS	1	7817	14	http://www.gtaeronautics.com/ConsultingA.html
f	lRS	1	3762	14	http://www.gtaeronautics.com/consultinga.html
f	lRS	1	5245	11	http://www.gtaeronautics.com/SRU.html
f	lRS	1	5151	10	http://www.gtaeronautics.com/GT1500 RPAS.html
f	lRS	1	4058	9	http://gtaeronautics.com/index.html
f	lRS	1	7300	6	http://www.gtaeronautics.com/GT380 RPAS.html
f	lRS	1	3967	6	http://www.gtaeronautics.com/IndNews.html
f	lRS	1	3683	6	http://www.gtaeronautics.com/CFMT.html
f	lRS	1	2836	6	http://gtaeronautics.com/ConsultingA.html
f	lRS	1	5109	5	http://www.gtaeronautics.com/pna.html
f	lRS	1	6035	3	http://gtaeronautics.com/IndNews.html
f	lRS	1	5317	2	http://gtaeronautics.com/contactus.html
f	lRS	1	5172	2	http://www.gtaeronautics.com/GT50T RPAS.html
f	lRS	1	6944	1	http://www.gtaeronautics.com/compnews.html
f	lRS	1	6175	1	http://www.gtaeronautics.com/contactus.html
f	lRS	1	3163	1	http://gtaeronautics.com/CCT&M.html
f	lRS	1	4423	0	http://gtaeronautics.com/aboutus.html
f	lRS	1	2870	0	http://www.gtaeronautics.com/uasfc.html
f	lRS	1	98290	54	[not listed: 5175]
n	*FR	2013	12	19	00	28
n	*LR	2020	10	14	09	11
n	*f	0.500000%Q	s
n	Rq	1	389.473	kit
n	Rq	1	389.473	method
n	Rq	2	330.232	crew
n	Rq	28	42.828	aeronautical
n	Rq	1	389.473	airplane.com
n	Rq	5	152.507	faa
n	Rq	40	136.093	gt
n	Rq	1	389.473	moldings
n	Rq	1	389.473	twin
n	Rq	1	389.473	taranis
n	Rq	2	389.473	installerex
n	Rq	2	389.473	http://gtaeronautics.com/
n	Rq	20	305.013	in
n	Rq	1	389.473	scale
n	Rq	1	389.473	observer
n	Rq	1	389.473	drawing?
n	Rq	2	389.473	is
n	Rq	1	389.473	making
n	Rq	2	330.232	fiber
n	Rq	1	389.473	mitsubishi
n	Rq	1	389.473	fuze
n	Rq	1	389.473	http://www.gtaeronautics.com/indnews.html
n	Rq	92	389.473	semalt.com
n	Rq	1	389.473	consultant
n	Rq	15	211.748	manufacturing
n	Rq	1	389.473	2
n	Rq	1	389.473	base
n	Rq	14	68.046	6
n	Rq	1	389.473	http://gtaeronautics.com/indnews.html
n	Rq	1	389.473	always
n	Rq	28	313.818	engineering
n	Rq	1	389.473	northrop
n	Rq	1	389.473	bandwidth
n	Rq	1	389.473	vegas
n	Rq	3	330.232	basic
n	Rq	1	389.473	qinetiq
n	Rq	1	389.473	tooling
n	Rq	1	389.473	on
n	Rq	1	389.473	heavy
n	Rq	9	423.496	drawings
n	Rq	1	389.473	fia
n	Rq	4	389.473	louis%20vuitton%20fashion%20valley%20phone%20number
n	Rq	3	389.473	llc
n	Rq	3	270.990	rullman
n	Rq	1	389.473	cowling
n	Rq	32	270.990	sale
n	Rq	64	93.265	outlet
n	Rq	1	389.473	rotax
n	Rq	1	389.473	ucav
n	Rq	28	373.059	texan
n	Rq	1	389.473	a
n	Rq	2	389.473	customer
n	Rq	1	389.473	rpa
n	Rq	2	330.232	110cc
n	Rq	30	389.473	designer
n	Rq	20	152.507	www.gtaeronautics.com
n	Rq	1	389.473	work
n	Rq	1	389.473	thomas
n	Rq	1	389.473	engie
n	Rq	1	389.473	qualification
n	Rq	1	389.473	custom
n	Rq	1	389.473	mk3
n	Rq	1	389.473	t
n	Rq	1	389.473	uavs
n	Rq	1	389.473	w
n	Rq	2	389.473	satisfaction
n	Rq	2	330.232	x
n	Rq	1	389.473	crews
n	Rq	3	389.473	photos
n	Rq	1	389.473	finnemeccia
n	Rq	2	330.232	glass
n	Rq	1	270.990	to
n	Rq	1	389.473	gcs
n	Rq	5	152.507	engineer
n	Rq	1	389.473	government
n	Rq	1	389.473	operator
n	Rq	6	93.265	aircraft
n	Rq	1	389.473	with
n	Rq	97	330.232	number
n	Rq	4	270.990	for
n	Rq	1	389.473	december
n	Rq	2	330.232	aero
n	Rq	9	330.232	equipment
n	Rq	2	330.232	engine
n	Rq	1	389.473	mq1
n	Rq	2	330.232	wy
n	Rq	1	389.473	custum
n	Rq	1	389.473	g.t
n	Rq	1	389.473	mechanics
n	Rq	1	330.232	motors
n	Rq	1	389.473	tdw
n	Rq	32	152.507	luggage
n	Rq	1	389.473	opportunities
n	Rq	175	339.036	vuitton
n	Rq	1	389.473	show
n	Rq	1	270.990	the
n	Rq	1	389.473	luggages
n	Rq	1	389.473	stroke
n	Rq	2	389.473	explore
n	Rq	39	330.232	handbags
n	Rq	2	330.232	electric
n	Rq	1	389.473	space
n	Rq	1	330.232	air
n	Rq	1	389.473	quote
n	Rq	1	389.473	require
n	Rq	1	389.473	mpp
n	Rq	4	330.232	jobs
n	Rq	5	152.507	uas
n	Rq	1	389.473	anything
n	Rq	1	389.473	china
n	Rq	1	389.473	airplane
n	Rq	10	305.013	uav
n	Rq	2	389.473	wmaid.com
n	Rq	3	211.748	drone
n	Rq	7	34.023	fiberglass
n	Rq	2	389.473	facebook
n	Rq	1	389.473	college
n	Rq	4	211.748	onboard
n	Rq	3	330.232	gtaeronautics.com
n	Rq	1	389.473	qulificationa
n	Rq	21	127.288	simi
n	Rq	1	389.473	and
n	Rq	5	270.990	flight
n	Rq	17	127.288	at6
n	Rq	1	389.473	xtreme
n	Rq	1	389.473	maintenance
n	Rq	1	389.473	cody
n	Rq	1	389.473	systems
n	Rq	1	389.473	any
n	Rq	1	389.473	tom
n	Rq	1	389.473	payload
n	Rq	2	330.232	gta
n	Rq	2	389.473	granger
n	Rq	8	34.023	extreme
n	Rq	6	152.507	molding
n	Rq	2	389.473	easylifeapp
n	Rq	1	389.473	rating
n	Rq	2	389.473	whitelaw
n	Rq	126	34.023	fashion
n	Rq	2	330.232	ice
n	Rq	2	389.473	http://www.gtaeronautics.com/compnews.html
n	Rq	5	330.232	engineers
n	Rq	3	330.232	composite
n	Rq	1	389.473	skyforce
n	Rq	1	389.473	eengineer
n	Rq	175	339.036	louis
n	Rq	8	389.473	store
n	Rq	4	211.748	starter
n	Rq	14	211.748	cheap
n	Rq	1	389.473	diamond
n	Rq	10	364.255	bme
n	Rq	1	389.473	america2009
n	Rq	7	389.473	content
n	Rq	1	389.473	challenge
n	Rq	2	330.232	aeronautic
n	Rq	1	389.473	piece
n	Rq	1	389.473	how
n	Rq	1	389.473	male
n	Rq	2	330.232	design
n	Rq	2	330.232	flying
n	Rq	1	389.473	carbon
n	Rq	1	389.473	operation
n	Rq	2	389.473	profile
n	Rq	1	389.473	tomas
n	Rq	1	389.473	cia
n	Rq	1	389.473	hummingbird
n	Rq	1	389.473	iron
n	Rq	1	389.473	california
n	Rq	1	389.473	amphibian
n	Rq	1	389.473	110
n	Rq	1	389.473	mentioned
n	Rq	1	389.473	111
n	Rq	1	389.473	over
n	Rq	25	42.828	http://www.gtaeronautics.com/
n	Rq	1	389.473	google.com
n	Rq	1	389.473	fuel
n	Rq	2	389.473	inc
n	Rq	1	389.473	handbag.com
n	Rq	1	389.473	da42
n	Rq	2	330.232	certification
n	Rq	1	389.473	timing
n	Rq	1	389.473	2015
n	Rq	1	389.473	home
n	Rq	1	389.473	aerospacecompanies
n	Rq	1	389.473	anti
n	Rq	1	389.473	ziroli
n	Rq	1	389.473	sketches
n	Rq	5	389.473	purses
n	Rq	1	389.473	downlink
n	Rq	3	389.473	aeronotics
n	Rq	1	389.473	nanotechnology
n	Rq	1	389.473	zephyr
n	Rq	4	389.473	wyoming
n	Rq	2	389.473	technology
n	Rq	3	270.990	companies
n	Rq	1	389.473	muffler
n	Rq	2	389.473	avia
n	Rq	2	389.473	what
n	Rq	145	220.553	valley
n	Rq	1	389.473	microwave
n	Rq	1	389.473	mold
n	Rq	5	211.748	pglm
n	Rq	1	389.473	specialist
n	Rq	23	161.311	drawing
n	Rq	1	389.473	tool
n	Rq	1	389.473	security
n	Rq	6	330.232	prototypes
n	Rq	1	389.473	giant
n	Rq	1	389.473	powell
n	Rq	8	34.023	aerospace
n	Rq	4	211.748	unmanned
n	Rq	34	254.576	aeronautics
n	Rq	1	389.473	radius
n	Rq	1	389.473	zero
n	Rq	1	389.473	tobbot
n	Rq	2	330.232	job
n	Rq	2	330.232	neverfull
n	Rq	1	389.473	onbordstarter
n	Rq	20	211.748	ca
n	Rq	1	330.232	as
n	Rq	13	127.288	at
n	Rq	5	152.507	techniques
n	Rq	1	389.473	does
n	Rq	1	389.473	commercial
n	Rq	1	389.473	www.gt
n	Rq	1	389.473	de
n	Rq	1	389.473	co
n	Rq	1	389.473	speedy
n	Rq	1	389.473	rpas
n	Rq	2	330.232	instrument
n	Rq	1	389.473	do
n	Rq	1	389.473	quotation
n	Rq	3	270.990	training
n	Rq	1	389.473	efi
n	Rq	1	389.473	careers
n	Rq	3	270.990	pilot
n	Rq	9	423.496	bandito
n	Rq	4	211.748	quotes
n	Rq	107	211.748	phone
n	Rq	1	389.473	stations
n	Rq	1	389.473	traing
N	*FR	2013	12	19	00	28
N	*LR	2020	10	14	09	11
N	*f	-200Q	s
N	RQ	8	4053582992	at6 texan
N	RQ	1	3727923346	uavs flying over simi valley ca
N	RQ	1	3727923346	gt aeronautics simi valley california
N	RQ	1	3727923346	aeronautical engineer quote
N	RQ	1	3727923346	does aeronautical engineering require drawing?
N	RQ	1	3727923346	how to do gt in engineering drawing
N	RQ	2	3727923346	http://gtaeronautics.com/
N	RQ	1	3727923346	the government college g.t aeronautics
N	RQ	1	3727923346	bme engine
N	RQ	1	3727923346	uas gcs
N	RQ	1	3727923346	http://www.gtaeronautics.com/indnews.html
N	RQ	92	3727923346	semalt.com
N	RQ	1	3727923346	aero iron mentioned nanotechnology hummingbird uav
N	RQ	1	3727923346	basic fiberglass techniques
N	RQ	1	3727923346	http://gtaeronautics.com/indnews.html
N	RQ	1	3727923346	finnemeccia co
N	RQ	2	3727923346	drawing for customer satisfaction
N	RQ	1	3727923346	cheap louis vuitton speedy handbag.com
N	RQ	1	3727923346	at 6
N	RQ	1	3727923346	quotation specialist engineer drawings
N	RQ	1	3727923346	challenge xtreme 111 piece mechanics tool kit
N	RQ	1	3727923346	uav commercial crew stations
N	RQ	1	3727923346	da42 mpp microwave downlink bandwidth
N	RQ	1	3727923346	anti ice de ice qinetiq zephyr
N	RQ	4	3727923346	louis%20vuitton%20fashion%20valley%20phone%20number
N	RQ	1	3727923346	faa uas pilot certification
N	RQ	1	3727923346	any flying crews in gta
N	RQ	1	3727923346	aerospace drawing
N	RQ	1	3727923346	fiber glass molding job
N	RQ	1	3727923346	aircraft design consultant
N	RQ	1	3727923346	www.gt airplane.com
N	RQ	3	3727923346	gt in aeronotics
N	RQ	1	3727923346	tom rullman
N	RQ	1	3727923346	gt aeronautics simi valley ca
N	RQ	1	3727923346	drone base in simi valley
N	RQ	1	3727923346	fiberglass mold making techniques
N	RQ	1	3727923346	rpa instrument qualification faa instrument rating
N	RQ	1	3727923346	extreme bme
N	RQ	1	3727923346	uas faa maintenance
N	RQ	1	3727923346	louis vuitton neverfull
N	RQ	1	3727923346	fiberglass techniques
N	RQ	1	3727923346	aircraft companies in simi valley
N	RQ	1	3727923346	custom fiberglass moldings
N	RQ	11	3727923346	louis vuitton luggage cheap
N	RQ	1	3727923346	anything
N	RQ	1	3727923346	aeronautical engineering sketches
N	RQ	1	3727923346	gtaeronautics.com
N	RQ	1	3727923346	giant scale ziroli at 6
N	RQ	9	3727923346	outlet louis vuitton handbags
N	RQ	1	3727923346	cowling drawing
N	RQ	1	3727923346	mitsubishi zero
N	RQ	1	3727923346	powell wy gt aeronautics
N	RQ	2	3727923346	what is gt in basic engineering drawing
N	RQ	2	3727923346	composite molding
N	RQ	1	3727923346	aeronautics in simi valley and security work
N	RQ	3	3727923346	gt aeronautics llc jobs
N	RQ	1	3727923346	crew flight gta
N	RQ	1	3727923346	110cc engine timing
N	RQ	1	3727923346	aeronautical engineer quotes
N	RQ	2	3727923346	http://www.gtaeronautics.com/compnews.html
N	RQ	4	3727923346	wyoming flight engineers
N	RQ	1	3727923346	a t 6
N	RQ	1	3727923346	gt aeronautics unmanned air
N	RQ	1	3727923346	fia gt composite tooling
N	RQ	1	3727923346	uas pilot certification
N	RQ	1	3727923346	quotes on aeronautical engineers
N	RQ	1	3727923346	payload for diamond northrop twin engie aircraft
N	RQ	7	3727923346	content
N	RQ	1	3727923346	bme 110
N	RQ	1	3727923346	thomas w rullman gt aeronautics
N	RQ	1	3727923346	luggages for sale
N	RQ	2	3727923346	easylifeapp profile
N	RQ	2	3727923346	simi gt
N	RQ	1	3727923346	mq1 design fuel
N	RQ	1	3727923346	airplane as always cia america2009
N	RQ	1	3727923346	eengineer drawing home
N	RQ	1	3727923346	heavy equipment operator jobs
N	RQ	1	3727923346	aero space drone simi valley
N	RQ	1	3727923346	cheap louis vuitton luggage
N	RQ	1	3727923346	2 stroke electric onboard starter
N	RQ	1	3727923346	skyforce observer mk3
N	RQ	1	3727923346	simi valley unmanned aircraft
N	RQ	2	3727923346	granger whitelaw avia
N	RQ	1	3727923346	louis vuitton fashion valley neverfull
N	RQ	1	3727923346	louis vuitton job opportunities
N	RQ	1	3727923346	google.com
N	RQ	1	3727923346	uas operation training method
N	RQ	2	3727923346	wmaid.com explore gtaeronautics.com
N	RQ	1	3727923346	custum muffler 110cc
N	RQ	1	3727923346	glass manufacturing drawings
N	RQ	1	3727923346	electric motors x male uav x sale
N	RQ	1	3727923346	aerospacecompanies in simi valley
N	RQ	1	3727923346	fiberglass molding
N	RQ	2	3727923346	aeronautical technology inc
N	RQ	1	3727923346	taranis ucav
N	RQ	1	3727923346	vegas drone uav show december 2015
N	RQ	1	3727923346	uav companies in simi valley
N	RQ	1	3727923346	unmanned aircraft systems pilot training
N	RQ	2	3727923346	installerex facebook
N	RQ	3	3727923346	texan at6 photos
N	RQ	1	3727923346	aeronautic engineer
N	RQ	30	3727923346	designer handbags outlet sale
N	RQ	1	3727923346	rpas qulificationa traing with faa
N	RQ	1	3727923346	faa uav training
N	RQ	1	3727923346	uav companies simi valley
N	RQ	5	3727923346	louis vuitton purses outlet
N	RQ	1	3727923346	aeronautics
N	RQ	1	3727923346	cheap louis vuitton luggage outlet
N	RQ	1	3727923346	gt aeronautics tomas rullman
N	RQ	1	3727923346	tobbot
N	RQ	1	3727923346	radius tdw efi fuze
N	RQ	8	3727923346	manufacturing equipment store in simi valley
N	RQ	1	3727923346	aeronautic engineer quotes
N	RQ	1	3727923346	onbordstarter
N	RQ	1	3727923346	rotax amphibian unmanned china
N	RQ	1	3727923346	aeronautical engineering quotes
N	RQ	1	3727923346	drawing aircraft engineering
N	RQ	1	3727923346	gt aeronautics careers
N	RQ	1	3727923346	gt aeronautics bandito
N	RQ	1	3727923346	cody wy carbon fiber
N	RQ	9	3486539042	at 6 texan
N	RQ	2	3160879396	fiberglass molding techniques
N	RQ	6	3160879396	manufacturing aeronautical prototypes
N	RQ	19	3160879396	louis vuitton luggage outlet
N	RQ	10	3160879396	louis vuitton fashion valley phone
N	RQ	97	3160879396	louis vuitton fashion valley phone number
N	RQ	2	3160879396	texan at 6
N	RQ	18	3160879396	louis vuitton fashion valley ca
N	RQ	3	2593835446	bandito uav
N	RQ	3	2593835446	onboard starter
N	RQ	6	2026791496	texan at6
N	RQ	5	2026791496	bandito pglm
N	RQ	14	1785407192	aeronautical engineering drawing
N	RQ	20	1459747546	www.gtaeronautics.com
N	RQ	7	892703596	bme extreme
N	RQ	7	892703596	aerospace engineering drawings
N	RQ	20	651319292	gt aeronautics
N	RQ	25	409934988	http://www.gtaeronautics.com/
B	*f	-40R	r
B	Rb	106189	0.000	Mozilla/5.0 (Windows NT 6.1; Win64; x64; rv:109.0) Gecko/20100101 Firefox/115.0
B	Rb	78917	2.898	Mozilla/5.0 (compatible; AhrefsBot/7.0;  http://ahrefs.com/robot/)
B	Rb	66678	1.116	Sogou web spider/4.0( http://www.sogou.com/docs/help/webmasters.htm#07)
B	Rb	65712	1.638	ZoominfoBot (zoominfobot at zoominfo dot com)
B	Rb	51648	1.266	Mozilla/5.0 (compatible; Googlebot/2.1;  http://www.google.com/bot.html)
B	Rb	40898	4.266	Mozilla/5.0 (compatible; bingbot/2.0;  http://www.bing.com/bingbot.htm)
B	Rb	21786	2.168	Mozilla/5.0 (Windows NT 6.3; WOW64) AppleWebKit/537.36 (KHTML, like Gecko) Chrome/33.0.1736.0 Safari/537.36
B	Rb	19512	0.266	Googlebot-Image/1.0
B	Rb	16326	0.954	Mozilla/4.0 (compatible; MSIE 6.0; Windows NT 5.1; SV1)
B	Rb	15322	0.333	Mozilla/5.0 (Macintosh; Intel Mac OS X 10_15_5) AppleWebKit/605.1.15 (KHTML, like Gecko) Version/13.1.1 Safari/605.1.15 (Applebot/0.1;  http://www.apple.com/go/applebot)
B	Rb	14261	1.399	Mozilla/5.0 (compatible; YandexBot/3.0;  http://yandex.com/bots)
B	Rb	13665	0.000	Mozilla/5.0 (Windows NT 10.0; Win64; x64) AppleWebKit/537.36 (KHTML, like Gecko) Chrome/120.0.0.0 Safari/537.36
B	Rb	12964	1.355	Mozilla/5.0 (iPhone; CPU iPhone OS 7_0 like Mac OS X) AppleWebKit/537.51.1 (KHTML, like Gecko) Version/7.0 Mobile/11A465 Safari/9537.53 (compatible; bingbot/2.0;  http://www.bing.com/bingbot.htm)
B	Rb	12814	0.000	Mozilla/5.0 (Windows NT 10.0; Win64; x64) AppleWebKit/537.36 (KHTML, like Gecko) Chrome/114.0.0.0 Safari/537.36
B	Rb	11768	0.689	Mozilla/5.0 (compatible; Baiduspider/2.0;  http://www.baidu.com/search/spider.html)
B	Rb	10320	0.616	Mozilla/5.0 (Windows NT 6.1; WOW64; Trident/7.0; rv:11.0) like Gecko
B	Rb	10286	0.000	Mozilla/5.0 AppleWebKit/537.36 (KHTML, like Gecko; compatible; bingbot/2.0;  http://www.bing.com/bingbot.htm) Chrome/116.0.1938.76 Safari/537.36
B	Rb	10284	0.000	Mozilla/5.0 (Windows NT 10.0; Win64; x64) AppleWebKit/537.36 (KHTML, like Gecko) Chrome/124.0.0.0 Safari/537.36
B	Rb	10128	0.000	Mozilla/5.0 (Windows NT 10.0; Win64; x64) AppleWebKit/537.36 (KHTML, like Gecko) Chrome/122.0.0.0 Safari/537.36
B	Rb	9687	0.000	Mozilla/5.0 (Windows NT 10.0; Win64; x64) AppleWebKit/537.36 (KHTML, like Gecko) Chrome/121.0.0.0 Safari/537.36
B	Rb	9648	0.435	Mozilla/5.0 AppleWebKit/537.36 (KHTML, like Gecko; compatible; bingbot/2.0;  http://www.bing.com/bingbot.htm) Chrome/103.0.5060.134 Safari/537.36
B	Rb	8503	0.424	Mozilla/5.0 (Macintosh; Intel Mac OS X 10.11; rv:52.0) Gecko/20100101 Firefox/52.0
B	Rb	8410	0.000	Mozilla/5.0 (Linux; Android 5.0) AppleWebKit/537.36 (KHTML, like Gecko) Mobile Safari/537.36 (compatible; Bytespider; spider-feedback@bytedance.com)
B	Rb	8292	0.067	Mozilla/5.0 (Windows NT 10.0; Win64; x64) AppleWebKit/537.36 (KHTML, like Gecko) Chrome/113.0.0.0 Safari/537.36
B	Rb	8061	0.886	Mozilla/4.0 (compatible; MSIE 7.0; Windows NT 5.1; .NET CLR 1.1.4322; .NET CLR 2.0.50727)
B	Rb	7794	0.000	Mozilla/5.0 (Windows NT 10.0; Win64; x64) AppleWebKit/537.36 (KHTML, like Gecko) Chrome/116.0.0.0 Safari/537.36
B	Rb	7641	0.190	Mozilla/5.0 (compatible; BLEXBot/1.0;  http://webmeup-crawler.com/)
B	Rb	7516	0.408	Mozilla/5.0 (compatible; Yahoo! Slurp; http://help.yahoo.com/help/us/ysearch/slurp)
B	Rb	7440	0.400	Mozilla/5.0 (Windows NT 5.1; rv:17.0) Gecko/20100101 Firefox/17.0
B	Rb	7221	0.210	Mozilla/4.0 (compatible; MSIE 6.0; Windows NT 5.1; SV1; .NET CLR 2.0.50727)
B	Rb	7181	0.200	Mozilla/4.0 (compatible;)
B	Rb	6573	0.479	PRurl
B	Rb	6495	0.246	Mozilla/5.0 (compatible; MJ12bot/v1.4.8; http://mj12bot.com/)
B	Rb	6488	0.307	Mozilla/4.0 (compatible; MSIE 6.0; Windows NT 5.1)
B	Rb	6397	0.000	Mozilla/5.0 (Windows NT 10.0; Win64; x64) AppleWebKit/537.36 (KHTML, like Gecko) Chrome/126.0.0.0 Safari/537.36
B	Rb	6386	0.000	Mozilla/5.0 (Windows NT 10.0; Win64; x64) AppleWebKit/537.36 (KHTML, like Gecko) Chrome/119.0.0.0 Safari/537.36
B	Rb	6164	0.044	Mozilla/4.0 (compatible; MSIE 7.0; Windows NT 5.1; .NET CLR 1.1.4322; .NET CLR 2.0.50727; .NET CLR 3.0.4506.2152; .NET CLR 3.5.30729)
B	Rb	6152	0.345	Mozilla/4.0 (compatible; MSIE 7.0; Windows NT 6.1; WOW64; Trident/5.0; SLCC2; .NET CLR 2.0.50727; .NET CLR 3.5.30729; .NET CLR 3.0.30729; Media Center PC 6.0; .NET4.0C; .NET4.0E)
B	Rb	6079	0.224	Mozilla/5.0 (Windows NT 6.1; WOW64) AppleWebKit/537.36 (KHTML, like Gecko) Chrome/36.0.1985.143 Safari/537.36
B	Rb	6078	0.220	Mozilla/5.0 (Linux; Android 6.0.1; Nexus 5 Build/MRA58N) AppleWebKit/537.36(KHTML, like Gecko) Chrome/66.0.3359.30 Mobile Safari/537.36
B	Rb	1336444	75.950	[not listed: 22999]
b	*f	-15Q	s
b	lRQq	1	2735	3727923365	89.678	YelpBot (https:
b	lRQq	2	2735	3727923365	89.678	YelpBot (https://www
b	lRQq	1	47	3727923357	89.678	meta-externalagent
b	lRQq	2	47	3727923357	89.678	meta-externalagent/1
b	lRQq	1	6573	3727923352	89.678	PRurl
b	lRQq	1	92	3727923349	89.678	firefox
b	lRQq	1	1275	3727923349	89.678	Expanse, a Palo Alto Networks company, searches across the global IPv4 space multiple times per day to identify customers&#39; presences on the Internet. If you would like to be excluded from our scans, please send IP addresses
b	lRQq	2	1275	3727923349	89.678	Expanse, a Palo Alto Networks company, searches across the global IPv4 space multiple times per day to identify customers&#39; presences on the Internet. If you would like to be excluded from our scans, please send IP addresses/domains
b	lRQq	1	15414	3758065225	90.403	Opera
b	lRQq	2	6638	899962031	21.649	Opera/9
b	lRQq	2	17	3727923346	89.678	Opera/98
b	lRQq	2	1	3727923346	89.678	Opera/3
b	lRQq	2	6	3727923346	89.678	Opera/91
b	lRQq	2	1048	3486539042	83.871	Opera/6
b	lRQq	2	10	2593835446	62.396	Opera/5
b	lRQq	2	47	2111066838	50.783	Opera/10
b	lRQq	2	3186	2111066838	50.783	Opera/7
b	lRQq	2	26	1785407192	42.949	Opera/11
b	lRQq	2	11	892703596	21.475	Opera/12
b	lRQq	2	4423	735594634	17.695	Opera/8
b	lRQq	1	607	3727923347	89.678	EMG External link validator
b	lRQq	1	23	3727923347	89.678	BacklinksExtendedBot
b	lRQq	1	23	4053582992	97.511	WhatsApp
b	lRQq	2	23	4053582992	97.511	WhatsApp/2
b	lRQq	1	49	4053582992	97.511	com.google.android.apps.searchlite
b	lRQq	2	6	3727923346	89.678	com.google.android.apps.searchlite/784321
b	lRQq	2	25	3727923346	89.678	com.google.android.apps.searchlite/763965
b	lRQq	2	6	3727923346	89.678	com.google.android.apps.searchlite/914689
b	lRQq	2	3	3727923346	89.678	com.google.android.apps.searchlite/426028
b	lRQq	2	6	3727923346	89.678	com.google.android.apps.searchlite/602374
b	lRQq	2	1	3727923346	89.678	com.google.android.apps.searchlite/677613
b	lRQq	2	2	3160879396	76.037	com.google.android.apps.searchlite/484573
b	lRQq	1	36	4053582992	97.511	Firefox
b	lRQq	2	1	3727923346	89.678	Firefox/1
b	lRQq	2	1	3727923346	89.678	Firefox/42
b	lRQq	2	5	3727923346	89.678	Firefox/33
b	lRQq	2	1	3727923346	89.678	Firefox/3
b	lRQq	2	24	3160879396	76.037	Firefox/2
b	lRQq	1	253	4053582992	97.511	"Mozilla
b	lRQq	2	253	4053582992	97.511	"Mozilla/5
b	lRQq	1	14	4053582992	97.511	PycURL
b	lRQq	2	14	4053582992	97.511	PycURL/7
b	lRQq	1	6	3727923346	89.678	
b	lRQq	2	6	3727923346	89.678	/n
b	lRQq	1	1	3727923346	89.678	Go http package
b	lRQq	1	2052980	2414315287	58.078	[not listed: 951]
p	*f	0Q	s
p	lR	1	1002399	Windows
p	lR	2	315829	Windows NT
p	lR	2	417451	Unknown Windows
p	lR	2	252733	Windows XP
p	lR	2	2238	Windows 95
p	lR	2	414	Windows CE
p	lR	2	2379	Windows 98
p	lR	2	9541	Windows 2000
p	lR	2	384	Windows 3.1
p	lR	2	1430	Windows ME
p	lR	1	223757	Macintosh
p	lR	2	217783	Unknown Macintosh
p	lR	2	2714	Macintosh 68k
p	lR	2	3260	Macintosh PowerPC
p	lR	1	407530	OS unknown
p	lR	1	264042	Known robots
p	lR	1	182317	Unix
p	lR	2	177813	Linux
p	lR	2	22	SunOS
p	lR	2	72	BSD
p	lR	2	4407	Other Unix
p	lR	2	3	HP-UX
p	lR	1	16	WebTV
p	lR	1	13	BeOS
p	lR	1	47	OS/2
p	lR	1	7	Amiga
i	*f	0R	s
i	lRc	1	782796	0.000	/images/
i	lRc	1	1016248	0.000	[root directory]
i	lRc	1	185105	0.000	/js/
i	lRc	1	94629	0.000	/css/
i	lRc	1	13928	0.000	/uploads/
i	lRc	1	865	0.000	/videos/
i	lRc	1	541	0.000	/client/
i	lRc	1	1	0.000	/cgi-bin/
i	lRc	1	266	0.000	/dev/
i	lRc	2	24	0.000	/dev/css/
i	lRc	2	46	0.000	/dev/js/
i	lRc	2	81	0.000	/dev/images/
i	lRc	1	1	0.000	/secure/
i	lRc	1	74	0.000	/stats/
r	*f	0.050000%S	s
r	lRSc	1	38786	125	0.000	/links.html
r	lRSc	1	39535	46	0.000	/compnews.html
r	lRSc	1	30912	31	0.000	/contactus.html
r	lRSc	1	27880	29	0.000	/consultinga.html
r	lRSc	1	42497	28	0.000	/aboutus.html
r	lRSc	1	23636	27	0.000	/indevents.html
r	lRSc	1	31337	27	0.000	/uasfc.html
r	lRSc	1	13795	26	0.000	/gt1500+rpas.html
r	lRSc	1	24161	26	0.000	/pna.html
r	lRSc	1	27269	25	0.000	/cct&m.html
r	lRSc	1	25988	25	0.000	/cfmt.html
r	lRSc	1	9563	24	0.000	/gt100hl+rpas.html
r	lRSc	1	18050	21	0.000	/sru.html
r	lRSc	1	20707	19	0.000	/faq.html
r	lRSc	1	21794	17	0.000	/employment.html
r	lRSc	1	14161	16	0.000	/gt380+rpas.html
r	lRSc	1	13258	14	0.000	/gt50t+rpas.html
r	lRSc	1	14418	14	0.000	/rd.html
r	lRSc	1	32163	13	0.000	/indnews.html
r	lRSc	2	141	0	0.000	/indnews.html?referer=www.clickfind.com.au/wp-login.php
r	lRSc	2	1	0	0.000	/indnews.html?referer=top1.co.pl
r	lRSc	2	1	0	0.000	/indnews.html?referer=www.clickfind.com.au//wp-content/themes/busybee/thumb.php?src=http://blogger.com.opontodaarte.com.br/java.php
r	lRSc	1	1318	4	0.000	/uploads/droneexpojan2022+(1).pdf
r	lRSc	1	1022	4	0.000	/uploads/2022wydronefestflyer+rev2.pdf
r	lRSc	1	2111	3	0.000	/uploads/idrone-pressrelease-powell-version220119.pdf
r	lRSc	1	4753	3	0.000	/uavengines.html
r	lRSc	1	1372	2	0.000	/uploads/big+horn+basin+drone+festival+event+schedule.pdf
r	lRSc	1	4141	2	0.000	/bandituas.html
r	lRSc	1	1243	2	0.000	/uploads/bighornbasindronefestivalflyer-v2-220110.pdf
r	lRSc	1	4621	1	0.000	/banditomav.html
r	lRSc	1	4507	1	0.000	/gtatexan.html
r	lRSc	1	2	0	0.000	/client/bandit+timeline2004.html
r	lRSc	1	1	0	0.000	/404.htm
r	lRSc	1	12	0	0.000	/client/gta010707002.html
r	lRSc	1	72	0	0.000	/client/bandito+development.html
r	lRSc	1	1	0	0.000	/stats/browserrep.html
r	lRSc	1	741	0	0.000	/gt50t rpas.html
r	lRSc	1	2	0	0.000	/dev/contactus.html
r	lRSc	1	1	0	0.000	/dev/aboutus.html
r	lRSc	1	18	0	0.000	/client/tacamo+development.html
r	lRSc	1	11	0	0.000	/client/rq2+outlaw.html
r	lRSc	1	1	0	0.000	/client/bandit timeline2008.html
r	lRSc	1	15	0	0.000	/client/bandit.html
r	lRSc	1	987	0	0.000	/gtamt.html
r	lRSc	1	2253	0	0.000	/gt1500 rpas.html
r	lRSc	1	4	0	0.000	/client/gta121004001.html
r	lRSc	1	1	0	0.000	/dev/client.cgi
r	lRSc	1	71	0	0.000	/client/bandit+development.html
r	lRSc	1	2	0	0.000	/client/bandito development.html
r	lRSc	1	2	0	0.000	/stats/domain.html
r	lRSc	1	2	0	0.000	/stats/weekly.html
r	lRSc	1	6356	0	0.000	/pridpass.html
r	lRSc	1	1	0	0.000	/dev/pna.html
r	lRSc	1	1	0	0.000	/client/tacamo development.html
r	lRSc	1	4	0	0.000	/stats/index.htm
r	lRSc	1	4	0	0.000	/stats/nav.html
r	lRSc	1	2	0	0.000	/stats/directory.html
r	lRSc	1	2	0	0.000	/stats/organisation.html
r	lRSc	1	7	0	0.000	/client/bandit+timeline2007.html
r	lRSc	1	1	0	0.000	/dev/pridpass.html
r	lRSc	1	1	0	0.000	/client/bandito timeline2007.html
r	lRSc	1	1	0	0.000	/stats/quick.html
r	lRSc	1	135	0	0.000	/client/welcome.html
r	lRSc	1	3	0	0.000	/client/gta021305001.html
r	lRSc	1	5	0	0.000	/client/gta012405001.html
r	lRSc	1	4	0	0.000	/stats/general.html
r	lRSc	1	1	0	0.000	/stats/dailyrep.html
r	lRSc	1	1	0	0.000	/client/bandit development.html
r	lRSc	1	17	0	0.000	/client/bandit+timeline2008.html
r	lRSc	1	1	0	0.000	/client/bandito+timeline2005.html
r	lRSc	1	23	0	0.000	/client/projectbids.html
r	lRSc	1	1	0	0.000	/stats/host.html
r	lRSc	1	20	0	0.000	/client/clientpna.html
r	lRSc	1	2	0	0.000	/stats/default.asp
r	lRSc	1	21	0	0.000	/index.htm
r	lRSc	1	1	0	0.000	/cgi-bin/testms.pl
r	lRSc	1	14	0	0.000	/client/rq1+bandit.html
r	lRSc	1	6	0	0.000	/client/gta021305002.html
r	lRSc	1	24	0	0.000	/client/tacamo.html
r	lRSc	1	30	0	0.000	/client/mgqgcyat.asp
r	lRSc	1	18702	0	0.000	/default.asp
r	lRSc	1	1666	0	0.000	/gt380 rpas.html
r	lRSc	1	1	0	0.000	/client/bandito+timeline2006.html
r	lRSc	1	16	0	0.000	/client/rq3+bandito.html
r	lRSc	1	1	0	0.000	/dev/uasfc.html
r	lRSc	1	229	0	0.000	/client.cgi
r	lRSc	1	2	0	0.000	/stats/yearly.html
r	lRSc	1	1	0	0.000	/stats/monthly.html
r	lRSc	1	8	0	0.000	/client/gta010707001.html
r	lRSc	1	3749	0	0.000	/bidspridpass.html
r	lRSc	1	12	0	0.000	/client/bandito.html
r	lRSc	1	1	0	0.000	/stats/quarterly.html
r	lRSc	1	8	0	0.000	/client/bandito+timeline2007.html
t	*f	0.100000%B	b
t	lRb	1	699151	43.756	.jpg  [JPEG graphics]
t	lRb	1	504225	26.229	.html [Hypertext Markup Language]
t	lRb	1	456398	18.517	[directories]
t	lRb	1	6862	5.242	.mp4
t	lRb	1	778	2.157	.wmv
t	lRb	1	87	2.118	.mpg  [MPEG movie]
t	lRb	1	18734	0.911	.asp  [Active Server REQUESTS]
t	lRb	1	83750	0.296	.gif  [GIF graphics]
t	lRb	1	185151	0.254	.js  [JavaScript code]
t	lRb	1	94645	0.225	.css  [Cascading Style Sheets]
t	lRb	1	7066	0.210	.pdf  [Adobe Portable Document Format]
t	lRb	1	37607	0.084	[not listed: 6]
z	*FR	2023	04	05	20	41
z	*LR	2023	05	09	10	03
z	ScR	0	0.000	84837	0
z	ScR	0	0.000	0	1b-  10b
z	ScR	0	0.000	0	11b- 100b
z	ScR	0	0.000	85122	101b-  1kb
z	ScR	0	0.000	509907	1kb- 10kb
z	ScR	0	0.000	352085	10kb-100kb
z	ScR	0	0.000	104639	100kb-  1Mb
z	ScR	0	0.000	4584	1Mb- 10Mb
z	ScR	0	0.000	55	10Mb-100Mb
z	ScR	0	0.000	13	100Mb-  1Gb
c	*FR	2014	03	02	13	52
c	*LR	2024	08	04	04	39
c	*f	0R	a
c	R	1969922	200 OK
c	R	9508	206 Partial content
c	R	183	301 Document moved permanently
c	R	77	302 Document found elsewhere
c	R	115024	304 Not modified since last retrieval
c	R	1473	400 Bad request
c	R	207	401 Authentication required
c	R	912	403 Access forbidden
c	R	919386	404 Document not found
c	R	2795	405 Method not allowed
c	R	1192	406 Document not acceptable to client
c	R	141	416 Requested range not valid
c	R	624	500 Internal server error
c	R	128	501 Request type not supported
I	*FR	2007	12	11	00	52
I	*LR	2024	08	04	04	24
I	*f	-30S	s
I	lRS	1	185770	185	/robots.txt
I	lRS	1	10254	14	/ads.txt
I	lRS	1	599	8	/webmail
I	lRS	1	4226	8	/.env
I	lRS	1	29	6	/mail
I	lRS	1	795	4	/backup
I	lRS	1	1310	4	/wordpress
I	lRS	1	989	4	/home
I	lRS	1	1224	4	/new
I	lRS	1	1237	4	/old
I	lRS	1	639	4	/bc
I	lRS	1	640	4	/bk
I	lRS	1	1246	4	/wp
I	lRS	1	785	4	/main
I	lRS	1	2985	3	/
I	lRS	1	17	3	/logs/development.log
I	lRS	1	285	3	/wp-content/plugins/apikey/apikey.php.suspected
I	lRS	1	17	3	/log/development.log
I	lRS	1	308	3	/wp-content/plugins/apikey/apikey.php
I	lRS	1	283	3	/wp-plain.php
I	lRS	1	390	3	/images/bme+110+muffler+and+ignition.jpg
I	lRS	1	294	3	/plugins/content/apismtp/apismtp.php
I	lRS	1	17	3	/_debugbar
I	lRS	1	317	3	/images/rq1 sm cowling drawing.jpg
I	lRS	1	392	3	/images/sbandit+powerplant+2.jpg
I	lRS	1	5356	3	/xmlrpc.php
I	lRS	1	518	3	/admin/
I	lRS	1	9702	3	/wp-login.php
I	lRS	1	285	3	/plugins/content/apismtp/apismtp.php.suspected
I	lRS	1	317	3	/alfa_data/alfacgiapi/perl.alfa
I	lRS	1	695447	307	[not listed: 32463]
L	*FR	2007	12	11	00	52
L	*LR	2024	08	04	04	24
L	*f	-20S	s
L	RS	224	112	52.169.23.5
L	RS	159	53	43.248.141.170
L	RS	267	46	91.92.242.173
L	RS	17	17	167.94.47.235
L	RS	32	16	194.61.31.238
L	RS	78	13	43.157.5.116
L	RS	1045	10	156.59.198.135
L	RS	27	9	206.189.43.167
L	RS	36	9	108.61.229.95
L	RS	45	9	149.28.115.218
L	RS	27	9	45.63.66.144
L	RS	18	9	45.32.196.58
L	RS	40	8	156.67.110.51
L	RS	1080	8	156.59.198.136
L	RS	934	8	66.249.66.196
L	RS	283	7	23.22.35.162
L	RS	835	7	66.249.66.74
L	RS	883	7	66.249.66.197
L	RS	12	6	139.9.248.236
L	RS	176	5	78.153.140.218
L	RS	920640	244	[not listed: 88271]
K	*FR	2013	12	22	04	20
K	*LR	2024	08	02	21	46
K	*f	-30S	s
K	lRS	1	48	2	http://gtaeronautics.com/admin/
K	lRS	1	1995	1	http://gtaeronautics.com/
K	lRS	1	2	1	http://gtaeronautics.com/bootstrap.php
K	lRS	1	16	1	http://gtaeronautics.com/z.php
K	lRS	1	10	1	http://gtaeronautics.com/xx.php
K	lRS	1	20	1	http://www.gtaeronautics.com/public/plugins/Ueditor/dialogs/attachment/fileTypeImages/icon_psd.gif
K	lRS	1	3	1	http://gtaeronautics.com/admin/login
K	lRS	1	351	1	http://gtaeronautics.com/wp-login.php
K	lRS	1	14	1	http://www.gtaeronautics.com/public/plugins/ckeditor/images/spacer.gif
K	lRS	1	14	1	http://gtaeronautics.com/public/plugins/Ueditor/dialogs/attachment/fileTypeImages/icon_psd.gif
K	lRS	1	8	1	http://gtaeronautics.com/public/plugins/Ueditor/dialogs/attachment/images/alignicon.gif
K	lRS	1	14	1	http://www.gtaeronautics.com/public/plugins/Ueditor/dialogs/attachment/images/alignicon.gif
K	lRS	1	14	1	http://gtaeronautics.com/public/plugins/ckeditor/images/spacer.gif
K	lRS	1	90479	0	[not listed: 6215]
E	*FR	2008	01	06	10	12
E	*LR	2024	06	06	11	33
E	*f	-30S	s
E	lSR	1	0	260	[not listed: 7]
l	*FR	2008	01	06	10	12
l	*LR	2024	06	06	11	33
l	*f	-20S	s
l	SR	0	260	[not listed: 117]
v	*f	-20B	b
v	Rb	1437039	65.103	64.41.87.40
v	Rb	657415	34.897	66.113.131.59
R	*FR	2008	01	06	10	12
R	*LR	2024	06	06	11	33
R	*f	-20R	r
R	R	178	66.113.131.59
R	R	82	64.41.87.40
M	*FR	2007	12	11	00	52
M	*LR	2024	08	04	04	24
M	*f	-20R	r
M	R	624252	64.41.87.40
M	R	302606	66.113.131.59
J	*FR	2007	12	11	00	53
J	*LR	2017	03	17	18	30
J	*f	-20R	r
J	R	9	gtaeronautics
J	R	5	lorrigkj
J	R	1	rullma2063
J	R	1	administrator
J	R	1	satish
J	R	1	nnnnn
P	*FR	2024	04	17	09	27
P	*LR	2024	08	04	04	39
P	R	230	0
P	R	251	<= 0.01
P	R	3672	0.01-0.02
P	R	185201	0.02-0.05
P	R	236044	0.05-0.1 
P	R	312059	0.1 -0.2 
P	R	325933	0.2 -0.5 
P	R	164797	0.5 -1   
P	R	91084	1-  2 
P	R	37808	2-  5 
P	R	15887	5- 10 
P	R	7952	10- 20 
P	R	35546	20- 60 
P	R	4002	60-120 
P	R	16480	120-300 
P	R	3	300-600 
P	R	2	> 600 
