x	VE	analog 5.24
x	HN	gtaeronautics.com
x	PS	2025	01	15	01	58
x	FR	2007	12	18	17	05
x	LR	2025	01	14	05	59
x	E7	2025	01	15	01	58
x	SR	2464383
x	S7	8267
x	NC	776145
x	C7	0
x	FL	1159482
x	F7	1157
x	RR	289
x	R7	0
x	NH	121692
x	H7	449
x	BT	57520368399
x	B7	0
1	Rr	23810	0.966	2025
1	Rr	836367	33.938	2024
1	Rr	511208	20.744	2023
1	Rr	82334	3.341	2022
1	Rr	98917	4.014	2021
1	Rr	89380	3.627	2020
1	Rr	80088	3.250	2019
1	Rr	68927	2.797	2018
1	Rr	60168	2.442	2017
1	Rr	73316	2.975	2016
1	Rr	80796	3.279	2015
1	Rr	110773	4.495	2014
1	Rr	65173	2.645	2013
1	Rr	60742	2.465	2012
1	Rr	57015	2.314	2011
1	Rr	22139	0.898	2010
1	Rr	69710	2.829	2009
1	Rr	71820	2.914	2008
1	Rr	1700	0.069	2007
1	*BT	R	836367	2024
Q	Rr	23810	0.966	2025	1
Q	Rr	202145	8.203	2024	4
Q	Rr	220334	8.941	2024	3
Q	Rr	204456	8.296	2024	2
Q	Rr	209432	8.498	2024	1
Q	Rr	182268	7.396	2023	4
Q	Rr	165939	6.733	2023	3
Q	Rr	135306	5.490	2023	2
Q	Rr	27695	1.124	2023	1
Q	Rr	20307	0.824	2022	4
Q	Rr	20362	0.826	2022	3
Q	Rr	21795	0.884	2022	2
Q	Rr	19870	0.806	2022	1
Q	Rr	21154	0.858	2021	4
Q	Rr	26826	1.089	2021	3
Q	Rr	30675	1.245	2021	2
Q	Rr	20262	0.822	2021	1
Q	Rr	22199	0.901	2020	4
Q	Rr	23882	0.969	2020	3
Q	Rr	21656	0.879	2020	2
Q	Rr	21643	0.878	2020	1
Q	Rr	19098	0.775	2019	4
Q	Rr	19668	0.798	2019	3
Q	Rr	19827	0.805	2019	2
Q	Rr	21495	0.872	2019	1
Q	Rr	18129	0.736	2018	4
Q	Rr	17138	0.695	2018	3
Q	Rr	16928	0.687	2018	2
Q	Rr	16732	0.679	2018	1
Q	Rr	15937	0.647	2017	4
Q	Rr	0	0.000	2017	3
Q	Rr	16831	0.683	2017	2
Q	Rr	27400	1.112	2017	1
Q	Rr	22114	0.897	2016	4
Q	Rr	17621	0.715	2016	3
Q	Rr	15878	0.644	2016	2
Q	Rr	17703	0.718	2016	1
Q	Rr	16575	0.673	2015	4
Q	Rr	22104	0.897	2015	3
Q	Rr	22485	0.912	2015	2
Q	Rr	19632	0.797	2015	1
Q	Rr	21142	0.858	2014	4
Q	Rr	22272	0.904	2014	3
Q	Rr	31453	1.276	2014	2
Q	Rr	35906	1.457	2014	1
Q	Rr	16436	0.667	2013	4
Q	Rr	15216	0.617	2013	3
Q	Rr	16545	0.671	2013	2
Q	Rr	16976	0.689	2013	1
Q	Rr	16578	0.673	2012	4
Q	Rr	12511	0.508	2012	3
Q	Rr	15816	0.642	2012	2
Q	Rr	15837	0.643	2012	1
Q	Rr	15444	0.627	2011	4
Q	Rr	17386	0.705	2011	3
Q	Rr	9395	0.381	2011	2
Q	Rr	14790	0.600	2011	1
Q	Rr	1603	0.065	2010	4
Q	Rr	0	0.000	2010	3
Q	Rr	14047	0.570	2010	2
Q	Rr	6489	0.263	2010	1
Q	Rr	16350	0.663	2009	4
Q	Rr	18220	0.739	2009	3
Q	Rr	17115	0.694	2009	2
Q	Rr	18025	0.731	2009	1
Q	Rr	15905	0.645	2008	4
Q	Rr	15660	0.635	2008	3
Q	Rr	22448	0.911	2008	2
Q	Rr	17807	0.723	2008	1
Q	Rr	1700	0.069	2007	4
Q	*BT	R	220334	2024	3
m	Rr	23810	0.966	2025	01
m	Rr	57890	2.349	2024	12
m	Rr	63975	2.596	2024	11
m	Rr	80280	3.258	2024	10
m	Rr	73644	2.988	2024	09
m	Rr	72041	2.923	2024	08
m	Rr	74649	3.029	2024	07
m	Rr	69378	2.815	2024	06
m	Rr	72365	2.936	2024	05
m	Rr	62713	2.545	2024	04
m	Rr	66782	2.710	2024	03
m	Rr	68592	2.783	2024	02
m	Rr	74058	3.005	2024	01
m	Rr	54270	2.202	2023	12
m	Rr	61278	2.487	2023	11
m	Rr	66720	2.707	2023	10
m	Rr	51132	2.075	2023	09
m	Rr	54561	2.214	2023	08
m	Rr	60246	2.445	2023	07
m	Rr	66204	2.686	2023	06
m	Rr	60120	2.440	2023	05
m	Rr	8982	0.364	2023	04
m	Rr	10848	0.440	2023	03
m	Rr	8360	0.339	2023	02
m	Rr	8487	0.344	2023	01
m	Rr	6950	0.282	2022	12
m	Rr	6349	0.258	2022	11
m	Rr	7008	0.284	2022	10
m	Rr	6740	0.273	2022	09
m	Rr	6863	0.278	2022	08
m	Rr	6759	0.274	2022	07
m	Rr	6567	0.266	2022	06
m	Rr	8427	0.342	2022	05
m	Rr	6801	0.276	2022	04
m	Rr	6380	0.259	2022	03
m	Rr	6175	0.251	2022	02
m	Rr	7315	0.297	2022	01
m	Rr	7667	0.311	2021	12
m	Rr	7097	0.288	2021	11
m	Rr	6390	0.259	2021	10
m	Rr	6059	0.246	2021	09
m	Rr	9092	0.369	2021	08
m	Rr	11675	0.474	2021	07
m	Rr	10152	0.412	2021	06
m	Rr	10231	0.415	2021	05
m	Rr	10292	0.418	2021	04
m	Rr	7948	0.323	2021	03
m	Rr	5800	0.235	2021	02
m	Rr	6514	0.264	2021	01
m	Rr	8069	0.327	2020	12
m	Rr	6579	0.267	2020	11
m	Rr	7551	0.306	2020	10
m	Rr	8028	0.326	2020	09
m	Rr	7741	0.314	2020	08
m	Rr	8113	0.329	2020	07
m	Rr	7317	0.297	2020	06
m	Rr	6898	0.280	2020	05
m	Rr	7441	0.302	2020	04
m	Rr	7524	0.305	2020	03
m	Rr	7322	0.297	2020	02
m	Rr	6797	0.276	2020	01
m	Rr	6573	0.267	2019	12
m	Rr	5917	0.240	2019	11
m	Rr	6608	0.268	2019	10
m	Rr	6791	0.276	2019	09
m	Rr	6597	0.268	2019	08
m	Rr	6280	0.255	2019	07
m	Rr	6317	0.256	2019	06
m	Rr	6847	0.278	2019	05
m	Rr	6663	0.270	2019	04
m	Rr	7059	0.286	2019	03
m	Rr	6374	0.259	2019	02
m	Rr	8062	0.327	2019	01
m	Rr	6957	0.282	2018	12
m	Rr	5422	0.220	2018	11
m	Rr	5750	0.233	2018	10
m	Rr	5458	0.221	2018	09
m	Rr	5735	0.233	2018	08
m	Rr	5945	0.241	2018	07
m	Rr	7110	0.289	2018	06
m	Rr	6440	0.261	2018	05
m	Rr	3378	0.137	2018	04
m	Rr	5789	0.235	2018	03
m	Rr	5369	0.218	2018	02
m	Rr	5574	0.226	2018	01
m	Rr	3906	0.158	2017	12
m	Rr	6533	0.265	2017	11
m	Rr	5498	0.223	2017	10
m	Rr	0	0.000	2017	09
m	Rr	0	0.000	2017	08
m	Rr	0	0.000	2017	07
m	Rr	0	0.000	2017	06
m	Rr	6832	0.277	2017	05
m	Rr	9999	0.406	2017	04
m	Rr	11887	0.482	2017	03
m	Rr	7941	0.322	2017	02
m	Rr	7572	0.307	2017	01
m	Rr	9483	0.385	2016	12
m	Rr	7121	0.289	2016	11
m	Rr	5510	0.224	2016	10
m	Rr	6288	0.255	2016	09
m	Rr	5888	0.239	2016	08
m	Rr	5445	0.221	2016	07
m	Rr	5042	0.205	2016	06
m	Rr	5495	0.223	2016	05
m	Rr	5341	0.217	2016	04
m	Rr	5558	0.226	2016	03
m	Rr	5548	0.225	2016	02
m	Rr	6597	0.268	2016	01
m	Rr	5574	0.226	2015	12
m	Rr	5330	0.216	2015	11
m	Rr	5671	0.230	2015	10
m	Rr	6196	0.251	2015	09
m	Rr	6788	0.275	2015	08
m	Rr	9120	0.370	2015	07
m	Rr	7156	0.290	2015	06
m	Rr	5694	0.231	2015	05
m	Rr	9635	0.391	2015	04
m	Rr	6215	0.252	2015	03
m	Rr	6084	0.247	2015	02
m	Rr	7333	0.298	2015	01
m	Rr	6608	0.268	2014	12
m	Rr	6997	0.284	2014	11
m	Rr	7537	0.306	2014	10
m	Rr	7043	0.286	2014	09
m	Rr	7324	0.297	2014	08
m	Rr	7905	0.321	2014	07
m	Rr	11654	0.473	2014	06
m	Rr	9211	0.374	2014	05
m	Rr	10588	0.430	2014	04
m	Rr	7817	0.317	2014	03
m	Rr	15229	0.618	2014	02
m	Rr	12860	0.522	2014	01
m	Rr	5325	0.216	2013	12
m	Rr	5513	0.224	2013	11
m	Rr	5598	0.227	2013	10
m	Rr	4655	0.189	2013	09
m	Rr	4938	0.200	2013	08
m	Rr	5623	0.228	2013	07
m	Rr	5492	0.223	2013	06
m	Rr	5211	0.211	2013	05
m	Rr	5842	0.237	2013	04
m	Rr	6068	0.246	2013	03
m	Rr	5055	0.205	2013	02
m	Rr	5853	0.238	2013	01
m	Rr	5688	0.231	2012	12
m	Rr	5477	0.222	2012	11
m	Rr	5413	0.220	2012	10
m	Rr	4331	0.176	2012	09
m	Rr	3866	0.157	2012	08
m	Rr	4314	0.175	2012	07
m	Rr	4655	0.189	2012	06
m	Rr	6047	0.245	2012	05
m	Rr	5114	0.208	2012	04
m	Rr	6128	0.249	2012	03
m	Rr	5430	0.220	2012	02
m	Rr	4279	0.174	2012	01
m	Rr	5548	0.225	2011	12
m	Rr	4779	0.194	2011	11
m	Rr	5117	0.208	2011	10
m	Rr	5431	0.220	2011	09
m	Rr	6256	0.254	2011	08
m	Rr	5699	0.231	2011	07
m	Rr	5420	0.220	2011	06
m	Rr	3975	0.161	2011	05
m	Rr	0	0.000	2011	04
m	Rr	3608	0.146	2011	03
m	Rr	5171	0.210	2011	02
m	Rr	6011	0.244	2011	01
m	Rr	1603	0.065	2010	12
m	Rr	0	0.000	2010	11
m	Rr	0	0.000	2010	10
m	Rr	0	0.000	2010	09
m	Rr	0	0.000	2010	08
m	Rr	0	0.000	2010	07
m	Rr	4101	0.166	2010	06
m	Rr	5018	0.204	2010	05
m	Rr	4928	0.200	2010	04
m	Rr	5095	0.207	2010	03
m	Rr	1394	0.057	2010	02
m	Rr	0	0.000	2010	01
m	Rr	4665	0.189	2009	12
m	Rr	6187	0.251	2009	11
m	Rr	5498	0.223	2009	10
m	Rr	5066	0.206	2009	09
m	Rr	5718	0.232	2009	08
m	Rr	7436	0.302	2009	07
m	Rr	5685	0.231	2009	06
m	Rr	6120	0.248	2009	05
m	Rr	5310	0.215	2009	04
m	Rr	5515	0.224	2009	03
m	Rr	6123	0.248	2009	02
m	Rr	6387	0.259	2009	01
m	Rr	5763	0.234	2008	12
m	Rr	5420	0.220	2008	11
m	Rr	4722	0.192	2008	10
m	Rr	5435	0.221	2008	09
m	Rr	4843	0.197	2008	08
m	Rr	5382	0.218	2008	07
m	Rr	6082	0.247	2008	06
m	Rr	9946	0.404	2008	05
m	Rr	6420	0.261	2008	04
m	Rr	5431	0.220	2008	03
m	Rr	6469	0.262	2008	02
m	Rr	5907	0.240	2008	01
m	Rr	1700	0.069	2007	12
m	*BT	R	80280	2024	10
W	Rr	2011	0.082	2025	01	12
W	Rr	14816	0.601	2025	01	05
W	Rr	12005	0.487	2024	12	29
W	Rr	11414	0.463	2024	12	22
W	Rr	15924	0.646	2024	12	15
W	Rr	12318	0.500	2024	12	08
W	Rr	13212	0.536	2024	12	01
W	Rr	14492	0.588	2024	11	24
W	Rr	14773	0.599	2024	11	17
W	Rr	15900	0.645	2024	11	10
W	Rr	15042	0.610	2024	11	03
W	Rr	14430	0.586	2024	10	27
W	Rr	20382	0.827	2024	10	20
W	Rr	20310	0.824	2024	10	13
W	Rr	17544	0.712	2024	10	06
W	Rr	16788	0.681	2024	09	29
W	Rr	16014	0.650	2024	09	22
W	Rr	17958	0.729	2024	09	15
W	Rr	18306	0.743	2024	09	08
W	Rr	15960	0.648	2024	09	01
W	Rr	18348	0.745	2024	08	25
W	Rr	15726	0.638	2024	08	18
W	Rr	14490	0.588	2024	08	11
W	Rr	15707	0.637	2024	08	04
W	Rr	17598	0.714	2024	07	28
W	Rr	15120	0.614	2024	07	21
W	Rr	14667	0.595	2024	07	14
W	Rr	18810	0.763	2024	07	07
W	Rr	18384	0.746	2024	06	30
W	Rr	16152	0.655	2024	06	23
W	Rr	16674	0.677	2024	06	16
W	Rr	13122	0.532	2024	06	09
W	Rr	18264	0.741	2024	06	02
W	Rr	17766	0.721	2024	05	26
W	Rr	14970	0.607	2024	05	19
W	Rr	14346	0.582	2024	05	12
W	Rr	17520	0.711	2024	05	05
W	Rr	17624	0.715	2024	04	28
W	Rr	15605	0.633	2024	04	21
W	Rr	14394	0.584	2024	04	14
W	Rr	13500	0.548	2024	04	07
W	Rr	13599	0.552	2024	03	31
W	Rr	16024	0.650	2024	03	24
W	Rr	14040	0.570	2024	03	17
W	Rr	16854	0.684	2024	03	10
W	Rr	15624	0.634	2024	03	03
W	Rr	17778	0.721	2024	02	25
W	Rr	13428	0.545	2024	02	18
W	Rr	16572	0.672	2024	02	11
W	Rr	17070	0.693	2024	02	04
W	Rr	26220	1.064	2024	01	28
W	Rr	14730	0.598	2024	01	21
W	Rr	13098	0.531	2024	01	14
W	Rr	15324	0.622	2024	01	07
W	Rr	12552	0.509	2023	12	31
W	Rr	11406	0.463	2023	12	24
W	Rr	11184	0.454	2023	12	17
W	Rr	13956	0.566	2023	12	10
W	Rr	13644	0.554	2023	12	03
W	Rr	12390	0.503	2023	11	26
W	Rr	11682	0.474	2023	11	19
W	Rr	15756	0.639	2023	11	12
W	Rr	16596	0.673	2023	11	05
W	Rr	16104	0.653	2023	10	29
W	Rr	13980	0.567	2023	10	22
W	Rr	15450	0.627	2023	10	15
W	Rr	14713	0.597	2023	10	08
W	Rr	14285	0.580	2023	10	01
W	Rr	14478	0.587	2023	09	24
W	Rr	11904	0.483	2023	09	17
W	Rr	10968	0.445	2023	09	10
W	Rr	10482	0.425	2023	09	03
W	Rr	10800	0.438	2023	08	27
W	Rr	14568	0.591	2023	08	20
W	Rr	12504	0.507	2023	08	13
W	Rr	12076	0.490	2023	08	06
W	Rr	10997	0.446	2023	07	30
W	Rr	13392	0.543	2023	07	23
W	Rr	13224	0.537	2023	07	16
W	Rr	16128	0.654	2023	07	09
W	Rr	13356	0.542	2023	07	02
W	Rr	12558	0.510	2023	06	25
W	Rr	17082	0.693	2023	06	18
W	Rr	16452	0.668	2023	06	11
W	Rr	15336	0.622	2023	06	04
W	Rr	13482	0.547	2023	05	28
W	Rr	16248	0.659	2023	05	21
W	Rr	15078	0.612	2023	05	14
W	Rr	17181	0.697	2023	05	07
W	Rr	4282	0.174	2023	04	30
W	Rr	2458	0.100	2023	04	23
W	Rr	2269	0.092	2023	04	16
W	Rr	1553	0.063	2023	04	09
W	Rr	2389	0.097	2023	04	02
W	Rr	1701	0.069	2023	03	26
W	Rr	1943	0.079	2023	03	19
W	Rr	2225	0.090	2023	03	12
W	Rr	2192	0.089	2023	03	05
W	Rr	4055	0.165	2023	02	26
W	Rr	2406	0.098	2023	02	19
W	Rr	1898	0.077	2023	02	12
W	Rr	1890	0.077	2023	02	05
W	Rr	1861	0.076	2023	01	29
W	Rr	1686	0.068	2023	01	22
W	Rr	1779	0.072	2023	01	15
W	Rr	1833	0.074	2023	01	08
W	Rr	2226	0.090	2023	01	01
W	Rr	1280	0.052	2022	12	25
W	Rr	1806	0.073	2022	12	18
W	Rr	1773	0.072	2022	12	11
W	Rr	1532	0.062	2022	12	04
W	Rr	1586	0.064	2022	11	27
W	Rr	1093	0.044	2022	11	20
W	Rr	1366	0.055	2022	11	13
W	Rr	1972	0.080	2022	11	06
W	Rr	1396	0.057	2022	10	30
W	Rr	1547	0.063	2022	10	23
W	Rr	1641	0.067	2022	10	16
W	Rr	1747	0.071	2022	10	09
W	Rr	1568	0.064	2022	10	02
W	Rr	1379	0.056	2022	09	25
W	Rr	1695	0.069	2022	09	18
W	Rr	1701	0.069	2022	09	11
W	Rr	1568	0.064	2022	09	04
W	Rr	1562	0.063	2022	08	28
W	Rr	1488	0.060	2022	08	21
W	Rr	1646	0.067	2022	08	14
W	Rr	1430	0.058	2022	08	07
W	Rr	1446	0.059	2022	07	31
W	Rr	1383	0.056	2022	07	24
W	Rr	1661	0.067	2022	07	17
W	Rr	1478	0.060	2022	07	10
W	Rr	1711	0.069	2022	07	03
W	Rr	1804	0.073	2022	06	26
W	Rr	1298	0.053	2022	06	19
W	Rr	1407	0.057	2022	06	12
W	Rr	1396	0.057	2022	06	05
W	Rr	1638	0.066	2022	05	29
W	Rr	1724	0.070	2022	05	22
W	Rr	2427	0.098	2022	05	15
W	Rr	2100	0.085	2022	05	08
W	Rr	1414	0.057	2022	05	01
W	Rr	1865	0.076	2022	04	24
W	Rr	1381	0.056	2022	04	17
W	Rr	1630	0.066	2022	04	10
W	Rr	1670	0.068	2022	04	03
W	Rr	1588	0.064	2022	03	27
W	Rr	1204	0.049	2022	03	20
W	Rr	1350	0.055	2022	03	13
W	Rr	1488	0.060	2022	03	06
W	Rr	1368	0.056	2022	02	27
W	Rr	1481	0.060	2022	02	20
W	Rr	1657	0.067	2022	02	13
W	Rr	1518	0.062	2022	02	06
W	Rr	1787	0.073	2022	01	30
W	Rr	2021	0.082	2022	01	23
W	Rr	1429	0.058	2022	01	16
W	Rr	1693	0.069	2022	01	09
W	Rr	1541	0.063	2022	01	02
W	Rr	1311	0.053	2021	12	26
W	Rr	1839	0.075	2021	12	19
W	Rr	1732	0.070	2021	12	12
W	Rr	2001	0.081	2021	12	05
W	Rr	1641	0.067	2021	11	28
W	Rr	1615	0.066	2021	11	21
W	Rr	1673	0.068	2021	11	14
W	Rr	1625	0.066	2021	11	07
W	Rr	1523	0.062	2021	10	31
W	Rr	1562	0.063	2021	10	24
W	Rr	1474	0.060	2021	10	17
W	Rr	1349	0.055	2021	10	10
W	Rr	1615	0.066	2021	10	03
W	Rr	1598	0.065	2021	09	26
W	Rr	1646	0.067	2021	09	19
W	Rr	1203	0.049	2021	09	12
W	Rr	1106	0.045	2021	09	05
W	Rr	1383	0.056	2021	08	29
W	Rr	1685	0.068	2021	08	22
W	Rr	2071	0.084	2021	08	15
W	Rr	2279	0.092	2021	08	08
W	Rr	2374	0.096	2021	08	01
W	Rr	2543	0.103	2021	07	25
W	Rr	2843	0.115	2021	07	18
W	Rr	2777	0.113	2021	07	11
W	Rr	2756	0.112	2021	07	04
W	Rr	2524	0.102	2021	06	27
W	Rr	2466	0.100	2021	06	20
W	Rr	2262	0.092	2021	06	13
W	Rr	2264	0.092	2021	06	06
W	Rr	2101	0.085	2021	05	30
W	Rr	3009	0.122	2021	05	23
W	Rr	1989	0.081	2021	05	16
W	Rr	2386	0.097	2021	05	09
W	Rr	2138	0.087	2021	05	02
W	Rr	1668	0.068	2021	04	25
W	Rr	2413	0.098	2021	04	18
W	Rr	3035	0.123	2021	04	11
W	Rr	2709	0.110	2021	04	04
W	Rr	1942	0.079	2021	03	28
W	Rr	1666	0.068	2021	03	21
W	Rr	1476	0.060	2021	03	14
W	Rr	1713	0.070	2021	03	07
W	Rr	1777	0.072	2021	02	28
W	Rr	1173	0.048	2021	02	21
W	Rr	1101	0.045	2021	02	14
W	Rr	1699	0.069	2021	02	07
W	Rr	1867	0.076	2021	01	31
W	Rr	1404	0.057	2021	01	24
W	Rr	1564	0.063	2021	01	17
W	Rr	1431	0.058	2021	01	10
W	Rr	1666	0.068	2021	01	03
W	Rr	1926	0.078	2020	12	27
W	Rr	1572	0.064	2020	12	20
W	Rr	1404	0.057	2020	12	13
W	Rr	2272	0.092	2020	12	06
W	Rr	1522	0.062	2020	11	29
W	Rr	1722	0.070	2020	11	22
W	Rr	1580	0.064	2020	11	15
W	Rr	1401	0.057	2020	11	08
W	Rr	1499	0.061	2020	11	01
W	Rr	1470	0.060	2020	10	25
W	Rr	2379	0.097	2020	10	18
W	Rr	1559	0.063	2020	10	11
W	Rr	1729	0.070	2020	10	04
W	Rr	1674	0.068	2020	09	27
W	Rr	1786	0.072	2020	09	20
W	Rr	2200	0.089	2020	09	13
W	Rr	1677	0.068	2020	09	06
W	Rr	1596	0.065	2020	08	30
W	Rr	1833	0.074	2020	08	23
W	Rr	1814	0.074	2020	08	16
W	Rr	2206	0.090	2020	08	09
W	Rr	1397	0.057	2020	08	02
W	Rr	1816	0.074	2020	07	26
W	Rr	1949	0.079	2020	07	19
W	Rr	1532	0.062	2020	07	12
W	Rr	1976	0.080	2020	07	05
W	Rr	1600	0.065	2020	06	28
W	Rr	1627	0.066	2020	06	21
W	Rr	2101	0.085	2020	06	14
W	Rr	1590	0.065	2020	06	07
W	Rr	1492	0.061	2020	05	31
W	Rr	1556	0.063	2020	05	24
W	Rr	1756	0.071	2020	05	17
W	Rr	1568	0.064	2020	05	10
W	Rr	1567	0.064	2020	05	03
W	Rr	1734	0.070	2020	04	26
W	Rr	1675	0.068	2020	04	19
W	Rr	1702	0.069	2020	04	12
W	Rr	1965	0.080	2020	04	05
W	Rr	1329	0.054	2020	03	29
W	Rr	1818	0.074	2020	03	22
W	Rr	1345	0.055	2020	03	15
W	Rr	1581	0.064	2020	03	08
W	Rr	2014	0.082	2020	03	01
W	Rr	1942	0.079	2020	02	23
W	Rr	1748	0.071	2020	02	16
W	Rr	1949	0.079	2020	02	09
W	Rr	1683	0.068	2020	02	02
W	Rr	1436	0.058	2020	01	26
W	Rr	1792	0.073	2020	01	19
W	Rr	1519	0.062	2020	01	12
W	Rr	1420	0.058	2020	01	05
W	Rr	1109	0.045	2019	12	29
W	Rr	1023	0.042	2019	12	22
W	Rr	1584	0.064	2019	12	15
W	Rr	1783	0.072	2019	12	08
W	Rr	1704	0.069	2019	12	01
W	Rr	1178	0.048	2019	11	24
W	Rr	1697	0.069	2019	11	17
W	Rr	1510	0.061	2019	11	10
W	Rr	1383	0.056	2019	11	03
W	Rr	1309	0.053	2019	10	27
W	Rr	1473	0.060	2019	10	20
W	Rr	1519	0.062	2019	10	13
W	Rr	1485	0.060	2019	10	06
W	Rr	1416	0.057	2019	09	29
W	Rr	1499	0.061	2019	09	22
W	Rr	1652	0.067	2019	09	15
W	Rr	1710	0.069	2019	09	08
W	Rr	1485	0.060	2019	09	01
W	Rr	1689	0.069	2019	08	25
W	Rr	1315	0.053	2019	08	18
W	Rr	1619	0.066	2019	08	11
W	Rr	1558	0.063	2019	08	04
W	Rr	1360	0.055	2019	07	28
W	Rr	1191	0.048	2019	07	21
W	Rr	1730	0.070	2019	07	14
W	Rr	1299	0.053	2019	07	07
W	Rr	1339	0.054	2019	06	30
W	Rr	1592	0.065	2019	06	23
W	Rr	1497	0.061	2019	06	16
W	Rr	1450	0.059	2019	06	09
W	Rr	1555	0.063	2019	06	02
W	Rr	1289	0.052	2019	05	26
W	Rr	1863	0.076	2019	05	19
W	Rr	1385	0.056	2019	05	12
W	Rr	1553	0.063	2019	05	05
W	Rr	1655	0.067	2019	04	28
W	Rr	1282	0.052	2019	04	21
W	Rr	1503	0.061	2019	04	14
W	Rr	1623	0.066	2019	04	07
W	Rr	1715	0.070	2019	03	31
W	Rr	1882	0.076	2019	03	24
W	Rr	1464	0.059	2019	03	17
W	Rr	1381	0.056	2019	03	10
W	Rr	1627	0.066	2019	03	03
W	Rr	1773	0.072	2019	02	24
W	Rr	1669	0.068	2019	02	17
W	Rr	1483	0.060	2019	02	10
W	Rr	1391	0.056	2019	02	03
W	Rr	1797	0.073	2019	01	27
W	Rr	1963	0.080	2019	01	20
W	Rr	2029	0.082	2019	01	13
W	Rr	1696	0.069	2019	01	06
W	Rr	1526	0.062	2018	12	30
W	Rr	1226	0.050	2018	12	23
W	Rr	1442	0.059	2018	12	16
W	Rr	1936	0.079	2018	12	09
W	Rr	1809	0.073	2018	12	02
W	Rr	1295	0.053	2018	11	25
W	Rr	1820	0.074	2018	11	18
W	Rr	1802	0.073	2018	11	11
W	Rr	0	0.000	2018	11	04
W	Rr	1473	0.060	2018	10	28
W	Rr	1106	0.045	2018	10	21
W	Rr	1427	0.058	2018	10	14
W	Rr	1214	0.049	2018	10	07
W	Rr	1168	0.047	2018	09	30
W	Rr	1420	0.058	2018	09	23
W	Rr	1197	0.049	2018	09	16
W	Rr	1388	0.056	2018	09	09
W	Rr	1320	0.054	2018	09	02
W	Rr	1246	0.051	2018	08	26
W	Rr	1214	0.049	2018	08	19
W	Rr	1366	0.055	2018	08	12
W	Rr	1195	0.048	2018	08	05
W	Rr	1346	0.055	2018	07	29
W	Rr	1374	0.056	2018	07	22
W	Rr	1508	0.061	2018	07	15
W	Rr	1522	0.062	2018	07	08
W	Rr	909	0.037	2018	07	01
W	Rr	1444	0.059	2018	06	24
W	Rr	2682	0.109	2018	06	17
W	Rr	1365	0.055	2018	06	10
W	Rr	1329	0.054	2018	06	03
W	Rr	1275	0.052	2018	05	27
W	Rr	1392	0.056	2018	05	20
W	Rr	1321	0.054	2018	05	13
W	Rr	1527	0.062	2018	05	06
W	Rr	1517	0.062	2018	04	29
W	Rr	0	0.000	2018	04	22
W	Rr	1364	0.055	2018	04	15
W	Rr	1712	0.069	2018	04	08
W	Rr	0	0.000	2018	04	01
W	Rr	1543	0.063	2018	03	25
W	Rr	1342	0.054	2018	03	18
W	Rr	2429	0.099	2018	03	11
W	Rr	0	0.000	2018	03	04
W	Rr	1366	0.055	2018	02	25
W	Rr	1308	0.053	2018	02	18
W	Rr	1439	0.058	2018	02	11
W	Rr	1731	0.070	2018	02	04
W	Rr	0	0.000	2018	01	28
W	Rr	1434	0.058	2018	01	21
W	Rr	1578	0.064	2018	01	14
W	Rr	1471	0.060	2018	01	07
W	Rr	1246	0.051	2017	12	31
W	Rr	1033	0.042	2017	12	24
W	Rr	1103	0.045	2017	12	17
W	Rr	1406	0.057	2017	12	10
W	Rr	0	0.000	2017	12	03
W	Rr	1335	0.054	2017	11	26
W	Rr	1427	0.058	2017	11	19
W	Rr	1662	0.067	2017	11	12
W	Rr	1414	0.057	2017	11	05
W	Rr	1349	0.055	2017	10	29
W	Rr	1208	0.049	2017	10	22
W	Rr	2013	0.082	2017	10	15
W	Rr	1832	0.074	2017	10	08
W	Rr	0	0.000	2017	10	01
W	Rr	0	0.000	2017	09	24
W	Rr	0	0.000	2017	09	17
W	Rr	0	0.000	2017	09	10
W	Rr	0	0.000	2017	09	03
W	Rr	0	0.000	2017	08	27
W	Rr	0	0.000	2017	08	20
W	Rr	0	0.000	2017	08	13
W	Rr	0	0.000	2017	08	06
W	Rr	0	0.000	2017	07	30
W	Rr	0	0.000	2017	07	23
W	Rr	0	0.000	2017	07	16
W	Rr	0	0.000	2017	07	09
W	Rr	0	0.000	2017	07	02
W	Rr	0	0.000	2017	06	25
W	Rr	0	0.000	2017	06	18
W	Rr	0	0.000	2017	06	11
W	Rr	0	0.000	2017	06	04
W	Rr	25	0.001	2017	05	28
W	Rr	1838	0.075	2017	05	21
W	Rr	1915	0.078	2017	05	14
W	Rr	1676	0.068	2017	05	07
W	Rr	1677	0.068	2017	04	30
W	Rr	2071	0.084	2017	04	23
W	Rr	1978	0.080	2017	04	16
W	Rr	1874	0.076	2017	04	09
W	Rr	3435	0.139	2017	04	02
W	Rr	2619	0.106	2017	03	26
W	Rr	2633	0.107	2017	03	19
W	Rr	2413	0.098	2017	03	12
W	Rr	3092	0.125	2017	03	05
W	Rr	2295	0.093	2017	02	26
W	Rr	2204	0.089	2017	02	19
W	Rr	1869	0.076	2017	02	12
W	Rr	1973	0.080	2017	02	05
W	Rr	1783	0.072	2017	01	29
W	Rr	1768	0.072	2017	01	22
W	Rr	1585	0.064	2017	01	15
W	Rr	1768	0.072	2017	01	08
W	Rr	1740	0.071	2017	01	01
W	Rr	1549	0.063	2016	12	25
W	Rr	2202	0.089	2016	12	18
W	Rr	1812	0.074	2016	12	11
W	Rr	2648	0.107	2016	12	04
W	Rr	2236	0.091	2016	11	27
W	Rr	1321	0.054	2016	11	20
W	Rr	1996	0.081	2016	11	13
W	Rr	1716	0.070	2016	11	06
W	Rr	1564	0.063	2016	10	30
W	Rr	1362	0.055	2016	10	23
W	Rr	1707	0.069	2016	10	16
W	Rr	1696	0.069	2016	10	09
W	Rr	36	0.001	2016	10	02
W	Rr	2002	0.081	2016	09	25
W	Rr	1399	0.057	2016	09	18
W	Rr	1199	0.049	2016	09	11
W	Rr	1326	0.054	2016	09	04
W	Rr	1316	0.053	2016	08	28
W	Rr	1257	0.051	2016	08	21
W	Rr	1208	0.049	2016	08	14
W	Rr	1602	0.065	2016	08	07
W	Rr	1319	0.054	2016	07	31
W	Rr	1796	0.073	2016	07	24
W	Rr	1171	0.048	2016	07	17
W	Rr	1167	0.047	2016	07	10
W	Rr	917	0.037	2016	07	03
W	Rr	920	0.037	2016	06	26
W	Rr	1179	0.048	2016	06	19
W	Rr	1288	0.052	2016	06	12
W	Rr	1237	0.050	2016	06	05
W	Rr	1263	0.051	2016	05	29
W	Rr	1338	0.054	2016	05	22
W	Rr	1184	0.048	2016	05	15
W	Rr	1365	0.055	2016	05	08
W	Rr	974	0.040	2016	05	01
W	Rr	1311	0.053	2016	04	24
W	Rr	1127	0.046	2016	04	17
W	Rr	1248	0.051	2016	04	10
W	Rr	1451	0.059	2016	04	03
W	Rr	987	0.040	2016	03	27
W	Rr	1233	0.050	2016	03	20
W	Rr	1347	0.055	2016	03	13
W	Rr	1347	0.055	2016	03	06
W	Rr	1236	0.050	2016	02	28
W	Rr	1422	0.058	2016	02	21
W	Rr	1085	0.044	2016	02	14
W	Rr	1427	0.058	2016	02	07
W	Rr	1359	0.055	2016	01	31
W	Rr	1708	0.069	2016	01	24
W	Rr	1476	0.060	2016	01	17
W	Rr	1563	0.063	2016	01	10
W	Rr	1381	0.056	2016	01	03
W	Rr	1273	0.052	2015	12	27
W	Rr	1084	0.044	2015	12	20
W	Rr	1344	0.055	2015	12	13
W	Rr	1336	0.054	2015	12	06
W	Rr	1123	0.046	2015	11	29
W	Rr	960	0.039	2015	11	22
W	Rr	1337	0.054	2015	11	15
W	Rr	1400	0.057	2015	11	08
W	Rr	1383	0.056	2015	11	01
W	Rr	1250	0.051	2015	10	25
W	Rr	1366	0.055	2015	10	18
W	Rr	1367	0.055	2015	10	11
W	Rr	1214	0.049	2015	10	04
W	Rr	1152	0.047	2015	09	27
W	Rr	1387	0.056	2015	09	20
W	Rr	1655	0.067	2015	09	13
W	Rr	1526	0.062	2015	09	06
W	Rr	1242	0.050	2015	08	30
W	Rr	1800	0.073	2015	08	23
W	Rr	1527	0.062	2015	08	16
W	Rr	1386	0.056	2015	08	09
W	Rr	1593	0.065	2015	08	02
W	Rr	1567	0.064	2015	07	26
W	Rr	1980	0.080	2015	07	19
W	Rr	2180	0.088	2015	07	12
W	Rr	2008	0.081	2015	07	05
W	Rr	2297	0.093	2015	06	28
W	Rr	1556	0.063	2015	06	21
W	Rr	1380	0.056	2015	06	14
W	Rr	2013	0.082	2015	06	07
W	Rr	1651	0.067	2015	05	31
W	Rr	1224	0.050	2015	05	24
W	Rr	1355	0.055	2015	05	17
W	Rr	1179	0.048	2015	05	10
W	Rr	1436	0.058	2015	05	03
W	Rr	1671	0.068	2015	04	26
W	Rr	1878	0.076	2015	04	19
W	Rr	2326	0.094	2015	04	12
W	Rr	2636	0.107	2015	04	05
W	Rr	2297	0.093	2015	03	29
W	Rr	1237	0.050	2015	03	22
W	Rr	1453	0.059	2015	03	15
W	Rr	1399	0.057	2015	03	08
W	Rr	1287	0.052	2015	03	01
W	Rr	1249	0.051	2015	02	22
W	Rr	1373	0.056	2015	02	15
W	Rr	1790	0.073	2015	02	08
W	Rr	1672	0.068	2015	02	01
W	Rr	1543	0.063	2015	01	25
W	Rr	1463	0.059	2015	01	18
W	Rr	1696	0.069	2015	01	11
W	Rr	1707	0.069	2015	01	04
W	Rr	1833	0.074	2014	12	28
W	Rr	1335	0.054	2014	12	21
W	Rr	1644	0.067	2014	12	14
W	Rr	1541	0.063	2014	12	07
W	Rr	1335	0.054	2014	11	30
W	Rr	1262	0.051	2014	11	23
W	Rr	2009	0.082	2014	11	16
W	Rr	1566	0.064	2014	11	09
W	Rr	1814	0.074	2014	11	02
W	Rr	1452	0.059	2014	10	26
W	Rr	1642	0.067	2014	10	19
W	Rr	1795	0.073	2014	10	12
W	Rr	1836	0.075	2014	10	05
W	Rr	1662	0.067	2014	09	28
W	Rr	1843	0.075	2014	09	21
W	Rr	1678	0.068	2014	09	14
W	Rr	1598	0.065	2014	09	07
W	Rr	1418	0.058	2014	08	31
W	Rr	1584	0.064	2014	08	24
W	Rr	1571	0.064	2014	08	17
W	Rr	1727	0.070	2014	08	10
W	Rr	1927	0.078	2014	08	03
W	Rr	1691	0.069	2014	07	27
W	Rr	1702	0.069	2014	07	20
W	Rr	1624	0.066	2014	07	13
W	Rr	1831	0.074	2014	07	06
W	Rr	1867	0.076	2014	06	29
W	Rr	1927	0.078	2014	06	22
W	Rr	2134	0.087	2014	06	15
W	Rr	4851	0.197	2014	06	08
W	Rr	2293	0.093	2014	06	01
W	Rr	3180	0.129	2014	05	25
W	Rr	1468	0.060	2014	05	18
W	Rr	1808	0.073	2014	05	11
W	Rr	1998	0.081	2014	05	04
W	Rr	1876	0.076	2014	04	27
W	Rr	2330	0.095	2014	04	20
W	Rr	2565	0.104	2014	04	13
W	Rr	2652	0.108	2014	04	06
W	Rr	2574	0.104	2014	03	30
W	Rr	1186	0.048	2014	03	23
W	Rr	1305	0.053	2014	03	16
W	Rr	2273	0.092	2014	03	09
W	Rr	2231	0.091	2014	03	02
W	Rr	1925	0.078	2014	02	23
W	Rr	7060	0.286	2014	02	16
W	Rr	2854	0.116	2014	02	09
W	Rr	3190	0.129	2014	02	02
W	Rr	3743	0.152	2014	01	26
W	Rr	3643	0.148	2014	01	19
W	Rr	2961	0.120	2014	01	12
W	Rr	2319	0.094	2014	01	05
W	Rr	981	0.040	2013	12	29
W	Rr	1108	0.045	2013	12	22
W	Rr	1226	0.050	2013	12	15
W	Rr	1285	0.052	2013	12	08
W	Rr	1289	0.052	2013	12	01
W	Rr	1404	0.057	2013	11	24
W	Rr	1142	0.046	2013	11	17
W	Rr	1334	0.054	2013	11	10
W	Rr	1277	0.052	2013	11	03
W	Rr	1035	0.042	2013	10	27
W	Rr	1309	0.053	2013	10	20
W	Rr	1302	0.053	2013	10	13
W	Rr	1432	0.058	2013	10	06
W	Rr	1178	0.048	2013	09	29
W	Rr	947	0.038	2013	09	22
W	Rr	1254	0.051	2013	09	15
W	Rr	1099	0.045	2013	09	08
W	Rr	1053	0.043	2013	09	01
W	Rr	1010	0.041	2013	08	25
W	Rr	1102	0.045	2013	08	18
W	Rr	1063	0.043	2013	08	11
W	Rr	1105	0.045	2013	08	04
W	Rr	1377	0.056	2013	07	28
W	Rr	1498	0.061	2013	07	21
W	Rr	1295	0.053	2013	07	14
W	Rr	1237	0.050	2013	07	07
W	Rr	1003	0.041	2013	06	30
W	Rr	1275	0.052	2013	06	23
W	Rr	1072	0.043	2013	06	16
W	Rr	1249	0.051	2013	06	09
W	Rr	1521	0.062	2013	06	02
W	Rr	1256	0.051	2013	05	26
W	Rr	1091	0.044	2013	05	19
W	Rr	1359	0.055	2013	05	12
W	Rr	1130	0.046	2013	05	05
W	Rr	1215	0.049	2013	04	28
W	Rr	1368	0.056	2013	04	21
W	Rr	1318	0.053	2013	04	14
W	Rr	1408	0.057	2013	04	07
W	Rr	1277	0.052	2013	03	31
W	Rr	1452	0.059	2013	03	24
W	Rr	1418	0.058	2013	03	17
W	Rr	1217	0.049	2013	03	10
W	Rr	1490	0.060	2013	03	03
W	Rr	1353	0.055	2013	02	24
W	Rr	1268	0.051	2013	02	17
W	Rr	1274	0.052	2013	02	10
W	Rr	1153	0.047	2013	02	03
W	Rr	1266	0.051	2013	01	27
W	Rr	1271	0.052	2013	01	20
W	Rr	1449	0.059	2013	01	13
W	Rr	1253	0.051	2013	01	06
W	Rr	1309	0.053	2012	12	30
W	Rr	1156	0.047	2012	12	23
W	Rr	1336	0.054	2012	12	16
W	Rr	1575	0.064	2012	12	09
W	Rr	1087	0.044	2012	12	02
W	Rr	1376	0.056	2012	11	25
W	Rr	1136	0.046	2012	11	18
W	Rr	1341	0.054	2012	11	11
W	Rr	1418	0.058	2012	11	04
W	Rr	1103	0.045	2012	10	28
W	Rr	1200	0.049	2012	10	21
W	Rr	1382	0.056	2012	10	14
W	Rr	1127	0.046	2012	10	07
W	Rr	1187	0.048	2012	09	30
W	Rr	1172	0.048	2012	09	23
W	Rr	1034	0.042	2012	09	16
W	Rr	944	0.038	2012	09	09
W	Rr	958	0.039	2012	09	02
W	Rr	734	0.030	2012	08	26
W	Rr	881	0.036	2012	08	19
W	Rr	874	0.035	2012	08	12
W	Rr	973	0.039	2012	08	05
W	Rr	1010	0.041	2012	07	29
W	Rr	943	0.038	2012	07	22
W	Rr	1089	0.044	2012	07	15
W	Rr	888	0.036	2012	07	08
W	Rr	845	0.034	2012	07	01
W	Rr	1070	0.043	2012	06	24
W	Rr	1050	0.043	2012	06	17
W	Rr	1271	0.052	2012	06	10
W	Rr	957	0.039	2012	06	03
W	Rr	1249	0.051	2012	05	27
W	Rr	1055	0.043	2012	05	20
W	Rr	1392	0.056	2012	05	13
W	Rr	1140	0.046	2012	05	06
W	Rr	1807	0.073	2012	04	29
W	Rr	1225	0.050	2012	04	22
W	Rr	1264	0.051	2012	04	15
W	Rr	1075	0.044	2012	04	08
W	Rr	1261	0.051	2012	04	01
W	Rr	1345	0.055	2012	03	25
W	Rr	1254	0.051	2012	03	18
W	Rr	1478	0.060	2012	03	11
W	Rr	1503	0.061	2012	03	04
W	Rr	1532	0.062	2012	02	26
W	Rr	1464	0.059	2012	02	19
W	Rr	1154	0.047	2012	02	12
W	Rr	1240	0.050	2012	02	05
W	Rr	1088	0.044	2012	01	29
W	Rr	1125	0.046	2012	01	22
W	Rr	60	0.002	2012	01	15
W	Rr	1472	0.060	2012	01	08
W	Rr	1122	0.046	2012	01	01
W	Rr	888	0.036	2011	12	25
W	Rr	1360	0.055	2011	12	18
W	Rr	1486	0.060	2011	12	11
W	Rr	1330	0.054	2011	12	04
W	Rr	1094	0.044	2011	11	27
W	Rr	1062	0.043	2011	11	20
W	Rr	1123	0.046	2011	11	13
W	Rr	975	0.040	2011	11	06
W	Rr	1264	0.051	2011	10	30
W	Rr	1140	0.046	2011	10	23
W	Rr	1211	0.049	2011	10	16
W	Rr	1236	0.050	2011	10	09
W	Rr	1128	0.046	2011	10	02
W	Rr	1083	0.044	2011	09	25
W	Rr	1451	0.059	2011	09	18
W	Rr	1278	0.052	2011	09	11
W	Rr	1219	0.049	2011	09	04
W	Rr	1316	0.053	2011	08	28
W	Rr	1119	0.045	2011	08	21
W	Rr	1484	0.060	2011	08	14
W	Rr	1671	0.068	2011	08	07
W	Rr	1319	0.054	2011	07	31
W	Rr	1197	0.049	2011	07	24
W	Rr	1504	0.061	2011	07	17
W	Rr	1367	0.055	2011	07	10
W	Rr	1205	0.049	2011	07	03
W	Rr	1333	0.054	2011	06	26
W	Rr	1059	0.043	2011	06	19
W	Rr	1353	0.055	2011	06	12
W	Rr	1275	0.052	2011	06	05
W	Rr	983	0.040	2011	05	29
W	Rr	1262	0.051	2011	05	22
W	Rr	1374	0.056	2011	05	15
W	Rr	1076	0.044	2011	05	08
W	Rr	0	0.000	2011	05	01
W	Rr	0	0.000	2011	04	24
W	Rr	0	0.000	2011	04	17
W	Rr	0	0.000	2011	04	10
W	Rr	0	0.000	2011	04	03
W	Rr	0	0.000	2011	03	27
W	Rr	24	0.001	2011	03	20
W	Rr	1317	0.053	2011	03	13
W	Rr	1258	0.051	2011	03	06
W	Rr	1372	0.056	2011	02	27
W	Rr	1226	0.050	2011	02	20
W	Rr	1524	0.062	2011	02	13
W	Rr	1366	0.055	2011	02	06
W	Rr	958	0.039	2011	01	30
W	Rr	1273	0.052	2011	01	23
W	Rr	1560	0.063	2011	01	16
W	Rr	1472	0.060	2011	01	09
W	Rr	1310	0.053	2011	01	02
W	Rr	798	0.032	2010	12	26
W	Rr	935	0.038	2010	12	19
W	Rr	0	0.000	2010	12	12
W	Rr	0	0.000	2010	12	05
W	Rr	0	0.000	2010	11	28
W	Rr	0	0.000	2010	11	21
W	Rr	0	0.000	2010	11	14
W	Rr	0	0.000	2010	11	07
W	Rr	0	0.000	2010	10	31
W	Rr	0	0.000	2010	10	24
W	Rr	0	0.000	2010	10	17
W	Rr	0	0.000	2010	10	10
W	Rr	0	0.000	2010	10	03
W	Rr	0	0.000	2010	09	26
W	Rr	0	0.000	2010	09	19
W	Rr	0	0.000	2010	09	12
W	Rr	0	0.000	2010	09	05
W	Rr	0	0.000	2010	08	29
W	Rr	0	0.000	2010	08	22
W	Rr	0	0.000	2010	08	15
W	Rr	0	0.000	2010	08	08
W	Rr	0	0.000	2010	08	01
W	Rr	0	0.000	2010	07	25
W	Rr	0	0.000	2010	07	18
W	Rr	0	0.000	2010	07	11
W	Rr	0	0.000	2010	07	04
W	Rr	15	0.001	2010	06	27
W	Rr	914	0.037	2010	06	20
W	Rr	1104	0.045	2010	06	13
W	Rr	1096	0.044	2010	06	06
W	Rr	1171	0.048	2010	05	30
W	Rr	1115	0.045	2010	05	23
W	Rr	1170	0.047	2010	05	16
W	Rr	1334	0.054	2010	05	09
W	Rr	1109	0.045	2010	05	02
W	Rr	1067	0.043	2010	04	25
W	Rr	1212	0.049	2010	04	18
W	Rr	1054	0.043	2010	04	11
W	Rr	1325	0.054	2010	04	04
W	Rr	811	0.033	2010	03	28
W	Rr	1195	0.048	2010	03	21
W	Rr	1338	0.054	2010	03	14
W	Rr	1113	0.045	2010	03	07
W	Rr	1103	0.045	2010	02	28
W	Rr	1290	0.052	2010	02	21
W	Rr	0	0.000	2010	02	14
W	Rr	0	0.000	2010	02	07
W	Rr	0	0.000	2010	01	31
W	Rr	0	0.000	2010	01	24
W	Rr	0	0.000	2010	01	17
W	Rr	0	0.000	2010	01	10
W	Rr	0	0.000	2010	01	03
W	Rr	78	0.003	2009	12	27
W	Rr	945	0.038	2009	12	20
W	Rr	1140	0.046	2009	12	13
W	Rr	1323	0.054	2009	12	06
W	Rr	1518	0.062	2009	11	29
W	Rr	1352	0.055	2009	11	22
W	Rr	1346	0.055	2009	11	15
W	Rr	1416	0.057	2009	11	08
W	Rr	1734	0.070	2009	11	01
W	Rr	1035	0.042	2009	10	25
W	Rr	1297	0.053	2009	10	18
W	Rr	1267	0.051	2009	10	11
W	Rr	1440	0.058	2009	10	04
W	Rr	1521	0.062	2009	09	27
W	Rr	1121	0.045	2009	09	20
W	Rr	875	0.036	2009	09	13
W	Rr	1032	0.042	2009	09	06
W	Rr	1283	0.052	2009	08	30
W	Rr	1214	0.049	2009	08	23
W	Rr	1402	0.057	2009	08	16
W	Rr	1260	0.051	2009	08	09
W	Rr	1404	0.057	2009	08	02
W	Rr	1380	0.056	2009	07	26
W	Rr	1470	0.060	2009	07	19
W	Rr	1750	0.071	2009	07	12
W	Rr	1847	0.075	2009	07	05
W	Rr	1889	0.077	2009	06	28
W	Rr	1312	0.053	2009	06	21
W	Rr	1093	0.044	2009	06	14
W	Rr	1363	0.055	2009	06	07
W	Rr	1251	0.051	2009	05	31
W	Rr	1352	0.055	2009	05	24
W	Rr	1133	0.046	2009	05	17
W	Rr	1887	0.077	2009	05	10
W	Rr	1369	0.056	2009	05	03
W	Rr	1089	0.044	2009	04	26
W	Rr	1160	0.047	2009	04	19
W	Rr	1189	0.048	2009	04	12
W	Rr	1529	0.062	2009	04	05
W	Rr	1155	0.047	2009	03	29
W	Rr	1230	0.050	2009	03	22
W	Rr	1029	0.042	2009	03	15
W	Rr	1234	0.050	2009	03	08
W	Rr	1486	0.060	2009	03	01
W	Rr	1470	0.060	2009	02	22
W	Rr	1198	0.049	2009	02	15
W	Rr	1802	0.073	2009	02	08
W	Rr	1653	0.067	2009	02	01
W	Rr	1346	0.055	2009	01	25
W	Rr	1431	0.058	2009	01	18
W	Rr	1678	0.068	2009	01	11
W	Rr	1591	0.065	2009	01	04
W	Rr	886	0.036	2008	12	28
W	Rr	1148	0.047	2008	12	21
W	Rr	1428	0.058	2008	12	14
W	Rr	1508	0.061	2008	12	07
W	Rr	1194	0.048	2008	11	30
W	Rr	1070	0.043	2008	11	23
W	Rr	1396	0.057	2008	11	16
W	Rr	1255	0.051	2008	11	09
W	Rr	1314	0.053	2008	11	02
W	Rr	1397	0.057	2008	10	26
W	Rr	1638	0.066	2008	10	19
W	Rr	1298	0.053	2008	10	12
W	Rr	430	0.017	2008	10	05
W	Rr	723	0.029	2008	09	28
W	Rr	1308	0.053	2008	09	21
W	Rr	1242	0.050	2008	09	14
W	Rr	1409	0.057	2008	09	07
W	Rr	1142	0.046	2008	08	31
W	Rr	1022	0.041	2008	08	24
W	Rr	1062	0.043	2008	08	17
W	Rr	1188	0.048	2008	08	10
W	Rr	1232	0.050	2008	08	03
W	Rr	1050	0.043	2008	07	27
W	Rr	1272	0.052	2008	07	20
W	Rr	1305	0.053	2008	07	13
W	Rr	1093	0.044	2008	07	06
W	Rr	1182	0.048	2008	06	29
W	Rr	1937	0.079	2008	06	22
W	Rr	1493	0.061	2008	06	15
W	Rr	1083	0.044	2008	06	08
W	Rr	1283	0.052	2008	06	01
W	Rr	1432	0.058	2008	05	25
W	Rr	1726	0.070	2008	05	18
W	Rr	1580	0.064	2008	05	11
W	Rr	2661	0.108	2008	05	04
W	Rr	3648	0.148	2008	04	27
W	Rr	1400	0.057	2008	04	20
W	Rr	1365	0.055	2008	04	13
W	Rr	1213	0.049	2008	04	06
W	Rr	1670	0.068	2008	03	30
W	Rr	1211	0.049	2008	03	23
W	Rr	1144	0.046	2008	03	16
W	Rr	1301	0.053	2008	03	09
W	Rr	1292	0.052	2008	03	02
W	Rr	1427	0.058	2008	02	24
W	Rr	2207	0.090	2008	02	17
W	Rr	1124	0.046	2008	02	10
W	Rr	1561	0.063	2008	02	03
W	Rr	1533	0.062	2008	01	27
W	Rr	1389	0.056	2008	01	20
W	Rr	1133	0.046	2008	01	13
W	Rr	1404	0.057	2008	01	06
W	Rr	976	0.040	2007	12	30
W	Rr	801	0.033	2007	12	23
W	Rr	675	0.027	2007	12	16
W	*BT	R	26220	2024	01	28
D	Rr	335	0.014	2025	01	14
D	Rr	485	0.020	2025	01	13
D	Rr	1191	0.048	2025	01	12
D	Rr	1141	0.046	2025	01	11
D	Rr	1535	0.062	2025	01	10
D	Rr	2030	0.082	2025	01	09
D	Rr	2155	0.087	2025	01	08
D	Rr	1990	0.081	2025	01	07
D	Rr	3125	0.127	2025	01	06
D	Rr	2840	0.115	2025	01	05
D	Rr	2120	0.086	2025	01	04
D	Rr	1365	0.055	2025	01	03
D	Rr	2082	0.084	2025	01	02
D	Rr	1416	0.057	2025	01	01
D	Rr	1632	0.066	2024	12	31
D	Rr	1404	0.057	2024	12	30
D	Rr	1986	0.081	2024	12	29
D	Rr	1221	0.050	2024	12	28
D	Rr	2630	0.107	2024	12	27
D	Rr	1865	0.076	2024	12	26
D	Rr	910	0.037	2024	12	25
D	Rr	1760	0.071	2024	12	24
D	Rr	1635	0.066	2024	12	23
D	Rr	1393	0.057	2024	12	22
D	Rr	1356	0.055	2024	12	21
D	Rr	1986	0.081	2024	12	20
D	Rr	1794	0.073	2024	12	19
D	Rr	3594	0.146	2024	12	18
D	Rr	2076	0.084	2024	12	17
D	Rr	2772	0.112	2024	12	16
D	Rr	2346	0.095	2024	12	15
D	Rr	858	0.035	2024	12	14
D	Rr	2892	0.117	2024	12	13
D	Rr	1686	0.068	2024	12	12
D	Rr	1422	0.058	2024	12	11
D	Rr	1308	0.053	2024	12	10
D	Rr	2346	0.095	2024	12	09
D	Rr	1806	0.073	2024	12	08
D	Rr	2040	0.083	2024	12	07
D	Rr	2406	0.098	2024	12	06
D	Rr	1488	0.060	2024	12	05
D	Rr	1632	0.066	2024	12	04
D	*BT	R	9912	2024	01	29
d	Rr	295491	11.990	Sun
d	Rr	400657	16.258	Mon
d	Rr	394468	16.007	Tue
d	Rr	393646	15.973	Wed
d	Rr	381488	15.480	Thu
d	Rr	360663	14.635	Fri
d	Rr	237970	9.656	Sat
H	Rr	29	0.001	2025	01	14	05
H	Rr	34	0.001	2025	01	14	04
H	Rr	12	0.000	2025	01	14	03
H	Rr	50	0.002	2025	01	14	02
H	Rr	199	0.008	2025	01	14	01
H	Rr	11	0.000	2025	01	14	00
H	Rr	7	0.000	2025	01	13	23
H	Rr	2	0.000	2025	01	13	22
H	Rr	3	0.000	2025	01	13	21
H	Rr	3	0.000	2025	01	13	20
H	Rr	11	0.000	2025	01	13	19
H	Rr	9	0.000	2025	01	13	18
H	Rr	44	0.002	2025	01	13	17
H	Rr	63	0.003	2025	01	13	16
H	Rr	39	0.002	2025	01	13	15
H	Rr	0	0.000	2025	01	13	14
H	Rr	3	0.000	2025	01	13	13
H	Rr	2	0.000	2025	01	13	12
H	Rr	69	0.003	2025	01	13	11
H	Rr	16	0.001	2025	01	13	10
H	Rr	5	0.000	2025	01	13	09
H	Rr	21	0.001	2025	01	13	08
H	Rr	5	0.000	2025	01	13	07
H	Rr	5	0.000	2025	01	13	06
H	Rr	60	0.002	2025	01	13	05
H	Rr	6	0.000	2025	01	13	04
H	Rr	10	0.000	2025	01	13	03
H	Rr	16	0.001	2025	01	13	02
H	Rr	10	0.000	2025	01	13	01
H	Rr	76	0.003	2025	01	13	00
H	Rr	278	0.011	2025	01	12	23
H	Rr	70	0.003	2025	01	12	22
H	Rr	12	0.000	2025	01	12	21
H	Rr	2	0.000	2025	01	12	20
H	Rr	72	0.003	2025	01	12	19
H	Rr	38	0.002	2025	01	12	18
H	Rr	120	0.005	2025	01	12	17
H	Rr	122	0.005	2025	01	12	16
H	Rr	58	0.002	2025	01	12	15
H	Rr	6	0.000	2025	01	12	14
H	Rr	0	0.000	2025	01	12	13
H	Rr	70	0.003	2025	01	12	12
H	Rr	6	0.000	2025	01	12	11
H	Rr	14	0.001	2025	01	12	10
H	Rr	12	0.000	2025	01	12	09
H	Rr	66	0.003	2025	01	12	08
H	Rr	30	0.001	2025	01	12	07
H	Rr	8	0.000	2025	01	12	06
H	Rr	3	0.000	2025	01	12	05
H	Rr	6	0.000	2025	01	12	04
H	Rr	105	0.004	2025	01	12	03
H	Rr	15	0.001	2025	01	12	02
H	Rr	33	0.001	2025	01	12	01
H	Rr	45	0.002	2025	01	12	00
H	Rr	15	0.001	2025	01	11	23
H	Rr	12	0.000	2025	01	11	22
H	Rr	18	0.001	2025	01	11	21
H	Rr	39	0.002	2025	01	11	20
H	Rr	33	0.001	2025	01	11	19
H	Rr	237	0.010	2025	01	11	18
H	Rr	42	0.002	2025	01	11	17
H	Rr	180	0.007	2025	01	11	16
H	Rr	27	0.001	2025	01	11	15
H	Rr	12	0.000	2025	01	11	14
H	Rr	12	0.000	2025	01	11	13
H	Rr	144	0.006	2025	01	11	12
H	Rr	6	0.000	2025	01	11	11
H	Rr	12	0.000	2025	01	11	10
H	Rr	15	0.001	2025	01	11	09
H	Rr	81	0.003	2025	01	11	08
H	Rr	18	0.001	2025	01	11	07
H	Rr	18	0.001	2025	01	11	06
H	*BT	R	1638	2024	01	29	20
h	Rr	94716	3.843	00
h	Rr	87575	3.554	01
h	Rr	90723	3.681	02
h	Rr	100297	4.070	03
h	Rr	97823	3.969	04
h	Rr	96654	3.922	05
h	Rr	85657	3.476	06
h	Rr	84839	3.443	07
h	Rr	77422	3.142	08
h	Rr	75979	3.083	09
h	Rr	80268	3.257	10
h	Rr	84155	3.415	11
h	Rr	82987	3.367	12
h	Rr	89314	3.624	13
h	Rr	111967	4.543	14
h	Rr	124981	5.071	15
h	Rr	145901	5.920	16
h	Rr	136779	5.550	17
h	Rr	137326	5.572	18
h	Rr	128151	5.200	19
h	Rr	125154	5.079	20
h	Rr	115492	4.686	21
h	Rr	110068	4.466	22
h	Rr	100155	4.064	23
4	Rr	5	0.000	2025	01	14	05	45
4	Rr	1	0.000	2025	01	14	05	30
4	Rr	23	0.001	2025	01	14	05	15
4	Rr	0	0.000	2025	01	14	05	00
4	Rr	1	0.000	2025	01	14	04	45
4	Rr	1	0.000	2025	01	14	04	30
4	Rr	29	0.001	2025	01	14	04	15
4	Rr	3	0.000	2025	01	14	04	00
4	Rr	3	0.000	2025	01	14	03	45
4	Rr	3	0.000	2025	01	14	03	30
4	Rr	2	0.000	2025	01	14	03	15
4	Rr	4	0.000	2025	01	14	03	00
4	Rr	3	0.000	2025	01	14	02	45
4	Rr	3	0.000	2025	01	14	02	30
4	Rr	31	0.001	2025	01	14	02	15
4	Rr	13	0.001	2025	01	14	02	00
4	Rr	4	0.000	2025	01	14	01	45
4	Rr	10	0.000	2025	01	14	01	30
4	Rr	3	0.000	2025	01	14	01	15
4	Rr	182	0.007	2025	01	14	01	00
4	Rr	1	0.000	2025	01	14	00	45
4	Rr	5	0.000	2025	01	14	00	30
4	Rr	3	0.000	2025	01	14	00	15
4	Rr	2	0.000	2025	01	14	00	00
4	Rr	3	0.000	2025	01	13	23	45
4	Rr	1	0.000	2025	01	13	23	30
4	Rr	3	0.000	2025	01	13	23	15
4	Rr	0	0.000	2025	01	13	23	00
4	Rr	1	0.000	2025	01	13	22	45
4	Rr	1	0.000	2025	01	13	22	30
4	Rr	0	0.000	2025	01	13	22	15
4	Rr	0	0.000	2025	01	13	22	00
4	Rr	1	0.000	2025	01	13	21	45
4	Rr	1	0.000	2025	01	13	21	30
4	Rr	0	0.000	2025	01	13	21	15
4	Rr	1	0.000	2025	01	13	21	00
4	Rr	0	0.000	2025	01	13	20	45
4	Rr	1	0.000	2025	01	13	20	30
4	Rr	1	0.000	2025	01	13	20	15
4	Rr	1	0.000	2025	01	13	20	00
4	Rr	0	0.000	2025	01	13	19	45
4	Rr	5	0.000	2025	01	13	19	30
4	Rr	5	0.000	2025	01	13	19	15
4	Rr	1	0.000	2025	01	13	19	00
4	Rr	0	0.000	2025	01	13	18	45
4	Rr	9	0.000	2025	01	13	18	30
4	Rr	0	0.000	2025	01	13	18	15
4	Rr	0	0.000	2025	01	13	18	00
4	Rr	0	0.000	2025	01	13	17	45
4	Rr	11	0.000	2025	01	13	17	30
4	Rr	33	0.001	2025	01	13	17	15
4	Rr	0	0.000	2025	01	13	17	00
4	Rr	4	0.000	2025	01	13	16	45
4	Rr	30	0.001	2025	01	13	16	30
4	Rr	27	0.001	2025	01	13	16	15
4	Rr	2	0.000	2025	01	13	16	00
4	Rr	3	0.000	2025	01	13	15	45
4	Rr	30	0.001	2025	01	13	15	30
4	Rr	5	0.000	2025	01	13	15	15
4	Rr	1	0.000	2025	01	13	15	00
4	Rr	0	0.000	2025	01	13	14	45
4	Rr	0	0.000	2025	01	13	14	30
4	Rr	0	0.000	2025	01	13	14	15
4	Rr	0	0.000	2025	01	13	14	00
4	Rr	1	0.000	2025	01	13	13	45
4	Rr	0	0.000	2025	01	13	13	30
4	Rr	0	0.000	2025	01	13	13	15
4	Rr	2	0.000	2025	01	13	13	00
4	Rr	0	0.000	2025	01	13	12	45
4	Rr	1	0.000	2025	01	13	12	30
4	Rr	1	0.000	2025	01	13	12	15
4	Rr	0	0.000	2025	01	13	12	00
4	Rr	67	0.003	2025	01	13	11	45
4	Rr	0	0.000	2025	01	13	11	30
4	Rr	1	0.000	2025	01	13	11	15
4	Rr	1	0.000	2025	01	13	11	00
4	Rr	2	0.000	2025	01	13	10	45
4	Rr	1	0.000	2025	01	13	10	30
4	Rr	1	0.000	2025	01	13	10	15
4	Rr	12	0.000	2025	01	13	10	00
4	Rr	0	0.000	2025	01	13	09	45
4	Rr	0	0.000	2025	01	13	09	30
4	Rr	1	0.000	2025	01	13	09	15
4	Rr	4	0.000	2025	01	13	09	00
4	Rr	6	0.000	2025	01	13	08	45
4	Rr	13	0.001	2025	01	13	08	30
4	Rr	0	0.000	2025	01	13	08	15
4	Rr	2	0.000	2025	01	13	08	00
4	Rr	0	0.000	2025	01	13	07	45
4	Rr	5	0.000	2025	01	13	07	30
4	Rr	0	0.000	2025	01	13	07	15
4	Rr	0	0.000	2025	01	13	07	00
4	Rr	2	0.000	2025	01	13	06	45
4	Rr	0	0.000	2025	01	13	06	30
4	Rr	2	0.000	2025	01	13	06	15
4	Rr	1	0.000	2025	01	13	06	00
4	*BT	R	1068	2024	05	06	16	00
6	Rr	25547	1.037	00	00
6	Rr	23033	0.935	00	15
6	Rr	24058	0.976	00	30
6	Rr	22078	0.896	00	45
6	Rr	19968	0.810	01	00
6	Rr	22552	0.915	01	15
6	Rr	21551	0.874	01	30
6	Rr	23504	0.954	01	45
6	Rr	20253	0.822	02	00
6	Rr	24952	1.013	02	15
6	Rr	22719	0.922	02	30
6	Rr	22799	0.925	02	45
6	Rr	23488	0.953	03	00
6	Rr	23677	0.961	03	15
6	Rr	21356	0.867	03	30
6	Rr	31776	1.289	03	45
6	Rr	29678	1.204	04	00
6	Rr	20990	0.852	04	15
6	Rr	23629	0.959	04	30
6	Rr	23526	0.955	04	45
6	Rr	21823	0.886	05	00
6	Rr	24802	1.006	05	15
6	Rr	23904	0.970	05	30
6	Rr	26125	1.060	05	45
6	Rr	22998	0.933	06	00
6	Rr	20234	0.821	06	15
6	Rr	23195	0.941	06	30
6	Rr	19230	0.780	06	45
6	Rr	20791	0.844	07	00
6	Rr	21853	0.887	07	15
6	Rr	21109	0.857	07	30
6	Rr	21086	0.856	07	45
6	Rr	18956	0.769	08	00
6	Rr	19559	0.794	08	15
6	Rr	20663	0.838	08	30
6	Rr	18244	0.740	08	45
6	Rr	18664	0.757	09	00
6	Rr	19190	0.779	09	15
6	Rr	20181	0.819	09	30
6	Rr	17944	0.728	09	45
6	Rr	19096	0.775	10	00
6	Rr	18567	0.753	10	15
6	Rr	21879	0.888	10	30
6	Rr	20726	0.841	10	45
6	Rr	22001	0.893	11	00
6	Rr	22239	0.902	11	15
6	Rr	20432	0.829	11	30
6	Rr	19483	0.791	11	45
6	Rr	21186	0.860	12	00
6	Rr	20440	0.829	12	15
6	Rr	20252	0.822	12	30
6	Rr	21109	0.857	12	45
6	Rr	21376	0.867	13	00
6	Rr	22443	0.911	13	15
6	Rr	23070	0.936	13	30
6	Rr	22425	0.910	13	45
6	Rr	26992	1.095	14	00
6	Rr	28744	1.166	14	15
6	Rr	27841	1.130	14	30
6	Rr	28390	1.152	14	45
6	Rr	27611	1.120	15	00
6	Rr	29535	1.198	15	15
6	Rr	31867	1.293	15	30
6	Rr	35968	1.460	15	45
6	Rr	42459	1.723	16	00
6	Rr	34959	1.419	16	15
6	Rr	33447	1.357	16	30
6	Rr	35036	1.422	16	45
6	Rr	35290	1.432	17	00
6	Rr	34076	1.383	17	15
6	Rr	33551	1.361	17	30
6	Rr	33862	1.374	17	45
6	Rr	37768	1.533	18	00
6	Rr	30509	1.238	18	15
6	Rr	34327	1.393	18	30
6	Rr	34722	1.409	18	45
6	Rr	34268	1.391	19	00
6	Rr	28862	1.171	19	15
6	Rr	31318	1.271	19	30
6	Rr	33703	1.368	19	45
6	Rr	30625	1.243	20	00
6	Rr	31833	1.292	20	15
6	Rr	32052	1.301	20	30
6	Rr	30644	1.243	20	45
6	Rr	30261	1.228	21	00
6	Rr	29336	1.190	21	15
6	Rr	27522	1.117	21	30
6	Rr	28373	1.151	21	45
6	Rr	27170	1.103	22	00
6	Rr	28356	1.151	22	15
6	Rr	27998	1.136	22	30
6	Rr	26544	1.077	22	45
6	Rr	26902	1.092	23	00
6	Rr	27734	1.125	23	15
6	Rr	21189	0.860	23	30
6	Rr	24330	0.987	23	45
5	Rr	2	0.000	2025	01	14	05	55
5	Rr	0	0.000	2025	01	14	05	50
5	Rr	3	0.000	2025	01	14	05	45
5	Rr	0	0.000	2025	01	14	05	40
5	Rr	0	0.000	2025	01	14	05	35
5	Rr	1	0.000	2025	01	14	05	30
5	Rr	1	0.000	2025	01	14	05	25
5	Rr	1	0.000	2025	01	14	05	20
5	Rr	21	0.001	2025	01	14	05	15
5	Rr	0	0.000	2025	01	14	05	10
5	Rr	0	0.000	2025	01	14	05	05
5	Rr	0	0.000	2025	01	14	05	00
5	Rr	0	0.000	2025	01	14	04	55
5	Rr	0	0.000	2025	01	14	04	50
5	Rr	1	0.000	2025	01	14	04	45
5	Rr	0	0.000	2025	01	14	04	40
5	Rr	1	0.000	2025	01	14	04	35
5	Rr	0	0.000	2025	01	14	04	30
5	Rr	1	0.000	2025	01	14	04	25
5	Rr	1	0.000	2025	01	14	04	20
5	Rr	27	0.001	2025	01	14	04	15
5	Rr	0	0.000	2025	01	14	04	10
5	Rr	2	0.000	2025	01	14	04	05
5	Rr	1	0.000	2025	01	14	04	00
5	Rr	0	0.000	2025	01	14	03	55
5	Rr	1	0.000	2025	01	14	03	50
5	Rr	2	0.000	2025	01	14	03	45
5	Rr	1	0.000	2025	01	14	03	40
5	Rr	0	0.000	2025	01	14	03	35
5	Rr	2	0.000	2025	01	14	03	30
5	Rr	1	0.000	2025	01	14	03	25
5	Rr	1	0.000	2025	01	14	03	20
5	Rr	0	0.000	2025	01	14	03	15
5	Rr	3	0.000	2025	01	14	03	10
5	Rr	0	0.000	2025	01	14	03	05
5	Rr	1	0.000	2025	01	14	03	00
5	Rr	2	0.000	2025	01	14	02	55
5	Rr	0	0.000	2025	01	14	02	50
5	Rr	1	0.000	2025	01	14	02	45
5	Rr	1	0.000	2025	01	14	02	40
5	Rr	1	0.000	2025	01	14	02	35
5	Rr	1	0.000	2025	01	14	02	30
5	Rr	0	0.000	2025	01	14	02	25
5	Rr	31	0.001	2025	01	14	02	20
5	Rr	0	0.000	2025	01	14	02	15
5	Rr	2	0.000	2025	01	14	02	10
5	Rr	1	0.000	2025	01	14	02	05
5	Rr	10	0.000	2025	01	14	02	00
5	Rr	1	0.000	2025	01	14	01	55
5	Rr	3	0.000	2025	01	14	01	50
5	Rr	0	0.000	2025	01	14	01	45
5	Rr	1	0.000	2025	01	14	01	40
5	Rr	3	0.000	2025	01	14	01	35
5	Rr	6	0.000	2025	01	14	01	30
5	Rr	0	0.000	2025	01	14	01	25
5	Rr	1	0.000	2025	01	14	01	20
5	Rr	2	0.000	2025	01	14	01	15
5	Rr	0	0.000	2025	01	14	01	10
5	Rr	182	0.007	2025	01	14	01	05
5	Rr	0	0.000	2025	01	14	01	00
5	Rr	0	0.000	2025	01	14	00	55
5	Rr	0	0.000	2025	01	14	00	50
5	Rr	1	0.000	2025	01	14	00	45
5	Rr	0	0.000	2025	01	14	00	40
5	Rr	0	0.000	2025	01	14	00	35
5	Rr	5	0.000	2025	01	14	00	30
5	Rr	1	0.000	2025	01	14	00	25
5	Rr	1	0.000	2025	01	14	00	20
5	Rr	1	0.000	2025	01	14	00	15
5	Rr	1	0.000	2025	01	14	00	10
5	Rr	0	0.000	2025	01	14	00	05
5	Rr	1	0.000	2025	01	14	00	00
5	Rr	0	0.000	2025	01	13	23	55
5	Rr	0	0.000	2025	01	13	23	50
5	Rr	3	0.000	2025	01	13	23	45
5	Rr	0	0.000	2025	01	13	23	40
5	Rr	0	0.000	2025	01	13	23	35
5	Rr	1	0.000	2025	01	13	23	30
5	Rr	1	0.000	2025	01	13	23	25
5	Rr	1	0.000	2025	01	13	23	20
5	Rr	1	0.000	2025	01	13	23	15
5	Rr	0	0.000	2025	01	13	23	10
5	Rr	0	0.000	2025	01	13	23	05
5	Rr	0	0.000	2025	01	13	23	00
5	Rr	0	0.000	2025	01	13	22	55
5	Rr	0	0.000	2025	01	13	22	50
5	Rr	1	0.000	2025	01	13	22	45
5	Rr	0	0.000	2025	01	13	22	40
5	Rr	0	0.000	2025	01	13	22	35
5	Rr	1	0.000	2025	01	13	22	30
5	Rr	0	0.000	2025	01	13	22	25
5	Rr	0	0.000	2025	01	13	22	20
5	Rr	0	0.000	2025	01	13	22	15
5	Rr	0	0.000	2025	01	13	22	10
5	Rr	0	0.000	2025	01	13	22	05
5	Rr	0	0.000	2025	01	13	22	00
5	Rr	0	0.000	2025	01	13	21	55
5	Rr	0	0.000	2025	01	13	21	50
5	Rr	1	0.000	2025	01	13	21	45
5	Rr	0	0.000	2025	01	13	21	40
5	Rr	0	0.000	2025	01	13	21	35
5	Rr	1	0.000	2025	01	13	21	30
5	Rr	0	0.000	2025	01	13	21	25
5	Rr	0	0.000	2025	01	13	21	20
5	Rr	0	0.000	2025	01	13	21	15
5	Rr	1	0.000	2025	01	13	21	10
5	Rr	0	0.000	2025	01	13	21	05
5	Rr	0	0.000	2025	01	13	21	00
5	Rr	0	0.000	2025	01	13	20	55
5	Rr	0	0.000	2025	01	13	20	50
5	Rr	0	0.000	2025	01	13	20	45
5	Rr	0	0.000	2025	01	13	20	40
5	Rr	0	0.000	2025	01	13	20	35
5	Rr	1	0.000	2025	01	13	20	30
5	Rr	1	0.000	2025	01	13	20	25
5	Rr	0	0.000	2025	01	13	20	20
5	Rr	0	0.000	2025	01	13	20	15
5	Rr	0	0.000	2025	01	13	20	10
5	Rr	0	0.000	2025	01	13	20	05
5	Rr	1	0.000	2025	01	13	20	00
5	Rr	0	0.000	2025	01	13	19	55
5	Rr	0	0.000	2025	01	13	19	50
5	Rr	0	0.000	2025	01	13	19	45
5	Rr	1	0.000	2025	01	13	19	40
5	Rr	4	0.000	2025	01	13	19	35
5	Rr	0	0.000	2025	01	13	19	30
5	Rr	0	0.000	2025	01	13	19	25
5	Rr	0	0.000	2025	01	13	19	20
5	Rr	5	0.000	2025	01	13	19	15
5	Rr	0	0.000	2025	01	13	19	10
5	Rr	0	0.000	2025	01	13	19	05
5	Rr	1	0.000	2025	01	13	19	00
5	Rr	0	0.000	2025	01	13	18	55
5	Rr	0	0.000	2025	01	13	18	50
5	Rr	0	0.000	2025	01	13	18	45
5	Rr	1	0.000	2025	01	13	18	40
5	Rr	5	0.000	2025	01	13	18	35
5	Rr	3	0.000	2025	01	13	18	30
5	Rr	0	0.000	2025	01	13	18	25
5	Rr	0	0.000	2025	01	13	18	20
5	Rr	0	0.000	2025	01	13	18	15
5	Rr	0	0.000	2025	01	13	18	10
5	Rr	0	0.000	2025	01	13	18	05
5	Rr	0	0.000	2025	01	13	18	00
5	Rr	0	0.000	2025	01	13	17	55
5	Rr	0	0.000	2025	01	13	17	50
5	Rr	0	0.000	2025	01	13	17	45
5	Rr	9	0.000	2025	01	13	17	40
5	Rr	2	0.000	2025	01	13	17	35
5	Rr	0	0.000	2025	01	13	17	30
5	Rr	0	0.000	2025	01	13	17	25
5	Rr	0	0.000	2025	01	13	17	20
5	Rr	33	0.001	2025	01	13	17	15
5	Rr	0	0.000	2025	01	13	17	10
5	Rr	0	0.000	2025	01	13	17	05
5	Rr	0	0.000	2025	01	13	17	00
5	Rr	1	0.000	2025	01	13	16	55
5	Rr	2	0.000	2025	01	13	16	50
5	Rr	1	0.000	2025	01	13	16	45
5	Rr	29	0.001	2025	01	13	16	40
5	Rr	0	0.000	2025	01	13	16	35
5	Rr	1	0.000	2025	01	13	16	30
5	Rr	0	0.000	2025	01	13	16	25
5	Rr	23	0.001	2025	01	13	16	20
5	Rr	4	0.000	2025	01	13	16	15
5	Rr	1	0.000	2025	01	13	16	10
5	Rr	0	0.000	2025	01	13	16	05
5	Rr	1	0.000	2025	01	13	16	00
5	Rr	0	0.000	2025	01	13	15	55
5	Rr	3	0.000	2025	01	13	15	50
5	Rr	0	0.000	2025	01	13	15	45
5	Rr	0	0.000	2025	01	13	15	40
5	Rr	1	0.000	2025	01	13	15	35
5	Rr	29	0.001	2025	01	13	15	30
5	Rr	0	0.000	2025	01	13	15	25
5	Rr	0	0.000	2025	01	13	15	20
5	Rr	5	0.000	2025	01	13	15	15
5	Rr	1	0.000	2025	01	13	15	10
5	Rr	0	0.000	2025	01	13	15	05
5	Rr	0	0.000	2025	01	13	15	00
5	Rr	0	0.000	2025	01	13	14	55
5	Rr	0	0.000	2025	01	13	14	50
5	Rr	0	0.000	2025	01	13	14	45
5	Rr	0	0.000	2025	01	13	14	40
5	Rr	0	0.000	2025	01	13	14	35
5	Rr	0	0.000	2025	01	13	14	30
5	Rr	0	0.000	2025	01	13	14	25
5	Rr	0	0.000	2025	01	13	14	20
5	Rr	0	0.000	2025	01	13	14	15
5	Rr	0	0.000	2025	01	13	14	10
5	Rr	0	0.000	2025	01	13	14	05
5	Rr	0	0.000	2025	01	13	14	00
5	Rr	0	0.000	2025	01	13	13	55
5	Rr	0	0.000	2025	01	13	13	50
5	Rr	1	0.000	2025	01	13	13	45
5	Rr	0	0.000	2025	01	13	13	40
5	Rr	0	0.000	2025	01	13	13	35
5	Rr	0	0.000	2025	01	13	13	30
5	Rr	0	0.000	2025	01	13	13	25
5	Rr	0	0.000	2025	01	13	13	20
5	Rr	0	0.000	2025	01	13	13	15
5	Rr	2	0.000	2025	01	13	13	10
5	Rr	0	0.000	2025	01	13	13	05
5	Rr	0	0.000	2025	01	13	13	00
5	Rr	0	0.000	2025	01	13	12	55
5	Rr	0	0.000	2025	01	13	12	50
5	Rr	0	0.000	2025	01	13	12	45
5	Rr	0	0.000	2025	01	13	12	40
5	Rr	1	0.000	2025	01	13	12	35
5	Rr	0	0.000	2025	01	13	12	30
5	Rr	0	0.000	2025	01	13	12	25
5	Rr	1	0.000	2025	01	13	12	20
5	Rr	0	0.000	2025	01	13	12	15
5	Rr	0	0.000	2025	01	13	12	10
5	Rr	0	0.000	2025	01	13	12	05
5	Rr	0	0.000	2025	01	13	12	00
5	Rr	29	0.001	2025	01	13	11	55
5	Rr	38	0.002	2025	01	13	11	50
5	Rr	0	0.000	2025	01	13	11	45
5	Rr	0	0.000	2025	01	13	11	40
5	Rr	0	0.000	2025	01	13	11	35
5	Rr	0	0.000	2025	01	13	11	30
5	Rr	0	0.000	2025	01	13	11	25
5	Rr	1	0.000	2025	01	13	11	20
5	Rr	0	0.000	2025	01	13	11	15
5	Rr	1	0.000	2025	01	13	11	10
5	Rr	0	0.000	2025	01	13	11	05
5	Rr	0	0.000	2025	01	13	11	00
5	Rr	1	0.000	2025	01	13	10	55
5	Rr	0	0.000	2025	01	13	10	50
5	Rr	1	0.000	2025	01	13	10	45
5	Rr	1	0.000	2025	01	13	10	40
5	Rr	0	0.000	2025	01	13	10	35
5	Rr	0	0.000	2025	01	13	10	30
5	Rr	0	0.000	2025	01	13	10	25
5	Rr	1	0.000	2025	01	13	10	20
5	Rr	0	0.000	2025	01	13	10	15
5	Rr	11	0.000	2025	01	13	10	10
5	Rr	0	0.000	2025	01	13	10	05
5	Rr	1	0.000	2025	01	13	10	00
5	Rr	0	0.000	2025	01	13	09	55
5	Rr	0	0.000	2025	01	13	09	50
5	Rr	0	0.000	2025	01	13	09	45
5	Rr	0	0.000	2025	01	13	09	40
5	Rr	0	0.000	2025	01	13	09	35
5	Rr	0	0.000	2025	01	13	09	30
5	Rr	0	0.000	2025	01	13	09	25
5	Rr	1	0.000	2025	01	13	09	20
5	Rr	0	0.000	2025	01	13	09	15
5	Rr	1	0.000	2025	01	13	09	10
5	Rr	1	0.000	2025	01	13	09	05
5	Rr	2	0.000	2025	01	13	09	00
5	Rr	4	0.000	2025	01	13	08	55
5	Rr	1	0.000	2025	01	13	08	50
5	Rr	1	0.000	2025	01	13	08	45
5	Rr	1	0.000	2025	01	13	08	40
5	Rr	9	0.000	2025	01	13	08	35
5	Rr	3	0.000	2025	01	13	08	30
5	Rr	0	0.000	2025	01	13	08	25
5	Rr	0	0.000	2025	01	13	08	20
5	Rr	0	0.000	2025	01	13	08	15
5	Rr	0	0.000	2025	01	13	08	10
5	Rr	0	0.000	2025	01	13	08	05
5	Rr	2	0.000	2025	01	13	08	00
5	Rr	0	0.000	2025	01	13	07	55
5	Rr	0	0.000	2025	01	13	07	50
5	Rr	0	0.000	2025	01	13	07	45
5	Rr	4	0.000	2025	01	13	07	40
5	Rr	1	0.000	2025	01	13	07	35
5	Rr	0	0.000	2025	01	13	07	30
5	Rr	0	0.000	2025	01	13	07	25
5	Rr	0	0.000	2025	01	13	07	20
5	Rr	0	0.000	2025	01	13	07	15
5	Rr	0	0.000	2025	01	13	07	10
5	Rr	0	0.000	2025	01	13	07	05
5	Rr	0	0.000	2025	01	13	07	00
5	Rr	0	0.000	2025	01	13	06	55
5	Rr	0	0.000	2025	01	13	06	50
5	Rr	2	0.000	2025	01	13	06	45
5	Rr	0	0.000	2025	01	13	06	40
5	Rr	0	0.000	2025	01	13	06	35
5	Rr	0	0.000	2025	01	13	06	30
5	Rr	1	0.000	2025	01	13	06	25
5	Rr	1	0.000	2025	01	13	06	20
5	Rr	0	0.000	2025	01	13	06	15
5	Rr	0	0.000	2025	01	13	06	10
5	Rr	1	0.000	2025	01	13	06	05
5	Rr	0	0.000	2025	01	13	06	00
5	*BT	R	945	2023	05	08	18	00
7	Rr	8186	0.332	00	00
7	Rr	8256	0.335	00	05
7	Rr	9105	0.369	00	10
7	Rr	5972	0.242	00	15
7	Rr	7063	0.287	00	20
7	Rr	9998	0.406	00	25
7	Rr	7876	0.320	00	30
7	Rr	8565	0.348	00	35
7	Rr	7617	0.309	00	40
7	Rr	6832	0.277	00	45
7	Rr	7380	0.299	00	50
7	Rr	7866	0.319	00	55
7	Rr	6779	0.275	01	00
7	Rr	6764	0.274	01	05
7	Rr	6425	0.261	01	10
7	Rr	7255	0.294	01	15
7	Rr	8278	0.336	01	20
7	Rr	7019	0.285	01	25
7	Rr	7045	0.286	01	30
7	Rr	6905	0.280	01	35
7	Rr	7601	0.308	01	40
7	Rr	7467	0.303	01	45
7	Rr	8711	0.353	01	50
7	Rr	7326	0.297	01	55
7	Rr	6441	0.261	02	00
7	Rr	7358	0.299	02	05
7	Rr	6454	0.262	02	10
7	Rr	8859	0.359	02	15
7	Rr	7418	0.301	02	20
7	Rr	8675	0.352	02	25
7	Rr	8054	0.327	02	30
7	Rr	6748	0.274	02	35
7	Rr	7917	0.321	02	40
7	Rr	7607	0.309	02	45
7	Rr	7466	0.303	02	50
7	Rr	7726	0.314	02	55
7	Rr	8902	0.361	03	00
7	Rr	6819	0.277	03	05
7	Rr	7767	0.315	03	10
7	Rr	7908	0.321	03	15
7	Rr	7192	0.292	03	20
7	Rr	8577	0.348	03	25
7	Rr	7260	0.295	03	30
7	Rr	6487	0.263	03	35
7	Rr	7609	0.309	03	40
7	Rr	8055	0.327	03	45
7	Rr	11587	0.470	03	50
7	Rr	12134	0.492	03	55
7	Rr	11765	0.477	04	00
7	Rr	9668	0.392	04	05
7	Rr	8245	0.335	04	10
7	Rr	7225	0.293	04	15
7	Rr	6698	0.272	04	20
7	Rr	7067	0.287	04	25
7	Rr	7377	0.299	04	30
7	Rr	7634	0.310	04	35
7	Rr	8618	0.350	04	40
7	Rr	7503	0.304	04	45
7	Rr	8348	0.339	04	50
7	Rr	7675	0.311	04	55
7	Rr	7868	0.319	05	00
7	Rr	6799	0.276	05	05
7	Rr	7156	0.290	05	10
7	Rr	8948	0.363	05	15
7	Rr	7858	0.319	05	20
7	Rr	7996	0.324	05	25
7	Rr	6852	0.278	05	30
7	Rr	8569	0.348	05	35
7	Rr	8483	0.344	05	40
7	Rr	9713	0.394	05	45
7	Rr	8638	0.351	05	50
7	Rr	7774	0.315	05	55
7	Rr	7023	0.285	06	00
7	Rr	8715	0.354	06	05
7	Rr	7260	0.295	06	10
7	Rr	7472	0.303	06	15
7	Rr	5668	0.230	06	20
7	Rr	7094	0.288	06	25
7	Rr	8140	0.330	06	30
7	Rr	7760	0.315	06	35
7	Rr	7295	0.296	06	40
7	Rr	6627	0.269	06	45
7	Rr	6657	0.270	06	50
7	Rr	5946	0.241	06	55
7	Rr	8212	0.333	07	00
7	Rr	6072	0.246	07	05
7	Rr	6507	0.264	07	10
7	Rr	7005	0.284	07	15
7	Rr	7254	0.294	07	20
7	Rr	7594	0.308	07	25
7	Rr	8485	0.344	07	30
7	Rr	6559	0.266	07	35
7	Rr	6065	0.246	07	40
7	Rr	8973	0.364	07	45
7	Rr	5408	0.219	07	50
7	Rr	6705	0.272	07	55
7	Rr	6095	0.247	08	00
7	Rr	5985	0.243	08	05
7	Rr	6876	0.279	08	10
7	Rr	6254	0.254	08	15
7	Rr	6549	0.266	08	20
7	Rr	6756	0.274	08	25
7	Rr	6514	0.264	08	30
7	Rr	6442	0.261	08	35
7	Rr	7707	0.313	08	40
7	Rr	6644	0.270	08	45
7	Rr	5728	0.232	08	50
7	Rr	5872	0.238	08	55
7	Rr	5891	0.239	09	00
7	Rr	6488	0.263	09	05
7	Rr	6285	0.255	09	10
7	Rr	5444	0.221	09	15
7	Rr	6174	0.251	09	20
7	Rr	7572	0.307	09	25
7	Rr	6330	0.257	09	30
7	Rr	6925	0.281	09	35
7	Rr	6926	0.281	09	40
7	Rr	7097	0.288	09	45
7	Rr	5516	0.224	09	50
7	Rr	5331	0.216	09	55
7	Rr	6731	0.273	10	00
7	Rr	5811	0.236	10	05
7	Rr	6554	0.266	10	10
7	Rr	5520	0.224	10	15
7	Rr	6373	0.259	10	20
7	Rr	6674	0.271	10	25
7	Rr	7099	0.288	10	30
7	Rr	7328	0.297	10	35
7	Rr	7452	0.302	10	40
7	Rr	6803	0.276	10	45
7	Rr	7545	0.306	10	50
7	Rr	6378	0.259	10	55
7	Rr	8264	0.335	11	00
7	Rr	6857	0.278	11	05
7	Rr	6880	0.279	11	10
7	Rr	6782	0.275	11	15
7	Rr	7230	0.293	11	20
7	Rr	8227	0.334	11	25
7	Rr	7874	0.320	11	30
7	Rr	5833	0.237	11	35
7	Rr	6725	0.273	11	40
7	Rr	6602	0.268	11	45
7	Rr	6529	0.265	11	50
7	Rr	6352	0.258	11	55
7	Rr	6572	0.267	12	00
7	Rr	7329	0.297	12	05
7	Rr	7285	0.296	12	10
7	Rr	7423	0.301	12	15
7	Rr	6440	0.261	12	20
7	Rr	6577	0.267	12	25
7	Rr	7424	0.301	12	30
7	Rr	6455	0.262	12	35
7	Rr	6373	0.259	12	40
7	Rr	6201	0.252	12	45
7	Rr	7763	0.315	12	50
7	Rr	7145	0.290	12	55
7	Rr	7686	0.312	13	00
7	Rr	6490	0.263	13	05
7	Rr	7200	0.292	13	10
7	Rr	7560	0.307	13	15
7	Rr	7500	0.304	13	20
7	Rr	7383	0.300	13	25
7	Rr	7437	0.302	13	30
7	Rr	7511	0.305	13	35
7	Rr	8122	0.330	13	40
7	Rr	7029	0.285	13	45
7	Rr	8371	0.340	13	50
7	Rr	7025	0.285	13	55
7	Rr	10005	0.406	14	00
7	Rr	8684	0.352	14	05
7	Rr	8303	0.337	14	10
7	Rr	9557	0.388	14	15
7	Rr	10160	0.412	14	20
7	Rr	9027	0.366	14	25
7	Rr	8922	0.362	14	30
7	Rr	9619	0.390	14	35
7	Rr	9300	0.377	14	40
7	Rr	9430	0.383	14	45
7	Rr	8871	0.360	14	50
7	Rr	10089	0.409	14	55
7	Rr	9520	0.386	15	00
7	Rr	8661	0.351	15	05
7	Rr	9430	0.383	15	10
7	Rr	8598	0.349	15	15
7	Rr	11919	0.484	15	20
7	Rr	9018	0.366	15	25
7	Rr	10885	0.442	15	30
7	Rr	9844	0.399	15	35
7	Rr	11138	0.452	15	40
7	Rr	8229	0.334	15	45
7	Rr	10626	0.431	15	50
7	Rr	17113	0.694	15	55
7	Rr	15528	0.630	16	00
7	Rr	13281	0.539	16	05
7	Rr	13650	0.554	16	10
7	Rr	11647	0.473	16	15
7	Rr	11298	0.458	16	20
7	Rr	12014	0.488	16	25
7	Rr	10889	0.442	16	30
7	Rr	10839	0.440	16	35
7	Rr	11719	0.476	16	40
7	Rr	12664	0.514	16	45
7	Rr	11636	0.472	16	50
7	Rr	10736	0.436	16	55
7	Rr	12048	0.489	17	00
7	Rr	12583	0.511	17	05
7	Rr	10659	0.433	17	10
7	Rr	11979	0.486	17	15
7	Rr	11285	0.458	17	20
7	Rr	10812	0.439	17	25
7	Rr	11101	0.450	17	30
7	Rr	11523	0.468	17	35
7	Rr	10927	0.443	17	40
7	Rr	11492	0.466	17	45
7	Rr	11234	0.456	17	50
7	Rr	11136	0.452	17	55
7	Rr	14072	0.571	18	00
7	Rr	12726	0.516	18	05
7	Rr	10970	0.445	18	10
7	Rr	10867	0.441	18	15
7	Rr	9788	0.397	18	20
7	Rr	9854	0.400	18	25
7	Rr	11585	0.470	18	30
7	Rr	9818	0.398	18	35
7	Rr	12924	0.524	18	40
7	Rr	10450	0.424	18	45
7	Rr	12826	0.520	18	50
7	Rr	11446	0.464	18	55
7	Rr	11740	0.476	19	00
7	Rr	10440	0.424	19	05
7	Rr	12088	0.491	19	10
7	Rr	9347	0.379	19	15
7	Rr	9445	0.383	19	20
7	Rr	10070	0.409	19	25
7	Rr	10425	0.423	19	30
7	Rr	11755	0.477	19	35
7	Rr	9138	0.371	19	40
7	Rr	11176	0.454	19	45
7	Rr	10372	0.421	19	50
7	Rr	12155	0.493	19	55
7	Rr	11365	0.461	20	00
7	Rr	9457	0.384	20	05
7	Rr	9803	0.398	20	10
7	Rr	9125	0.370	20	15
7	Rr	11441	0.464	20	20
7	Rr	11267	0.457	20	25
7	Rr	10813	0.439	20	30
7	Rr	11786	0.478	20	35
7	Rr	9453	0.384	20	40
7	Rr	10939	0.444	20	45
7	Rr	10921	0.443	20	50
7	Rr	8784	0.356	20	55
7	Rr	9424	0.382	21	00
7	Rr	9963	0.404	21	05
7	Rr	10874	0.441	21	10
7	Rr	9837	0.399	21	15
7	Rr	9821	0.399	21	20
7	Rr	9678	0.393	21	25
7	Rr	9130	0.370	21	30
7	Rr	9354	0.380	21	35
7	Rr	9038	0.367	21	40
7	Rr	10570	0.429	21	45
7	Rr	9707	0.394	21	50
7	Rr	8096	0.329	21	55
7	Rr	9063	0.368	22	00
7	Rr	8356	0.339	22	05
7	Rr	9751	0.396	22	10
7	Rr	9713	0.394	22	15
7	Rr	9613	0.390	22	20
7	Rr	9030	0.366	22	25
7	Rr	10380	0.421	22	30
7	Rr	9337	0.379	22	35
7	Rr	8281	0.336	22	40
7	Rr	9249	0.375	22	45
7	Rr	8535	0.346	22	50
7	Rr	8760	0.355	22	55
7	Rr	8837	0.359	23	00
7	Rr	8579	0.348	23	05
7	Rr	9486	0.385	23	10
7	Rr	9273	0.376	23	15
7	Rr	10848	0.440	23	20
7	Rr	7613	0.309	23	25
7	Rr	7212	0.293	23	30
7	Rr	6282	0.255	23	35
7	Rr	7695	0.312	23	40
7	Rr	7572	0.307	23	45
7	Rr	8694	0.353	23	50
7	Rr	8064	0.327	23	55
o	*f	0R	r
o	lRQ	1	2464383	160227025	[unresolved numerical addresses]
Z	*f	-20R	r
Z	lRb	1	128500	2.566	66.249
Z	lRb	1	88190	1.794	34
Z	lRb	1	87283	3.582	98
Z	lRb	1	69726	2.524	51
Z	lRb	1	64993	2.025	35
Z	lRb	1	47750	1.401	69
Z	lRb	1	47615	0.003	205.254
Z	lRb	1	43990	1.170	104
Z	lRb	1	42341	2.897	54
Z	lRb	1	41614	0.000	216.147
Z	lRb	1	39327	0.506	49
Z	lRb	1	34807	2.331	40
Z	lRb	1	33838	0.945	123
Z	lRb	1	33237	1.032	52
Z	lRb	1	31839	0.734	47
Z	lRb	1	29430	0.001	66.9
Z	lRb	1	28800	1.160	76
Z	lRb	1	28759	0.344	45
Z	lRb	1	26854	2.469	157.55
Z	lRb	1	26730	0.641	46
Z	lRb	1	1488760	71.874	[not listed: 9516]
S	*f	-50P	r
S	Rb	9330	0.003	66.249.66.195
S	Rb	8609	0.000	66.249.66.196
S	Rb	7102	0.000	66.249.66.197
S	Rb	5930	0.000	66.249.66.72
S	Rb	5269	0.222	216.244.66.229
S	Rb	4894	0.000	66.249.66.73
S	Rb	4702	0.294	14.33.246.211
S	Rb	4691	0.001	66.249.66.74
S	Rb	4429	0.027	162.55.85.223
S	Rb	4122	0.107	68.66.226.98
S	Rb	3517	0.000	66.249.66.166
S	Rb	3344	0.097	51.222.253.16
S	Rb	3341	0.120	51.222.253.7
S	Rb	3248	0.184	192.99.15.146
S	Rb	3159	0.121	51.222.253.1
S	Rb	3158	0.115	51.222.253.15
S	Rb	3139	0.106	51.222.253.6
S	Rb	3136	0.121	51.222.253.18
S	Rb	3108	0.117	51.222.253.5
S	Rb	3099	0.107	51.222.253.14
S	Rb	2584	0.076	40.88.21.235
S	Rb	2542	0.020	49.7.20.111
S	Rb	2489	0.009	49.7.20.105
S	Rb	2232	0.000	66.249.66.164
S	Rb	2216	0.000	82.16.45.40
S	Rb	2091	0.000	66.249.66.165
S	Rb	2003	0.009	78.129.149.5
S	Rb	1992	0.051	66.249.75.109
S	Rb	1829	0.111	37.59.14.116
S	Rb	1781	0.161	75.98.173.33
S	Rb	1736	0.215	79.125.27.96
S	Rb	1669	0.014	52.35.20.1
S	Rb	1597	0.097	78.155.138.20
S	Rb	1566	0.000	62.194.247.203
S	Rb	1543	0.055	199.21.99.79
S	Rb	1529	0.016	52.35.117.102
S	Rb	1503	0.028	212.99.44.81
S	Rb	1467	0.000	49.7.20.135
S	Rb	1459	0.008	92.249.127.111
S	Rb	1373	0.003	34.73.206.133
S	Rb	1352	0.045	49.7.20.102
S	Rb	1330	0.014	109.102.111.58
S	Rb	1304	0.144	5.196.13.127
S	Rb	1285	0.033	144.76.27.118
S	Rb	1276	0.089	208.115.113.82
S	Rb	1270	0.048	95.108.248.29
S	Rb	1199	0.000	35.196.21.185
S	Rb	1155	0.173	75.98.173.84
S	Rb	1142	0.001	91.207.9.226
S	Rb	1128	0.011	195.191.219.132
S	Rb	2323414	96.827	[not listed: 121642]
s	*FR	2013	12	18	21	53
s	*LR	2025	01	14	04	19
s	*f	-20R	s
s	lRS	1	806510	1223	http://www.gtaeronautics.com/
s	lRS	1	275169	730	http://gtaeronautics.com/
s	lRS	1	13512	7	https://www.google.com/
s	lRS	1	1272	1	https://m.baidu.com/
s	lRS	1	444	1	https://www.griffinarchitectspa.com/
s	lRS	1	1931	0	http://www.google.com/
s	lRS	1	1407	0	http://www.baidu.com/
s	lRS	1	1159	0	http://www.trainingindustry.com/
s	lRS	1	748	0	https://www.bing.com/
s	lRS	1	613	0	https://quark.sm.cn/
s	lRS	1	609	0	http://www.mfgpages.com/
s	lRS	1	604	0	http://www.openfos.com/
s	lRS	1	580	0	http://baidu.com/
s	lRS	1	517	0	http://www.topicway.com/
s	lRS	1	476	0	https://google.com/
s	lRS	1	462	0	http://anti-crisis-seo.com/
s	lRS	1	420	0	http://122.144.179.12/
s	lRS	1	399	0	https://www.thomasnet.com/
s	lRS	1	395	0	http://uptime.com/
s	lRS	1	362	0	http://semalt.semalt.com/
s	lRS	1	53054	8	[not listed: 4471]
f	*FR	2013	12	18	21	53
f	*LR	2025	01	14	04	19
f	*f	-30R	s
f	lRS	1	618694	882	http://www.gtaeronautics.com/
f	lRS	1	135389	322	http://gtaeronautics.com/
f	lRS	1	64411	316	http://gtaeronautics.com/CompNews.html
f	lRS	1	7940	74	http://www.gtaeronautics.com/CompNews.html
f	lRS	1	11824	45	http://www.gtaeronautics.com/UASFC.html
f	lRS	1	6240	43	http://www.gtaeronautics.com/SRU.html
f	lRS	1	5591	39	http://www.gtaeronautics.com/RD.html
f	lRS	1	26832	26	http://www.gtaeronautics.com/aboutus.html
f	lRS	1	8088	18	http://www.gtaeronautics.com/GT380 RPAS.html
f	lRS	1	4234	18	http://www.gtaeronautics.com/GT100HL RPAS.html
f	lRS	1	6105	15	http://www.gtaeronautics.com/GT50T RPAS.html
f	lRS	1	5965	15	http://www.gtaeronautics.com/GT1500 RPAS.html
f	lRS	1	13426	12	http://www.gtaeronautics.com/CCT&M.html
f	lRS	1	8857	10	http://www.gtaeronautics.com/ConsultingA.html
f	lRS	1	12692	6	https://www.google.com/
f	lRS	1	4108	5	http://gtaeronautics.com/CCT&M.html
f	lRS	1	23607	4	http://gtaeronautics.com/links.html
f	lRS	1	21788	4	http://www.gtaeronautics.com/index.html
f	lRS	1	6781	4	http://gtaeronautics.com/contactus.html
f	lRS	1	6235	4	http://gtaeronautics.com/IndNews.html
f	lRS	1	5577	4	http://www.gtaeronautics.com/pna.html
f	lRS	1	4141	4	http://gtaeronautics.com/ConsultingA.html
f	lRS	1	4173	3	http://www.gtaeronautics.com/CFMT.html
f	lRS	1	5707	2	http://gtaeronautics.com/index.html
f	lRS	1	5698	2	http://gtaeronautics.com/aboutus.html
f	lRS	1	8987	0	http://www.gtaeronautics.com/contactus.html
f	lRS	1	7844	0	http://www.gtaeronautics.com/compnews.html
f	lRS	1	4920	0	http://www.gtaeronautics.com/IndNews.html
f	lRS	1	4202	0	http://www.gtaeronautics.com/consultinga.html
f	lRS	1	3060	0	http://www.gtaeronautics.com/uasfc.html
f	lRS	1	107527	93	[not listed: 5215]
n	*FR	2013	12	19	00	28
n	*LR	2020	10	14	09	11
n	*f	0.500000%Q	s
n	Rq	1	3.438	kit
n	Rq	2	6.875	crew
n	Rq	1	3.438	method
n	Rq	28	75.626	aeronautical
n	Rq	1	3.438	airplane.com
n	Rq	5	17.188	faa
n	Rq	40	96.251	gt
n	Rq	1	3.438	moldings
n	Rq	1	3.438	taranis
n	Rq	1	3.438	twin
n	Rq	2	3.438	installerex
n	Rq	2	3.438	http://gtaeronautics.com/
n	Rq	20	34.375	in
n	Rq	1	3.438	scale
n	Rq	1	3.438	observer
n	Rq	1	3.438	drawing?
n	Rq	2	3.438	is
n	Rq	1	3.438	making
n	Rq	2	6.875	fiber
n	Rq	1	3.438	mitsubishi
n	Rq	1	3.438	fuze
n	Rq	1	3.438	http://www.gtaeronautics.com/indnews.html
n	Rq	1	3.438	consultant
n	Rq	92	3.438	semalt.com
n	Rq	15	13.750	manufacturing
n	Rq	1	3.438	2
n	Rq	1	3.438	base
n	Rq	14	48.126	6
n	Rq	1	3.438	http://gtaeronautics.com/indnews.html
n	Rq	1	3.438	always
n	Rq	28	85.939	engineering
n	Rq	1	3.438	northrop
n	Rq	1	3.438	bandwidth
n	Rq	1	3.438	vegas
n	Rq	3	6.875	basic
n	Rq	1	3.438	qinetiq
n	Rq	1	3.438	tooling
n	Rq	1	3.438	heavy
n	Rq	1	3.438	on
n	Rq	9	27.500	drawings
n	Rq	1	3.438	fia
n	Rq	4	3.438	louis%20vuitton%20fashion%20valley%20phone%20number
n	Rq	3	10.313	rullman
n	Rq	3	3.438	llc
n	Rq	1	3.438	cowling
n	Rq	32	10.313	sale
n	Rq	64	20.625	outlet
n	Rq	1	3.438	rotax
n	Rq	1	3.438	ucav
n	Rq	28	82.501	texan
n	Rq	1	3.438	a
n	Rq	2	3.438	customer
n	Rq	1	3.438	rpa
n	Rq	2	6.875	110cc
n	Rq	30	3.438	designer
n	Rq	20	17.188	www.gtaeronautics.com
n	Rq	1	3.438	work
n	Rq	1	3.438	thomas
n	Rq	1	3.438	engie
n	Rq	1	3.438	qualification
n	Rq	1	3.438	custom
n	Rq	1	3.438	mk3
n	Rq	1	3.438	t
n	Rq	1	3.438	w
n	Rq	1	3.438	uavs
n	Rq	2	3.438	satisfaction
n	Rq	2	6.875	x
n	Rq	1	3.438	crews
n	Rq	3	3.438	photos
n	Rq	1	3.438	finnemeccia
n	Rq	2	6.875	glass
n	Rq	1	10.313	to
n	Rq	5	17.188	engineer
n	Rq	1	3.438	government
n	Rq	1	3.438	gcs
n	Rq	1	3.438	operator
n	Rq	1	3.438	with
n	Rq	6	20.625	aircraft
n	Rq	97	6.875	number
n	Rq	4	10.313	for
n	Rq	2	6.875	aero
n	Rq	1	3.438	december
n	Rq	9	6.875	equipment
n	Rq	2	6.875	engine
n	Rq	1	3.438	mq1
n	Rq	2	6.875	wy
n	Rq	1	3.438	custum
n	Rq	1	3.438	g.t
n	Rq	1	3.438	mechanics
n	Rq	1	6.875	motors
n	Rq	1	3.438	tdw
n	Rq	32	17.188	luggage
n	Rq	1	3.438	opportunities
n	Rq	175	58.438	vuitton
n	Rq	1	10.313	the
n	Rq	1	3.438	show
n	Rq	1	3.438	luggages
n	Rq	1	3.438	stroke
n	Rq	2	3.438	explore
n	Rq	39	6.875	handbags
n	Rq	2	6.875	electric
n	Rq	1	6.875	air
n	Rq	1	3.438	space
n	Rq	1	3.438	quote
n	Rq	1	3.438	require
n	Rq	1	3.438	mpp
n	Rq	4	6.875	jobs
n	Rq	5	17.188	uas
n	Rq	1	3.438	anything
n	Rq	1	3.438	china
n	Rq	1	3.438	airplane
n	Rq	10	34.375	uav
n	Rq	2	3.438	wmaid.com
n	Rq	3	13.750	drone
n	Rq	2	3.438	facebook
n	Rq	7	24.063	fiberglass
n	Rq	1	3.438	college
n	Rq	4	13.750	onboard
n	Rq	3	6.875	gtaeronautics.com
n	Rq	1	3.438	qulificationa
n	Rq	21	44.688	simi
n	Rq	1	3.438	and
n	Rq	5	10.313	flight
n	Rq	17	44.688	at6
n	Rq	1	3.438	xtreme
n	Rq	1	3.438	maintenance
n	Rq	1	3.438	cody
n	Rq	1	3.438	any
n	Rq	1	3.438	tom
n	Rq	1	3.438	systems
n	Rq	1	3.438	payload
n	Rq	2	6.875	gta
n	Rq	2	3.438	granger
n	Rq	8	24.063	extreme
n	Rq	6	17.188	molding
n	Rq	2	3.438	easylifeapp
n	Rq	1	3.438	rating
n	Rq	2	3.438	whitelaw
n	Rq	126	24.063	fashion
n	Rq	2	6.875	ice
n	Rq	2	3.438	http://www.gtaeronautics.com/compnews.html
n	Rq	5	6.875	engineers
n	Rq	3	6.875	composite
n	Rq	1	3.438	skyforce
n	Rq	1	3.438	eengineer
n	Rq	175	58.438	louis
n	Rq	4	13.750	starter
n	Rq	8	3.438	store
n	Rq	14	13.750	cheap
n	Rq	10	30.938	bme
n	Rq	1	3.438	diamond
n	Rq	1	3.438	america2009
n	Rq	7	3.438	content
n	Rq	2	6.875	aeronautic
n	Rq	1	3.438	challenge
n	Rq	1	3.438	piece
n	Rq	1	3.438	how
n	Rq	1	3.438	male
n	Rq	2	6.875	design
n	Rq	2	6.875	flying
n	Rq	1	3.438	carbon
n	Rq	1	3.438	operation
n	Rq	2	3.438	profile
n	Rq	1	3.438	tomas
n	Rq	1	3.438	cia
n	Rq	1	3.438	hummingbird
n	Rq	1	3.438	iron
n	Rq	1	3.438	california
n	Rq	1	3.438	amphibian
n	Rq	1	3.438	110
n	Rq	1	3.438	mentioned
n	Rq	1	3.438	111
n	Rq	1	3.438	over
n	Rq	25	75.626	http://www.gtaeronautics.com/
n	Rq	1	3.438	google.com
n	Rq	1	3.438	fuel
n	Rq	2	3.438	inc
n	Rq	1	3.438	handbag.com
n	Rq	1	3.438	da42
n	Rq	2	6.875	certification
n	Rq	1	3.438	2015
n	Rq	1	3.438	timing
n	Rq	1	3.438	home
n	Rq	1	3.438	aerospacecompanies
n	Rq	1	3.438	anti
n	Rq	1	3.438	ziroli
n	Rq	1	3.438	sketches
n	Rq	5	3.438	purses
n	Rq	1	3.438	downlink
n	Rq	3	3.438	aeronotics
n	Rq	1	3.438	nanotechnology
n	Rq	1	3.438	zephyr
n	Rq	4	3.438	wyoming
n	Rq	2	3.438	technology
n	Rq	3	10.313	companies
n	Rq	1	3.438	muffler
n	Rq	2	3.438	avia
n	Rq	2	3.438	what
n	Rq	145	65.313	valley
n	Rq	1	3.438	microwave
n	Rq	1	3.438	mold
n	Rq	5	13.750	pglm
n	Rq	1	3.438	specialist
n	Rq	23	68.751	drawing
n	Rq	1	3.438	tool
n	Rq	1	3.438	security
n	Rq	6	6.875	prototypes
n	Rq	1	3.438	giant
n	Rq	1	3.438	powell
n	Rq	8	24.063	aerospace
n	Rq	34	89.376	aeronautics
n	Rq	4	13.750	unmanned
n	Rq	1	3.438	radius
n	Rq	1	3.438	zero
n	Rq	1	3.438	tobbot
n	Rq	2	6.875	neverfull
n	Rq	2	6.875	job
n	Rq	1	3.438	onbordstarter
n	Rq	1	6.875	as
n	Rq	20	13.750	ca
n	Rq	13	44.688	at
n	Rq	5	17.188	techniques
n	Rq	1	3.438	does
n	Rq	1	3.438	commercial
n	Rq	1	3.438	www.gt
n	Rq	1	3.438	de
n	Rq	1	3.438	co
n	Rq	1	3.438	speedy
n	Rq	1	3.438	rpas
n	Rq	2	6.875	instrument
n	Rq	1	3.438	do
n	Rq	1	3.438	efi
n	Rq	3	10.313	training
n	Rq	1	3.438	quotation
n	Rq	1	3.438	careers
n	Rq	3	10.313	pilot
n	Rq	9	27.500	bandito
n	Rq	4	13.750	quotes
n	Rq	107	13.750	phone
n	Rq	1	3.438	stations
n	Rq	1	3.438	traing
N	*FR	2013	12	19	00	28
N	*LR	2020	10	14	09	11
N	*f	-200Q	s
N	RQ	25	580660014	http://www.gtaeronautics.com/
N	RQ	20	369510918	gt aeronautics
N	RQ	14	316723644	aeronautical engineering drawing
N	RQ	9	237542733	at 6 texan
N	RQ	8	211149096	at6 texan
N	RQ	7	158361822	bme extreme
N	RQ	7	158361822	aerospace engineering drawings
N	RQ	20	131968185	www.gtaeronautics.com
N	RQ	6	105574548	texan at6
N	RQ	5	105574548	bandito pglm
N	RQ	3	79180911	bandito uav
N	RQ	3	79180911	onboard starter
N	RQ	2	52787274	fiberglass molding techniques
N	RQ	6	52787274	manufacturing aeronautical prototypes
N	RQ	19	52787274	louis vuitton luggage outlet
N	RQ	10	52787274	louis vuitton fashion valley phone
N	RQ	97	52787274	louis vuitton fashion valley phone number
N	RQ	2	52787274	texan at 6
N	RQ	18	52787274	louis vuitton fashion valley ca
N	RQ	1	26393637	uavs flying over simi valley ca
N	RQ	1	26393637	gt aeronautics simi valley california
N	RQ	1	26393637	aeronautical engineer quote
N	RQ	1	26393637	does aeronautical engineering require drawing?
N	RQ	1	26393637	how to do gt in engineering drawing
N	RQ	2	26393637	http://gtaeronautics.com/
N	RQ	1	26393637	the government college g.t aeronautics
N	RQ	1	26393637	bme engine
N	RQ	1	26393637	uas gcs
N	RQ	1	26393637	http://www.gtaeronautics.com/indnews.html
N	RQ	92	26393637	semalt.com
N	RQ	1	26393637	aero iron mentioned nanotechnology hummingbird uav
N	RQ	1	26393637	basic fiberglass techniques
N	RQ	1	26393637	http://gtaeronautics.com/indnews.html
N	RQ	1	26393637	finnemeccia co
N	RQ	2	26393637	drawing for customer satisfaction
N	RQ	1	26393637	cheap louis vuitton speedy handbag.com
N	RQ	1	26393637	at 6
N	RQ	1	26393637	quotation specialist engineer drawings
N	RQ	1	26393637	challenge xtreme 111 piece mechanics tool kit
N	RQ	1	26393637	uav commercial crew stations
N	RQ	1	26393637	da42 mpp microwave downlink bandwidth
N	RQ	1	26393637	anti ice de ice qinetiq zephyr
N	RQ	4	26393637	louis%20vuitton%20fashion%20valley%20phone%20number
N	RQ	1	26393637	faa uas pilot certification
N	RQ	1	26393637	any flying crews in gta
N	RQ	1	26393637	fiber glass molding job
N	RQ	1	26393637	aerospace drawing
N	RQ	1	26393637	aircraft design consultant
N	RQ	1	26393637	www.gt airplane.com
N	RQ	3	26393637	gt in aeronotics
N	RQ	1	26393637	tom rullman
N	RQ	1	26393637	gt aeronautics simi valley ca
N	RQ	1	26393637	drone base in simi valley
N	RQ	1	26393637	fiberglass mold making techniques
N	RQ	1	26393637	rpa instrument qualification faa instrument rating
N	RQ	1	26393637	extreme bme
N	RQ	1	26393637	uas faa maintenance
N	RQ	1	26393637	louis vuitton neverfull
N	RQ	1	26393637	fiberglass techniques
N	RQ	1	26393637	aircraft companies in simi valley
N	RQ	1	26393637	custom fiberglass moldings
N	RQ	1	26393637	anything
N	RQ	11	26393637	louis vuitton luggage cheap
N	RQ	1	26393637	aeronautical engineering sketches
N	RQ	1	26393637	gtaeronautics.com
N	RQ	1	26393637	giant scale ziroli at 6
N	RQ	9	26393637	outlet louis vuitton handbags
N	RQ	1	26393637	cowling drawing
N	RQ	1	26393637	mitsubishi zero
N	RQ	1	26393637	powell wy gt aeronautics
N	RQ	2	26393637	what is gt in basic engineering drawing
N	RQ	2	26393637	composite molding
N	RQ	1	26393637	aeronautics in simi valley and security work
N	RQ	3	26393637	gt aeronautics llc jobs
N	RQ	1	26393637	crew flight gta
N	RQ	1	26393637	110cc engine timing
N	RQ	1	26393637	aeronautical engineer quotes
N	RQ	2	26393637	http://www.gtaeronautics.com/compnews.html
N	RQ	4	26393637	wyoming flight engineers
N	RQ	1	26393637	a t 6
N	RQ	1	26393637	gt aeronautics unmanned air
N	RQ	1	26393637	fia gt composite tooling
N	RQ	1	26393637	uas pilot certification
N	RQ	1	26393637	quotes on aeronautical engineers
N	RQ	1	26393637	payload for diamond northrop twin engie aircraft
N	RQ	7	26393637	content
N	RQ	1	26393637	bme 110
N	RQ	1	26393637	thomas w rullman gt aeronautics
N	RQ	1	26393637	luggages for sale
N	RQ	2	26393637	easylifeapp profile
N	RQ	2	26393637	simi gt
N	RQ	1	26393637	mq1 design fuel
N	RQ	1	26393637	airplane as always cia america2009
N	RQ	1	26393637	heavy equipment operator jobs
N	RQ	1	26393637	eengineer drawing home
N	RQ	1	26393637	cheap louis vuitton luggage
N	RQ	1	26393637	aero space drone simi valley
N	RQ	1	26393637	2 stroke electric onboard starter
N	RQ	1	26393637	simi valley unmanned aircraft
N	RQ	1	26393637	skyforce observer mk3
N	RQ	2	26393637	granger whitelaw avia
N	RQ	1	26393637	louis vuitton fashion valley neverfull
N	RQ	1	26393637	louis vuitton job opportunities
N	RQ	1	26393637	google.com
N	RQ	1	26393637	uas operation training method
N	RQ	2	26393637	wmaid.com explore gtaeronautics.com
N	RQ	1	26393637	custum muffler 110cc
N	RQ	1	26393637	glass manufacturing drawings
N	RQ	1	26393637	electric motors x male uav x sale
N	RQ	1	26393637	aerospacecompanies in simi valley
N	RQ	1	26393637	fiberglass molding
N	RQ	2	26393637	aeronautical technology inc
N	RQ	1	26393637	taranis ucav
N	RQ	1	26393637	vegas drone uav show december 2015
N	RQ	1	26393637	uav companies in simi valley
N	RQ	1	26393637	unmanned aircraft systems pilot training
N	RQ	2	26393637	installerex facebook
N	RQ	3	26393637	texan at6 photos
N	RQ	1	26393637	aeronautic engineer
N	RQ	30	26393637	designer handbags outlet sale
N	RQ	1	26393637	rpas qulificationa traing with faa
N	RQ	1	26393637	faa uav training
N	RQ	1	26393637	uav companies simi valley
N	RQ	5	26393637	louis vuitton purses outlet
N	RQ	1	26393637	aeronautics
N	RQ	1	26393637	cheap louis vuitton luggage outlet
N	RQ	1	26393637	gt aeronautics tomas rullman
N	RQ	1	26393637	tobbot
N	RQ	1	26393637	radius tdw efi fuze
N	RQ	8	26393637	manufacturing equipment store in simi valley
N	RQ	1	26393637	onbordstarter
N	RQ	1	26393637	aeronautic engineer quotes
N	RQ	1	26393637	rotax amphibian unmanned china
N	RQ	1	26393637	aeronautical engineering quotes
N	RQ	1	26393637	drawing aircraft engineering
N	RQ	1	26393637	gt aeronautics careers
N	RQ	1	26393637	gt aeronautics bandito
N	RQ	1	26393637	cody wy carbon fiber
B	*f	-40R	r
B	Rb	141594	0.000	Mozilla/5.0 (Windows NT 6.1; Win64; x64; rv:109.0) Gecko/20100101 Firefox/115.0
B	Rb	87255	2.898	Mozilla/5.0 (compatible; AhrefsBot/7.0;  http://ahrefs.com/robot/)
B	Rb	71378	1.638	ZoominfoBot (zoominfobot at zoominfo dot com)
B	Rb	71131	1.116	Sogou web spider/4.0( http://www.sogou.com/docs/help/webmasters.htm#07)
B	Rb	60980	1.266	Mozilla/5.0 (compatible; Googlebot/2.1;  http://www.google.com/bot.html)
B	Rb	40898	4.266	Mozilla/5.0 (compatible; bingbot/2.0;  http://www.bing.com/bingbot.htm)
B	Rb	26382	2.168	Mozilla/5.0 (Windows NT 6.3; WOW64) AppleWebKit/537.36 (KHTML, like Gecko) Chrome/33.0.1736.0 Safari/537.36
B	Rb	25801	0.266	Googlebot-Image/1.0
B	Rb	16326	0.954	Mozilla/4.0 (compatible; MSIE 6.0; Windows NT 5.1; SV1)
B	Rb	16002	0.000	Mozilla/5.0 AppleWebKit/537.36 (KHTML, like Gecko; compatible; bingbot/2.0;  http://www.bing.com/bingbot.htm) Chrome/116.0.1938.76 Safari/537.36
B	Rb	15322	0.333	Mozilla/5.0 (Macintosh; Intel Mac OS X 10_15_5) AppleWebKit/605.1.15 (KHTML, like Gecko) Version/13.1.1 Safari/605.1.15 (Applebot/0.1;  http://www.apple.com/go/applebot)
B	Rb	14301	0.000	Mozilla/5.0 (Windows NT 10.0; Win64; x64) AppleWebKit/537.36 (KHTML, like Gecko) Chrome/120.0.0.0 Safari/537.36
B	Rb	14285	1.399	Mozilla/5.0 (compatible; YandexBot/3.0;  http://yandex.com/bots)
B	Rb	13947	0.000	Mozilla/5.0 (compatible; Bytespider; spider-feedback@bytedance.com) AppleWebKit/537.36 (KHTML, like Gecko) Chrome/70.0.0.0 Safari/537.36
B	Rb	13424	0.000	Mozilla/5.0 (Windows NT 10.0; Win64; x64) AppleWebKit/537.36 (KHTML, like Gecko) Chrome/114.0.0.0 Safari/537.36
B	Rb	13205	0.000	Mozilla/5.0 (Linux; Android 5.0) AppleWebKit/537.36 (KHTML, like Gecko) Mobile Safari/537.36 (compatible; Bytespider; spider-feedback@bytedance.com)
B	Rb	12964	1.355	Mozilla/5.0 (iPhone; CPU iPhone OS 7_0 like Mac OS X) AppleWebKit/537.51.1 (KHTML, like Gecko) Version/7.0 Mobile/11A465 Safari/9537.53 (compatible; bingbot/2.0;  http://www.bing.com/bingbot.htm)
B	Rb	12133	0.689	Mozilla/5.0 (compatible; Baiduspider/2.0;  http://www.baidu.com/search/spider.html)
B	Rb	11057	0.000	Mozilla/5.0 (Windows NT 10.0; Win64; x64) AppleWebKit/537.36 (KHTML, like Gecko) Chrome/124.0.0.0 Safari/537.36
B	Rb	10639	0.424	Mozilla/5.0 (Macintosh; Intel Mac OS X 10.11; rv:52.0) Gecko/20100101 Firefox/52.0
B	Rb	10326	0.616	Mozilla/5.0 (Windows NT 6.1; WOW64; Trident/7.0; rv:11.0) like Gecko
B	Rb	10186	0.000	Mozilla/5.0 (Windows NT 10.0; Win64; x64) AppleWebKit/537.36 (KHTML, like Gecko) Chrome/122.0.0.0 Safari/537.36
B	Rb	9938	0.000	Mozilla/5.0 (Windows NT 10.0; Win64; x64) AppleWebKit/537.36 (KHTML, like Gecko) Chrome/121.0.0.0 Safari/537.36
B	Rb	9648	0.435	Mozilla/5.0 AppleWebKit/537.36 (KHTML, like Gecko; compatible; bingbot/2.0;  http://www.bing.com/bingbot.htm) Chrome/103.0.5060.134 Safari/537.36
B	Rb	9377	0.026	Mozilla/5.0 (iPhone; CPU iPhone OS 13_2_3 like Mac OS X) AppleWebKit/605.1.15 (KHTML, like Gecko) Version/13.0.3 Mobile/15E148 Safari/604.1
B	Rb	9326	0.400	Mozilla/5.0 (Windows NT 5.1; rv:17.0) Gecko/20100101 Firefox/17.0
B	Rb	8359	0.067	Mozilla/5.0 (Windows NT 10.0; Win64; x64) AppleWebKit/537.36 (KHTML, like Gecko) Chrome/113.0.0.0 Safari/537.36
B	Rb	8061	0.886	Mozilla/4.0 (compatible; MSIE 7.0; Windows NT 5.1; .NET CLR 1.1.4322; .NET CLR 2.0.50727)
B	Rb	7983	0.246	Mozilla/5.0 (compatible; MJ12bot/v1.4.8; http://mj12bot.com/)
B	Rb	7887	0.190	Mozilla/5.0 (compatible; BLEXBot/1.0;  http://webmeup-crawler.com/)
B	Rb	7865	0.000	Mozilla/5.0 (Windows NT 10.0; Win64; x64) AppleWebKit/537.36 (KHTML, like Gecko) Chrome/116.0.0.0 Safari/537.36
B	Rb	7849	0.220	Mozilla/5.0 (Linux; Android 6.0.1; Nexus 5 Build/MRA58N) AppleWebKit/537.36(KHTML, like Gecko) Chrome/66.0.3359.30 Mobile Safari/537.36
B	Rb	7644	0.000	Mozilla/5.0 (Windows NT 10.0; Win64; x64) AppleWebKit/537.36 (KHTML, like Gecko) Chrome/126.0.0.0 Safari/537.36
B	Rb	7614	0.000	Mozilla/5.0 (Windows NT 10.0; Win64; x64) AppleWebKit/537.36 (KHTML, like Gecko) HeadlessChrome/128.0.0.0 Safari/537.36
B	Rb	7540	0.408	Mozilla/5.0 (compatible; Yahoo! Slurp; http://help.yahoo.com/help/us/ysearch/slurp)
B	Rb	7526	0.479	PRurl
B	Rb	7221	0.210	Mozilla/4.0 (compatible; MSIE 6.0; Windows NT 5.1; SV1; .NET CLR 2.0.50727)
B	Rb	7181	0.200	Mozilla/4.0 (compatible;)
B	Rb	7033	0.000	Mozilla/5.0 (Windows NT 10.0; Win64; x64) AppleWebKit/537.36 (KHTML, like Gecko) Chrome/119.0.0.0 Safari/537.36
B	Rb	6969	0.158	Mozilla/5.0 (Linux; Android 8.0; Pixel 2 Build/OPD3.170816.012) AppleWebKit/537.36 (KHTML, like Gecko) Chrome/87.0.4280.88 Mobile Safari/537.36
B	Rb	1594206	76.686	[not listed: 23774]
b	*f	-15Q	s
b	lRQq	1	1342192	2118386539	89.742	Netscape
b	lRQq	2	182084	2401820987	101.749	Mozilla/109
b	lRQq	2	4648	1900341869	80.505	Mozilla/2
b	lRQq	2	38223	2070676228	87.721	Mozilla/1
b	lRQq	2	625	1266894577	53.670	Mozilla/55
b	lRQq	2	1593	3800683728	161.010	Mozilla/60
b	lRQq	2	15796	2936889242	124.417	Mozilla/52
b	lRQq	2	1715	1926735501	81.623	Mozilla/66
b	lRQq	2	2044	1847554590	78.269	Mozilla/57
b	lRQq	2	697	1478043672	62.615	Mozilla/59
b	lRQq	2	2117	1293288213	54.788	Mozilla/50
b	lRQq	2	1971	1214107302	51.434	Mozilla/61
b	lRQq	2	1041	1134926391	48.079	Mozilla/67
b	lRQq	2	598	1055745480	44.725	Mozilla/54
b	lRQq	2	1365	1055745480	44.725	Mozilla/58
b	lRQq	2	1317	1029351843	43.607	Mozilla/53
b	lRQq	2	935	1002958206	42.489	Mozilla/62
b	lRQq	2	1130	976564569	41.371	Mozilla/56
b	lRQq	2	4342	976564569	41.371	Mozilla/40
b	lRQq	2	1163	897383658	38.016	Mozilla/51
b	lRQq	2	1171	844596384	35.780	Mozilla/10
b	lRQq	1	521726	834982614	35.373	Netscape (compatible)
b	lRQq	1	1014	1425256402	60.379	curl
b	lRQq	2	929	1293288217	54.788	curl/7
b	lRQq	2	66	79180911	3.354	curl/8
b	lRQq	2	18	26393637	1.118	curl/479488
b	lRQq	1	2983	1398862761	59.261	Safari
b	lRQq	2	334	131968185	5.591	Safari/20620
b	lRQq	2	1178	211149096	8.945	Safari/18615
b	lRQq	2	92	131968185	5.591	Safari/18614
b	lRQq	2	138	105574548	4.472	Safari/20619
b	lRQq	2	222	105574548	4.472	Safari/19616
b	lRQq	2	156	105574548	4.472	Safari/19617
b	lRQq	2	769	105574548	4.472	Safari/19618
b	lRQq	2	7	79180911	3.354	Safari/16614
b	lRQq	2	17	79180911	3.354	Safari/17613
b	lRQq	2	2	52787274	2.236	Safari/14606
b	lRQq	2	20	52787274	2.236	Safari/12604
b	lRQq	2	2	26393637	1.118	Safari/16612
b	lRQq	2	4	26393637	1.118	Safari/17612
b	lRQq	2	19	26393637	1.118	Safari/17614
b	lRQq	2	4	26393637	1.118	Safari/15609
b	lRQq	2	1	26393637	1.118	Safari/11601
b	lRQq	2	1	26393637	1.118	Safari/10603
b	lRQq	2	2	26393637	1.118	Safari/11604
b	lRQq	2	3	26393637	1.118	Safari/16610
b	lRQq	2	12	26393637	1.118	Safari/537
b	lRQq	1	15562	1631598463	69.120	Opera
b	lRQq	2	52	527872741	22.362	Opera/10
b	lRQq	2	6746	2944084777	124.722	Opera/9
b	lRQq	2	4435	897383658	38.016	Opera/8
b	lRQq	2	3191	580660014	24.599	Opera/7
b	lRQq	2	26	316723644	13.417	Opera/11
b	lRQq	2	1060	290330007	12.299	Opera/6
b	lRQq	2	11	158361822	6.709	Opera/12
b	lRQq	2	16	105574548	4.472	Opera/5
b	lRQq	2	17	26393637	1.118	Opera/98
b	lRQq	2	1	26393637	1.118	Opera/3
b	lRQq	2	6	26393637	1.118	Opera/91
b	lRQq	1	9824	2560182789	108.458	Netscape
b	lRQq	2	2455	976564569	41.371	Netscape/4
b	lRQq	2	25	395904555	16.772	Netscape/6
b	lRQq	2	5530	263936370	11.181	Netscape/7
b	lRQq	2	124	211149096	8.945	Netscape/8
b	lRQq	2	351	184755459	7.827	Netscape/3
b	lRQq	2	808	52787274	2.236	Netscape/0
b	lRQq	2	8	52787274	2.236	Netscape/5
b	lRQq	2	2	26393637	1.118	Netscape/Nutch-1
b	lRQq	2	73	26393637	1.118	Netscape/%2F4
b	lRQq	2	1	26393637	1.118	Netscape/10
b	lRQq	2	1	26393637	1.118	Netscape/2
b	lRQq	2	9	26393637	1.118	Netscape/Firefox
b	lRQq	2	1	26393637	1.118	Netscape/35
b	lRQq	2	3	26393637	1.118	Netscape/9
b	lRQq	1	7819	2507395515	106.222	python-requests
b	lRQq	2	7801	2243459145	95.041	python-requests/2
b	lRQq	2	12	211149096	8.945	python-requests/1
b	lRQq	2	6	52787274	2.236	python-requests/0
b	lRQq	1	4238	2190671871	92.804	Java
b	lRQq	2	4186	2058703686	87.214	Java/1
b	lRQq	2	46	105574548	4.472	Java/11
b	lRQq	2	6	26393637	1.118	Java/17
b	lRQq	1	2019	1636405494	69.324	Konqueror
b	lRQq	2	1960	1478043672	62.615	Konqueror/3
b	lRQq	2	57	131968185	5.591	Konqueror/4
b	lRQq	2	2	26393637	1.118	Konqueror/2
b	lRQq	1	4921	1636405494	69.324	Apache-HttpClient
b	lRQq	2	4920	1610011857	68.206	Apache-HttpClient/4
b	lRQq	2	1	26393637	1.118	Apache-HttpClient/UNAVAILABLE
b	lRQq	1	263690	1468309504	62.203	MSIE
b	lRQq	2	39378	4095790741	173.512	MSIE/8
b	lRQq	2	6425	3008874618	127.466	MSIE/5
b	lRQq	2	101326	2632108113	111.505	MSIE/7
b	lRQq	2	92765	2226619520	94.327	MSIE/6
b	lRQq	2	14827	1062941015	45.030	MSIE/9
b	lRQq	2	4988	403100090	17.077	MSIE/10
b	lRQq	2	439	263936370	11.181	MSIE/4
b	lRQq	2	405	131968185	5.591	MSIE/3
b	lRQq	2	51	105574548	4.472	MSIE/11
b	lRQq	2	728	52787274	2.236	MSIE/2
b	lRQq	1	2075	1346075487	57.024	Python
b	lRQq	2	2075	1346075487	57.024	Python/3
b	lRQq	1	172	1187713665	50.316	MobileSafari
b	lRQq	2	19	448691829	19.008	MobileSafari/604
b	lRQq	2	32	131968185	5.591	MobileSafari/8614
b	lRQq	2	92	131968185	5.591	MobileSafari/8615
b	lRQq	2	3	131968185	5.591	MobileSafari/602
b	lRQq	2	1	79180911	3.354	MobileSafari/601
b	lRQq	2	6	52787274	2.236	MobileSafari/8612
b	lRQq	2	2	52787274	2.236	MobileSafari/9537
b	lRQq	2	6	26393637	1.118	MobileSafari/8617
b	lRQq	2	5	26393637	1.118	MobileSafari/8618
b	lRQq	2	6	26393637	1.118	MobileSafari/8619
b	lRQq	1	1011	950170932	40.252	Dalvik
b	lRQq	2	984	475085466	20.126	Dalvik/2
b	lRQq	2	27	475085466	20.126	Dalvik/1
b	lRQq	1	324	923777295	39.134	Screaming Frog SEO Spider
b	lRQq	2	65	131968185	5.591	Screaming Frog SEO Spider/20
b	lRQq	2	15	79180911	3.354	Screaming Frog SEO Spider/13
b	lRQq	2	68	79180911	3.354	Screaming Frog SEO Spider/9
b	lRQq	2	29	79180911	3.354	Screaming Frog SEO Spider/18
b	lRQq	2	63	79180911	3.354	Screaming Frog SEO Spider/19
b	lRQq	2	16	52787274	2.236	Screaming Frog SEO Spider/21
b	lRQq	2	39	52787274	2.236	Screaming Frog SEO Spider/12
b	lRQq	2	3	52787274	2.236	Screaming Frog SEO Spider/16
b	lRQq	2	4	52787274	2.236	Screaming Frog SEO Spider/17
b	lRQq	2	4	52787274	2.236	Screaming Frog SEO Spider/8
b	lRQq	2	6	26393637	1.118	Screaming Frog SEO Spider/10
b	lRQq	2	1	26393637	1.118	Screaming Frog SEO Spider/2
b	lRQq	2	2	26393637	1.118	Screaming Frog SEO Spider/3
b	lRQq	2	1	26393637	1.118	Screaming Frog SEO Spider/4
b	lRQq	2	2	26393637	1.118	Screaming Frog SEO Spider/14
b	lRQq	2	3	26393637	1.118	Screaming Frog SEO Spider/5
b	lRQq	2	1	26393637	1.118	Screaming Frog SEO Spider/6
b	lRQq	2	2	26393637	1.118	Screaming Frog SEO Spider/7
b	lRQq	1	269193	19168184	0.812	[not listed: 963]
p	*f	0Q	s
p	lR	1	1180528	Windows
p	lR	2	441032	Windows NT
p	lR	2	467141	Unknown Windows
p	lR	2	255858	Windows XP
p	lR	2	2238	Windows 95
p	lR	2	425	Windows CE
p	lR	2	2391	Windows 98
p	lR	2	9613	Windows 2000
p	lR	2	389	Windows 3.1
p	lR	2	1441	Windows ME
p	lR	1	302884	Known robots
p	lR	1	272686	Macintosh
p	lR	2	262769	Unknown Macintosh
p	lR	2	6639	Macintosh 68k
p	lR	2	3278	Macintosh PowerPC
p	lR	1	463906	OS unknown
p	lR	1	228676	Unix
p	lR	2	223873	Linux
p	lR	2	22	SunOS
p	lR	2	72	BSD
p	lR	2	4706	Other Unix
p	lR	2	3	HP-UX
p	lR	1	16	WebTV
p	lR	1	13	BeOS
p	lR	1	47	OS/2
p	lR	1	7	Amiga
i	*f	0R	s
i	lRc	1	960981	0.000	/images/
i	lRc	1	1159053	0.000	[root directory]
i	lRc	1	212689	0.000	/js/
i	lRc	1	109369	0.000	/css/
i	lRc	1	20508	0.000	/uploads/
i	lRc	1	865	0.000	/videos/
i	lRc	1	541	0.000	/client/
i	lRc	1	1	0.000	/cgi-bin/
i	lRc	1	6	0.000	/databases/
i	lRc	1	295	0.000	/dev/
i	lRc	2	24	0.000	/dev/css/
i	lRc	2	46	0.000	/dev/js/
i	lRc	2	81	0.000	/dev/images/
i	lRc	1	1	0.000	/secure/
i	lRc	1	74	0.000	/stats/
r	*f	0.050000%S	s
r	lRSc	1	47680	37	0.000	/compnews.html
r	lRSc	1	16945	27	0.000	/gt380+rpas.html
r	lRSc	1	21348	27	0.000	/sru.html
r	lRSc	1	16684	24	0.000	/gt1500+rpas.html
r	lRSc	1	12459	24	0.000	/gt100hl+rpas.html
r	lRSc	1	15939	23	0.000	/gt50t+rpas.html
r	lRSc	1	36248	22	0.000	/contactus.html
r	lRSc	1	47509	21	0.000	/aboutus.html
r	lRSc	1	48226	19	0.000	/links.html
r	lRSc	1	35005	18	0.000	/uasfc.html
r	lRSc	1	32066	17	0.000	/consultinga.html
r	lRSc	1	30968	16	0.000	/cct&m.html
r	lRSc	1	27796	16	0.000	/pna.html
r	lRSc	1	16318	14	0.000	/rd.html
r	lRSc	1	29592	14	0.000	/cfmt.html
r	lRSc	1	23593	12	0.000	/faq.html
r	lRSc	1	27235	11	0.000	/indevents.html
r	lRSc	1	24033	11	0.000	/employment.html
r	lRSc	1	4951	6	0.000	/banditomav.html
r	lRSc	1	4774	6	0.000	/gtatexan.html
r	lRSc	1	2903	6	0.000	/uploads/idrone-pressrelease-powell-version220119.pdf
r	lRSc	1	5074	6	0.000	/uavengines.html
r	lRSc	1	33452	5	0.000	/indnews.html
r	lRSc	2	141	0	0.000	/indnews.html?referer=www.clickfind.com.au/wp-login.php
r	lRSc	2	1	0	0.000	/indnews.html?referer=top1.co.pl
r	lRSc	2	1	0	0.000	/indnews.html?referer=www.clickfind.com.au//wp-content/themes/busybee/thumb.php?src=http://blogger.com.opontodaarte.com.br/java.php
r	lRSc	1	1968	5	0.000	/uploads/droneexpojan2022+(1).pdf
r	lRSc	1	2003	3	0.000	/uploads/big+horn+basin+drone+festival+event+schedule.pdf
r	lRSc	1	1962	2	0.000	/uploads/bighornbasindronefestivalflyer-v2-220110.pdf
r	lRSc	1	1540	2	0.000	/uploads/2022wydronefestflyer+rev2.pdf
r	lRSc	1	2	0	0.000	/client/bandit+timeline2004.html
r	lRSc	1	1	0	0.000	/404.htm
r	lRSc	1	12	0	0.000	/client/gta010707002.html
r	lRSc	1	72	0	0.000	/client/bandito+development.html
r	lRSc	1	1	0	0.000	/stats/browserrep.html
r	lRSc	1	741	0	0.000	/gt50t rpas.html
r	lRSc	1	2	0	0.000	/dev/contactus.html
r	lRSc	1	1	0	0.000	/dev/aboutus.html
r	lRSc	1	18	0	0.000	/client/tacamo+development.html
r	lRSc	1	11	0	0.000	/client/rq2+outlaw.html
r	lRSc	1	1	0	0.000	/client/bandit timeline2008.html
r	lRSc	1	15	0	0.000	/client/bandit.html
r	lRSc	1	987	0	0.000	/gtamt.html
r	lRSc	1	2253	0	0.000	/gt1500 rpas.html
r	lRSc	1	4	0	0.000	/client/gta121004001.html
r	lRSc	1	1	0	0.000	/dev/client.cgi
r	lRSc	1	71	0	0.000	/client/bandit+development.html
r	lRSc	1	2	0	0.000	/client/bandito development.html
r	lRSc	1	2	0	0.000	/stats/domain.html
r	lRSc	1	2	0	0.000	/stats/weekly.html
r	lRSc	1	6356	0	0.000	/pridpass.html
r	lRSc	1	1	0	0.000	/dev/pna.html
r	lRSc	1	1	0	0.000	/client/tacamo development.html
r	lRSc	1	4	0	0.000	/stats/index.htm
r	lRSc	1	4	0	0.000	/stats/nav.html
r	lRSc	1	4254	0	0.000	/bandituas.html
r	lRSc	1	2	0	0.000	/stats/directory.html
r	lRSc	1	2	0	0.000	/stats/organisation.html
r	lRSc	1	7	0	0.000	/client/bandit+timeline2007.html
r	lRSc	1	1	0	0.000	/dev/pridpass.html
r	lRSc	1	1	0	0.000	/client/bandito timeline2007.html
r	lRSc	1	1	0	0.000	/stats/quick.html
r	lRSc	1	135	0	0.000	/client/welcome.html
r	lRSc	1	3	0	0.000	/client/gta021305001.html
r	lRSc	1	5	0	0.000	/client/gta012405001.html
r	lRSc	1	4	0	0.000	/stats/general.html
r	lRSc	1	1	0	0.000	/stats/dailyrep.html
r	lRSc	1	1	0	0.000	/client/bandit development.html
r	lRSc	1	17	0	0.000	/client/bandit+timeline2008.html
r	lRSc	1	1	0	0.000	/client/bandito+timeline2005.html
r	lRSc	1	23	0	0.000	/client/projectbids.html
r	lRSc	1	1	0	0.000	/stats/host.html
r	lRSc	1	20	0	0.000	/client/clientpna.html
r	lRSc	1	2	0	0.000	/stats/default.asp
r	lRSc	1	21	0	0.000	/index.htm
r	lRSc	1	1	0	0.000	/cgi-bin/testms.pl
r	lRSc	1	14	0	0.000	/client/rq1+bandit.html
r	lRSc	1	6	0	0.000	/client/gta021305002.html
r	lRSc	1	24	0	0.000	/client/tacamo.html
r	lRSc	1	30	0	0.000	/client/mgqgcyat.asp
r	lRSc	1	18702	0	0.000	/default.asp
r	lRSc	1	1666	0	0.000	/gt380 rpas.html
r	lRSc	1	1	0	0.000	/client/bandito+timeline2006.html
r	lRSc	1	16	0	0.000	/client/rq3+bandito.html
r	lRSc	1	1	0	0.000	/dev/uasfc.html
r	lRSc	1	229	0	0.000	/client.cgi
r	lRSc	1	2	0	0.000	/stats/yearly.html
r	lRSc	1	1	0	0.000	/stats/monthly.html
r	lRSc	1	8	0	0.000	/client/gta010707001.html
r	lRSc	1	3749	0	0.000	/bidspridpass.html
r	lRSc	1	12	0	0.000	/client/bandito.html
r	lRSc	1	1	0	0.000	/stats/quarterly.html
r	lRSc	1	8	0	0.000	/client/bandito+timeline2007.html
t	*f	0.100000%B	b
t	lRb	1	869258	43.756	.jpg  [JPEG graphics]
t	lRb	1	578442	26.229	.html [Hypertext Markup Language]
t	lRb	1	518182	18.517	[directories]
t	lRb	1	10132	5.242	.mp4
t	lRb	1	778	2.157	.wmv
t	lRb	1	87	2.118	.mpg  [MPEG movie]
t	lRb	1	18734	0.911	.asp  [Active Server REQUESTS]
t	lRb	1	91828	0.296	.gif  [GIF graphics]
t	lRb	1	212735	0.254	.js  [JavaScript code]
t	lRb	1	109385	0.225	.css  [Cascading Style Sheets]
t	lRb	1	10376	0.210	.pdf  [Adobe Portable Document Format]
t	lRb	1	44446	0.084	[not listed: 7]
z	*FR	2023	04	05	20	41
z	*LR	2023	05	09	10	03
z	ScR	0	0.000	84837	0
z	ScR	0	0.000	0	1b-  10b
z	ScR	0	0.000	0	11b- 100b
z	ScR	0	0.000	85122	101b-  1kb
z	ScR	0	0.000	509907	1kb- 10kb
z	ScR	0	0.000	352085	10kb-100kb
z	ScR	0	0.000	104639	100kb-  1Mb
z	ScR	0	0.000	4584	1Mb- 10Mb
z	ScR	0	0.000	55	10Mb-100Mb
z	ScR	0	0.000	13	100Mb-  1Gb
c	*FR	2014	03	02	13	52
c	*LR	2025	01	14	05	59
c	*f	0R	a
c	R	2311452	200 OK
c	R	23269	206 Partial content
c	R	212	301 Document moved permanently
c	R	77	302 Document found elsewhere
c	R	129662	304 Not modified since last retrieval
c	R	1942	400 Bad request
c	R	207	401 Authentication required
c	R	1411	403 Access forbidden
c	R	1150644	404 Document not found
c	R	3034	405 Method not allowed
c	R	1351	406 Document not acceptable to client
c	R	141	416 Requested range not valid
c	R	624	500 Internal server error
c	R	128	501 Request type not supported
I	*FR	2007	12	11	00	52
I	*LR	2025	01	14	05	16
I	*f	-30S	s
I	lRS	1	216749	204	/robots.txt
I	lRS	1	2165	19	/backup
I	lRS	1	2734	19	/wordpress
I	lRS	1	2354	19	/home
I	lRS	1	2619	19	/new
I	lRS	1	2649	19	/old
I	lRS	1	1968	19	/bc
I	lRS	1	1969	19	/bk
I	lRS	1	2647	19	/wp
I	lRS	1	2126	19	/main
I	lRS	1	12610	13	/ads.txt
I	lRS	1	5114	11	/.env
I	lRS	1	542	8	/sftp-config.json
I	lRS	1	830	8	/images/bme+110+muffler+and+ignition.jpg
I	lRS	1	836	8	/images/sbandit+powerplant+2.jpg
I	lRS	1	970	7	/images/rq3b+005+006.jpg
I	lRS	1	383	7	/images/extreme2.jpg
I	lRS	1	999	7	/images/rq3b+005+006a.jpg
I	lRS	1	177	6	/wp-content/themes/include.php
I	lRS	1	574	6	/.vscode/sftp.json
I	lRS	1	763	6	/images/gta2+at-6+photo.jpg
I	lRS	1	12	6	/uploads.action
I	lRS	1	747	6	/images/at-6+kit+contents+2+small.jpg
I	lRS	1	790	6	/images/at-6+kit+contents+1+small.jpg
I	lRS	1	596	5	/wp-content/plugins/wordpresscore/include.php
I	lRS	1	65	5	/gtaeronautics.zip
I	lRS	1	5955	4	/xmlrpc.php
I	lRS	1	10872	4	/wp-login.php
I	lRS	1	570	4	/m/
I	lRS	1	104	3	/static/images/nopic.png
I	lRS	1	877796	652	[not listed: 34011]
L	*FR	2007	12	11	00	52
L	*LR	2025	01	14	05	16
L	*f	-20S	s
L	RS	1585	317	23.91.96.10
L	RS	1208	155	193.41.206.36
L	RS	171	54	18.222.129.46
L	RS	38	38	194.165.16.46
L	RS	180	36	18.216.144.222
L	RS	54	36	18.217.0.212
L	RS	126	27	3.144.180.126
L	RS	36	18	152.42.230.46
L	RS	18	18	3.8.127.179
L	RS	85	17	160.191.215.219
L	RS	98	17	170.205.31.106
L	RS	66	17	111.68.1.162
L	RS	17	17	35.188.124.16
L	RS	28	14	188.166.253.115
L	RS	116	14	143.110.235.111
L	RS	1374	9	66.249.66.197
L	RS	1886	7	156.59.198.135
L	RS	1368	7	66.249.66.74
L	RS	12	6	15.237.24.196
L	RS	261	6	157.55.39.223
L	RS	1150755	327	[not listed: 91839]
K	*FR	2013	12	22	04	20
K	*LR	2025	01	14	01	56
K	*f	-30S	s
K	lRS	1	1271	18	http://www.gtaeronautics.com/gtaTexan.html
K	lRS	1	171	18	http://www.gtaeronautics.com/UAVengines.html
K	lRS	1	1305	12	http://www.gtaeronautics.com/BANDITOMAV.html
K	lRS	1	39	3	http://gtaeronautics.com/m/
K	lRS	1	51	3	http://gtaeronautics.com/api/user/ismustmobile
K	lRS	1	22	2	http://gtaeronautics.com/h5/
K	lRS	1	40	2	http://gtaeronautics.com/app/
K	lRS	1	21	2	http://www.gtaeronautics.com/plug/vote/plug.xml
K	lRS	1	1385	2	https://www.google.com/
K	lRS	1	34	2	http://gtaeronautics.com/api
K	lRS	1	17	1	http://gtaeronautics.com/mobile/login.html
K	lRS	1	17	1	http://gtaeronautics.com/biz/server/config
K	lRS	1	17	1	http://gtaeronautics.com/api/index/webconfig
K	lRS	1	5	1	http://gtaeronautics.com/api/v/index/queryOfficePage%3FofficeCode%3DcustomHomeLink
K	lRS	1	5	1	http://gtaeronautics.com/aktv/img/nyyh/chkjs.js
K	lRS	1	5	1	http://gtaeronautics.com/wx/static/css/style.css
K	lRS	1	17	1	http://gtaeronautics.com/site/info
K	lRS	1	17	1	http://gtaeronautics.com/static/css/common.css
K	lRS	1	18	1	http://gtaeronautics.com/wap/
K	lRS	1	17	1	http://gtaeronautics.com/phone/images/icon_01.png
K	lRS	1	5	1	http://gtaeronautics.com/public/api/index/config
K	lRS	1	5	1	http://gtaeronautics.com/bg.png
K	lRS	1	17	1	http://gtaeronautics.com/Public/css/errorCss.css
K	lRS	1	5	1	http://gtaeronautics.com/api/ping
K	lRS	1	5	1	http://gtaeronautics.com/mobile/index/home
K	lRS	1	5	1	http://gtaeronautics.com/qs/
K	lRS	1	17	1	http://gtaeronautics.com/Public/home/js/check.js
K	lRS	1	5	1	http://gtaeronautics.com/api/system/notice/find
K	lRS	1	5	1	http://gtaeronautics.com/api/product/getPointStore
K	lRS	1	5	1	http://gtaeronautics.com/setting/global
K	lRS	1	118054	287	[not listed: 7971]
E	*FR	2008	01	06	10	12
E	*LR	2024	12	10	16	04
E	*f	-30S	s
E	lSR	1	0	289	[not listed: 7]
l	*FR	2008	01	06	10	12
l	*LR	2024	12	10	16	04
l	*f	-20S	s
l	SR	0	289	[not listed: 121]
v	*f	-20B	b
v	Rb	1806968	65.103	64.41.87.40
v	Rb	657415	34.897	66.113.131.59
R	*FR	2008	01	06	10	12
R	*LR	2024	12	10	16	04
R	*f	-20R	r
R	R	178	66.113.131.59
R	R	111	64.41.87.40
M	*FR	2007	12	11	00	52
M	*LR	2025	01	14	05	16
M	*f	-20R	r
M	R	856876	64.41.87.40
M	R	302606	66.113.131.59
J	*FR	2007	12	11	00	53
J	*LR	2017	03	17	18	30
J	*f	-20R	r
J	R	9	gtaeronautics
J	R	5	lorrigkj
J	R	1	rullma2063
J	R	1	administrator
J	R	1	satish
J	R	1	nnnnn
P	*FR	2024	04	17	09	27
P	*LR	2025	01	14	05	59
P	R	230	0
P	R	345	<= 0.01
P	R	5513	0.01-0.02
P	R	237371	0.02-0.05
P	R	279496	0.05-0.1 
P	R	376976	0.1 -0.2 
P	R	431470	0.2 -0.5 
P	R	215247	0.5 -1   
P	R	119836	1-  2 
P	R	47536	2-  5 
P	R	19497	5- 10 
P	R	10331	10- 20 
P	R	42034	20- 60 
P	R	4344	60-120 
P	R	16626	120-300 
