x	VE	analog 5.24
x	HN	gtaeronautics.com
x	PS	2025	01	04	02	36
x	FR	2007	12	18	17	05
x	LR	2025	01	03	05	52
x	E7	2025	01	04	02	36
x	SR	2440385
x	S7	6030
x	NC	770703
x	C7	0
x	FL	1151154
x	F7	663
x	RR	289
x	R7	0
x	NH	121277
x	H7	318
x	BT	57520368399
x	B7	0
1	Rr	1128	0.046	2025
1	Rr	835051	34.218	2024
1	Rr	511208	20.948	2023
1	Rr	82334	3.374	2022
1	Rr	98917	4.053	2021
1	Rr	89380	3.663	2020
1	Rr	80088	3.282	2019
1	Rr	68927	2.824	2018
1	Rr	60168	2.466	2017
1	Rr	73316	3.004	2016
1	Rr	80796	3.311	2015
1	Rr	110773	4.539	2014
1	Rr	65173	2.671	2013
1	Rr	60742	2.489	2012
1	Rr	57015	2.336	2011
1	Rr	22139	0.907	2010
1	Rr	69710	2.857	2009
1	Rr	71820	2.943	2008
1	Rr	1700	0.070	2007
1	*BT	R	835051	2024
Q	Rr	1128	0.046	2025	1
Q	Rr	200829	8.229	2024	4
Q	Rr	220334	9.029	2024	3
Q	Rr	204456	8.378	2024	2
Q	Rr	209432	8.582	2024	1
Q	Rr	182268	7.469	2023	4
Q	Rr	165939	6.800	2023	3
Q	Rr	135306	5.544	2023	2
Q	Rr	27695	1.135	2023	1
Q	Rr	20307	0.832	2022	4
Q	Rr	20362	0.834	2022	3
Q	Rr	21795	0.893	2022	2
Q	Rr	19870	0.814	2022	1
Q	Rr	21154	0.867	2021	4
Q	Rr	26826	1.099	2021	3
Q	Rr	30675	1.257	2021	2
Q	Rr	20262	0.830	2021	1
Q	Rr	22199	0.910	2020	4
Q	Rr	23882	0.979	2020	3
Q	Rr	21656	0.887	2020	2
Q	Rr	21643	0.887	2020	1
Q	Rr	19098	0.783	2019	4
Q	Rr	19668	0.806	2019	3
Q	Rr	19827	0.812	2019	2
Q	Rr	21495	0.881	2019	1
Q	Rr	18129	0.743	2018	4
Q	Rr	17138	0.702	2018	3
Q	Rr	16928	0.694	2018	2
Q	Rr	16732	0.686	2018	1
Q	Rr	15937	0.653	2017	4
Q	Rr	0	0.000	2017	3
Q	Rr	16831	0.690	2017	2
Q	Rr	27400	1.123	2017	1
Q	Rr	22114	0.906	2016	4
Q	Rr	17621	0.722	2016	3
Q	Rr	15878	0.651	2016	2
Q	Rr	17703	0.725	2016	1
Q	Rr	16575	0.679	2015	4
Q	Rr	22104	0.906	2015	3
Q	Rr	22485	0.921	2015	2
Q	Rr	19632	0.804	2015	1
Q	Rr	21142	0.866	2014	4
Q	Rr	22272	0.913	2014	3
Q	Rr	31453	1.289	2014	2
Q	Rr	35906	1.471	2014	1
Q	Rr	16436	0.674	2013	4
Q	Rr	15216	0.624	2013	3
Q	Rr	16545	0.678	2013	2
Q	Rr	16976	0.696	2013	1
Q	Rr	16578	0.679	2012	4
Q	Rr	12511	0.513	2012	3
Q	Rr	15816	0.648	2012	2
Q	Rr	15837	0.649	2012	1
Q	Rr	15444	0.633	2011	4
Q	Rr	17386	0.712	2011	3
Q	Rr	9395	0.385	2011	2
Q	Rr	14790	0.606	2011	1
Q	Rr	1603	0.066	2010	4
Q	Rr	0	0.000	2010	3
Q	Rr	14047	0.576	2010	2
Q	Rr	6489	0.266	2010	1
Q	Rr	16350	0.670	2009	4
Q	Rr	18220	0.747	2009	3
Q	Rr	17115	0.701	2009	2
Q	Rr	18025	0.739	2009	1
Q	Rr	15905	0.652	2008	4
Q	Rr	15660	0.642	2008	3
Q	Rr	22448	0.920	2008	2
Q	Rr	17807	0.730	2008	1
Q	Rr	1700	0.070	2007	4
Q	*BT	R	220334	2024	3
m	Rr	1128	0.046	2025	01
m	Rr	56574	2.318	2024	12
m	Rr	63975	2.622	2024	11
m	Rr	80280	3.290	2024	10
m	Rr	73644	3.018	2024	09
m	Rr	72041	2.952	2024	08
m	Rr	74649	3.059	2024	07
m	Rr	69378	2.843	2024	06
m	Rr	72365	2.965	2024	05
m	Rr	62713	2.570	2024	04
m	Rr	66782	2.737	2024	03
m	Rr	68592	2.811	2024	02
m	Rr	74058	3.035	2024	01
m	Rr	54270	2.224	2023	12
m	Rr	61278	2.511	2023	11
m	Rr	66720	2.734	2023	10
m	Rr	51132	2.095	2023	09
m	Rr	54561	2.236	2023	08
m	Rr	60246	2.469	2023	07
m	Rr	66204	2.713	2023	06
m	Rr	60120	2.464	2023	05
m	Rr	8982	0.368	2023	04
m	Rr	10848	0.445	2023	03
m	Rr	8360	0.343	2023	02
m	Rr	8487	0.348	2023	01
m	Rr	6950	0.285	2022	12
m	Rr	6349	0.260	2022	11
m	Rr	7008	0.287	2022	10
m	Rr	6740	0.276	2022	09
m	Rr	6863	0.281	2022	08
m	Rr	6759	0.277	2022	07
m	Rr	6567	0.269	2022	06
m	Rr	8427	0.345	2022	05
m	Rr	6801	0.279	2022	04
m	Rr	6380	0.261	2022	03
m	Rr	6175	0.253	2022	02
m	Rr	7315	0.300	2022	01
m	Rr	7667	0.314	2021	12
m	Rr	7097	0.291	2021	11
m	Rr	6390	0.262	2021	10
m	Rr	6059	0.248	2021	09
m	Rr	9092	0.373	2021	08
m	Rr	11675	0.478	2021	07
m	Rr	10152	0.416	2021	06
m	Rr	10231	0.419	2021	05
m	Rr	10292	0.422	2021	04
m	Rr	7948	0.326	2021	03
m	Rr	5800	0.238	2021	02
m	Rr	6514	0.267	2021	01
m	Rr	8069	0.331	2020	12
m	Rr	6579	0.270	2020	11
m	Rr	7551	0.309	2020	10
m	Rr	8028	0.329	2020	09
m	Rr	7741	0.317	2020	08
m	Rr	8113	0.332	2020	07
m	Rr	7317	0.300	2020	06
m	Rr	6898	0.283	2020	05
m	Rr	7441	0.305	2020	04
m	Rr	7524	0.308	2020	03
m	Rr	7322	0.300	2020	02
m	Rr	6797	0.279	2020	01
m	Rr	6573	0.269	2019	12
m	Rr	5917	0.242	2019	11
m	Rr	6608	0.271	2019	10
m	Rr	6791	0.278	2019	09
m	Rr	6597	0.270	2019	08
m	Rr	6280	0.257	2019	07
m	Rr	6317	0.259	2019	06
m	Rr	6847	0.281	2019	05
m	Rr	6663	0.273	2019	04
m	Rr	7059	0.289	2019	03
m	Rr	6374	0.261	2019	02
m	Rr	8062	0.330	2019	01
m	Rr	6957	0.285	2018	12
m	Rr	5422	0.222	2018	11
m	Rr	5750	0.236	2018	10
m	Rr	5458	0.224	2018	09
m	Rr	5735	0.235	2018	08
m	Rr	5945	0.244	2018	07
m	Rr	7110	0.291	2018	06
m	Rr	6440	0.264	2018	05
m	Rr	3378	0.138	2018	04
m	Rr	5789	0.237	2018	03
m	Rr	5369	0.220	2018	02
m	Rr	5574	0.228	2018	01
m	Rr	3906	0.160	2017	12
m	Rr	6533	0.268	2017	11
m	Rr	5498	0.225	2017	10
m	Rr	0	0.000	2017	09
m	Rr	0	0.000	2017	08
m	Rr	0	0.000	2017	07
m	Rr	0	0.000	2017	06
m	Rr	6832	0.280	2017	05
m	Rr	9999	0.410	2017	04
m	Rr	11887	0.487	2017	03
m	Rr	7941	0.325	2017	02
m	Rr	7572	0.310	2017	01
m	Rr	9483	0.389	2016	12
m	Rr	7121	0.292	2016	11
m	Rr	5510	0.226	2016	10
m	Rr	6288	0.258	2016	09
m	Rr	5888	0.241	2016	08
m	Rr	5445	0.223	2016	07
m	Rr	5042	0.207	2016	06
m	Rr	5495	0.225	2016	05
m	Rr	5341	0.219	2016	04
m	Rr	5558	0.228	2016	03
m	Rr	5548	0.227	2016	02
m	Rr	6597	0.270	2016	01
m	Rr	5574	0.228	2015	12
m	Rr	5330	0.218	2015	11
m	Rr	5671	0.232	2015	10
m	Rr	6196	0.254	2015	09
m	Rr	6788	0.278	2015	08
m	Rr	9120	0.374	2015	07
m	Rr	7156	0.293	2015	06
m	Rr	5694	0.233	2015	05
m	Rr	9635	0.395	2015	04
m	Rr	6215	0.255	2015	03
m	Rr	6084	0.249	2015	02
m	Rr	7333	0.300	2015	01
m	Rr	6608	0.271	2014	12
m	Rr	6997	0.287	2014	11
m	Rr	7537	0.309	2014	10
m	Rr	7043	0.289	2014	09
m	Rr	7324	0.300	2014	08
m	Rr	7905	0.324	2014	07
m	Rr	11654	0.478	2014	06
m	Rr	9211	0.377	2014	05
m	Rr	10588	0.434	2014	04
m	Rr	7817	0.320	2014	03
m	Rr	15229	0.624	2014	02
m	Rr	12860	0.527	2014	01
m	Rr	5325	0.218	2013	12
m	Rr	5513	0.226	2013	11
m	Rr	5598	0.229	2013	10
m	Rr	4655	0.191	2013	09
m	Rr	4938	0.202	2013	08
m	Rr	5623	0.230	2013	07
m	Rr	5492	0.225	2013	06
m	Rr	5211	0.214	2013	05
m	Rr	5842	0.239	2013	04
m	Rr	6068	0.249	2013	03
m	Rr	5055	0.207	2013	02
m	Rr	5853	0.240	2013	01
m	Rr	5688	0.233	2012	12
m	Rr	5477	0.224	2012	11
m	Rr	5413	0.222	2012	10
m	Rr	4331	0.177	2012	09
m	Rr	3866	0.158	2012	08
m	Rr	4314	0.177	2012	07
m	Rr	4655	0.191	2012	06
m	Rr	6047	0.248	2012	05
m	Rr	5114	0.210	2012	04
m	Rr	6128	0.251	2012	03
m	Rr	5430	0.223	2012	02
m	Rr	4279	0.175	2012	01
m	Rr	5548	0.227	2011	12
m	Rr	4779	0.196	2011	11
m	Rr	5117	0.210	2011	10
m	Rr	5431	0.223	2011	09
m	Rr	6256	0.256	2011	08
m	Rr	5699	0.234	2011	07
m	Rr	5420	0.222	2011	06
m	Rr	3975	0.163	2011	05
m	Rr	0	0.000	2011	04
m	Rr	3608	0.148	2011	03
m	Rr	5171	0.212	2011	02
m	Rr	6011	0.246	2011	01
m	Rr	1603	0.066	2010	12
m	Rr	0	0.000	2010	11
m	Rr	0	0.000	2010	10
m	Rr	0	0.000	2010	09
m	Rr	0	0.000	2010	08
m	Rr	0	0.000	2010	07
m	Rr	4101	0.168	2010	06
m	Rr	5018	0.206	2010	05
m	Rr	4928	0.202	2010	04
m	Rr	5095	0.209	2010	03
m	Rr	1394	0.057	2010	02
m	Rr	0	0.000	2010	01
m	Rr	4665	0.191	2009	12
m	Rr	6187	0.254	2009	11
m	Rr	5498	0.225	2009	10
m	Rr	5066	0.208	2009	09
m	Rr	5718	0.234	2009	08
m	Rr	7436	0.305	2009	07
m	Rr	5685	0.233	2009	06
m	Rr	6120	0.251	2009	05
m	Rr	5310	0.218	2009	04
m	Rr	5515	0.226	2009	03
m	Rr	6123	0.251	2009	02
m	Rr	6387	0.262	2009	01
m	Rr	5763	0.236	2008	12
m	Rr	5420	0.222	2008	11
m	Rr	4722	0.193	2008	10
m	Rr	5435	0.223	2008	09
m	Rr	4843	0.198	2008	08
m	Rr	5382	0.221	2008	07
m	Rr	6082	0.249	2008	06
m	Rr	9946	0.408	2008	05
m	Rr	6420	0.263	2008	04
m	Rr	5431	0.223	2008	03
m	Rr	6469	0.265	2008	02
m	Rr	5907	0.242	2008	01
m	Rr	1700	0.070	2007	12
m	*BT	R	80280	2024	10
W	Rr	4834	0.198	2024	12	29
W	Rr	11414	0.468	2024	12	22
W	Rr	15924	0.653	2024	12	15
W	Rr	12318	0.505	2024	12	08
W	Rr	13212	0.541	2024	12	01
W	Rr	14492	0.594	2024	11	24
W	Rr	14773	0.605	2024	11	17
W	Rr	15900	0.652	2024	11	10
W	Rr	15042	0.616	2024	11	03
W	Rr	14430	0.591	2024	10	27
W	Rr	20382	0.835	2024	10	20
W	Rr	20310	0.832	2024	10	13
W	Rr	17544	0.719	2024	10	06
W	Rr	16788	0.688	2024	09	29
W	Rr	16014	0.656	2024	09	22
W	Rr	17958	0.736	2024	09	15
W	Rr	18306	0.750	2024	09	08
W	Rr	15960	0.654	2024	09	01
W	Rr	18348	0.752	2024	08	25
W	Rr	15726	0.644	2024	08	18
W	Rr	14490	0.594	2024	08	11
W	Rr	15707	0.644	2024	08	04
W	Rr	17598	0.721	2024	07	28
W	Rr	15120	0.620	2024	07	21
W	Rr	14667	0.601	2024	07	14
W	Rr	18810	0.771	2024	07	07
W	Rr	18384	0.753	2024	06	30
W	Rr	16152	0.662	2024	06	23
W	Rr	16674	0.683	2024	06	16
W	Rr	13122	0.538	2024	06	09
W	Rr	18264	0.748	2024	06	02
W	Rr	17766	0.728	2024	05	26
W	Rr	14970	0.613	2024	05	19
W	Rr	14346	0.588	2024	05	12
W	Rr	17520	0.718	2024	05	05
W	Rr	17624	0.722	2024	04	28
W	Rr	15605	0.639	2024	04	21
W	Rr	14394	0.590	2024	04	14
W	Rr	13500	0.553	2024	04	07
W	Rr	13599	0.557	2024	03	31
W	Rr	16024	0.657	2024	03	24
W	Rr	14040	0.575	2024	03	17
W	Rr	16854	0.691	2024	03	10
W	Rr	15624	0.640	2024	03	03
W	Rr	17778	0.728	2024	02	25
W	Rr	13428	0.550	2024	02	18
W	Rr	16572	0.679	2024	02	11
W	Rr	17070	0.699	2024	02	04
W	Rr	26220	1.074	2024	01	28
W	Rr	14730	0.604	2024	01	21
W	Rr	13098	0.537	2024	01	14
W	Rr	15324	0.628	2024	01	07
W	Rr	12552	0.514	2023	12	31
W	Rr	11406	0.467	2023	12	24
W	Rr	11184	0.458	2023	12	17
W	Rr	13956	0.572	2023	12	10
W	Rr	13644	0.559	2023	12	03
W	Rr	12390	0.508	2023	11	26
W	Rr	11682	0.479	2023	11	19
W	Rr	15756	0.646	2023	11	12
W	Rr	16596	0.680	2023	11	05
W	Rr	16104	0.660	2023	10	29
W	Rr	13980	0.573	2023	10	22
W	Rr	15450	0.633	2023	10	15
W	Rr	14713	0.603	2023	10	08
W	Rr	14285	0.585	2023	10	01
W	Rr	14478	0.593	2023	09	24
W	Rr	11904	0.488	2023	09	17
W	Rr	10968	0.449	2023	09	10
W	Rr	10482	0.430	2023	09	03
W	Rr	10800	0.443	2023	08	27
W	Rr	14568	0.597	2023	08	20
W	Rr	12504	0.512	2023	08	13
W	Rr	12076	0.495	2023	08	06
W	Rr	10997	0.451	2023	07	30
W	Rr	13392	0.549	2023	07	23
W	Rr	13224	0.542	2023	07	16
W	Rr	16128	0.661	2023	07	09
W	Rr	13356	0.547	2023	07	02
W	Rr	12558	0.515	2023	06	25
W	Rr	17082	0.700	2023	06	18
W	Rr	16452	0.674	2023	06	11
W	Rr	15336	0.628	2023	06	04
W	Rr	13482	0.552	2023	05	28
W	Rr	16248	0.666	2023	05	21
W	Rr	15078	0.618	2023	05	14
W	Rr	17181	0.704	2023	05	07
W	Rr	4282	0.175	2023	04	30
W	Rr	2458	0.101	2023	04	23
W	Rr	2269	0.093	2023	04	16
W	Rr	1553	0.064	2023	04	09
W	Rr	2389	0.098	2023	04	02
W	Rr	1701	0.070	2023	03	26
W	Rr	1943	0.080	2023	03	19
W	Rr	2225	0.091	2023	03	12
W	Rr	2192	0.090	2023	03	05
W	Rr	4055	0.166	2023	02	26
W	Rr	2406	0.099	2023	02	19
W	Rr	1898	0.078	2023	02	12
W	Rr	1890	0.077	2023	02	05
W	Rr	1861	0.076	2023	01	29
W	Rr	1686	0.069	2023	01	22
W	Rr	1779	0.073	2023	01	15
W	Rr	1833	0.075	2023	01	08
W	Rr	2226	0.091	2023	01	01
W	Rr	1280	0.052	2022	12	25
W	Rr	1806	0.074	2022	12	18
W	Rr	1773	0.073	2022	12	11
W	Rr	1532	0.063	2022	12	04
W	Rr	1586	0.065	2022	11	27
W	Rr	1093	0.045	2022	11	20
W	Rr	1366	0.056	2022	11	13
W	Rr	1972	0.081	2022	11	06
W	Rr	1396	0.057	2022	10	30
W	Rr	1547	0.063	2022	10	23
W	Rr	1641	0.067	2022	10	16
W	Rr	1747	0.072	2022	10	09
W	Rr	1568	0.064	2022	10	02
W	Rr	1379	0.057	2022	09	25
W	Rr	1695	0.069	2022	09	18
W	Rr	1701	0.070	2022	09	11
W	Rr	1568	0.064	2022	09	04
W	Rr	1562	0.064	2022	08	28
W	Rr	1488	0.061	2022	08	21
W	Rr	1646	0.067	2022	08	14
W	Rr	1430	0.059	2022	08	07
W	Rr	1446	0.059	2022	07	31
W	Rr	1383	0.057	2022	07	24
W	Rr	1661	0.068	2022	07	17
W	Rr	1478	0.061	2022	07	10
W	Rr	1711	0.070	2022	07	03
W	Rr	1804	0.074	2022	06	26
W	Rr	1298	0.053	2022	06	19
W	Rr	1407	0.058	2022	06	12
W	Rr	1396	0.057	2022	06	05
W	Rr	1638	0.067	2022	05	29
W	Rr	1724	0.071	2022	05	22
W	Rr	2427	0.099	2022	05	15
W	Rr	2100	0.086	2022	05	08
W	Rr	1414	0.058	2022	05	01
W	Rr	1865	0.076	2022	04	24
W	Rr	1381	0.057	2022	04	17
W	Rr	1630	0.067	2022	04	10
W	Rr	1670	0.068	2022	04	03
W	Rr	1588	0.065	2022	03	27
W	Rr	1204	0.049	2022	03	20
W	Rr	1350	0.055	2022	03	13
W	Rr	1488	0.061	2022	03	06
W	Rr	1368	0.056	2022	02	27
W	Rr	1481	0.061	2022	02	20
W	Rr	1657	0.068	2022	02	13
W	Rr	1518	0.062	2022	02	06
W	Rr	1787	0.073	2022	01	30
W	Rr	2021	0.083	2022	01	23
W	Rr	1429	0.059	2022	01	16
W	Rr	1693	0.069	2022	01	09
W	Rr	1541	0.063	2022	01	02
W	Rr	1311	0.054	2021	12	26
W	Rr	1839	0.075	2021	12	19
W	Rr	1732	0.071	2021	12	12
W	Rr	2001	0.082	2021	12	05
W	Rr	1641	0.067	2021	11	28
W	Rr	1615	0.066	2021	11	21
W	Rr	1673	0.069	2021	11	14
W	Rr	1625	0.067	2021	11	07
W	Rr	1523	0.062	2021	10	31
W	Rr	1562	0.064	2021	10	24
W	Rr	1474	0.060	2021	10	17
W	Rr	1349	0.055	2021	10	10
W	Rr	1615	0.066	2021	10	03
W	Rr	1598	0.065	2021	09	26
W	Rr	1646	0.067	2021	09	19
W	Rr	1203	0.049	2021	09	12
W	Rr	1106	0.045	2021	09	05
W	Rr	1383	0.057	2021	08	29
W	Rr	1685	0.069	2021	08	22
W	Rr	2071	0.085	2021	08	15
W	Rr	2279	0.093	2021	08	08
W	Rr	2374	0.097	2021	08	01
W	Rr	2543	0.104	2021	07	25
W	Rr	2843	0.116	2021	07	18
W	Rr	2777	0.114	2021	07	11
W	Rr	2756	0.113	2021	07	04
W	Rr	2524	0.103	2021	06	27
W	Rr	2466	0.101	2021	06	20
W	Rr	2262	0.093	2021	06	13
W	Rr	2264	0.093	2021	06	06
W	Rr	2101	0.086	2021	05	30
W	Rr	3009	0.123	2021	05	23
W	Rr	1989	0.082	2021	05	16
W	Rr	2386	0.098	2021	05	09
W	Rr	2138	0.088	2021	05	02
W	Rr	1668	0.068	2021	04	25
W	Rr	2413	0.099	2021	04	18
W	Rr	3035	0.124	2021	04	11
W	Rr	2709	0.111	2021	04	04
W	Rr	1942	0.080	2021	03	28
W	Rr	1666	0.068	2021	03	21
W	Rr	1476	0.060	2021	03	14
W	Rr	1713	0.070	2021	03	07
W	Rr	1777	0.073	2021	02	28
W	Rr	1173	0.048	2021	02	21
W	Rr	1101	0.045	2021	02	14
W	Rr	1699	0.070	2021	02	07
W	Rr	1867	0.077	2021	01	31
W	Rr	1404	0.058	2021	01	24
W	Rr	1564	0.064	2021	01	17
W	Rr	1431	0.059	2021	01	10
W	Rr	1666	0.068	2021	01	03
W	Rr	1926	0.079	2020	12	27
W	Rr	1572	0.064	2020	12	20
W	Rr	1404	0.058	2020	12	13
W	Rr	2272	0.093	2020	12	06
W	Rr	1522	0.062	2020	11	29
W	Rr	1722	0.071	2020	11	22
W	Rr	1580	0.065	2020	11	15
W	Rr	1401	0.057	2020	11	08
W	Rr	1499	0.061	2020	11	01
W	Rr	1470	0.060	2020	10	25
W	Rr	2379	0.097	2020	10	18
W	Rr	1559	0.064	2020	10	11
W	Rr	1729	0.071	2020	10	04
W	Rr	1674	0.069	2020	09	27
W	Rr	1786	0.073	2020	09	20
W	Rr	2200	0.090	2020	09	13
W	Rr	1677	0.069	2020	09	06
W	Rr	1596	0.065	2020	08	30
W	Rr	1833	0.075	2020	08	23
W	Rr	1814	0.074	2020	08	16
W	Rr	2206	0.090	2020	08	09
W	Rr	1397	0.057	2020	08	02
W	Rr	1816	0.074	2020	07	26
W	Rr	1949	0.080	2020	07	19
W	Rr	1532	0.063	2020	07	12
W	Rr	1976	0.081	2020	07	05
W	Rr	1600	0.066	2020	06	28
W	Rr	1627	0.067	2020	06	21
W	Rr	2101	0.086	2020	06	14
W	Rr	1590	0.065	2020	06	07
W	Rr	1492	0.061	2020	05	31
W	Rr	1556	0.064	2020	05	24
W	Rr	1756	0.072	2020	05	17
W	Rr	1568	0.064	2020	05	10
W	Rr	1567	0.064	2020	05	03
W	Rr	1734	0.071	2020	04	26
W	Rr	1675	0.069	2020	04	19
W	Rr	1702	0.070	2020	04	12
W	Rr	1965	0.081	2020	04	05
W	Rr	1329	0.054	2020	03	29
W	Rr	1818	0.074	2020	03	22
W	Rr	1345	0.055	2020	03	15
W	Rr	1581	0.065	2020	03	08
W	Rr	2014	0.083	2020	03	01
W	Rr	1942	0.080	2020	02	23
W	Rr	1748	0.072	2020	02	16
W	Rr	1949	0.080	2020	02	09
W	Rr	1683	0.069	2020	02	02
W	Rr	1436	0.059	2020	01	26
W	Rr	1792	0.073	2020	01	19
W	Rr	1519	0.062	2020	01	12
W	Rr	1420	0.058	2020	01	05
W	Rr	1109	0.045	2019	12	29
W	Rr	1023	0.042	2019	12	22
W	Rr	1584	0.065	2019	12	15
W	Rr	1783	0.073	2019	12	08
W	Rr	1704	0.070	2019	12	01
W	Rr	1178	0.048	2019	11	24
W	Rr	1697	0.070	2019	11	17
W	Rr	1510	0.062	2019	11	10
W	Rr	1383	0.057	2019	11	03
W	Rr	1309	0.054	2019	10	27
W	Rr	1473	0.060	2019	10	20
W	Rr	1519	0.062	2019	10	13
W	Rr	1485	0.061	2019	10	06
W	Rr	1416	0.058	2019	09	29
W	Rr	1499	0.061	2019	09	22
W	Rr	1652	0.068	2019	09	15
W	Rr	1710	0.070	2019	09	08
W	Rr	1485	0.061	2019	09	01
W	Rr	1689	0.069	2019	08	25
W	Rr	1315	0.054	2019	08	18
W	Rr	1619	0.066	2019	08	11
W	Rr	1558	0.064	2019	08	04
W	Rr	1360	0.056	2019	07	28
W	Rr	1191	0.049	2019	07	21
W	Rr	1730	0.071	2019	07	14
W	Rr	1299	0.053	2019	07	07
W	Rr	1339	0.055	2019	06	30
W	Rr	1592	0.065	2019	06	23
W	Rr	1497	0.061	2019	06	16
W	Rr	1450	0.059	2019	06	09
W	Rr	1555	0.064	2019	06	02
W	Rr	1289	0.053	2019	05	26
W	Rr	1863	0.076	2019	05	19
W	Rr	1385	0.057	2019	05	12
W	Rr	1553	0.064	2019	05	05
W	Rr	1655	0.068	2019	04	28
W	Rr	1282	0.053	2019	04	21
W	Rr	1503	0.062	2019	04	14
W	Rr	1623	0.067	2019	04	07
W	Rr	1715	0.070	2019	03	31
W	Rr	1882	0.077	2019	03	24
W	Rr	1464	0.060	2019	03	17
W	Rr	1381	0.057	2019	03	10
W	Rr	1627	0.067	2019	03	03
W	Rr	1773	0.073	2019	02	24
W	Rr	1669	0.068	2019	02	17
W	Rr	1483	0.061	2019	02	10
W	Rr	1391	0.057	2019	02	03
W	Rr	1797	0.074	2019	01	27
W	Rr	1963	0.080	2019	01	20
W	Rr	2029	0.083	2019	01	13
W	Rr	1696	0.069	2019	01	06
W	Rr	1526	0.063	2018	12	30
W	Rr	1226	0.050	2018	12	23
W	Rr	1442	0.059	2018	12	16
W	Rr	1936	0.079	2018	12	09
W	Rr	1809	0.074	2018	12	02
W	Rr	1295	0.053	2018	11	25
W	Rr	1820	0.075	2018	11	18
W	Rr	1802	0.074	2018	11	11
W	Rr	0	0.000	2018	11	04
W	Rr	1473	0.060	2018	10	28
W	Rr	1106	0.045	2018	10	21
W	Rr	1427	0.058	2018	10	14
W	Rr	1214	0.050	2018	10	07
W	Rr	1168	0.048	2018	09	30
W	Rr	1420	0.058	2018	09	23
W	Rr	1197	0.049	2018	09	16
W	Rr	1388	0.057	2018	09	09
W	Rr	1320	0.054	2018	09	02
W	Rr	1246	0.051	2018	08	26
W	Rr	1214	0.050	2018	08	19
W	Rr	1366	0.056	2018	08	12
W	Rr	1195	0.049	2018	08	05
W	Rr	1346	0.055	2018	07	29
W	Rr	1374	0.056	2018	07	22
W	Rr	1508	0.062	2018	07	15
W	Rr	1522	0.062	2018	07	08
W	Rr	909	0.037	2018	07	01
W	Rr	1444	0.059	2018	06	24
W	Rr	2682	0.110	2018	06	17
W	Rr	1365	0.056	2018	06	10
W	Rr	1329	0.054	2018	06	03
W	Rr	1275	0.052	2018	05	27
W	Rr	1392	0.057	2018	05	20
W	Rr	1321	0.054	2018	05	13
W	Rr	1527	0.063	2018	05	06
W	Rr	1517	0.062	2018	04	29
W	Rr	0	0.000	2018	04	22
W	Rr	1364	0.056	2018	04	15
W	Rr	1712	0.070	2018	04	08
W	Rr	0	0.000	2018	04	01
W	Rr	1543	0.063	2018	03	25
W	Rr	1342	0.055	2018	03	18
W	Rr	2429	0.100	2018	03	11
W	Rr	0	0.000	2018	03	04
W	Rr	1366	0.056	2018	02	25
W	Rr	1308	0.054	2018	02	18
W	Rr	1439	0.059	2018	02	11
W	Rr	1731	0.071	2018	02	04
W	Rr	0	0.000	2018	01	28
W	Rr	1434	0.059	2018	01	21
W	Rr	1578	0.065	2018	01	14
W	Rr	1471	0.060	2018	01	07
W	Rr	1246	0.051	2017	12	31
W	Rr	1033	0.042	2017	12	24
W	Rr	1103	0.045	2017	12	17
W	Rr	1406	0.058	2017	12	10
W	Rr	0	0.000	2017	12	03
W	Rr	1335	0.055	2017	11	26
W	Rr	1427	0.058	2017	11	19
W	Rr	1662	0.068	2017	11	12
W	Rr	1414	0.058	2017	11	05
W	Rr	1349	0.055	2017	10	29
W	Rr	1208	0.050	2017	10	22
W	Rr	2013	0.082	2017	10	15
W	Rr	1832	0.075	2017	10	08
W	Rr	0	0.000	2017	10	01
W	Rr	0	0.000	2017	09	24
W	Rr	0	0.000	2017	09	17
W	Rr	0	0.000	2017	09	10
W	Rr	0	0.000	2017	09	03
W	Rr	0	0.000	2017	08	27
W	Rr	0	0.000	2017	08	20
W	Rr	0	0.000	2017	08	13
W	Rr	0	0.000	2017	08	06
W	Rr	0	0.000	2017	07	30
W	Rr	0	0.000	2017	07	23
W	Rr	0	0.000	2017	07	16
W	Rr	0	0.000	2017	07	09
W	Rr	0	0.000	2017	07	02
W	Rr	0	0.000	2017	06	25
W	Rr	0	0.000	2017	06	18
W	Rr	0	0.000	2017	06	11
W	Rr	0	0.000	2017	06	04
W	Rr	25	0.001	2017	05	28
W	Rr	1838	0.075	2017	05	21
W	Rr	1915	0.078	2017	05	14
W	Rr	1676	0.069	2017	05	07
W	Rr	1677	0.069	2017	04	30
W	Rr	2071	0.085	2017	04	23
W	Rr	1978	0.081	2017	04	16
W	Rr	1874	0.077	2017	04	09
W	Rr	3435	0.141	2017	04	02
W	Rr	2619	0.107	2017	03	26
W	Rr	2633	0.108	2017	03	19
W	Rr	2413	0.099	2017	03	12
W	Rr	3092	0.127	2017	03	05
W	Rr	2295	0.094	2017	02	26
W	Rr	2204	0.090	2017	02	19
W	Rr	1869	0.077	2017	02	12
W	Rr	1973	0.081	2017	02	05
W	Rr	1783	0.073	2017	01	29
W	Rr	1768	0.072	2017	01	22
W	Rr	1585	0.065	2017	01	15
W	Rr	1768	0.072	2017	01	08
W	Rr	1740	0.071	2017	01	01
W	Rr	1549	0.063	2016	12	25
W	Rr	2202	0.090	2016	12	18
W	Rr	1812	0.074	2016	12	11
W	Rr	2648	0.109	2016	12	04
W	Rr	2236	0.092	2016	11	27
W	Rr	1321	0.054	2016	11	20
W	Rr	1996	0.082	2016	11	13
W	Rr	1716	0.070	2016	11	06
W	Rr	1564	0.064	2016	10	30
W	Rr	1362	0.056	2016	10	23
W	Rr	1707	0.070	2016	10	16
W	Rr	1696	0.069	2016	10	09
W	Rr	36	0.001	2016	10	02
W	Rr	2002	0.082	2016	09	25
W	Rr	1399	0.057	2016	09	18
W	Rr	1199	0.049	2016	09	11
W	Rr	1326	0.054	2016	09	04
W	Rr	1316	0.054	2016	08	28
W	Rr	1257	0.052	2016	08	21
W	Rr	1208	0.050	2016	08	14
W	Rr	1602	0.066	2016	08	07
W	Rr	1319	0.054	2016	07	31
W	Rr	1796	0.074	2016	07	24
W	Rr	1171	0.048	2016	07	17
W	Rr	1167	0.048	2016	07	10
W	Rr	917	0.038	2016	07	03
W	Rr	920	0.038	2016	06	26
W	Rr	1179	0.048	2016	06	19
W	Rr	1288	0.053	2016	06	12
W	Rr	1237	0.051	2016	06	05
W	Rr	1263	0.052	2016	05	29
W	Rr	1338	0.055	2016	05	22
W	Rr	1184	0.049	2016	05	15
W	Rr	1365	0.056	2016	05	08
W	Rr	974	0.040	2016	05	01
W	Rr	1311	0.054	2016	04	24
W	Rr	1127	0.046	2016	04	17
W	Rr	1248	0.051	2016	04	10
W	Rr	1451	0.059	2016	04	03
W	Rr	987	0.040	2016	03	27
W	Rr	1233	0.051	2016	03	20
W	Rr	1347	0.055	2016	03	13
W	Rr	1347	0.055	2016	03	06
W	Rr	1236	0.051	2016	02	28
W	Rr	1422	0.058	2016	02	21
W	Rr	1085	0.044	2016	02	14
W	Rr	1427	0.058	2016	02	07
W	Rr	1359	0.056	2016	01	31
W	Rr	1708	0.070	2016	01	24
W	Rr	1476	0.060	2016	01	17
W	Rr	1563	0.064	2016	01	10
W	Rr	1381	0.057	2016	01	03
W	Rr	1273	0.052	2015	12	27
W	Rr	1084	0.044	2015	12	20
W	Rr	1344	0.055	2015	12	13
W	Rr	1336	0.055	2015	12	06
W	Rr	1123	0.046	2015	11	29
W	Rr	960	0.039	2015	11	22
W	Rr	1337	0.055	2015	11	15
W	Rr	1400	0.057	2015	11	08
W	Rr	1383	0.057	2015	11	01
W	Rr	1250	0.051	2015	10	25
W	Rr	1366	0.056	2015	10	18
W	Rr	1367	0.056	2015	10	11
W	Rr	1214	0.050	2015	10	04
W	Rr	1152	0.047	2015	09	27
W	Rr	1387	0.057	2015	09	20
W	Rr	1655	0.068	2015	09	13
W	Rr	1526	0.063	2015	09	06
W	Rr	1242	0.051	2015	08	30
W	Rr	1800	0.074	2015	08	23
W	Rr	1527	0.063	2015	08	16
W	Rr	1386	0.057	2015	08	09
W	Rr	1593	0.065	2015	08	02
W	Rr	1567	0.064	2015	07	26
W	Rr	1980	0.081	2015	07	19
W	Rr	2180	0.089	2015	07	12
W	Rr	2008	0.082	2015	07	05
W	Rr	2297	0.094	2015	06	28
W	Rr	1556	0.064	2015	06	21
W	Rr	1380	0.057	2015	06	14
W	Rr	2013	0.082	2015	06	07
W	Rr	1651	0.068	2015	05	31
W	Rr	1224	0.050	2015	05	24
W	Rr	1355	0.056	2015	05	17
W	Rr	1179	0.048	2015	05	10
W	Rr	1436	0.059	2015	05	03
W	Rr	1671	0.068	2015	04	26
W	Rr	1878	0.077	2015	04	19
W	Rr	2326	0.095	2015	04	12
W	Rr	2636	0.108	2015	04	05
W	Rr	2297	0.094	2015	03	29
W	Rr	1237	0.051	2015	03	22
W	Rr	1453	0.060	2015	03	15
W	Rr	1399	0.057	2015	03	08
W	Rr	1287	0.053	2015	03	01
W	Rr	1249	0.051	2015	02	22
W	Rr	1373	0.056	2015	02	15
W	Rr	1790	0.073	2015	02	08
W	Rr	1672	0.069	2015	02	01
W	Rr	1543	0.063	2015	01	25
W	Rr	1463	0.060	2015	01	18
W	Rr	1696	0.069	2015	01	11
W	Rr	1707	0.070	2015	01	04
W	Rr	1833	0.075	2014	12	28
W	Rr	1335	0.055	2014	12	21
W	Rr	1644	0.067	2014	12	14
W	Rr	1541	0.063	2014	12	07
W	Rr	1335	0.055	2014	11	30
W	Rr	1262	0.052	2014	11	23
W	Rr	2009	0.082	2014	11	16
W	Rr	1566	0.064	2014	11	09
W	Rr	1814	0.074	2014	11	02
W	Rr	1452	0.059	2014	10	26
W	Rr	1642	0.067	2014	10	19
W	Rr	1795	0.074	2014	10	12
W	Rr	1836	0.075	2014	10	05
W	Rr	1662	0.068	2014	09	28
W	Rr	1843	0.076	2014	09	21
W	Rr	1678	0.069	2014	09	14
W	Rr	1598	0.065	2014	09	07
W	Rr	1418	0.058	2014	08	31
W	Rr	1584	0.065	2014	08	24
W	Rr	1571	0.064	2014	08	17
W	Rr	1727	0.071	2014	08	10
W	Rr	1927	0.079	2014	08	03
W	Rr	1691	0.069	2014	07	27
W	Rr	1702	0.070	2014	07	20
W	Rr	1624	0.067	2014	07	13
W	Rr	1831	0.075	2014	07	06
W	Rr	1867	0.077	2014	06	29
W	Rr	1927	0.079	2014	06	22
W	Rr	2134	0.087	2014	06	15
W	Rr	4851	0.199	2014	06	08
W	Rr	2293	0.094	2014	06	01
W	Rr	3180	0.130	2014	05	25
W	Rr	1468	0.060	2014	05	18
W	Rr	1808	0.074	2014	05	11
W	Rr	1998	0.082	2014	05	04
W	Rr	1876	0.077	2014	04	27
W	Rr	2330	0.095	2014	04	20
W	Rr	2565	0.105	2014	04	13
W	Rr	2652	0.109	2014	04	06
W	Rr	2574	0.105	2014	03	30
W	Rr	1186	0.049	2014	03	23
W	Rr	1305	0.053	2014	03	16
W	Rr	2273	0.093	2014	03	09
W	Rr	2231	0.091	2014	03	02
W	Rr	1925	0.079	2014	02	23
W	Rr	7060	0.289	2014	02	16
W	Rr	2854	0.117	2014	02	09
W	Rr	3190	0.131	2014	02	02
W	Rr	3743	0.153	2014	01	26
W	Rr	3643	0.149	2014	01	19
W	Rr	2961	0.121	2014	01	12
W	Rr	2319	0.095	2014	01	05
W	Rr	981	0.040	2013	12	29
W	Rr	1108	0.045	2013	12	22
W	Rr	1226	0.050	2013	12	15
W	Rr	1285	0.053	2013	12	08
W	Rr	1289	0.053	2013	12	01
W	Rr	1404	0.058	2013	11	24
W	Rr	1142	0.047	2013	11	17
W	Rr	1334	0.055	2013	11	10
W	Rr	1277	0.052	2013	11	03
W	Rr	1035	0.042	2013	10	27
W	Rr	1309	0.054	2013	10	20
W	Rr	1302	0.053	2013	10	13
W	Rr	1432	0.059	2013	10	06
W	Rr	1178	0.048	2013	09	29
W	Rr	947	0.039	2013	09	22
W	Rr	1254	0.051	2013	09	15
W	Rr	1099	0.045	2013	09	08
W	Rr	1053	0.043	2013	09	01
W	Rr	1010	0.041	2013	08	25
W	Rr	1102	0.045	2013	08	18
W	Rr	1063	0.044	2013	08	11
W	Rr	1105	0.045	2013	08	04
W	Rr	1377	0.056	2013	07	28
W	Rr	1498	0.061	2013	07	21
W	Rr	1295	0.053	2013	07	14
W	Rr	1237	0.051	2013	07	07
W	Rr	1003	0.041	2013	06	30
W	Rr	1275	0.052	2013	06	23
W	Rr	1072	0.044	2013	06	16
W	Rr	1249	0.051	2013	06	09
W	Rr	1521	0.062	2013	06	02
W	Rr	1256	0.051	2013	05	26
W	Rr	1091	0.045	2013	05	19
W	Rr	1359	0.056	2013	05	12
W	Rr	1130	0.046	2013	05	05
W	Rr	1215	0.050	2013	04	28
W	Rr	1368	0.056	2013	04	21
W	Rr	1318	0.054	2013	04	14
W	Rr	1408	0.058	2013	04	07
W	Rr	1277	0.052	2013	03	31
W	Rr	1452	0.059	2013	03	24
W	Rr	1418	0.058	2013	03	17
W	Rr	1217	0.050	2013	03	10
W	Rr	1490	0.061	2013	03	03
W	Rr	1353	0.055	2013	02	24
W	Rr	1268	0.052	2013	02	17
W	Rr	1274	0.052	2013	02	10
W	Rr	1153	0.047	2013	02	03
W	Rr	1266	0.052	2013	01	27
W	Rr	1271	0.052	2013	01	20
W	Rr	1449	0.059	2013	01	13
W	Rr	1253	0.051	2013	01	06
W	Rr	1309	0.054	2012	12	30
W	Rr	1156	0.047	2012	12	23
W	Rr	1336	0.055	2012	12	16
W	Rr	1575	0.065	2012	12	09
W	Rr	1087	0.045	2012	12	02
W	Rr	1376	0.056	2012	11	25
W	Rr	1136	0.047	2012	11	18
W	Rr	1341	0.055	2012	11	11
W	Rr	1418	0.058	2012	11	04
W	Rr	1103	0.045	2012	10	28
W	Rr	1200	0.049	2012	10	21
W	Rr	1382	0.057	2012	10	14
W	Rr	1127	0.046	2012	10	07
W	Rr	1187	0.049	2012	09	30
W	Rr	1172	0.048	2012	09	23
W	Rr	1034	0.042	2012	09	16
W	Rr	944	0.039	2012	09	09
W	Rr	958	0.039	2012	09	02
W	Rr	734	0.030	2012	08	26
W	Rr	881	0.036	2012	08	19
W	Rr	874	0.036	2012	08	12
W	Rr	973	0.040	2012	08	05
W	Rr	1010	0.041	2012	07	29
W	Rr	943	0.039	2012	07	22
W	Rr	1089	0.045	2012	07	15
W	Rr	888	0.036	2012	07	08
W	Rr	845	0.035	2012	07	01
W	Rr	1070	0.044	2012	06	24
W	Rr	1050	0.043	2012	06	17
W	Rr	1271	0.052	2012	06	10
W	Rr	957	0.039	2012	06	03
W	Rr	1249	0.051	2012	05	27
W	Rr	1055	0.043	2012	05	20
W	Rr	1392	0.057	2012	05	13
W	Rr	1140	0.047	2012	05	06
W	Rr	1807	0.074	2012	04	29
W	Rr	1225	0.050	2012	04	22
W	Rr	1264	0.052	2012	04	15
W	Rr	1075	0.044	2012	04	08
W	Rr	1261	0.052	2012	04	01
W	Rr	1345	0.055	2012	03	25
W	Rr	1254	0.051	2012	03	18
W	Rr	1478	0.061	2012	03	11
W	Rr	1503	0.062	2012	03	04
W	Rr	1532	0.063	2012	02	26
W	Rr	1464	0.060	2012	02	19
W	Rr	1154	0.047	2012	02	12
W	Rr	1240	0.051	2012	02	05
W	Rr	1088	0.045	2012	01	29
W	Rr	1125	0.046	2012	01	22
W	Rr	60	0.002	2012	01	15
W	Rr	1472	0.060	2012	01	08
W	Rr	1122	0.046	2012	01	01
W	Rr	888	0.036	2011	12	25
W	Rr	1360	0.056	2011	12	18
W	Rr	1486	0.061	2011	12	11
W	Rr	1330	0.054	2011	12	04
W	Rr	1094	0.045	2011	11	27
W	Rr	1062	0.044	2011	11	20
W	Rr	1123	0.046	2011	11	13
W	Rr	975	0.040	2011	11	06
W	Rr	1264	0.052	2011	10	30
W	Rr	1140	0.047	2011	10	23
W	Rr	1211	0.050	2011	10	16
W	Rr	1236	0.051	2011	10	09
W	Rr	1128	0.046	2011	10	02
W	Rr	1083	0.044	2011	09	25
W	Rr	1451	0.059	2011	09	18
W	Rr	1278	0.052	2011	09	11
W	Rr	1219	0.050	2011	09	04
W	Rr	1316	0.054	2011	08	28
W	Rr	1119	0.046	2011	08	21
W	Rr	1484	0.061	2011	08	14
W	Rr	1671	0.068	2011	08	07
W	Rr	1319	0.054	2011	07	31
W	Rr	1197	0.049	2011	07	24
W	Rr	1504	0.062	2011	07	17
W	Rr	1367	0.056	2011	07	10
W	Rr	1205	0.049	2011	07	03
W	Rr	1333	0.055	2011	06	26
W	Rr	1059	0.043	2011	06	19
W	Rr	1353	0.055	2011	06	12
W	Rr	1275	0.052	2011	06	05
W	Rr	983	0.040	2011	05	29
W	Rr	1262	0.052	2011	05	22
W	Rr	1374	0.056	2011	05	15
W	Rr	1076	0.044	2011	05	08
W	Rr	0	0.000	2011	05	01
W	Rr	0	0.000	2011	04	24
W	Rr	0	0.000	2011	04	17
W	Rr	0	0.000	2011	04	10
W	Rr	0	0.000	2011	04	03
W	Rr	0	0.000	2011	03	27
W	Rr	24	0.001	2011	03	20
W	Rr	1317	0.054	2011	03	13
W	Rr	1258	0.052	2011	03	06
W	Rr	1372	0.056	2011	02	27
W	Rr	1226	0.050	2011	02	20
W	Rr	1524	0.062	2011	02	13
W	Rr	1366	0.056	2011	02	06
W	Rr	958	0.039	2011	01	30
W	Rr	1273	0.052	2011	01	23
W	Rr	1560	0.064	2011	01	16
W	Rr	1472	0.060	2011	01	09
W	Rr	1310	0.054	2011	01	02
W	Rr	798	0.033	2010	12	26
W	Rr	935	0.038	2010	12	19
W	Rr	0	0.000	2010	12	12
W	Rr	0	0.000	2010	12	05
W	Rr	0	0.000	2010	11	28
W	Rr	0	0.000	2010	11	21
W	Rr	0	0.000	2010	11	14
W	Rr	0	0.000	2010	11	07
W	Rr	0	0.000	2010	10	31
W	Rr	0	0.000	2010	10	24
W	Rr	0	0.000	2010	10	17
W	Rr	0	0.000	2010	10	10
W	Rr	0	0.000	2010	10	03
W	Rr	0	0.000	2010	09	26
W	Rr	0	0.000	2010	09	19
W	Rr	0	0.000	2010	09	12
W	Rr	0	0.000	2010	09	05
W	Rr	0	0.000	2010	08	29
W	Rr	0	0.000	2010	08	22
W	Rr	0	0.000	2010	08	15
W	Rr	0	0.000	2010	08	08
W	Rr	0	0.000	2010	08	01
W	Rr	0	0.000	2010	07	25
W	Rr	0	0.000	2010	07	18
W	Rr	0	0.000	2010	07	11
W	Rr	0	0.000	2010	07	04
W	Rr	15	0.001	2010	06	27
W	Rr	914	0.037	2010	06	20
W	Rr	1104	0.045	2010	06	13
W	Rr	1096	0.045	2010	06	06
W	Rr	1171	0.048	2010	05	30
W	Rr	1115	0.046	2010	05	23
W	Rr	1170	0.048	2010	05	16
W	Rr	1334	0.055	2010	05	09
W	Rr	1109	0.045	2010	05	02
W	Rr	1067	0.044	2010	04	25
W	Rr	1212	0.050	2010	04	18
W	Rr	1054	0.043	2010	04	11
W	Rr	1325	0.054	2010	04	04
W	Rr	811	0.033	2010	03	28
W	Rr	1195	0.049	2010	03	21
W	Rr	1338	0.055	2010	03	14
W	Rr	1113	0.046	2010	03	07
W	Rr	1103	0.045	2010	02	28
W	Rr	1290	0.053	2010	02	21
W	Rr	0	0.000	2010	02	14
W	Rr	0	0.000	2010	02	07
W	Rr	0	0.000	2010	01	31
W	Rr	0	0.000	2010	01	24
W	Rr	0	0.000	2010	01	17
W	Rr	0	0.000	2010	01	10
W	Rr	0	0.000	2010	01	03
W	Rr	78	0.003	2009	12	27
W	Rr	945	0.039	2009	12	20
W	Rr	1140	0.047	2009	12	13
W	Rr	1323	0.054	2009	12	06
W	Rr	1518	0.062	2009	11	29
W	Rr	1352	0.055	2009	11	22
W	Rr	1346	0.055	2009	11	15
W	Rr	1416	0.058	2009	11	08
W	Rr	1734	0.071	2009	11	01
W	Rr	1035	0.042	2009	10	25
W	Rr	1297	0.053	2009	10	18
W	Rr	1267	0.052	2009	10	11
W	Rr	1440	0.059	2009	10	04
W	Rr	1521	0.062	2009	09	27
W	Rr	1121	0.046	2009	09	20
W	Rr	875	0.036	2009	09	13
W	Rr	1032	0.042	2009	09	06
W	Rr	1283	0.053	2009	08	30
W	Rr	1214	0.050	2009	08	23
W	Rr	1402	0.057	2009	08	16
W	Rr	1260	0.052	2009	08	09
W	Rr	1404	0.058	2009	08	02
W	Rr	1380	0.057	2009	07	26
W	Rr	1470	0.060	2009	07	19
W	Rr	1750	0.072	2009	07	12
W	Rr	1847	0.076	2009	07	05
W	Rr	1889	0.077	2009	06	28
W	Rr	1312	0.054	2009	06	21
W	Rr	1093	0.045	2009	06	14
W	Rr	1363	0.056	2009	06	07
W	Rr	1251	0.051	2009	05	31
W	Rr	1352	0.055	2009	05	24
W	Rr	1133	0.046	2009	05	17
W	Rr	1887	0.077	2009	05	10
W	Rr	1369	0.056	2009	05	03
W	Rr	1089	0.045	2009	04	26
W	Rr	1160	0.048	2009	04	19
W	Rr	1189	0.049	2009	04	12
W	Rr	1529	0.063	2009	04	05
W	Rr	1155	0.047	2009	03	29
W	Rr	1230	0.050	2009	03	22
W	Rr	1029	0.042	2009	03	15
W	Rr	1234	0.051	2009	03	08
W	Rr	1486	0.061	2009	03	01
W	Rr	1470	0.060	2009	02	22
W	Rr	1198	0.049	2009	02	15
W	Rr	1802	0.074	2009	02	08
W	Rr	1653	0.068	2009	02	01
W	Rr	1346	0.055	2009	01	25
W	Rr	1431	0.059	2009	01	18
W	Rr	1678	0.069	2009	01	11
W	Rr	1591	0.065	2009	01	04
W	Rr	886	0.036	2008	12	28
W	Rr	1148	0.047	2008	12	21
W	Rr	1428	0.059	2008	12	14
W	Rr	1508	0.062	2008	12	07
W	Rr	1194	0.049	2008	11	30
W	Rr	1070	0.044	2008	11	23
W	Rr	1396	0.057	2008	11	16
W	Rr	1255	0.051	2008	11	09
W	Rr	1314	0.054	2008	11	02
W	Rr	1397	0.057	2008	10	26
W	Rr	1638	0.067	2008	10	19
W	Rr	1298	0.053	2008	10	12
W	Rr	430	0.018	2008	10	05
W	Rr	723	0.030	2008	09	28
W	Rr	1308	0.054	2008	09	21
W	Rr	1242	0.051	2008	09	14
W	Rr	1409	0.058	2008	09	07
W	Rr	1142	0.047	2008	08	31
W	Rr	1022	0.042	2008	08	24
W	Rr	1062	0.044	2008	08	17
W	Rr	1188	0.049	2008	08	10
W	Rr	1232	0.050	2008	08	03
W	Rr	1050	0.043	2008	07	27
W	Rr	1272	0.052	2008	07	20
W	Rr	1305	0.053	2008	07	13
W	Rr	1093	0.045	2008	07	06
W	Rr	1182	0.048	2008	06	29
W	Rr	1937	0.079	2008	06	22
W	Rr	1493	0.061	2008	06	15
W	Rr	1083	0.044	2008	06	08
W	Rr	1283	0.053	2008	06	01
W	Rr	1432	0.059	2008	05	25
W	Rr	1726	0.071	2008	05	18
W	Rr	1580	0.065	2008	05	11
W	Rr	2661	0.109	2008	05	04
W	Rr	3648	0.149	2008	04	27
W	Rr	1400	0.057	2008	04	20
W	Rr	1365	0.056	2008	04	13
W	Rr	1213	0.050	2008	04	06
W	Rr	1670	0.068	2008	03	30
W	Rr	1211	0.050	2008	03	23
W	Rr	1144	0.047	2008	03	16
W	Rr	1301	0.053	2008	03	09
W	Rr	1292	0.053	2008	03	02
W	Rr	1427	0.058	2008	02	24
W	Rr	2207	0.090	2008	02	17
W	Rr	1124	0.046	2008	02	10
W	Rr	1561	0.064	2008	02	03
W	Rr	1533	0.063	2008	01	27
W	Rr	1389	0.057	2008	01	20
W	Rr	1133	0.046	2008	01	13
W	Rr	1404	0.058	2008	01	06
W	Rr	976	0.040	2007	12	30
W	Rr	801	0.033	2007	12	23
W	Rr	675	0.028	2007	12	16
W	*BT	R	26220	2024	01	28
D	Rr	125	0.005	2025	01	03
D	Rr	441	0.018	2025	01	02
D	Rr	562	0.023	2025	01	01
D	Rr	917	0.038	2024	12	31
D	Rr	977	0.040	2024	12	30
D	Rr	1812	0.074	2024	12	29
D	Rr	1221	0.050	2024	12	28
D	Rr	2630	0.108	2024	12	27
D	Rr	1865	0.076	2024	12	26
D	Rr	910	0.037	2024	12	25
D	Rr	1760	0.072	2024	12	24
D	Rr	1635	0.067	2024	12	23
D	Rr	1393	0.057	2024	12	22
D	Rr	1356	0.056	2024	12	21
D	Rr	1986	0.081	2024	12	20
D	Rr	1794	0.074	2024	12	19
D	Rr	3594	0.147	2024	12	18
D	Rr	2076	0.085	2024	12	17
D	Rr	2772	0.114	2024	12	16
D	Rr	2346	0.096	2024	12	15
D	Rr	858	0.035	2024	12	14
D	Rr	2892	0.119	2024	12	13
D	Rr	1686	0.069	2024	12	12
D	Rr	1422	0.058	2024	12	11
D	Rr	1308	0.054	2024	12	10
D	Rr	2346	0.096	2024	12	09
D	Rr	1806	0.074	2024	12	08
D	Rr	2040	0.084	2024	12	07
D	Rr	2406	0.099	2024	12	06
D	Rr	1488	0.061	2024	12	05
D	Rr	1632	0.067	2024	12	04
D	Rr	1656	0.068	2024	12	03
D	Rr	2154	0.088	2024	12	02
D	Rr	1836	0.075	2024	12	01
D	Rr	2706	0.111	2024	11	30
D	Rr	1788	0.073	2024	11	29
D	Rr	1506	0.062	2024	11	28
D	Rr	2736	0.112	2024	11	27
D	Rr	1401	0.057	2024	11	26
D	Rr	2620	0.107	2024	11	25
D	Rr	1735	0.071	2024	11	24
D	Rr	1390	0.057	2024	11	23
D	*BT	R	9912	2024	01	29
d	Rr	291286	11.936	Sun
d	Rr	396620	16.252	Mon
d	Rr	391428	16.040	Tue
d	Rr	390637	16.007	Wed
d	Rr	377817	15.482	Thu
d	Rr	357888	14.665	Fri
d	Rr	234709	9.618	Sat
H	Rr	38	0.002	2025	01	03	05
H	Rr	5	0.000	2025	01	03	04
H	Rr	74	0.003	2025	01	03	03
H	Rr	3	0.000	2025	01	03	02
H	Rr	3	0.000	2025	01	03	01
H	Rr	2	0.000	2025	01	03	00
H	Rr	11	0.000	2025	01	02	23
H	Rr	69	0.003	2025	01	02	22
H	Rr	0	0.000	2025	01	02	21
H	Rr	5	0.000	2025	01	02	20
H	Rr	8	0.000	2025	01	02	19
H	Rr	8	0.000	2025	01	02	18
H	Rr	2	0.000	2025	01	02	17
H	Rr	42	0.002	2025	01	02	16
H	Rr	2	0.000	2025	01	02	15
H	Rr	4	0.000	2025	01	02	14
H	Rr	1	0.000	2025	01	02	13
H	Rr	3	0.000	2025	01	02	12
H	Rr	32	0.001	2025	01	02	11
H	Rr	4	0.000	2025	01	02	10
H	Rr	0	0.000	2025	01	02	09
H	Rr	2	0.000	2025	01	02	08
H	Rr	11	0.000	2025	01	02	07
H	Rr	49	0.002	2025	01	02	06
H	Rr	12	0.000	2025	01	02	05
H	Rr	74	0.003	2025	01	02	04
H	Rr	14	0.001	2025	01	02	03
H	Rr	70	0.003	2025	01	02	02
H	Rr	4	0.000	2025	01	02	01
H	Rr	14	0.001	2025	01	02	00
H	Rr	2	0.000	2025	01	01	23
H	Rr	12	0.000	2025	01	01	22
H	Rr	66	0.003	2025	01	01	21
H	Rr	8	0.000	2025	01	01	20
H	Rr	30	0.001	2025	01	01	19
H	Rr	26	0.001	2025	01	01	18
H	Rr	2	0.000	2025	01	01	17
H	Rr	58	0.002	2025	01	01	16
H	Rr	4	0.000	2025	01	01	15
H	Rr	4	0.000	2025	01	01	14
H	Rr	4	0.000	2025	01	01	13
H	Rr	2	0.000	2025	01	01	12
H	Rr	54	0.002	2025	01	01	11
H	Rr	4	0.000	2025	01	01	10
H	Rr	8	0.000	2025	01	01	09
H	Rr	6	0.000	2025	01	01	08
H	Rr	2	0.000	2025	01	01	07
H	Rr	0	0.000	2025	01	01	06
H	Rr	6	0.000	2025	01	01	05
H	Rr	0	0.000	2025	01	01	04
H	Rr	192	0.008	2025	01	01	03
H	Rr	9	0.000	2025	01	01	02
H	Rr	12	0.000	2025	01	01	01
H	Rr	51	0.002	2025	01	01	00
H	Rr	9	0.000	2024	12	31	23
H	Rr	27	0.001	2024	12	31	22
H	Rr	9	0.000	2024	12	31	21
H	Rr	0	0.000	2024	12	31	20
H	Rr	15	0.001	2024	12	31	19
H	Rr	24	0.001	2024	12	31	18
H	Rr	12	0.000	2024	12	31	17
H	Rr	45	0.002	2024	12	31	16
H	Rr	111	0.005	2024	12	31	15
H	Rr	12	0.000	2024	12	31	14
H	Rr	3	0.000	2024	12	31	13
H	Rr	84	0.003	2024	12	31	12
H	Rr	102	0.004	2024	12	31	11
H	Rr	6	0.000	2024	12	31	10
H	Rr	21	0.001	2024	12	31	09
H	Rr	6	0.000	2024	12	31	08
H	Rr	12	0.000	2024	12	31	07
H	Rr	15	0.001	2024	12	31	06
H	*BT	R	1638	2024	01	29	20
h	Rr	93579	3.835	00
h	Rr	86315	3.537	01
h	Rr	89827	3.681	02
h	Rr	99018	4.057	03
h	Rr	96924	3.972	04
h	Rr	95756	3.924	05
h	Rr	84944	3.481	06
h	Rr	84310	3.455	07
h	Rr	76504	3.135	08
h	Rr	75620	3.099	09
h	Rr	79991	3.278	10
h	Rr	83228	3.410	11
h	Rr	82126	3.365	12
h	Rr	88726	3.636	13
h	Rr	111716	4.578	14
h	Rr	123201	5.048	15
h	Rr	143741	5.890	16
h	Rr	135343	5.546	17
h	Rr	136049	5.575	18
h	Rr	127248	5.214	19
h	Rr	124321	5.094	20
h	Rr	114899	4.708	21
h	Rr	108532	4.447	22
h	Rr	98467	4.035	23
4	Rr	3	0.000	2025	01	03	05	30
4	Rr	34	0.001	2025	01	03	05	15
4	Rr	1	0.000	2025	01	03	05	00
4	Rr	0	0.000	2025	01	03	04	45
4	Rr	1	0.000	2025	01	03	04	30
4	Rr	2	0.000	2025	01	03	04	15
4	Rr	2	0.000	2025	01	03	04	00
4	Rr	25	0.001	2025	01	03	03	45
4	Rr	1	0.000	2025	01	03	03	30
4	Rr	48	0.002	2025	01	03	03	15
4	Rr	0	0.000	2025	01	03	03	00
4	Rr	2	0.000	2025	01	03	02	45
4	Rr	0	0.000	2025	01	03	02	30
4	Rr	1	0.000	2025	01	03	02	15
4	Rr	0	0.000	2025	01	03	02	00
4	Rr	1	0.000	2025	01	03	01	45
4	Rr	1	0.000	2025	01	03	01	30
4	Rr	1	0.000	2025	01	03	01	15
4	Rr	0	0.000	2025	01	03	01	00
4	Rr	0	0.000	2025	01	03	00	45
4	Rr	0	0.000	2025	01	03	00	30
4	Rr	0	0.000	2025	01	03	00	15
4	Rr	2	0.000	2025	01	03	00	00
4	Rr	0	0.000	2025	01	02	23	45
4	Rr	1	0.000	2025	01	02	23	30
4	Rr	5	0.000	2025	01	02	23	15
4	Rr	5	0.000	2025	01	02	23	00
4	Rr	1	0.000	2025	01	02	22	45
4	Rr	0	0.000	2025	01	02	22	30
4	Rr	31	0.001	2025	01	02	22	15
4	Rr	37	0.002	2025	01	02	22	00
4	Rr	0	0.000	2025	01	02	21	45
4	Rr	0	0.000	2025	01	02	21	30
4	Rr	0	0.000	2025	01	02	21	15
4	Rr	0	0.000	2025	01	02	21	00
4	Rr	2	0.000	2025	01	02	20	45
4	Rr	1	0.000	2025	01	02	20	30
4	Rr	0	0.000	2025	01	02	20	15
4	Rr	2	0.000	2025	01	02	20	00
4	Rr	2	0.000	2025	01	02	19	45
4	Rr	3	0.000	2025	01	02	19	30
4	Rr	2	0.000	2025	01	02	19	15
4	Rr	1	0.000	2025	01	02	19	00
4	Rr	1	0.000	2025	01	02	18	45
4	Rr	2	0.000	2025	01	02	18	30
4	Rr	3	0.000	2025	01	02	18	15
4	Rr	2	0.000	2025	01	02	18	00
4	Rr	0	0.000	2025	01	02	17	45
4	Rr	0	0.000	2025	01	02	17	30
4	Rr	1	0.000	2025	01	02	17	15
4	Rr	1	0.000	2025	01	02	17	00
4	Rr	0	0.000	2025	01	02	16	45
4	Rr	14	0.001	2025	01	02	16	30
4	Rr	1	0.000	2025	01	02	16	15
4	Rr	27	0.001	2025	01	02	16	00
4	Rr	1	0.000	2025	01	02	15	45
4	Rr	1	0.000	2025	01	02	15	30
4	Rr	0	0.000	2025	01	02	15	15
4	Rr	0	0.000	2025	01	02	15	00
4	Rr	0	0.000	2025	01	02	14	45
4	Rr	0	0.000	2025	01	02	14	30
4	Rr	2	0.000	2025	01	02	14	15
4	Rr	2	0.000	2025	01	02	14	00
4	Rr	0	0.000	2025	01	02	13	45
4	Rr	0	0.000	2025	01	02	13	30
4	Rr	1	0.000	2025	01	02	13	15
4	Rr	0	0.000	2025	01	02	13	00
4	Rr	0	0.000	2025	01	02	12	45
4	Rr	1	0.000	2025	01	02	12	30
4	Rr	1	0.000	2025	01	02	12	15
4	Rr	1	0.000	2025	01	02	12	00
4	Rr	1	0.000	2025	01	02	11	45
4	Rr	0	0.000	2025	01	02	11	30
4	Rr	0	0.000	2025	01	02	11	15
4	Rr	31	0.001	2025	01	02	11	00
4	Rr	1	0.000	2025	01	02	10	45
4	Rr	2	0.000	2025	01	02	10	30
4	Rr	0	0.000	2025	01	02	10	15
4	Rr	1	0.000	2025	01	02	10	00
4	Rr	0	0.000	2025	01	02	09	45
4	Rr	0	0.000	2025	01	02	09	30
4	Rr	0	0.000	2025	01	02	09	15
4	Rr	0	0.000	2025	01	02	09	00
4	Rr	0	0.000	2025	01	02	08	45
4	Rr	2	0.000	2025	01	02	08	30
4	Rr	0	0.000	2025	01	02	08	15
4	Rr	0	0.000	2025	01	02	08	00
4	Rr	2	0.000	2025	01	02	07	45
4	Rr	1	0.000	2025	01	02	07	30
4	Rr	2	0.000	2025	01	02	07	15
4	Rr	6	0.000	2025	01	02	07	00
4	Rr	3	0.000	2025	01	02	06	45
4	Rr	27	0.001	2025	01	02	06	30
4	Rr	0	0.000	2025	01	02	06	15
4	Rr	19	0.001	2025	01	02	06	00
4	Rr	4	0.000	2025	01	02	05	45
4	*BT	R	1068	2024	05	06	16	00
6	Rr	25133	1.030	00	00
6	Rr	22871	0.937	00	15
6	Rr	23866	0.978	00	30
6	Rr	21709	0.890	00	45
6	Rr	19740	0.809	01	00
6	Rr	22225	0.911	01	15
6	Rr	21151	0.867	01	30
6	Rr	23199	0.951	01	45
6	Rr	20123	0.825	02	00
6	Rr	24669	1.011	02	15
6	Rr	22393	0.918	02	30
6	Rr	22642	0.928	02	45
6	Rr	23400	0.959	03	00
6	Rr	23285	0.954	03	15
6	Rr	21201	0.869	03	30
6	Rr	31132	1.276	03	45
6	Rr	29193	1.196	04	00
6	Rr	20784	0.852	04	15
6	Rr	23438	0.960	04	30
6	Rr	23509	0.963	04	45
6	Rr	21636	0.887	05	00
6	Rr	24397	1.000	05	15
6	Rr	23782	0.975	05	30
6	Rr	25941	1.063	05	45
6	Rr	22843	0.936	06	00
6	Rr	20207	0.828	06	15
6	Rr	23012	0.943	06	30
6	Rr	18882	0.774	06	45
6	Rr	20712	0.849	07	00
6	Rr	21703	0.889	07	15
6	Rr	21041	0.862	07	30
6	Rr	20854	0.855	07	45
6	Rr	18778	0.769	08	00
6	Rr	19493	0.799	08	15
6	Rr	20041	0.821	08	30
6	Rr	18192	0.745	08	45
6	Rr	18608	0.763	09	00
6	Rr	19157	0.785	09	15
6	Rr	19950	0.817	09	30
6	Rr	17905	0.734	09	45
6	Rr	19016	0.779	10	00
6	Rr	18458	0.756	10	15
6	Rr	21841	0.895	10	30
6	Rr	20676	0.847	10	45
6	Rr	21696	0.889	11	00
6	Rr	22039	0.903	11	15
6	Rr	20403	0.836	11	30
6	Rr	19090	0.782	11	45
6	Rr	20704	0.848	12	00
6	Rr	20329	0.833	12	15
6	Rr	20128	0.825	12	30
6	Rr	20965	0.859	12	45
6	Rr	21306	0.873	13	00
6	Rr	22397	0.918	13	15
6	Rr	22644	0.928	13	30
6	Rr	22379	0.917	13	45
6	Rr	26914	1.103	14	00
6	Rr	28662	1.174	14	15
6	Rr	27804	1.139	14	30
6	Rr	28336	1.161	14	45
6	Rr	27550	1.129	15	00
6	Rr	29443	1.206	15	15
6	Rr	31623	1.296	15	30
6	Rr	34585	1.417	15	45
6	Rr	41795	1.713	16	00
6	Rr	34769	1.425	16	15
6	Rr	32341	1.325	16	30
6	Rr	34836	1.427	16	45
6	Rr	35027	1.435	17	00
6	Rr	33818	1.386	17	15
6	Rr	33052	1.354	17	30
6	Rr	33446	1.371	17	45
6	Rr	37564	1.539	18	00
6	Rr	30067	1.232	18	15
6	Rr	33930	1.390	18	30
6	Rr	34488	1.413	18	45
6	Rr	34151	1.399	19	00
6	Rr	28792	1.180	19	15
6	Rr	30751	1.260	19	30
6	Rr	33554	1.375	19	45
6	Rr	30403	1.246	20	00
6	Rr	31760	1.301	20	15
6	Rr	31772	1.302	20	30
6	Rr	30386	1.245	20	45
6	Rr	30055	1.232	21	00
6	Rr	29294	1.200	21	15
6	Rr	27345	1.121	21	30
6	Rr	28205	1.156	21	45
6	Rr	26570	1.089	22	00
6	Rr	28088	1.151	22	15
6	Rr	27771	1.138	22	30
6	Rr	26103	1.070	22	45
6	Rr	26661	1.092	23	00
6	Rr	27546	1.129	23	15
6	Rr	20958	0.859	23	30
6	Rr	23302	0.955	23	45
5	Rr	2	0.000	2025	01	03	05	35
5	Rr	1	0.000	2025	01	03	05	30
5	Rr	0	0.000	2025	01	03	05	25
5	Rr	34	0.001	2025	01	03	05	20
5	Rr	0	0.000	2025	01	03	05	15
5	Rr	0	0.000	2025	01	03	05	10
5	Rr	1	0.000	2025	01	03	05	05
5	Rr	0	0.000	2025	01	03	05	00
5	Rr	0	0.000	2025	01	03	04	55
5	Rr	0	0.000	2025	01	03	04	50
5	Rr	0	0.000	2025	01	03	04	45
5	Rr	0	0.000	2025	01	03	04	40
5	Rr	1	0.000	2025	01	03	04	35
5	Rr	0	0.000	2025	01	03	04	30
5	Rr	1	0.000	2025	01	03	04	25
5	Rr	1	0.000	2025	01	03	04	20
5	Rr	0	0.000	2025	01	03	04	15
5	Rr	0	0.000	2025	01	03	04	10
5	Rr	0	0.000	2025	01	03	04	05
5	Rr	2	0.000	2025	01	03	04	00
5	Rr	25	0.001	2025	01	03	03	55
5	Rr	0	0.000	2025	01	03	03	50
5	Rr	0	0.000	2025	01	03	03	45
5	Rr	0	0.000	2025	01	03	03	40
5	Rr	1	0.000	2025	01	03	03	35
5	Rr	0	0.000	2025	01	03	03	30
5	Rr	2	0.000	2025	01	03	03	25
5	Rr	0	0.000	2025	01	03	03	20
5	Rr	46	0.002	2025	01	03	03	15
5	Rr	0	0.000	2025	01	03	03	10
5	Rr	0	0.000	2025	01	03	03	05
5	Rr	0	0.000	2025	01	03	03	00
5	Rr	2	0.000	2025	01	03	02	55
5	Rr	0	0.000	2025	01	03	02	50
5	Rr	0	0.000	2025	01	03	02	45
5	Rr	0	0.000	2025	01	03	02	40
5	Rr	0	0.000	2025	01	03	02	35
5	Rr	0	0.000	2025	01	03	02	30
5	Rr	0	0.000	2025	01	03	02	25
5	Rr	1	0.000	2025	01	03	02	20
5	Rr	0	0.000	2025	01	03	02	15
5	Rr	0	0.000	2025	01	03	02	10
5	Rr	0	0.000	2025	01	03	02	05
5	Rr	0	0.000	2025	01	03	02	00
5	Rr	1	0.000	2025	01	03	01	55
5	Rr	0	0.000	2025	01	03	01	50
5	Rr	0	0.000	2025	01	03	01	45
5	Rr	1	0.000	2025	01	03	01	40
5	Rr	0	0.000	2025	01	03	01	35
5	Rr	0	0.000	2025	01	03	01	30
5	Rr	1	0.000	2025	01	03	01	25
5	Rr	0	0.000	2025	01	03	01	20
5	Rr	0	0.000	2025	01	03	01	15
5	Rr	0	0.000	2025	01	03	01	10
5	Rr	0	0.000	2025	01	03	01	05
5	Rr	0	0.000	2025	01	03	01	00
5	Rr	0	0.000	2025	01	03	00	55
5	Rr	0	0.000	2025	01	03	00	50
5	Rr	0	0.000	2025	01	03	00	45
5	Rr	0	0.000	2025	01	03	00	40
5	Rr	0	0.000	2025	01	03	00	35
5	Rr	0	0.000	2025	01	03	00	30
5	Rr	0	0.000	2025	01	03	00	25
5	Rr	0	0.000	2025	01	03	00	20
5	Rr	0	0.000	2025	01	03	00	15
5	Rr	2	0.000	2025	01	03	00	10
5	Rr	0	0.000	2025	01	03	00	05
5	Rr	0	0.000	2025	01	03	00	00
5	Rr	0	0.000	2025	01	02	23	55
5	Rr	0	0.000	2025	01	02	23	50
5	Rr	0	0.000	2025	01	02	23	45
5	Rr	0	0.000	2025	01	02	23	40
5	Rr	0	0.000	2025	01	02	23	35
5	Rr	1	0.000	2025	01	02	23	30
5	Rr	5	0.000	2025	01	02	23	25
5	Rr	0	0.000	2025	01	02	23	20
5	Rr	0	0.000	2025	01	02	23	15
5	Rr	0	0.000	2025	01	02	23	10
5	Rr	3	0.000	2025	01	02	23	05
5	Rr	2	0.000	2025	01	02	23	00
5	Rr	1	0.000	2025	01	02	22	55
5	Rr	0	0.000	2025	01	02	22	50
5	Rr	0	0.000	2025	01	02	22	45
5	Rr	0	0.000	2025	01	02	22	40
5	Rr	0	0.000	2025	01	02	22	35
5	Rr	0	0.000	2025	01	02	22	30
5	Rr	0	0.000	2025	01	02	22	25
5	Rr	31	0.001	2025	01	02	22	20
5	Rr	0	0.000	2025	01	02	22	15
5	Rr	2	0.000	2025	01	02	22	10
5	Rr	0	0.000	2025	01	02	22	05
5	Rr	35	0.001	2025	01	02	22	00
5	Rr	0	0.000	2025	01	02	21	55
5	Rr	0	0.000	2025	01	02	21	50
5	Rr	0	0.000	2025	01	02	21	45
5	Rr	0	0.000	2025	01	02	21	40
5	Rr	0	0.000	2025	01	02	21	35
5	Rr	0	0.000	2025	01	02	21	30
5	Rr	0	0.000	2025	01	02	21	25
5	Rr	0	0.000	2025	01	02	21	20
5	Rr	0	0.000	2025	01	02	21	15
5	Rr	0	0.000	2025	01	02	21	10
5	Rr	0	0.000	2025	01	02	21	05
5	Rr	0	0.000	2025	01	02	21	00
5	Rr	0	0.000	2025	01	02	20	55
5	Rr	0	0.000	2025	01	02	20	50
5	Rr	2	0.000	2025	01	02	20	45
5	Rr	1	0.000	2025	01	02	20	40
5	Rr	0	0.000	2025	01	02	20	35
5	Rr	0	0.000	2025	01	02	20	30
5	Rr	0	0.000	2025	01	02	20	25
5	Rr	0	0.000	2025	01	02	20	20
5	Rr	0	0.000	2025	01	02	20	15
5	Rr	1	0.000	2025	01	02	20	10
5	Rr	1	0.000	2025	01	02	20	05
5	Rr	0	0.000	2025	01	02	20	00
5	Rr	1	0.000	2025	01	02	19	55
5	Rr	0	0.000	2025	01	02	19	50
5	Rr	1	0.000	2025	01	02	19	45
5	Rr	0	0.000	2025	01	02	19	40
5	Rr	3	0.000	2025	01	02	19	35
5	Rr	0	0.000	2025	01	02	19	30
5	Rr	1	0.000	2025	01	02	19	25
5	Rr	0	0.000	2025	01	02	19	20
5	Rr	1	0.000	2025	01	02	19	15
5	Rr	1	0.000	2025	01	02	19	10
5	Rr	0	0.000	2025	01	02	19	05
5	Rr	0	0.000	2025	01	02	19	00
5	Rr	0	0.000	2025	01	02	18	55
5	Rr	1	0.000	2025	01	02	18	50
5	Rr	0	0.000	2025	01	02	18	45
5	Rr	0	0.000	2025	01	02	18	40
5	Rr	1	0.000	2025	01	02	18	35
5	Rr	1	0.000	2025	01	02	18	30
5	Rr	1	0.000	2025	01	02	18	25
5	Rr	1	0.000	2025	01	02	18	20
5	Rr	1	0.000	2025	01	02	18	15
5	Rr	0	0.000	2025	01	02	18	10
5	Rr	2	0.000	2025	01	02	18	05
5	Rr	0	0.000	2025	01	02	18	00
5	Rr	0	0.000	2025	01	02	17	55
5	Rr	0	0.000	2025	01	02	17	50
5	Rr	0	0.000	2025	01	02	17	45
5	Rr	0	0.000	2025	01	02	17	40
5	Rr	0	0.000	2025	01	02	17	35
5	Rr	0	0.000	2025	01	02	17	30
5	Rr	0	0.000	2025	01	02	17	25
5	Rr	0	0.000	2025	01	02	17	20
5	Rr	1	0.000	2025	01	02	17	15
5	Rr	0	0.000	2025	01	02	17	10
5	Rr	0	0.000	2025	01	02	17	05
5	Rr	1	0.000	2025	01	02	17	00
5	Rr	0	0.000	2025	01	02	16	55
5	Rr	0	0.000	2025	01	02	16	50
5	Rr	0	0.000	2025	01	02	16	45
5	Rr	1	0.000	2025	01	02	16	40
5	Rr	0	0.000	2025	01	02	16	35
5	Rr	13	0.001	2025	01	02	16	30
5	Rr	0	0.000	2025	01	02	16	25
5	Rr	1	0.000	2025	01	02	16	20
5	Rr	0	0.000	2025	01	02	16	15
5	Rr	0	0.000	2025	01	02	16	10
5	Rr	1	0.000	2025	01	02	16	05
5	Rr	26	0.001	2025	01	02	16	00
5	Rr	0	0.000	2025	01	02	15	55
5	Rr	0	0.000	2025	01	02	15	50
5	Rr	1	0.000	2025	01	02	15	45
5	Rr	0	0.000	2025	01	02	15	40
5	Rr	0	0.000	2025	01	02	15	35
5	Rr	1	0.000	2025	01	02	15	30
5	Rr	0	0.000	2025	01	02	15	25
5	Rr	0	0.000	2025	01	02	15	20
5	Rr	0	0.000	2025	01	02	15	15
5	Rr	0	0.000	2025	01	02	15	10
5	Rr	0	0.000	2025	01	02	15	05
5	Rr	0	0.000	2025	01	02	15	00
5	Rr	0	0.000	2025	01	02	14	55
5	Rr	0	0.000	2025	01	02	14	50
5	Rr	0	0.000	2025	01	02	14	45
5	Rr	0	0.000	2025	01	02	14	40
5	Rr	0	0.000	2025	01	02	14	35
5	Rr	0	0.000	2025	01	02	14	30
5	Rr	0	0.000	2025	01	02	14	25
5	Rr	2	0.000	2025	01	02	14	20
5	Rr	0	0.000	2025	01	02	14	15
5	Rr	1	0.000	2025	01	02	14	10
5	Rr	1	0.000	2025	01	02	14	05
5	Rr	0	0.000	2025	01	02	14	00
5	Rr	0	0.000	2025	01	02	13	55
5	Rr	0	0.000	2025	01	02	13	50
5	Rr	0	0.000	2025	01	02	13	45
5	Rr	0	0.000	2025	01	02	13	40
5	Rr	0	0.000	2025	01	02	13	35
5	Rr	0	0.000	2025	01	02	13	30
5	Rr	0	0.000	2025	01	02	13	25
5	Rr	0	0.000	2025	01	02	13	20
5	Rr	1	0.000	2025	01	02	13	15
5	Rr	0	0.000	2025	01	02	13	10
5	Rr	0	0.000	2025	01	02	13	05
5	Rr	0	0.000	2025	01	02	13	00
5	Rr	0	0.000	2025	01	02	12	55
5	Rr	0	0.000	2025	01	02	12	50
5	Rr	0	0.000	2025	01	02	12	45
5	Rr	0	0.000	2025	01	02	12	40
5	Rr	1	0.000	2025	01	02	12	35
5	Rr	0	0.000	2025	01	02	12	30
5	Rr	1	0.000	2025	01	02	12	25
5	Rr	0	0.000	2025	01	02	12	20
5	Rr	0	0.000	2025	01	02	12	15
5	Rr	0	0.000	2025	01	02	12	10
5	Rr	1	0.000	2025	01	02	12	05
5	Rr	0	0.000	2025	01	02	12	00
5	Rr	1	0.000	2025	01	02	11	55
5	Rr	0	0.000	2025	01	02	11	50
5	Rr	0	0.000	2025	01	02	11	45
5	Rr	0	0.000	2025	01	02	11	40
5	Rr	0	0.000	2025	01	02	11	35
5	Rr	0	0.000	2025	01	02	11	30
5	Rr	0	0.000	2025	01	02	11	25
5	Rr	0	0.000	2025	01	02	11	20
5	Rr	0	0.000	2025	01	02	11	15
5	Rr	30	0.001	2025	01	02	11	10
5	Rr	1	0.000	2025	01	02	11	05
5	Rr	0	0.000	2025	01	02	11	00
5	Rr	0	0.000	2025	01	02	10	55
5	Rr	0	0.000	2025	01	02	10	50
5	Rr	1	0.000	2025	01	02	10	45
5	Rr	1	0.000	2025	01	02	10	40
5	Rr	1	0.000	2025	01	02	10	35
5	Rr	0	0.000	2025	01	02	10	30
5	Rr	0	0.000	2025	01	02	10	25
5	Rr	0	0.000	2025	01	02	10	20
5	Rr	0	0.000	2025	01	02	10	15
5	Rr	1	0.000	2025	01	02	10	10
5	Rr	0	0.000	2025	01	02	10	05
5	Rr	0	0.000	2025	01	02	10	00
5	Rr	0	0.000	2025	01	02	09	55
5	Rr	0	0.000	2025	01	02	09	50
5	Rr	0	0.000	2025	01	02	09	45
5	Rr	0	0.000	2025	01	02	09	40
5	Rr	0	0.000	2025	01	02	09	35
5	Rr	0	0.000	2025	01	02	09	30
5	Rr	0	0.000	2025	01	02	09	25
5	Rr	0	0.000	2025	01	02	09	20
5	Rr	0	0.000	2025	01	02	09	15
5	Rr	0	0.000	2025	01	02	09	10
5	Rr	0	0.000	2025	01	02	09	05
5	Rr	0	0.000	2025	01	02	09	00
5	Rr	0	0.000	2025	01	02	08	55
5	Rr	0	0.000	2025	01	02	08	50
5	Rr	0	0.000	2025	01	02	08	45
5	Rr	0	0.000	2025	01	02	08	40
5	Rr	2	0.000	2025	01	02	08	35
5	Rr	0	0.000	2025	01	02	08	30
5	Rr	0	0.000	2025	01	02	08	25
5	Rr	0	0.000	2025	01	02	08	20
5	Rr	0	0.000	2025	01	02	08	15
5	Rr	0	0.000	2025	01	02	08	10
5	Rr	0	0.000	2025	01	02	08	05
5	Rr	0	0.000	2025	01	02	08	00
5	Rr	1	0.000	2025	01	02	07	55
5	Rr	1	0.000	2025	01	02	07	50
5	Rr	0	0.000	2025	01	02	07	45
5	Rr	0	0.000	2025	01	02	07	40
5	Rr	0	0.000	2025	01	02	07	35
5	Rr	1	0.000	2025	01	02	07	30
5	Rr	0	0.000	2025	01	02	07	25
5	Rr	1	0.000	2025	01	02	07	20
5	Rr	1	0.000	2025	01	02	07	15
5	Rr	1	0.000	2025	01	02	07	10
5	Rr	2	0.000	2025	01	02	07	05
5	Rr	3	0.000	2025	01	02	07	00
5	Rr	2	0.000	2025	01	02	06	55
5	Rr	0	0.000	2025	01	02	06	50
5	Rr	1	0.000	2025	01	02	06	45
5	Rr	20	0.001	2025	01	02	06	40
5	Rr	6	0.000	2025	01	02	06	35
5	Rr	1	0.000	2025	01	02	06	30
5	Rr	0	0.000	2025	01	02	06	25
5	Rr	0	0.000	2025	01	02	06	20
5	Rr	0	0.000	2025	01	02	06	15
5	Rr	0	0.000	2025	01	02	06	10
5	Rr	19	0.001	2025	01	02	06	05
5	Rr	0	0.000	2025	01	02	06	00
5	Rr	0	0.000	2025	01	02	05	55
5	Rr	2	0.000	2025	01	02	05	50
5	Rr	2	0.000	2025	01	02	05	45
5	Rr	0	0.000	2025	01	02	05	40
5	*BT	R	945	2023	05	08	18	00
7	Rr	8104	0.332	00	00
7	Rr	8238	0.338	00	05
7	Rr	8791	0.360	00	10
7	Rr	5904	0.242	00	15
7	Rr	7035	0.288	00	20
7	Rr	9932	0.407	00	25
7	Rr	7781	0.319	00	30
7	Rr	8550	0.350	00	35
7	Rr	7535	0.309	00	40
7	Rr	6506	0.267	00	45
7	Rr	7347	0.301	00	50
7	Rr	7856	0.322	00	55
7	Rr	6751	0.277	01	00
7	Rr	6575	0.269	01	05
7	Rr	6414	0.263	01	10
7	Rr	7218	0.296	01	15
7	Rr	8050	0.330	01	20
7	Rr	6957	0.285	01	25
7	Rr	6986	0.286	01	30
7	Rr	6644	0.272	01	35
7	Rr	7521	0.308	01	40
7	Rr	7391	0.303	01	45
7	Rr	8616	0.353	01	50
7	Rr	7192	0.295	01	55
7	Rr	6404	0.262	02	00
7	Rr	7325	0.300	02	05
7	Rr	6394	0.262	02	10
7	Rr	8826	0.362	02	15
7	Rr	7362	0.302	02	20
7	Rr	8481	0.348	02	25
7	Rr	8023	0.329	02	30
7	Rr	6651	0.273	02	35
7	Rr	7719	0.316	02	40
7	Rr	7536	0.309	02	45
7	Rr	7421	0.304	02	50
7	Rr	7685	0.315	02	55
7	Rr	8866	0.363	03	00
7	Rr	6806	0.279	03	05
7	Rr	7728	0.317	03	10
7	Rr	7556	0.310	03	15
7	Rr	7177	0.294	03	20
7	Rr	8552	0.350	03	25
7	Rr	7250	0.297	03	30
7	Rr	6469	0.265	03	35
7	Rr	7482	0.307	03	40
7	Rr	7932	0.325	03	45
7	Rr	11457	0.469	03	50
7	Rr	11743	0.481	03	55
7	Rr	11553	0.473	04	00
7	Rr	9520	0.390	04	05
7	Rr	8120	0.333	04	10
7	Rr	7179	0.294	04	15
7	Rr	6683	0.274	04	20
7	Rr	6922	0.284	04	25
7	Rr	7218	0.296	04	30
7	Rr	7612	0.312	04	35
7	Rr	8608	0.353	04	40
7	Rr	7502	0.307	04	45
7	Rr	8332	0.341	04	50
7	Rr	7675	0.314	04	55
7	Rr	7690	0.315	05	00
7	Rr	6790	0.278	05	05
7	Rr	7156	0.293	05	10
7	Rr	8734	0.358	05	15
7	Rr	7677	0.315	05	20
7	Rr	7986	0.327	05	25
7	Rr	6823	0.280	05	30
7	Rr	8536	0.350	05	35
7	Rr	8423	0.345	05	40
7	Rr	9683	0.397	05	45
7	Rr	8502	0.348	05	50
7	Rr	7756	0.318	05	55
7	Rr	7010	0.287	06	00
7	Rr	8606	0.353	06	05
7	Rr	7227	0.296	06	10
7	Rr	7467	0.306	06	15
7	Rr	5660	0.232	06	20
7	Rr	7080	0.290	06	25
7	Rr	8116	0.333	06	30
7	Rr	7720	0.316	06	35
7	Rr	7176	0.294	06	40
7	Rr	6467	0.265	06	45
7	Rr	6482	0.266	06	50
7	Rr	5933	0.243	06	55
7	Rr	8189	0.336	07	00
7	Rr	6046	0.248	07	05
7	Rr	6477	0.265	07	10
7	Rr	6910	0.283	07	15
7	Rr	7239	0.297	07	20
7	Rr	7554	0.310	07	25
7	Rr	8467	0.347	07	30
7	Rr	6530	0.268	07	35
7	Rr	6044	0.248	07	40
7	Rr	8947	0.367	07	45
7	Rr	5374	0.220	07	50
7	Rr	6533	0.268	07	55
7	Rr	6084	0.249	08	00
7	Rr	5972	0.245	08	05
7	Rr	6722	0.275	08	10
7	Rr	6240	0.256	08	15
7	Rr	6512	0.267	08	20
7	Rr	6741	0.276	08	25
7	Rr	6407	0.263	08	30
7	Rr	6105	0.250	08	35
7	Rr	7529	0.309	08	40
7	Rr	6615	0.271	08	45
7	Rr	5722	0.234	08	50
7	Rr	5855	0.240	08	55
7	Rr	5877	0.241	09	00
7	Rr	6471	0.265	09	05
7	Rr	6260	0.257	09	10
7	Rr	5439	0.223	09	15
7	Rr	6157	0.252	09	20
7	Rr	7561	0.310	09	25
7	Rr	6324	0.259	09	30
7	Rr	6905	0.283	09	35
7	Rr	6721	0.275	09	40
7	Rr	7088	0.290	09	45
7	Rr	5499	0.225	09	50
7	Rr	5318	0.218	09	55
7	Rr	6725	0.276	10	00
7	Rr	5776	0.237	10	05
7	Rr	6515	0.267	10	10
7	Rr	5495	0.225	10	15
7	Rr	6330	0.259	10	20
7	Rr	6633	0.272	10	25
7	Rr	7097	0.291	10	30
7	Rr	7308	0.299	10	35
7	Rr	7436	0.305	10	40
7	Rr	6783	0.278	10	45
7	Rr	7535	0.309	10	50
7	Rr	6358	0.261	10	55
7	Rr	8250	0.338	11	00
7	Rr	6765	0.277	11	05
7	Rr	6681	0.274	11	10
7	Rr	6734	0.276	11	15
7	Rr	7118	0.292	11	20
7	Rr	8187	0.335	11	25
7	Rr	7863	0.322	11	30
7	Rr	5825	0.239	11	35
7	Rr	6715	0.275	11	40
7	Rr	6593	0.270	11	45
7	Rr	6478	0.265	11	50
7	Rr	6019	0.247	11	55
7	Rr	6415	0.263	12	00
7	Rr	7156	0.293	12	05
7	Rr	7133	0.292	12	10
7	Rr	7337	0.301	12	15
7	Rr	6421	0.263	12	20
7	Rr	6571	0.269	12	25
7	Rr	7356	0.301	12	30
7	Rr	6419	0.263	12	35
7	Rr	6353	0.260	12	40
7	Rr	6165	0.253	12	45
7	Rr	7664	0.314	12	50
7	Rr	7136	0.292	12	55
7	Rr	7670	0.314	13	00
7	Rr	6472	0.265	13	05
7	Rr	7164	0.294	13	10
7	Rr	7546	0.309	13	15
7	Rr	7472	0.306	13	20
7	Rr	7379	0.302	13	25
7	Rr	7414	0.304	13	30
7	Rr	7126	0.292	13	35
7	Rr	8104	0.332	13	40
7	Rr	7023	0.288	13	45
7	Rr	8345	0.342	13	50
7	Rr	7011	0.287	13	55
7	Rr	9994	0.410	14	00
7	Rr	8666	0.355	14	05
7	Rr	8254	0.338	14	10
7	Rr	9529	0.390	14	15
7	Rr	10119	0.415	14	20
7	Rr	9014	0.369	14	25
7	Rr	8899	0.365	14	30
7	Rr	9617	0.394	14	35
7	Rr	9288	0.381	14	40
7	Rr	9402	0.385	14	45
7	Rr	8862	0.363	14	50
7	Rr	10072	0.413	14	55
7	Rr	9516	0.390	15	00
7	Rr	8625	0.353	15	05
7	Rr	9409	0.386	15	10
7	Rr	8577	0.351	15	15
7	Rr	11857	0.486	15	20
7	Rr	9009	0.369	15	25
7	Rr	10846	0.444	15	30
7	Rr	9788	0.401	15	35
7	Rr	10989	0.450	15	40
7	Rr	8186	0.335	15	45
7	Rr	10599	0.434	15	50
7	Rr	15800	0.647	15	55
7	Rr	15012	0.615	16	00
7	Rr	13218	0.542	16	05
7	Rr	13565	0.556	16	10
7	Rr	11614	0.476	16	15
7	Rr	11261	0.461	16	20
7	Rr	11894	0.487	16	25
7	Rr	10674	0.437	16	30
7	Rr	10684	0.438	16	35
7	Rr	10983	0.450	16	40
7	Rr	12584	0.516	16	45
7	Rr	11551	0.473	16	50
7	Rr	10701	0.438	16	55
7	Rr	11999	0.492	17	00
7	Rr	12387	0.508	17	05
7	Rr	10641	0.436	17	10
7	Rr	11801	0.484	17	15
7	Rr	11223	0.460	17	20
7	Rr	10794	0.442	17	25
7	Rr	11101	0.455	17	30
7	Rr	11435	0.469	17	35
7	Rr	10516	0.431	17	40
7	Rr	11338	0.465	17	45
7	Rr	10977	0.450	17	50
7	Rr	11131	0.456	17	55
7	Rr	13927	0.571	18	00
7	Rr	12695	0.520	18	05
7	Rr	10942	0.448	18	10
7	Rr	10842	0.444	18	15
7	Rr	9635	0.395	18	20
7	Rr	9590	0.393	18	25
7	Rr	11490	0.471	18	30
7	Rr	9650	0.395	18	35
7	Rr	12790	0.524	18	40
7	Rr	10408	0.426	18	45
7	Rr	12644	0.518	18	50
7	Rr	11436	0.469	18	55
7	Rr	11672	0.478	19	00
7	Rr	10437	0.428	19	05
7	Rr	12042	0.493	19	10
7	Rr	9327	0.382	19	15
7	Rr	9426	0.386	19	20
7	Rr	10039	0.411	19	25
7	Rr	10344	0.424	19	30
7	Rr	11389	0.467	19	35
7	Rr	9018	0.370	19	40
7	Rr	11066	0.453	19	45
7	Rr	10343	0.424	19	50
7	Rr	12145	0.498	19	55
7	Rr	11196	0.459	20	00
7	Rr	9434	0.387	20	05
7	Rr	9773	0.400	20	10
7	Rr	9104	0.373	20	15
7	Rr	11432	0.468	20	20
7	Rr	11224	0.460	20	25
7	Rr	10765	0.441	20	30
7	Rr	11744	0.481	20	35
7	Rr	9263	0.380	20	40
7	Rr	10746	0.440	20	45
7	Rr	10873	0.446	20	50
7	Rr	8767	0.359	20	55
7	Rr	9400	0.385	21	00
7	Rr	9948	0.408	21	05
7	Rr	10707	0.439	21	10
7	Rr	9824	0.403	21	15
7	Rr	9808	0.402	21	20
7	Rr	9662	0.396	21	25
7	Rr	8974	0.368	21	30
7	Rr	9344	0.383	21	35
7	Rr	9027	0.370	21	40
7	Rr	10552	0.432	21	45
7	Rr	9578	0.392	21	50
7	Rr	8075	0.331	21	55
7	Rr	8695	0.356	22	00
7	Rr	8329	0.341	22	05
7	Rr	9546	0.391	22	10
7	Rr	9683	0.397	22	15
7	Rr	9440	0.387	22	20
7	Rr	8965	0.367	22	25
7	Rr	10355	0.424	22	30
7	Rr	9306	0.381	22	35
7	Rr	8110	0.332	22	40
7	Rr	9226	0.378	22	45
7	Rr	8392	0.344	22	50
7	Rr	8485	0.348	22	55
7	Rr	8808	0.361	23	00
7	Rr	8553	0.350	23	05
7	Rr	9300	0.381	23	10
7	Rr	9239	0.379	23	15
7	Rr	10747	0.440	23	20
7	Rr	7560	0.310	23	25
7	Rr	7186	0.294	23	30
7	Rr	6251	0.256	23	35
7	Rr	7521	0.308	23	40
7	Rr	7258	0.297	23	45
7	Rr	8327	0.341	23	50
7	Rr	7717	0.316	23	55
o	*f	0R	r
o	lRQ	1	2440385	1388242454	[unresolved numerical addresses]
Z	*f	-20R	r
Z	lRb	1	127321	2.566	66.249
Z	lRb	1	87596	1.794	34
Z	lRb	1	86984	3.582	98
Z	lRb	1	69305	2.524	51
Z	lRb	1	64486	2.025	35
Z	lRb	1	47745	1.401	69
Z	lRb	1	44539	0.003	205.254
Z	lRb	1	43821	1.170	104
Z	lRb	1	41953	2.897	54
Z	lRb	1	41614	0.000	216.147
Z	lRb	1	39277	0.506	49
Z	lRb	1	34664	2.331	40
Z	lRb	1	33634	0.945	123
Z	lRb	1	32883	1.032	52
Z	lRb	1	28653	0.344	45
Z	lRb	1	28549	1.160	76
Z	lRb	1	28458	0.001	66.9
Z	lRb	1	27939	0.734	47
Z	lRb	1	26824	2.469	157.55
Z	lRb	1	26725	0.641	46
Z	lRb	1	1477415	71.874	[not listed: 9508]
S	*f	-50P	r
S	Rb	9063	0.003	66.249.66.195
S	Rb	8420	0.000	66.249.66.196
S	Rb	6942	0.000	66.249.66.197
S	Rb	5749	0.000	66.249.66.72
S	Rb	5242	0.222	216.244.66.229
S	Rb	4758	0.000	66.249.66.73
S	Rb	4702	0.294	14.33.246.211
S	Rb	4538	0.001	66.249.66.74
S	Rb	4429	0.027	162.55.85.223
S	Rb	4070	0.107	68.66.226.98
S	Rb	3517	0.000	66.249.66.166
S	Rb	3317	0.120	51.222.253.7
S	Rb	3310	0.097	51.222.253.16
S	Rb	3248	0.184	192.99.15.146
S	Rb	3149	0.121	51.222.253.1
S	Rb	3114	0.121	51.222.253.18
S	Rb	3105	0.117	51.222.253.5
S	Rb	3104	0.106	51.222.253.6
S	Rb	3082	0.107	51.222.253.14
S	Rb	2542	0.020	49.7.20.111
S	Rb	2540	0.076	40.88.21.235
S	Rb	2489	0.009	49.7.20.105
S	Rb	2232	0.000	66.249.66.164
S	Rb	2216	0.000	82.16.45.40
S	Rb	2091	0.000	66.249.66.165
S	Rb	1992	0.051	66.249.75.109
S	Rb	1961	0.009	78.129.149.5
S	Rb	1829	0.111	37.59.14.116
S	Rb	1781	0.161	75.98.173.33
S	Rb	1750	0.000	66.249.66.167
S	Rb	1736	0.215	79.125.27.96
S	Rb	1597	0.097	78.155.138.20
S	Rb	1574	0.014	52.35.20.1
S	Rb	1566	0.000	62.194.247.203
S	Rb	1543	0.055	199.21.99.79
S	Rb	1529	0.016	52.35.117.102
S	Rb	1483	0.028	212.99.44.81
S	Rb	1467	0.000	49.7.20.135
S	Rb	1459	0.008	92.249.127.111
S	Rb	1352	0.045	49.7.20.102
S	Rb	1330	0.014	109.102.111.58
S	Rb	1312	0.033	205.203.134.197
S	Rb	1304	0.144	5.196.13.127
S	Rb	1304	0.003	34.73.206.133
S	Rb	1285	0.033	144.76.27.118
S	Rb	1276	0.089	208.115.113.82
S	Rb	1270	0.048	95.108.248.29
S	Rb	1199	0.000	35.196.21.185
S	Rb	1155	0.173	75.98.173.84
S	Rb	1142	0.001	91.207.9.226
S	Rb	2302220	96.919	[not listed: 121227]
s	*FR	2013	12	18	21	53
s	*LR	2025	01	03	05	21
s	*f	-20R	s
s	lRS	1	795647	534	http://www.gtaeronautics.com/
s	lRS	1	269323	398	http://gtaeronautics.com/
s	lRS	1	13416	8	https://www.google.com/
s	lRS	1	435	1	https://www.griffinarchitectspa.com/
s	lRS	1	1931	0	http://www.google.com/
s	lRS	1	1407	0	http://www.baidu.com/
s	lRS	1	1269	0	https://m.baidu.com/
s	lRS	1	1159	0	http://www.trainingindustry.com/
s	lRS	1	748	0	https://www.bing.com/
s	lRS	1	613	0	https://quark.sm.cn/
s	lRS	1	609	0	http://www.mfgpages.com/
s	lRS	1	604	0	http://www.openfos.com/
s	lRS	1	565	0	http://baidu.com/
s	lRS	1	517	0	http://www.topicway.com/
s	lRS	1	471	0	https://google.com/
s	lRS	1	462	0	http://anti-crisis-seo.com/
s	lRS	1	420	0	http://122.144.179.12/
s	lRS	1	399	0	https://www.thomasnet.com/
s	lRS	1	395	0	http://uptime.com/
s	lRS	1	362	0	http://semalt.semalt.com/
s	lRS	1	52976	9	[not listed: 4470]
f	*FR	2013	12	18	21	53
f	*LR	2025	01	03	05	21
f	*f	-30R	s
f	lRS	1	610467	485	http://www.gtaeronautics.com/
f	lRS	1	61420	301	http://gtaeronautics.com/CompNews.html
f	lRS	1	133440	51	http://gtaeronautics.com/
f	lRS	1	26618	16	http://www.gtaeronautics.com/aboutus.html
f	lRS	1	4032	16	http://gtaeronautics.com/CCT&M.html
f	lRS	1	12602	8	https://www.google.com/
f	lRS	1	4869	8	http://www.gtaeronautics.com/IndNews.html
f	lRS	1	5842	7	http://www.gtaeronautics.com/GT1500 RPAS.html
f	lRS	1	5391	7	http://www.gtaeronautics.com/RD.html
f	lRS	1	6665	4	http://gtaeronautics.com/contactus.html
f	lRS	1	5677	3	http://gtaeronautics.com/index.html
f	lRS	1	7379	2	http://www.gtaeronautics.com/CompNews.html
f	lRS	1	5528	2	http://www.gtaeronautics.com/pna.html
f	lRS	1	23565	1	http://gtaeronautics.com/links.html
f	lRS	1	21636	1	http://www.gtaeronautics.com/index.html
f	lRS	1	8982	1	http://www.gtaeronautics.com/contactus.html
f	lRS	1	5577	1	http://gtaeronautics.com/aboutus.html
f	lRS	1	4113	1	http://gtaeronautics.com/ConsultingA.html
f	lRS	1	13287	0	http://www.gtaeronautics.com/CCT&M.html
f	lRS	1	11507	0	http://www.gtaeronautics.com/UASFC.html
f	lRS	1	8732	0	http://www.gtaeronautics.com/ConsultingA.html
f	lRS	1	7982	0	http://www.gtaeronautics.com/GT380 RPAS.html
f	lRS	1	7844	0	http://www.gtaeronautics.com/compnews.html
f	lRS	1	6223	0	http://gtaeronautics.com/IndNews.html
f	lRS	1	6066	0	http://www.gtaeronautics.com/SRU.html
f	lRS	1	6013	0	http://www.gtaeronautics.com/GT50T RPAS.html
f	lRS	1	4202	0	http://www.gtaeronautics.com/consultinga.html
f	lRS	1	4138	0	http://www.gtaeronautics.com/GT100HL RPAS.html
f	lRS	1	4117	0	http://www.gtaeronautics.com/CFMT.html
f	lRS	1	3055	0	http://www.gtaeronautics.com/uasfc.html
f	lRS	1	106759	35	[not listed: 5212]
n	*FR	2013	12	19	00	28
n	*LR	2020	10	14	09	11
n	*f	0.500000%Q	s
n	Rq	1	0.514	kit
n	Rq	2	1.028	crew
n	Rq	1	0.514	method
n	Rq	28	11.313	aeronautical
n	Rq	1	0.514	airplane.com
n	Rq	5	2.571	faa
n	Rq	40	14.399	gt
n	Rq	1	0.514	moldings
n	Rq	1	0.514	taranis
n	Rq	1	0.514	twin
n	Rq	2	0.514	installerex
n	Rq	2	0.514	http://gtaeronautics.com/
n	Rq	20	5.142	in
n	Rq	1	0.514	scale
n	Rq	1	0.514	observer
n	Rq	1	0.514	drawing?
n	Rq	2	0.514	is
n	Rq	1	0.514	making
n	Rq	2	1.028	fiber
n	Rq	1	0.514	mitsubishi
n	Rq	1	0.514	fuze
n	Rq	1	0.514	http://www.gtaeronautics.com/indnews.html
n	Rq	1	0.514	consultant
n	Rq	92	0.514	semalt.com
n	Rq	15	2.057	manufacturing
n	Rq	1	0.514	2
n	Rq	1	0.514	base
n	Rq	14	7.199	6
n	Rq	1	0.514	http://gtaeronautics.com/indnews.html
n	Rq	1	0.514	always
n	Rq	28	12.856	engineering
n	Rq	1	0.514	northrop
n	Rq	1	0.514	bandwidth
n	Rq	1	0.514	vegas
n	Rq	3	1.028	basic
n	Rq	1	0.514	qinetiq
n	Rq	1	0.514	tooling
n	Rq	1	0.514	heavy
n	Rq	1	0.514	on
n	Rq	9	4.114	drawings
n	Rq	1	0.514	fia
n	Rq	4	0.514	louis%20vuitton%20fashion%20valley%20phone%20number
n	Rq	3	1.543	rullman
n	Rq	3	0.514	llc
n	Rq	1	0.514	cowling
n	Rq	32	1.543	sale
n	Rq	64	3.085	outlet
n	Rq	1	0.514	rotax
n	Rq	1	0.514	ucav
n	Rq	28	12.342	texan
n	Rq	1	0.514	a
n	Rq	2	0.514	customer
n	Rq	1	0.514	rpa
n	Rq	2	1.028	110cc
n	Rq	30	0.514	designer
n	Rq	20	2.571	www.gtaeronautics.com
n	Rq	1	0.514	work
n	Rq	1	0.514	thomas
n	Rq	1	0.514	engie
n	Rq	1	0.514	qualification
n	Rq	1	0.514	custom
n	Rq	1	0.514	mk3
n	Rq	1	0.514	t
n	Rq	1	0.514	w
n	Rq	1	0.514	uavs
n	Rq	2	0.514	satisfaction
n	Rq	2	1.028	x
n	Rq	1	0.514	crews
n	Rq	3	0.514	photos
n	Rq	1	0.514	finnemeccia
n	Rq	2	1.028	glass
n	Rq	1	1.543	to
n	Rq	5	2.571	engineer
n	Rq	1	0.514	government
n	Rq	1	0.514	gcs
n	Rq	1	0.514	operator
n	Rq	1	0.514	with
n	Rq	6	3.085	aircraft
n	Rq	97	1.028	number
n	Rq	4	1.543	for
n	Rq	2	1.028	aero
n	Rq	1	0.514	december
n	Rq	9	1.028	equipment
n	Rq	2	1.028	engine
n	Rq	1	0.514	mq1
n	Rq	2	1.028	wy
n	Rq	1	0.514	custum
n	Rq	1	0.514	g.t
n	Rq	1	0.514	mechanics
n	Rq	1	1.028	motors
n	Rq	1	0.514	tdw
n	Rq	32	2.571	luggage
n	Rq	1	0.514	opportunities
n	Rq	175	8.742	vuitton
n	Rq	1	1.543	the
n	Rq	1	0.514	show
n	Rq	1	0.514	luggages
n	Rq	1	0.514	stroke
n	Rq	2	0.514	explore
n	Rq	39	1.028	handbags
n	Rq	2	1.028	electric
n	Rq	1	1.028	air
n	Rq	1	0.514	space
n	Rq	1	0.514	quote
n	Rq	1	0.514	require
n	Rq	1	0.514	mpp
n	Rq	4	1.028	jobs
n	Rq	5	2.571	uas
n	Rq	1	0.514	anything
n	Rq	1	0.514	china
n	Rq	1	0.514	airplane
n	Rq	10	5.142	uav
n	Rq	2	0.514	wmaid.com
n	Rq	3	2.057	drone
n	Rq	2	0.514	facebook
n	Rq	7	3.600	fiberglass
n	Rq	1	0.514	college
n	Rq	4	2.057	onboard
n	Rq	3	1.028	gtaeronautics.com
n	Rq	1	0.514	qulificationa
n	Rq	21	6.685	simi
n	Rq	1	0.514	and
n	Rq	5	1.543	flight
n	Rq	17	6.685	at6
n	Rq	1	0.514	xtreme
n	Rq	1	0.514	maintenance
n	Rq	1	0.514	cody
n	Rq	1	0.514	any
n	Rq	1	0.514	tom
n	Rq	1	0.514	systems
n	Rq	1	0.514	payload
n	Rq	2	1.028	gta
n	Rq	2	0.514	granger
n	Rq	8	3.600	extreme
n	Rq	6	2.571	molding
n	Rq	2	0.514	easylifeapp
n	Rq	1	0.514	rating
n	Rq	2	0.514	whitelaw
n	Rq	126	3.600	fashion
n	Rq	2	1.028	ice
n	Rq	2	0.514	http://www.gtaeronautics.com/compnews.html
n	Rq	5	1.028	engineers
n	Rq	3	1.028	composite
n	Rq	1	0.514	skyforce
n	Rq	1	0.514	eengineer
n	Rq	175	8.742	louis
n	Rq	4	2.057	starter
n	Rq	8	0.514	store
n	Rq	14	2.057	cheap
n	Rq	10	4.628	bme
n	Rq	1	0.514	diamond
n	Rq	1	0.514	america2009
n	Rq	7	0.514	content
n	Rq	2	1.028	aeronautic
n	Rq	1	0.514	challenge
n	Rq	1	0.514	piece
n	Rq	1	0.514	how
n	Rq	1	0.514	male
n	Rq	2	1.028	design
n	Rq	2	1.028	flying
n	Rq	1	0.514	carbon
n	Rq	1	0.514	operation
n	Rq	2	0.514	profile
n	Rq	1	0.514	tomas
n	Rq	1	0.514	cia
n	Rq	1	0.514	hummingbird
n	Rq	1	0.514	iron
n	Rq	1	0.514	california
n	Rq	1	0.514	amphibian
n	Rq	1	0.514	110
n	Rq	1	0.514	mentioned
n	Rq	1	0.514	111
n	Rq	1	0.514	over
n	Rq	25	11.313	http://www.gtaeronautics.com/
n	Rq	1	0.514	google.com
n	Rq	1	0.514	fuel
n	Rq	2	0.514	inc
n	Rq	1	0.514	handbag.com
n	Rq	1	0.514	da42
n	Rq	2	1.028	certification
n	Rq	1	0.514	2015
n	Rq	1	0.514	timing
n	Rq	1	0.514	home
n	Rq	1	0.514	aerospacecompanies
n	Rq	1	0.514	anti
n	Rq	1	0.514	ziroli
n	Rq	1	0.514	sketches
n	Rq	5	0.514	purses
n	Rq	1	0.514	downlink
n	Rq	3	0.514	aeronotics
n	Rq	1	0.514	nanotechnology
n	Rq	1	0.514	zephyr
n	Rq	4	0.514	wyoming
n	Rq	2	0.514	technology
n	Rq	3	1.543	companies
n	Rq	1	0.514	muffler
n	Rq	2	0.514	avia
n	Rq	2	0.514	what
n	Rq	145	9.771	valley
n	Rq	1	0.514	microwave
n	Rq	1	0.514	mold
n	Rq	5	2.057	pglm
n	Rq	1	0.514	specialist
n	Rq	23	10.285	drawing
n	Rq	1	0.514	tool
n	Rq	1	0.514	security
n	Rq	6	1.028	prototypes
n	Rq	1	0.514	giant
n	Rq	1	0.514	powell
n	Rq	8	3.600	aerospace
n	Rq	34	13.370	aeronautics
n	Rq	4	2.057	unmanned
n	Rq	1	0.514	radius
n	Rq	1	0.514	zero
n	Rq	1	0.514	tobbot
n	Rq	2	1.028	neverfull
n	Rq	2	1.028	job
n	Rq	1	0.514	onbordstarter
n	Rq	1	1.028	as
n	Rq	20	2.057	ca
n	Rq	13	6.685	at
n	Rq	5	2.571	techniques
n	Rq	1	0.514	does
n	Rq	1	0.514	commercial
n	Rq	1	0.514	www.gt
n	Rq	1	0.514	de
n	Rq	1	0.514	co
n	Rq	1	0.514	speedy
n	Rq	1	0.514	rpas
n	Rq	2	1.028	instrument
n	Rq	1	0.514	do
n	Rq	1	0.514	efi
n	Rq	3	1.543	training
n	Rq	1	0.514	quotation
n	Rq	1	0.514	careers
n	Rq	3	1.543	pilot
n	Rq	9	4.114	bandito
n	Rq	4	2.057	quotes
n	Rq	107	2.057	phone
n	Rq	1	0.514	stations
n	Rq	1	0.514	traing
N	*FR	2013	12	19	00	28
N	*LR	2020	10	14	09	11
N	*f	-200Q	s
N	RQ	25	389213902	http://www.gtaeronautics.com/
N	RQ	20	247681574	gt aeronautics
N	RQ	14	212298492	aeronautical engineering drawing
N	RQ	9	159223869	at 6 texan
N	RQ	8	141532328	at6 texan
N	RQ	7	106149246	bme extreme
N	RQ	7	106149246	aerospace engineering drawings
N	RQ	20	88457705	www.gtaeronautics.com
N	RQ	6	70766164	texan at6
N	RQ	5	70766164	bandito pglm
N	RQ	3	53074623	bandito uav
N	RQ	3	53074623	onboard starter
N	RQ	2	35383082	fiberglass molding techniques
N	RQ	6	35383082	manufacturing aeronautical prototypes
N	RQ	19	35383082	louis vuitton luggage outlet
N	RQ	10	35383082	louis vuitton fashion valley phone
N	RQ	97	35383082	louis vuitton fashion valley phone number
N	RQ	2	35383082	texan at 6
N	RQ	18	35383082	louis vuitton fashion valley ca
N	RQ	1	17691541	uavs flying over simi valley ca
N	RQ	1	17691541	gt aeronautics simi valley california
N	RQ	1	17691541	aeronautical engineer quote
N	RQ	1	17691541	does aeronautical engineering require drawing?
N	RQ	1	17691541	how to do gt in engineering drawing
N	RQ	2	17691541	http://gtaeronautics.com/
N	RQ	1	17691541	the government college g.t aeronautics
N	RQ	1	17691541	bme engine
N	RQ	1	17691541	uas gcs
N	RQ	1	17691541	http://www.gtaeronautics.com/indnews.html
N	RQ	92	17691541	semalt.com
N	RQ	1	17691541	aero iron mentioned nanotechnology hummingbird uav
N	RQ	1	17691541	basic fiberglass techniques
N	RQ	1	17691541	http://gtaeronautics.com/indnews.html
N	RQ	1	17691541	finnemeccia co
N	RQ	2	17691541	drawing for customer satisfaction
N	RQ	1	17691541	cheap louis vuitton speedy handbag.com
N	RQ	1	17691541	at 6
N	RQ	1	17691541	quotation specialist engineer drawings
N	RQ	1	17691541	challenge xtreme 111 piece mechanics tool kit
N	RQ	1	17691541	uav commercial crew stations
N	RQ	1	17691541	da42 mpp microwave downlink bandwidth
N	RQ	1	17691541	anti ice de ice qinetiq zephyr
N	RQ	4	17691541	louis%20vuitton%20fashion%20valley%20phone%20number
N	RQ	1	17691541	faa uas pilot certification
N	RQ	1	17691541	any flying crews in gta
N	RQ	1	17691541	fiber glass molding job
N	RQ	1	17691541	aerospace drawing
N	RQ	1	17691541	aircraft design consultant
N	RQ	1	17691541	www.gt airplane.com
N	RQ	3	17691541	gt in aeronotics
N	RQ	1	17691541	tom rullman
N	RQ	1	17691541	gt aeronautics simi valley ca
N	RQ	1	17691541	drone base in simi valley
N	RQ	1	17691541	fiberglass mold making techniques
N	RQ	1	17691541	rpa instrument qualification faa instrument rating
N	RQ	1	17691541	extreme bme
N	RQ	1	17691541	uas faa maintenance
N	RQ	1	17691541	louis vuitton neverfull
N	RQ	1	17691541	fiberglass techniques
N	RQ	1	17691541	aircraft companies in simi valley
N	RQ	1	17691541	custom fiberglass moldings
N	RQ	1	17691541	anything
N	RQ	11	17691541	louis vuitton luggage cheap
N	RQ	1	17691541	aeronautical engineering sketches
N	RQ	1	17691541	gtaeronautics.com
N	RQ	1	17691541	giant scale ziroli at 6
N	RQ	9	17691541	outlet louis vuitton handbags
N	RQ	1	17691541	cowling drawing
N	RQ	1	17691541	mitsubishi zero
N	RQ	1	17691541	powell wy gt aeronautics
N	RQ	2	17691541	what is gt in basic engineering drawing
N	RQ	2	17691541	composite molding
N	RQ	1	17691541	aeronautics in simi valley and security work
N	RQ	3	17691541	gt aeronautics llc jobs
N	RQ	1	17691541	crew flight gta
N	RQ	1	17691541	110cc engine timing
N	RQ	1	17691541	aeronautical engineer quotes
N	RQ	2	17691541	http://www.gtaeronautics.com/compnews.html
N	RQ	4	17691541	wyoming flight engineers
N	RQ	1	17691541	a t 6
N	RQ	1	17691541	gt aeronautics unmanned air
N	RQ	1	17691541	fia gt composite tooling
N	RQ	1	17691541	uas pilot certification
N	RQ	1	17691541	quotes on aeronautical engineers
N	RQ	1	17691541	payload for diamond northrop twin engie aircraft
N	RQ	7	17691541	content
N	RQ	1	17691541	bme 110
N	RQ	1	17691541	thomas w rullman gt aeronautics
N	RQ	1	17691541	luggages for sale
N	RQ	2	17691541	easylifeapp profile
N	RQ	2	17691541	simi gt
N	RQ	1	17691541	mq1 design fuel
N	RQ	1	17691541	airplane as always cia america2009
N	RQ	1	17691541	heavy equipment operator jobs
N	RQ	1	17691541	eengineer drawing home
N	RQ	1	17691541	cheap louis vuitton luggage
N	RQ	1	17691541	aero space drone simi valley
N	RQ	1	17691541	2 stroke electric onboard starter
N	RQ	1	17691541	simi valley unmanned aircraft
N	RQ	1	17691541	skyforce observer mk3
N	RQ	2	17691541	granger whitelaw avia
N	RQ	1	17691541	louis vuitton fashion valley neverfull
N	RQ	1	17691541	louis vuitton job opportunities
N	RQ	1	17691541	google.com
N	RQ	1	17691541	uas operation training method
N	RQ	2	17691541	wmaid.com explore gtaeronautics.com
N	RQ	1	17691541	custum muffler 110cc
N	RQ	1	17691541	glass manufacturing drawings
N	RQ	1	17691541	electric motors x male uav x sale
N	RQ	1	17691541	aerospacecompanies in simi valley
N	RQ	1	17691541	fiberglass molding
N	RQ	2	17691541	aeronautical technology inc
N	RQ	1	17691541	taranis ucav
N	RQ	1	17691541	vegas drone uav show december 2015
N	RQ	1	17691541	uav companies in simi valley
N	RQ	1	17691541	unmanned aircraft systems pilot training
N	RQ	2	17691541	installerex facebook
N	RQ	3	17691541	texan at6 photos
N	RQ	1	17691541	aeronautic engineer
N	RQ	30	17691541	designer handbags outlet sale
N	RQ	1	17691541	rpas qulificationa traing with faa
N	RQ	1	17691541	faa uav training
N	RQ	1	17691541	uav companies simi valley
N	RQ	5	17691541	louis vuitton purses outlet
N	RQ	1	17691541	aeronautics
N	RQ	1	17691541	cheap louis vuitton luggage outlet
N	RQ	1	17691541	gt aeronautics tomas rullman
N	RQ	1	17691541	tobbot
N	RQ	1	17691541	radius tdw efi fuze
N	RQ	8	17691541	manufacturing equipment store in simi valley
N	RQ	1	17691541	onbordstarter
N	RQ	1	17691541	aeronautic engineer quotes
N	RQ	1	17691541	rotax amphibian unmanned china
N	RQ	1	17691541	aeronautical engineering quotes
N	RQ	1	17691541	drawing aircraft engineering
N	RQ	1	17691541	gt aeronautics careers
N	RQ	1	17691541	gt aeronautics bandito
N	RQ	1	17691541	cody wy carbon fiber
B	*f	-40R	r
B	Rb	137833	0.000	Mozilla/5.0 (Windows NT 6.1; Win64; x64; rv:109.0) Gecko/20100101 Firefox/115.0
B	Rb	86694	2.898	Mozilla/5.0 (compatible; AhrefsBot/7.0;  http://ahrefs.com/robot/)
B	Rb	71205	1.638	ZoominfoBot (zoominfobot at zoominfo dot com)
B	Rb	70900	1.116	Sogou web spider/4.0( http://www.sogou.com/docs/help/webmasters.htm#07)
B	Rb	60586	1.266	Mozilla/5.0 (compatible; Googlebot/2.1;  http://www.google.com/bot.html)
B	Rb	40898	4.266	Mozilla/5.0 (compatible; bingbot/2.0;  http://www.bing.com/bingbot.htm)
B	Rb	25986	2.168	Mozilla/5.0 (Windows NT 6.3; WOW64) AppleWebKit/537.36 (KHTML, like Gecko) Chrome/33.0.1736.0 Safari/537.36
B	Rb	25588	0.266	Googlebot-Image/1.0
B	Rb	16326	0.954	Mozilla/4.0 (compatible; MSIE 6.0; Windows NT 5.1; SV1)
B	Rb	15687	0.000	Mozilla/5.0 AppleWebKit/537.36 (KHTML, like Gecko; compatible; bingbot/2.0;  http://www.bing.com/bingbot.htm) Chrome/116.0.1938.76 Safari/537.36
B	Rb	15322	0.333	Mozilla/5.0 (Macintosh; Intel Mac OS X 10_15_5) AppleWebKit/605.1.15 (KHTML, like Gecko) Version/13.1.1 Safari/605.1.15 (Applebot/0.1;  http://www.apple.com/go/applebot)
B	Rb	14286	0.000	Mozilla/5.0 (Windows NT 10.0; Win64; x64) AppleWebKit/537.36 (KHTML, like Gecko) Chrome/120.0.0.0 Safari/537.36
B	Rb	14285	1.399	Mozilla/5.0 (compatible; YandexBot/3.0;  http://yandex.com/bots)
B	Rb	13947	0.000	Mozilla/5.0 (compatible; Bytespider; spider-feedback@bytedance.com) AppleWebKit/537.36 (KHTML, like Gecko) Chrome/70.0.0.0 Safari/537.36
B	Rb	13422	0.000	Mozilla/5.0 (Windows NT 10.0; Win64; x64) AppleWebKit/537.36 (KHTML, like Gecko) Chrome/114.0.0.0 Safari/537.36
B	Rb	12964	1.355	Mozilla/5.0 (iPhone; CPU iPhone OS 7_0 like Mac OS X) AppleWebKit/537.51.1 (KHTML, like Gecko) Version/7.0 Mobile/11A465 Safari/9537.53 (compatible; bingbot/2.0;  http://www.bing.com/bingbot.htm)
B	Rb	12093	0.689	Mozilla/5.0 (compatible; Baiduspider/2.0;  http://www.baidu.com/search/spider.html)
B	Rb	11052	0.000	Mozilla/5.0 (Windows NT 10.0; Win64; x64) AppleWebKit/537.36 (KHTML, like Gecko) Chrome/124.0.0.0 Safari/537.36
B	Rb	10463	0.424	Mozilla/5.0 (Macintosh; Intel Mac OS X 10.11; rv:52.0) Gecko/20100101 Firefox/52.0
B	Rb	10326	0.616	Mozilla/5.0 (Windows NT 6.1; WOW64; Trident/7.0; rv:11.0) like Gecko
B	Rb	10182	0.000	Mozilla/5.0 (Windows NT 10.0; Win64; x64) AppleWebKit/537.36 (KHTML, like Gecko) Chrome/122.0.0.0 Safari/537.36
B	Rb	9938	0.000	Mozilla/5.0 (Windows NT 10.0; Win64; x64) AppleWebKit/537.36 (KHTML, like Gecko) Chrome/121.0.0.0 Safari/537.36
B	Rb	9648	0.435	Mozilla/5.0 AppleWebKit/537.36 (KHTML, like Gecko; compatible; bingbot/2.0;  http://www.bing.com/bingbot.htm) Chrome/103.0.5060.134 Safari/537.36
B	Rb	9335	0.000	Mozilla/5.0 (Linux; Android 5.0) AppleWebKit/537.36 (KHTML, like Gecko) Mobile Safari/537.36 (compatible; Bytespider; spider-feedback@bytedance.com)
B	Rb	9264	0.400	Mozilla/5.0 (Windows NT 5.1; rv:17.0) Gecko/20100101 Firefox/17.0
B	Rb	8953	0.026	Mozilla/5.0 (iPhone; CPU iPhone OS 13_2_3 like Mac OS X) AppleWebKit/605.1.15 (KHTML, like Gecko) Version/13.0.3 Mobile/15E148 Safari/604.1
B	Rb	8329	0.067	Mozilla/5.0 (Windows NT 10.0; Win64; x64) AppleWebKit/537.36 (KHTML, like Gecko) Chrome/113.0.0.0 Safari/537.36
B	Rb	8061	0.886	Mozilla/4.0 (compatible; MSIE 7.0; Windows NT 5.1; .NET CLR 1.1.4322; .NET CLR 2.0.50727)
B	Rb	7887	0.190	Mozilla/5.0 (compatible; BLEXBot/1.0;  http://webmeup-crawler.com/)
B	Rb	7860	0.000	Mozilla/5.0 (Windows NT 10.0; Win64; x64) AppleWebKit/537.36 (KHTML, like Gecko) Chrome/116.0.0.0 Safari/537.36
B	Rb	7829	0.246	Mozilla/5.0 (compatible; MJ12bot/v1.4.8; http://mj12bot.com/)
B	Rb	7818	0.220	Mozilla/5.0 (Linux; Android 6.0.1; Nexus 5 Build/MRA58N) AppleWebKit/537.36(KHTML, like Gecko) Chrome/66.0.3359.30 Mobile Safari/537.36
B	Rb	7620	0.000	Mozilla/5.0 (Windows NT 10.0; Win64; x64) AppleWebKit/537.36 (KHTML, like Gecko) Chrome/126.0.0.0 Safari/537.36
B	Rb	7614	0.000	Mozilla/5.0 (Windows NT 10.0; Win64; x64) AppleWebKit/537.36 (KHTML, like Gecko) HeadlessChrome/128.0.0.0 Safari/537.36
B	Rb	7540	0.408	Mozilla/5.0 (compatible; Yahoo! Slurp; http://help.yahoo.com/help/us/ysearch/slurp)
B	Rb	7474	0.479	PRurl
B	Rb	7221	0.210	Mozilla/4.0 (compatible; MSIE 6.0; Windows NT 5.1; SV1; .NET CLR 2.0.50727)
B	Rb	7181	0.200	Mozilla/4.0 (compatible;)
B	Rb	7028	0.000	Mozilla/5.0 (Windows NT 10.0; Win64; x64) AppleWebKit/537.36 (KHTML, like Gecko) Chrome/119.0.0.0 Safari/537.36
B	Rb	6940	0.170	Mozilla/5.0 (compatible; Dataprovider.com)
B	Rb	1581229	76.674	[not listed: 23730]
b	*f	-15Q	s
b	lRQq	1	1326535	2442387075	340.228	Netscape
b	lRQq	2	178152	1609930258	224.266	Mozilla/109
b	lRQq	2	1593	2547581904	354.882	Mozilla/60
b	lRQq	2	38222	1528243987	212.887	Mozilla/1
b	lRQq	2	1715	1291482493	179.905	Mozilla/66
b	lRQq	2	4639	1273790952	177.441	Mozilla/2
b	lRQq	2	2044	1238407870	172.512	Mozilla/57
b	lRQq	2	697	990726296	138.010	Mozilla/59
b	lRQq	2	2117	866885509	120.758	Mozilla/50
b	lRQq	2	623	849193968	118.294	Mozilla/55
b	lRQq	2	1971	813810886	113.365	Mozilla/61
b	lRQq	2	1041	760736263	105.972	Mozilla/67
b	lRQq	2	598	707661640	98.578	Mozilla/54
b	lRQq	2	1365	707661640	98.578	Mozilla/58
b	lRQq	2	1317	689970099	96.114	Mozilla/53
b	lRQq	2	935	672278558	93.649	Mozilla/62
b	lRQq	2	1130	654587017	91.185	Mozilla/56
b	lRQq	2	4342	654587017	91.185	Mozilla/40
b	lRQq	2	1163	601512394	83.792	Mozilla/51
b	lRQq	2	1171	566129312	78.863	Mozilla/10
b	lRQq	2	1921	566129312	78.863	Mozilla/6
b	lRQq	1	514624	600129741	83.599	Netscape (compatible)
b	lRQq	1	4914	1096875543	152.796	Apache-HttpClient
b	lRQq	2	4913	1079184002	150.332	Apache-HttpClient/4
b	lRQq	2	1	17691541	2.464	Apache-HttpClient/UNAVAILABLE
b	lRQq	1	15553	1122721418	156.397	Opera
b	lRQq	2	6742	3436236122	478.673	Opera/9
b	lRQq	2	4435	601512394	83.792	Opera/8
b	lRQq	2	3191	389213902	54.218	Opera/7
b	lRQq	2	47	336139279	46.825	Opera/10
b	lRQq	2	26	212298492	29.573	Opera/11
b	lRQq	2	1060	194606951	27.109	Opera/6
b	lRQq	2	11	106149246	14.787	Opera/12
b	lRQq	2	16	70766164	9.858	Opera/5
b	lRQq	2	17	17691541	2.464	Opera/98
b	lRQq	2	1	17691541	2.464	Opera/3
b	lRQq	2	6	17691541	2.464	Opera/91
b	lRQq	1	2952	937651673	130.616	Safari
b	lRQq	2	308	88457705	12.322	Safari/20620
b	lRQq	2	1178	141532328	19.716	Safari/18615
b	lRQq	2	92	88457705	12.322	Safari/18614
b	lRQq	2	138	70766164	9.858	Safari/20619
b	lRQq	2	222	70766164	9.858	Safari/19616
b	lRQq	2	156	70766164	9.858	Safari/19617
b	lRQq	2	764	70766164	9.858	Safari/19618
b	lRQq	2	7	53074623	7.393	Safari/16614
b	lRQq	2	17	53074623	7.393	Safari/17613
b	lRQq	2	2	35383082	4.929	Safari/14606
b	lRQq	2	20	35383082	4.929	Safari/12604
b	lRQq	2	2	17691541	2.464	Safari/16612
b	lRQq	2	4	17691541	2.464	Safari/17612
b	lRQq	2	19	17691541	2.464	Safari/17614
b	lRQq	2	4	17691541	2.464	Safari/15609
b	lRQq	2	1	17691541	2.464	Safari/11601
b	lRQq	2	1	17691541	2.464	Safari/10603
b	lRQq	2	2	17691541	2.464	Safari/11604
b	lRQq	2	3	17691541	2.464	Safari/16610
b	lRQq	2	12	17691541	2.464	Safari/537
b	lRQq	1	263690	3195183104	445.094	MSIE
b	lRQq	2	14827	3591382823	500.285	MSIE/9
b	lRQq	2	4988	3149094298	438.673	MSIE/10
b	lRQq	2	101326	2091607553	291.364	MSIE/7
b	lRQq	2	6425	2016835674	280.948	MSIE/5
b	lRQq	2	92765	310221952	43.214	MSIE/6
b	lRQq	2	439	176915410	24.645	MSIE/4
b	lRQq	2	405	88457705	12.322	MSIE/3
b	lRQq	2	51	70766164	9.858	MSIE/11
b	lRQq	2	728	35383082	4.929	MSIE/2
b	lRQq	2	39378	6771461	0.943	MSIE/8
b	lRQq	1	9824	1716079477	239.052	Netscape
b	lRQq	2	2455	654587017	91.185	Netscape/4
b	lRQq	2	25	265373115	36.967	Netscape/6
b	lRQq	2	5530	176915410	24.645	Netscape/7
b	lRQq	2	124	141532328	19.716	Netscape/8
b	lRQq	2	351	123840787	17.251	Netscape/3
b	lRQq	2	808	35383082	4.929	Netscape/0
b	lRQq	2	8	35383082	4.929	Netscape/5
b	lRQq	2	2	17691541	2.464	Netscape/Nutch-1
b	lRQq	2	73	17691541	2.464	Netscape/%2F4
b	lRQq	2	1	17691541	2.464	Netscape/10
b	lRQq	2	1	17691541	2.464	Netscape/2
b	lRQq	2	9	17691541	2.464	Netscape/Firefox
b	lRQq	2	1	17691541	2.464	Netscape/35
b	lRQq	2	3	17691541	2.464	Netscape/9
b	lRQq	1	7809	1680696395	234.123	python-requests
b	lRQq	2	7791	1503780985	209.479	python-requests/2
b	lRQq	2	12	141532328	19.716	python-requests/1
b	lRQq	2	6	35383082	4.929	python-requests/0
b	lRQq	1	4238	1468397903	204.550	Java
b	lRQq	2	4186	1379940198	192.228	Java/1
b	lRQq	2	46	70766164	9.858	Java/11
b	lRQq	2	6	17691541	2.464	Java/17
b	lRQq	1	2019	1096875542	152.796	Konqueror
b	lRQq	2	1960	990726296	138.010	Konqueror/3
b	lRQq	2	57	88457705	12.322	Konqueror/4
b	lRQq	2	2	17691541	2.464	Konqueror/2
b	lRQq	1	1000	955343214	133.081	curl
b	lRQq	2	915	866885509	120.758	curl/7
b	lRQq	2	66	53074623	7.393	curl/8
b	lRQq	2	18	17691541	2.464	curl/479488
b	lRQq	1	2070	884577050	123.223	Python
b	lRQq	2	2070	884577050	123.223	Python/3
b	lRQq	1	172	796119345	110.901	MobileSafari
b	lRQq	2	19	300756197	41.896	MobileSafari/604
b	lRQq	2	32	88457705	12.322	MobileSafari/8614
b	lRQq	2	92	88457705	12.322	MobileSafari/8615
b	lRQq	2	3	88457705	12.322	MobileSafari/602
b	lRQq	2	1	53074623	7.393	MobileSafari/601
b	lRQq	2	6	35383082	4.929	MobileSafari/8612
b	lRQq	2	2	35383082	4.929	MobileSafari/9537
b	lRQq	2	6	17691541	2.464	MobileSafari/8617
b	lRQq	2	5	17691541	2.464	MobileSafari/8618
b	lRQq	2	6	17691541	2.464	MobileSafari/8619
b	lRQq	1	1011	636895476	88.720	Dalvik
b	lRQq	2	984	318447738	44.360	Dalvik/2
b	lRQq	2	27	318447738	44.360	Dalvik/1
b	lRQq	1	324	619203935	86.256	Screaming Frog SEO Spider
b	lRQq	2	65	88457705	12.322	Screaming Frog SEO Spider/20
b	lRQq	2	15	53074623	7.393	Screaming Frog SEO Spider/13
b	lRQq	2	68	53074623	7.393	Screaming Frog SEO Spider/9
b	lRQq	2	29	53074623	7.393	Screaming Frog SEO Spider/18
b	lRQq	2	63	53074623	7.393	Screaming Frog SEO Spider/19
b	lRQq	2	16	35383082	4.929	Screaming Frog SEO Spider/21
b	lRQq	2	39	35383082	4.929	Screaming Frog SEO Spider/12
b	lRQq	2	3	35383082	4.929	Screaming Frog SEO Spider/16
b	lRQq	2	4	35383082	4.929	Screaming Frog SEO Spider/17
b	lRQq	2	4	35383082	4.929	Screaming Frog SEO Spider/8
b	lRQq	2	6	17691541	2.464	Screaming Frog SEO Spider/10
b	lRQq	2	1	17691541	2.464	Screaming Frog SEO Spider/2
b	lRQq	2	2	17691541	2.464	Screaming Frog SEO Spider/3
b	lRQq	2	1	17691541	2.464	Screaming Frog SEO Spider/4
b	lRQq	2	2	17691541	2.464	Screaming Frog SEO Spider/14
b	lRQq	2	3	17691541	2.464	Screaming Frog SEO Spider/5
b	lRQq	2	1	17691541	2.464	Screaming Frog SEO Spider/6
b	lRQq	2	2	17691541	2.464	Screaming Frog SEO Spider/7
b	lRQq	1	268079	2943567400	410.043	[not listed: 963]
p	*f	0Q	s
p	lR	1	1168831	Windows
p	lR	2	434264	Windows NT
p	lR	2	462326	Unknown Windows
p	lR	2	255744	Windows XP
p	lR	2	2238	Windows 95
p	lR	2	425	Windows CE
p	lR	2	2391	Windows 98
p	lR	2	9613	Windows 2000
p	lR	2	389	Windows 3.1
p	lR	2	1441	Windows ME
p	lR	1	270390	Macintosh
p	lR	2	260518	Unknown Macintosh
p	lR	2	6594	Macintosh 68k
p	lR	2	3278	Macintosh PowerPC
p	lR	1	461209	OS unknown
p	lR	1	297771	Known robots
p	lR	1	226530	Unix
p	lR	2	221732	Linux
p	lR	2	4701	Other Unix
p	lR	2	22	SunOS
p	lR	2	72	BSD
p	lR	2	3	HP-UX
p	lR	1	16	WebTV
p	lR	1	13	BeOS
p	lR	1	47	OS/2
p	lR	1	7	Amiga
i	*f	0R	s
i	lRc	1	947204	0.000	/images/
i	lRc	1	1151499	0.000	[root directory]
i	lRc	1	211246	0.000	/js/
i	lRc	1	108565	0.000	/css/
i	lRc	1	20088	0.000	/uploads/
i	lRc	1	865	0.000	/videos/
i	lRc	1	541	0.000	/client/
i	lRc	1	1	0.000	/cgi-bin/
i	lRc	1	6	0.000	/databases/
i	lRc	1	295	0.000	/dev/
i	lRc	2	24	0.000	/dev/css/
i	lRc	2	46	0.000	/dev/js/
i	lRc	2	81	0.000	/dev/images/
i	lRc	1	1	0.000	/secure/
i	lRc	1	74	0.000	/stats/
r	*f	0.050000%S	s
r	lRSc	1	47287	38	0.000	/compnews.html
r	lRSc	1	47242	26	0.000	/aboutus.html
r	lRSc	1	35967	25	0.000	/contactus.html
r	lRSc	1	30785	22	0.000	/cct&m.html
r	lRSc	1	31906	20	0.000	/consultinga.html
r	lRSc	1	29411	20	0.000	/cfmt.html
r	lRSc	1	27619	19	0.000	/pna.html
r	lRSc	1	27087	18	0.000	/indevents.html
r	lRSc	1	16477	18	0.000	/gt1500+rpas.html
r	lRSc	1	16745	16	0.000	/gt380+rpas.html
r	lRSc	1	34794	16	0.000	/uasfc.html
r	lRSc	1	12275	16	0.000	/gt100hl+rpas.html
r	lRSc	1	15746	15	0.000	/gt50t+rpas.html
r	lRSc	1	48032	14	0.000	/links.html
r	lRSc	1	21141	14	0.000	/sru.html
r	lRSc	1	23896	12	0.000	/employment.html
r	lRSc	1	23446	12	0.000	/faq.html
r	lRSc	1	16191	11	0.000	/rd.html
r	lRSc	1	33399	5	0.000	/indnews.html
r	lRSc	2	141	0	0.000	/indnews.html?referer=www.clickfind.com.au/wp-login.php
r	lRSc	2	1	0	0.000	/indnews.html?referer=top1.co.pl
r	lRSc	2	1	0	0.000	/indnews.html?referer=www.clickfind.com.au//wp-content/themes/busybee/thumb.php?src=http://blogger.com.opontodaarte.com.br/java.php
r	lRSc	1	1922	5	0.000	/uploads/droneexpojan2022+(1).pdf
r	lRSc	1	1956	4	0.000	/uploads/big+horn+basin+drone+festival+event+schedule.pdf
r	lRSc	1	2861	4	0.000	/uploads/idrone-pressrelease-powell-version220119.pdf
r	lRSc	1	1510	2	0.000	/uploads/2022wydronefestflyer+rev2.pdf
r	lRSc	1	4908	1	0.000	/banditomav.html
r	lRSc	1	1926	1	0.000	/uploads/bighornbasindronefestivalflyer-v2-220110.pdf
r	lRSc	1	2	0	0.000	/client/bandit+timeline2004.html
r	lRSc	1	1	0	0.000	/404.htm
r	lRSc	1	12	0	0.000	/client/gta010707002.html
r	lRSc	1	72	0	0.000	/client/bandito+development.html
r	lRSc	1	1	0	0.000	/stats/browserrep.html
r	lRSc	1	741	0	0.000	/gt50t rpas.html
r	lRSc	1	2	0	0.000	/dev/contactus.html
r	lRSc	1	1	0	0.000	/dev/aboutus.html
r	lRSc	1	18	0	0.000	/client/tacamo+development.html
r	lRSc	1	11	0	0.000	/client/rq2+outlaw.html
r	lRSc	1	1	0	0.000	/client/bandit timeline2008.html
r	lRSc	1	15	0	0.000	/client/bandit.html
r	lRSc	1	987	0	0.000	/gtamt.html
r	lRSc	1	2253	0	0.000	/gt1500 rpas.html
r	lRSc	1	4	0	0.000	/client/gta121004001.html
r	lRSc	1	1	0	0.000	/dev/client.cgi
r	lRSc	1	71	0	0.000	/client/bandit+development.html
r	lRSc	1	2	0	0.000	/client/bandito development.html
r	lRSc	1	2	0	0.000	/stats/domain.html
r	lRSc	1	2	0	0.000	/stats/weekly.html
r	lRSc	1	6356	0	0.000	/pridpass.html
r	lRSc	1	4729	0	0.000	/gtatexan.html
r	lRSc	1	1	0	0.000	/dev/pna.html
r	lRSc	1	1	0	0.000	/client/tacamo development.html
r	lRSc	1	4	0	0.000	/stats/index.htm
r	lRSc	1	4	0	0.000	/stats/nav.html
r	lRSc	1	4254	0	0.000	/bandituas.html
r	lRSc	1	2	0	0.000	/stats/directory.html
r	lRSc	1	2	0	0.000	/stats/organisation.html
r	lRSc	1	7	0	0.000	/client/bandit+timeline2007.html
r	lRSc	1	1	0	0.000	/dev/pridpass.html
r	lRSc	1	1	0	0.000	/client/bandito timeline2007.html
r	lRSc	1	1	0	0.000	/stats/quick.html
r	lRSc	1	135	0	0.000	/client/welcome.html
r	lRSc	1	3	0	0.000	/client/gta021305001.html
r	lRSc	1	5	0	0.000	/client/gta012405001.html
r	lRSc	1	4	0	0.000	/stats/general.html
r	lRSc	1	1	0	0.000	/stats/dailyrep.html
r	lRSc	1	1	0	0.000	/client/bandit development.html
r	lRSc	1	17	0	0.000	/client/bandit+timeline2008.html
r	lRSc	1	1	0	0.000	/client/bandito+timeline2005.html
r	lRSc	1	23	0	0.000	/client/projectbids.html
r	lRSc	1	1	0	0.000	/stats/host.html
r	lRSc	1	20	0	0.000	/client/clientpna.html
r	lRSc	1	2	0	0.000	/stats/default.asp
r	lRSc	1	21	0	0.000	/index.htm
r	lRSc	1	1	0	0.000	/cgi-bin/testms.pl
r	lRSc	1	14	0	0.000	/client/rq1+bandit.html
r	lRSc	1	6	0	0.000	/client/gta021305002.html
r	lRSc	1	24	0	0.000	/client/tacamo.html
r	lRSc	1	30	0	0.000	/client/mgqgcyat.asp
r	lRSc	1	18702	0	0.000	/default.asp
r	lRSc	1	1666	0	0.000	/gt380 rpas.html
r	lRSc	1	1	0	0.000	/client/bandito+timeline2006.html
r	lRSc	1	16	0	0.000	/client/rq3+bandito.html
r	lRSc	1	1	0	0.000	/dev/uasfc.html
r	lRSc	1	229	0	0.000	/client.cgi
r	lRSc	1	2	0	0.000	/stats/yearly.html
r	lRSc	1	1	0	0.000	/stats/monthly.html
r	lRSc	1	8	0	0.000	/client/gta010707001.html
r	lRSc	1	5044	0	0.000	/uavengines.html
r	lRSc	1	3749	0	0.000	/bidspridpass.html
r	lRSc	1	12	0	0.000	/client/bandito.html
r	lRSc	1	1	0	0.000	/stats/quarterly.html
r	lRSc	1	8	0	0.000	/client/bandito+timeline2007.html
t	*f	0.100000%B	b
t	lRb	1	856059	43.756	.jpg  [JPEG graphics]
t	lRb	1	574674	26.229	.html [Hypertext Markup Language]
t	lRb	1	514916	18.517	[directories]
t	lRb	1	9913	5.242	.mp4
t	lRb	1	778	2.157	.wmv
t	lRb	1	87	2.118	.mpg  [MPEG movie]
t	lRb	1	18734	0.911	.asp  [Active Server REQUESTS]
t	lRb	1	91250	0.296	.gif  [GIF graphics]
t	lRb	1	211292	0.254	.js  [JavaScript code]
t	lRb	1	108581	0.225	.css  [Cascading Style Sheets]
t	lRb	1	10175	0.210	.pdf  [Adobe Portable Document Format]
t	lRb	1	43926	0.084	[not listed: 7]
z	*FR	2023	04	05	20	41
z	*LR	2023	05	09	10	03
z	ScR	0	0.000	84837	0
z	ScR	0	0.000	0	1b-  10b
z	ScR	0	0.000	0	11b- 100b
z	ScR	0	0.000	85122	101b-  1kb
z	ScR	0	0.000	509907	1kb- 10kb
z	ScR	0	0.000	352085	10kb-100kb
z	ScR	0	0.000	104639	100kb-  1Mb
z	ScR	0	0.000	4584	1Mb- 10Mb
z	ScR	0	0.000	55	10Mb-100Mb
z	ScR	0	0.000	13	100Mb-  1Gb
c	*FR	2014	03	02	13	52
c	*LR	2025	01	03	05	52
c	*f	0R	a
c	R	2291290	200 OK
c	R	19941	206 Partial content
c	R	212	301 Document moved permanently
c	R	77	302 Document found elsewhere
c	R	129154	304 Not modified since last retrieval
c	R	1924	400 Bad request
c	R	207	401 Authentication required
c	R	1374	403 Access forbidden
c	R	1142371	404 Document not found
c	R	3034	405 Method not allowed
c	R	1351	406 Document not acceptable to client
c	R	141	416 Requested range not valid
c	R	624	500 Internal server error
c	R	128	501 Request type not supported
I	*FR	2007	12	11	00	52
I	*LR	2025	01	03	05	52
I	*f	-30S	s
I	lRS	1	214698	208	/robots.txt
I	lRS	1	12468	15	/ads.txt
I	lRS	1	2037	12	/backup
I	lRS	1	2606	12	/wordpress
I	lRS	1	2226	12	/home
I	lRS	1	2491	12	/new
I	lRS	1	2521	12	/old
I	lRS	1	1840	12	/bc
I	lRS	1	1841	12	/bk
I	lRS	1	2519	12	/wp
I	lRS	1	1998	12	/main
I	lRS	1	5079	8	/.env
I	lRS	1	10819	8	/wp-login.php
I	lRS	1	1346	3	/">louis
I	lRS	1	206	2	/_profiler/phpinfo
I	lRS	1	317	2	/.well-known/acme-challenge/
I	lRS	1	1235	2	/about.php
I	lRS	1	409	2	/api/.env
I	lRS	1	390	2	/wp-includes/
I	lRS	1	521	2	/wp-content/
I	lRS	1	1023	2	/dropdown.php
I	lRS	1	139	2	/wp-admin/includes/
I	lRS	1	331	2	/file.php
I	lRS	1	564	2	/mah.php
I	lRS	1	904	2	/wp-admin/
I	lRS	1	791	2	/style.php
I	lRS	1	777	2	/images/bme+110+muffler+and+ignition.jpg
I	lRS	1	887	2	/chosen.php
I	lRS	1	642	2	/.well-known/
I	lRS	1	784	2	/images/sbandit+powerplant+2.jpg
I	lRS	1	876548	281	[not listed: 33910]
L	*FR	2007	12	11	00	52
L	*LR	2025	01	03	05	52
L	*f	-20S	s
L	RS	112	112	62.197.155.42
L	RS	392	98	193.41.206.36
L	RS	198	45	18.222.136.191
L	RS	45	27	18.118.164.14
L	RS	108	27	3.17.143.101
L	RS	188	19	204.10.194.48
L	RS	51	17	207.231.111.118
L	RS	13	13	45.61.162.25
L	RS	6319	12	216.244.66.229
L	RS	144	9	18.225.36.145
L	RS	158	9	52.149.60.125
L	RS	1805	8	156.59.198.135
L	RS	31	6	45.236.48.45
L	RS	1475	5	66.249.66.196
L	RS	98	4	194.38.23.18
L	RS	337	4	77.75.76.171
L	RS	751	4	195.191.219.130
L	RS	214	4	157.55.39.223
L	RS	48	4	68.183.76.230
L	RS	1309	4	66.249.66.74
L	RS	1137358	232	[not listed: 91582]
K	*FR	2013	12	22	04	20
K	*LR	2025	01	03	01	26
K	*f	-30S	s
K	lRS	1	1229	2	http://www.gtaeronautics.com/BANDITOMAV.html
K	lRS	1	1365	2	https://www.google.com/
K	lRS	1	2	1	http://gtaeronautics.com/lemot.php
K	lRS	1	2	1	http://gtaeronautics.com/kpm.php
K	lRS	1	2	1	http://gtaeronautics.com/kkv.php
K	lRS	1	118038	0	[not listed: 7859]
E	*FR	2008	01	06	10	12
E	*LR	2024	12	10	16	04
E	*f	-30S	s
E	lSR	1	0	289	[not listed: 7]
l	*FR	2008	01	06	10	12
l	*LR	2024	12	10	16	04
l	*f	-20S	s
l	SR	0	289	[not listed: 121]
v	*f	-20B	b
v	Rb	1782970	65.103	64.41.87.40
v	Rb	657415	34.897	66.113.131.59
R	*FR	2008	01	06	10	12
R	*LR	2024	12	10	16	04
R	*f	-20R	r
R	R	178	66.113.131.59
R	R	111	64.41.87.40
M	*FR	2007	12	11	00	52
M	*LR	2025	01	03	05	52
M	*f	-20R	r
M	R	848548	64.41.87.40
M	R	302606	66.113.131.59
J	*FR	2007	12	11	00	53
J	*LR	2017	03	17	18	30
J	*f	-20R	r
J	R	9	gtaeronautics
J	R	5	lorrigkj
J	R	1	rullma2063
J	R	1	administrator
J	R	1	satish
J	R	1	nnnnn
P	*FR	2024	04	17	09	27
P	*LR	2025	01	03	05	39
P	R	230	0
P	R	345	<= 0.01
P	R	5481	0.01-0.02
P	R	234740	0.02-0.05
P	R	277087	0.05-0.1 
P	R	373113	0.1 -0.2 
P	R	423137	0.2 -0.5 
P	R	212760	0.5 -1   
P	R	118666	1-  2 
P	R	47040	2-  5 
P	R	19357	5- 10 
P	R	10268	10- 20 
P	R	39747	20- 60 
P	R	4276	60-120 
P	R	16607	120-300 
