x	VE	analog 5.24
x	HN	gtaeronautics.com
x	PS	2022	02	13	05	50
x	FR	2007	12	18	17	05
x	LR	2022	02	11	23	47
x	E7	2022	02	13	05	50
x	SR	1020653
x	S7	1504
x	NC	402969
x	C7	0
x	FL	416005
x	F7	525
x	RR	183
x	R7	0
x	NH	90450
x	H7	277
x	BT	40744047080
x	B7	168442424
1	Rr	9989	0.979	2022
1	Rr	98917	9.692	2021
1	Rr	89380	8.757	2020
1	Rr	80088	7.847	2019
1	Rr	68927	6.753	2018
1	Rr	60168	5.895	2017
1	Rr	73316	7.183	2016
1	Rr	80796	7.916	2015
1	Rr	110773	10.853	2014
1	Rr	65173	6.385	2013
1	Rr	60742	5.951	2012
1	Rr	57015	5.586	2011
1	Rr	22139	2.169	2010
1	Rr	69710	6.830	2009
1	Rr	71820	7.037	2008
1	Rr	1700	0.167	2007
1	*BT	R	110773	2014
Q	Rr	9989	0.979	2022	1
Q	Rr	21154	2.073	2021	4
Q	Rr	26826	2.628	2021	3
Q	Rr	30675	3.005	2021	2
Q	Rr	20262	1.985	2021	1
Q	Rr	22199	2.175	2020	4
Q	Rr	23882	2.340	2020	3
Q	Rr	21656	2.122	2020	2
Q	Rr	21643	2.121	2020	1
Q	Rr	19098	1.871	2019	4
Q	Rr	19668	1.927	2019	3
Q	Rr	19827	1.943	2019	2
Q	Rr	21495	2.106	2019	1
Q	Rr	18129	1.776	2018	4
Q	Rr	17138	1.679	2018	3
Q	Rr	16928	1.659	2018	2
Q	Rr	16732	1.639	2018	1
Q	Rr	15937	1.561	2017	4
Q	Rr	0	0.000	2017	3
Q	Rr	16831	1.649	2017	2
Q	Rr	27400	2.685	2017	1
Q	Rr	22114	2.167	2016	4
Q	Rr	17621	1.726	2016	3
Q	Rr	15878	1.556	2016	2
Q	Rr	17703	1.734	2016	1
Q	Rr	16575	1.624	2015	4
Q	Rr	22104	2.166	2015	3
Q	Rr	22485	2.203	2015	2
Q	Rr	19632	1.923	2015	1
Q	Rr	21142	2.071	2014	4
Q	Rr	22272	2.182	2014	3
Q	Rr	31453	3.082	2014	2
Q	Rr	35906	3.518	2014	1
Q	Rr	16436	1.610	2013	4
Q	Rr	15216	1.491	2013	3
Q	Rr	16545	1.621	2013	2
Q	Rr	16976	1.663	2013	1
Q	Rr	16578	1.624	2012	4
Q	Rr	12511	1.226	2012	3
Q	Rr	15816	1.550	2012	2
Q	Rr	15837	1.552	2012	1
Q	Rr	15444	1.513	2011	4
Q	Rr	17386	1.703	2011	3
Q	Rr	9395	0.920	2011	2
Q	Rr	14790	1.449	2011	1
Q	Rr	1603	0.157	2010	4
Q	Rr	0	0.000	2010	3
Q	Rr	14047	1.376	2010	2
Q	Rr	6489	0.636	2010	1
Q	Rr	16350	1.602	2009	4
Q	Rr	18220	1.785	2009	3
Q	Rr	17115	1.677	2009	2
Q	Rr	18025	1.766	2009	1
Q	Rr	15905	1.558	2008	4
Q	Rr	15660	1.534	2008	3
Q	Rr	22448	2.199	2008	2
Q	Rr	17807	1.745	2008	1
Q	Rr	1700	0.167	2007	4
Q	*BT	R	35906	2014	1
m	Rr	2674	0.262	2022	02
m	Rr	7315	0.717	2022	01
m	Rr	7667	0.751	2021	12
m	Rr	7097	0.695	2021	11
m	Rr	6390	0.626	2021	10
m	Rr	6059	0.594	2021	09
m	Rr	9092	0.891	2021	08
m	Rr	11675	1.144	2021	07
m	Rr	10152	0.995	2021	06
m	Rr	10231	1.002	2021	05
m	Rr	10292	1.008	2021	04
m	Rr	7948	0.779	2021	03
m	Rr	5800	0.568	2021	02
m	Rr	6514	0.638	2021	01
m	Rr	8069	0.791	2020	12
m	Rr	6579	0.645	2020	11
m	Rr	7551	0.740	2020	10
m	Rr	8028	0.787	2020	09
m	Rr	7741	0.758	2020	08
m	Rr	8113	0.795	2020	07
m	Rr	7317	0.717	2020	06
m	Rr	6898	0.676	2020	05
m	Rr	7441	0.729	2020	04
m	Rr	7524	0.737	2020	03
m	Rr	7322	0.717	2020	02
m	Rr	6797	0.666	2020	01
m	Rr	6573	0.644	2019	12
m	Rr	5917	0.580	2019	11
m	Rr	6608	0.647	2019	10
m	Rr	6791	0.665	2019	09
m	Rr	6597	0.646	2019	08
m	Rr	6280	0.615	2019	07
m	Rr	6317	0.619	2019	06
m	Rr	6847	0.671	2019	05
m	Rr	6663	0.653	2019	04
m	Rr	7059	0.692	2019	03
m	Rr	6374	0.625	2019	02
m	Rr	8062	0.790	2019	01
m	Rr	6957	0.682	2018	12
m	Rr	5422	0.531	2018	11
m	Rr	5750	0.563	2018	10
m	Rr	5458	0.535	2018	09
m	Rr	5735	0.562	2018	08
m	Rr	5945	0.582	2018	07
m	Rr	7110	0.697	2018	06
m	Rr	6440	0.631	2018	05
m	Rr	3378	0.331	2018	04
m	Rr	5789	0.567	2018	03
m	Rr	5369	0.526	2018	02
m	Rr	5574	0.546	2018	01
m	Rr	3906	0.383	2017	12
m	Rr	6533	0.640	2017	11
m	Rr	5498	0.539	2017	10
m	Rr	0	0.000	2017	09
m	Rr	0	0.000	2017	08
m	Rr	0	0.000	2017	07
m	Rr	0	0.000	2017	06
m	Rr	6832	0.669	2017	05
m	Rr	9999	0.980	2017	04
m	Rr	11887	1.165	2017	03
m	Rr	7941	0.778	2017	02
m	Rr	7572	0.742	2017	01
m	Rr	9483	0.929	2016	12
m	Rr	7121	0.698	2016	11
m	Rr	5510	0.540	2016	10
m	Rr	6288	0.616	2016	09
m	Rr	5888	0.577	2016	08
m	Rr	5445	0.533	2016	07
m	Rr	5042	0.494	2016	06
m	Rr	5495	0.538	2016	05
m	Rr	5341	0.523	2016	04
m	Rr	5558	0.545	2016	03
m	Rr	5548	0.544	2016	02
m	Rr	6597	0.646	2016	01
m	Rr	5574	0.546	2015	12
m	Rr	5330	0.522	2015	11
m	Rr	5671	0.556	2015	10
m	Rr	6196	0.607	2015	09
m	Rr	6788	0.665	2015	08
m	Rr	9120	0.894	2015	07
m	Rr	7156	0.701	2015	06
m	Rr	5694	0.558	2015	05
m	Rr	9635	0.944	2015	04
m	Rr	6215	0.609	2015	03
m	Rr	6084	0.596	2015	02
m	Rr	7333	0.718	2015	01
m	Rr	6608	0.647	2014	12
m	Rr	6997	0.686	2014	11
m	Rr	7537	0.738	2014	10
m	Rr	7043	0.690	2014	09
m	Rr	7324	0.718	2014	08
m	Rr	7905	0.775	2014	07
m	Rr	11654	1.142	2014	06
m	Rr	9211	0.902	2014	05
m	Rr	10588	1.037	2014	04
m	Rr	7817	0.766	2014	03
m	Rr	15229	1.492	2014	02
m	Rr	12860	1.260	2014	01
m	Rr	5325	0.522	2013	12
m	Rr	5513	0.540	2013	11
m	Rr	5598	0.548	2013	10
m	Rr	4655	0.456	2013	09
m	Rr	4938	0.484	2013	08
m	Rr	5623	0.551	2013	07
m	Rr	5492	0.538	2013	06
m	Rr	5211	0.511	2013	05
m	Rr	5842	0.572	2013	04
m	Rr	6068	0.595	2013	03
m	Rr	5055	0.495	2013	02
m	Rr	5853	0.573	2013	01
m	Rr	5688	0.557	2012	12
m	Rr	5477	0.537	2012	11
m	Rr	5413	0.530	2012	10
m	Rr	4331	0.424	2012	09
m	Rr	3866	0.379	2012	08
m	Rr	4314	0.423	2012	07
m	Rr	4655	0.456	2012	06
m	Rr	6047	0.592	2012	05
m	Rr	5114	0.501	2012	04
m	Rr	6128	0.600	2012	03
m	Rr	5430	0.532	2012	02
m	Rr	4279	0.419	2012	01
m	Rr	5548	0.544	2011	12
m	Rr	4779	0.468	2011	11
m	Rr	5117	0.501	2011	10
m	Rr	5431	0.532	2011	09
m	Rr	6256	0.613	2011	08
m	Rr	5699	0.558	2011	07
m	Rr	5420	0.531	2011	06
m	Rr	3975	0.389	2011	05
m	Rr	0	0.000	2011	04
m	Rr	3608	0.353	2011	03
m	Rr	5171	0.507	2011	02
m	Rr	6011	0.589	2011	01
m	Rr	1603	0.157	2010	12
m	Rr	0	0.000	2010	11
m	Rr	0	0.000	2010	10
m	Rr	0	0.000	2010	09
m	Rr	0	0.000	2010	08
m	Rr	0	0.000	2010	07
m	Rr	4101	0.402	2010	06
m	Rr	5018	0.492	2010	05
m	Rr	4928	0.483	2010	04
m	Rr	5095	0.499	2010	03
m	Rr	1394	0.137	2010	02
m	Rr	0	0.000	2010	01
m	Rr	4665	0.457	2009	12
m	Rr	6187	0.606	2009	11
m	Rr	5498	0.539	2009	10
m	Rr	5066	0.496	2009	09
m	Rr	5718	0.560	2009	08
m	Rr	7436	0.729	2009	07
m	Rr	5685	0.557	2009	06
m	Rr	6120	0.600	2009	05
m	Rr	5310	0.520	2009	04
m	Rr	5515	0.540	2009	03
m	Rr	6123	0.600	2009	02
m	Rr	6387	0.626	2009	01
m	Rr	5763	0.565	2008	12
m	Rr	5420	0.531	2008	11
m	Rr	4722	0.463	2008	10
m	Rr	5435	0.533	2008	09
m	Rr	4843	0.475	2008	08
m	Rr	5382	0.527	2008	07
m	Rr	6082	0.596	2008	06
m	Rr	9946	0.974	2008	05
m	Rr	6420	0.629	2008	04
m	Rr	5431	0.532	2008	03
m	Rr	6469	0.634	2008	02
m	Rr	5907	0.579	2008	01
m	Rr	1700	0.167	2007	12
m	*BT	R	15229	2014	02
W	Rr	1518	0.149	2022	02	06
W	Rr	1787	0.175	2022	01	30
W	Rr	2021	0.198	2022	01	23
W	Rr	1429	0.140	2022	01	16
W	Rr	1693	0.166	2022	01	09
W	Rr	1541	0.151	2022	01	02
W	Rr	1311	0.128	2021	12	26
W	Rr	1839	0.180	2021	12	19
W	Rr	1732	0.170	2021	12	12
W	Rr	2001	0.196	2021	12	05
W	Rr	1641	0.161	2021	11	28
W	Rr	1615	0.158	2021	11	21
W	Rr	1673	0.164	2021	11	14
W	Rr	1625	0.159	2021	11	07
W	Rr	1523	0.149	2021	10	31
W	Rr	1562	0.153	2021	10	24
W	Rr	1474	0.144	2021	10	17
W	Rr	1349	0.132	2021	10	10
W	Rr	1615	0.158	2021	10	03
W	Rr	1598	0.157	2021	09	26
W	Rr	1646	0.161	2021	09	19
W	Rr	1203	0.118	2021	09	12
W	Rr	1106	0.108	2021	09	05
W	Rr	1383	0.136	2021	08	29
W	Rr	1685	0.165	2021	08	22
W	Rr	2071	0.203	2021	08	15
W	Rr	2279	0.223	2021	08	08
W	Rr	2374	0.233	2021	08	01
W	Rr	2543	0.249	2021	07	25
W	Rr	2843	0.279	2021	07	18
W	Rr	2777	0.272	2021	07	11
W	Rr	2756	0.270	2021	07	04
W	Rr	2524	0.247	2021	06	27
W	Rr	2466	0.242	2021	06	20
W	Rr	2262	0.222	2021	06	13
W	Rr	2264	0.222	2021	06	06
W	Rr	2101	0.206	2021	05	30
W	Rr	3009	0.295	2021	05	23
W	Rr	1989	0.195	2021	05	16
W	Rr	2386	0.234	2021	05	09
W	Rr	2138	0.209	2021	05	02
W	Rr	1668	0.163	2021	04	25
W	Rr	2413	0.236	2021	04	18
W	Rr	3035	0.297	2021	04	11
W	Rr	2709	0.265	2021	04	04
W	Rr	1942	0.190	2021	03	28
W	Rr	1666	0.163	2021	03	21
W	Rr	1476	0.145	2021	03	14
W	Rr	1713	0.168	2021	03	07
W	Rr	1777	0.174	2021	02	28
W	Rr	1173	0.115	2021	02	21
W	Rr	1101	0.108	2021	02	14
W	Rr	1699	0.166	2021	02	07
W	Rr	1867	0.183	2021	01	31
W	Rr	1404	0.138	2021	01	24
W	Rr	1564	0.153	2021	01	17
W	Rr	1431	0.140	2021	01	10
W	Rr	1666	0.163	2021	01	03
W	Rr	1926	0.189	2020	12	27
W	Rr	1572	0.154	2020	12	20
W	Rr	1404	0.138	2020	12	13
W	Rr	2272	0.223	2020	12	06
W	Rr	1522	0.149	2020	11	29
W	Rr	1722	0.169	2020	11	22
W	Rr	1580	0.155	2020	11	15
W	Rr	1401	0.137	2020	11	08
W	Rr	1499	0.147	2020	11	01
W	Rr	1470	0.144	2020	10	25
W	Rr	2379	0.233	2020	10	18
W	Rr	1559	0.153	2020	10	11
W	Rr	1729	0.169	2020	10	04
W	Rr	1674	0.164	2020	09	27
W	Rr	1786	0.175	2020	09	20
W	Rr	2200	0.216	2020	09	13
W	Rr	1677	0.164	2020	09	06
W	Rr	1596	0.156	2020	08	30
W	Rr	1833	0.180	2020	08	23
W	Rr	1814	0.178	2020	08	16
W	Rr	2206	0.216	2020	08	09
W	Rr	1397	0.137	2020	08	02
W	Rr	1816	0.178	2020	07	26
W	Rr	1949	0.191	2020	07	19
W	Rr	1532	0.150	2020	07	12
W	Rr	1976	0.194	2020	07	05
W	Rr	1600	0.157	2020	06	28
W	Rr	1627	0.159	2020	06	21
W	Rr	2101	0.206	2020	06	14
W	Rr	1590	0.156	2020	06	07
W	Rr	1492	0.146	2020	05	31
W	Rr	1556	0.152	2020	05	24
W	Rr	1756	0.172	2020	05	17
W	Rr	1568	0.154	2020	05	10
W	Rr	1567	0.154	2020	05	03
W	Rr	1734	0.170	2020	04	26
W	Rr	1675	0.164	2020	04	19
W	Rr	1702	0.167	2020	04	12
W	Rr	1965	0.193	2020	04	05
W	Rr	1329	0.130	2020	03	29
W	Rr	1818	0.178	2020	03	22
W	Rr	1345	0.132	2020	03	15
W	Rr	1581	0.155	2020	03	08
W	Rr	2014	0.197	2020	03	01
W	Rr	1942	0.190	2020	02	23
W	Rr	1748	0.171	2020	02	16
W	Rr	1949	0.191	2020	02	09
W	Rr	1683	0.165	2020	02	02
W	Rr	1436	0.141	2020	01	26
W	Rr	1792	0.176	2020	01	19
W	Rr	1519	0.149	2020	01	12
W	Rr	1420	0.139	2020	01	05
W	Rr	1109	0.109	2019	12	29
W	Rr	1023	0.100	2019	12	22
W	Rr	1584	0.155	2019	12	15
W	Rr	1783	0.175	2019	12	08
W	Rr	1704	0.167	2019	12	01
W	Rr	1178	0.115	2019	11	24
W	Rr	1697	0.166	2019	11	17
W	Rr	1510	0.148	2019	11	10
W	Rr	1383	0.136	2019	11	03
W	Rr	1309	0.128	2019	10	27
W	Rr	1473	0.144	2019	10	20
W	Rr	1519	0.149	2019	10	13
W	Rr	1485	0.145	2019	10	06
W	Rr	1416	0.139	2019	09	29
W	Rr	1499	0.147	2019	09	22
W	Rr	1652	0.162	2019	09	15
W	Rr	1710	0.168	2019	09	08
W	Rr	1485	0.145	2019	09	01
W	Rr	1689	0.165	2019	08	25
W	Rr	1315	0.129	2019	08	18
W	Rr	1619	0.159	2019	08	11
W	Rr	1558	0.153	2019	08	04
W	Rr	1360	0.133	2019	07	28
W	Rr	1191	0.117	2019	07	21
W	Rr	1730	0.169	2019	07	14
W	Rr	1299	0.127	2019	07	07
W	Rr	1339	0.131	2019	06	30
W	Rr	1592	0.156	2019	06	23
W	Rr	1497	0.147	2019	06	16
W	Rr	1450	0.142	2019	06	09
W	Rr	1555	0.152	2019	06	02
W	Rr	1289	0.126	2019	05	26
W	Rr	1863	0.183	2019	05	19
W	Rr	1385	0.136	2019	05	12
W	Rr	1553	0.152	2019	05	05
W	Rr	1655	0.162	2019	04	28
W	Rr	1282	0.126	2019	04	21
W	Rr	1503	0.147	2019	04	14
W	Rr	1623	0.159	2019	04	07
W	Rr	1715	0.168	2019	03	31
W	Rr	1882	0.184	2019	03	24
W	Rr	1464	0.143	2019	03	17
W	Rr	1381	0.135	2019	03	10
W	Rr	1627	0.159	2019	03	03
W	Rr	1773	0.174	2019	02	24
W	Rr	1669	0.164	2019	02	17
W	Rr	1483	0.145	2019	02	10
W	Rr	1391	0.136	2019	02	03
W	Rr	1797	0.176	2019	01	27
W	Rr	1963	0.192	2019	01	20
W	Rr	2029	0.199	2019	01	13
W	Rr	1696	0.166	2019	01	06
W	Rr	1526	0.150	2018	12	30
W	Rr	1226	0.120	2018	12	23
W	Rr	1442	0.141	2018	12	16
W	Rr	1936	0.190	2018	12	09
W	Rr	1809	0.177	2018	12	02
W	Rr	1295	0.127	2018	11	25
W	Rr	1820	0.178	2018	11	18
W	Rr	1802	0.177	2018	11	11
W	Rr	0	0.000	2018	11	04
W	Rr	1473	0.144	2018	10	28
W	Rr	1106	0.108	2018	10	21
W	Rr	1427	0.140	2018	10	14
W	Rr	1214	0.119	2018	10	07
W	Rr	1168	0.114	2018	09	30
W	Rr	1420	0.139	2018	09	23
W	Rr	1197	0.117	2018	09	16
W	Rr	1388	0.136	2018	09	09
W	Rr	1320	0.129	2018	09	02
W	Rr	1246	0.122	2018	08	26
W	Rr	1214	0.119	2018	08	19
W	Rr	1366	0.134	2018	08	12
W	Rr	1195	0.117	2018	08	05
W	Rr	1346	0.132	2018	07	29
W	Rr	1374	0.135	2018	07	22
W	Rr	1508	0.148	2018	07	15
W	Rr	1522	0.149	2018	07	08
W	Rr	909	0.089	2018	07	01
W	Rr	1444	0.141	2018	06	24
W	Rr	2682	0.263	2018	06	17
W	Rr	1365	0.134	2018	06	10
W	Rr	1329	0.130	2018	06	03
W	Rr	1275	0.125	2018	05	27
W	Rr	1392	0.136	2018	05	20
W	Rr	1321	0.129	2018	05	13
W	Rr	1527	0.150	2018	05	06
W	Rr	1517	0.149	2018	04	29
W	Rr	0	0.000	2018	04	22
W	Rr	1364	0.134	2018	04	15
W	Rr	1712	0.168	2018	04	08
W	Rr	0	0.000	2018	04	01
W	Rr	1543	0.151	2018	03	25
W	Rr	1342	0.131	2018	03	18
W	Rr	2429	0.238	2018	03	11
W	Rr	0	0.000	2018	03	04
W	Rr	1366	0.134	2018	02	25
W	Rr	1308	0.128	2018	02	18
W	Rr	1439	0.141	2018	02	11
W	Rr	1731	0.170	2018	02	04
W	Rr	0	0.000	2018	01	28
W	Rr	1434	0.140	2018	01	21
W	Rr	1578	0.155	2018	01	14
W	Rr	1471	0.144	2018	01	07
W	Rr	1246	0.122	2017	12	31
W	Rr	1033	0.101	2017	12	24
W	Rr	1103	0.108	2017	12	17
W	Rr	1406	0.138	2017	12	10
W	Rr	0	0.000	2017	12	03
W	Rr	1335	0.131	2017	11	26
W	Rr	1427	0.140	2017	11	19
W	Rr	1662	0.163	2017	11	12
W	Rr	1414	0.139	2017	11	05
W	Rr	1349	0.132	2017	10	29
W	Rr	1208	0.118	2017	10	22
W	Rr	2013	0.197	2017	10	15
W	Rr	1832	0.179	2017	10	08
W	Rr	0	0.000	2017	10	01
W	Rr	0	0.000	2017	09	24
W	Rr	0	0.000	2017	09	17
W	Rr	0	0.000	2017	09	10
W	Rr	0	0.000	2017	09	03
W	Rr	0	0.000	2017	08	27
W	Rr	0	0.000	2017	08	20
W	Rr	0	0.000	2017	08	13
W	Rr	0	0.000	2017	08	06
W	Rr	0	0.000	2017	07	30
W	Rr	0	0.000	2017	07	23
W	Rr	0	0.000	2017	07	16
W	Rr	0	0.000	2017	07	09
W	Rr	0	0.000	2017	07	02
W	Rr	0	0.000	2017	06	25
W	Rr	0	0.000	2017	06	18
W	Rr	0	0.000	2017	06	11
W	Rr	0	0.000	2017	06	04
W	Rr	25	0.002	2017	05	28
W	Rr	1838	0.180	2017	05	21
W	Rr	1915	0.188	2017	05	14
W	Rr	1676	0.164	2017	05	07
W	Rr	1677	0.164	2017	04	30
W	Rr	2071	0.203	2017	04	23
W	Rr	1978	0.194	2017	04	16
W	Rr	1874	0.184	2017	04	09
W	Rr	3435	0.337	2017	04	02
W	Rr	2619	0.257	2017	03	26
W	Rr	2633	0.258	2017	03	19
W	Rr	2413	0.236	2017	03	12
W	Rr	3092	0.303	2017	03	05
W	Rr	2295	0.225	2017	02	26
W	Rr	2204	0.216	2017	02	19
W	Rr	1869	0.183	2017	02	12
W	Rr	1973	0.193	2017	02	05
W	Rr	1783	0.175	2017	01	29
W	Rr	1768	0.173	2017	01	22
W	Rr	1585	0.155	2017	01	15
W	Rr	1768	0.173	2017	01	08
W	Rr	1740	0.170	2017	01	01
W	Rr	1549	0.152	2016	12	25
W	Rr	2202	0.216	2016	12	18
W	Rr	1812	0.178	2016	12	11
W	Rr	2648	0.259	2016	12	04
W	Rr	2236	0.219	2016	11	27
W	Rr	1321	0.129	2016	11	20
W	Rr	1996	0.196	2016	11	13
W	Rr	1716	0.168	2016	11	06
W	Rr	1564	0.153	2016	10	30
W	Rr	1362	0.133	2016	10	23
W	Rr	1707	0.167	2016	10	16
W	Rr	1696	0.166	2016	10	09
W	Rr	36	0.004	2016	10	02
W	Rr	2002	0.196	2016	09	25
W	Rr	1399	0.137	2016	09	18
W	Rr	1199	0.117	2016	09	11
W	Rr	1326	0.130	2016	09	04
W	Rr	1316	0.129	2016	08	28
W	Rr	1257	0.123	2016	08	21
W	Rr	1208	0.118	2016	08	14
W	Rr	1602	0.157	2016	08	07
W	Rr	1319	0.129	2016	07	31
W	Rr	1796	0.176	2016	07	24
W	Rr	1171	0.115	2016	07	17
W	Rr	1167	0.114	2016	07	10
W	Rr	917	0.090	2016	07	03
W	Rr	920	0.090	2016	06	26
W	Rr	1179	0.116	2016	06	19
W	Rr	1288	0.126	2016	06	12
W	Rr	1237	0.121	2016	06	05
W	Rr	1263	0.124	2016	05	29
W	Rr	1338	0.131	2016	05	22
W	Rr	1184	0.116	2016	05	15
W	Rr	1365	0.134	2016	05	08
W	Rr	974	0.095	2016	05	01
W	Rr	1311	0.128	2016	04	24
W	Rr	1127	0.110	2016	04	17
W	Rr	1248	0.122	2016	04	10
W	Rr	1451	0.142	2016	04	03
W	Rr	987	0.097	2016	03	27
W	Rr	1233	0.121	2016	03	20
W	Rr	1347	0.132	2016	03	13
W	Rr	1347	0.132	2016	03	06
W	Rr	1236	0.121	2016	02	28
W	Rr	1422	0.139	2016	02	21
W	Rr	1085	0.106	2016	02	14
W	Rr	1427	0.140	2016	02	07
W	Rr	1359	0.133	2016	01	31
W	Rr	1708	0.167	2016	01	24
W	Rr	1476	0.145	2016	01	17
W	Rr	1563	0.153	2016	01	10
W	Rr	1381	0.135	2016	01	03
W	Rr	1273	0.125	2015	12	27
W	Rr	1084	0.106	2015	12	20
W	Rr	1344	0.132	2015	12	13
W	Rr	1336	0.131	2015	12	06
W	Rr	1123	0.110	2015	11	29
W	Rr	960	0.094	2015	11	22
W	Rr	1337	0.131	2015	11	15
W	Rr	1400	0.137	2015	11	08
W	Rr	1383	0.136	2015	11	01
W	Rr	1250	0.122	2015	10	25
W	Rr	1366	0.134	2015	10	18
W	Rr	1367	0.134	2015	10	11
W	Rr	1214	0.119	2015	10	04
W	Rr	1152	0.113	2015	09	27
W	Rr	1387	0.136	2015	09	20
W	Rr	1655	0.162	2015	09	13
W	Rr	1526	0.150	2015	09	06
W	Rr	1242	0.122	2015	08	30
W	Rr	1800	0.176	2015	08	23
W	Rr	1527	0.150	2015	08	16
W	Rr	1386	0.136	2015	08	09
W	Rr	1593	0.156	2015	08	02
W	Rr	1567	0.154	2015	07	26
W	Rr	1980	0.194	2015	07	19
W	Rr	2180	0.214	2015	07	12
W	Rr	2008	0.197	2015	07	05
W	Rr	2297	0.225	2015	06	28
W	Rr	1556	0.152	2015	06	21
W	Rr	1380	0.135	2015	06	14
W	Rr	2013	0.197	2015	06	07
W	Rr	1651	0.162	2015	05	31
W	Rr	1224	0.120	2015	05	24
W	Rr	1355	0.133	2015	05	17
W	Rr	1179	0.116	2015	05	10
W	Rr	1436	0.141	2015	05	03
W	Rr	1671	0.164	2015	04	26
W	Rr	1878	0.184	2015	04	19
W	Rr	2326	0.228	2015	04	12
W	Rr	2636	0.258	2015	04	05
W	Rr	2297	0.225	2015	03	29
W	Rr	1237	0.121	2015	03	22
W	Rr	1453	0.142	2015	03	15
W	Rr	1399	0.137	2015	03	08
W	Rr	1287	0.126	2015	03	01
W	Rr	1249	0.122	2015	02	22
W	Rr	1373	0.135	2015	02	15
W	Rr	1790	0.175	2015	02	08
W	Rr	1672	0.164	2015	02	01
W	Rr	1543	0.151	2015	01	25
W	Rr	1463	0.143	2015	01	18
W	Rr	1696	0.166	2015	01	11
W	Rr	1707	0.167	2015	01	04
W	Rr	1833	0.180	2014	12	28
W	Rr	1335	0.131	2014	12	21
W	Rr	1644	0.161	2014	12	14
W	Rr	1541	0.151	2014	12	07
W	Rr	1335	0.131	2014	11	30
W	Rr	1262	0.124	2014	11	23
W	Rr	2009	0.197	2014	11	16
W	Rr	1566	0.153	2014	11	09
W	Rr	1814	0.178	2014	11	02
W	Rr	1452	0.142	2014	10	26
W	Rr	1642	0.161	2014	10	19
W	Rr	1795	0.176	2014	10	12
W	Rr	1836	0.180	2014	10	05
W	Rr	1662	0.163	2014	09	28
W	Rr	1843	0.181	2014	09	21
W	Rr	1678	0.164	2014	09	14
W	Rr	1598	0.157	2014	09	07
W	Rr	1418	0.139	2014	08	31
W	Rr	1584	0.155	2014	08	24
W	Rr	1571	0.154	2014	08	17
W	Rr	1727	0.169	2014	08	10
W	Rr	1927	0.189	2014	08	03
W	Rr	1691	0.166	2014	07	27
W	Rr	1702	0.167	2014	07	20
W	Rr	1624	0.159	2014	07	13
W	Rr	1831	0.179	2014	07	06
W	Rr	1867	0.183	2014	06	29
W	Rr	1927	0.189	2014	06	22
W	Rr	2134	0.209	2014	06	15
W	Rr	4851	0.475	2014	06	08
W	Rr	2293	0.225	2014	06	01
W	Rr	3180	0.312	2014	05	25
W	Rr	1468	0.144	2014	05	18
W	Rr	1808	0.177	2014	05	11
W	Rr	1998	0.196	2014	05	04
W	Rr	1876	0.184	2014	04	27
W	Rr	2330	0.228	2014	04	20
W	Rr	2565	0.251	2014	04	13
W	Rr	2652	0.260	2014	04	06
W	Rr	2574	0.252	2014	03	30
W	Rr	1186	0.116	2014	03	23
W	Rr	1305	0.128	2014	03	16
W	Rr	2273	0.223	2014	03	09
W	Rr	2231	0.219	2014	03	02
W	Rr	1925	0.189	2014	02	23
W	Rr	7060	0.692	2014	02	16
W	Rr	2854	0.280	2014	02	09
W	Rr	3190	0.313	2014	02	02
W	Rr	3743	0.367	2014	01	26
W	Rr	3643	0.357	2014	01	19
W	Rr	2961	0.290	2014	01	12
W	Rr	2319	0.227	2014	01	05
W	Rr	981	0.096	2013	12	29
W	Rr	1108	0.109	2013	12	22
W	Rr	1226	0.120	2013	12	15
W	Rr	1285	0.126	2013	12	08
W	Rr	1289	0.126	2013	12	01
W	Rr	1404	0.138	2013	11	24
W	Rr	1142	0.112	2013	11	17
W	Rr	1334	0.131	2013	11	10
W	Rr	1277	0.125	2013	11	03
W	Rr	1035	0.101	2013	10	27
W	Rr	1309	0.128	2013	10	20
W	Rr	1302	0.128	2013	10	13
W	Rr	1432	0.140	2013	10	06
W	Rr	1178	0.115	2013	09	29
W	Rr	947	0.093	2013	09	22
W	Rr	1254	0.123	2013	09	15
W	Rr	1099	0.108	2013	09	08
W	Rr	1053	0.103	2013	09	01
W	Rr	1010	0.099	2013	08	25
W	Rr	1102	0.108	2013	08	18
W	Rr	1063	0.104	2013	08	11
W	Rr	1105	0.108	2013	08	04
W	Rr	1377	0.135	2013	07	28
W	Rr	1498	0.147	2013	07	21
W	Rr	1295	0.127	2013	07	14
W	Rr	1237	0.121	2013	07	07
W	Rr	1003	0.098	2013	06	30
W	Rr	1275	0.125	2013	06	23
W	Rr	1072	0.105	2013	06	16
W	Rr	1249	0.122	2013	06	09
W	Rr	1521	0.149	2013	06	02
W	Rr	1256	0.123	2013	05	26
W	Rr	1091	0.107	2013	05	19
W	Rr	1359	0.133	2013	05	12
W	Rr	1130	0.111	2013	05	05
W	Rr	1215	0.119	2013	04	28
W	Rr	1368	0.134	2013	04	21
W	Rr	1318	0.129	2013	04	14
W	Rr	1408	0.138	2013	04	07
W	Rr	1277	0.125	2013	03	31
W	Rr	1452	0.142	2013	03	24
W	Rr	1418	0.139	2013	03	17
W	Rr	1217	0.119	2013	03	10
W	Rr	1490	0.146	2013	03	03
W	Rr	1353	0.133	2013	02	24
W	Rr	1268	0.124	2013	02	17
W	Rr	1274	0.125	2013	02	10
W	Rr	1153	0.113	2013	02	03
W	Rr	1266	0.124	2013	01	27
W	Rr	1271	0.125	2013	01	20
W	Rr	1449	0.142	2013	01	13
W	Rr	1253	0.123	2013	01	06
W	Rr	1309	0.128	2012	12	30
W	Rr	1156	0.113	2012	12	23
W	Rr	1336	0.131	2012	12	16
W	Rr	1575	0.154	2012	12	09
W	Rr	1087	0.107	2012	12	02
W	Rr	1376	0.135	2012	11	25
W	Rr	1136	0.111	2012	11	18
W	Rr	1341	0.131	2012	11	11
W	Rr	1418	0.139	2012	11	04
W	Rr	1103	0.108	2012	10	28
W	Rr	1200	0.118	2012	10	21
W	Rr	1382	0.135	2012	10	14
W	Rr	1127	0.110	2012	10	07
W	Rr	1187	0.116	2012	09	30
W	Rr	1172	0.115	2012	09	23
W	Rr	1034	0.101	2012	09	16
W	Rr	944	0.092	2012	09	09
W	Rr	958	0.094	2012	09	02
W	Rr	734	0.072	2012	08	26
W	Rr	881	0.086	2012	08	19
W	Rr	874	0.086	2012	08	12
W	Rr	973	0.095	2012	08	05
W	Rr	1010	0.099	2012	07	29
W	Rr	943	0.092	2012	07	22
W	Rr	1089	0.107	2012	07	15
W	Rr	888	0.087	2012	07	08
W	Rr	845	0.083	2012	07	01
W	Rr	1070	0.105	2012	06	24
W	Rr	1050	0.103	2012	06	17
W	Rr	1271	0.125	2012	06	10
W	Rr	957	0.094	2012	06	03
W	Rr	1249	0.122	2012	05	27
W	Rr	1055	0.103	2012	05	20
W	Rr	1392	0.136	2012	05	13
W	Rr	1140	0.112	2012	05	06
W	Rr	1807	0.177	2012	04	29
W	Rr	1225	0.120	2012	04	22
W	Rr	1264	0.124	2012	04	15
W	Rr	1075	0.105	2012	04	08
W	Rr	1261	0.124	2012	04	01
W	Rr	1345	0.132	2012	03	25
W	Rr	1254	0.123	2012	03	18
W	Rr	1478	0.145	2012	03	11
W	Rr	1503	0.147	2012	03	04
W	Rr	1532	0.150	2012	02	26
W	Rr	1464	0.143	2012	02	19
W	Rr	1154	0.113	2012	02	12
W	Rr	1240	0.121	2012	02	05
W	Rr	1088	0.107	2012	01	29
W	Rr	1125	0.110	2012	01	22
W	Rr	60	0.006	2012	01	15
W	Rr	1472	0.144	2012	01	08
W	Rr	1122	0.110	2012	01	01
W	Rr	888	0.087	2011	12	25
W	Rr	1360	0.133	2011	12	18
W	Rr	1486	0.146	2011	12	11
W	Rr	1330	0.130	2011	12	04
W	Rr	1094	0.107	2011	11	27
W	Rr	1062	0.104	2011	11	20
W	Rr	1123	0.110	2011	11	13
W	Rr	975	0.096	2011	11	06
W	Rr	1264	0.124	2011	10	30
W	Rr	1140	0.112	2011	10	23
W	Rr	1211	0.119	2011	10	16
W	Rr	1236	0.121	2011	10	09
W	Rr	1128	0.111	2011	10	02
W	Rr	1083	0.106	2011	09	25
W	Rr	1451	0.142	2011	09	18
W	Rr	1278	0.125	2011	09	11
W	Rr	1219	0.119	2011	09	04
W	Rr	1316	0.129	2011	08	28
W	Rr	1119	0.110	2011	08	21
W	Rr	1484	0.145	2011	08	14
W	Rr	1671	0.164	2011	08	07
W	Rr	1319	0.129	2011	07	31
W	Rr	1197	0.117	2011	07	24
W	Rr	1504	0.147	2011	07	17
W	Rr	1367	0.134	2011	07	10
W	Rr	1205	0.118	2011	07	03
W	Rr	1333	0.131	2011	06	26
W	Rr	1059	0.104	2011	06	19
W	Rr	1353	0.133	2011	06	12
W	Rr	1275	0.125	2011	06	05
W	Rr	983	0.096	2011	05	29
W	Rr	1262	0.124	2011	05	22
W	Rr	1374	0.135	2011	05	15
W	Rr	1076	0.105	2011	05	08
W	Rr	0	0.000	2011	05	01
W	Rr	0	0.000	2011	04	24
W	Rr	0	0.000	2011	04	17
W	Rr	0	0.000	2011	04	10
W	Rr	0	0.000	2011	04	03
W	Rr	0	0.000	2011	03	27
W	Rr	24	0.002	2011	03	20
W	Rr	1317	0.129	2011	03	13
W	Rr	1258	0.123	2011	03	06
W	Rr	1372	0.134	2011	02	27
W	Rr	1226	0.120	2011	02	20
W	Rr	1524	0.149	2011	02	13
W	Rr	1366	0.134	2011	02	06
W	Rr	958	0.094	2011	01	30
W	Rr	1273	0.125	2011	01	23
W	Rr	1560	0.153	2011	01	16
W	Rr	1472	0.144	2011	01	09
W	Rr	1310	0.128	2011	01	02
W	Rr	798	0.078	2010	12	26
W	Rr	935	0.092	2010	12	19
W	Rr	0	0.000	2010	12	12
W	Rr	0	0.000	2010	12	05
W	Rr	0	0.000	2010	11	28
W	Rr	0	0.000	2010	11	21
W	Rr	0	0.000	2010	11	14
W	Rr	0	0.000	2010	11	07
W	Rr	0	0.000	2010	10	31
W	Rr	0	0.000	2010	10	24
W	Rr	0	0.000	2010	10	17
W	Rr	0	0.000	2010	10	10
W	Rr	0	0.000	2010	10	03
W	Rr	0	0.000	2010	09	26
W	Rr	0	0.000	2010	09	19
W	Rr	0	0.000	2010	09	12
W	Rr	0	0.000	2010	09	05
W	Rr	0	0.000	2010	08	29
W	Rr	0	0.000	2010	08	22
W	Rr	0	0.000	2010	08	15
W	Rr	0	0.000	2010	08	08
W	Rr	0	0.000	2010	08	01
W	Rr	0	0.000	2010	07	25
W	Rr	0	0.000	2010	07	18
W	Rr	0	0.000	2010	07	11
W	Rr	0	0.000	2010	07	04
W	Rr	15	0.001	2010	06	27
W	Rr	914	0.090	2010	06	20
W	Rr	1104	0.108	2010	06	13
W	Rr	1096	0.107	2010	06	06
W	Rr	1171	0.115	2010	05	30
W	Rr	1115	0.109	2010	05	23
W	Rr	1170	0.115	2010	05	16
W	Rr	1334	0.131	2010	05	09
W	Rr	1109	0.109	2010	05	02
W	Rr	1067	0.105	2010	04	25
W	Rr	1212	0.119	2010	04	18
W	Rr	1054	0.103	2010	04	11
W	Rr	1325	0.130	2010	04	04
W	Rr	811	0.079	2010	03	28
W	Rr	1195	0.117	2010	03	21
W	Rr	1338	0.131	2010	03	14
W	Rr	1113	0.109	2010	03	07
W	Rr	1103	0.108	2010	02	28
W	Rr	1290	0.126	2010	02	21
W	Rr	0	0.000	2010	02	14
W	Rr	0	0.000	2010	02	07
W	Rr	0	0.000	2010	01	31
W	Rr	0	0.000	2010	01	24
W	Rr	0	0.000	2010	01	17
W	Rr	0	0.000	2010	01	10
W	Rr	0	0.000	2010	01	03
W	Rr	78	0.008	2009	12	27
W	Rr	945	0.093	2009	12	20
W	Rr	1140	0.112	2009	12	13
W	Rr	1323	0.130	2009	12	06
W	Rr	1518	0.149	2009	11	29
W	Rr	1352	0.132	2009	11	22
W	Rr	1346	0.132	2009	11	15
W	Rr	1416	0.139	2009	11	08
W	Rr	1734	0.170	2009	11	01
W	Rr	1035	0.101	2009	10	25
W	Rr	1297	0.127	2009	10	18
W	Rr	1267	0.124	2009	10	11
W	Rr	1440	0.141	2009	10	04
W	Rr	1521	0.149	2009	09	27
W	Rr	1121	0.110	2009	09	20
W	Rr	875	0.086	2009	09	13
W	Rr	1032	0.101	2009	09	06
W	Rr	1283	0.126	2009	08	30
W	Rr	1214	0.119	2009	08	23
W	Rr	1402	0.137	2009	08	16
W	Rr	1260	0.123	2009	08	09
W	Rr	1404	0.138	2009	08	02
W	Rr	1380	0.135	2009	07	26
W	Rr	1470	0.144	2009	07	19
W	Rr	1750	0.171	2009	07	12
W	Rr	1847	0.181	2009	07	05
W	Rr	1889	0.185	2009	06	28
W	Rr	1312	0.129	2009	06	21
W	Rr	1093	0.107	2009	06	14
W	Rr	1363	0.134	2009	06	07
W	Rr	1251	0.123	2009	05	31
W	Rr	1352	0.132	2009	05	24
W	Rr	1133	0.111	2009	05	17
W	Rr	1887	0.185	2009	05	10
W	Rr	1369	0.134	2009	05	03
W	Rr	1089	0.107	2009	04	26
W	Rr	1160	0.114	2009	04	19
W	Rr	1189	0.116	2009	04	12
W	Rr	1529	0.150	2009	04	05
W	Rr	1155	0.113	2009	03	29
W	Rr	1230	0.121	2009	03	22
W	Rr	1029	0.101	2009	03	15
W	Rr	1234	0.121	2009	03	08
W	Rr	1486	0.146	2009	03	01
W	Rr	1470	0.144	2009	02	22
W	Rr	1198	0.117	2009	02	15
W	Rr	1802	0.177	2009	02	08
W	Rr	1653	0.162	2009	02	01
W	Rr	1346	0.132	2009	01	25
W	Rr	1431	0.140	2009	01	18
W	Rr	1678	0.164	2009	01	11
W	Rr	1591	0.156	2009	01	04
W	Rr	886	0.087	2008	12	28
W	Rr	1148	0.112	2008	12	21
W	Rr	1428	0.140	2008	12	14
W	Rr	1508	0.148	2008	12	07
W	Rr	1194	0.117	2008	11	30
W	Rr	1070	0.105	2008	11	23
W	Rr	1396	0.137	2008	11	16
W	Rr	1255	0.123	2008	11	09
W	Rr	1314	0.129	2008	11	02
W	Rr	1397	0.137	2008	10	26
W	Rr	1638	0.160	2008	10	19
W	Rr	1298	0.127	2008	10	12
W	Rr	430	0.042	2008	10	05
W	Rr	723	0.071	2008	09	28
W	Rr	1308	0.128	2008	09	21
W	Rr	1242	0.122	2008	09	14
W	Rr	1409	0.138	2008	09	07
W	Rr	1142	0.112	2008	08	31
W	Rr	1022	0.100	2008	08	24
W	Rr	1062	0.104	2008	08	17
W	Rr	1188	0.116	2008	08	10
W	Rr	1232	0.121	2008	08	03
W	Rr	1050	0.103	2008	07	27
W	Rr	1272	0.125	2008	07	20
W	Rr	1305	0.128	2008	07	13
W	Rr	1093	0.107	2008	07	06
W	Rr	1182	0.116	2008	06	29
W	Rr	1937	0.190	2008	06	22
W	Rr	1493	0.146	2008	06	15
W	Rr	1083	0.106	2008	06	08
W	Rr	1283	0.126	2008	06	01
W	Rr	1432	0.140	2008	05	25
W	Rr	1726	0.169	2008	05	18
W	Rr	1580	0.155	2008	05	11
W	Rr	2661	0.261	2008	05	04
W	Rr	3648	0.357	2008	04	27
W	Rr	1400	0.137	2008	04	20
W	Rr	1365	0.134	2008	04	13
W	Rr	1213	0.119	2008	04	06
W	Rr	1670	0.164	2008	03	30
W	Rr	1211	0.119	2008	03	23
W	Rr	1144	0.112	2008	03	16
W	Rr	1301	0.127	2008	03	09
W	Rr	1292	0.127	2008	03	02
W	Rr	1427	0.140	2008	02	24
W	Rr	2207	0.216	2008	02	17
W	Rr	1124	0.110	2008	02	10
W	Rr	1561	0.153	2008	02	03
W	Rr	1533	0.150	2008	01	27
W	Rr	1389	0.136	2008	01	20
W	Rr	1133	0.111	2008	01	13
W	Rr	1404	0.138	2008	01	06
W	Rr	976	0.096	2007	12	30
W	Rr	801	0.078	2007	12	23
W	Rr	675	0.066	2007	12	16
W	*BT	R	7060	2014	02	16
D	Rr	277	0.027	2022	02	11
D	Rr	196	0.019	2022	02	10
D	Rr	339	0.033	2022	02	09
D	Rr	181	0.018	2022	02	08
D	Rr	262	0.026	2022	02	07
D	Rr	263	0.026	2022	02	06
D	Rr	0	0.000	2022	02	05
D	Rr	265	0.026	2022	02	04
D	Rr	243	0.024	2022	02	03
D	Rr	279	0.027	2022	02	02
D	Rr	369	0.036	2022	02	01
D	Rr	315	0.031	2022	01	31
D	Rr	316	0.031	2022	01	30
D	Rr	0	0.000	2022	01	29
D	Rr	288	0.028	2022	01	28
D	Rr	343	0.034	2022	01	27
D	Rr	331	0.032	2022	01	26
D	Rr	365	0.036	2022	01	25
D	Rr	541	0.053	2022	01	24
D	Rr	153	0.015	2022	01	23
D	Rr	0	0.000	2022	01	22
D	Rr	250	0.024	2022	01	21
D	Rr	206	0.020	2022	01	20
D	Rr	282	0.028	2022	01	19
D	Rr	248	0.024	2022	01	18
D	Rr	271	0.027	2022	01	17
D	Rr	172	0.017	2022	01	16
D	Rr	0	0.000	2022	01	15
D	Rr	309	0.030	2022	01	14
D	Rr	411	0.040	2022	01	13
D	Rr	311	0.030	2022	01	12
D	Rr	318	0.031	2022	01	11
D	Rr	194	0.019	2022	01	10
D	Rr	150	0.015	2022	01	09
D	Rr	0	0.000	2022	01	08
D	Rr	235	0.023	2022	01	07
D	Rr	362	0.035	2022	01	06
D	Rr	212	0.021	2022	01	05
D	Rr	198	0.019	2022	01	04
D	Rr	340	0.033	2022	01	03
D	Rr	194	0.019	2022	01	02
D	Rr	0	0.000	2022	01	01
D	*BT	R	2131	2008	05	03
d	Rr	122738	12.025	Sun
d	Rr	164669	16.134	Mon
d	Rr	166980	16.360	Tue
d	Rr	165481	16.213	Wed
d	Rr	166015	16.266	Thu
d	Rr	157746	15.455	Fri
d	Rr	77024	7.547	Sat
H	Rr	7	0.001	2022	02	11	23
H	Rr	23	0.002	2022	02	11	22
H	Rr	9	0.001	2022	02	11	21
H	Rr	24	0.002	2022	02	11	20
H	Rr	23	0.002	2022	02	11	19
H	Rr	25	0.002	2022	02	11	18
H	Rr	7	0.001	2022	02	11	17
H	Rr	27	0.003	2022	02	11	16
H	Rr	6	0.001	2022	02	11	15
H	Rr	5	0.000	2022	02	11	14
H	Rr	5	0.000	2022	02	11	13
H	Rr	3	0.000	2022	02	11	12
H	Rr	2	0.000	2022	02	11	11
H	Rr	30	0.003	2022	02	11	10
H	Rr	6	0.001	2022	02	11	09
H	Rr	2	0.000	2022	02	11	08
H	Rr	15	0.001	2022	02	11	07
H	Rr	7	0.001	2022	02	11	06
H	Rr	3	0.000	2022	02	11	05
H	Rr	2	0.000	2022	02	11	04
H	Rr	6	0.001	2022	02	11	03
H	Rr	22	0.002	2022	02	11	02
H	Rr	18	0.002	2022	02	11	01
H	Rr	0	0.000	2022	02	11	00
H	Rr	3	0.000	2022	02	10	23
H	Rr	1	0.000	2022	02	10	22
H	Rr	2	0.000	2022	02	10	21
H	Rr	6	0.001	2022	02	10	20
H	Rr	7	0.001	2022	02	10	19
H	Rr	6	0.001	2022	02	10	18
H	Rr	12	0.001	2022	02	10	17
H	Rr	4	0.000	2022	02	10	16
H	Rr	8	0.001	2022	02	10	15
H	Rr	25	0.002	2022	02	10	14
H	Rr	7	0.001	2022	02	10	13
H	Rr	2	0.000	2022	02	10	12
H	Rr	5	0.000	2022	02	10	11
H	Rr	0	0.000	2022	02	10	10
H	Rr	2	0.000	2022	02	10	09
H	Rr	3	0.000	2022	02	10	08
H	Rr	1	0.000	2022	02	10	07
H	Rr	24	0.002	2022	02	10	06
H	Rr	5	0.000	2022	02	10	05
H	Rr	27	0.003	2022	02	10	04
H	Rr	5	0.000	2022	02	10	03
H	Rr	2	0.000	2022	02	10	02
H	Rr	8	0.001	2022	02	10	01
H	Rr	31	0.003	2022	02	10	00
H	Rr	9	0.001	2022	02	09	23
H	Rr	3	0.000	2022	02	09	22
H	Rr	5	0.000	2022	02	09	21
H	Rr	48	0.005	2022	02	09	20
H	Rr	30	0.003	2022	02	09	19
H	Rr	17	0.002	2022	02	09	18
H	Rr	29	0.003	2022	02	09	17
H	Rr	13	0.001	2022	02	09	16
H	Rr	1	0.000	2022	02	09	15
H	Rr	36	0.004	2022	02	09	14
H	Rr	0	0.000	2022	02	09	13
H	Rr	8	0.001	2022	02	09	12
H	Rr	6	0.001	2022	02	09	11
H	Rr	0	0.000	2022	02	09	10
H	Rr	9	0.001	2022	02	09	09
H	Rr	1	0.000	2022	02	09	08
H	Rr	5	0.000	2022	02	09	07
H	Rr	27	0.003	2022	02	09	06
H	Rr	36	0.004	2022	02	09	05
H	Rr	2	0.000	2022	02	09	04
H	Rr	2	0.000	2022	02	09	03
H	Rr	6	0.001	2022	02	09	02
H	Rr	30	0.003	2022	02	09	01
H	Rr	16	0.002	2022	02	09	00
H	*BT	R	750	2020	12	11	23
h	Rr	40000	3.919	00
h	Rr	38990	3.820	01
h	Rr	39919	3.911	02
h	Rr	39229	3.844	03
h	Rr	38300	3.752	04
h	Rr	36442	3.570	05
h	Rr	35786	3.506	06
h	Rr	35054	3.434	07
h	Rr	33887	3.320	08
h	Rr	32333	3.168	09
h	Rr	32267	3.161	10
h	Rr	36057	3.533	11
h	Rr	36253	3.552	12
h	Rr	37987	3.722	13
h	Rr	44558	4.366	14
h	Rr	50267	4.925	15
h	Rr	54210	5.311	16
h	Rr	54260	5.316	17
h	Rr	55230	5.411	18
h	Rr	54443	5.334	19
h	Rr	53936	5.284	20
h	Rr	50678	4.965	21
h	Rr	46566	4.562	22
h	Rr	44001	4.311	23
4	Rr	1	0.000	2022	02	11	23	45
4	Rr	2	0.000	2022	02	11	23	30
4	Rr	4	0.000	2022	02	11	23	15
4	Rr	0	0.000	2022	02	11	23	00
4	Rr	0	0.000	2022	02	11	22	45
4	Rr	7	0.001	2022	02	11	22	30
4	Rr	16	0.002	2022	02	11	22	15
4	Rr	0	0.000	2022	02	11	22	00
4	Rr	8	0.001	2022	02	11	21	45
4	Rr	0	0.000	2022	02	11	21	30
4	Rr	1	0.000	2022	02	11	21	15
4	Rr	0	0.000	2022	02	11	21	00
4	Rr	0	0.000	2022	02	11	20	45
4	Rr	1	0.000	2022	02	11	20	30
4	Rr	22	0.002	2022	02	11	20	15
4	Rr	1	0.000	2022	02	11	20	00
4	Rr	4	0.000	2022	02	11	19	45
4	Rr	9	0.001	2022	02	11	19	30
4	Rr	9	0.001	2022	02	11	19	15
4	Rr	1	0.000	2022	02	11	19	00
4	Rr	2	0.000	2022	02	11	18	45
4	Rr	22	0.002	2022	02	11	18	30
4	Rr	1	0.000	2022	02	11	18	15
4	Rr	0	0.000	2022	02	11	18	00
4	Rr	1	0.000	2022	02	11	17	45
4	Rr	0	0.000	2022	02	11	17	30
4	Rr	2	0.000	2022	02	11	17	15
4	Rr	4	0.000	2022	02	11	17	00
4	Rr	0	0.000	2022	02	11	16	45
4	Rr	1	0.000	2022	02	11	16	30
4	Rr	25	0.002	2022	02	11	16	15
4	Rr	1	0.000	2022	02	11	16	00
4	Rr	3	0.000	2022	02	11	15	45
4	Rr	1	0.000	2022	02	11	15	30
4	Rr	0	0.000	2022	02	11	15	15
4	Rr	2	0.000	2022	02	11	15	00
4	Rr	0	0.000	2022	02	11	14	45
4	Rr	2	0.000	2022	02	11	14	30
4	Rr	1	0.000	2022	02	11	14	15
4	Rr	2	0.000	2022	02	11	14	00
4	Rr	1	0.000	2022	02	11	13	45
4	Rr	0	0.000	2022	02	11	13	30
4	Rr	4	0.000	2022	02	11	13	15
4	Rr	0	0.000	2022	02	11	13	00
4	Rr	0	0.000	2022	02	11	12	45
4	Rr	3	0.000	2022	02	11	12	30
4	Rr	0	0.000	2022	02	11	12	15
4	Rr	0	0.000	2022	02	11	12	00
4	Rr	0	0.000	2022	02	11	11	45
4	Rr	1	0.000	2022	02	11	11	30
4	Rr	1	0.000	2022	02	11	11	15
4	Rr	0	0.000	2022	02	11	11	00
4	Rr	29	0.003	2022	02	11	10	45
4	Rr	1	0.000	2022	02	11	10	30
4	Rr	0	0.000	2022	02	11	10	15
4	Rr	0	0.000	2022	02	11	10	00
4	Rr	0	0.000	2022	02	11	09	45
4	Rr	4	0.000	2022	02	11	09	30
4	Rr	0	0.000	2022	02	11	09	15
4	Rr	2	0.000	2022	02	11	09	00
4	Rr	0	0.000	2022	02	11	08	45
4	Rr	0	0.000	2022	02	11	08	30
4	Rr	0	0.000	2022	02	11	08	15
4	Rr	2	0.000	2022	02	11	08	00
4	Rr	9	0.001	2022	02	11	07	45
4	Rr	5	0.000	2022	02	11	07	30
4	Rr	1	0.000	2022	02	11	07	15
4	Rr	0	0.000	2022	02	11	07	00
4	Rr	0	0.000	2022	02	11	06	45
4	Rr	5	0.000	2022	02	11	06	30
4	Rr	2	0.000	2022	02	11	06	15
4	Rr	0	0.000	2022	02	11	06	00
4	Rr	0	0.000	2022	02	11	05	45
4	Rr	0	0.000	2022	02	11	05	30
4	Rr	3	0.000	2022	02	11	05	15
4	Rr	0	0.000	2022	02	11	05	00
4	Rr	0	0.000	2022	02	11	04	45
4	Rr	1	0.000	2022	02	11	04	30
4	Rr	0	0.000	2022	02	11	04	15
4	Rr	1	0.000	2022	02	11	04	00
4	Rr	3	0.000	2022	02	11	03	45
4	Rr	0	0.000	2022	02	11	03	30
4	Rr	2	0.000	2022	02	11	03	15
4	Rr	1	0.000	2022	02	11	03	00
4	Rr	1	0.000	2022	02	11	02	45
4	Rr	0	0.000	2022	02	11	02	30
4	Rr	21	0.002	2022	02	11	02	15
4	Rr	0	0.000	2022	02	11	02	00
4	Rr	12	0.001	2022	02	11	01	45
4	Rr	4	0.000	2022	02	11	01	30
4	Rr	1	0.000	2022	02	11	01	15
4	Rr	1	0.000	2022	02	11	01	00
4	Rr	0	0.000	2022	02	11	00	45
4	Rr	0	0.000	2022	02	11	00	30
4	Rr	0	0.000	2022	02	11	00	15
4	Rr	0	0.000	2022	02	11	00	00
4	*BT	R	744	2021	04	12	15	00
6	Rr	9878	0.968	00	00
6	Rr	9953	0.975	00	15
6	Rr	9924	0.972	00	30
6	Rr	10245	1.004	00	45
6	Rr	9522	0.933	01	00
6	Rr	9867	0.967	01	15
6	Rr	9874	0.967	01	30
6	Rr	9727	0.953	01	45
6	Rr	9506	0.931	02	00
6	Rr	10451	1.024	02	15
6	Rr	10204	1.000	02	30
6	Rr	9758	0.956	02	45
6	Rr	9386	0.920	03	00
6	Rr	9171	0.899	03	15
6	Rr	9640	0.944	03	30
6	Rr	11032	1.081	03	45
6	Rr	9645	0.945	04	00
6	Rr	10092	0.989	04	15
6	Rr	9072	0.889	04	30
6	Rr	9491	0.930	04	45
6	Rr	8799	0.862	05	00
6	Rr	9665	0.947	05	15
6	Rr	9314	0.913	05	30
6	Rr	8664	0.849	05	45
6	Rr	9716	0.952	06	00
6	Rr	8801	0.862	06	15
6	Rr	8921	0.874	06	30
6	Rr	8348	0.818	06	45
6	Rr	8759	0.858	07	00
6	Rr	9080	0.890	07	15
6	Rr	9118	0.893	07	30
6	Rr	8097	0.793	07	45
6	Rr	8778	0.860	08	00
6	Rr	8366	0.820	08	15
6	Rr	8925	0.874	08	30
6	Rr	7818	0.766	08	45
6	Rr	8209	0.804	09	00
6	Rr	8334	0.817	09	15
6	Rr	8051	0.789	09	30
6	Rr	7739	0.758	09	45
6	Rr	7858	0.770	10	00
6	Rr	7836	0.768	10	15
6	Rr	7951	0.779	10	30
6	Rr	8622	0.845	10	45
6	Rr	9998	0.980	11	00
6	Rr	8550	0.838	11	15
6	Rr	8694	0.852	11	30
6	Rr	8815	0.864	11	45
6	Rr	9939	0.974	12	00
6	Rr	8599	0.842	12	15
6	Rr	8777	0.860	12	30
6	Rr	8938	0.876	12	45
6	Rr	9373	0.918	13	00
6	Rr	9275	0.909	13	15
6	Rr	9903	0.970	13	30
6	Rr	9436	0.925	13	45
6	Rr	10699	1.048	14	00
6	Rr	11297	1.107	14	15
6	Rr	11244	1.102	14	30
6	Rr	11318	1.109	14	45
6	Rr	12398	1.215	15	00
6	Rr	11873	1.163	15	15
6	Rr	12704	1.245	15	30
6	Rr	13292	1.302	15	45
6	Rr	13391	1.312	16	00
6	Rr	13180	1.291	16	15
6	Rr	13791	1.351	16	30
6	Rr	13848	1.357	16	45
6	Rr	13629	1.335	17	00
6	Rr	13382	1.311	17	15
6	Rr	13892	1.361	17	30
6	Rr	13357	1.309	17	45
6	Rr	13479	1.321	18	00
6	Rr	13908	1.363	18	15
6	Rr	13822	1.354	18	30
6	Rr	14021	1.374	18	45
6	Rr	14660	1.436	19	00
6	Rr	13134	1.287	19	15
6	Rr	13385	1.311	19	30
6	Rr	13264	1.300	19	45
6	Rr	13870	1.359	20	00
6	Rr	13524	1.325	20	15
6	Rr	12802	1.254	20	30
6	Rr	13740	1.346	20	45
6	Rr	13528	1.325	21	00
6	Rr	12541	1.229	21	15
6	Rr	12175	1.193	21	30
6	Rr	12434	1.218	21	45
6	Rr	11775	1.154	22	00
6	Rr	11869	1.163	22	15
6	Rr	11641	1.141	22	30
6	Rr	11281	1.105	22	45
6	Rr	11748	1.151	23	00
6	Rr	11820	1.158	23	15
6	Rr	10432	1.022	23	30
6	Rr	10001	0.980	23	45
5	Rr	1	0.000	2022	02	11	23	45
5	Rr	0	0.000	2022	02	11	23	40
5	Rr	2	0.000	2022	02	11	23	35
5	Rr	0	0.000	2022	02	11	23	30
5	Rr	0	0.000	2022	02	11	23	25
5	Rr	0	0.000	2022	02	11	23	20
5	Rr	4	0.000	2022	02	11	23	15
5	Rr	0	0.000	2022	02	11	23	10
5	Rr	0	0.000	2022	02	11	23	05
5	Rr	0	0.000	2022	02	11	23	00
5	Rr	0	0.000	2022	02	11	22	55
5	Rr	0	0.000	2022	02	11	22	50
5	Rr	0	0.000	2022	02	11	22	45
5	Rr	1	0.000	2022	02	11	22	40
5	Rr	1	0.000	2022	02	11	22	35
5	Rr	5	0.000	2022	02	11	22	30
5	Rr	16	0.002	2022	02	11	22	25
5	Rr	0	0.000	2022	02	11	22	20
5	Rr	0	0.000	2022	02	11	22	15
5	Rr	0	0.000	2022	02	11	22	10
5	Rr	0	0.000	2022	02	11	22	05
5	Rr	0	0.000	2022	02	11	22	00
5	Rr	0	0.000	2022	02	11	21	55
5	Rr	8	0.001	2022	02	11	21	50
5	Rr	0	0.000	2022	02	11	21	45
5	Rr	0	0.000	2022	02	11	21	40
5	Rr	0	0.000	2022	02	11	21	35
5	Rr	0	0.000	2022	02	11	21	30
5	Rr	0	0.000	2022	02	11	21	25
5	Rr	1	0.000	2022	02	11	21	20
5	Rr	0	0.000	2022	02	11	21	15
5	Rr	0	0.000	2022	02	11	21	10
5	Rr	0	0.000	2022	02	11	21	05
5	Rr	0	0.000	2022	02	11	21	00
5	Rr	0	0.000	2022	02	11	20	55
5	Rr	0	0.000	2022	02	11	20	50
5	Rr	0	0.000	2022	02	11	20	45
5	Rr	1	0.000	2022	02	11	20	40
5	Rr	0	0.000	2022	02	11	20	35
5	Rr	0	0.000	2022	02	11	20	30
5	Rr	22	0.002	2022	02	11	20	25
5	Rr	0	0.000	2022	02	11	20	20
5	Rr	0	0.000	2022	02	11	20	15
5	Rr	0	0.000	2022	02	11	20	10
5	Rr	1	0.000	2022	02	11	20	05
5	Rr	0	0.000	2022	02	11	20	00
5	Rr	0	0.000	2022	02	11	19	55
5	Rr	1	0.000	2022	02	11	19	50
5	Rr	3	0.000	2022	02	11	19	45
5	Rr	2	0.000	2022	02	11	19	40
5	Rr	4	0.000	2022	02	11	19	35
5	Rr	3	0.000	2022	02	11	19	30
5	Rr	8	0.001	2022	02	11	19	25
5	Rr	1	0.000	2022	02	11	19	20
5	Rr	0	0.000	2022	02	11	19	15
5	Rr	0	0.000	2022	02	11	19	10
5	Rr	1	0.000	2022	02	11	19	05
5	Rr	0	0.000	2022	02	11	19	00
5	Rr	0	0.000	2022	02	11	18	55
5	Rr	2	0.000	2022	02	11	18	50
5	Rr	0	0.000	2022	02	11	18	45
5	Rr	0	0.000	2022	02	11	18	40
5	Rr	1	0.000	2022	02	11	18	35
5	Rr	21	0.002	2022	02	11	18	30
5	Rr	1	0.000	2022	02	11	18	25
5	Rr	0	0.000	2022	02	11	18	20
5	Rr	0	0.000	2022	02	11	18	15
5	Rr	0	0.000	2022	02	11	18	10
5	Rr	0	0.000	2022	02	11	18	05
5	Rr	0	0.000	2022	02	11	18	00
5	Rr	1	0.000	2022	02	11	17	55
5	Rr	0	0.000	2022	02	11	17	50
5	Rr	0	0.000	2022	02	11	17	45
5	Rr	0	0.000	2022	02	11	17	40
5	Rr	0	0.000	2022	02	11	17	35
5	Rr	0	0.000	2022	02	11	17	30
5	Rr	0	0.000	2022	02	11	17	25
5	Rr	0	0.000	2022	02	11	17	20
5	Rr	2	0.000	2022	02	11	17	15
5	Rr	0	0.000	2022	02	11	17	10
5	Rr	0	0.000	2022	02	11	17	05
5	Rr	4	0.000	2022	02	11	17	00
5	Rr	0	0.000	2022	02	11	16	55
5	Rr	0	0.000	2022	02	11	16	50
5	Rr	0	0.000	2022	02	11	16	45
5	Rr	0	0.000	2022	02	11	16	40
5	Rr	1	0.000	2022	02	11	16	35
5	Rr	0	0.000	2022	02	11	16	30
5	Rr	25	0.002	2022	02	11	16	25
5	Rr	0	0.000	2022	02	11	16	20
5	Rr	0	0.000	2022	02	11	16	15
5	Rr	0	0.000	2022	02	11	16	10
5	Rr	0	0.000	2022	02	11	16	05
5	Rr	1	0.000	2022	02	11	16	00
5	Rr	3	0.000	2022	02	11	15	55
5	Rr	0	0.000	2022	02	11	15	50
5	Rr	0	0.000	2022	02	11	15	45
5	Rr	1	0.000	2022	02	11	15	40
5	Rr	0	0.000	2022	02	11	15	35
5	Rr	0	0.000	2022	02	11	15	30
5	Rr	0	0.000	2022	02	11	15	25
5	Rr	0	0.000	2022	02	11	15	20
5	Rr	0	0.000	2022	02	11	15	15
5	Rr	0	0.000	2022	02	11	15	10
5	Rr	1	0.000	2022	02	11	15	05
5	Rr	1	0.000	2022	02	11	15	00
5	Rr	0	0.000	2022	02	11	14	55
5	Rr	0	0.000	2022	02	11	14	50
5	Rr	0	0.000	2022	02	11	14	45
5	Rr	0	0.000	2022	02	11	14	40
5	Rr	0	0.000	2022	02	11	14	35
5	Rr	2	0.000	2022	02	11	14	30
5	Rr	0	0.000	2022	02	11	14	25
5	Rr	1	0.000	2022	02	11	14	20
5	Rr	0	0.000	2022	02	11	14	15
5	Rr	2	0.000	2022	02	11	14	10
5	Rr	0	0.000	2022	02	11	14	05
5	Rr	0	0.000	2022	02	11	14	00
5	Rr	0	0.000	2022	02	11	13	55
5	Rr	0	0.000	2022	02	11	13	50
5	Rr	1	0.000	2022	02	11	13	45
5	Rr	0	0.000	2022	02	11	13	40
5	Rr	0	0.000	2022	02	11	13	35
5	Rr	0	0.000	2022	02	11	13	30
5	Rr	2	0.000	2022	02	11	13	25
5	Rr	2	0.000	2022	02	11	13	20
5	Rr	0	0.000	2022	02	11	13	15
5	Rr	0	0.000	2022	02	11	13	10
5	Rr	0	0.000	2022	02	11	13	05
5	Rr	0	0.000	2022	02	11	13	00
5	Rr	0	0.000	2022	02	11	12	55
5	Rr	0	0.000	2022	02	11	12	50
5	Rr	0	0.000	2022	02	11	12	45
5	Rr	1	0.000	2022	02	11	12	40
5	Rr	0	0.000	2022	02	11	12	35
5	Rr	2	0.000	2022	02	11	12	30
5	Rr	0	0.000	2022	02	11	12	25
5	Rr	0	0.000	2022	02	11	12	20
5	Rr	0	0.000	2022	02	11	12	15
5	Rr	0	0.000	2022	02	11	12	10
5	Rr	0	0.000	2022	02	11	12	05
5	Rr	0	0.000	2022	02	11	12	00
5	Rr	0	0.000	2022	02	11	11	55
5	Rr	0	0.000	2022	02	11	11	50
5	Rr	0	0.000	2022	02	11	11	45
5	Rr	1	0.000	2022	02	11	11	40
5	Rr	0	0.000	2022	02	11	11	35
5	Rr	0	0.000	2022	02	11	11	30
5	Rr	1	0.000	2022	02	11	11	25
5	Rr	0	0.000	2022	02	11	11	20
5	Rr	0	0.000	2022	02	11	11	15
5	Rr	0	0.000	2022	02	11	11	10
5	Rr	0	0.000	2022	02	11	11	05
5	Rr	0	0.000	2022	02	11	11	00
5	Rr	0	0.000	2022	02	11	10	55
5	Rr	0	0.000	2022	02	11	10	50
5	Rr	29	0.003	2022	02	11	10	45
5	Rr	0	0.000	2022	02	11	10	40
5	Rr	1	0.000	2022	02	11	10	35
5	Rr	0	0.000	2022	02	11	10	30
5	Rr	0	0.000	2022	02	11	10	25
5	Rr	0	0.000	2022	02	11	10	20
5	Rr	0	0.000	2022	02	11	10	15
5	Rr	0	0.000	2022	02	11	10	10
5	Rr	0	0.000	2022	02	11	10	05
5	Rr	0	0.000	2022	02	11	10	00
5	Rr	0	0.000	2022	02	11	09	55
5	Rr	0	0.000	2022	02	11	09	50
5	Rr	0	0.000	2022	02	11	09	45
5	Rr	0	0.000	2022	02	11	09	40
5	Rr	4	0.000	2022	02	11	09	35
5	Rr	0	0.000	2022	02	11	09	30
5	Rr	0	0.000	2022	02	11	09	25
5	Rr	0	0.000	2022	02	11	09	20
5	Rr	0	0.000	2022	02	11	09	15
5	Rr	0	0.000	2022	02	11	09	10
5	Rr	2	0.000	2022	02	11	09	05
5	Rr	0	0.000	2022	02	11	09	00
5	Rr	0	0.000	2022	02	11	08	55
5	Rr	0	0.000	2022	02	11	08	50
5	Rr	0	0.000	2022	02	11	08	45
5	Rr	0	0.000	2022	02	11	08	40
5	Rr	0	0.000	2022	02	11	08	35
5	Rr	0	0.000	2022	02	11	08	30
5	Rr	0	0.000	2022	02	11	08	25
5	Rr	0	0.000	2022	02	11	08	20
5	Rr	0	0.000	2022	02	11	08	15
5	Rr	0	0.000	2022	02	11	08	10
5	Rr	2	0.000	2022	02	11	08	05
5	Rr	0	0.000	2022	02	11	08	00
5	Rr	1	0.000	2022	02	11	07	55
5	Rr	8	0.001	2022	02	11	07	50
5	Rr	0	0.000	2022	02	11	07	45
5	Rr	1	0.000	2022	02	11	07	40
5	Rr	0	0.000	2022	02	11	07	35
5	Rr	4	0.000	2022	02	11	07	30
5	Rr	0	0.000	2022	02	11	07	25
5	Rr	1	0.000	2022	02	11	07	20
5	Rr	0	0.000	2022	02	11	07	15
5	Rr	0	0.000	2022	02	11	07	10
5	Rr	0	0.000	2022	02	11	07	05
5	Rr	0	0.000	2022	02	11	07	00
5	Rr	0	0.000	2022	02	11	06	55
5	Rr	0	0.000	2022	02	11	06	50
5	Rr	0	0.000	2022	02	11	06	45
5	Rr	0	0.000	2022	02	11	06	40
5	Rr	5	0.000	2022	02	11	06	35
5	Rr	0	0.000	2022	02	11	06	30
5	Rr	1	0.000	2022	02	11	06	25
5	Rr	0	0.000	2022	02	11	06	20
5	Rr	1	0.000	2022	02	11	06	15
5	Rr	0	0.000	2022	02	11	06	10
5	Rr	0	0.000	2022	02	11	06	05
5	Rr	0	0.000	2022	02	11	06	00
5	Rr	0	0.000	2022	02	11	05	55
5	Rr	0	0.000	2022	02	11	05	50
5	Rr	0	0.000	2022	02	11	05	45
5	Rr	0	0.000	2022	02	11	05	40
5	Rr	0	0.000	2022	02	11	05	35
5	Rr	0	0.000	2022	02	11	05	30
5	Rr	3	0.000	2022	02	11	05	25
5	Rr	0	0.000	2022	02	11	05	20
5	Rr	0	0.000	2022	02	11	05	15
5	Rr	0	0.000	2022	02	11	05	10
5	Rr	0	0.000	2022	02	11	05	05
5	Rr	0	0.000	2022	02	11	05	00
5	Rr	0	0.000	2022	02	11	04	55
5	Rr	0	0.000	2022	02	11	04	50
5	Rr	0	0.000	2022	02	11	04	45
5	Rr	0	0.000	2022	02	11	04	40
5	Rr	1	0.000	2022	02	11	04	35
5	Rr	0	0.000	2022	02	11	04	30
5	Rr	0	0.000	2022	02	11	04	25
5	Rr	0	0.000	2022	02	11	04	20
5	Rr	0	0.000	2022	02	11	04	15
5	Rr	0	0.000	2022	02	11	04	10
5	Rr	1	0.000	2022	02	11	04	05
5	Rr	0	0.000	2022	02	11	04	00
5	Rr	1	0.000	2022	02	11	03	55
5	Rr	1	0.000	2022	02	11	03	50
5	Rr	1	0.000	2022	02	11	03	45
5	Rr	0	0.000	2022	02	11	03	40
5	Rr	0	0.000	2022	02	11	03	35
5	Rr	0	0.000	2022	02	11	03	30
5	Rr	2	0.000	2022	02	11	03	25
5	Rr	0	0.000	2022	02	11	03	20
5	Rr	0	0.000	2022	02	11	03	15
5	Rr	0	0.000	2022	02	11	03	10
5	Rr	1	0.000	2022	02	11	03	05
5	Rr	0	0.000	2022	02	11	03	00
5	Rr	0	0.000	2022	02	11	02	55
5	Rr	1	0.000	2022	02	11	02	50
5	Rr	0	0.000	2022	02	11	02	45
5	Rr	0	0.000	2022	02	11	02	40
5	Rr	0	0.000	2022	02	11	02	35
5	Rr	0	0.000	2022	02	11	02	30
5	Rr	0	0.000	2022	02	11	02	25
5	Rr	20	0.002	2022	02	11	02	20
5	Rr	1	0.000	2022	02	11	02	15
5	Rr	0	0.000	2022	02	11	02	10
5	Rr	0	0.000	2022	02	11	02	05
5	Rr	0	0.000	2022	02	11	02	00
5	Rr	0	0.000	2022	02	11	01	55
5	Rr	8	0.001	2022	02	11	01	50
5	Rr	4	0.000	2022	02	11	01	45
5	Rr	0	0.000	2022	02	11	01	40
5	Rr	3	0.000	2022	02	11	01	35
5	Rr	1	0.000	2022	02	11	01	30
5	Rr	0	0.000	2022	02	11	01	25
5	Rr	0	0.000	2022	02	11	01	20
5	Rr	1	0.000	2022	02	11	01	15
5	Rr	0	0.000	2022	02	11	01	10
5	Rr	1	0.000	2022	02	11	01	05
5	Rr	0	0.000	2022	02	11	01	00
5	Rr	0	0.000	2022	02	11	00	55
5	Rr	0	0.000	2022	02	11	00	50
5	Rr	0	0.000	2022	02	11	00	45
5	Rr	0	0.000	2022	02	11	00	40
5	Rr	0	0.000	2022	02	11	00	35
5	Rr	0	0.000	2022	02	11	00	30
5	Rr	0	0.000	2022	02	11	00	25
5	Rr	0	0.000	2022	02	11	00	20
5	Rr	0	0.000	2022	02	11	00	15
5	Rr	0	0.000	2022	02	11	00	10
5	Rr	0	0.000	2022	02	11	00	05
5	Rr	0	0.000	2022	02	11	00	00
5	Rr	0	0.000	2022	02	10	23	55
5	Rr	0	0.000	2022	02	10	23	50
5	*BT	R	715	2020	12	11	23	20
7	Rr	3079	0.302	00	00
7	Rr	3601	0.353	00	05
7	Rr	3198	0.313	00	10
7	Rr	2759	0.270	00	15
7	Rr	3404	0.334	00	20
7	Rr	3790	0.371	00	25
7	Rr	3262	0.320	00	30
7	Rr	3265	0.320	00	35
7	Rr	3397	0.333	00	40
7	Rr	3492	0.342	00	45
7	Rr	3618	0.354	00	50
7	Rr	3135	0.307	00	55
7	Rr	2957	0.290	01	00
7	Rr	3224	0.316	01	05
7	Rr	3341	0.327	01	10
7	Rr	3311	0.324	01	15
7	Rr	3455	0.339	01	20
7	Rr	3101	0.304	01	25
7	Rr	3155	0.309	01	30
7	Rr	3407	0.334	01	35
7	Rr	3312	0.324	01	40
7	Rr	3214	0.315	01	45
7	Rr	3083	0.302	01	50
7	Rr	3430	0.336	01	55
7	Rr	3155	0.309	02	00
7	Rr	3211	0.315	02	05
7	Rr	3140	0.308	02	10
7	Rr	3637	0.356	02	15
7	Rr	3381	0.331	02	20
7	Rr	3433	0.336	02	25
7	Rr	3367	0.330	02	30
7	Rr	3585	0.351	02	35
7	Rr	3252	0.319	02	40
7	Rr	3221	0.316	02	45
7	Rr	2964	0.290	02	50
7	Rr	3573	0.350	02	55
7	Rr	3212	0.315	03	00
7	Rr	3071	0.301	03	05
7	Rr	3103	0.304	03	10
7	Rr	3259	0.319	03	15
7	Rr	2970	0.291	03	20
7	Rr	2942	0.288	03	25
7	Rr	3081	0.302	03	30
7	Rr	3290	0.322	03	35
7	Rr	3269	0.320	03	40
7	Rr	3558	0.349	03	45
7	Rr	4152	0.407	03	50
7	Rr	3322	0.325	03	55
7	Rr	3133	0.307	04	00
7	Rr	3161	0.310	04	05
7	Rr	3351	0.328	04	10
7	Rr	3376	0.331	04	15
7	Rr	3516	0.344	04	20
7	Rr	3200	0.314	04	25
7	Rr	3187	0.312	04	30
7	Rr	2933	0.287	04	35
7	Rr	2952	0.289	04	40
7	Rr	3432	0.336	04	45
7	Rr	2988	0.293	04	50
7	Rr	3071	0.301	04	55
7	Rr	2812	0.276	05	00
7	Rr	2732	0.268	05	05
7	Rr	3255	0.319	05	10
7	Rr	3170	0.311	05	15
7	Rr	3337	0.327	05	20
7	Rr	3158	0.309	05	25
7	Rr	3336	0.327	05	30
7	Rr	3129	0.307	05	35
7	Rr	2849	0.279	05	40
7	Rr	2871	0.281	05	45
7	Rr	2795	0.274	05	50
7	Rr	2998	0.294	05	55
7	Rr	2974	0.291	06	00
7	Rr	3636	0.356	06	05
7	Rr	3106	0.304	06	10
7	Rr	3067	0.300	06	15
7	Rr	2806	0.275	06	20
7	Rr	2928	0.287	06	25
7	Rr	2883	0.282	06	30
7	Rr	2971	0.291	06	35
7	Rr	3067	0.300	06	40
7	Rr	3180	0.312	06	45
7	Rr	2591	0.254	06	50
7	Rr	2577	0.252	06	55
7	Rr	3175	0.311	07	00
7	Rr	2747	0.269	07	05
7	Rr	2837	0.278	07	10
7	Rr	2729	0.267	07	15
7	Rr	2976	0.292	07	20
7	Rr	3375	0.331	07	25
7	Rr	3361	0.329	07	30
7	Rr	3049	0.299	07	35
7	Rr	2708	0.265	07	40
7	Rr	2753	0.270	07	45
7	Rr	2619	0.257	07	50
7	Rr	2725	0.267	07	55
7	Rr	2840	0.278	08	00
7	Rr	3092	0.303	08	05
7	Rr	2846	0.279	08	10
7	Rr	2713	0.266	08	15
7	Rr	2811	0.275	08	20
7	Rr	2842	0.278	08	25
7	Rr	3261	0.320	08	30
7	Rr	2885	0.283	08	35
7	Rr	2779	0.272	08	40
7	Rr	2612	0.256	08	45
7	Rr	2586	0.253	08	50
7	Rr	2620	0.257	08	55
7	Rr	2604	0.255	09	00
7	Rr	2938	0.288	09	05
7	Rr	2667	0.261	09	10
7	Rr	2586	0.253	09	15
7	Rr	3001	0.294	09	20
7	Rr	2747	0.269	09	25
7	Rr	2772	0.272	09	30
7	Rr	2514	0.246	09	35
7	Rr	2765	0.271	09	40
7	Rr	2609	0.256	09	45
7	Rr	2432	0.238	09	50
7	Rr	2698	0.264	09	55
7	Rr	2636	0.258	10	00
7	Rr	2511	0.246	10	05
7	Rr	2711	0.266	10	10
7	Rr	2530	0.248	10	15
7	Rr	2449	0.240	10	20
7	Rr	2857	0.280	10	25
7	Rr	2594	0.254	10	30
7	Rr	2616	0.256	10	35
7	Rr	2741	0.269	10	40
7	Rr	2622	0.257	10	45
7	Rr	2843	0.279	10	50
7	Rr	3157	0.309	10	55
7	Rr	4038	0.396	11	00
7	Rr	3061	0.300	11	05
7	Rr	2899	0.284	11	10
7	Rr	2858	0.280	11	15
7	Rr	2928	0.287	11	20
7	Rr	2764	0.271	11	25
7	Rr	3073	0.301	11	30
7	Rr	2685	0.263	11	35
7	Rr	2936	0.288	11	40
7	Rr	2958	0.290	11	45
7	Rr	2896	0.284	11	50
7	Rr	2961	0.290	11	55
7	Rr	3499	0.343	12	00
7	Rr	3215	0.315	12	05
7	Rr	3225	0.316	12	10
7	Rr	2739	0.268	12	15
7	Rr	2960	0.290	12	20
7	Rr	2900	0.284	12	25
7	Rr	2948	0.289	12	30
7	Rr	2792	0.274	12	35
7	Rr	3037	0.298	12	40
7	Rr	3123	0.306	12	45
7	Rr	2841	0.278	12	50
7	Rr	2974	0.291	12	55
7	Rr	3028	0.297	13	00
7	Rr	3054	0.299	13	05
7	Rr	3291	0.322	13	10
7	Rr	3070	0.301	13	15
7	Rr	3019	0.296	13	20
7	Rr	3186	0.312	13	25
7	Rr	3237	0.317	13	30
7	Rr	3574	0.350	13	35
7	Rr	3092	0.303	13	40
7	Rr	2793	0.274	13	45
7	Rr	3372	0.330	13	50
7	Rr	3271	0.320	13	55
7	Rr	3409	0.334	14	00
7	Rr	3654	0.358	14	05
7	Rr	3636	0.356	14	10
7	Rr	3914	0.383	14	15
7	Rr	3640	0.357	14	20
7	Rr	3743	0.367	14	25
7	Rr	4000	0.392	14	30
7	Rr	3774	0.370	14	35
7	Rr	3470	0.340	14	40
7	Rr	3593	0.352	14	45
7	Rr	3645	0.357	14	50
7	Rr	4080	0.400	14	55
7	Rr	4201	0.412	15	00
7	Rr	4335	0.425	15	05
7	Rr	3862	0.378	15	10
7	Rr	3960	0.388	15	15
7	Rr	3731	0.366	15	20
7	Rr	4182	0.410	15	25
7	Rr	4425	0.434	15	30
7	Rr	3926	0.385	15	35
7	Rr	4353	0.426	15	40
7	Rr	4296	0.421	15	45
7	Rr	4343	0.426	15	50
7	Rr	4653	0.456	15	55
7	Rr	4429	0.434	16	00
7	Rr	4610	0.452	16	05
7	Rr	4352	0.426	16	10
7	Rr	4737	0.464	16	15
7	Rr	4360	0.427	16	20
7	Rr	4083	0.400	16	25
7	Rr	4495	0.440	16	30
7	Rr	4688	0.459	16	35
7	Rr	4608	0.451	16	40
7	Rr	4668	0.457	16	45
7	Rr	4687	0.459	16	50
7	Rr	4493	0.440	16	55
7	Rr	4514	0.442	17	00
7	Rr	4427	0.434	17	05
7	Rr	4688	0.459	17	10
7	Rr	4299	0.421	17	15
7	Rr	4507	0.442	17	20
7	Rr	4576	0.448	17	25
7	Rr	4643	0.455	17	30
7	Rr	4720	0.462	17	35
7	Rr	4529	0.444	17	40
7	Rr	4499	0.441	17	45
7	Rr	4469	0.438	17	50
7	Rr	4389	0.430	17	55
7	Rr	3987	0.391	18	00
7	Rr	4383	0.429	18	05
7	Rr	5109	0.501	18	10
7	Rr	4750	0.465	18	15
7	Rr	4409	0.432	18	20
7	Rr	4749	0.465	18	25
7	Rr	4511	0.442	18	30
7	Rr	4692	0.460	18	35
7	Rr	4619	0.453	18	40
7	Rr	4600	0.451	18	45
7	Rr	4612	0.452	18	50
7	Rr	4809	0.471	18	55
7	Rr	5140	0.504	19	00
7	Rr	4827	0.473	19	05
7	Rr	4693	0.460	19	10
7	Rr	4436	0.435	19	15
7	Rr	4445	0.436	19	20
7	Rr	4253	0.417	19	25
7	Rr	4295	0.421	19	30
7	Rr	4497	0.441	19	35
7	Rr	4593	0.450	19	40
7	Rr	4792	0.470	19	45
7	Rr	4162	0.408	19	50
7	Rr	4310	0.422	19	55
7	Rr	4332	0.424	20	00
7	Rr	4830	0.473	20	05
7	Rr	4708	0.461	20	10
7	Rr	4412	0.432	20	15
7	Rr	4642	0.455	20	20
7	Rr	4470	0.438	20	25
7	Rr	4019	0.394	20	30
7	Rr	4249	0.416	20	35
7	Rr	4534	0.444	20	40
7	Rr	4825	0.473	20	45
7	Rr	4336	0.425	20	50
7	Rr	4579	0.449	20	55
7	Rr	4965	0.486	21	00
7	Rr	4201	0.412	21	05
7	Rr	4362	0.427	21	10
7	Rr	4194	0.411	21	15
7	Rr	3833	0.376	21	20
7	Rr	4514	0.442	21	25
7	Rr	3937	0.386	21	30
7	Rr	4134	0.405	21	35
7	Rr	4104	0.402	21	40
7	Rr	4210	0.412	21	45
7	Rr	4379	0.429	21	50
7	Rr	3845	0.377	21	55
7	Rr	3950	0.387	22	00
7	Rr	3813	0.374	22	05
7	Rr	4012	0.393	22	10
7	Rr	3615	0.354	22	15
7	Rr	4082	0.400	22	20
7	Rr	4172	0.409	22	25
7	Rr	3760	0.368	22	30
7	Rr	4164	0.408	22	35
7	Rr	3717	0.364	22	40
7	Rr	3703	0.363	22	45
7	Rr	3902	0.382	22	50
7	Rr	3676	0.360	22	55
7	Rr	4137	0.405	23	00
7	Rr	3853	0.378	23	05
7	Rr	3758	0.368	23	10
7	Rr	3742	0.367	23	15
7	Rr	4500	0.441	23	20
7	Rr	3578	0.351	23	25
7	Rr	3395	0.333	23	30
7	Rr	3656	0.358	23	35
7	Rr	3381	0.331	23	40
7	Rr	3398	0.333	23	45
7	Rr	3452	0.338	23	50
7	Rr	3151	0.309	23	55
o	*f	0R	r
o	lRQ	1	1020653	1861983111	[unresolved numerical addresses]
Z	*f	-20R	r
Z	lRb	1	43702	2.954	66.249
Z	lRb	1	40394	1.736	69
Z	lRb	1	28734	2.117	35
Z	lRb	1	25005	0.868	46
Z	lRb	1	22787	2.960	157.55
Z	lRb	1	20880	3.297	70
Z	lRb	1	19396	1.424	34
Z	lRb	1	17591	2.310	207.46
Z	lRb	1	17341	1.958	54
Z	lRb	1	16551	2.566	40
Z	lRb	1	15524	1.352	76
Z	lRb	1	13574	1.611	72
Z	lRb	1	12269	1.238	5
Z	lRb	1	12111	0.096	178.137
Z	lRb	1	12027	1.094	75
Z	lRb	1	11462	1.060	123
Z	lRb	1	10926	0.855	74
Z	lRb	1	10089	0.689	71
Z	lRb	1	9559	1.062	104
Z	lRb	1	9194	0.520	37
Z	lRb	1	651537	68.233	[not listed: 8694]
S	*f	-50P	r
S	Rb	4702	0.415	14.33.246.211
S	Rb	3866	0.836	192.234.235.103
S	Rb	3248	0.260	192.99.15.146
S	Rb	2341	0.143	100.43.83.148
S	Rb	1992	0.072	66.249.75.109
S	Rb	1829	0.157	37.59.14.116
S	Rb	1781	0.227	75.98.173.33
S	Rb	1597	0.137	78.155.138.20
S	Rb	1543	0.077	199.21.99.79
S	Rb	1459	0.011	92.249.127.111
S	Rb	1330	0.019	109.102.111.58
S	Rb	1312	0.047	205.203.134.197
S	Rb	1304	0.203	5.196.13.127
S	Rb	1276	0.126	208.115.113.82
S	Rb	1270	0.068	95.108.248.29
S	Rb	1266	0.044	49.7.20.102
S	Rb	1155	0.245	75.98.173.84
S	Rb	1142	0.001	91.207.9.226
S	Rb	1107	0.017	66.249.69.97
S	Rb	1081	0.020	66.249.69.81
S	Rb	1072	0.201	79.125.27.96
S	Rb	1051	0.034	66.249.69.192
S	Rb	1047	0.018	106.38.241.144
S	Rb	1039	0.016	66.249.69.89
S	Rb	1030	0.103	5.255.250.90
S	Rb	1024	0.078	95.108.150.235
S	Rb	1012	0.086	192.99.6.132
S	Rb	957	0.192	199.21.99.197
S	Rb	951	0.066	66.249.73.133
S	Rb	885	0.038	144.76.27.118
S	Rb	837	0.019	49.7.20.111
S	Rb	815	0.031	178.63.23.80
S	Rb	812	0.098	66.249.64.90
S	Rb	808	0.192	149.202.211.239
S	Rb	791	0.068	192.99.7.55
S	Rb	786	0.123	66.11.128.152
S	Rb	782	0.105	216.244.66.229
S	Rb	777	0.001	193.150.120.14
S	Rb	760	0.054	208.115.113.92
S	Rb	756	0.022	82.145.46.102
S	Rb	744	0.010	109.102.111.20
S	Rb	739	0.010	109.102.111.50
S	Rb	721	0.004	106.38.241.177
S	Rb	704	0.001	109.120.157.179
S	Rb	698	0.027	220.181.125.162
S	Rb	694	0.040	78.155.138.30
S	Rb	686	0.021	66.249.65.212
S	Rb	664	0.057	94.23.59.173
S	Rb	653	0.076	52.21.132.215
S	Rb	649	0.056	46.105.74.59
S	Rb	959108	95.026	[not listed: 90400]
s	*FR	2013	12	18	21	53
s	*LR	2022	02	11	23	37
s	*f	-20R	s
s	lRS	1	205052	629	http://www.gtaeronautics.com/
s	lRS	1	49395	115	http://gtaeronautics.com/
s	lRS	1	5049	5	https://www.google.com/
s	lRS	1	1548	2	http://www.google.com/
s	lRS	1	1246	0	http://www.baidu.com/
s	lRS	1	1159	0	http://www.trainingindustry.com/
s	lRS	1	609	0	http://www.mfgpages.com/
s	lRS	1	604	0	http://www.openfos.com/
s	lRS	1	517	0	http://www.topicway.com/
s	lRS	1	462	0	http://anti-crisis-seo.com/
s	lRS	1	395	0	http://uptime.com/
s	lRS	1	362	0	http://semalt.semalt.com/
s	lRS	1	326	0	http://www.bing.com/
s	lRS	1	301	0	http://chimiver.info/
s	lRS	1	280	0	https://www.google.co.in/
s	lRS	1	271	0	https://www.thomasnet.com/
s	lRS	1	262	0	http://google.co.jp/
s	lRS	1	253	0	https://www.bing.com/
s	lRS	1	236	0	http://www.thomasnet.com/
s	lRS	1	234	0	http://www.artparquet.ru/
s	lRS	1	48685	5	[not listed: 4339]
f	*FR	2013	12	18	21	53
f	*LR	2022	02	11	23	37
f	*f	-30R	s
f	lRS	1	139186	430	http://www.gtaeronautics.com/
f	lRS	1	34028	57	http://gtaeronautics.com/
f	lRS	1	9645	33	http://www.gtaeronautics.com/aboutus.html
f	lRS	1	6028	27	http://www.gtaeronautics.com/UASFC.html
f	lRS	1	6998	24	http://www.gtaeronautics.com/CCT&M.html
f	lRS	1	4242	22	http://www.gtaeronautics.com/ConsultingA.html
f	lRS	1	1437	18	http://gtaeronautics.com/aboutus.html
f	lRS	1	4360	17	http://www.gtaeronautics.com/index.html
f	lRS	1	961	17	http://gtaeronautics.com/index.html
f	lRS	1	5588	11	http://gtaeronautics.com/IndNews.html
f	lRS	1	1873	10	http://www.gtaeronautics.com/SRU.html
f	lRS	1	1661	10	http://www.gtaeronautics.com/GT50T RPAS.html
f	lRS	1	2235	9	http://www.gtaeronautics.com/GT1500 RPAS.html
f	lRS	1	1827	9	http://www.gtaeronautics.com/CFMT.html
f	lRS	1	2455	7	http://www.gtaeronautics.com/GT380 RPAS.html
f	lRS	1	1608	6	http://www.gtaeronautics.com/IndNews.html
f	lRS	1	4649	5	https://www.google.com/
f	lRS	1	2513	5	http://www.gtaeronautics.com/pna.html
f	lRS	1	1558	5	http://www.gtaeronautics.com/EMPLOYMENT.html
f	lRS	1	1963	1	http://www.gtaeronautics.com/CompNews.html
f	lRS	1	1410	1	http://www.gtaeronautics.com/contactus.html
f	lRS	1	2021	0	http://www.gtaeronautics.com/uasfc.html
f	lRS	1	1995	0	http://www.gtaeronautics.com/RD.html
f	lRS	1	1693	0	http://www.gtaeronautics.com/consultinga.html
f	lRS	1	1250	0	http://www.gtaeronautics.com/compnews.html
f	lRS	1	1159	0	http://www.trainingindustry.com/
f	lRS	1	1119	0	http://www.gtaeronautics.com/links.html
f	lRS	1	1080	0	http://www.baidu.com/s
f	lRS	1	892	0	http://www.google.com/url
f	lRS	1	881	0	http://www.gtaeronautics.com/FAQ.html
f	lRS	1	68931	32	[not listed: 4993]
n	*FR	2013	12	19	00	28
n	*LR	2020	10	14	09	11
n	*f	0.500000%Q	s
n	Rq	1	232.395	kit
n	Rq	1	232.395	method
n	Rq	2	175.544	crew
n	Rq	28	195.499	aeronautical
n	Rq	1	232.395	airplane.com
n	Rq	5	4.989	faa
n	Rq	40	143.637	gt
n	Rq	1	232.395	moldings
n	Rq	1	232.395	twin
n	Rq	1	232.395	taranis
n	Rq	2	232.395	installerex
n	Rq	2	232.395	http://gtaeronautics.com/
n	Rq	20	9.978	in
n	Rq	1	232.395	scale
n	Rq	1	232.395	observer
n	Rq	1	232.395	drawing?
n	Rq	2	232.395	is
n	Rq	1	232.395	making
n	Rq	2	175.544	fiber
n	Rq	1	232.395	mitsubishi
n	Rq	1	232.395	fuze
n	Rq	1	232.395	http://www.gtaeronautics.com/indnews.html
n	Rq	92	232.395	semalt.com
n	Rq	1	232.395	consultant
n	Rq	15	61.841	manufacturing
n	Rq	1	232.395	2
n	Rq	1	232.395	base
n	Rq	14	71.818	6
n	Rq	1	232.395	http://gtaeronautics.com/indnews.html
n	Rq	1	232.395	always
n	Rq	28	24.945	engineering
n	Rq	1	232.395	northrop
n	Rq	1	232.395	bandwidth
n	Rq	1	232.395	vegas
n	Rq	3	175.544	basic
n	Rq	1	232.395	qinetiq
n	Rq	1	232.395	tooling
n	Rq	1	232.395	on
n	Rq	1	232.395	heavy
n	Rq	9	123.681	drawings
n	Rq	1	232.395	fia
n	Rq	4	232.395	louis%20vuitton%20fashion%20valley%20phone%20number
n	Rq	3	232.395	llc
n	Rq	3	118.692	rullman
n	Rq	1	232.395	cowling
n	Rq	32	118.692	sale
n	Rq	64	237.384	outlet
n	Rq	1	232.395	rotax
n	Rq	1	232.395	ucav
n	Rq	28	81.796	texan
n	Rq	1	232.395	a
n	Rq	2	232.395	customer
n	Rq	1	232.395	rpa
n	Rq	2	175.544	110cc
n	Rq	30	232.395	designer
n	Rq	20	4.989	www.gtaeronautics.com
n	Rq	1	232.395	work
n	Rq	1	232.395	thomas
n	Rq	1	232.395	engie
n	Rq	1	232.395	qualification
n	Rq	1	232.395	custom
n	Rq	1	232.395	mk3
n	Rq	1	232.395	t
n	Rq	1	232.395	uavs
n	Rq	1	232.395	w
n	Rq	2	232.395	satisfaction
n	Rq	2	175.544	x
n	Rq	1	232.395	crews
n	Rq	3	232.395	photos
n	Rq	1	232.395	finnemeccia
n	Rq	2	175.544	glass
n	Rq	1	118.692	to
n	Rq	1	232.395	gcs
n	Rq	5	4.989	engineer
n	Rq	1	232.395	government
n	Rq	1	232.395	operator
n	Rq	6	237.384	aircraft
n	Rq	1	232.395	with
n	Rq	97	175.544	number
n	Rq	4	118.692	for
n	Rq	1	232.395	december
n	Rq	2	175.544	aero
n	Rq	9	175.544	equipment
n	Rq	2	175.544	engine
n	Rq	1	232.395	mq1
n	Rq	2	175.544	wy
n	Rq	1	232.395	custum
n	Rq	1	232.395	g.t
n	Rq	1	232.395	mechanics
n	Rq	1	175.544	motors
n	Rq	1	232.395	tdw
n	Rq	32	4.989	luggage
n	Rq	1	232.395	opportunities
n	Rq	175	190.511	vuitton
n	Rq	1	232.395	show
n	Rq	1	118.692	the
n	Rq	1	232.395	luggages
n	Rq	1	232.395	stroke
n	Rq	2	232.395	explore
n	Rq	39	175.544	handbags
n	Rq	2	175.544	electric
n	Rq	1	232.395	space
n	Rq	1	175.544	air
n	Rq	1	232.395	quote
n	Rq	1	232.395	require
n	Rq	1	232.395	mpp
n	Rq	4	175.544	jobs
n	Rq	5	4.989	uas
n	Rq	1	232.395	anything
n	Rq	1	232.395	china
n	Rq	1	232.395	airplane
n	Rq	10	9.978	uav
n	Rq	2	232.395	wmaid.com
n	Rq	3	61.841	drone
n	Rq	7	180.533	fiberglass
n	Rq	2	232.395	facebook
n	Rq	1	232.395	college
n	Rq	4	61.841	onboard
n	Rq	3	175.544	gtaeronautics.com
n	Rq	1	232.395	qulificationa
n	Rq	21	128.670	simi
n	Rq	1	232.395	and
n	Rq	5	118.692	flight
n	Rq	17	128.670	at6
n	Rq	1	232.395	xtreme
n	Rq	1	232.395	maintenance
n	Rq	1	232.395	cody
n	Rq	1	232.395	systems
n	Rq	1	232.395	any
n	Rq	1	232.395	tom
n	Rq	1	232.395	payload
n	Rq	2	175.544	gta
n	Rq	2	232.395	granger
n	Rq	8	180.533	extreme
n	Rq	6	4.989	molding
n	Rq	2	232.395	easylifeapp
n	Rq	1	232.395	rating
n	Rq	2	232.395	whitelaw
n	Rq	126	180.533	fashion
n	Rq	2	175.544	ice
n	Rq	2	232.395	http://www.gtaeronautics.com/compnews.html
n	Rq	5	175.544	engineers
n	Rq	3	175.544	composite
n	Rq	1	232.395	skyforce
n	Rq	1	232.395	eengineer
n	Rq	175	190.511	louis
n	Rq	8	232.395	store
n	Rq	4	61.841	starter
n	Rq	14	61.841	cheap
n	Rq	1	232.395	diamond
n	Rq	10	66.829	bme
n	Rq	1	232.395	america2009
n	Rq	7	232.395	content
n	Rq	1	232.395	challenge
n	Rq	2	175.544	aeronautic
n	Rq	1	232.395	piece
n	Rq	1	232.395	how
n	Rq	1	232.395	male
n	Rq	2	175.544	design
n	Rq	2	175.544	flying
n	Rq	1	232.395	carbon
n	Rq	1	232.395	operation
n	Rq	2	232.395	profile
n	Rq	1	232.395	tomas
n	Rq	1	232.395	cia
n	Rq	1	232.395	hummingbird
n	Rq	1	232.395	iron
n	Rq	1	232.395	california
n	Rq	1	232.395	amphibian
n	Rq	1	232.395	110
n	Rq	1	232.395	mentioned
n	Rq	1	232.395	111
n	Rq	1	232.395	over
n	Rq	25	195.499	http://www.gtaeronautics.com/
n	Rq	1	232.395	google.com
n	Rq	1	232.395	fuel
n	Rq	2	232.395	inc
n	Rq	1	232.395	handbag.com
n	Rq	1	232.395	da42
n	Rq	2	175.544	certification
n	Rq	1	232.395	timing
n	Rq	1	232.395	2015
n	Rq	1	232.395	home
n	Rq	1	232.395	aerospacecompanies
n	Rq	1	232.395	anti
n	Rq	1	232.395	ziroli
n	Rq	1	232.395	sketches
n	Rq	5	232.395	purses
n	Rq	1	232.395	downlink
n	Rq	3	232.395	aeronotics
n	Rq	1	232.395	nanotechnology
n	Rq	1	232.395	zephyr
n	Rq	4	232.395	wyoming
n	Rq	2	232.395	technology
n	Rq	3	118.692	companies
n	Rq	1	232.395	muffler
n	Rq	2	232.395	avia
n	Rq	2	232.395	what
n	Rq	145	76.807	valley
n	Rq	1	232.395	microwave
n	Rq	1	232.395	mold
n	Rq	5	61.841	pglm
n	Rq	1	232.395	specialist
n	Rq	23	19.956	drawing
n	Rq	1	232.395	tool
n	Rq	1	232.395	security
n	Rq	6	175.544	prototypes
n	Rq	1	232.395	giant
n	Rq	1	232.395	powell
n	Rq	8	180.533	aerospace
n	Rq	4	61.841	unmanned
n	Rq	34	257.340	aeronautics
n	Rq	1	232.395	radius
n	Rq	1	232.395	zero
n	Rq	1	232.395	tobbot
n	Rq	2	175.544	job
n	Rq	2	175.544	neverfull
n	Rq	1	232.395	onbordstarter
n	Rq	20	61.841	ca
n	Rq	1	175.544	as
n	Rq	13	128.670	at
n	Rq	5	4.989	techniques
n	Rq	1	232.395	does
n	Rq	1	232.395	commercial
n	Rq	1	232.395	www.gt
n	Rq	1	232.395	de
n	Rq	1	232.395	co
n	Rq	1	232.395	speedy
n	Rq	1	232.395	rpas
n	Rq	2	175.544	instrument
n	Rq	1	232.395	do
n	Rq	1	232.395	quotation
n	Rq	3	118.692	training
n	Rq	1	232.395	efi
n	Rq	1	232.395	careers
n	Rq	3	118.692	pilot
n	Rq	9	123.681	bandito
n	Rq	4	61.841	quotes
n	Rq	107	61.841	phone
n	Rq	1	232.395	stations
n	Rq	1	232.395	traing
N	*FR	2013	12	19	00	28
N	*LR	2020	10	14	09	11
N	*f	-200Q	s
N	RQ	7	3524869250	bme extreme
N	RQ	7	3524869250	aerospace engineering drawings
N	RQ	1	3450789739	uavs flying over simi valley ca
N	RQ	1	3450789739	gt aeronautics simi valley california
N	RQ	1	3450789739	aeronautical engineer quote
N	RQ	1	3450789739	does aeronautical engineering require drawing?
N	RQ	1	3450789739	how to do gt in engineering drawing
N	RQ	2	3450789739	http://gtaeronautics.com/
N	RQ	1	3450789739	the government college g.t aeronautics
N	RQ	1	3450789739	bme engine
N	RQ	1	3450789739	uas gcs
N	RQ	1	3450789739	http://www.gtaeronautics.com/indnews.html
N	RQ	92	3450789739	semalt.com
N	RQ	1	3450789739	aero iron mentioned nanotechnology hummingbird uav
N	RQ	1	3450789739	basic fiberglass techniques
N	RQ	1	3450789739	http://gtaeronautics.com/indnews.html
N	RQ	1	3450789739	finnemeccia co
N	RQ	2	3450789739	drawing for customer satisfaction
N	RQ	1	3450789739	cheap louis vuitton speedy handbag.com
N	RQ	1	3450789739	at 6
N	RQ	1	3450789739	quotation specialist engineer drawings
N	RQ	1	3450789739	challenge xtreme 111 piece mechanics tool kit
N	RQ	1	3450789739	uav commercial crew stations
N	RQ	1	3450789739	da42 mpp microwave downlink bandwidth
N	RQ	1	3450789739	anti ice de ice qinetiq zephyr
N	RQ	4	3450789739	louis%20vuitton%20fashion%20valley%20phone%20number
N	RQ	1	3450789739	faa uas pilot certification
N	RQ	1	3450789739	any flying crews in gta
N	RQ	1	3450789739	aerospace drawing
N	RQ	1	3450789739	fiber glass molding job
N	RQ	1	3450789739	aircraft design consultant
N	RQ	1	3450789739	www.gt airplane.com
N	RQ	3	3450789739	gt in aeronotics
N	RQ	1	3450789739	tom rullman
N	RQ	1	3450789739	gt aeronautics simi valley ca
N	RQ	1	3450789739	drone base in simi valley
N	RQ	1	3450789739	fiberglass mold making techniques
N	RQ	1	3450789739	rpa instrument qualification faa instrument rating
N	RQ	1	3450789739	extreme bme
N	RQ	1	3450789739	uas faa maintenance
N	RQ	1	3450789739	louis vuitton neverfull
N	RQ	1	3450789739	fiberglass techniques
N	RQ	1	3450789739	aircraft companies in simi valley
N	RQ	1	3450789739	custom fiberglass moldings
N	RQ	11	3450789739	louis vuitton luggage cheap
N	RQ	1	3450789739	anything
N	RQ	1	3450789739	aeronautical engineering sketches
N	RQ	1	3450789739	gtaeronautics.com
N	RQ	1	3450789739	giant scale ziroli at 6
N	RQ	9	3450789739	outlet louis vuitton handbags
N	RQ	1	3450789739	cowling drawing
N	RQ	1	3450789739	mitsubishi zero
N	RQ	1	3450789739	powell wy gt aeronautics
N	RQ	2	3450789739	what is gt in basic engineering drawing
N	RQ	2	3450789739	composite molding
N	RQ	1	3450789739	aeronautics in simi valley and security work
N	RQ	3	3450789739	gt aeronautics llc jobs
N	RQ	1	3450789739	crew flight gta
N	RQ	1	3450789739	110cc engine timing
N	RQ	1	3450789739	aeronautical engineer quotes
N	RQ	2	3450789739	http://www.gtaeronautics.com/compnews.html
N	RQ	4	3450789739	wyoming flight engineers
N	RQ	1	3450789739	a t 6
N	RQ	1	3450789739	gt aeronautics unmanned air
N	RQ	1	3450789739	fia gt composite tooling
N	RQ	1	3450789739	uas pilot certification
N	RQ	1	3450789739	quotes on aeronautical engineers
N	RQ	1	3450789739	payload for diamond northrop twin engie aircraft
N	RQ	7	3450789739	content
N	RQ	1	3450789739	bme 110
N	RQ	1	3450789739	thomas w rullman gt aeronautics
N	RQ	1	3450789739	luggages for sale
N	RQ	2	3450789739	easylifeapp profile
N	RQ	2	3450789739	simi gt
N	RQ	1	3450789739	mq1 design fuel
N	RQ	1	3450789739	airplane as always cia america2009
N	RQ	1	3450789739	eengineer drawing home
N	RQ	1	3450789739	heavy equipment operator jobs
N	RQ	1	3450789739	aero space drone simi valley
N	RQ	1	3450789739	cheap louis vuitton luggage
N	RQ	1	3450789739	2 stroke electric onboard starter
N	RQ	1	3450789739	skyforce observer mk3
N	RQ	1	3450789739	simi valley unmanned aircraft
N	RQ	2	3450789739	granger whitelaw avia
N	RQ	1	3450789739	louis vuitton fashion valley neverfull
N	RQ	1	3450789739	louis vuitton job opportunities
N	RQ	1	3450789739	google.com
N	RQ	1	3450789739	uas operation training method
N	RQ	2	3450789739	wmaid.com explore gtaeronautics.com
N	RQ	1	3450789739	custum muffler 110cc
N	RQ	1	3450789739	glass manufacturing drawings
N	RQ	1	3450789739	electric motors x male uav x sale
N	RQ	1	3450789739	aerospacecompanies in simi valley
N	RQ	1	3450789739	fiberglass molding
N	RQ	2	3450789739	aeronautical technology inc
N	RQ	1	3450789739	taranis ucav
N	RQ	1	3450789739	vegas drone uav show december 2015
N	RQ	1	3450789739	uav companies in simi valley
N	RQ	1	3450789739	unmanned aircraft systems pilot training
N	RQ	2	3450789739	installerex facebook
N	RQ	3	3450789739	texan at6 photos
N	RQ	1	3450789739	aeronautic engineer
N	RQ	30	3450789739	designer handbags outlet sale
N	RQ	1	3450789739	rpas qulificationa traing with faa
N	RQ	1	3450789739	faa uav training
N	RQ	1	3450789739	uav companies simi valley
N	RQ	5	3450789739	louis vuitton purses outlet
N	RQ	1	3450789739	aeronautics
N	RQ	1	3450789739	cheap louis vuitton luggage outlet
N	RQ	1	3450789739	gt aeronautics tomas rullman
N	RQ	1	3450789739	tobbot
N	RQ	1	3450789739	radius tdw efi fuze
N	RQ	8	3450789739	manufacturing equipment store in simi valley
N	RQ	1	3450789739	aeronautic engineer quotes
N	RQ	1	3450789739	onbordstarter
N	RQ	1	3450789739	rotax amphibian unmanned china
N	RQ	1	3450789739	aeronautical engineering quotes
N	RQ	1	3450789739	drawing aircraft engineering
N	RQ	1	3450789739	gt aeronautics careers
N	RQ	1	3450789739	gt aeronautics bandito
N	RQ	1	3450789739	cody wy carbon fiber
N	RQ	25	2902930226	http://www.gtaeronautics.com/
N	RQ	14	2754771204	aeronautical engineering drawing
N	RQ	2	2606612182	fiberglass molding techniques
N	RQ	6	2606612182	manufacturing aeronautical prototypes
N	RQ	19	2606612182	louis vuitton luggage outlet
N	RQ	10	2606612182	louis vuitton fashion valley phone
N	RQ	97	2606612182	louis vuitton fashion valley phone number
N	RQ	2	2606612182	texan at 6
N	RQ	18	2606612182	louis vuitton fashion valley ca
N	RQ	8	1836514136	at6 texan
N	RQ	3	1762434625	bandito uav
N	RQ	3	1762434625	onboard starter
N	RQ	20	1066416090	gt aeronautics
N	RQ	9	992336579	at 6 texan
N	RQ	6	918257068	texan at6
N	RQ	5	918257068	bandito pglm
N	RQ	20	74079511	www.gtaeronautics.com
B	*f	-40R	r
B	Rb	38002	5.102	Mozilla/5.0 (compatible; bingbot/2.0;  http://www.bing.com/bingbot.htm)
B	Rb	37813	2.096	ZoominfoBot (zoominfobot at zoominfo dot com)
B	Rb	26266	1.680	Mozilla/5.0 (compatible; Googlebot/2.1;  http://www.google.com/bot.html)
B	Rb	16164	1.340	Mozilla/4.0 (compatible; MSIE 6.0; Windows NT 5.1; SV1)
B	Rb	13199	0.853	Sogou web spider/4.0( http://www.sogou.com/docs/help/webmasters.htm#07)
B	Rb	12815	1.906	Mozilla/5.0 (iPhone; CPU iPhone OS 7_0 like Mac OS X) AppleWebKit/537.51.1 (KHTML, like Gecko) Version/7.0 Mobile/11A465 Safari/9537.53 (compatible; bingbot/2.0;  http://www.bing.com/bingbot.htm)
B	Rb	10086	0.973	Mozilla/5.0 (compatible; YandexBot/3.0;  http://yandex.com/bots)
B	Rb	9998	0.951	Mozilla/5.0 (compatible; Baiduspider/2.0;  http://www.baidu.com/search/spider.html)
B	Rb	9939	0.832	Mozilla/5.0 (Windows NT 6.1; WOW64; Trident/7.0; rv:11.0) like Gecko
B	Rb	8061	1.255	Mozilla/4.0 (compatible; MSIE 7.0; Windows NT 5.1; .NET CLR 1.1.4322; .NET CLR 2.0.50727)
B	Rb	7723	0.618	Mozilla/5.0 (compatible; AhrefsBot/7.0;  http://ahrefs.com/robot/)
B	Rb	7453	0.576	Mozilla/5.0 (compatible; Yahoo! Slurp; http://help.yahoo.com/help/us/ysearch/slurp)
B	Rb	7100	0.298	Mozilla/4.0 (compatible; MSIE 6.0; Windows NT 5.1; SV1; .NET CLR 2.0.50727)
B	Rb	6942	0.260	Mozilla/4.0 (compatible;)
B	Rb	6440	0.433	Mozilla/4.0 (compatible; MSIE 6.0; Windows NT 5.1)
B	Rb	6164	0.062	Mozilla/4.0 (compatible; MSIE 7.0; Windows NT 5.1; .NET CLR 1.1.4322; .NET CLR 2.0.50727; .NET CLR 3.0.4506.2152; .NET CLR 3.5.30729)
B	Rb	6152	0.489	Mozilla/4.0 (compatible; MSIE 7.0; Windows NT 6.1; WOW64; Trident/5.0; SLCC2; .NET CLR 2.0.50727; .NET CLR 3.5.30729; .NET CLR 3.0.30729; Media Center PC 6.0; .NET4.0C; .NET4.0E)
B	Rb	6079	0.318	Mozilla/5.0 (Windows NT 6.1; WOW64) AppleWebKit/537.36 (KHTML, like Gecko) Chrome/36.0.1985.143 Safari/537.36
B	Rb	5848	0.369	Sosospider ( http://help.soso.com/webspider.htm)
B	Rb	5841	0.186	Googlebot-Image/1.0
B	Rb	5507	1.840	Mozilla/5.0 (Windows NT 6.3; WOW64) AppleWebKit/537.36 (KHTML, like Gecko) Chrome/33.0.1736.0 Safari/537.36
B	Rb	5436	0.419	Mozilla/5.0 (Windows; U; Windows NT 5.1; en-US; rv:1.7.2) Gecko/20040804 Netscape/7.2 (ax)
B	Rb	5308	0.180	Mozilla/4.0 (compatible; MSIE 7.0; Windows NT 5.1; .NET CLR 1.1.4322; .NET CLR 2.0.50727; .NET CLR 3.0.04506.30)
B	Rb	5198	0.444	Mozilla/4.0 (compatible; MSIE 7.0; Windows NT 5.1)
B	Rb	4873	0.167	Mozilla/5.0 (compatible; MSIE 9.0; Windows NT 6.1; WOW64; Trident/5.0)
B	Rb	4446	0.245	Mozilla/5.0 (compatible; Yahoo! Slurp/3.0; http://help.yahoo.com/help/us/ysearch/slurp)
B	Rb	4368	0.048	Mozilla/4.0 (compatible; MSIE 7.0; Windows NT 5.1; .NET CLR 2.0.50727; .NET CLR 3.0.4506.2152; .NET CLR 3.5.30729)
B	Rb	4270	0.618	Mozilla/5.0 (iPhone; CPU iPhone OS 7_0 like Mac OS X) AppleWebKit/537.51.1 (KHTML, like Gecko) Version/7.0 Mobile/11A465 Safari/9537.53 BingPreview/1.0b
B	Rb	4114	0.516	Mozilla/5.0 (Linux; Android 6.0.1; Nexus 5X Build/MMB29P) AppleWebKit/537.36 (KHTML, like Gecko) Chrome/41.0.2272.96 Mobile Safari/537.36 (compatible; Googlebot/2.1;  http://www.google.com/bot.html)
B	Rb	3783	0.206	Mozilla/4.0 (compatible; MSIE 6.0; Windows NT 5.1; SV1; .NET CLR 1.1.4322)
B	Rb	3616	0.113	Mozilla/5.0 (compatible; SeznamBot/3.2;  http://napoveda.seznam.cz/en/seznambot-intro/)
B	Rb	3597	1.016	Mozilla/5.0 (Linux; U; Android 8.1.0; zh-CN; EML-AL00 Build/HUAWEIEML-AL00) AppleWebKit/537.36 (KHTML, like Gecko) Version/4.0 Chrome/57.0.2987.108 baidu.sogo.uc.UCBrowser/11.9.4.974 UWS/2.13.1.48 Mobile Safari/537.36 AliApp(DingTalk/4.5.11) com.alibaba.android.rimet/10487439 Channel/227200 language/zh-CN
B	Rb	3595	0.386	Mozilla/4.0 (compatible; MSIE 7.0; Windows NT 5.1; InfoPath.2; .NET CLR 2.0.50727; .NET CLR)
B	Rb	3523	0.558	PRurl
B	Rb	3493	0.249	Mozilla/5.0 (compatible; MJ12bot/v1.4.5; http://www.majestic12.co.uk/bot.php? )
B	Rb	3481	0.171	Mozilla/5.0 (X11; Datanyze; Linux x86_64) AppleWebKit/537.36 (KHTML, like Gecko) Chrome/65.0.3325.181 Safari/537.36
B	Rb	3206	0.751	Mozilla/4.0 (compatible; MSIE 7.0; Windows NT 5.1; .NET CLR 2.0.50727; .NET CLR 1.1.4322)
B	Rb	3062	0.110	Mozilla/4.0 (compatible; MSIE 7.0; Windows NT 5.1; .NET CLR 1.1.4322)
B	Rb	3049	0.057	Mozilla/4.0 (compatible; MSIE 8.0; Windows NT 5.1; Trident/4.0; .NET CLR 2.0.50727; .NET CLR 3.0.4506.2152; .NET CLR 3.5.30729; .NET4.0C; .NET CLR 1.1.4322)
B	Rb	2935	0.320	Mozilla/5.0 (compatible; MSIE 9.0; Windows NT 6.1; Trident/5.0)
B	Rb	682213	70.992	[not listed: 20001]
b	*f	-15Q	s
b	lRQq	1	224435	4165570785	174.737	Netscape (compatible)
b	lRQq	1	37813	3450789865	144.753	ZoominfoBot (zoominfobot at zoominfo dot com)
b	lRQq	1	100	3450789759	144.753	Sidetrade indexer bot
b	lRQq	1	144	3969346333	166.506	Dalvik
b	lRQq	2	117	1984673175	83.253	Dalvik/2
b	lRQq	2	27	1984673158	83.253	Dalvik/1
b	lRQq	1	3523	3450789744	144.753	PRurl
b	lRQq	1	333	3450789743	144.753	Go-http-client
b	lRQq	2	333	3450789743	144.753	Go-http-client/1
b	lRQq	1	1673	3791884359	159.061	python-requests
b	lRQq	2	1655	3643725337	152.847	python-requests/2
b	lRQq	2	6	2606612182	109.342	python-requests/0
b	lRQq	2	12	1836514136	77.038	python-requests/1
b	lRQq	1	47	3673028273	154.076	UCWEB
b	lRQq	2	47	3673028273	154.076	UCWEB/2
b	lRQq	1	263	4043425827	169.613	curl
b	lRQq	2	262	592636088	24.860	curl/7
b	lRQq	1	30	3895266805	163.398	MobileSafari
b	lRQq	2	5	3450789739	144.753	MobileSafari/8612
b	lRQq	2	19	2828850715	118.664	MobileSafari/604
b	lRQq	2	2	2606612182	109.342	MobileSafari/9537
b	lRQq	2	1	1762434625	73.930	MobileSafari/601
b	lRQq	2	3	74079511	3.107	MobileSafari/602
b	lRQq	1	326	3673028272	154.076	Wget
b	lRQq	2	326	3673028272	154.076	Wget/1
b	lRQq	1	39	3598948761	150.968	Safari
b	lRQq	2	2	3450789739	144.753	Safari/16612
b	lRQq	2	4	3450789739	144.753	Safari/17612
b	lRQq	2	1	3450789739	144.753	Safari/11601
b	lRQq	2	1	3450789739	144.753	Safari/10603
b	lRQq	2	2	3450789739	144.753	Safari/11604
b	lRQq	2	4	3450789739	144.753	Safari/15609
b	lRQq	2	3	3450789739	144.753	Safari/16610
b	lRQq	2	2	2606612182	109.342	Safari/14606
b	lRQq	2	20	2606612182	109.342	Safari/12604
b	lRQq	1	96	3524869250	147.861	WWW-Mechanize
b	lRQq	2	1	3450789739	144.753	WWW-Mechanize/0
b	lRQq	2	95	74079511	3.107	WWW-Mechanize/1
b	lRQq	1	13	3524869250	147.861	Firefox
b	lRQq	2	1	3450789739	144.753	Firefox/1
b	lRQq	2	7	3450789739	144.753	Firefox/2
b	lRQq	2	1	3450789739	144.753	Firefox/42
b	lRQq	2	1	3450789739	144.753	Firefox/3
b	lRQq	1	17	3524869250	147.861	okhttp
b	lRQq	2	1	3450789739	144.753	okhttp/2
b	lRQq	2	16	74079511	3.107	okhttp/3
b	lRQq	1	742306	3030219469	127.111	[not listed: 867]
p	*f	0Q	s
p	lR	1	541078	Windows
p	lR	2	55748	Windows NT
p	lR	2	229303	Unknown Windows
p	lR	2	239892	Windows XP
p	lR	2	9372	Windows 2000
p	lR	2	2215	Windows 95
p	lR	2	400	Windows CE
p	lR	2	2345	Windows 98
p	lR	2	384	Windows 3.1
p	lR	2	1419	Windows ME
p	lR	1	238915	OS unknown
p	lR	1	60650	Unix
p	lR	2	59778	Linux
p	lR	2	800	Other Unix
p	lR	2	22	SunOS
p	lR	2	47	BSD
p	lR	2	3	HP-UX
p	lR	1	86326	Macintosh
p	lR	2	82215	Unknown Macintosh
p	lR	2	3117	Macintosh PowerPC
p	lR	2	994	Macintosh 68k
p	lR	1	84157	Known robots
p	lR	1	16	WebTV
p	lR	1	1	BeOS
p	lR	1	8	OS/2
p	lR	1	7	Amiga
i	*f	0R	s
i	lRc	1	590364	25.839	[root directory]
i	lRc	1	272822	67.818	/images/
i	lRc	1	102271	0.082	/js/
i	lRc	1	53483	0.089	/css/
i	lRc	1	55	6.172	/uploads/
i	lRc	1	865	0.000	/videos/
i	lRc	1	541	0.000	/client/
i	lRc	1	1	0.000	/cgi-bin/
i	lRc	1	176	0.000	/dev/
i	lRc	2	23	0.000	/dev/css/
i	lRc	2	44	0.000	/dev/js/
i	lRc	2	59	0.000	/dev/images/
i	lRc	1	1	0.000	/secure/
i	lRc	1	74	0.000	/stats/
r	*f	0.050000%S	s
r	lRSc	1	27527	34	1.260	/aboutus.html
r	lRSc	1	5818	33	1.352	/gt380+rpas.html
r	lRSc	1	14101	30	0.683	/pna.html
r	lRSc	1	5880	27	1.001	/gt1500+rpas.html
r	lRSc	1	5530	26	0.887	/gt50t+rpas.html
r	lRSc	1	22281	25	1.452	/uasfc.html
r	lRSc	1	27286	24	61.115	/indnews.html
r	lRSc	2	141	1	2.657	/indnews.html?referer=www.clickfind.com.au/wp-login.php
r	lRSc	2	1	0	0.000	/indnews.html?referer=top1.co.pl
r	lRSc	2	1	0	0.000	/indnews.html?referer=www.clickfind.com.au//wp-content/themes/busybee/thumb.php?src=http://blogger.com.opontodaarte.com.br/java.php
r	lRSc	1	18167	24	1.369	/consultinga.html
r	lRSc	1	23699	23	13.194	/compnews.html
r	lRSc	1	1222	23	0.994	/gt100hl+rpas.html
r	lRSc	1	9079	23	0.918	/sru.html
r	lRSc	1	14108	20	1.274	/indevents.html
r	lRSc	1	17541	18	0.765	/cfmt.html
r	lRSc	1	18718	17	0.413	/contactus.html
r	lRSc	1	15705	16	0.358	/employment.html
r	lRSc	1	17342	16	0.908	/cct&m.html
r	lRSc	1	12963	12	0.648	/faq.html
r	lRSc	1	14782	9	0.476	/links.html
r	lRSc	1	9830	9	0.274	/rd.html
r	lRSc	1	3810	3	0.046	/banditomav.html
r	lRSc	1	8	2	6.458	/uploads/droneexpojan2022+(1).pdf
r	lRSc	1	7	1	0.918	/uploads/idrone-pressrelease-powell-version220119.pdf
r	lRSc	1	8	1	0.180	/uploads/big+horn+basin+drone+festival+event+schedule.pdf
r	lRSc	1	10	1	1.545	/uploads/bighornbasindronefestivalflyer-v2-220110.pdf
r	lRSc	1	7	1	1.469	/uploads/2022wydronefestflyer+rev2.pdf
r	lRSc	1	3922	1	0.040	/gtatexan.html
r	lRSc	1	1	0	0.000	/client/bandito timeline2007.html
r	lRSc	1	2	0	0.000	/client/bandit+timeline2004.html
r	lRSc	1	1	0	0.000	/stats/quick.html
r	lRSc	1	1	0	0.000	/404.htm
r	lRSc	1	12	0	0.000	/client/gta010707002.html
r	lRSc	1	72	0	0.000	/client/bandito+development.html
r	lRSc	1	135	0	0.000	/client/welcome.html
r	lRSc	1	3	0	0.000	/client/gta021305001.html
r	lRSc	1	1	0	0.000	/stats/browserrep.html
r	lRSc	1	741	0	0.000	/gt50t rpas.html
r	lRSc	1	5	0	0.000	/client/gta012405001.html
r	lRSc	1	2	0	0.000	/dev/contactus.html
r	lRSc	1	4	0	0.000	/stats/general.html
r	lRSc	1	1	0	0.000	/stats/dailyrep.html
r	lRSc	1	1	0	0.000	/dev/aboutus.html
r	lRSc	1	18	0	0.000	/client/tacamo+development.html
r	lRSc	1	1	0	0.000	/client/bandit development.html
r	lRSc	1	17	0	0.000	/client/bandit+timeline2008.html
r	lRSc	1	1	0	0.000	/client/bandito+timeline2005.html
r	lRSc	1	23	0	0.000	/client/projectbids.html
r	lRSc	1	1	0	0.000	/stats/host.html
r	lRSc	1	11	0	0.000	/client/rq2+outlaw.html
r	lRSc	1	1	0	0.000	/client/bandit timeline2008.html
r	lRSc	1	20	0	0.000	/client/clientpna.html
r	lRSc	1	15	0	0.000	/client/bandit.html
r	lRSc	1	2	0	0.000	/stats/default.asp
r	lRSc	1	21	0	0.000	/index.htm
r	lRSc	1	1	0	0.000	/cgi-bin/testms.pl
r	lRSc	1	979	0	0.000	/gtamt.html
r	lRSc	1	14	0	0.000	/client/rq1+bandit.html
r	lRSc	1	2253	0	0.000	/gt1500 rpas.html
r	lRSc	1	6	0	0.000	/client/gta021305002.html
r	lRSc	1	4	0	0.000	/client/gta121004001.html
r	lRSc	1	24	0	0.000	/client/tacamo.html
r	lRSc	1	30	0	0.000	/client/mgqgcyat.asp
r	lRSc	1	1	0	0.000	/dev/client.cgi
r	lRSc	1	18702	0	0.000	/default.asp
r	lRSc	1	1666	0	0.000	/gt380 rpas.html
r	lRSc	1	1	0	0.000	/client/bandito+timeline2006.html
r	lRSc	1	16	0	0.000	/client/rq3+bandito.html
r	lRSc	1	1	0	0.000	/dev/uasfc.html
r	lRSc	1	229	0	0.000	/client.cgi
r	lRSc	1	71	0	0.000	/client/bandit+development.html
r	lRSc	1	2	0	0.000	/client/bandito development.html
r	lRSc	1	2	0	0.000	/stats/yearly.html
r	lRSc	1	2	0	0.000	/stats/domain.html
r	lRSc	1	1	0	0.000	/stats/monthly.html
r	lRSc	1	2	0	0.000	/stats/weekly.html
r	lRSc	1	8	0	0.000	/client/gta010707001.html
r	lRSc	1	4101	0	0.000	/uavengines.html
r	lRSc	1	3749	0	0.000	/bidspridpass.html
r	lRSc	1	6356	0	0.000	/pridpass.html
r	lRSc	1	12	0	0.000	/client/bandito.html
r	lRSc	1	1	0	0.000	/dev/pna.html
r	lRSc	1	1	0	0.000	/client/tacamo development.html
r	lRSc	1	4	0	0.000	/stats/index.htm
r	lRSc	1	4	0	0.000	/stats/nav.html
r	lRSc	1	1	0	0.000	/stats/quarterly.html
r	lRSc	1	3705	0	0.000	/bandituas.html
r	lRSc	1	2	0	0.000	/stats/directory.html
r	lRSc	1	2	0	0.000	/stats/organisation.html
r	lRSc	1	8	0	0.000	/client/bandito+timeline2007.html
r	lRSc	1	7	0	0.000	/client/bandit+timeline2007.html
r	lRSc	1	1	0	0.000	/dev/pridpass.html
t	*f	0.100000%B	b
t	lRb	1	313402	35.395	.html [Hypertext Markup Language]
t	lRb	1	213820	34.390	.jpg  [JPEG graphics]
t	lRb	1	243203	21.686	[directories]
t	lRb	1	778	3.045	.wmv
t	lRb	1	87	2.990	.mpg  [MPEG movie]
t	lRb	1	18734	1.286	.asp  [Active Server REQUESTS]
t	lRb	1	59085	0.395	.gif  [GIF graphics]
t	lRb	1	102315	0.327	.js  [JavaScript code]
t	lRb	1	53498	0.289	.css  [Cascading Style Sheets]
t	lRb	1	15731	0.198	[not listed: 8]
z	*FR	2009	06	30	04	42
z	*LR	2022	02	11	23	47
z	ScR	29	0.000	77907	0
z	ScR	0	0.000	0	1b-  10b
z	ScR	0	0.000	0	11b- 100b
z	ScR	71	0.008	81027	101b-  1kb
z	ScR	559	1.675	468133	1kb- 10kb
z	ScR	311	5.162	328923	10kb-100kb
z	ScR	503	56.899	63004	100kb-  1Mb
z	ScR	31	36.256	1616	1Mb- 10Mb
z	ScR	0	0.000	43	10Mb-100Mb
c	*FR	2014	03	02	13	52
c	*LR	2022	02	11	23	47
c	*f	0R	a
c	R	938294	200 OK
c	R	6700	206 Partial content
c	R	106	301 Document moved permanently
c	R	77	302 Document found elsewhere
c	R	75659	304 Not modified since last retrieval
c	R	735	400 Bad request
c	R	207	401 Authentication required
c	R	191	403 Access forbidden
c	R	412602	404 Document not found
c	R	974	405 Method not allowed
c	R	467	406 Document not acceptable to client
c	R	84	416 Requested range not valid
c	R	617	500 Internal server error
c	R	128	501 Request type not supported
I	*FR	2007	12	11	00	52
I	*LR	2022	02	11	23	35
I	*f	-30S	s
I	lRS	1	100758	160	/robots.txt
I	lRS	1	1859	15	/xmlrpc.php
I	lRS	1	3103	12	/ads.txt
I	lRS	1	678	12	/.env
I	lRS	1	1093	11	/
I	lRS	1	217	10	/vendor/phpunit/phpunit/src/util/php/eval-stdin.php
I	lRS	1	6282	7	/wp-login.php
I	lRS	1	342	4	/wp-admin/admin-ajax.php
I	lRS	1	796	3	/videos/bandito+004+flt+8+clip+092508.wmv
I	lRS	1	651	3	/wordpress/
I	lRS	1	383	2	/wp1/wp-includes/wlwmanifest.xml
I	lRS	1	367	2	/shop/wp-includes/wlwmanifest.xml
I	lRS	1	274	2	/2019/wp-includes/wlwmanifest.xml
I	lRS	1	542	2	/wp-includes/wlwmanifest.xml
I	lRS	1	387	2	/web/wp-includes/wlwmanifest.xml
I	lRS	1	19	2	/getconfig/getarticle.do
I	lRS	1	383	2	/sito/wp-includes/wlwmanifest.xml
I	lRS	1	527	2	/blog/wp-includes/wlwmanifest.xml
I	lRS	1	385	2	/website/wp-includes/wlwmanifest.xml
I	lRS	1	385	2	/news/wp-includes/wlwmanifest.xml
I	lRS	1	10	2	/wp-admin/admin.php
I	lRS	1	526	2	/wordpress/wp-includes/wlwmanifest.xml
I	lRS	1	527	2	/wp/wp-includes/wlwmanifest.xml
I	lRS	1	524	2	/cms/wp-includes/wlwmanifest.xml
I	lRS	1	386	2	/wp2/wp-includes/wlwmanifest.xml
I	lRS	1	384	2	/test/wp-includes/wlwmanifest.xml
I	lRS	1	527	2	/site/wp-includes/wlwmanifest.xml
I	lRS	1	8	2	/images/ad+photo+3h.jpg
I	lRS	1	2	1	/wp2/wp-config.php
I	lRS	1	8	1	/market/getstockbaseinfo
I	lRS	1	293666	250	[not listed: 22109]
L	*FR	2007	12	11	00	52
L	*LR	2022	02	11	23	35
L	*f	-20S	s
L	RS	127	127	152.32.226.223
L	RS	205	103	46.161.11.159
L	RS	117	30	103.207.42.248
L	RS	74	23	157.55.39.68
L	RS	18	18	174.138.29.59
L	RS	17	17	159.223.93.59
L	RS	102	14	40.77.167.96
L	RS	13	13	198.54.133.108
L	RS	97	11	5.102.173.71
L	RS	4	4	34.74.26.185
L	RS	18	4	66.249.66.136
L	RS	19	4	66.249.66.138
L	RS	21	4	66.249.66.192
L	RS	17	4	66.249.66.195
L	RS	9	3	194.38.20.161
L	RS	26	3	66.249.64.42
L	RS	35	3	185.191.171.24
L	RS	19	3	66.249.70.131
L	RS	44	2	49.7.20.28
L	RS	2	2	88.199.126.66
L	RS	415021	133	[not listed: 76104]
K	*FR	2013	12	22	04	20
K	*LR	2022	02	06	09	14
K	*f	-30S	s
K	lRS	1	313	1	http://gtaeronautics.com/wp-login.php
K	lRS	1	67	1	http://gtaeronautics.com/administrator/
K	lRS	1	51274	0	[not listed: 4901]
E	*FR	2008	01	06	10	12
E	*LR	2021	09	24	12	44
E	*f	-30S	s
E	lSR	1	0	183	[not listed: 6]
l	*FR	2008	01	06	10	12
l	*LR	2021	09	24	12	44
l	*f	-20S	s
l	SR	0	183	[not listed: 101]
v	*f	-20B	b
v	Rb	363238	50.735	64.41.87.40
v	Rb	657415	49.265	66.113.131.59
R	*FR	2008	01	06	10	12
R	*LR	2021	09	24	12	44
R	*f	-20R	r
R	R	178	66.113.131.59
R	R	5	64.41.87.40
M	*FR	2007	12	11	00	52
M	*LR	2022	02	11	23	35
M	*f	-20R	r
M	R	302606	66.113.131.59
M	R	113399	64.41.87.40
J	*FR	2007	12	11	00	53
J	*LR	2017	03	17	18	30
J	*f	-20R	r
J	R	9	gtaeronautics
J	R	5	lorrigkj
J	R	1	rullma2063
J	R	1	administrator
J	R	1	satish
J	R	1	nnnnn
P	*FR	2022	01	24	15	45
P	*LR	2022	02	11	23	47
P	R	51	0
P	R	0	<= 0.01
P	R	652	0.01-0.02
P	R	30070	0.02-0.05
P	R	68256	0.05-0.1 
P	R	84000	0.1 -0.2 
P	R	85288	0.2 -0.5 
P	R	42424	0.5 -1   
P	R	23812	1-  2 
P	R	10416	2-  5 
P	R	6230	5- 10 
P	R	2618	10- 20 
P	R	8421	20- 60 
P	R	808	60-120 
P	R	167	120-300 
