x	VE	analog 5.24
x	HN	gtaeronautics.com
x	PS	2022	01	23	05	51
x	FR	2007	12	18	17	05
x	LR	2022	01	21	23	44
x	E7	2022	01	23	05	51
x	SR	1015327
x	S7	1334
x	NC	401169
x	C7	0
x	FL	414660
x	F7	319
x	RR	183
x	R7	0
x	NH	90032
x	H7	244
x	BT	40139183982
x	B7	116403837
1	Rr	4663	0.459	2022
1	Rr	98917	9.742	2021
1	Rr	89380	8.803	2020
1	Rr	80088	7.888	2019
1	Rr	68927	6.789	2018
1	Rr	60168	5.926	2017
1	Rr	73316	7.221	2016
1	Rr	80796	7.958	2015
1	Rr	110773	10.910	2014
1	Rr	65173	6.419	2013
1	Rr	60742	5.983	2012
1	Rr	57015	5.615	2011
1	Rr	22139	2.180	2010
1	Rr	69710	6.866	2009
1	Rr	71820	7.074	2008
1	Rr	1700	0.167	2007
1	*BT	R	110773	2014
Q	Rr	4663	0.459	2022	1
Q	Rr	21154	2.083	2021	4
Q	Rr	26826	2.642	2021	3
Q	Rr	30675	3.021	2021	2
Q	Rr	20262	1.996	2021	1
Q	Rr	22199	2.186	2020	4
Q	Rr	23882	2.352	2020	3
Q	Rr	21656	2.133	2020	2
Q	Rr	21643	2.132	2020	1
Q	Rr	19098	1.881	2019	4
Q	Rr	19668	1.937	2019	3
Q	Rr	19827	1.953	2019	2
Q	Rr	21495	2.117	2019	1
Q	Rr	18129	1.786	2018	4
Q	Rr	17138	1.688	2018	3
Q	Rr	16928	1.667	2018	2
Q	Rr	16732	1.648	2018	1
Q	Rr	15937	1.570	2017	4
Q	Rr	0	0.000	2017	3
Q	Rr	16831	1.658	2017	2
Q	Rr	27400	2.699	2017	1
Q	Rr	22114	2.178	2016	4
Q	Rr	17621	1.735	2016	3
Q	Rr	15878	1.564	2016	2
Q	Rr	17703	1.744	2016	1
Q	Rr	16575	1.632	2015	4
Q	Rr	22104	2.177	2015	3
Q	Rr	22485	2.215	2015	2
Q	Rr	19632	1.934	2015	1
Q	Rr	21142	2.082	2014	4
Q	Rr	22272	2.194	2014	3
Q	Rr	31453	3.098	2014	2
Q	Rr	35906	3.536	2014	1
Q	Rr	16436	1.619	2013	4
Q	Rr	15216	1.499	2013	3
Q	Rr	16545	1.630	2013	2
Q	Rr	16976	1.672	2013	1
Q	Rr	16578	1.633	2012	4
Q	Rr	12511	1.232	2012	3
Q	Rr	15816	1.558	2012	2
Q	Rr	15837	1.560	2012	1
Q	Rr	15444	1.521	2011	4
Q	Rr	17386	1.712	2011	3
Q	Rr	9395	0.925	2011	2
Q	Rr	14790	1.457	2011	1
Q	Rr	1603	0.158	2010	4
Q	Rr	0	0.000	2010	3
Q	Rr	14047	1.383	2010	2
Q	Rr	6489	0.639	2010	1
Q	Rr	16350	1.610	2009	4
Q	Rr	18220	1.794	2009	3
Q	Rr	17115	1.686	2009	2
Q	Rr	18025	1.775	2009	1
Q	Rr	15905	1.566	2008	4
Q	Rr	15660	1.542	2008	3
Q	Rr	22448	2.211	2008	2
Q	Rr	17807	1.754	2008	1
Q	Rr	1700	0.167	2007	4
Q	*BT	R	35906	2014	1
m	Rr	4663	0.459	2022	01
m	Rr	7667	0.755	2021	12
m	Rr	7097	0.699	2021	11
m	Rr	6390	0.629	2021	10
m	Rr	6059	0.597	2021	09
m	Rr	9092	0.895	2021	08
m	Rr	11675	1.150	2021	07
m	Rr	10152	1.000	2021	06
m	Rr	10231	1.008	2021	05
m	Rr	10292	1.014	2021	04
m	Rr	7948	0.783	2021	03
m	Rr	5800	0.571	2021	02
m	Rr	6514	0.642	2021	01
m	Rr	8069	0.795	2020	12
m	Rr	6579	0.648	2020	11
m	Rr	7551	0.744	2020	10
m	Rr	8028	0.791	2020	09
m	Rr	7741	0.762	2020	08
m	Rr	8113	0.799	2020	07
m	Rr	7317	0.721	2020	06
m	Rr	6898	0.679	2020	05
m	Rr	7441	0.733	2020	04
m	Rr	7524	0.741	2020	03
m	Rr	7322	0.721	2020	02
m	Rr	6797	0.669	2020	01
m	Rr	6573	0.647	2019	12
m	Rr	5917	0.583	2019	11
m	Rr	6608	0.651	2019	10
m	Rr	6791	0.669	2019	09
m	Rr	6597	0.650	2019	08
m	Rr	6280	0.619	2019	07
m	Rr	6317	0.622	2019	06
m	Rr	6847	0.674	2019	05
m	Rr	6663	0.656	2019	04
m	Rr	7059	0.695	2019	03
m	Rr	6374	0.628	2019	02
m	Rr	8062	0.794	2019	01
m	Rr	6957	0.685	2018	12
m	Rr	5422	0.534	2018	11
m	Rr	5750	0.566	2018	10
m	Rr	5458	0.538	2018	09
m	Rr	5735	0.565	2018	08
m	Rr	5945	0.586	2018	07
m	Rr	7110	0.700	2018	06
m	Rr	6440	0.634	2018	05
m	Rr	3378	0.333	2018	04
m	Rr	5789	0.570	2018	03
m	Rr	5369	0.529	2018	02
m	Rr	5574	0.549	2018	01
m	Rr	3906	0.385	2017	12
m	Rr	6533	0.643	2017	11
m	Rr	5498	0.542	2017	10
m	Rr	0	0.000	2017	09
m	Rr	0	0.000	2017	08
m	Rr	0	0.000	2017	07
m	Rr	0	0.000	2017	06
m	Rr	6832	0.673	2017	05
m	Rr	9999	0.985	2017	04
m	Rr	11887	1.171	2017	03
m	Rr	7941	0.782	2017	02
m	Rr	7572	0.746	2017	01
m	Rr	9483	0.934	2016	12
m	Rr	7121	0.701	2016	11
m	Rr	5510	0.543	2016	10
m	Rr	6288	0.619	2016	09
m	Rr	5888	0.580	2016	08
m	Rr	5445	0.536	2016	07
m	Rr	5042	0.497	2016	06
m	Rr	5495	0.541	2016	05
m	Rr	5341	0.526	2016	04
m	Rr	5558	0.547	2016	03
m	Rr	5548	0.546	2016	02
m	Rr	6597	0.650	2016	01
m	Rr	5574	0.549	2015	12
m	Rr	5330	0.525	2015	11
m	Rr	5671	0.559	2015	10
m	Rr	6196	0.610	2015	09
m	Rr	6788	0.669	2015	08
m	Rr	9120	0.898	2015	07
m	Rr	7156	0.705	2015	06
m	Rr	5694	0.561	2015	05
m	Rr	9635	0.949	2015	04
m	Rr	6215	0.612	2015	03
m	Rr	6084	0.599	2015	02
m	Rr	7333	0.722	2015	01
m	Rr	6608	0.651	2014	12
m	Rr	6997	0.689	2014	11
m	Rr	7537	0.742	2014	10
m	Rr	7043	0.694	2014	09
m	Rr	7324	0.721	2014	08
m	Rr	7905	0.779	2014	07
m	Rr	11654	1.148	2014	06
m	Rr	9211	0.907	2014	05
m	Rr	10588	1.043	2014	04
m	Rr	7817	0.770	2014	03
m	Rr	15229	1.500	2014	02
m	Rr	12860	1.267	2014	01
m	Rr	5325	0.524	2013	12
m	Rr	5513	0.543	2013	11
m	Rr	5598	0.551	2013	10
m	Rr	4655	0.458	2013	09
m	Rr	4938	0.486	2013	08
m	Rr	5623	0.554	2013	07
m	Rr	5492	0.541	2013	06
m	Rr	5211	0.513	2013	05
m	Rr	5842	0.575	2013	04
m	Rr	6068	0.598	2013	03
m	Rr	5055	0.498	2013	02
m	Rr	5853	0.576	2013	01
m	Rr	5688	0.560	2012	12
m	Rr	5477	0.539	2012	11
m	Rr	5413	0.533	2012	10
m	Rr	4331	0.427	2012	09
m	Rr	3866	0.381	2012	08
m	Rr	4314	0.425	2012	07
m	Rr	4655	0.458	2012	06
m	Rr	6047	0.596	2012	05
m	Rr	5114	0.504	2012	04
m	Rr	6128	0.604	2012	03
m	Rr	5430	0.535	2012	02
m	Rr	4279	0.421	2012	01
m	Rr	5548	0.546	2011	12
m	Rr	4779	0.471	2011	11
m	Rr	5117	0.504	2011	10
m	Rr	5431	0.535	2011	09
m	Rr	6256	0.616	2011	08
m	Rr	5699	0.561	2011	07
m	Rr	5420	0.534	2011	06
m	Rr	3975	0.391	2011	05
m	Rr	0	0.000	2011	04
m	Rr	3608	0.355	2011	03
m	Rr	5171	0.509	2011	02
m	Rr	6011	0.592	2011	01
m	Rr	1603	0.158	2010	12
m	Rr	0	0.000	2010	11
m	Rr	0	0.000	2010	10
m	Rr	0	0.000	2010	09
m	Rr	0	0.000	2010	08
m	Rr	0	0.000	2010	07
m	Rr	4101	0.404	2010	06
m	Rr	5018	0.494	2010	05
m	Rr	4928	0.485	2010	04
m	Rr	5095	0.502	2010	03
m	Rr	1394	0.137	2010	02
m	Rr	0	0.000	2010	01
m	Rr	4665	0.459	2009	12
m	Rr	6187	0.609	2009	11
m	Rr	5498	0.542	2009	10
m	Rr	5066	0.499	2009	09
m	Rr	5718	0.563	2009	08
m	Rr	7436	0.732	2009	07
m	Rr	5685	0.560	2009	06
m	Rr	6120	0.603	2009	05
m	Rr	5310	0.523	2009	04
m	Rr	5515	0.543	2009	03
m	Rr	6123	0.603	2009	02
m	Rr	6387	0.629	2009	01
m	Rr	5763	0.568	2008	12
m	Rr	5420	0.534	2008	11
m	Rr	4722	0.465	2008	10
m	Rr	5435	0.535	2008	09
m	Rr	4843	0.477	2008	08
m	Rr	5382	0.530	2008	07
m	Rr	6082	0.599	2008	06
m	Rr	9946	0.980	2008	05
m	Rr	6420	0.632	2008	04
m	Rr	5431	0.535	2008	03
m	Rr	6469	0.637	2008	02
m	Rr	5907	0.582	2008	01
m	Rr	1700	0.167	2007	12
m	*BT	R	15229	2014	02
W	Rr	1429	0.141	2022	01	16
W	Rr	1693	0.167	2022	01	09
W	Rr	1541	0.152	2022	01	02
W	Rr	1311	0.129	2021	12	26
W	Rr	1839	0.181	2021	12	19
W	Rr	1732	0.171	2021	12	12
W	Rr	2001	0.197	2021	12	05
W	Rr	1641	0.162	2021	11	28
W	Rr	1615	0.159	2021	11	21
W	Rr	1673	0.165	2021	11	14
W	Rr	1625	0.160	2021	11	07
W	Rr	1523	0.150	2021	10	31
W	Rr	1562	0.154	2021	10	24
W	Rr	1474	0.145	2021	10	17
W	Rr	1349	0.133	2021	10	10
W	Rr	1615	0.159	2021	10	03
W	Rr	1598	0.157	2021	09	26
W	Rr	1646	0.162	2021	09	19
W	Rr	1203	0.118	2021	09	12
W	Rr	1106	0.109	2021	09	05
W	Rr	1383	0.136	2021	08	29
W	Rr	1685	0.166	2021	08	22
W	Rr	2071	0.204	2021	08	15
W	Rr	2279	0.224	2021	08	08
W	Rr	2374	0.234	2021	08	01
W	Rr	2543	0.250	2021	07	25
W	Rr	2843	0.280	2021	07	18
W	Rr	2777	0.274	2021	07	11
W	Rr	2756	0.271	2021	07	04
W	Rr	2524	0.249	2021	06	27
W	Rr	2466	0.243	2021	06	20
W	Rr	2262	0.223	2021	06	13
W	Rr	2264	0.223	2021	06	06
W	Rr	2101	0.207	2021	05	30
W	Rr	3009	0.296	2021	05	23
W	Rr	1989	0.196	2021	05	16
W	Rr	2386	0.235	2021	05	09
W	Rr	2138	0.211	2021	05	02
W	Rr	1668	0.164	2021	04	25
W	Rr	2413	0.238	2021	04	18
W	Rr	3035	0.299	2021	04	11
W	Rr	2709	0.267	2021	04	04
W	Rr	1942	0.191	2021	03	28
W	Rr	1666	0.164	2021	03	21
W	Rr	1476	0.145	2021	03	14
W	Rr	1713	0.169	2021	03	07
W	Rr	1777	0.175	2021	02	28
W	Rr	1173	0.116	2021	02	21
W	Rr	1101	0.108	2021	02	14
W	Rr	1699	0.167	2021	02	07
W	Rr	1867	0.184	2021	01	31
W	Rr	1404	0.138	2021	01	24
W	Rr	1564	0.154	2021	01	17
W	Rr	1431	0.141	2021	01	10
W	Rr	1666	0.164	2021	01	03
W	Rr	1926	0.190	2020	12	27
W	Rr	1572	0.155	2020	12	20
W	Rr	1404	0.138	2020	12	13
W	Rr	2272	0.224	2020	12	06
W	Rr	1522	0.150	2020	11	29
W	Rr	1722	0.170	2020	11	22
W	Rr	1580	0.156	2020	11	15
W	Rr	1401	0.138	2020	11	08
W	Rr	1499	0.148	2020	11	01
W	Rr	1470	0.145	2020	10	25
W	Rr	2379	0.234	2020	10	18
W	Rr	1559	0.154	2020	10	11
W	Rr	1729	0.170	2020	10	04
W	Rr	1674	0.165	2020	09	27
W	Rr	1786	0.176	2020	09	20
W	Rr	2200	0.217	2020	09	13
W	Rr	1677	0.165	2020	09	06
W	Rr	1596	0.157	2020	08	30
W	Rr	1833	0.181	2020	08	23
W	Rr	1814	0.179	2020	08	16
W	Rr	2206	0.217	2020	08	09
W	Rr	1397	0.138	2020	08	02
W	Rr	1816	0.179	2020	07	26
W	Rr	1949	0.192	2020	07	19
W	Rr	1532	0.151	2020	07	12
W	Rr	1976	0.195	2020	07	05
W	Rr	1600	0.158	2020	06	28
W	Rr	1627	0.160	2020	06	21
W	Rr	2101	0.207	2020	06	14
W	Rr	1590	0.157	2020	06	07
W	Rr	1492	0.147	2020	05	31
W	Rr	1556	0.153	2020	05	24
W	Rr	1756	0.173	2020	05	17
W	Rr	1568	0.154	2020	05	10
W	Rr	1567	0.154	2020	05	03
W	Rr	1734	0.171	2020	04	26
W	Rr	1675	0.165	2020	04	19
W	Rr	1702	0.168	2020	04	12
W	Rr	1965	0.194	2020	04	05
W	Rr	1329	0.131	2020	03	29
W	Rr	1818	0.179	2020	03	22
W	Rr	1345	0.132	2020	03	15
W	Rr	1581	0.156	2020	03	08
W	Rr	2014	0.198	2020	03	01
W	Rr	1942	0.191	2020	02	23
W	Rr	1748	0.172	2020	02	16
W	Rr	1949	0.192	2020	02	09
W	Rr	1683	0.166	2020	02	02
W	Rr	1436	0.141	2020	01	26
W	Rr	1792	0.176	2020	01	19
W	Rr	1519	0.150	2020	01	12
W	Rr	1420	0.140	2020	01	05
W	Rr	1109	0.109	2019	12	29
W	Rr	1023	0.101	2019	12	22
W	Rr	1584	0.156	2019	12	15
W	Rr	1783	0.176	2019	12	08
W	Rr	1704	0.168	2019	12	01
W	Rr	1178	0.116	2019	11	24
W	Rr	1697	0.167	2019	11	17
W	Rr	1510	0.149	2019	11	10
W	Rr	1383	0.136	2019	11	03
W	Rr	1309	0.129	2019	10	27
W	Rr	1473	0.145	2019	10	20
W	Rr	1519	0.150	2019	10	13
W	Rr	1485	0.146	2019	10	06
W	Rr	1416	0.139	2019	09	29
W	Rr	1499	0.148	2019	09	22
W	Rr	1652	0.163	2019	09	15
W	Rr	1710	0.168	2019	09	08
W	Rr	1485	0.146	2019	09	01
W	Rr	1689	0.166	2019	08	25
W	Rr	1315	0.130	2019	08	18
W	Rr	1619	0.159	2019	08	11
W	Rr	1558	0.153	2019	08	04
W	Rr	1360	0.134	2019	07	28
W	Rr	1191	0.117	2019	07	21
W	Rr	1730	0.170	2019	07	14
W	Rr	1299	0.128	2019	07	07
W	Rr	1339	0.132	2019	06	30
W	Rr	1592	0.157	2019	06	23
W	Rr	1497	0.147	2019	06	16
W	Rr	1450	0.143	2019	06	09
W	Rr	1555	0.153	2019	06	02
W	Rr	1289	0.127	2019	05	26
W	Rr	1863	0.183	2019	05	19
W	Rr	1385	0.136	2019	05	12
W	Rr	1553	0.153	2019	05	05
W	Rr	1655	0.163	2019	04	28
W	Rr	1282	0.126	2019	04	21
W	Rr	1503	0.148	2019	04	14
W	Rr	1623	0.160	2019	04	07
W	Rr	1715	0.169	2019	03	31
W	Rr	1882	0.185	2019	03	24
W	Rr	1464	0.144	2019	03	17
W	Rr	1381	0.136	2019	03	10
W	Rr	1627	0.160	2019	03	03
W	Rr	1773	0.175	2019	02	24
W	Rr	1669	0.164	2019	02	17
W	Rr	1483	0.146	2019	02	10
W	Rr	1391	0.137	2019	02	03
W	Rr	1797	0.177	2019	01	27
W	Rr	1963	0.193	2019	01	20
W	Rr	2029	0.200	2019	01	13
W	Rr	1696	0.167	2019	01	06
W	Rr	1526	0.150	2018	12	30
W	Rr	1226	0.121	2018	12	23
W	Rr	1442	0.142	2018	12	16
W	Rr	1936	0.191	2018	12	09
W	Rr	1809	0.178	2018	12	02
W	Rr	1295	0.128	2018	11	25
W	Rr	1820	0.179	2018	11	18
W	Rr	1802	0.177	2018	11	11
W	Rr	0	0.000	2018	11	04
W	Rr	1473	0.145	2018	10	28
W	Rr	1106	0.109	2018	10	21
W	Rr	1427	0.141	2018	10	14
W	Rr	1214	0.120	2018	10	07
W	Rr	1168	0.115	2018	09	30
W	Rr	1420	0.140	2018	09	23
W	Rr	1197	0.118	2018	09	16
W	Rr	1388	0.137	2018	09	09
W	Rr	1320	0.130	2018	09	02
W	Rr	1246	0.123	2018	08	26
W	Rr	1214	0.120	2018	08	19
W	Rr	1366	0.135	2018	08	12
W	Rr	1195	0.118	2018	08	05
W	Rr	1346	0.133	2018	07	29
W	Rr	1374	0.135	2018	07	22
W	Rr	1508	0.149	2018	07	15
W	Rr	1522	0.150	2018	07	08
W	Rr	909	0.090	2018	07	01
W	Rr	1444	0.142	2018	06	24
W	Rr	2682	0.264	2018	06	17
W	Rr	1365	0.134	2018	06	10
W	Rr	1329	0.131	2018	06	03
W	Rr	1275	0.126	2018	05	27
W	Rr	1392	0.137	2018	05	20
W	Rr	1321	0.130	2018	05	13
W	Rr	1527	0.150	2018	05	06
W	Rr	1517	0.149	2018	04	29
W	Rr	0	0.000	2018	04	22
W	Rr	1364	0.134	2018	04	15
W	Rr	1712	0.169	2018	04	08
W	Rr	0	0.000	2018	04	01
W	Rr	1543	0.152	2018	03	25
W	Rr	1342	0.132	2018	03	18
W	Rr	2429	0.239	2018	03	11
W	Rr	0	0.000	2018	03	04
W	Rr	1366	0.135	2018	02	25
W	Rr	1308	0.129	2018	02	18
W	Rr	1439	0.142	2018	02	11
W	Rr	1731	0.170	2018	02	04
W	Rr	0	0.000	2018	01	28
W	Rr	1434	0.141	2018	01	21
W	Rr	1578	0.155	2018	01	14
W	Rr	1471	0.145	2018	01	07
W	Rr	1246	0.123	2017	12	31
W	Rr	1033	0.102	2017	12	24
W	Rr	1103	0.109	2017	12	17
W	Rr	1406	0.138	2017	12	10
W	Rr	0	0.000	2017	12	03
W	Rr	1335	0.131	2017	11	26
W	Rr	1427	0.141	2017	11	19
W	Rr	1662	0.164	2017	11	12
W	Rr	1414	0.139	2017	11	05
W	Rr	1349	0.133	2017	10	29
W	Rr	1208	0.119	2017	10	22
W	Rr	2013	0.198	2017	10	15
W	Rr	1832	0.180	2017	10	08
W	Rr	0	0.000	2017	10	01
W	Rr	0	0.000	2017	09	24
W	Rr	0	0.000	2017	09	17
W	Rr	0	0.000	2017	09	10
W	Rr	0	0.000	2017	09	03
W	Rr	0	0.000	2017	08	27
W	Rr	0	0.000	2017	08	20
W	Rr	0	0.000	2017	08	13
W	Rr	0	0.000	2017	08	06
W	Rr	0	0.000	2017	07	30
W	Rr	0	0.000	2017	07	23
W	Rr	0	0.000	2017	07	16
W	Rr	0	0.000	2017	07	09
W	Rr	0	0.000	2017	07	02
W	Rr	0	0.000	2017	06	25
W	Rr	0	0.000	2017	06	18
W	Rr	0	0.000	2017	06	11
W	Rr	0	0.000	2017	06	04
W	Rr	25	0.002	2017	05	28
W	Rr	1838	0.181	2017	05	21
W	Rr	1915	0.189	2017	05	14
W	Rr	1676	0.165	2017	05	07
W	Rr	1677	0.165	2017	04	30
W	Rr	2071	0.204	2017	04	23
W	Rr	1978	0.195	2017	04	16
W	Rr	1874	0.185	2017	04	09
W	Rr	3435	0.338	2017	04	02
W	Rr	2619	0.258	2017	03	26
W	Rr	2633	0.259	2017	03	19
W	Rr	2413	0.238	2017	03	12
W	Rr	3092	0.305	2017	03	05
W	Rr	2295	0.226	2017	02	26
W	Rr	2204	0.217	2017	02	19
W	Rr	1869	0.184	2017	02	12
W	Rr	1973	0.194	2017	02	05
W	Rr	1783	0.176	2017	01	29
W	Rr	1768	0.174	2017	01	22
W	Rr	1585	0.156	2017	01	15
W	Rr	1768	0.174	2017	01	08
W	Rr	1740	0.171	2017	01	01
W	Rr	1549	0.153	2016	12	25
W	Rr	2202	0.217	2016	12	18
W	Rr	1812	0.178	2016	12	11
W	Rr	2648	0.261	2016	12	04
W	Rr	2236	0.220	2016	11	27
W	Rr	1321	0.130	2016	11	20
W	Rr	1996	0.197	2016	11	13
W	Rr	1716	0.169	2016	11	06
W	Rr	1564	0.154	2016	10	30
W	Rr	1362	0.134	2016	10	23
W	Rr	1707	0.168	2016	10	16
W	Rr	1696	0.167	2016	10	09
W	Rr	36	0.004	2016	10	02
W	Rr	2002	0.197	2016	09	25
W	Rr	1399	0.138	2016	09	18
W	Rr	1199	0.118	2016	09	11
W	Rr	1326	0.131	2016	09	04
W	Rr	1316	0.130	2016	08	28
W	Rr	1257	0.124	2016	08	21
W	Rr	1208	0.119	2016	08	14
W	Rr	1602	0.158	2016	08	07
W	Rr	1319	0.130	2016	07	31
W	Rr	1796	0.177	2016	07	24
W	Rr	1171	0.115	2016	07	17
W	Rr	1167	0.115	2016	07	10
W	Rr	917	0.090	2016	07	03
W	Rr	920	0.091	2016	06	26
W	Rr	1179	0.116	2016	06	19
W	Rr	1288	0.127	2016	06	12
W	Rr	1237	0.122	2016	06	05
W	Rr	1263	0.124	2016	05	29
W	Rr	1338	0.132	2016	05	22
W	Rr	1184	0.117	2016	05	15
W	Rr	1365	0.134	2016	05	08
W	Rr	974	0.096	2016	05	01
W	Rr	1311	0.129	2016	04	24
W	Rr	1127	0.111	2016	04	17
W	Rr	1248	0.123	2016	04	10
W	Rr	1451	0.143	2016	04	03
W	Rr	987	0.097	2016	03	27
W	Rr	1233	0.121	2016	03	20
W	Rr	1347	0.133	2016	03	13
W	Rr	1347	0.133	2016	03	06
W	Rr	1236	0.122	2016	02	28
W	Rr	1422	0.140	2016	02	21
W	Rr	1085	0.107	2016	02	14
W	Rr	1427	0.141	2016	02	07
W	Rr	1359	0.134	2016	01	31
W	Rr	1708	0.168	2016	01	24
W	Rr	1476	0.145	2016	01	17
W	Rr	1563	0.154	2016	01	10
W	Rr	1381	0.136	2016	01	03
W	Rr	1273	0.125	2015	12	27
W	Rr	1084	0.107	2015	12	20
W	Rr	1344	0.132	2015	12	13
W	Rr	1336	0.132	2015	12	06
W	Rr	1123	0.111	2015	11	29
W	Rr	960	0.095	2015	11	22
W	Rr	1337	0.132	2015	11	15
W	Rr	1400	0.138	2015	11	08
W	Rr	1383	0.136	2015	11	01
W	Rr	1250	0.123	2015	10	25
W	Rr	1366	0.135	2015	10	18
W	Rr	1367	0.135	2015	10	11
W	Rr	1214	0.120	2015	10	04
W	Rr	1152	0.113	2015	09	27
W	Rr	1387	0.137	2015	09	20
W	Rr	1655	0.163	2015	09	13
W	Rr	1526	0.150	2015	09	06
W	Rr	1242	0.122	2015	08	30
W	Rr	1800	0.177	2015	08	23
W	Rr	1527	0.150	2015	08	16
W	Rr	1386	0.137	2015	08	09
W	Rr	1593	0.157	2015	08	02
W	Rr	1567	0.154	2015	07	26
W	Rr	1980	0.195	2015	07	19
W	Rr	2180	0.215	2015	07	12
W	Rr	2008	0.198	2015	07	05
W	Rr	2297	0.226	2015	06	28
W	Rr	1556	0.153	2015	06	21
W	Rr	1380	0.136	2015	06	14
W	Rr	2013	0.198	2015	06	07
W	Rr	1651	0.163	2015	05	31
W	Rr	1224	0.121	2015	05	24
W	Rr	1355	0.133	2015	05	17
W	Rr	1179	0.116	2015	05	10
W	Rr	1436	0.141	2015	05	03
W	Rr	1671	0.165	2015	04	26
W	Rr	1878	0.185	2015	04	19
W	Rr	2326	0.229	2015	04	12
W	Rr	2636	0.260	2015	04	05
W	Rr	2297	0.226	2015	03	29
W	Rr	1237	0.122	2015	03	22
W	Rr	1453	0.143	2015	03	15
W	Rr	1399	0.138	2015	03	08
W	Rr	1287	0.127	2015	03	01
W	Rr	1249	0.123	2015	02	22
W	Rr	1373	0.135	2015	02	15
W	Rr	1790	0.176	2015	02	08
W	Rr	1672	0.165	2015	02	01
W	Rr	1543	0.152	2015	01	25
W	Rr	1463	0.144	2015	01	18
W	Rr	1696	0.167	2015	01	11
W	Rr	1707	0.168	2015	01	04
W	Rr	1833	0.181	2014	12	28
W	Rr	1335	0.131	2014	12	21
W	Rr	1644	0.162	2014	12	14
W	Rr	1541	0.152	2014	12	07
W	Rr	1335	0.131	2014	11	30
W	Rr	1262	0.124	2014	11	23
W	Rr	2009	0.198	2014	11	16
W	Rr	1566	0.154	2014	11	09
W	Rr	1814	0.179	2014	11	02
W	Rr	1452	0.143	2014	10	26
W	Rr	1642	0.162	2014	10	19
W	Rr	1795	0.177	2014	10	12
W	Rr	1836	0.181	2014	10	05
W	Rr	1662	0.164	2014	09	28
W	Rr	1843	0.182	2014	09	21
W	Rr	1678	0.165	2014	09	14
W	Rr	1598	0.157	2014	09	07
W	Rr	1418	0.140	2014	08	31
W	Rr	1584	0.156	2014	08	24
W	Rr	1571	0.155	2014	08	17
W	Rr	1727	0.170	2014	08	10
W	Rr	1927	0.190	2014	08	03
W	Rr	1691	0.167	2014	07	27
W	Rr	1702	0.168	2014	07	20
W	Rr	1624	0.160	2014	07	13
W	Rr	1831	0.180	2014	07	06
W	Rr	1867	0.184	2014	06	29
W	Rr	1927	0.190	2014	06	22
W	Rr	2134	0.210	2014	06	15
W	Rr	4851	0.478	2014	06	08
W	Rr	2293	0.226	2014	06	01
W	Rr	3180	0.313	2014	05	25
W	Rr	1468	0.145	2014	05	18
W	Rr	1808	0.178	2014	05	11
W	Rr	1998	0.197	2014	05	04
W	Rr	1876	0.185	2014	04	27
W	Rr	2330	0.229	2014	04	20
W	Rr	2565	0.253	2014	04	13
W	Rr	2652	0.261	2014	04	06
W	Rr	2574	0.254	2014	03	30
W	Rr	1186	0.117	2014	03	23
W	Rr	1305	0.129	2014	03	16
W	Rr	2273	0.224	2014	03	09
W	Rr	2231	0.220	2014	03	02
W	Rr	1925	0.190	2014	02	23
W	Rr	7060	0.695	2014	02	16
W	Rr	2854	0.281	2014	02	09
W	Rr	3190	0.314	2014	02	02
W	Rr	3743	0.369	2014	01	26
W	Rr	3643	0.359	2014	01	19
W	Rr	2961	0.292	2014	01	12
W	Rr	2319	0.228	2014	01	05
W	Rr	981	0.097	2013	12	29
W	Rr	1108	0.109	2013	12	22
W	Rr	1226	0.121	2013	12	15
W	Rr	1285	0.127	2013	12	08
W	Rr	1289	0.127	2013	12	01
W	Rr	1404	0.138	2013	11	24
W	Rr	1142	0.112	2013	11	17
W	Rr	1334	0.131	2013	11	10
W	Rr	1277	0.126	2013	11	03
W	Rr	1035	0.102	2013	10	27
W	Rr	1309	0.129	2013	10	20
W	Rr	1302	0.128	2013	10	13
W	Rr	1432	0.141	2013	10	06
W	Rr	1178	0.116	2013	09	29
W	Rr	947	0.093	2013	09	22
W	Rr	1254	0.124	2013	09	15
W	Rr	1099	0.108	2013	09	08
W	Rr	1053	0.104	2013	09	01
W	Rr	1010	0.099	2013	08	25
W	Rr	1102	0.109	2013	08	18
W	Rr	1063	0.105	2013	08	11
W	Rr	1105	0.109	2013	08	04
W	Rr	1377	0.136	2013	07	28
W	Rr	1498	0.148	2013	07	21
W	Rr	1295	0.128	2013	07	14
W	Rr	1237	0.122	2013	07	07
W	Rr	1003	0.099	2013	06	30
W	Rr	1275	0.126	2013	06	23
W	Rr	1072	0.106	2013	06	16
W	Rr	1249	0.123	2013	06	09
W	Rr	1521	0.150	2013	06	02
W	Rr	1256	0.124	2013	05	26
W	Rr	1091	0.107	2013	05	19
W	Rr	1359	0.134	2013	05	12
W	Rr	1130	0.111	2013	05	05
W	Rr	1215	0.120	2013	04	28
W	Rr	1368	0.135	2013	04	21
W	Rr	1318	0.130	2013	04	14
W	Rr	1408	0.139	2013	04	07
W	Rr	1277	0.126	2013	03	31
W	Rr	1452	0.143	2013	03	24
W	Rr	1418	0.140	2013	03	17
W	Rr	1217	0.120	2013	03	10
W	Rr	1490	0.147	2013	03	03
W	Rr	1353	0.133	2013	02	24
W	Rr	1268	0.125	2013	02	17
W	Rr	1274	0.125	2013	02	10
W	Rr	1153	0.114	2013	02	03
W	Rr	1266	0.125	2013	01	27
W	Rr	1271	0.125	2013	01	20
W	Rr	1449	0.143	2013	01	13
W	Rr	1253	0.123	2013	01	06
W	Rr	1309	0.129	2012	12	30
W	Rr	1156	0.114	2012	12	23
W	Rr	1336	0.132	2012	12	16
W	Rr	1575	0.155	2012	12	09
W	Rr	1087	0.107	2012	12	02
W	Rr	1376	0.136	2012	11	25
W	Rr	1136	0.112	2012	11	18
W	Rr	1341	0.132	2012	11	11
W	Rr	1418	0.140	2012	11	04
W	Rr	1103	0.109	2012	10	28
W	Rr	1200	0.118	2012	10	21
W	Rr	1382	0.136	2012	10	14
W	Rr	1127	0.111	2012	10	07
W	Rr	1187	0.117	2012	09	30
W	Rr	1172	0.115	2012	09	23
W	Rr	1034	0.102	2012	09	16
W	Rr	944	0.093	2012	09	09
W	Rr	958	0.094	2012	09	02
W	Rr	734	0.072	2012	08	26
W	Rr	881	0.087	2012	08	19
W	Rr	874	0.086	2012	08	12
W	Rr	973	0.096	2012	08	05
W	Rr	1010	0.099	2012	07	29
W	Rr	943	0.093	2012	07	22
W	Rr	1089	0.107	2012	07	15
W	Rr	888	0.087	2012	07	08
W	Rr	845	0.083	2012	07	01
W	Rr	1070	0.105	2012	06	24
W	Rr	1050	0.103	2012	06	17
W	Rr	1271	0.125	2012	06	10
W	Rr	957	0.094	2012	06	03
W	Rr	1249	0.123	2012	05	27
W	Rr	1055	0.104	2012	05	20
W	Rr	1392	0.137	2012	05	13
W	Rr	1140	0.112	2012	05	06
W	Rr	1807	0.178	2012	04	29
W	Rr	1225	0.121	2012	04	22
W	Rr	1264	0.124	2012	04	15
W	Rr	1075	0.106	2012	04	08
W	Rr	1261	0.124	2012	04	01
W	Rr	1345	0.132	2012	03	25
W	Rr	1254	0.124	2012	03	18
W	Rr	1478	0.146	2012	03	11
W	Rr	1503	0.148	2012	03	04
W	Rr	1532	0.151	2012	02	26
W	Rr	1464	0.144	2012	02	19
W	Rr	1154	0.114	2012	02	12
W	Rr	1240	0.122	2012	02	05
W	Rr	1088	0.107	2012	01	29
W	Rr	1125	0.111	2012	01	22
W	Rr	60	0.006	2012	01	15
W	Rr	1472	0.145	2012	01	08
W	Rr	1122	0.111	2012	01	01
W	Rr	888	0.087	2011	12	25
W	Rr	1360	0.134	2011	12	18
W	Rr	1486	0.146	2011	12	11
W	Rr	1330	0.131	2011	12	04
W	Rr	1094	0.108	2011	11	27
W	Rr	1062	0.105	2011	11	20
W	Rr	1123	0.111	2011	11	13
W	Rr	975	0.096	2011	11	06
W	Rr	1264	0.124	2011	10	30
W	Rr	1140	0.112	2011	10	23
W	Rr	1211	0.119	2011	10	16
W	Rr	1236	0.122	2011	10	09
W	Rr	1128	0.111	2011	10	02
W	Rr	1083	0.107	2011	09	25
W	Rr	1451	0.143	2011	09	18
W	Rr	1278	0.126	2011	09	11
W	Rr	1219	0.120	2011	09	04
W	Rr	1316	0.130	2011	08	28
W	Rr	1119	0.110	2011	08	21
W	Rr	1484	0.146	2011	08	14
W	Rr	1671	0.165	2011	08	07
W	Rr	1319	0.130	2011	07	31
W	Rr	1197	0.118	2011	07	24
W	Rr	1504	0.148	2011	07	17
W	Rr	1367	0.135	2011	07	10
W	Rr	1205	0.119	2011	07	03
W	Rr	1333	0.131	2011	06	26
W	Rr	1059	0.104	2011	06	19
W	Rr	1353	0.133	2011	06	12
W	Rr	1275	0.126	2011	06	05
W	Rr	983	0.097	2011	05	29
W	Rr	1262	0.124	2011	05	22
W	Rr	1374	0.135	2011	05	15
W	Rr	1076	0.106	2011	05	08
W	Rr	0	0.000	2011	05	01
W	Rr	0	0.000	2011	04	24
W	Rr	0	0.000	2011	04	17
W	Rr	0	0.000	2011	04	10
W	Rr	0	0.000	2011	04	03
W	Rr	0	0.000	2011	03	27
W	Rr	24	0.002	2011	03	20
W	Rr	1317	0.130	2011	03	13
W	Rr	1258	0.124	2011	03	06
W	Rr	1372	0.135	2011	02	27
W	Rr	1226	0.121	2011	02	20
W	Rr	1524	0.150	2011	02	13
W	Rr	1366	0.135	2011	02	06
W	Rr	958	0.094	2011	01	30
W	Rr	1273	0.125	2011	01	23
W	Rr	1560	0.154	2011	01	16
W	Rr	1472	0.145	2011	01	09
W	Rr	1310	0.129	2011	01	02
W	Rr	798	0.079	2010	12	26
W	Rr	935	0.092	2010	12	19
W	Rr	0	0.000	2010	12	12
W	Rr	0	0.000	2010	12	05
W	Rr	0	0.000	2010	11	28
W	Rr	0	0.000	2010	11	21
W	Rr	0	0.000	2010	11	14
W	Rr	0	0.000	2010	11	07
W	Rr	0	0.000	2010	10	31
W	Rr	0	0.000	2010	10	24
W	Rr	0	0.000	2010	10	17
W	Rr	0	0.000	2010	10	10
W	Rr	0	0.000	2010	10	03
W	Rr	0	0.000	2010	09	26
W	Rr	0	0.000	2010	09	19
W	Rr	0	0.000	2010	09	12
W	Rr	0	0.000	2010	09	05
W	Rr	0	0.000	2010	08	29
W	Rr	0	0.000	2010	08	22
W	Rr	0	0.000	2010	08	15
W	Rr	0	0.000	2010	08	08
W	Rr	0	0.000	2010	08	01
W	Rr	0	0.000	2010	07	25
W	Rr	0	0.000	2010	07	18
W	Rr	0	0.000	2010	07	11
W	Rr	0	0.000	2010	07	04
W	Rr	15	0.001	2010	06	27
W	Rr	914	0.090	2010	06	20
W	Rr	1104	0.109	2010	06	13
W	Rr	1096	0.108	2010	06	06
W	Rr	1171	0.115	2010	05	30
W	Rr	1115	0.110	2010	05	23
W	Rr	1170	0.115	2010	05	16
W	Rr	1334	0.131	2010	05	09
W	Rr	1109	0.109	2010	05	02
W	Rr	1067	0.105	2010	04	25
W	Rr	1212	0.119	2010	04	18
W	Rr	1054	0.104	2010	04	11
W	Rr	1325	0.130	2010	04	04
W	Rr	811	0.080	2010	03	28
W	Rr	1195	0.118	2010	03	21
W	Rr	1338	0.132	2010	03	14
W	Rr	1113	0.110	2010	03	07
W	Rr	1103	0.109	2010	02	28
W	Rr	1290	0.127	2010	02	21
W	Rr	0	0.000	2010	02	14
W	Rr	0	0.000	2010	02	07
W	Rr	0	0.000	2010	01	31
W	Rr	0	0.000	2010	01	24
W	Rr	0	0.000	2010	01	17
W	Rr	0	0.000	2010	01	10
W	Rr	0	0.000	2010	01	03
W	Rr	78	0.008	2009	12	27
W	Rr	945	0.093	2009	12	20
W	Rr	1140	0.112	2009	12	13
W	Rr	1323	0.130	2009	12	06
W	Rr	1518	0.150	2009	11	29
W	Rr	1352	0.133	2009	11	22
W	Rr	1346	0.133	2009	11	15
W	Rr	1416	0.139	2009	11	08
W	Rr	1734	0.171	2009	11	01
W	Rr	1035	0.102	2009	10	25
W	Rr	1297	0.128	2009	10	18
W	Rr	1267	0.125	2009	10	11
W	Rr	1440	0.142	2009	10	04
W	Rr	1521	0.150	2009	09	27
W	Rr	1121	0.110	2009	09	20
W	Rr	875	0.086	2009	09	13
W	Rr	1032	0.102	2009	09	06
W	Rr	1283	0.126	2009	08	30
W	Rr	1214	0.120	2009	08	23
W	Rr	1402	0.138	2009	08	16
W	Rr	1260	0.124	2009	08	09
W	Rr	1404	0.138	2009	08	02
W	Rr	1380	0.136	2009	07	26
W	Rr	1470	0.145	2009	07	19
W	Rr	1750	0.172	2009	07	12
W	Rr	1847	0.182	2009	07	05
W	Rr	1889	0.186	2009	06	28
W	Rr	1312	0.129	2009	06	21
W	Rr	1093	0.108	2009	06	14
W	Rr	1363	0.134	2009	06	07
W	Rr	1251	0.123	2009	05	31
W	Rr	1352	0.133	2009	05	24
W	Rr	1133	0.112	2009	05	17
W	Rr	1887	0.186	2009	05	10
W	Rr	1369	0.135	2009	05	03
W	Rr	1089	0.107	2009	04	26
W	Rr	1160	0.114	2009	04	19
W	Rr	1189	0.117	2009	04	12
W	Rr	1529	0.151	2009	04	05
W	Rr	1155	0.114	2009	03	29
W	Rr	1230	0.121	2009	03	22
W	Rr	1029	0.101	2009	03	15
W	Rr	1234	0.122	2009	03	08
W	Rr	1486	0.146	2009	03	01
W	Rr	1470	0.145	2009	02	22
W	Rr	1198	0.118	2009	02	15
W	Rr	1802	0.177	2009	02	08
W	Rr	1653	0.163	2009	02	01
W	Rr	1346	0.133	2009	01	25
W	Rr	1431	0.141	2009	01	18
W	Rr	1678	0.165	2009	01	11
W	Rr	1591	0.157	2009	01	04
W	Rr	886	0.087	2008	12	28
W	Rr	1148	0.113	2008	12	21
W	Rr	1428	0.141	2008	12	14
W	Rr	1508	0.149	2008	12	07
W	Rr	1194	0.118	2008	11	30
W	Rr	1070	0.105	2008	11	23
W	Rr	1396	0.137	2008	11	16
W	Rr	1255	0.124	2008	11	09
W	Rr	1314	0.129	2008	11	02
W	Rr	1397	0.138	2008	10	26
W	Rr	1638	0.161	2008	10	19
W	Rr	1298	0.128	2008	10	12
W	Rr	430	0.042	2008	10	05
W	Rr	723	0.071	2008	09	28
W	Rr	1308	0.129	2008	09	21
W	Rr	1242	0.122	2008	09	14
W	Rr	1409	0.139	2008	09	07
W	Rr	1142	0.112	2008	08	31
W	Rr	1022	0.101	2008	08	24
W	Rr	1062	0.105	2008	08	17
W	Rr	1188	0.117	2008	08	10
W	Rr	1232	0.121	2008	08	03
W	Rr	1050	0.103	2008	07	27
W	Rr	1272	0.125	2008	07	20
W	Rr	1305	0.129	2008	07	13
W	Rr	1093	0.108	2008	07	06
W	Rr	1182	0.116	2008	06	29
W	Rr	1937	0.191	2008	06	22
W	Rr	1493	0.147	2008	06	15
W	Rr	1083	0.107	2008	06	08
W	Rr	1283	0.126	2008	06	01
W	Rr	1432	0.141	2008	05	25
W	Rr	1726	0.170	2008	05	18
W	Rr	1580	0.156	2008	05	11
W	Rr	2661	0.262	2008	05	04
W	Rr	3648	0.359	2008	04	27
W	Rr	1400	0.138	2008	04	20
W	Rr	1365	0.134	2008	04	13
W	Rr	1213	0.119	2008	04	06
W	Rr	1670	0.164	2008	03	30
W	Rr	1211	0.119	2008	03	23
W	Rr	1144	0.113	2008	03	16
W	Rr	1301	0.128	2008	03	09
W	Rr	1292	0.127	2008	03	02
W	Rr	1427	0.141	2008	02	24
W	Rr	2207	0.217	2008	02	17
W	Rr	1124	0.111	2008	02	10
W	Rr	1561	0.154	2008	02	03
W	Rr	1533	0.151	2008	01	27
W	Rr	1389	0.137	2008	01	20
W	Rr	1133	0.112	2008	01	13
W	Rr	1404	0.138	2008	01	06
W	Rr	976	0.096	2007	12	30
W	Rr	801	0.079	2007	12	23
W	Rr	675	0.066	2007	12	16
W	*BT	R	7060	2014	02	16
D	Rr	250	0.025	2022	01	21
D	Rr	206	0.020	2022	01	20
D	Rr	282	0.028	2022	01	19
D	Rr	248	0.024	2022	01	18
D	Rr	271	0.027	2022	01	17
D	Rr	172	0.017	2022	01	16
D	Rr	0	0.000	2022	01	15
D	Rr	309	0.030	2022	01	14
D	Rr	411	0.040	2022	01	13
D	Rr	311	0.031	2022	01	12
D	Rr	318	0.031	2022	01	11
D	Rr	194	0.019	2022	01	10
D	Rr	150	0.015	2022	01	09
D	Rr	0	0.000	2022	01	08
D	Rr	235	0.023	2022	01	07
D	Rr	362	0.036	2022	01	06
D	Rr	212	0.021	2022	01	05
D	Rr	198	0.020	2022	01	04
D	Rr	340	0.033	2022	01	03
D	Rr	194	0.019	2022	01	02
D	Rr	0	0.000	2022	01	01
D	Rr	207	0.020	2021	12	31
D	Rr	210	0.021	2021	12	30
D	Rr	140	0.014	2021	12	29
D	Rr	329	0.032	2021	12	28
D	Rr	249	0.025	2021	12	27
D	Rr	176	0.017	2021	12	26
D	Rr	0	0.000	2021	12	25
D	Rr	406	0.040	2021	12	24
D	Rr	268	0.026	2021	12	23
D	Rr	252	0.025	2021	12	22
D	Rr	303	0.030	2021	12	21
D	Rr	291	0.029	2021	12	20
D	Rr	319	0.031	2021	12	19
D	Rr	0	0.000	2021	12	18
D	Rr	256	0.025	2021	12	17
D	Rr	336	0.033	2021	12	16
D	Rr	339	0.033	2021	12	15
D	Rr	308	0.030	2021	12	14
D	Rr	213	0.021	2021	12	13
D	Rr	280	0.028	2021	12	12
D	Rr	0	0.000	2021	12	11
D	*BT	R	2131	2008	05	03
d	Rr	122006	12.016	Sun
d	Rr	163551	16.108	Mon
d	Rr	166065	16.356	Tue
d	Rr	164532	16.205	Wed
d	Rr	165233	16.274	Thu
d	Rr	156916	15.455	Fri
d	Rr	77024	7.586	Sat
H	Rr	1	0.000	2022	01	21	23
H	Rr	38	0.004	2022	01	21	22
H	Rr	41	0.004	2022	01	21	21
H	Rr	16	0.002	2022	01	21	20
H	Rr	4	0.000	2022	01	21	19
H	Rr	11	0.001	2022	01	21	18
H	Rr	8	0.001	2022	01	21	17
H	Rr	7	0.001	2022	01	21	16
H	Rr	4	0.000	2022	01	21	15
H	Rr	7	0.001	2022	01	21	14
H	Rr	1	0.000	2022	01	21	13
H	Rr	22	0.002	2022	01	21	12
H	Rr	14	0.001	2022	01	21	11
H	Rr	1	0.000	2022	01	21	10
H	Rr	2	0.000	2022	01	21	09
H	Rr	1	0.000	2022	01	21	08
H	Rr	7	0.001	2022	01	21	07
H	Rr	7	0.001	2022	01	21	06
H	Rr	0	0.000	2022	01	21	05
H	Rr	2	0.000	2022	01	21	04
H	Rr	11	0.001	2022	01	21	03
H	Rr	7	0.001	2022	01	21	02
H	Rr	35	0.003	2022	01	21	01
H	Rr	3	0.000	2022	01	21	00
H	Rr	2	0.000	2022	01	20	23
H	Rr	2	0.000	2022	01	20	22
H	Rr	46	0.005	2022	01	20	21
H	Rr	1	0.000	2022	01	20	20
H	Rr	30	0.003	2022	01	20	19
H	Rr	6	0.001	2022	01	20	18
H	Rr	1	0.000	2022	01	20	17
H	Rr	23	0.002	2022	01	20	16
H	Rr	27	0.003	2022	01	20	15
H	Rr	0	0.000	2022	01	20	14
H	Rr	4	0.000	2022	01	20	13
H	Rr	7	0.001	2022	01	20	12
H	Rr	6	0.001	2022	01	20	11
H	Rr	0	0.000	2022	01	20	10
H	Rr	22	0.002	2022	01	20	09
H	Rr	5	0.000	2022	01	20	08
H	Rr	2	0.000	2022	01	20	07
H	Rr	2	0.000	2022	01	20	06
H	Rr	2	0.000	2022	01	20	05
H	Rr	2	0.000	2022	01	20	04
H	Rr	3	0.000	2022	01	20	03
H	Rr	1	0.000	2022	01	20	02
H	Rr	9	0.001	2022	01	20	01
H	Rr	3	0.000	2022	01	20	00
H	Rr	8	0.001	2022	01	19	23
H	Rr	9	0.001	2022	01	19	22
H	Rr	5	0.000	2022	01	19	21
H	Rr	6	0.001	2022	01	19	20
H	Rr	10	0.001	2022	01	19	19
H	Rr	2	0.000	2022	01	19	18
H	Rr	5	0.000	2022	01	19	17
H	Rr	86	0.008	2022	01	19	16
H	Rr	64	0.006	2022	01	19	15
H	Rr	1	0.000	2022	01	19	14
H	Rr	3	0.000	2022	01	19	13
H	Rr	24	0.002	2022	01	19	12
H	Rr	21	0.002	2022	01	19	11
H	Rr	3	0.000	2022	01	19	10
H	Rr	2	0.000	2022	01	19	09
H	Rr	5	0.000	2022	01	19	08
H	Rr	1	0.000	2022	01	19	07
H	Rr	7	0.001	2022	01	19	06
H	Rr	0	0.000	2022	01	19	05
H	Rr	6	0.001	2022	01	19	04
H	Rr	2	0.000	2022	01	19	03
H	Rr	8	0.001	2022	01	19	02
H	Rr	2	0.000	2022	01	19	01
H	Rr	2	0.000	2022	01	19	00
H	*BT	R	750	2020	12	11	23
h	Rr	39695	3.910	00
h	Rr	38760	3.817	01
h	Rr	39707	3.911	02
h	Rr	39056	3.847	03
h	Rr	38141	3.757	04
h	Rr	36140	3.559	05
h	Rr	35574	3.504	06
h	Rr	34869	3.434	07
h	Rr	33754	3.324	08
h	Rr	32225	3.174	09
h	Rr	32114	3.163	10
h	Rr	35745	3.521	11
h	Rr	36149	3.560	12
h	Rr	37887	3.732	13
h	Rr	44349	4.368	14
h	Rr	49993	4.924	15
h	Rr	53882	5.307	16
h	Rr	54048	5.323	17
h	Rr	55019	5.419	18
h	Rr	54096	5.328	19
h	Rr	53577	5.277	20
h	Rr	50421	4.966	21
h	Rr	46395	4.569	22
h	Rr	43731	4.307	23
4	Rr	1	0.000	2022	01	21	23	30
4	Rr	0	0.000	2022	01	21	23	15
4	Rr	0	0.000	2022	01	21	23	00
4	Rr	0	0.000	2022	01	21	22	45
4	Rr	7	0.001	2022	01	21	22	30
4	Rr	14	0.001	2022	01	21	22	15
4	Rr	17	0.002	2022	01	21	22	00
4	Rr	27	0.003	2022	01	21	21	45
4	Rr	0	0.000	2022	01	21	21	30
4	Rr	3	0.000	2022	01	21	21	15
4	Rr	11	0.001	2022	01	21	21	00
4	Rr	0	0.000	2022	01	21	20	45
4	Rr	16	0.002	2022	01	21	20	30
4	Rr	0	0.000	2022	01	21	20	15
4	Rr	0	0.000	2022	01	21	20	00
4	Rr	2	0.000	2022	01	21	19	45
4	Rr	0	0.000	2022	01	21	19	30
4	Rr	0	0.000	2022	01	21	19	15
4	Rr	2	0.000	2022	01	21	19	00
4	Rr	0	0.000	2022	01	21	18	45
4	Rr	1	0.000	2022	01	21	18	30
4	Rr	0	0.000	2022	01	21	18	15
4	Rr	10	0.001	2022	01	21	18	00
4	Rr	2	0.000	2022	01	21	17	45
4	Rr	1	0.000	2022	01	21	17	30
4	Rr	0	0.000	2022	01	21	17	15
4	Rr	5	0.000	2022	01	21	17	00
4	Rr	0	0.000	2022	01	21	16	45
4	Rr	3	0.000	2022	01	21	16	30
4	Rr	4	0.000	2022	01	21	16	15
4	Rr	0	0.000	2022	01	21	16	00
4	Rr	1	0.000	2022	01	21	15	45
4	Rr	2	0.000	2022	01	21	15	30
4	Rr	0	0.000	2022	01	21	15	15
4	Rr	1	0.000	2022	01	21	15	00
4	Rr	4	0.000	2022	01	21	14	45
4	Rr	1	0.000	2022	01	21	14	30
4	Rr	0	0.000	2022	01	21	14	15
4	Rr	2	0.000	2022	01	21	14	00
4	Rr	0	0.000	2022	01	21	13	45
4	Rr	0	0.000	2022	01	21	13	30
4	Rr	1	0.000	2022	01	21	13	15
4	Rr	0	0.000	2022	01	21	13	00
4	Rr	0	0.000	2022	01	21	12	45
4	Rr	1	0.000	2022	01	21	12	30
4	Rr	20	0.002	2022	01	21	12	15
4	Rr	1	0.000	2022	01	21	12	00
4	Rr	2	0.000	2022	01	21	11	45
4	Rr	0	0.000	2022	01	21	11	30
4	Rr	0	0.000	2022	01	21	11	15
4	Rr	12	0.001	2022	01	21	11	00
4	Rr	0	0.000	2022	01	21	10	45
4	Rr	0	0.000	2022	01	21	10	30
4	Rr	0	0.000	2022	01	21	10	15
4	Rr	1	0.000	2022	01	21	10	00
4	Rr	0	0.000	2022	01	21	09	45
4	Rr	0	0.000	2022	01	21	09	30
4	Rr	2	0.000	2022	01	21	09	15
4	Rr	0	0.000	2022	01	21	09	00
4	Rr	0	0.000	2022	01	21	08	45
4	Rr	0	0.000	2022	01	21	08	30
4	Rr	0	0.000	2022	01	21	08	15
4	Rr	1	0.000	2022	01	21	08	00
4	Rr	3	0.000	2022	01	21	07	45
4	Rr	2	0.000	2022	01	21	07	30
4	Rr	2	0.000	2022	01	21	07	15
4	Rr	0	0.000	2022	01	21	07	00
4	Rr	1	0.000	2022	01	21	06	45
4	Rr	1	0.000	2022	01	21	06	30
4	Rr	1	0.000	2022	01	21	06	15
4	Rr	4	0.000	2022	01	21	06	00
4	Rr	0	0.000	2022	01	21	05	45
4	Rr	0	0.000	2022	01	21	05	30
4	Rr	0	0.000	2022	01	21	05	15
4	Rr	0	0.000	2022	01	21	05	00
4	Rr	1	0.000	2022	01	21	04	45
4	Rr	0	0.000	2022	01	21	04	30
4	Rr	0	0.000	2022	01	21	04	15
4	Rr	1	0.000	2022	01	21	04	00
4	Rr	1	0.000	2022	01	21	03	45
4	Rr	5	0.000	2022	01	21	03	30
4	Rr	2	0.000	2022	01	21	03	15
4	Rr	3	0.000	2022	01	21	03	00
4	Rr	4	0.000	2022	01	21	02	45
4	Rr	3	0.000	2022	01	21	02	30
4	Rr	0	0.000	2022	01	21	02	15
4	Rr	0	0.000	2022	01	21	02	00
4	Rr	0	0.000	2022	01	21	01	45
4	Rr	4	0.000	2022	01	21	01	30
4	Rr	31	0.003	2022	01	21	01	15
4	Rr	0	0.000	2022	01	21	01	00
4	Rr	1	0.000	2022	01	21	00	45
4	Rr	1	0.000	2022	01	21	00	30
4	Rr	1	0.000	2022	01	21	00	15
4	Rr	0	0.000	2022	01	21	00	00
4	Rr	1	0.000	2022	01	20	23	45
4	*BT	R	744	2021	04	12	15	00
6	Rr	9854	0.971	00	00
6	Rr	9870	0.972	00	15
6	Rr	9829	0.968	00	30
6	Rr	10142	0.999	00	45
6	Rr	9500	0.936	01	00
6	Rr	9759	0.961	01	15
6	Rr	9817	0.967	01	30
6	Rr	9684	0.954	01	45
6	Rr	9451	0.931	02	00
6	Rr	10399	1.024	02	15
6	Rr	10143	0.999	02	30
6	Rr	9714	0.957	02	45
6	Rr	9356	0.921	03	00
6	Rr	9130	0.899	03	15
6	Rr	9580	0.944	03	30
6	Rr	10990	1.082	03	45
6	Rr	9616	0.947	04	00
6	Rr	10038	0.989	04	15
6	Rr	9043	0.891	04	30
6	Rr	9444	0.930	04	45
6	Rr	8745	0.861	05	00
6	Rr	9556	0.941	05	15
6	Rr	9248	0.911	05	30
6	Rr	8591	0.846	05	45
6	Rr	9702	0.956	06	00
6	Rr	8752	0.862	06	15
6	Rr	8842	0.871	06	30
6	Rr	8278	0.815	06	45
6	Rr	8742	0.861	07	00
6	Rr	9063	0.893	07	15
6	Rr	9060	0.892	07	30
6	Rr	8004	0.788	07	45
6	Rr	8741	0.861	08	00
6	Rr	8304	0.818	08	15
6	Rr	8902	0.877	08	30
6	Rr	7807	0.769	08	45
6	Rr	8192	0.807	09	00
6	Rr	8312	0.819	09	15
6	Rr	8019	0.790	09	30
6	Rr	7702	0.759	09	45
6	Rr	7826	0.771	10	00
6	Rr	7809	0.769	10	15
6	Rr	7931	0.781	10	30
6	Rr	8548	0.842	10	45
6	Rr	9981	0.983	11	00
6	Rr	8527	0.840	11	15
6	Rr	8541	0.841	11	30
6	Rr	8696	0.856	11	45
6	Rr	9925	0.978	12	00
6	Rr	8555	0.843	12	15
6	Rr	8758	0.863	12	30
6	Rr	8911	0.878	12	45
6	Rr	9334	0.919	13	00
6	Rr	9256	0.912	13	15
6	Rr	9891	0.974	13	30
6	Rr	9406	0.926	13	45
6	Rr	10670	1.051	14	00
6	Rr	11246	1.108	14	15
6	Rr	11212	1.104	14	30
6	Rr	11221	1.105	14	45
6	Rr	12348	1.216	15	00
6	Rr	11818	1.164	15	15
6	Rr	12592	1.240	15	30
6	Rr	13235	1.304	15	45
6	Rr	13274	1.307	16	00
6	Rr	13087	1.289	16	15
6	Rr	13757	1.355	16	30
6	Rr	13764	1.356	16	45
6	Rr	13579	1.337	17	00
6	Rr	13297	1.310	17	15
6	Rr	13880	1.367	17	30
6	Rr	13292	1.309	17	45
6	Rr	13424	1.322	18	00
6	Rr	13859	1.365	18	15
6	Rr	13772	1.356	18	30
6	Rr	13964	1.375	18	45
6	Rr	14585	1.436	19	00
6	Rr	13070	1.287	19	15
6	Rr	13262	1.306	19	30
6	Rr	13179	1.298	19	45
6	Rr	13736	1.353	20	00
6	Rr	13413	1.321	20	15
6	Rr	12742	1.255	20	30
6	Rr	13686	1.348	20	45
6	Rr	13497	1.329	21	00
6	Rr	12469	1.228	21	15
6	Rr	12145	1.196	21	30
6	Rr	12310	1.212	21	45
6	Rr	11720	1.154	22	00
6	Rr	11849	1.167	22	15
6	Rr	11593	1.142	22	30
6	Rr	11233	1.106	22	45
6	Rr	11674	1.150	23	00
6	Rr	11680	1.150	23	15
6	Rr	10418	1.026	23	30
6	Rr	9959	0.981	23	45
5	Rr	1	0.000	2022	01	21	23	40
5	Rr	0	0.000	2022	01	21	23	35
5	Rr	0	0.000	2022	01	21	23	30
5	Rr	0	0.000	2022	01	21	23	25
5	Rr	0	0.000	2022	01	21	23	20
5	Rr	0	0.000	2022	01	21	23	15
5	Rr	0	0.000	2022	01	21	23	10
5	Rr	0	0.000	2022	01	21	23	05
5	Rr	0	0.000	2022	01	21	23	00
5	Rr	0	0.000	2022	01	21	22	55
5	Rr	0	0.000	2022	01	21	22	50
5	Rr	0	0.000	2022	01	21	22	45
5	Rr	3	0.000	2022	01	21	22	40
5	Rr	2	0.000	2022	01	21	22	35
5	Rr	2	0.000	2022	01	21	22	30
5	Rr	0	0.000	2022	01	21	22	25
5	Rr	14	0.001	2022	01	21	22	20
5	Rr	0	0.000	2022	01	21	22	15
5	Rr	0	0.000	2022	01	21	22	10
5	Rr	0	0.000	2022	01	21	22	05
5	Rr	17	0.002	2022	01	21	22	00
5	Rr	27	0.003	2022	01	21	21	55
5	Rr	0	0.000	2022	01	21	21	50
5	Rr	0	0.000	2022	01	21	21	45
5	Rr	0	0.000	2022	01	21	21	40
5	Rr	0	0.000	2022	01	21	21	35
5	Rr	0	0.000	2022	01	21	21	30
5	Rr	0	0.000	2022	01	21	21	25
5	Rr	2	0.000	2022	01	21	21	20
5	Rr	1	0.000	2022	01	21	21	15
5	Rr	11	0.001	2022	01	21	21	10
5	Rr	0	0.000	2022	01	21	21	05
5	Rr	0	0.000	2022	01	21	21	00
5	Rr	0	0.000	2022	01	21	20	55
5	Rr	0	0.000	2022	01	21	20	50
5	Rr	0	0.000	2022	01	21	20	45
5	Rr	9	0.001	2022	01	21	20	40
5	Rr	7	0.001	2022	01	21	20	35
5	Rr	0	0.000	2022	01	21	20	30
5	Rr	0	0.000	2022	01	21	20	25
5	Rr	0	0.000	2022	01	21	20	20
5	Rr	0	0.000	2022	01	21	20	15
5	Rr	0	0.000	2022	01	21	20	10
5	Rr	0	0.000	2022	01	21	20	05
5	Rr	0	0.000	2022	01	21	20	00
5	Rr	0	0.000	2022	01	21	19	55
5	Rr	2	0.000	2022	01	21	19	50
5	Rr	0	0.000	2022	01	21	19	45
5	Rr	0	0.000	2022	01	21	19	40
5	Rr	0	0.000	2022	01	21	19	35
5	Rr	0	0.000	2022	01	21	19	30
5	Rr	0	0.000	2022	01	21	19	25
5	Rr	0	0.000	2022	01	21	19	20
5	Rr	0	0.000	2022	01	21	19	15
5	Rr	0	0.000	2022	01	21	19	10
5	Rr	1	0.000	2022	01	21	19	05
5	Rr	1	0.000	2022	01	21	19	00
5	Rr	0	0.000	2022	01	21	18	55
5	Rr	0	0.000	2022	01	21	18	50
5	Rr	0	0.000	2022	01	21	18	45
5	Rr	0	0.000	2022	01	21	18	40
5	Rr	1	0.000	2022	01	21	18	35
5	Rr	0	0.000	2022	01	21	18	30
5	Rr	0	0.000	2022	01	21	18	25
5	Rr	0	0.000	2022	01	21	18	20
5	Rr	0	0.000	2022	01	21	18	15
5	Rr	10	0.001	2022	01	21	18	10
5	Rr	0	0.000	2022	01	21	18	05
5	Rr	0	0.000	2022	01	21	18	00
5	Rr	0	0.000	2022	01	21	17	55
5	Rr	1	0.000	2022	01	21	17	50
5	Rr	1	0.000	2022	01	21	17	45
5	Rr	0	0.000	2022	01	21	17	40
5	Rr	0	0.000	2022	01	21	17	35
5	Rr	1	0.000	2022	01	21	17	30
5	Rr	0	0.000	2022	01	21	17	25
5	Rr	0	0.000	2022	01	21	17	20
5	Rr	0	0.000	2022	01	21	17	15
5	Rr	5	0.000	2022	01	21	17	10
5	Rr	0	0.000	2022	01	21	17	05
5	Rr	0	0.000	2022	01	21	17	00
5	Rr	0	0.000	2022	01	21	16	55
5	Rr	0	0.000	2022	01	21	16	50
5	Rr	0	0.000	2022	01	21	16	45
5	Rr	0	0.000	2022	01	21	16	40
5	Rr	0	0.000	2022	01	21	16	35
5	Rr	3	0.000	2022	01	21	16	30
5	Rr	0	0.000	2022	01	21	16	25
5	Rr	4	0.000	2022	01	21	16	20
5	Rr	0	0.000	2022	01	21	16	15
5	Rr	0	0.000	2022	01	21	16	10
5	Rr	0	0.000	2022	01	21	16	05
5	Rr	0	0.000	2022	01	21	16	00
5	Rr	1	0.000	2022	01	21	15	55
5	Rr	0	0.000	2022	01	21	15	50
5	Rr	0	0.000	2022	01	21	15	45
5	Rr	0	0.000	2022	01	21	15	40
5	Rr	2	0.000	2022	01	21	15	35
5	Rr	0	0.000	2022	01	21	15	30
5	Rr	0	0.000	2022	01	21	15	25
5	Rr	0	0.000	2022	01	21	15	20
5	Rr	0	0.000	2022	01	21	15	15
5	Rr	0	0.000	2022	01	21	15	10
5	Rr	1	0.000	2022	01	21	15	05
5	Rr	0	0.000	2022	01	21	15	00
5	Rr	3	0.000	2022	01	21	14	55
5	Rr	0	0.000	2022	01	21	14	50
5	Rr	1	0.000	2022	01	21	14	45
5	Rr	0	0.000	2022	01	21	14	40
5	Rr	1	0.000	2022	01	21	14	35
5	Rr	0	0.000	2022	01	21	14	30
5	Rr	0	0.000	2022	01	21	14	25
5	Rr	0	0.000	2022	01	21	14	20
5	Rr	0	0.000	2022	01	21	14	15
5	Rr	0	0.000	2022	01	21	14	10
5	Rr	0	0.000	2022	01	21	14	05
5	Rr	2	0.000	2022	01	21	14	00
5	Rr	0	0.000	2022	01	21	13	55
5	Rr	0	0.000	2022	01	21	13	50
5	Rr	0	0.000	2022	01	21	13	45
5	Rr	0	0.000	2022	01	21	13	40
5	Rr	0	0.000	2022	01	21	13	35
5	Rr	0	0.000	2022	01	21	13	30
5	Rr	0	0.000	2022	01	21	13	25
5	Rr	0	0.000	2022	01	21	13	20
5	Rr	1	0.000	2022	01	21	13	15
5	Rr	0	0.000	2022	01	21	13	10
5	Rr	0	0.000	2022	01	21	13	05
5	Rr	0	0.000	2022	01	21	13	00
5	Rr	0	0.000	2022	01	21	12	55
5	Rr	0	0.000	2022	01	21	12	50
5	Rr	0	0.000	2022	01	21	12	45
5	Rr	0	0.000	2022	01	21	12	40
5	Rr	1	0.000	2022	01	21	12	35
5	Rr	0	0.000	2022	01	21	12	30
5	Rr	0	0.000	2022	01	21	12	25
5	Rr	20	0.002	2022	01	21	12	20
5	Rr	0	0.000	2022	01	21	12	15
5	Rr	1	0.000	2022	01	21	12	10
5	Rr	0	0.000	2022	01	21	12	05
5	Rr	0	0.000	2022	01	21	12	00
5	Rr	1	0.000	2022	01	21	11	55
5	Rr	1	0.000	2022	01	21	11	50
5	Rr	0	0.000	2022	01	21	11	45
5	Rr	0	0.000	2022	01	21	11	40
5	Rr	0	0.000	2022	01	21	11	35
5	Rr	0	0.000	2022	01	21	11	30
5	Rr	0	0.000	2022	01	21	11	25
5	Rr	0	0.000	2022	01	21	11	20
5	Rr	0	0.000	2022	01	21	11	15
5	Rr	11	0.001	2022	01	21	11	10
5	Rr	0	0.000	2022	01	21	11	05
5	Rr	1	0.000	2022	01	21	11	00
5	Rr	0	0.000	2022	01	21	10	55
5	Rr	0	0.000	2022	01	21	10	50
5	Rr	0	0.000	2022	01	21	10	45
5	Rr	0	0.000	2022	01	21	10	40
5	Rr	0	0.000	2022	01	21	10	35
5	Rr	0	0.000	2022	01	21	10	30
5	Rr	0	0.000	2022	01	21	10	25
5	Rr	0	0.000	2022	01	21	10	20
5	Rr	0	0.000	2022	01	21	10	15
5	Rr	0	0.000	2022	01	21	10	10
5	Rr	0	0.000	2022	01	21	10	05
5	Rr	1	0.000	2022	01	21	10	00
5	Rr	0	0.000	2022	01	21	09	55
5	Rr	0	0.000	2022	01	21	09	50
5	Rr	0	0.000	2022	01	21	09	45
5	Rr	0	0.000	2022	01	21	09	40
5	Rr	0	0.000	2022	01	21	09	35
5	Rr	0	0.000	2022	01	21	09	30
5	Rr	0	0.000	2022	01	21	09	25
5	Rr	2	0.000	2022	01	21	09	20
5	Rr	0	0.000	2022	01	21	09	15
5	Rr	0	0.000	2022	01	21	09	10
5	Rr	0	0.000	2022	01	21	09	05
5	Rr	0	0.000	2022	01	21	09	00
5	Rr	0	0.000	2022	01	21	08	55
5	Rr	0	0.000	2022	01	21	08	50
5	Rr	0	0.000	2022	01	21	08	45
5	Rr	0	0.000	2022	01	21	08	40
5	Rr	0	0.000	2022	01	21	08	35
5	Rr	0	0.000	2022	01	21	08	30
5	Rr	0	0.000	2022	01	21	08	25
5	Rr	0	0.000	2022	01	21	08	20
5	Rr	0	0.000	2022	01	21	08	15
5	Rr	1	0.000	2022	01	21	08	10
5	Rr	0	0.000	2022	01	21	08	05
5	Rr	0	0.000	2022	01	21	08	00
5	Rr	0	0.000	2022	01	21	07	55
5	Rr	0	0.000	2022	01	21	07	50
5	Rr	3	0.000	2022	01	21	07	45
5	Rr	1	0.000	2022	01	21	07	40
5	Rr	1	0.000	2022	01	21	07	35
5	Rr	0	0.000	2022	01	21	07	30
5	Rr	0	0.000	2022	01	21	07	25
5	Rr	2	0.000	2022	01	21	07	20
5	Rr	0	0.000	2022	01	21	07	15
5	Rr	0	0.000	2022	01	21	07	10
5	Rr	0	0.000	2022	01	21	07	05
5	Rr	0	0.000	2022	01	21	07	00
5	Rr	1	0.000	2022	01	21	06	55
5	Rr	0	0.000	2022	01	21	06	50
5	Rr	0	0.000	2022	01	21	06	45
5	Rr	0	0.000	2022	01	21	06	40
5	Rr	1	0.000	2022	01	21	06	35
5	Rr	0	0.000	2022	01	21	06	30
5	Rr	0	0.000	2022	01	21	06	25
5	Rr	1	0.000	2022	01	21	06	20
5	Rr	0	0.000	2022	01	21	06	15
5	Rr	0	0.000	2022	01	21	06	10
5	Rr	4	0.000	2022	01	21	06	05
5	Rr	0	0.000	2022	01	21	06	00
5	Rr	0	0.000	2022	01	21	05	55
5	Rr	0	0.000	2022	01	21	05	50
5	Rr	0	0.000	2022	01	21	05	45
5	Rr	0	0.000	2022	01	21	05	40
5	Rr	0	0.000	2022	01	21	05	35
5	Rr	0	0.000	2022	01	21	05	30
5	Rr	0	0.000	2022	01	21	05	25
5	Rr	0	0.000	2022	01	21	05	20
5	Rr	0	0.000	2022	01	21	05	15
5	Rr	0	0.000	2022	01	21	05	10
5	Rr	0	0.000	2022	01	21	05	05
5	Rr	0	0.000	2022	01	21	05	00
5	Rr	0	0.000	2022	01	21	04	55
5	Rr	0	0.000	2022	01	21	04	50
5	Rr	1	0.000	2022	01	21	04	45
5	Rr	0	0.000	2022	01	21	04	40
5	Rr	0	0.000	2022	01	21	04	35
5	Rr	0	0.000	2022	01	21	04	30
5	Rr	0	0.000	2022	01	21	04	25
5	Rr	0	0.000	2022	01	21	04	20
5	Rr	0	0.000	2022	01	21	04	15
5	Rr	0	0.000	2022	01	21	04	10
5	Rr	0	0.000	2022	01	21	04	05
5	Rr	1	0.000	2022	01	21	04	00
5	Rr	0	0.000	2022	01	21	03	55
5	Rr	1	0.000	2022	01	21	03	50
5	Rr	0	0.000	2022	01	21	03	45
5	Rr	5	0.000	2022	01	21	03	40
5	Rr	0	0.000	2022	01	21	03	35
5	Rr	0	0.000	2022	01	21	03	30
5	Rr	1	0.000	2022	01	21	03	25
5	Rr	0	0.000	2022	01	21	03	20
5	Rr	1	0.000	2022	01	21	03	15
5	Rr	1	0.000	2022	01	21	03	10
5	Rr	1	0.000	2022	01	21	03	05
5	Rr	1	0.000	2022	01	21	03	00
5	Rr	1	0.000	2022	01	21	02	55
5	Rr	2	0.000	2022	01	21	02	50
5	Rr	1	0.000	2022	01	21	02	45
5	Rr	3	0.000	2022	01	21	02	40
5	Rr	0	0.000	2022	01	21	02	35
5	Rr	0	0.000	2022	01	21	02	30
5	Rr	0	0.000	2022	01	21	02	25
5	Rr	0	0.000	2022	01	21	02	20
5	Rr	0	0.000	2022	01	21	02	15
5	Rr	0	0.000	2022	01	21	02	10
5	Rr	0	0.000	2022	01	21	02	05
5	Rr	0	0.000	2022	01	21	02	00
5	Rr	0	0.000	2022	01	21	01	55
5	Rr	0	0.000	2022	01	21	01	50
5	Rr	0	0.000	2022	01	21	01	45
5	Rr	0	0.000	2022	01	21	01	40
5	Rr	4	0.000	2022	01	21	01	35
5	Rr	0	0.000	2022	01	21	01	30
5	Rr	0	0.000	2022	01	21	01	25
5	Rr	0	0.000	2022	01	21	01	20
5	Rr	31	0.003	2022	01	21	01	15
5	Rr	0	0.000	2022	01	21	01	10
5	Rr	0	0.000	2022	01	21	01	05
5	Rr	0	0.000	2022	01	21	01	00
5	Rr	1	0.000	2022	01	21	00	55
5	Rr	0	0.000	2022	01	21	00	50
5	Rr	0	0.000	2022	01	21	00	45
5	Rr	1	0.000	2022	01	21	00	40
5	Rr	0	0.000	2022	01	21	00	35
5	Rr	0	0.000	2022	01	21	00	30
5	Rr	0	0.000	2022	01	21	00	25
5	Rr	0	0.000	2022	01	21	00	20
5	Rr	1	0.000	2022	01	21	00	15
5	Rr	0	0.000	2022	01	21	00	10
5	Rr	0	0.000	2022	01	21	00	05
5	Rr	0	0.000	2022	01	21	00	00
5	Rr	0	0.000	2022	01	20	23	55
5	Rr	1	0.000	2022	01	20	23	50
5	Rr	0	0.000	2022	01	20	23	45
5	*BT	R	715	2020	12	11	23	20
7	Rr	3076	0.303	00	00
7	Rr	3595	0.354	00	05
7	Rr	3183	0.313	00	10
7	Rr	2757	0.272	00	15
7	Rr	3349	0.330	00	20
7	Rr	3764	0.371	00	25
7	Rr	3258	0.321	00	30
7	Rr	3217	0.317	00	35
7	Rr	3354	0.330	00	40
7	Rr	3405	0.335	00	45
7	Rr	3613	0.356	00	50
7	Rr	3124	0.308	00	55
7	Rr	2944	0.290	01	00
7	Rr	3221	0.317	01	05
7	Rr	3335	0.328	01	10
7	Rr	3285	0.324	01	15
7	Rr	3414	0.336	01	20
7	Rr	3060	0.301	01	25
7	Rr	3122	0.307	01	30
7	Rr	3388	0.334	01	35
7	Rr	3307	0.326	01	40
7	Rr	3202	0.315	01	45
7	Rr	3069	0.302	01	50
7	Rr	3413	0.336	01	55
7	Rr	3145	0.310	02	00
7	Rr	3205	0.316	02	05
7	Rr	3101	0.305	02	10
7	Rr	3632	0.358	02	15
7	Rr	3356	0.331	02	20
7	Rr	3411	0.336	02	25
7	Rr	3340	0.329	02	30
7	Rr	3568	0.351	02	35
7	Rr	3235	0.319	02	40
7	Rr	3204	0.316	02	45
7	Rr	2953	0.291	02	50
7	Rr	3557	0.350	02	55
7	Rr	3201	0.315	03	00
7	Rr	3059	0.301	03	05
7	Rr	3096	0.305	03	10
7	Rr	3253	0.320	03	15
7	Rr	2954	0.291	03	20
7	Rr	2923	0.288	03	25
7	Rr	3075	0.303	03	30
7	Rr	3263	0.321	03	35
7	Rr	3242	0.319	03	40
7	Rr	3549	0.350	03	45
7	Rr	4133	0.407	03	50
7	Rr	3308	0.326	03	55
7	Rr	3128	0.308	04	00
7	Rr	3147	0.310	04	05
7	Rr	3341	0.329	04	10
7	Rr	3339	0.329	04	15
7	Rr	3509	0.346	04	20
7	Rr	3190	0.314	04	25
7	Rr	3173	0.313	04	30
7	Rr	2926	0.288	04	35
7	Rr	2944	0.290	04	40
7	Rr	3427	0.338	04	45
7	Rr	2983	0.294	04	50
7	Rr	3034	0.299	04	55
7	Rr	2806	0.276	05	00
7	Rr	2723	0.268	05	05
7	Rr	3216	0.317	05	10
7	Rr	3135	0.309	05	15
7	Rr	3300	0.325	05	20
7	Rr	3121	0.307	05	25
7	Rr	3331	0.328	05	30
7	Rr	3114	0.307	05	35
7	Rr	2803	0.276	05	40
7	Rr	2848	0.281	05	45
7	Rr	2751	0.271	05	50
7	Rr	2992	0.295	05	55
7	Rr	2970	0.293	06	00
7	Rr	3632	0.358	06	05
7	Rr	3100	0.305	06	10
7	Rr	3031	0.299	06	15
7	Rr	2796	0.275	06	20
7	Rr	2925	0.288	06	25
7	Rr	2832	0.279	06	30
7	Rr	2960	0.292	06	35
7	Rr	3050	0.300	06	40
7	Rr	3134	0.309	06	45
7	Rr	2578	0.254	06	50
7	Rr	2566	0.253	06	55
7	Rr	3172	0.312	07	00
7	Rr	2740	0.270	07	05
7	Rr	2830	0.279	07	10
7	Rr	2724	0.268	07	15
7	Rr	2970	0.293	07	20
7	Rr	3369	0.332	07	25
7	Rr	3348	0.330	07	30
7	Rr	3033	0.299	07	35
7	Rr	2679	0.264	07	40
7	Rr	2685	0.264	07	45
7	Rr	2606	0.257	07	50
7	Rr	2713	0.267	07	55
7	Rr	2835	0.279	08	00
7	Rr	3087	0.304	08	05
7	Rr	2819	0.278	08	10
7	Rr	2686	0.265	08	15
7	Rr	2786	0.274	08	20
7	Rr	2832	0.279	08	25
7	Rr	3259	0.321	08	30
7	Rr	2867	0.282	08	35
7	Rr	2776	0.273	08	40
7	Rr	2611	0.257	08	45
7	Rr	2578	0.254	08	50
7	Rr	2618	0.258	08	55
7	Rr	2601	0.256	09	00
7	Rr	2929	0.288	09	05
7	Rr	2662	0.262	09	10
7	Rr	2580	0.254	09	15
7	Rr	2993	0.295	09	20
7	Rr	2739	0.270	09	25
7	Rr	2769	0.273	09	30
7	Rr	2509	0.247	09	35
7	Rr	2741	0.270	09	40
7	Rr	2595	0.256	09	45
7	Rr	2429	0.239	09	50
7	Rr	2678	0.264	09	55
7	Rr	2632	0.259	10	00
7	Rr	2510	0.247	10	05
7	Rr	2684	0.264	10	10
7	Rr	2526	0.249	10	15
7	Rr	2447	0.241	10	20
7	Rr	2836	0.279	10	25
7	Rr	2590	0.255	10	30
7	Rr	2604	0.256	10	35
7	Rr	2737	0.270	10	40
7	Rr	2559	0.252	10	45
7	Rr	2840	0.280	10	50
7	Rr	3149	0.310	10	55
7	Rr	4032	0.397	11	00
7	Rr	3057	0.301	11	05
7	Rr	2892	0.285	11	10
7	Rr	2844	0.280	11	15
7	Rr	2923	0.288	11	20
7	Rr	2760	0.272	11	25
7	Rr	2945	0.290	11	30
7	Rr	2670	0.263	11	35
7	Rr	2926	0.288	11	40
7	Rr	2867	0.282	11	45
7	Rr	2887	0.284	11	50
7	Rr	2942	0.290	11	55
7	Rr	3491	0.344	12	00
7	Rr	3211	0.316	12	05
7	Rr	3223	0.317	12	10
7	Rr	2734	0.269	12	15
7	Rr	2949	0.290	12	20
7	Rr	2872	0.283	12	25
7	Rr	2935	0.289	12	30
7	Rr	2789	0.275	12	35
7	Rr	3034	0.299	12	40
7	Rr	3117	0.307	12	45
7	Rr	2827	0.278	12	50
7	Rr	2967	0.292	12	55
7	Rr	3020	0.297	13	00
7	Rr	3027	0.298	13	05
7	Rr	3287	0.324	13	10
7	Rr	3066	0.302	13	15
7	Rr	3012	0.297	13	20
7	Rr	3178	0.313	13	25
7	Rr	3232	0.318	13	30
7	Rr	3569	0.352	13	35
7	Rr	3090	0.304	13	40
7	Rr	2786	0.274	13	45
7	Rr	3362	0.331	13	50
7	Rr	3258	0.321	13	55
7	Rr	3399	0.335	14	00
7	Rr	3646	0.359	14	05
7	Rr	3625	0.357	14	10
7	Rr	3880	0.382	14	15
7	Rr	3632	0.358	14	20
7	Rr	3734	0.368	14	25
7	Rr	3987	0.393	14	30
7	Rr	3764	0.371	14	35
7	Rr	3461	0.341	14	40
7	Rr	3569	0.352	14	45
7	Rr	3633	0.358	14	50
7	Rr	4019	0.396	14	55
7	Rr	4186	0.412	15	00
7	Rr	4331	0.427	15	05
7	Rr	3831	0.377	15	10
7	Rr	3953	0.389	15	15
7	Rr	3717	0.366	15	20
7	Rr	4148	0.409	15	25
7	Rr	4421	0.435	15	30
7	Rr	3919	0.386	15	35
7	Rr	4252	0.419	15	40
7	Rr	4249	0.418	15	45
7	Rr	4339	0.427	15	50
7	Rr	4647	0.458	15	55
7	Rr	4353	0.429	16	00
7	Rr	4579	0.451	16	05
7	Rr	4342	0.428	16	10
7	Rr	4711	0.464	16	15
7	Rr	4351	0.429	16	20
7	Rr	4025	0.396	16	25
7	Rr	4494	0.443	16	30
7	Rr	4681	0.461	16	35
7	Rr	4582	0.451	16	40
7	Rr	4639	0.457	16	45
7	Rr	4644	0.457	16	50
7	Rr	4481	0.441	16	55
7	Rr	4488	0.442	17	00
7	Rr	4409	0.434	17	05
7	Rr	4682	0.461	17	10
7	Rr	4287	0.422	17	15
7	Rr	4457	0.439	17	20
7	Rr	4553	0.448	17	25
7	Rr	4641	0.457	17	30
7	Rr	4713	0.464	17	35
7	Rr	4526	0.446	17	40
7	Rr	4468	0.440	17	45
7	Rr	4462	0.439	17	50
7	Rr	4362	0.430	17	55
7	Rr	3966	0.391	18	00
7	Rr	4358	0.429	18	05
7	Rr	5100	0.502	18	10
7	Rr	4745	0.467	18	15
7	Rr	4376	0.431	18	20
7	Rr	4738	0.467	18	25
7	Rr	4484	0.442	18	30
7	Rr	4678	0.461	18	35
7	Rr	4610	0.454	18	40
7	Rr	4590	0.452	18	45
7	Rr	4593	0.452	18	50
7	Rr	4781	0.471	18	55
7	Rr	5135	0.506	19	00
7	Rr	4783	0.471	19	05
7	Rr	4667	0.460	19	10
7	Rr	4427	0.436	19	15
7	Rr	4404	0.434	19	20
7	Rr	4239	0.418	19	25
7	Rr	4260	0.420	19	30
7	Rr	4451	0.438	19	35
7	Rr	4551	0.448	19	40
7	Rr	4762	0.469	19	45
7	Rr	4125	0.406	19	50
7	Rr	4292	0.423	19	55
7	Rr	4287	0.422	20	00
7	Rr	4801	0.473	20	05
7	Rr	4648	0.458	20	10
7	Rr	4360	0.429	20	15
7	Rr	4631	0.456	20	20
7	Rr	4422	0.436	20	25
7	Rr	3983	0.392	20	30
7	Rr	4239	0.418	20	35
7	Rr	4520	0.445	20	40
7	Rr	4821	0.475	20	45
7	Rr	4314	0.425	20	50
7	Rr	4551	0.448	20	55
7	Rr	4943	0.487	21	00
7	Rr	4197	0.413	21	05
7	Rr	4357	0.429	21	10
7	Rr	4170	0.411	21	15
7	Rr	3820	0.376	21	20
7	Rr	4479	0.441	21	25
7	Rr	3914	0.385	21	30
7	Rr	4131	0.407	21	35
7	Rr	4100	0.404	21	40
7	Rr	4146	0.408	21	45
7	Rr	4329	0.426	21	50
7	Rr	3835	0.378	21	55
7	Rr	3948	0.389	22	00
7	Rr	3775	0.372	22	05
7	Rr	3997	0.394	22	10
7	Rr	3615	0.356	22	15
7	Rr	4081	0.402	22	20
7	Rr	4153	0.409	22	25
7	Rr	3753	0.370	22	30
7	Rr	4148	0.409	22	35
7	Rr	3692	0.364	22	40
7	Rr	3678	0.362	22	45
7	Rr	3880	0.382	22	50
7	Rr	3675	0.362	22	55
7	Rr	4132	0.407	23	00
7	Rr	3819	0.376	23	05
7	Rr	3723	0.367	23	10
7	Rr	3707	0.365	23	15
7	Rr	4423	0.436	23	20
7	Rr	3550	0.350	23	25
7	Rr	3391	0.334	23	30
7	Rr	3649	0.359	23	35
7	Rr	3378	0.333	23	40
7	Rr	3381	0.333	23	45
7	Rr	3438	0.339	23	50
7	Rr	3140	0.309	23	55
o	*f	0R	r
o	lRQ	1	1015327	3730396774	[unresolved numerical addresses]
Z	*f	-20R	r
Z	lRb	1	43484	2.954	66.249
Z	lRb	1	40360	1.745	69
Z	lRb	1	28534	2.103	35
Z	lRb	1	24996	0.880	46
Z	lRb	1	22647	2.964	157.55
Z	lRb	1	20255	3.164	70
Z	lRb	1	19143	1.405	34
Z	lRb	1	17551	2.333	207.46
Z	lRb	1	17166	1.943	54
Z	lRb	1	16398	2.573	40
Z	lRb	1	15503	1.364	76
Z	lRb	1	13467	1.591	72
Z	lRb	1	12233	1.243	5
Z	lRb	1	12111	0.097	178.137
Z	lRb	1	11976	1.084	75
Z	lRb	1	11374	1.064	123
Z	lRb	1	10926	0.868	74
Z	lRb	1	10056	0.682	71
Z	lRb	1	9524	1.075	104
Z	lRb	1	9191	0.526	37
Z	lRb	1	648432	68.340	[not listed: 8680]
S	*f	-50P	r
S	Rb	4702	0.421	14.33.246.211
S	Rb	3866	0.849	192.234.235.103
S	Rb	3248	0.264	192.99.15.146
S	Rb	2341	0.146	100.43.83.148
S	Rb	1992	0.073	66.249.75.109
S	Rb	1829	0.159	37.59.14.116
S	Rb	1781	0.230	75.98.173.33
S	Rb	1597	0.139	78.155.138.20
S	Rb	1543	0.079	199.21.99.79
S	Rb	1459	0.011	92.249.127.111
S	Rb	1330	0.019	109.102.111.58
S	Rb	1312	0.048	205.203.134.197
S	Rb	1304	0.206	5.196.13.127
S	Rb	1276	0.128	208.115.113.82
S	Rb	1270	0.069	95.108.248.29
S	Rb	1266	0.045	49.7.20.102
S	Rb	1155	0.249	75.98.173.84
S	Rb	1142	0.001	91.207.9.226
S	Rb	1107	0.017	66.249.69.97
S	Rb	1081	0.020	66.249.69.81
S	Rb	1054	0.200	79.125.27.96
S	Rb	1051	0.034	66.249.69.192
S	Rb	1047	0.019	106.38.241.144
S	Rb	1039	0.016	66.249.69.89
S	Rb	1030	0.104	5.255.250.90
S	Rb	1024	0.079	95.108.150.235
S	Rb	1012	0.088	192.99.6.132
S	Rb	957	0.195	199.21.99.197
S	Rb	951	0.067	66.249.73.133
S	Rb	885	0.038	144.76.27.118
S	Rb	832	0.019	49.7.20.111
S	Rb	815	0.032	178.63.23.80
S	Rb	812	0.100	66.249.64.90
S	Rb	808	0.195	149.202.211.239
S	Rb	791	0.069	192.99.7.55
S	Rb	786	0.125	66.11.128.152
S	Rb	777	0.001	193.150.120.14
S	Rb	760	0.054	208.115.113.92
S	Rb	756	0.023	82.145.46.102
S	Rb	744	0.011	109.102.111.20
S	Rb	743	0.099	216.244.66.229
S	Rb	739	0.010	109.102.111.50
S	Rb	721	0.004	106.38.241.177
S	Rb	704	0.001	109.120.157.179
S	Rb	698	0.027	220.181.125.162
S	Rb	694	0.041	78.155.138.30
S	Rb	686	0.021	66.249.65.212
S	Rb	664	0.058	94.23.59.173
S	Rb	653	0.077	52.21.132.215
S	Rb	649	0.057	46.105.74.59
S	Rb	953844	94.964	[not listed: 89982]
s	*FR	2013	12	18	21	53
s	*LR	2022	01	21	22	36
s	*f	-20R	s
s	lRS	1	203050	549	http://www.gtaeronautics.com/
s	lRS	1	48710	118	http://gtaeronautics.com/
s	lRS	1	5014	7	https://www.google.com/
s	lRS	1	1546	1	http://www.google.com/
s	lRS	1	253	1	https://www.bing.com/
s	lRS	1	1246	0	http://www.baidu.com/
s	lRS	1	1159	0	http://www.trainingindustry.com/
s	lRS	1	609	0	http://www.mfgpages.com/
s	lRS	1	604	0	http://www.openfos.com/
s	lRS	1	517	0	http://www.topicway.com/
s	lRS	1	462	0	http://anti-crisis-seo.com/
s	lRS	1	395	0	http://uptime.com/
s	lRS	1	362	0	http://semalt.semalt.com/
s	lRS	1	326	0	http://www.bing.com/
s	lRS	1	301	0	http://chimiver.info/
s	lRS	1	280	0	https://www.google.co.in/
s	lRS	1	269	0	https://www.thomasnet.com/
s	lRS	1	262	0	http://google.co.jp/
s	lRS	1	236	0	http://www.thomasnet.com/
s	lRS	1	234	0	http://www.artparquet.ru/
s	lRS	1	48646	28	[not listed: 4336]
f	*FR	2013	12	18	21	53
f	*LR	2022	01	21	22	36
f	*f	-30R	s
f	lRS	1	137555	382	http://www.gtaeronautics.com/
f	lRS	1	33582	94	http://gtaeronautics.com/
f	lRS	1	2206	45	http://www.gtaeronautics.com/GT1500 RPAS.html
f	lRS	1	2448	21	http://www.gtaeronautics.com/GT380 RPAS.html
f	lRS	1	9560	20	http://www.gtaeronautics.com/aboutus.html
f	lRS	1	1648	15	http://www.gtaeronautics.com/GT50T RPAS.html
f	lRS	1	1989	13	http://www.gtaeronautics.com/RD.html
f	lRS	1	1855	12	http://www.gtaeronautics.com/SRU.html
f	lRS	1	6001	9	http://www.gtaeronautics.com/UASFC.html
f	lRS	1	2506	8	http://www.gtaeronautics.com/pna.html
f	lRS	1	4615	6	https://www.google.com/
f	lRS	1	1815	3	http://www.gtaeronautics.com/CFMT.html
f	lRS	1	1401	3	http://www.gtaeronautics.com/contactus.html
f	lRS	1	1393	3	http://gtaeronautics.com/aboutus.html
f	lRS	1	1693	1	http://www.gtaeronautics.com/consultinga.html
f	lRS	1	1552	1	http://www.gtaeronautics.com/EMPLOYMENT.html
f	lRS	1	1118	1	http://www.gtaeronautics.com/links.html
f	lRS	1	6974	0	http://www.gtaeronautics.com/CCT&M.html
f	lRS	1	5573	0	http://gtaeronautics.com/IndNews.html
f	lRS	1	4340	0	http://www.gtaeronautics.com/index.html
f	lRS	1	4220	0	http://www.gtaeronautics.com/ConsultingA.html
f	lRS	1	2020	0	http://www.gtaeronautics.com/uasfc.html
f	lRS	1	1951	0	http://www.gtaeronautics.com/CompNews.html
f	lRS	1	1593	0	http://www.gtaeronautics.com/IndNews.html
f	lRS	1	1240	0	http://www.gtaeronautics.com/compnews.html
f	lRS	1	1159	0	http://www.trainingindustry.com/
f	lRS	1	1080	0	http://www.baidu.com/s
f	lRS	1	892	0	http://www.google.com/url
f	lRS	1	885	0	http://gtaeronautics.com/index.html
f	lRS	1	881	0	http://www.gtaeronautics.com/FAQ.html
f	lRS	1	68736	67	[not listed: 4985]
n	*FR	2013	12	19	00	28
n	*LR	2020	10	14	09	11
n	*f	0.500000%Q	s
n	Rq	1	11.378	kit
n	Rq	1	11.378	method
n	Rq	2	22.756	crew
n	Rq	28	118.641	aeronautical
n	Rq	1	11.378	airplane.com
n	Rq	5	56.889	faa
n	Rq	40	55.237	gt
n	Rq	1	11.378	moldings
n	Rq	1	11.378	twin
n	Rq	1	11.378	taranis
n	Rq	2	11.378	installerex
n	Rq	2	11.378	http://gtaeronautics.com/
n	Rq	20	113.778	in
n	Rq	1	11.378	scale
n	Rq	1	11.378	observer
n	Rq	1	11.378	drawing?
n	Rq	2	11.378	is
n	Rq	1	11.378	making
n	Rq	2	22.756	fiber
n	Rq	1	11.378	mitsubishi
n	Rq	1	11.378	fuze
n	Rq	1	11.378	http://www.gtaeronautics.com/indnews.html
n	Rq	92	11.378	semalt.com
n	Rq	1	11.378	consultant
n	Rq	15	45.511	manufacturing
n	Rq	1	11.378	2
n	Rq	1	11.378	base
n	Rq	14	27.619	6
n	Rq	1	11.378	http://gtaeronautics.com/indnews.html
n	Rq	1	11.378	always
n	Rq	28	21.104	engineering
n	Rq	1	11.378	northrop
n	Rq	1	11.378	bandwidth
n	Rq	1	11.378	vegas
n	Rq	3	22.756	basic
n	Rq	1	11.378	qinetiq
n	Rq	1	11.378	tooling
n	Rq	1	11.378	on
n	Rq	1	11.378	heavy
n	Rq	9	91.023	drawings
n	Rq	1	11.378	fia
n	Rq	4	11.378	louis%20vuitton%20fashion%20valley%20phone%20number
n	Rq	3	11.378	llc
n	Rq	3	34.134	rullman
n	Rq	1	11.378	cowling
n	Rq	32	34.134	sale
n	Rq	64	68.267	outlet
n	Rq	1	11.378	rotax
n	Rq	1	11.378	ucav
n	Rq	28	9.726	texan
n	Rq	1	11.378	a
n	Rq	2	11.378	customer
n	Rq	1	11.378	rpa
n	Rq	2	22.756	110cc
n	Rq	30	11.378	designer
n	Rq	20	56.889	www.gtaeronautics.com
n	Rq	1	11.378	work
n	Rq	1	11.378	thomas
n	Rq	1	11.378	engie
n	Rq	1	11.378	qualification
n	Rq	1	11.378	custom
n	Rq	1	11.378	mk3
n	Rq	1	11.378	t
n	Rq	1	11.378	uavs
n	Rq	1	11.378	w
n	Rq	2	11.378	satisfaction
n	Rq	2	22.756	x
n	Rq	1	11.378	crews
n	Rq	3	11.378	photos
n	Rq	1	11.378	finnemeccia
n	Rq	2	22.756	glass
n	Rq	1	34.134	to
n	Rq	1	11.378	gcs
n	Rq	5	56.889	engineer
n	Rq	1	11.378	government
n	Rq	1	11.378	operator
n	Rq	6	68.267	aircraft
n	Rq	1	11.378	with
n	Rq	97	22.756	number
n	Rq	4	34.134	for
n	Rq	1	11.378	december
n	Rq	2	22.756	aero
n	Rq	9	22.756	equipment
n	Rq	2	22.756	engine
n	Rq	1	11.378	mq1
n	Rq	2	22.756	wy
n	Rq	1	11.378	custum
n	Rq	1	11.378	g.t
n	Rq	1	11.378	mechanics
n	Rq	1	22.756	motors
n	Rq	1	11.378	tdw
n	Rq	32	56.889	luggage
n	Rq	1	11.378	opportunities
n	Rq	175	61.752	vuitton
n	Rq	1	11.378	show
n	Rq	1	34.134	the
n	Rq	1	11.378	luggages
n	Rq	1	11.378	stroke
n	Rq	2	11.378	explore
n	Rq	39	22.756	handbags
n	Rq	2	22.756	electric
n	Rq	1	11.378	space
n	Rq	1	22.756	air
n	Rq	1	11.378	quote
n	Rq	1	11.378	require
n	Rq	1	11.378	mpp
n	Rq	4	22.756	jobs
n	Rq	5	56.889	uas
n	Rq	1	11.378	anything
n	Rq	1	11.378	china
n	Rq	1	11.378	airplane
n	Rq	10	113.778	uav
n	Rq	2	11.378	wmaid.com
n	Rq	3	45.511	drone
n	Rq	7	79.645	fiberglass
n	Rq	2	11.378	facebook
n	Rq	1	11.378	college
n	Rq	4	45.511	onboard
n	Rq	3	22.756	gtaeronautics.com
n	Rq	1	11.378	qulificationa
n	Rq	21	16.241	simi
n	Rq	1	11.378	and
n	Rq	5	34.134	flight
n	Rq	17	16.241	at6
n	Rq	1	11.378	xtreme
n	Rq	1	11.378	maintenance
n	Rq	1	11.378	cody
n	Rq	1	11.378	systems
n	Rq	1	11.378	any
n	Rq	1	11.378	tom
n	Rq	1	11.378	payload
n	Rq	2	22.756	gta
n	Rq	2	11.378	granger
n	Rq	8	79.645	extreme
n	Rq	6	56.889	molding
n	Rq	2	11.378	easylifeapp
n	Rq	1	11.378	rating
n	Rq	2	11.378	whitelaw
n	Rq	126	79.645	fashion
n	Rq	2	22.756	ice
n	Rq	2	11.378	http://www.gtaeronautics.com/compnews.html
n	Rq	5	22.756	engineers
n	Rq	3	22.756	composite
n	Rq	1	11.378	skyforce
n	Rq	1	11.378	eengineer
n	Rq	175	61.752	louis
n	Rq	8	11.378	store
n	Rq	4	45.511	starter
n	Rq	14	45.511	cheap
n	Rq	1	11.378	diamond
n	Rq	10	102.401	bme
n	Rq	1	11.378	america2009
n	Rq	7	11.378	content
n	Rq	1	11.378	challenge
n	Rq	2	22.756	aeronautic
n	Rq	1	11.378	piece
n	Rq	1	11.378	how
n	Rq	1	11.378	male
n	Rq	2	22.756	design
n	Rq	2	22.756	flying
n	Rq	1	11.378	carbon
n	Rq	1	11.378	operation
n	Rq	2	11.378	profile
n	Rq	1	11.378	tomas
n	Rq	1	11.378	cia
n	Rq	1	11.378	hummingbird
n	Rq	1	11.378	iron
n	Rq	1	11.378	california
n	Rq	1	11.378	amphibian
n	Rq	1	11.378	110
n	Rq	1	11.378	mentioned
n	Rq	1	11.378	111
n	Rq	1	11.378	over
n	Rq	25	118.641	http://www.gtaeronautics.com/
n	Rq	1	11.378	google.com
n	Rq	1	11.378	fuel
n	Rq	2	11.378	inc
n	Rq	1	11.378	handbag.com
n	Rq	1	11.378	da42
n	Rq	2	22.756	certification
n	Rq	1	11.378	timing
n	Rq	1	11.378	2015
n	Rq	1	11.378	home
n	Rq	1	11.378	aerospacecompanies
n	Rq	1	11.378	anti
n	Rq	1	11.378	ziroli
n	Rq	1	11.378	sketches
n	Rq	5	11.378	purses
n	Rq	1	11.378	downlink
n	Rq	3	11.378	aeronotics
n	Rq	1	11.378	nanotechnology
n	Rq	1	11.378	zephyr
n	Rq	4	11.378	wyoming
n	Rq	2	11.378	technology
n	Rq	3	34.134	companies
n	Rq	1	11.378	muffler
n	Rq	2	11.378	avia
n	Rq	2	11.378	what
n	Rq	145	84.508	valley
n	Rq	1	11.378	microwave
n	Rq	1	11.378	mold
n	Rq	5	45.511	pglm
n	Rq	1	11.378	specialist
n	Rq	23	95.886	drawing
n	Rq	1	11.378	tool
n	Rq	1	11.378	security
n	Rq	6	22.756	prototypes
n	Rq	1	11.378	giant
n	Rq	1	11.378	powell
n	Rq	8	79.645	aerospace
n	Rq	4	45.511	unmanned
n	Rq	34	32.481	aeronautics
n	Rq	1	11.378	radius
n	Rq	1	11.378	zero
n	Rq	1	11.378	tobbot
n	Rq	2	22.756	job
n	Rq	2	22.756	neverfull
n	Rq	1	11.378	onbordstarter
n	Rq	20	45.511	ca
n	Rq	1	22.756	as
n	Rq	13	16.241	at
n	Rq	5	56.889	techniques
n	Rq	1	11.378	does
n	Rq	1	11.378	commercial
n	Rq	1	11.378	www.gt
n	Rq	1	11.378	de
n	Rq	1	11.378	co
n	Rq	1	11.378	speedy
n	Rq	1	11.378	rpas
n	Rq	2	22.756	instrument
n	Rq	1	11.378	do
n	Rq	1	11.378	quotation
n	Rq	3	34.134	training
n	Rq	1	11.378	efi
n	Rq	1	11.378	careers
n	Rq	3	34.134	pilot
n	Rq	9	91.023	bandito
n	Rq	4	45.511	quotes
n	Rq	107	45.511	phone
n	Rq	1	11.378	stations
n	Rq	1	11.378	traing
N	*FR	2013	12	19	00	28
N	*LR	2020	10	14	09	11
N	*f	-200Q	s
N	RQ	25	3869944118	http://www.gtaeronautics.com/
N	RQ	9	3340191033	at 6 texan
N	RQ	8	2969058696	at6 texan
N	RQ	7	2226794022	bme extreme
N	RQ	7	2226794022	aerospace engineering drawings
N	RQ	20	1855661685	www.gtaeronautics.com
N	RQ	6	1484529348	texan at6
N	RQ	5	1484529348	bandito pglm
N	RQ	3	1113397011	bandito uav
N	RQ	3	1113397011	onboard starter
N	RQ	20	900885422	gt aeronautics
N	RQ	2	742264674	fiberglass molding techniques
N	RQ	6	742264674	manufacturing aeronautical prototypes
N	RQ	19	742264674	louis vuitton luggage outlet
N	RQ	10	742264674	louis vuitton fashion valley phone
N	RQ	97	742264674	louis vuitton fashion valley phone number
N	RQ	2	742264674	texan at 6
N	RQ	18	742264674	louis vuitton fashion valley ca
N	RQ	1	371132337	uavs flying over simi valley ca
N	RQ	1	371132337	gt aeronautics simi valley california
N	RQ	1	371132337	aeronautical engineer quote
N	RQ	1	371132337	does aeronautical engineering require drawing?
N	RQ	1	371132337	how to do gt in engineering drawing
N	RQ	2	371132337	http://gtaeronautics.com/
N	RQ	1	371132337	the government college g.t aeronautics
N	RQ	1	371132337	bme engine
N	RQ	1	371132337	uas gcs
N	RQ	1	371132337	http://www.gtaeronautics.com/indnews.html
N	RQ	92	371132337	semalt.com
N	RQ	1	371132337	aero iron mentioned nanotechnology hummingbird uav
N	RQ	1	371132337	basic fiberglass techniques
N	RQ	1	371132337	http://gtaeronautics.com/indnews.html
N	RQ	1	371132337	finnemeccia co
N	RQ	2	371132337	drawing for customer satisfaction
N	RQ	1	371132337	cheap louis vuitton speedy handbag.com
N	RQ	1	371132337	at 6
N	RQ	1	371132337	quotation specialist engineer drawings
N	RQ	1	371132337	challenge xtreme 111 piece mechanics tool kit
N	RQ	1	371132337	uav commercial crew stations
N	RQ	1	371132337	da42 mpp microwave downlink bandwidth
N	RQ	1	371132337	anti ice de ice qinetiq zephyr
N	RQ	4	371132337	louis%20vuitton%20fashion%20valley%20phone%20number
N	RQ	1	371132337	faa uas pilot certification
N	RQ	1	371132337	any flying crews in gta
N	RQ	1	371132337	aerospace drawing
N	RQ	1	371132337	fiber glass molding job
N	RQ	1	371132337	aircraft design consultant
N	RQ	1	371132337	www.gt airplane.com
N	RQ	3	371132337	gt in aeronotics
N	RQ	1	371132337	tom rullman
N	RQ	1	371132337	gt aeronautics simi valley ca
N	RQ	1	371132337	drone base in simi valley
N	RQ	1	371132337	fiberglass mold making techniques
N	RQ	1	371132337	rpa instrument qualification faa instrument rating
N	RQ	1	371132337	extreme bme
N	RQ	1	371132337	uas faa maintenance
N	RQ	1	371132337	louis vuitton neverfull
N	RQ	1	371132337	fiberglass techniques
N	RQ	1	371132337	aircraft companies in simi valley
N	RQ	1	371132337	custom fiberglass moldings
N	RQ	11	371132337	louis vuitton luggage cheap
N	RQ	1	371132337	anything
N	RQ	1	371132337	aeronautical engineering sketches
N	RQ	1	371132337	gtaeronautics.com
N	RQ	1	371132337	giant scale ziroli at 6
N	RQ	9	371132337	outlet louis vuitton handbags
N	RQ	1	371132337	cowling drawing
N	RQ	1	371132337	mitsubishi zero
N	RQ	1	371132337	powell wy gt aeronautics
N	RQ	2	371132337	what is gt in basic engineering drawing
N	RQ	2	371132337	composite molding
N	RQ	1	371132337	aeronautics in simi valley and security work
N	RQ	3	371132337	gt aeronautics llc jobs
N	RQ	1	371132337	crew flight gta
N	RQ	1	371132337	110cc engine timing
N	RQ	1	371132337	aeronautical engineer quotes
N	RQ	2	371132337	http://www.gtaeronautics.com/compnews.html
N	RQ	4	371132337	wyoming flight engineers
N	RQ	1	371132337	a t 6
N	RQ	1	371132337	gt aeronautics unmanned air
N	RQ	1	371132337	fia gt composite tooling
N	RQ	1	371132337	uas pilot certification
N	RQ	1	371132337	quotes on aeronautical engineers
N	RQ	1	371132337	payload for diamond northrop twin engie aircraft
N	RQ	7	371132337	content
N	RQ	1	371132337	bme 110
N	RQ	1	371132337	thomas w rullman gt aeronautics
N	RQ	1	371132337	luggages for sale
N	RQ	2	371132337	easylifeapp profile
N	RQ	2	371132337	simi gt
N	RQ	1	371132337	mq1 design fuel
N	RQ	1	371132337	airplane as always cia america2009
N	RQ	1	371132337	eengineer drawing home
N	RQ	1	371132337	heavy equipment operator jobs
N	RQ	1	371132337	aero space drone simi valley
N	RQ	1	371132337	cheap louis vuitton luggage
N	RQ	1	371132337	2 stroke electric onboard starter
N	RQ	1	371132337	skyforce observer mk3
N	RQ	1	371132337	simi valley unmanned aircraft
N	RQ	2	371132337	granger whitelaw avia
N	RQ	1	371132337	louis vuitton fashion valley neverfull
N	RQ	1	371132337	louis vuitton job opportunities
N	RQ	1	371132337	google.com
N	RQ	1	371132337	uas operation training method
N	RQ	2	371132337	wmaid.com explore gtaeronautics.com
N	RQ	1	371132337	custum muffler 110cc
N	RQ	1	371132337	glass manufacturing drawings
N	RQ	1	371132337	electric motors x male uav x sale
N	RQ	1	371132337	aerospacecompanies in simi valley
N	RQ	1	371132337	fiberglass molding
N	RQ	2	371132337	aeronautical technology inc
N	RQ	1	371132337	taranis ucav
N	RQ	1	371132337	vegas drone uav show december 2015
N	RQ	1	371132337	uav companies in simi valley
N	RQ	1	371132337	unmanned aircraft systems pilot training
N	RQ	2	371132337	installerex facebook
N	RQ	3	371132337	texan at6 photos
N	RQ	1	371132337	aeronautic engineer
N	RQ	30	371132337	designer handbags outlet sale
N	RQ	1	371132337	rpas qulificationa traing with faa
N	RQ	1	371132337	faa uav training
N	RQ	1	371132337	uav companies simi valley
N	RQ	5	371132337	louis vuitton purses outlet
N	RQ	1	371132337	aeronautics
N	RQ	1	371132337	cheap louis vuitton luggage outlet
N	RQ	1	371132337	gt aeronautics tomas rullman
N	RQ	1	371132337	tobbot
N	RQ	1	371132337	radius tdw efi fuze
N	RQ	8	371132337	manufacturing equipment store in simi valley
N	RQ	1	371132337	aeronautic engineer quotes
N	RQ	1	371132337	onbordstarter
N	RQ	1	371132337	rotax amphibian unmanned china
N	RQ	1	371132337	aeronautical engineering quotes
N	RQ	1	371132337	drawing aircraft engineering
N	RQ	1	371132337	gt aeronautics careers
N	RQ	1	371132337	gt aeronautics bandito
N	RQ	1	371132337	cody wy carbon fiber
N	RQ	14	158620748	aeronautical engineering drawing
B	*f	-40R	r
B	Rb	37765	5.110	Mozilla/5.0 (compatible; bingbot/2.0;  http://www.bing.com/bingbot.htm)
B	Rb	37532	2.107	ZoominfoBot (zoominfobot at zoominfo dot com)
B	Rb	26226	1.702	Mozilla/5.0 (compatible; Googlebot/2.1;  http://www.google.com/bot.html)
B	Rb	16140	1.357	Mozilla/4.0 (compatible; MSIE 6.0; Windows NT 5.1; SV1)
B	Rb	13048	0.838	Sogou web spider/4.0( http://www.sogou.com/docs/help/webmasters.htm#07)
B	Rb	12785	1.933	Mozilla/5.0 (iPhone; CPU iPhone OS 7_0 like Mac OS X) AppleWebKit/537.51.1 (KHTML, like Gecko) Version/7.0 Mobile/11A465 Safari/9537.53 (compatible; bingbot/2.0;  http://www.bing.com/bingbot.htm)
B	Rb	10077	0.985	Mozilla/5.0 (compatible; YandexBot/3.0;  http://yandex.com/bots)
B	Rb	9995	0.965	Mozilla/5.0 (compatible; Baiduspider/2.0;  http://www.baidu.com/search/spider.html)
B	Rb	9918	0.836	Mozilla/5.0 (Windows NT 6.1; WOW64; Trident/7.0; rv:11.0) like Gecko
B	Rb	8061	1.274	Mozilla/4.0 (compatible; MSIE 7.0; Windows NT 5.1; .NET CLR 1.1.4322; .NET CLR 2.0.50727)
B	Rb	7452	0.584	Mozilla/5.0 (compatible; Yahoo! Slurp; http://help.yahoo.com/help/us/ysearch/slurp)
B	Rb	7275	0.530	Mozilla/5.0 (compatible; AhrefsBot/7.0;  http://ahrefs.com/robot/)
B	Rb	7100	0.302	Mozilla/4.0 (compatible; MSIE 6.0; Windows NT 5.1; SV1; .NET CLR 2.0.50727)
B	Rb	6942	0.264	Mozilla/4.0 (compatible;)
B	Rb	6440	0.440	Mozilla/4.0 (compatible; MSIE 6.0; Windows NT 5.1)
B	Rb	6164	0.063	Mozilla/4.0 (compatible; MSIE 7.0; Windows NT 5.1; .NET CLR 1.1.4322; .NET CLR 2.0.50727; .NET CLR 3.0.4506.2152; .NET CLR 3.5.30729)
B	Rb	6152	0.496	Mozilla/4.0 (compatible; MSIE 7.0; Windows NT 6.1; WOW64; Trident/5.0; SLCC2; .NET CLR 2.0.50727; .NET CLR 3.5.30729; .NET CLR 3.0.30729; Media Center PC 6.0; .NET4.0C; .NET4.0E)
B	Rb	6079	0.323	Mozilla/5.0 (Windows NT 6.1; WOW64) AppleWebKit/537.36 (KHTML, like Gecko) Chrome/36.0.1985.143 Safari/537.36
B	Rb	5848	0.374	Sosospider ( http://help.soso.com/webspider.htm)
B	Rb	5830	0.187	Googlebot-Image/1.0
B	Rb	5436	0.426	Mozilla/5.0 (Windows; U; Windows NT 5.1; en-US; rv:1.7.2) Gecko/20040804 Netscape/7.2 (ax)
B	Rb	5433	1.816	Mozilla/5.0 (Windows NT 6.3; WOW64) AppleWebKit/537.36 (KHTML, like Gecko) Chrome/33.0.1736.0 Safari/537.36
B	Rb	5308	0.182	Mozilla/4.0 (compatible; MSIE 7.0; Windows NT 5.1; .NET CLR 1.1.4322; .NET CLR 2.0.50727; .NET CLR 3.0.04506.30)
B	Rb	5198	0.451	Mozilla/4.0 (compatible; MSIE 7.0; Windows NT 5.1)
B	Rb	4873	0.170	Mozilla/5.0 (compatible; MSIE 9.0; Windows NT 6.1; WOW64; Trident/5.0)
B	Rb	4446	0.249	Mozilla/5.0 (compatible; Yahoo! Slurp/3.0; http://help.yahoo.com/help/us/ysearch/slurp)
B	Rb	4368	0.049	Mozilla/4.0 (compatible; MSIE 7.0; Windows NT 5.1; .NET CLR 2.0.50727; .NET CLR 3.0.4506.2152; .NET CLR 3.5.30729)
B	Rb	4270	0.628	Mozilla/5.0 (iPhone; CPU iPhone OS 7_0 like Mac OS X) AppleWebKit/537.51.1 (KHTML, like Gecko) Version/7.0 Mobile/11A465 Safari/9537.53 BingPreview/1.0b
B	Rb	4114	0.524	Mozilla/5.0 (Linux; Android 6.0.1; Nexus 5X Build/MMB29P) AppleWebKit/537.36 (KHTML, like Gecko) Chrome/41.0.2272.96 Mobile Safari/537.36 (compatible; Googlebot/2.1;  http://www.google.com/bot.html)
B	Rb	3783	0.209	Mozilla/4.0 (compatible; MSIE 6.0; Windows NT 5.1; SV1; .NET CLR 1.1.4322)
B	Rb	3597	1.032	Mozilla/5.0 (Linux; U; Android 8.1.0; zh-CN; EML-AL00 Build/HUAWEIEML-AL00) AppleWebKit/537.36 (KHTML, like Gecko) Version/4.0 Chrome/57.0.2987.108 baidu.sogo.uc.UCBrowser/11.9.4.974 UWS/2.13.1.48 Mobile Safari/537.36 AliApp(DingTalk/4.5.11) com.alibaba.android.rimet/10487439 Channel/227200 language/zh-CN
B	Rb	3595	0.392	Mozilla/4.0 (compatible; MSIE 7.0; Windows NT 5.1; InfoPath.2; .NET CLR 2.0.50727; .NET CLR)
B	Rb	3590	0.111	Mozilla/5.0 (compatible; SeznamBot/3.2;  http://napoveda.seznam.cz/en/seznambot-intro/)
B	Rb	3505	0.561	PRurl
B	Rb	3493	0.253	Mozilla/5.0 (compatible; MJ12bot/v1.4.5; http://www.majestic12.co.uk/bot.php? )
B	Rb	3481	0.173	Mozilla/5.0 (X11; Datanyze; Linux x86_64) AppleWebKit/537.36 (KHTML, like Gecko) Chrome/65.0.3325.181 Safari/537.36
B	Rb	3206	0.762	Mozilla/4.0 (compatible; MSIE 7.0; Windows NT 5.1; .NET CLR 2.0.50727; .NET CLR 1.1.4322)
B	Rb	3062	0.111	Mozilla/4.0 (compatible; MSIE 7.0; Windows NT 5.1; .NET CLR 1.1.4322)
B	Rb	3049	0.057	Mozilla/4.0 (compatible; MSIE 8.0; Windows NT 5.1; Trident/4.0; .NET CLR 2.0.50727; .NET CLR 3.0.4506.2152; .NET CLR 3.5.30729; .NET4.0C; .NET CLR 1.1.4322)
B	Rb	2930	0.322	Mozilla/5.0 (compatible; MSIE 9.0; Windows NT 6.1; Trident/5.0)
B	Rb	678278	70.852	[not listed: 19928]
b	*f	-15Q	s
b	lRQq	1	14976	2846018145	130.086	Opera
b	lRQq	2	3158	1643150099	75.105	Opera/7
b	lRQq	2	4395	1059506173	48.428	Opera/8
b	lRQq	2	18	3711323370	169.637	Opera/10
b	lRQq	2	17	3711323370	169.637	Opera/11
b	lRQq	2	6332	3591334588	164.152	Opera/9
b	lRQq	2	10	2226794022	101.782	Opera/12
b	lRQq	2	1018	2226794022	101.782	Opera/6
b	lRQq	2	10	1113397011	50.891	Opera/5
b	lRQq	2	17	371132337	16.964	Opera/98
b	lRQq	2	1	371132337	16.964	Opera/3
b	lRQq	1	286	3869944121	176.887	Scrapy
b	lRQq	2	45	1484529351	67.855	Scrapy/2
b	lRQq	2	6	1855661685	84.818	Scrapy/0
b	lRQq	2	235	529753085	24.214	Scrapy/1
b	lRQq	1	39	4082455707	186.601	Safari
b	lRQq	2	2	742264674	33.927	Safari/14606
b	lRQq	2	20	742264674	33.927	Safari/12604
b	lRQq	2	2	371132337	16.964	Safari/16612
b	lRQq	2	4	371132337	16.964	Safari/17612
b	lRQq	2	1	371132337	16.964	Safari/11601
b	lRQq	2	1	371132337	16.964	Safari/10603
b	lRQq	2	2	371132337	16.964	Safari/11604
b	lRQq	2	4	371132337	16.964	Safari/15609
b	lRQq	2	3	371132337	16.964	Safari/16610
b	lRQq	1	131	3711323370	169.637	Lynx
b	lRQq	2	131	3711323370	169.637	Lynx/2
b	lRQq	1	2	3711323370	169.637	() { :;}; 
b	lRQq	2	2	3711323370	169.637	() { :;}; /bin/bash
b	lRQq	1	92	3711323370	169.637	GuzzleHttp
b	lRQq	2	92	3711323370	169.637	GuzzleHttp/6
b	lRQq	1	71	3340191033	152.673	Googlebot
b	lRQq	2	47	2226794022	101.782	Googlebot/2
b	lRQq	2	7	742264674	33.927	Googlebot/Nutch-2
b	lRQq	1	30	3340191033	152.673	LWP::Simple
b	lRQq	2	17	1855661685	84.818	LWP::Simple/6
b	lRQq	2	13	1484529348	67.855	LWP::Simple/5
b	lRQq	1	117	3127679444	142.960	NSPlayer
b	lRQq	2	78	3340191033	152.673	NSPlayer/11
b	lRQq	2	17	1484529348	67.855	NSPlayer/9
b	lRQq	2	16	1484529348	67.855	NSPlayer/10
b	lRQq	2	5	742264674	33.927	NSPlayer/12
b	lRQq	2	1	371132337	16.964	NSPlayer/8
b	lRQq	1	253	2969058696	135.709	"Mozilla
b	lRQq	2	253	2969058696	135.709	"Mozilla/5
b	lRQq	1	30	2915167855	133.246	MobileSafari
b	lRQq	2	19	2014282433	92.069	MobileSafari/604
b	lRQq	2	3	1855661685	84.818	MobileSafari/602
b	lRQq	2	1	1113397011	50.891	MobileSafari/601
b	lRQq	2	2	742264674	33.927	MobileSafari/9537
b	lRQq	2	5	371132337	16.964	MobileSafari/8612
b	lRQq	1	122	2597926359	118.746	MSIE or
b	lRQq	1	14	2597926359	118.746	PycURL
b	lRQq	2	14	2597926359	118.746	PycURL/7
b	lRQq	1	27	2597926359	118.746	${${lower:jndi}:${lower:rmi}:
b	lRQq	2	6	742264674	33.927	${${lower:jndi}:${lower:rmi}://144
b	lRQq	2	4	742264674	33.927	${${lower:jndi}:${lower:rmi}://51
b	lRQq	2	10	371132337	16.964	${${lower:jndi}:${lower:rmi}://188
b	lRQq	2	3	371132337	16.964	${${lower:jndi}:${lower:rmi}://185
b	lRQq	2	4	371132337	16.964	${${lower:jndi}:${lower:rmi}://167
b	lRQq	1	4072	2436253836	111.356	Java
b	lRQq	2	4055	1693989162	77.429	Java/1
b	lRQq	2	17	742264674	33.927	Java/11
b	lRQq	1	985582	1577736132	72.115	[not listed: 865]
p	*f	0Q	s
p	lR	1	539080	Windows
p	lR	2	54733	Windows NT
p	lR	2	228393	Unknown Windows
p	lR	2	239841	Windows XP
p	lR	2	2215	Windows 95
p	lR	2	2345	Windows 98
p	lR	2	394	Windows CE
p	lR	2	9356	Windows 2000
p	lR	2	384	Windows 3.1
p	lR	2	1419	Windows ME
p	lR	1	237922	OS unknown
p	lR	1	83234	Known robots
p	lR	1	59956	Unix
p	lR	2	59103	Linux
p	lR	2	22	SunOS
p	lR	2	47	BSD
p	lR	2	781	Other Unix
p	lR	2	3	HP-UX
p	lR	1	85620	Macintosh
p	lR	2	81510	Unknown Macintosh
p	lR	2	3117	Macintosh PowerPC
p	lR	2	993	Macintosh 68k
p	lR	1	16	WebTV
p	lR	1	1	BeOS
p	lR	1	8	OS/2
p	lR	1	7	Amiga
i	*f	0R	s
i	lRc	1	587868	27.884	[root directory]
i	lRc	1	270629	71.877	/images/
i	lRc	1	101885	0.125	/js/
i	lRc	1	53287	0.114	/css/
i	lRc	1	865	0.000	/videos/
i	lRc	1	541	0.000	/client/
i	lRc	1	1	0.000	/cgi-bin/
i	lRc	1	176	0.000	/dev/
i	lRc	2	23	0.000	/dev/css/
i	lRc	2	44	0.000	/dev/js/
i	lRc	2	59	0.000	/dev/images/
i	lRc	1	1	0.000	/secure/
i	lRc	1	74	0.000	/stats/
r	*FR	2007	12	18	17	11
r	*LR	2022	01	21	21	13
r	*f	0.050000%S	s
r	lRSc	1	27421	33	1.731	/aboutus.html
r	lRSc	1	5733	28	1.690	/gt380+rpas.html
r	lRSc	1	5805	25	1.064	/gt1500+rpas.html
r	lRSc	1	14020	23	0.832	/pna.html
r	lRSc	1	18650	23	0.803	/contactus.html
r	lRSc	1	17483	22	1.127	/cfmt.html
r	lRSc	1	23617	21	16.025	/compnews.html
r	lRSc	1	9005	21	1.150	/sru.html
r	lRSc	1	18097	20	1.542	/consultinga.html
r	lRSc	1	5463	20	0.986	/gt50t+rpas.html
r	lRSc	1	22196	20	1.561	/uasfc.html
r	lRSc	1	27218	18	66.573	/indnews.html
r	lRSc	2	139	0	0.000	/indnews.html?referer=www.clickfind.com.au/wp-login.php
r	lRSc	2	1	0	0.000	/indnews.html?referer=top1.co.pl
r	lRSc	2	1	0	0.000	/indnews.html?referer=www.clickfind.com.au//wp-content/themes/busybee/thumb.php?src=http://blogger.com.opontodaarte.com.br/java.php
r	lRSc	1	1159	14	0.724	/gt100hl+rpas.html
r	lRSc	1	9799	13	0.831	/rd.html
r	lRSc	1	17289	12	0.869	/cct&m.html
r	lRSc	1	14045	11	0.492	/indevents.html
r	lRSc	1	15653	11	0.405	/employment.html
r	lRSc	1	14740	11	0.664	/links.html
r	lRSc	1	12905	11	0.752	/faq.html
r	lRSc	1	4096	3	0.176	/uavengines.html
r	lRSc	1	1	0	0.000	/client/bandito timeline2007.html
r	lRSc	1	2	0	0.000	/client/bandit+timeline2004.html
r	lRSc	1	1	0	0.000	/stats/quick.html
r	lRSc	1	1	0	0.000	/404.htm
r	lRSc	1	12	0	0.000	/client/gta010707002.html
r	lRSc	1	72	0	0.000	/client/bandito+development.html
r	lRSc	1	135	0	0.000	/client/welcome.html
r	lRSc	1	3	0	0.000	/client/gta021305001.html
r	lRSc	1	1	0	0.000	/stats/browserrep.html
r	lRSc	1	741	0	0.000	/gt50t rpas.html
r	lRSc	1	5	0	0.000	/client/gta012405001.html
r	lRSc	1	2	0	0.000	/dev/contactus.html
r	lRSc	1	4	0	0.000	/stats/general.html
r	lRSc	1	1	0	0.000	/stats/dailyrep.html
r	lRSc	1	1	0	0.000	/dev/aboutus.html
r	lRSc	1	18	0	0.000	/client/tacamo+development.html
r	lRSc	1	1	0	0.000	/client/bandit development.html
r	lRSc	1	17	0	0.000	/client/bandit+timeline2008.html
r	lRSc	1	1	0	0.000	/client/bandito+timeline2005.html
r	lRSc	1	23	0	0.000	/client/projectbids.html
r	lRSc	1	1	0	0.000	/stats/host.html
r	lRSc	1	11	0	0.000	/client/rq2+outlaw.html
r	lRSc	1	1	0	0.000	/client/bandit timeline2008.html
r	lRSc	1	20	0	0.000	/client/clientpna.html
r	lRSc	1	15	0	0.000	/client/bandit.html
r	lRSc	1	2	0	0.000	/stats/default.asp
r	lRSc	1	21	0	0.000	/index.htm
r	lRSc	1	1	0	0.000	/cgi-bin/testms.pl
r	lRSc	1	978	0	0.000	/gtamt.html
r	lRSc	1	14	0	0.000	/client/rq1+bandit.html
r	lRSc	1	2253	0	0.000	/gt1500 rpas.html
r	lRSc	1	6	0	0.000	/client/gta021305002.html
r	lRSc	1	4	0	0.000	/client/gta121004001.html
r	lRSc	1	24	0	0.000	/client/tacamo.html
r	lRSc	1	30	0	0.000	/client/mgqgcyat.asp
r	lRSc	1	3804	0	0.000	/banditomav.html
r	lRSc	1	1	0	0.000	/dev/client.cgi
r	lRSc	1	18702	0	0.000	/default.asp
r	lRSc	1	1666	0	0.000	/gt380 rpas.html
r	lRSc	1	1	0	0.000	/client/bandito+timeline2006.html
r	lRSc	1	16	0	0.000	/client/rq3+bandito.html
r	lRSc	1	1	0	0.000	/dev/uasfc.html
r	lRSc	1	229	0	0.000	/client.cgi
r	lRSc	1	71	0	0.000	/client/bandit+development.html
r	lRSc	1	2	0	0.000	/client/bandito development.html
r	lRSc	1	2	0	0.000	/stats/yearly.html
r	lRSc	1	2	0	0.000	/stats/domain.html
r	lRSc	1	1	0	0.000	/stats/monthly.html
r	lRSc	1	2	0	0.000	/stats/weekly.html
r	lRSc	1	8	0	0.000	/client/gta010707001.html
r	lRSc	1	3749	0	0.000	/bidspridpass.html
r	lRSc	1	6356	0	0.000	/pridpass.html
r	lRSc	1	12	0	0.000	/client/bandito.html
r	lRSc	1	3919	0	0.000	/gtatexan.html
r	lRSc	1	1	0	0.000	/dev/pna.html
r	lRSc	1	1	0	0.000	/client/tacamo development.html
r	lRSc	1	4	0	0.000	/stats/index.htm
r	lRSc	1	4	0	0.000	/stats/nav.html
r	lRSc	1	1	0	0.000	/stats/quarterly.html
r	lRSc	1	3704	0	0.000	/bandituas.html
r	lRSc	1	2	0	0.000	/stats/directory.html
r	lRSc	1	2	0	0.000	/stats/organisation.html
r	lRSc	1	8	0	0.000	/client/bandito+timeline2007.html
r	lRSc	1	7	0	0.000	/client/bandit+timeline2007.html
r	lRSc	1	1	0	0.000	/dev/pridpass.html
t	*f	0.100000%B	b
t	lRb	1	312105	35.797	.html [Hypertext Markup Language]
t	lRb	1	211743	33.839	.jpg  [JPEG graphics]
t	lRb	1	242166	21.810	[directories]
t	lRb	1	778	3.091	.wmv
t	lRb	1	87	3.035	.mpg  [MPEG movie]
t	lRb	1	18734	1.306	.asp  [Active Server REQUESTS]
t	lRb	1	58969	0.400	.gif  [GIF graphics]
t	lRb	1	101929	0.330	.js  [JavaScript code]
t	lRb	1	53302	0.292	.css  [Cascading Style Sheets]
t	lRb	1	15514	0.100	[not listed: 6]
z	*FR	2009	06	30	04	42
z	*LR	2022	01	21	23	44
z	ScR	104	0.000	77698	0
z	ScR	0	0.000	0	1b-  10b
z	ScR	0	0.000	0	11b- 100b
z	ScR	66	0.010	80853	101b-  1kb
z	ScR	491	2.145	466275	1kb- 10kb
z	ScR	444	22.172	327719	10kb-100kb
z	ScR	209	45.362	61233	100kb-  1Mb
z	ScR	20	30.311	1506	1Mb- 10Mb
z	ScR	0	0.000	43	10Mb-100Mb
c	*FR	2014	03	02	13	52
c	*LR	2022	01	21	23	44
c	*f	0R	a
c	R	933166	200 OK
c	R	6628	206 Partial content
c	R	106	301 Document moved permanently
c	R	77	302 Document found elsewhere
c	R	75533	304 Not modified since last retrieval
c	R	731	400 Bad request
c	R	207	401 Authentication required
c	R	191	403 Access forbidden
c	R	411300	404 Document not found
c	R	938	405 Method not allowed
c	R	464	406 Document not acceptable to client
c	R	84	416 Requested range not valid
c	R	617	500 Internal server error
c	R	128	501 Request type not supported
I	*FR	2007	12	11	00	52
I	*LR	2022	01	21	23	11
I	*f	-30S	s
I	lRS	1	100214	152	/robots.txt
I	lRS	1	3064	14	/ads.txt
I	lRS	1	1826	13	/xmlrpc.php
I	lRS	1	6263	12	/wp-login.php
I	lRS	1	34	12	/indnews.html.
I	lRS	1	633	11	/.env
I	lRS	1	1057	7	/
I	lRS	1	185	7	/vendor/phpunit/phpunit/src/util/php/eval-stdin.php
I	lRS	1	823	4	/sitemap.xml
I	lRS	1	411	4	/config/aspcms_config.asp
I	lRS	1	639	4	/wordpress/
I	lRS	1	43	4	/inc/aspcms_advjs.asp
I	lRS	1	83	3	/sitemap.html
I	lRS	1	53	3	/wp-content/
I	lRS	1	79	2	/sitemap_index.xml
I	lRS	1	52	2	/phpmyadmin/
I	lRS	1	58	2	/website-sitemap.xml
I	lRS	1	379	1	/wp1/wp-includes/wlwmanifest.xml
I	lRS	1	363	1	/shop/wp-includes/wlwmanifest.xml
I	lRS	1	270	1	/2019/wp-includes/wlwmanifest.xml
I	lRS	1	45	1	/sites/default/files/
I	lRS	1	13	1	/sru.html/js/date.js
I	lRS	1	14	1	/sru.html/js/home.js
I	lRS	1	1	1	/searchreplace/index.php
I	lRS	1	278	1	/administrator/
I	lRS	1	1	1	/findreplace/
I	lRS	1	538	1	/wp-includes/wlwmanifest.xml
I	lRS	1	1	1	/1fed170.html
I	lRS	1	130	1	/search.php
I	lRS	1	1	1	/search-replace-db-master/
I	lRS	1	297103	50	[not listed: 21991]
L	*FR	2007	12	11	00	52
L	*LR	2022	01	21	23	11
L	*f	-20S	s
L	RS	42	23	40.77.167.98
L	RS	21	21	103.207.42.248
L	RS	18	18	188.166.208.188
L	RS	17	17	35.193.1.88
L	RS	16	13	171.25.193.78
L	RS	29	12	51.68.11.231
L	RS	143	12	157.90.182.26
L	RS	1552	10	216.244.66.229
L	RS	24	9	157.55.39.54
L	RS	5	5	18.212.7.11
L	RS	87	5	207.46.13.59
L	RS	4	4	49.89.127.240
L	RS	22	4	45.227.255.159
L	RS	4	4	114.106.180.36
L	RS	4	4	18.191.123.28
L	RS	15	4	173.231.60.197
L	RS	6	4	158.69.241.225
L	RS	3	3	20.115.3.185
L	RS	3	3	217.215.30.36
L	RS	7	3	66.249.66.72
L	RS	412638	141	[not listed: 75930]
K	*FR	2013	12	22	04	20
K	*LR	2022	01	21	18	57
K	*f	-30S	s
K	lRS	1	26	12	http://www.gtaeronautics.com/IndNews.html.
K	lRS	1	436	8	http://misc.yahoo.com.cn/
K	lRS	1	884	4	http://gtaeronautics.com/
K	lRS	1	1	1	http://gtaeronautics.com/pma/
K	lRS	1	3	1	http://gtaeronautics.com/phpmyadmin/
K	lRS	1	308	1	http://gtaeronautics.com/wp-login.php
K	lRS	1	1	1	http://gtaeronautics.com/phpMyAdmin/
K	lRS	1	62	1	http://gtaeronautics.com/administrator/
K	lRS	1	49907	0	[not listed: 4894]
E	*FR	2008	01	06	10	12
E	*LR	2021	09	24	12	44
E	*f	-30S	s
E	lSR	1	0	183	[not listed: 6]
l	*FR	2008	01	06	10	12
l	*LR	2021	09	24	12	44
l	*f	-20S	s
l	SR	0	183	[not listed: 101]
v	*f	-20B	b
v	Rb	657415	50.007	66.113.131.59
v	Rb	357912	49.993	64.41.87.40
R	*FR	2008	01	06	10	12
R	*LR	2021	09	24	12	44
R	*f	-20R	r
R	R	178	66.113.131.59
R	R	5	64.41.87.40
M	*FR	2007	12	11	00	52
M	*LR	2022	01	21	23	11
M	*f	-20R	r
M	R	302606	66.113.131.59
M	R	112054	64.41.87.40
J	*FR	2007	12	11	00	53
J	*LR	2017	03	17	18	30
J	*f	-20R	r
J	R	9	gtaeronautics
J	R	5	lorrigkj
J	R	1	rullma2063
J	R	1	administrator
J	R	1	satish
J	R	1	nnnnn
P	*FR	2021	07	23	10	02
P	*LR	2022	01	21	23	44
P	R	42	0
P	R	0	<= 0.01
P	R	634	0.01-0.02
P	R	29678	0.02-0.05
P	R	67481	0.05-0.1 
P	R	82789	0.1 -0.2 
P	R	83974	0.2 -0.5 
P	R	41843	0.5 -1   
P	R	23384	1-  2 
P	R	10190	2-  5 
P	R	6061	5- 10 
P	R	2515	10- 20 
P	R	8335	20- 60 
P	R	796	60-120 
P	R	165	120-300 
