x	VE	analog 5.24
x	HN	gtaeronautics.com
x	PS	2021	03	14	06	14
x	FR	2007	12	18	17	05
x	LR	2021	03	12	23	48
x	E7	2021	03	14	06	14
x	SR	927392
x	S7	1629
x	NC	377448
x	C7	0
x	FL	393913
x	F7	299
x	RR	179
x	R7	0
x	NH	82637
x	H7	333
x	BT	33941692828
x	B7	113091067
1	Rr	15645	1.687	2021
1	Rr	89380	9.638	2020
1	Rr	80088	8.636	2019
1	Rr	68927	7.432	2018
1	Rr	60168	6.488	2017
1	Rr	73316	7.906	2016
1	Rr	80796	8.712	2015
1	Rr	110773	11.945	2014
1	Rr	65173	7.028	2013
1	Rr	60742	6.550	2012
1	Rr	57015	6.148	2011
1	Rr	22139	2.387	2010
1	Rr	69710	7.517	2009
1	Rr	71820	7.744	2008
1	Rr	1700	0.183	2007
1	*BT	R	110773	2014
Q	Rr	15645	1.687	2021	1
Q	Rr	22199	2.394	2020	4
Q	Rr	23882	2.575	2020	3
Q	Rr	21656	2.335	2020	2
Q	Rr	21643	2.334	2020	1
Q	Rr	19098	2.059	2019	4
Q	Rr	19668	2.121	2019	3
Q	Rr	19827	2.138	2019	2
Q	Rr	21495	2.318	2019	1
Q	Rr	18129	1.955	2018	4
Q	Rr	17138	1.848	2018	3
Q	Rr	16928	1.825	2018	2
Q	Rr	16732	1.804	2018	1
Q	Rr	15937	1.718	2017	4
Q	Rr	0	0.000	2017	3
Q	Rr	16831	1.815	2017	2
Q	Rr	27400	2.955	2017	1
Q	Rr	22114	2.385	2016	4
Q	Rr	17621	1.900	2016	3
Q	Rr	15878	1.712	2016	2
Q	Rr	17703	1.909	2016	1
Q	Rr	16575	1.787	2015	4
Q	Rr	22104	2.383	2015	3
Q	Rr	22485	2.425	2015	2
Q	Rr	19632	2.117	2015	1
Q	Rr	21142	2.280	2014	4
Q	Rr	22272	2.402	2014	3
Q	Rr	31453	3.392	2014	2
Q	Rr	35906	3.872	2014	1
Q	Rr	16436	1.772	2013	4
Q	Rr	15216	1.641	2013	3
Q	Rr	16545	1.784	2013	2
Q	Rr	16976	1.831	2013	1
Q	Rr	16578	1.788	2012	4
Q	Rr	12511	1.349	2012	3
Q	Rr	15816	1.705	2012	2
Q	Rr	15837	1.708	2012	1
Q	Rr	15444	1.665	2011	4
Q	Rr	17386	1.875	2011	3
Q	Rr	9395	1.013	2011	2
Q	Rr	14790	1.595	2011	1
Q	Rr	1603	0.173	2010	4
Q	Rr	0	0.000	2010	3
Q	Rr	14047	1.515	2010	2
Q	Rr	6489	0.700	2010	1
Q	Rr	16350	1.763	2009	4
Q	Rr	18220	1.965	2009	3
Q	Rr	17115	1.845	2009	2
Q	Rr	18025	1.944	2009	1
Q	Rr	15905	1.715	2008	4
Q	Rr	15660	1.689	2008	3
Q	Rr	22448	2.421	2008	2
Q	Rr	17807	1.920	2008	1
Q	Rr	1700	0.183	2007	4
Q	*BT	R	35906	2014	1
m	Rr	3331	0.359	2021	03
m	Rr	5800	0.625	2021	02
m	Rr	6514	0.702	2021	01
m	Rr	8069	0.870	2020	12
m	Rr	6579	0.709	2020	11
m	Rr	7551	0.814	2020	10
m	Rr	8028	0.866	2020	09
m	Rr	7741	0.835	2020	08
m	Rr	8113	0.875	2020	07
m	Rr	7317	0.789	2020	06
m	Rr	6898	0.744	2020	05
m	Rr	7441	0.802	2020	04
m	Rr	7524	0.811	2020	03
m	Rr	7322	0.790	2020	02
m	Rr	6797	0.733	2020	01
m	Rr	6573	0.709	2019	12
m	Rr	5917	0.638	2019	11
m	Rr	6608	0.713	2019	10
m	Rr	6791	0.732	2019	09
m	Rr	6597	0.711	2019	08
m	Rr	6280	0.677	2019	07
m	Rr	6317	0.681	2019	06
m	Rr	6847	0.738	2019	05
m	Rr	6663	0.718	2019	04
m	Rr	7059	0.761	2019	03
m	Rr	6374	0.687	2019	02
m	Rr	8062	0.869	2019	01
m	Rr	6957	0.750	2018	12
m	Rr	5422	0.585	2018	11
m	Rr	5750	0.620	2018	10
m	Rr	5458	0.589	2018	09
m	Rr	5735	0.618	2018	08
m	Rr	5945	0.641	2018	07
m	Rr	7110	0.767	2018	06
m	Rr	6440	0.694	2018	05
m	Rr	3378	0.364	2018	04
m	Rr	5789	0.624	2018	03
m	Rr	5369	0.579	2018	02
m	Rr	5574	0.601	2018	01
m	Rr	3906	0.421	2017	12
m	Rr	6533	0.704	2017	11
m	Rr	5498	0.593	2017	10
m	Rr	0	0.000	2017	09
m	Rr	0	0.000	2017	08
m	Rr	0	0.000	2017	07
m	Rr	0	0.000	2017	06
m	Rr	6832	0.737	2017	05
m	Rr	9999	1.078	2017	04
m	Rr	11887	1.282	2017	03
m	Rr	7941	0.856	2017	02
m	Rr	7572	0.816	2017	01
m	Rr	9483	1.023	2016	12
m	Rr	7121	0.768	2016	11
m	Rr	5510	0.594	2016	10
m	Rr	6288	0.678	2016	09
m	Rr	5888	0.635	2016	08
m	Rr	5445	0.587	2016	07
m	Rr	5042	0.544	2016	06
m	Rr	5495	0.593	2016	05
m	Rr	5341	0.576	2016	04
m	Rr	5558	0.599	2016	03
m	Rr	5548	0.598	2016	02
m	Rr	6597	0.711	2016	01
m	Rr	5574	0.601	2015	12
m	Rr	5330	0.575	2015	11
m	Rr	5671	0.611	2015	10
m	Rr	6196	0.668	2015	09
m	Rr	6788	0.732	2015	08
m	Rr	9120	0.983	2015	07
m	Rr	7156	0.772	2015	06
m	Rr	5694	0.614	2015	05
m	Rr	9635	1.039	2015	04
m	Rr	6215	0.670	2015	03
m	Rr	6084	0.656	2015	02
m	Rr	7333	0.791	2015	01
m	Rr	6608	0.713	2014	12
m	Rr	6997	0.754	2014	11
m	Rr	7537	0.813	2014	10
m	Rr	7043	0.759	2014	09
m	Rr	7324	0.790	2014	08
m	Rr	7905	0.852	2014	07
m	Rr	11654	1.257	2014	06
m	Rr	9211	0.993	2014	05
m	Rr	10588	1.142	2014	04
m	Rr	7817	0.843	2014	03
m	Rr	15229	1.642	2014	02
m	Rr	12860	1.387	2014	01
m	Rr	5325	0.574	2013	12
m	Rr	5513	0.594	2013	11
m	Rr	5598	0.604	2013	10
m	Rr	4655	0.502	2013	09
m	Rr	4938	0.532	2013	08
m	Rr	5623	0.606	2013	07
m	Rr	5492	0.592	2013	06
m	Rr	5211	0.562	2013	05
m	Rr	5842	0.630	2013	04
m	Rr	6068	0.654	2013	03
m	Rr	5055	0.545	2013	02
m	Rr	5853	0.631	2013	01
m	Rr	5688	0.613	2012	12
m	Rr	5477	0.591	2012	11
m	Rr	5413	0.584	2012	10
m	Rr	4331	0.467	2012	09
m	Rr	3866	0.417	2012	08
m	Rr	4314	0.465	2012	07
m	Rr	4655	0.502	2012	06
m	Rr	6047	0.652	2012	05
m	Rr	5114	0.551	2012	04
m	Rr	6128	0.661	2012	03
m	Rr	5430	0.586	2012	02
m	Rr	4279	0.461	2012	01
m	Rr	5548	0.598	2011	12
m	Rr	4779	0.515	2011	11
m	Rr	5117	0.552	2011	10
m	Rr	5431	0.586	2011	09
m	Rr	6256	0.675	2011	08
m	Rr	5699	0.615	2011	07
m	Rr	5420	0.584	2011	06
m	Rr	3975	0.429	2011	05
m	Rr	0	0.000	2011	04
m	Rr	3608	0.389	2011	03
m	Rr	5171	0.558	2011	02
m	Rr	6011	0.648	2011	01
m	Rr	1603	0.173	2010	12
m	Rr	0	0.000	2010	11
m	Rr	0	0.000	2010	10
m	Rr	0	0.000	2010	09
m	Rr	0	0.000	2010	08
m	Rr	0	0.000	2010	07
m	Rr	4101	0.442	2010	06
m	Rr	5018	0.541	2010	05
m	Rr	4928	0.531	2010	04
m	Rr	5095	0.549	2010	03
m	Rr	1394	0.150	2010	02
m	Rr	0	0.000	2010	01
m	Rr	4665	0.503	2009	12
m	Rr	6187	0.667	2009	11
m	Rr	5498	0.593	2009	10
m	Rr	5066	0.546	2009	09
m	Rr	5718	0.617	2009	08
m	Rr	7436	0.802	2009	07
m	Rr	5685	0.613	2009	06
m	Rr	6120	0.660	2009	05
m	Rr	5310	0.573	2009	04
m	Rr	5515	0.595	2009	03
m	Rr	6123	0.660	2009	02
m	Rr	6387	0.689	2009	01
m	Rr	5763	0.621	2008	12
m	Rr	5420	0.584	2008	11
m	Rr	4722	0.509	2008	10
m	Rr	5435	0.586	2008	09
m	Rr	4843	0.522	2008	08
m	Rr	5382	0.580	2008	07
m	Rr	6082	0.656	2008	06
m	Rr	9946	1.072	2008	05
m	Rr	6420	0.692	2008	04
m	Rr	5431	0.586	2008	03
m	Rr	6469	0.698	2008	02
m	Rr	5907	0.637	2008	01
m	Rr	1700	0.183	2007	12
m	*BT	R	15229	2014	02
W	Rr	1713	0.185	2021	03	07
W	Rr	1777	0.192	2021	02	28
W	Rr	1173	0.126	2021	02	21
W	Rr	1101	0.119	2021	02	14
W	Rr	1699	0.183	2021	02	07
W	Rr	1867	0.201	2021	01	31
W	Rr	1404	0.151	2021	01	24
W	Rr	1564	0.169	2021	01	17
W	Rr	1431	0.154	2021	01	10
W	Rr	1666	0.180	2021	01	03
W	Rr	1926	0.208	2020	12	27
W	Rr	1572	0.170	2020	12	20
W	Rr	1404	0.151	2020	12	13
W	Rr	2272	0.245	2020	12	06
W	Rr	1522	0.164	2020	11	29
W	Rr	1722	0.186	2020	11	22
W	Rr	1580	0.170	2020	11	15
W	Rr	1401	0.151	2020	11	08
W	Rr	1499	0.162	2020	11	01
W	Rr	1470	0.159	2020	10	25
W	Rr	2379	0.257	2020	10	18
W	Rr	1559	0.168	2020	10	11
W	Rr	1729	0.186	2020	10	04
W	Rr	1674	0.181	2020	09	27
W	Rr	1786	0.193	2020	09	20
W	Rr	2200	0.237	2020	09	13
W	Rr	1677	0.181	2020	09	06
W	Rr	1596	0.172	2020	08	30
W	Rr	1833	0.198	2020	08	23
W	Rr	1814	0.196	2020	08	16
W	Rr	2206	0.238	2020	08	09
W	Rr	1397	0.151	2020	08	02
W	Rr	1816	0.196	2020	07	26
W	Rr	1949	0.210	2020	07	19
W	Rr	1532	0.165	2020	07	12
W	Rr	1976	0.213	2020	07	05
W	Rr	1600	0.173	2020	06	28
W	Rr	1627	0.175	2020	06	21
W	Rr	2101	0.227	2020	06	14
W	Rr	1590	0.171	2020	06	07
W	Rr	1492	0.161	2020	05	31
W	Rr	1556	0.168	2020	05	24
W	Rr	1756	0.189	2020	05	17
W	Rr	1568	0.169	2020	05	10
W	Rr	1567	0.169	2020	05	03
W	Rr	1734	0.187	2020	04	26
W	Rr	1675	0.181	2020	04	19
W	Rr	1702	0.184	2020	04	12
W	Rr	1965	0.212	2020	04	05
W	Rr	1329	0.143	2020	03	29
W	Rr	1818	0.196	2020	03	22
W	Rr	1345	0.145	2020	03	15
W	Rr	1581	0.170	2020	03	08
W	Rr	2014	0.217	2020	03	01
W	Rr	1942	0.209	2020	02	23
W	Rr	1748	0.188	2020	02	16
W	Rr	1949	0.210	2020	02	09
W	Rr	1683	0.181	2020	02	02
W	Rr	1436	0.155	2020	01	26
W	Rr	1792	0.193	2020	01	19
W	Rr	1519	0.164	2020	01	12
W	Rr	1420	0.153	2020	01	05
W	Rr	1109	0.120	2019	12	29
W	Rr	1023	0.110	2019	12	22
W	Rr	1584	0.171	2019	12	15
W	Rr	1783	0.192	2019	12	08
W	Rr	1704	0.184	2019	12	01
W	Rr	1178	0.127	2019	11	24
W	Rr	1697	0.183	2019	11	17
W	Rr	1510	0.163	2019	11	10
W	Rr	1383	0.149	2019	11	03
W	Rr	1309	0.141	2019	10	27
W	Rr	1473	0.159	2019	10	20
W	Rr	1519	0.164	2019	10	13
W	Rr	1485	0.160	2019	10	06
W	Rr	1416	0.153	2019	09	29
W	Rr	1499	0.162	2019	09	22
W	Rr	1652	0.178	2019	09	15
W	Rr	1710	0.184	2019	09	08
W	Rr	1485	0.160	2019	09	01
W	Rr	1689	0.182	2019	08	25
W	Rr	1315	0.142	2019	08	18
W	Rr	1619	0.175	2019	08	11
W	Rr	1558	0.168	2019	08	04
W	Rr	1360	0.147	2019	07	28
W	Rr	1191	0.128	2019	07	21
W	Rr	1730	0.187	2019	07	14
W	Rr	1299	0.140	2019	07	07
W	Rr	1339	0.144	2019	06	30
W	Rr	1592	0.172	2019	06	23
W	Rr	1497	0.161	2019	06	16
W	Rr	1450	0.156	2019	06	09
W	Rr	1555	0.168	2019	06	02
W	Rr	1289	0.139	2019	05	26
W	Rr	1863	0.201	2019	05	19
W	Rr	1385	0.149	2019	05	12
W	Rr	1553	0.167	2019	05	05
W	Rr	1655	0.178	2019	04	28
W	Rr	1282	0.138	2019	04	21
W	Rr	1503	0.162	2019	04	14
W	Rr	1623	0.175	2019	04	07
W	Rr	1715	0.185	2019	03	31
W	Rr	1882	0.203	2019	03	24
W	Rr	1464	0.158	2019	03	17
W	Rr	1381	0.149	2019	03	10
W	Rr	1627	0.175	2019	03	03
W	Rr	1773	0.191	2019	02	24
W	Rr	1669	0.180	2019	02	17
W	Rr	1483	0.160	2019	02	10
W	Rr	1391	0.150	2019	02	03
W	Rr	1797	0.194	2019	01	27
W	Rr	1963	0.212	2019	01	20
W	Rr	2029	0.219	2019	01	13
W	Rr	1696	0.183	2019	01	06
W	Rr	1526	0.165	2018	12	30
W	Rr	1226	0.132	2018	12	23
W	Rr	1442	0.155	2018	12	16
W	Rr	1936	0.209	2018	12	09
W	Rr	1809	0.195	2018	12	02
W	Rr	1295	0.140	2018	11	25
W	Rr	1820	0.196	2018	11	18
W	Rr	1802	0.194	2018	11	11
W	Rr	0	0.000	2018	11	04
W	Rr	1473	0.159	2018	10	28
W	Rr	1106	0.119	2018	10	21
W	Rr	1427	0.154	2018	10	14
W	Rr	1214	0.131	2018	10	07
W	Rr	1168	0.126	2018	09	30
W	Rr	1420	0.153	2018	09	23
W	Rr	1197	0.129	2018	09	16
W	Rr	1388	0.150	2018	09	09
W	Rr	1320	0.142	2018	09	02
W	Rr	1246	0.134	2018	08	26
W	Rr	1214	0.131	2018	08	19
W	Rr	1366	0.147	2018	08	12
W	Rr	1195	0.129	2018	08	05
W	Rr	1346	0.145	2018	07	29
W	Rr	1374	0.148	2018	07	22
W	Rr	1508	0.163	2018	07	15
W	Rr	1522	0.164	2018	07	08
W	Rr	909	0.098	2018	07	01
W	Rr	1444	0.156	2018	06	24
W	Rr	2682	0.289	2018	06	17
W	Rr	1365	0.147	2018	06	10
W	Rr	1329	0.143	2018	06	03
W	Rr	1275	0.137	2018	05	27
W	Rr	1392	0.150	2018	05	20
W	Rr	1321	0.142	2018	05	13
W	Rr	1527	0.165	2018	05	06
W	Rr	1517	0.164	2018	04	29
W	Rr	0	0.000	2018	04	22
W	Rr	1364	0.147	2018	04	15
W	Rr	1712	0.185	2018	04	08
W	Rr	0	0.000	2018	04	01
W	Rr	1543	0.166	2018	03	25
W	Rr	1342	0.145	2018	03	18
W	Rr	2429	0.262	2018	03	11
W	Rr	0	0.000	2018	03	04
W	Rr	1366	0.147	2018	02	25
W	Rr	1308	0.141	2018	02	18
W	Rr	1439	0.155	2018	02	11
W	Rr	1731	0.187	2018	02	04
W	Rr	0	0.000	2018	01	28
W	Rr	1434	0.155	2018	01	21
W	Rr	1578	0.170	2018	01	14
W	Rr	1471	0.159	2018	01	07
W	Rr	1246	0.134	2017	12	31
W	Rr	1033	0.111	2017	12	24
W	Rr	1103	0.119	2017	12	17
W	Rr	1406	0.152	2017	12	10
W	Rr	0	0.000	2017	12	03
W	Rr	1335	0.144	2017	11	26
W	Rr	1427	0.154	2017	11	19
W	Rr	1662	0.179	2017	11	12
W	Rr	1414	0.152	2017	11	05
W	Rr	1349	0.145	2017	10	29
W	Rr	1208	0.130	2017	10	22
W	Rr	2013	0.217	2017	10	15
W	Rr	1832	0.198	2017	10	08
W	Rr	0	0.000	2017	10	01
W	Rr	0	0.000	2017	09	24
W	Rr	0	0.000	2017	09	17
W	Rr	0	0.000	2017	09	10
W	Rr	0	0.000	2017	09	03
W	Rr	0	0.000	2017	08	27
W	Rr	0	0.000	2017	08	20
W	Rr	0	0.000	2017	08	13
W	Rr	0	0.000	2017	08	06
W	Rr	0	0.000	2017	07	30
W	Rr	0	0.000	2017	07	23
W	Rr	0	0.000	2017	07	16
W	Rr	0	0.000	2017	07	09
W	Rr	0	0.000	2017	07	02
W	Rr	0	0.000	2017	06	25
W	Rr	0	0.000	2017	06	18
W	Rr	0	0.000	2017	06	11
W	Rr	0	0.000	2017	06	04
W	Rr	25	0.003	2017	05	28
W	Rr	1838	0.198	2017	05	21
W	Rr	1915	0.206	2017	05	14
W	Rr	1676	0.181	2017	05	07
W	Rr	1677	0.181	2017	04	30
W	Rr	2071	0.223	2017	04	23
W	Rr	1978	0.213	2017	04	16
W	Rr	1874	0.202	2017	04	09
W	Rr	3435	0.370	2017	04	02
W	Rr	2619	0.282	2017	03	26
W	Rr	2633	0.284	2017	03	19
W	Rr	2413	0.260	2017	03	12
W	Rr	3092	0.333	2017	03	05
W	Rr	2295	0.247	2017	02	26
W	Rr	2204	0.238	2017	02	19
W	Rr	1869	0.202	2017	02	12
W	Rr	1973	0.213	2017	02	05
W	Rr	1783	0.192	2017	01	29
W	Rr	1768	0.191	2017	01	22
W	Rr	1585	0.171	2017	01	15
W	Rr	1768	0.191	2017	01	08
W	Rr	1740	0.188	2017	01	01
W	Rr	1549	0.167	2016	12	25
W	Rr	2202	0.237	2016	12	18
W	Rr	1812	0.195	2016	12	11
W	Rr	2648	0.286	2016	12	04
W	Rr	2236	0.241	2016	11	27
W	Rr	1321	0.142	2016	11	20
W	Rr	1996	0.215	2016	11	13
W	Rr	1716	0.185	2016	11	06
W	Rr	1564	0.169	2016	10	30
W	Rr	1362	0.147	2016	10	23
W	Rr	1707	0.184	2016	10	16
W	Rr	1696	0.183	2016	10	09
W	Rr	36	0.004	2016	10	02
W	Rr	2002	0.216	2016	09	25
W	Rr	1399	0.151	2016	09	18
W	Rr	1199	0.129	2016	09	11
W	Rr	1326	0.143	2016	09	04
W	Rr	1316	0.142	2016	08	28
W	Rr	1257	0.136	2016	08	21
W	Rr	1208	0.130	2016	08	14
W	Rr	1602	0.173	2016	08	07
W	Rr	1319	0.142	2016	07	31
W	Rr	1796	0.194	2016	07	24
W	Rr	1171	0.126	2016	07	17
W	Rr	1167	0.126	2016	07	10
W	Rr	917	0.099	2016	07	03
W	Rr	920	0.099	2016	06	26
W	Rr	1179	0.127	2016	06	19
W	Rr	1288	0.139	2016	06	12
W	Rr	1237	0.133	2016	06	05
W	Rr	1263	0.136	2016	05	29
W	Rr	1338	0.144	2016	05	22
W	Rr	1184	0.128	2016	05	15
W	Rr	1365	0.147	2016	05	08
W	Rr	974	0.105	2016	05	01
W	Rr	1311	0.141	2016	04	24
W	Rr	1127	0.122	2016	04	17
W	Rr	1248	0.135	2016	04	10
W	Rr	1451	0.156	2016	04	03
W	Rr	987	0.106	2016	03	27
W	Rr	1233	0.133	2016	03	20
W	Rr	1347	0.145	2016	03	13
W	Rr	1347	0.145	2016	03	06
W	Rr	1236	0.133	2016	02	28
W	Rr	1422	0.153	2016	02	21
W	Rr	1085	0.117	2016	02	14
W	Rr	1427	0.154	2016	02	07
W	Rr	1359	0.147	2016	01	31
W	Rr	1708	0.184	2016	01	24
W	Rr	1476	0.159	2016	01	17
W	Rr	1563	0.169	2016	01	10
W	Rr	1381	0.149	2016	01	03
W	Rr	1273	0.137	2015	12	27
W	Rr	1084	0.117	2015	12	20
W	Rr	1344	0.145	2015	12	13
W	Rr	1336	0.144	2015	12	06
W	Rr	1123	0.121	2015	11	29
W	Rr	960	0.104	2015	11	22
W	Rr	1337	0.144	2015	11	15
W	Rr	1400	0.151	2015	11	08
W	Rr	1383	0.149	2015	11	01
W	Rr	1250	0.135	2015	10	25
W	Rr	1366	0.147	2015	10	18
W	Rr	1367	0.147	2015	10	11
W	Rr	1214	0.131	2015	10	04
W	Rr	1152	0.124	2015	09	27
W	Rr	1387	0.150	2015	09	20
W	Rr	1655	0.178	2015	09	13
W	Rr	1526	0.165	2015	09	06
W	Rr	1242	0.134	2015	08	30
W	Rr	1800	0.194	2015	08	23
W	Rr	1527	0.165	2015	08	16
W	Rr	1386	0.149	2015	08	09
W	Rr	1593	0.172	2015	08	02
W	Rr	1567	0.169	2015	07	26
W	Rr	1980	0.214	2015	07	19
W	Rr	2180	0.235	2015	07	12
W	Rr	2008	0.217	2015	07	05
W	Rr	2297	0.248	2015	06	28
W	Rr	1556	0.168	2015	06	21
W	Rr	1380	0.149	2015	06	14
W	Rr	2013	0.217	2015	06	07
W	Rr	1651	0.178	2015	05	31
W	Rr	1224	0.132	2015	05	24
W	Rr	1355	0.146	2015	05	17
W	Rr	1179	0.127	2015	05	10
W	Rr	1436	0.155	2015	05	03
W	Rr	1671	0.180	2015	04	26
W	Rr	1878	0.203	2015	04	19
W	Rr	2326	0.251	2015	04	12
W	Rr	2636	0.284	2015	04	05
W	Rr	2297	0.248	2015	03	29
W	Rr	1237	0.133	2015	03	22
W	Rr	1453	0.157	2015	03	15
W	Rr	1399	0.151	2015	03	08
W	Rr	1287	0.139	2015	03	01
W	Rr	1249	0.135	2015	02	22
W	Rr	1373	0.148	2015	02	15
W	Rr	1790	0.193	2015	02	08
W	Rr	1672	0.180	2015	02	01
W	Rr	1543	0.166	2015	01	25
W	Rr	1463	0.158	2015	01	18
W	Rr	1696	0.183	2015	01	11
W	Rr	1707	0.184	2015	01	04
W	Rr	1833	0.198	2014	12	28
W	Rr	1335	0.144	2014	12	21
W	Rr	1644	0.177	2014	12	14
W	Rr	1541	0.166	2014	12	07
W	Rr	1335	0.144	2014	11	30
W	Rr	1262	0.136	2014	11	23
W	Rr	2009	0.217	2014	11	16
W	Rr	1566	0.169	2014	11	09
W	Rr	1814	0.196	2014	11	02
W	Rr	1452	0.157	2014	10	26
W	Rr	1642	0.177	2014	10	19
W	Rr	1795	0.194	2014	10	12
W	Rr	1836	0.198	2014	10	05
W	Rr	1662	0.179	2014	09	28
W	Rr	1843	0.199	2014	09	21
W	Rr	1678	0.181	2014	09	14
W	Rr	1598	0.172	2014	09	07
W	Rr	1418	0.153	2014	08	31
W	Rr	1584	0.171	2014	08	24
W	Rr	1571	0.169	2014	08	17
W	Rr	1727	0.186	2014	08	10
W	Rr	1927	0.208	2014	08	03
W	Rr	1691	0.182	2014	07	27
W	Rr	1702	0.184	2014	07	20
W	Rr	1624	0.175	2014	07	13
W	Rr	1831	0.197	2014	07	06
W	Rr	1867	0.201	2014	06	29
W	Rr	1927	0.208	2014	06	22
W	Rr	2134	0.230	2014	06	15
W	Rr	4851	0.523	2014	06	08
W	Rr	2293	0.247	2014	06	01
W	Rr	3180	0.343	2014	05	25
W	Rr	1468	0.158	2014	05	18
W	Rr	1808	0.195	2014	05	11
W	Rr	1998	0.215	2014	05	04
W	Rr	1876	0.202	2014	04	27
W	Rr	2330	0.251	2014	04	20
W	Rr	2565	0.277	2014	04	13
W	Rr	2652	0.286	2014	04	06
W	Rr	2574	0.278	2014	03	30
W	Rr	1186	0.128	2014	03	23
W	Rr	1305	0.141	2014	03	16
W	Rr	2273	0.245	2014	03	09
W	Rr	2231	0.241	2014	03	02
W	Rr	1925	0.208	2014	02	23
W	Rr	7060	0.761	2014	02	16
W	Rr	2854	0.308	2014	02	09
W	Rr	3190	0.344	2014	02	02
W	Rr	3743	0.404	2014	01	26
W	Rr	3643	0.393	2014	01	19
W	Rr	2961	0.319	2014	01	12
W	Rr	2319	0.250	2014	01	05
W	Rr	981	0.106	2013	12	29
W	Rr	1108	0.119	2013	12	22
W	Rr	1226	0.132	2013	12	15
W	Rr	1285	0.139	2013	12	08
W	Rr	1289	0.139	2013	12	01
W	Rr	1404	0.151	2013	11	24
W	Rr	1142	0.123	2013	11	17
W	Rr	1334	0.144	2013	11	10
W	Rr	1277	0.138	2013	11	03
W	Rr	1035	0.112	2013	10	27
W	Rr	1309	0.141	2013	10	20
W	Rr	1302	0.140	2013	10	13
W	Rr	1432	0.154	2013	10	06
W	Rr	1178	0.127	2013	09	29
W	Rr	947	0.102	2013	09	22
W	Rr	1254	0.135	2013	09	15
W	Rr	1099	0.119	2013	09	08
W	Rr	1053	0.114	2013	09	01
W	Rr	1010	0.109	2013	08	25
W	Rr	1102	0.119	2013	08	18
W	Rr	1063	0.115	2013	08	11
W	Rr	1105	0.119	2013	08	04
W	Rr	1377	0.148	2013	07	28
W	Rr	1498	0.162	2013	07	21
W	Rr	1295	0.140	2013	07	14
W	Rr	1237	0.133	2013	07	07
W	Rr	1003	0.108	2013	06	30
W	Rr	1275	0.137	2013	06	23
W	Rr	1072	0.116	2013	06	16
W	Rr	1249	0.135	2013	06	09
W	Rr	1521	0.164	2013	06	02
W	Rr	1256	0.135	2013	05	26
W	Rr	1091	0.118	2013	05	19
W	Rr	1359	0.147	2013	05	12
W	Rr	1130	0.122	2013	05	05
W	Rr	1215	0.131	2013	04	28
W	Rr	1368	0.148	2013	04	21
W	Rr	1318	0.142	2013	04	14
W	Rr	1408	0.152	2013	04	07
W	Rr	1277	0.138	2013	03	31
W	Rr	1452	0.157	2013	03	24
W	Rr	1418	0.153	2013	03	17
W	Rr	1217	0.131	2013	03	10
W	Rr	1490	0.161	2013	03	03
W	Rr	1353	0.146	2013	02	24
W	Rr	1268	0.137	2013	02	17
W	Rr	1274	0.137	2013	02	10
W	Rr	1153	0.124	2013	02	03
W	Rr	1266	0.137	2013	01	27
W	Rr	1271	0.137	2013	01	20
W	Rr	1449	0.156	2013	01	13
W	Rr	1253	0.135	2013	01	06
W	Rr	1309	0.141	2012	12	30
W	Rr	1156	0.125	2012	12	23
W	Rr	1336	0.144	2012	12	16
W	Rr	1575	0.170	2012	12	09
W	Rr	1087	0.117	2012	12	02
W	Rr	1376	0.148	2012	11	25
W	Rr	1136	0.122	2012	11	18
W	Rr	1341	0.145	2012	11	11
W	Rr	1418	0.153	2012	11	04
W	Rr	1103	0.119	2012	10	28
W	Rr	1200	0.129	2012	10	21
W	Rr	1382	0.149	2012	10	14
W	Rr	1127	0.122	2012	10	07
W	Rr	1187	0.128	2012	09	30
W	Rr	1172	0.126	2012	09	23
W	Rr	1034	0.111	2012	09	16
W	Rr	944	0.102	2012	09	09
W	Rr	958	0.103	2012	09	02
W	Rr	734	0.079	2012	08	26
W	Rr	881	0.095	2012	08	19
W	Rr	874	0.094	2012	08	12
W	Rr	973	0.105	2012	08	05
W	Rr	1010	0.109	2012	07	29
W	Rr	943	0.102	2012	07	22
W	Rr	1089	0.117	2012	07	15
W	Rr	888	0.096	2012	07	08
W	Rr	845	0.091	2012	07	01
W	Rr	1070	0.115	2012	06	24
W	Rr	1050	0.113	2012	06	17
W	Rr	1271	0.137	2012	06	10
W	Rr	957	0.103	2012	06	03
W	Rr	1249	0.135	2012	05	27
W	Rr	1055	0.114	2012	05	20
W	Rr	1392	0.150	2012	05	13
W	Rr	1140	0.123	2012	05	06
W	Rr	1807	0.195	2012	04	29
W	Rr	1225	0.132	2012	04	22
W	Rr	1264	0.136	2012	04	15
W	Rr	1075	0.116	2012	04	08
W	Rr	1261	0.136	2012	04	01
W	Rr	1345	0.145	2012	03	25
W	Rr	1254	0.135	2012	03	18
W	Rr	1478	0.159	2012	03	11
W	Rr	1503	0.162	2012	03	04
W	Rr	1532	0.165	2012	02	26
W	Rr	1464	0.158	2012	02	19
W	Rr	1154	0.124	2012	02	12
W	Rr	1240	0.134	2012	02	05
W	Rr	1088	0.117	2012	01	29
W	Rr	1125	0.121	2012	01	22
W	Rr	60	0.006	2012	01	15
W	Rr	1472	0.159	2012	01	08
W	Rr	1122	0.121	2012	01	01
W	Rr	888	0.096	2011	12	25
W	Rr	1360	0.147	2011	12	18
W	Rr	1486	0.160	2011	12	11
W	Rr	1330	0.143	2011	12	04
W	Rr	1094	0.118	2011	11	27
W	Rr	1062	0.115	2011	11	20
W	Rr	1123	0.121	2011	11	13
W	Rr	975	0.105	2011	11	06
W	Rr	1264	0.136	2011	10	30
W	Rr	1140	0.123	2011	10	23
W	Rr	1211	0.131	2011	10	16
W	Rr	1236	0.133	2011	10	09
W	Rr	1128	0.122	2011	10	02
W	Rr	1083	0.117	2011	09	25
W	Rr	1451	0.156	2011	09	18
W	Rr	1278	0.138	2011	09	11
W	Rr	1219	0.131	2011	09	04
W	Rr	1316	0.142	2011	08	28
W	Rr	1119	0.121	2011	08	21
W	Rr	1484	0.160	2011	08	14
W	Rr	1671	0.180	2011	08	07
W	Rr	1319	0.142	2011	07	31
W	Rr	1197	0.129	2011	07	24
W	Rr	1504	0.162	2011	07	17
W	Rr	1367	0.147	2011	07	10
W	Rr	1205	0.130	2011	07	03
W	Rr	1333	0.144	2011	06	26
W	Rr	1059	0.114	2011	06	19
W	Rr	1353	0.146	2011	06	12
W	Rr	1275	0.137	2011	06	05
W	Rr	983	0.106	2011	05	29
W	Rr	1262	0.136	2011	05	22
W	Rr	1374	0.148	2011	05	15
W	Rr	1076	0.116	2011	05	08
W	Rr	0	0.000	2011	05	01
W	Rr	0	0.000	2011	04	24
W	Rr	0	0.000	2011	04	17
W	Rr	0	0.000	2011	04	10
W	Rr	0	0.000	2011	04	03
W	Rr	0	0.000	2011	03	27
W	Rr	24	0.003	2011	03	20
W	Rr	1317	0.142	2011	03	13
W	Rr	1258	0.136	2011	03	06
W	Rr	1372	0.148	2011	02	27
W	Rr	1226	0.132	2011	02	20
W	Rr	1524	0.164	2011	02	13
W	Rr	1366	0.147	2011	02	06
W	Rr	958	0.103	2011	01	30
W	Rr	1273	0.137	2011	01	23
W	Rr	1560	0.168	2011	01	16
W	Rr	1472	0.159	2011	01	09
W	Rr	1310	0.141	2011	01	02
W	Rr	798	0.086	2010	12	26
W	Rr	935	0.101	2010	12	19
W	Rr	0	0.000	2010	12	12
W	Rr	0	0.000	2010	12	05
W	Rr	0	0.000	2010	11	28
W	Rr	0	0.000	2010	11	21
W	Rr	0	0.000	2010	11	14
W	Rr	0	0.000	2010	11	07
W	Rr	0	0.000	2010	10	31
W	Rr	0	0.000	2010	10	24
W	Rr	0	0.000	2010	10	17
W	Rr	0	0.000	2010	10	10
W	Rr	0	0.000	2010	10	03
W	Rr	0	0.000	2010	09	26
W	Rr	0	0.000	2010	09	19
W	Rr	0	0.000	2010	09	12
W	Rr	0	0.000	2010	09	05
W	Rr	0	0.000	2010	08	29
W	Rr	0	0.000	2010	08	22
W	Rr	0	0.000	2010	08	15
W	Rr	0	0.000	2010	08	08
W	Rr	0	0.000	2010	08	01
W	Rr	0	0.000	2010	07	25
W	Rr	0	0.000	2010	07	18
W	Rr	0	0.000	2010	07	11
W	Rr	0	0.000	2010	07	04
W	Rr	15	0.002	2010	06	27
W	Rr	914	0.099	2010	06	20
W	Rr	1104	0.119	2010	06	13
W	Rr	1096	0.118	2010	06	06
W	Rr	1171	0.126	2010	05	30
W	Rr	1115	0.120	2010	05	23
W	Rr	1170	0.126	2010	05	16
W	Rr	1334	0.144	2010	05	09
W	Rr	1109	0.120	2010	05	02
W	Rr	1067	0.115	2010	04	25
W	Rr	1212	0.131	2010	04	18
W	Rr	1054	0.114	2010	04	11
W	Rr	1325	0.143	2010	04	04
W	Rr	811	0.087	2010	03	28
W	Rr	1195	0.129	2010	03	21
W	Rr	1338	0.144	2010	03	14
W	Rr	1113	0.120	2010	03	07
W	Rr	1103	0.119	2010	02	28
W	Rr	1290	0.139	2010	02	21
W	Rr	0	0.000	2010	02	14
W	Rr	0	0.000	2010	02	07
W	Rr	0	0.000	2010	01	31
W	Rr	0	0.000	2010	01	24
W	Rr	0	0.000	2010	01	17
W	Rr	0	0.000	2010	01	10
W	Rr	0	0.000	2010	01	03
W	Rr	78	0.008	2009	12	27
W	Rr	945	0.102	2009	12	20
W	Rr	1140	0.123	2009	12	13
W	Rr	1323	0.143	2009	12	06
W	Rr	1518	0.164	2009	11	29
W	Rr	1352	0.146	2009	11	22
W	Rr	1346	0.145	2009	11	15
W	Rr	1416	0.153	2009	11	08
W	Rr	1734	0.187	2009	11	01
W	Rr	1035	0.112	2009	10	25
W	Rr	1297	0.140	2009	10	18
W	Rr	1267	0.137	2009	10	11
W	Rr	1440	0.155	2009	10	04
W	Rr	1521	0.164	2009	09	27
W	Rr	1121	0.121	2009	09	20
W	Rr	875	0.094	2009	09	13
W	Rr	1032	0.111	2009	09	06
W	Rr	1283	0.138	2009	08	30
W	Rr	1214	0.131	2009	08	23
W	Rr	1402	0.151	2009	08	16
W	Rr	1260	0.136	2009	08	09
W	Rr	1404	0.151	2009	08	02
W	Rr	1380	0.149	2009	07	26
W	Rr	1470	0.159	2009	07	19
W	Rr	1750	0.189	2009	07	12
W	Rr	1847	0.199	2009	07	05
W	Rr	1889	0.204	2009	06	28
W	Rr	1312	0.141	2009	06	21
W	Rr	1093	0.118	2009	06	14
W	Rr	1363	0.147	2009	06	07
W	Rr	1251	0.135	2009	05	31
W	Rr	1352	0.146	2009	05	24
W	Rr	1133	0.122	2009	05	17
W	Rr	1887	0.203	2009	05	10
W	Rr	1369	0.148	2009	05	03
W	Rr	1089	0.117	2009	04	26
W	Rr	1160	0.125	2009	04	19
W	Rr	1189	0.128	2009	04	12
W	Rr	1529	0.165	2009	04	05
W	Rr	1155	0.125	2009	03	29
W	Rr	1230	0.133	2009	03	22
W	Rr	1029	0.111	2009	03	15
W	Rr	1234	0.133	2009	03	08
W	Rr	1486	0.160	2009	03	01
W	Rr	1470	0.159	2009	02	22
W	Rr	1198	0.129	2009	02	15
W	Rr	1802	0.194	2009	02	08
W	Rr	1653	0.178	2009	02	01
W	Rr	1346	0.145	2009	01	25
W	Rr	1431	0.154	2009	01	18
W	Rr	1678	0.181	2009	01	11
W	Rr	1591	0.172	2009	01	04
W	Rr	886	0.096	2008	12	28
W	Rr	1148	0.124	2008	12	21
W	Rr	1428	0.154	2008	12	14
W	Rr	1508	0.163	2008	12	07
W	Rr	1194	0.129	2008	11	30
W	Rr	1070	0.115	2008	11	23
W	Rr	1396	0.151	2008	11	16
W	Rr	1255	0.135	2008	11	09
W	Rr	1314	0.142	2008	11	02
W	Rr	1397	0.151	2008	10	26
W	Rr	1638	0.177	2008	10	19
W	Rr	1298	0.140	2008	10	12
W	Rr	430	0.046	2008	10	05
W	Rr	723	0.078	2008	09	28
W	Rr	1308	0.141	2008	09	21
W	Rr	1242	0.134	2008	09	14
W	Rr	1409	0.152	2008	09	07
W	Rr	1142	0.123	2008	08	31
W	Rr	1022	0.110	2008	08	24
W	Rr	1062	0.115	2008	08	17
W	Rr	1188	0.128	2008	08	10
W	Rr	1232	0.133	2008	08	03
W	Rr	1050	0.113	2008	07	27
W	Rr	1272	0.137	2008	07	20
W	Rr	1305	0.141	2008	07	13
W	Rr	1093	0.118	2008	07	06
W	Rr	1182	0.127	2008	06	29
W	Rr	1937	0.209	2008	06	22
W	Rr	1493	0.161	2008	06	15
W	Rr	1083	0.117	2008	06	08
W	Rr	1283	0.138	2008	06	01
W	Rr	1432	0.154	2008	05	25
W	Rr	1726	0.186	2008	05	18
W	Rr	1580	0.170	2008	05	11
W	Rr	2661	0.287	2008	05	04
W	Rr	3648	0.393	2008	04	27
W	Rr	1400	0.151	2008	04	20
W	Rr	1365	0.147	2008	04	13
W	Rr	1213	0.131	2008	04	06
W	Rr	1670	0.180	2008	03	30
W	Rr	1211	0.131	2008	03	23
W	Rr	1144	0.123	2008	03	16
W	Rr	1301	0.140	2008	03	09
W	Rr	1292	0.139	2008	03	02
W	Rr	1427	0.154	2008	02	24
W	Rr	2207	0.238	2008	02	17
W	Rr	1124	0.121	2008	02	10
W	Rr	1561	0.168	2008	02	03
W	Rr	1533	0.165	2008	01	27
W	Rr	1389	0.150	2008	01	20
W	Rr	1133	0.122	2008	01	13
W	Rr	1404	0.151	2008	01	06
W	Rr	976	0.105	2007	12	30
W	Rr	801	0.086	2007	12	23
W	Rr	675	0.073	2007	12	16
W	*BT	R	7060	2014	02	16
D	Rr	198	0.021	2021	03	12
D	Rr	274	0.030	2021	03	11
D	Rr	282	0.030	2021	03	10
D	Rr	279	0.030	2021	03	09
D	Rr	462	0.050	2021	03	08
D	Rr	218	0.024	2021	03	07
D	Rr	0	0.000	2021	03	06
D	Rr	233	0.025	2021	03	05
D	Rr	203	0.022	2021	03	04
D	Rr	516	0.056	2021	03	03
D	Rr	296	0.032	2021	03	02
D	Rr	370	0.040	2021	03	01
D	Rr	159	0.017	2021	02	28
D	Rr	0	0.000	2021	02	27
D	Rr	194	0.021	2021	02	26
D	Rr	179	0.019	2021	02	25
D	Rr	162	0.017	2021	02	24
D	Rr	223	0.024	2021	02	23
D	Rr	251	0.027	2021	02	22
D	Rr	164	0.018	2021	02	21
D	Rr	0	0.000	2021	02	20
D	Rr	156	0.017	2021	02	19
D	Rr	173	0.019	2021	02	18
D	Rr	114	0.012	2021	02	17
D	Rr	269	0.029	2021	02	16
D	Rr	234	0.025	2021	02	15
D	Rr	155	0.017	2021	02	14
D	Rr	0	0.000	2021	02	13
D	Rr	488	0.053	2021	02	12
D	Rr	306	0.033	2021	02	11
D	Rr	203	0.022	2021	02	10
D	Rr	266	0.029	2021	02	09
D	Rr	220	0.024	2021	02	08
D	Rr	216	0.023	2021	02	07
D	Rr	0	0.000	2021	02	06
D	Rr	367	0.040	2021	02	05
D	Rr	234	0.025	2021	02	04
D	Rr	322	0.035	2021	02	03
D	Rr	402	0.043	2021	02	02
D	Rr	343	0.037	2021	02	01
D	Rr	199	0.021	2021	01	31
D	Rr	0	0.000	2021	01	30
D	*BT	R	2131	2008	05	03
d	Rr	109509	11.808	Sun
d	Rr	148375	15.999	Mon
d	Rr	150813	16.262	Tue
d	Rr	148838	16.049	Wed
d	Rr	151035	16.286	Thu
d	Rr	141798	15.290	Fri
d	Rr	77024	8.305	Sat
H	Rr	49	0.005	2021	03	12	23
H	Rr	13	0.001	2021	03	12	22
H	Rr	8	0.001	2021	03	12	21
H	Rr	1	0.000	2021	03	12	20
H	Rr	2	0.000	2021	03	12	19
H	Rr	7	0.001	2021	03	12	18
H	Rr	19	0.002	2021	03	12	17
H	Rr	6	0.001	2021	03	12	16
H	Rr	5	0.001	2021	03	12	15
H	Rr	2	0.000	2021	03	12	14
H	Rr	1	0.000	2021	03	12	13
H	Rr	5	0.001	2021	03	12	12
H	Rr	11	0.001	2021	03	12	11
H	Rr	4	0.000	2021	03	12	10
H	Rr	9	0.001	2021	03	12	09
H	Rr	5	0.001	2021	03	12	08
H	Rr	3	0.000	2021	03	12	07
H	Rr	0	0.000	2021	03	12	06
H	Rr	4	0.000	2021	03	12	05
H	Rr	19	0.002	2021	03	12	04
H	Rr	5	0.001	2021	03	12	03
H	Rr	12	0.001	2021	03	12	02
H	Rr	6	0.001	2021	03	12	01
H	Rr	2	0.000	2021	03	12	00
H	Rr	24	0.003	2021	03	11	23
H	Rr	19	0.002	2021	03	11	22
H	Rr	11	0.001	2021	03	11	21
H	Rr	2	0.000	2021	03	11	20
H	Rr	3	0.000	2021	03	11	19
H	Rr	32	0.003	2021	03	11	18
H	Rr	2	0.000	2021	03	11	17
H	Rr	17	0.002	2021	03	11	16
H	Rr	33	0.004	2021	03	11	15
H	Rr	1	0.000	2021	03	11	14
H	Rr	4	0.000	2021	03	11	13
H	Rr	15	0.002	2021	03	11	12
H	Rr	7	0.001	2021	03	11	11
H	Rr	8	0.001	2021	03	11	10
H	Rr	5	0.001	2021	03	11	09
H	Rr	4	0.000	2021	03	11	08
H	Rr	3	0.000	2021	03	11	07
H	Rr	18	0.002	2021	03	11	06
H	Rr	4	0.000	2021	03	11	05
H	Rr	11	0.001	2021	03	11	04
H	Rr	19	0.002	2021	03	11	03
H	Rr	11	0.001	2021	03	11	02
H	Rr	21	0.002	2021	03	11	01
H	Rr	0	0.000	2021	03	11	00
H	Rr	0	0.000	2021	03	10	23
H	Rr	0	0.000	2021	03	10	22
H	Rr	7	0.001	2021	03	10	21
H	Rr	0	0.000	2021	03	10	20
H	Rr	36	0.004	2021	03	10	19
H	Rr	5	0.001	2021	03	10	18
H	Rr	2	0.000	2021	03	10	17
H	Rr	15	0.002	2021	03	10	16
H	Rr	17	0.002	2021	03	10	15
H	Rr	21	0.002	2021	03	10	14
H	Rr	27	0.003	2021	03	10	13
H	Rr	11	0.001	2021	03	10	12
H	Rr	20	0.002	2021	03	10	11
H	Rr	28	0.003	2021	03	10	10
H	Rr	5	0.001	2021	03	10	09
H	Rr	34	0.004	2021	03	10	08
H	Rr	1	0.000	2021	03	10	07
H	Rr	6	0.001	2021	03	10	06
H	Rr	7	0.001	2021	03	10	05
H	Rr	2	0.000	2021	03	10	04
H	Rr	4	0.000	2021	03	10	03
H	Rr	30	0.003	2021	03	10	02
H	Rr	4	0.000	2021	03	10	01
H	Rr	0	0.000	2021	03	10	00
H	*BT	R	750	2020	12	11	23
h	Rr	36907	3.980	00
h	Rr	35455	3.823	01
h	Rr	36164	3.900	02
h	Rr	35556	3.834	03
h	Rr	34751	3.747	04
h	Rr	32785	3.535	05
h	Rr	32436	3.498	06
h	Rr	31773	3.426	07
h	Rr	30759	3.317	08
h	Rr	29410	3.171	09
h	Rr	29312	3.161	10
h	Rr	32257	3.478	11
h	Rr	33123	3.572	12
h	Rr	35117	3.787	13
h	Rr	40542	4.372	14
h	Rr	44937	4.846	15
h	Rr	48802	5.262	16
h	Rr	48784	5.260	17
h	Rr	50048	5.397	18
h	Rr	49711	5.360	19
h	Rr	49601	5.348	20
h	Rr	46132	4.974	21
h	Rr	42775	4.612	22
h	Rr	40255	4.341	23
4	Rr	1	0.000	2021	03	12	23	45
4	Rr	0	0.000	2021	03	12	23	30
4	Rr	16	0.002	2021	03	12	23	15
4	Rr	32	0.003	2021	03	12	23	00
4	Rr	5	0.001	2021	03	12	22	45
4	Rr	5	0.001	2021	03	12	22	30
4	Rr	2	0.000	2021	03	12	22	15
4	Rr	1	0.000	2021	03	12	22	00
4	Rr	3	0.000	2021	03	12	21	45
4	Rr	2	0.000	2021	03	12	21	30
4	Rr	1	0.000	2021	03	12	21	15
4	Rr	2	0.000	2021	03	12	21	00
4	Rr	0	0.000	2021	03	12	20	45
4	Rr	0	0.000	2021	03	12	20	30
4	Rr	1	0.000	2021	03	12	20	15
4	Rr	0	0.000	2021	03	12	20	00
4	Rr	1	0.000	2021	03	12	19	45
4	Rr	1	0.000	2021	03	12	19	30
4	Rr	0	0.000	2021	03	12	19	15
4	Rr	0	0.000	2021	03	12	19	00
4	Rr	0	0.000	2021	03	12	18	45
4	Rr	5	0.001	2021	03	12	18	30
4	Rr	1	0.000	2021	03	12	18	15
4	Rr	1	0.000	2021	03	12	18	00
4	Rr	0	0.000	2021	03	12	17	45
4	Rr	2	0.000	2021	03	12	17	30
4	Rr	17	0.002	2021	03	12	17	15
4	Rr	0	0.000	2021	03	12	17	00
4	Rr	0	0.000	2021	03	12	16	45
4	Rr	0	0.000	2021	03	12	16	30
4	Rr	5	0.001	2021	03	12	16	15
4	Rr	1	0.000	2021	03	12	16	00
4	Rr	3	0.000	2021	03	12	15	45
4	Rr	1	0.000	2021	03	12	15	30
4	Rr	0	0.000	2021	03	12	15	15
4	Rr	1	0.000	2021	03	12	15	00
4	Rr	2	0.000	2021	03	12	14	45
4	Rr	0	0.000	2021	03	12	14	30
4	Rr	0	0.000	2021	03	12	14	15
4	Rr	0	0.000	2021	03	12	14	00
4	Rr	0	0.000	2021	03	12	13	45
4	Rr	0	0.000	2021	03	12	13	30
4	Rr	0	0.000	2021	03	12	13	15
4	Rr	1	0.000	2021	03	12	13	00
4	Rr	1	0.000	2021	03	12	12	45
4	Rr	3	0.000	2021	03	12	12	30
4	Rr	1	0.000	2021	03	12	12	15
4	Rr	0	0.000	2021	03	12	12	00
4	Rr	2	0.000	2021	03	12	11	45
4	Rr	9	0.001	2021	03	12	11	30
4	Rr	0	0.000	2021	03	12	11	15
4	Rr	0	0.000	2021	03	12	11	00
4	Rr	0	0.000	2021	03	12	10	45
4	Rr	0	0.000	2021	03	12	10	30
4	Rr	4	0.000	2021	03	12	10	15
4	Rr	0	0.000	2021	03	12	10	00
4	Rr	8	0.001	2021	03	12	09	45
4	Rr	1	0.000	2021	03	12	09	30
4	Rr	0	0.000	2021	03	12	09	15
4	Rr	0	0.000	2021	03	12	09	00
4	Rr	1	0.000	2021	03	12	08	45
4	Rr	2	0.000	2021	03	12	08	30
4	Rr	0	0.000	2021	03	12	08	15
4	Rr	2	0.000	2021	03	12	08	00
4	Rr	0	0.000	2021	03	12	07	45
4	Rr	2	0.000	2021	03	12	07	30
4	Rr	1	0.000	2021	03	12	07	15
4	Rr	0	0.000	2021	03	12	07	00
4	Rr	0	0.000	2021	03	12	06	45
4	Rr	0	0.000	2021	03	12	06	30
4	Rr	0	0.000	2021	03	12	06	15
4	Rr	0	0.000	2021	03	12	06	00
4	Rr	1	0.000	2021	03	12	05	45
4	Rr	0	0.000	2021	03	12	05	30
4	Rr	2	0.000	2021	03	12	05	15
4	Rr	1	0.000	2021	03	12	05	00
4	Rr	0	0.000	2021	03	12	04	45
4	Rr	2	0.000	2021	03	12	04	30
4	Rr	0	0.000	2021	03	12	04	15
4	Rr	17	0.002	2021	03	12	04	00
4	Rr	1	0.000	2021	03	12	03	45
4	Rr	1	0.000	2021	03	12	03	30
4	Rr	3	0.000	2021	03	12	03	15
4	Rr	0	0.000	2021	03	12	03	00
4	Rr	2	0.000	2021	03	12	02	45
4	Rr	0	0.000	2021	03	12	02	30
4	Rr	6	0.001	2021	03	12	02	15
4	Rr	4	0.000	2021	03	12	02	00
4	Rr	3	0.000	2021	03	12	01	45
4	Rr	2	0.000	2021	03	12	01	30
4	Rr	0	0.000	2021	03	12	01	15
4	Rr	1	0.000	2021	03	12	01	00
4	Rr	0	0.000	2021	03	12	00	45
4	Rr	1	0.000	2021	03	12	00	30
4	Rr	1	0.000	2021	03	12	00	15
4	Rr	0	0.000	2021	03	12	00	00
4	*BT	R	740	2020	10	18	06	00
6	Rr	9164	0.988	00	00
6	Rr	9248	0.997	00	15
6	Rr	9055	0.976	00	30
6	Rr	9440	1.018	00	45
6	Rr	8860	0.955	01	00
6	Rr	8899	0.960	01	15
6	Rr	9000	0.970	01	30
6	Rr	8696	0.938	01	45
6	Rr	8678	0.936	02	00
6	Rr	9388	1.012	02	15
6	Rr	9213	0.993	02	30
6	Rr	8885	0.958	02	45
6	Rr	8618	0.929	03	00
6	Rr	8410	0.907	03	15
6	Rr	8716	0.940	03	30
6	Rr	9812	1.058	03	45
6	Rr	8724	0.941	04	00
6	Rr	9262	0.999	04	15
6	Rr	8071	0.870	04	30
6	Rr	8694	0.937	04	45
6	Rr	7885	0.850	05	00
6	Rr	8714	0.940	05	15
6	Rr	8411	0.907	05	30
6	Rr	7775	0.838	05	45
6	Rr	8864	0.956	06	00
6	Rr	8053	0.868	06	15
6	Rr	8042	0.867	06	30
6	Rr	7477	0.806	06	45
6	Rr	7931	0.855	07	00
6	Rr	8490	0.915	07	15
6	Rr	8244	0.889	07	30
6	Rr	7108	0.766	07	45
6	Rr	7864	0.848	08	00
6	Rr	7449	0.803	08	15
6	Rr	8311	0.896	08	30
6	Rr	7135	0.769	08	45
6	Rr	7341	0.792	09	00
6	Rr	7556	0.815	09	15
6	Rr	7460	0.804	09	30
6	Rr	7053	0.761	09	45
6	Rr	7096	0.765	10	00
6	Rr	7117	0.767	10	15
6	Rr	7378	0.796	10	30
6	Rr	7721	0.833	10	45
6	Rr	9230	0.995	11	00
6	Rr	7498	0.809	11	15
6	Rr	7614	0.821	11	30
6	Rr	7915	0.853	11	45
6	Rr	9263	0.999	12	00
6	Rr	7723	0.833	12	15
6	Rr	7951	0.857	12	30
6	Rr	8186	0.883	12	45
6	Rr	8731	0.941	13	00
6	Rr	8655	0.933	13	15
6	Rr	9134	0.985	13	30
6	Rr	8597	0.927	13	45
6	Rr	9745	1.051	14	00
6	Rr	10089	1.088	14	15
6	Rr	10350	1.116	14	30
6	Rr	10358	1.117	14	45
6	Rr	10753	1.159	15	00
6	Rr	10747	1.159	15	15
6	Rr	11486	1.239	15	30
6	Rr	11951	1.289	15	45
6	Rr	12100	1.305	16	00
6	Rr	11781	1.270	16	15
6	Rr	12360	1.333	16	30
6	Rr	12561	1.354	16	45
6	Rr	12180	1.313	17	00
6	Rr	12093	1.304	17	15
6	Rr	12485	1.346	17	30
6	Rr	12026	1.297	17	45
6	Rr	11991	1.293	18	00
6	Rr	12749	1.375	18	15
6	Rr	12649	1.364	18	30
6	Rr	12659	1.365	18	45
6	Rr	13517	1.458	19	00
6	Rr	11713	1.263	19	15
6	Rr	12402	1.337	19	30
6	Rr	12079	1.302	19	45
6	Rr	12931	1.394	20	00
6	Rr	12311	1.327	20	15
6	Rr	11829	1.276	20	30
6	Rr	12530	1.351	20	45
6	Rr	12096	1.304	21	00
6	Rr	11515	1.242	21	15
6	Rr	11163	1.204	21	30
6	Rr	11358	1.225	21	45
6	Rr	10828	1.168	22	00
6	Rr	10885	1.174	22	15
6	Rr	10614	1.144	22	30
6	Rr	10448	1.127	22	45
6	Rr	10841	1.169	23	00
6	Rr	10657	1.149	23	15
6	Rr	9565	1.031	23	30
6	Rr	9192	0.991	23	45
5	Rr	1	0.000	2021	03	12	23	45
5	Rr	0	0.000	2021	03	12	23	40
5	Rr	0	0.000	2021	03	12	23	35
5	Rr	0	0.000	2021	03	12	23	30
5	Rr	4	0.000	2021	03	12	23	25
5	Rr	2	0.000	2021	03	12	23	20
5	Rr	10	0.001	2021	03	12	23	15
5	Rr	3	0.000	2021	03	12	23	10
5	Rr	26	0.003	2021	03	12	23	05
5	Rr	3	0.000	2021	03	12	23	00
5	Rr	1	0.000	2021	03	12	22	55
5	Rr	1	0.000	2021	03	12	22	50
5	Rr	3	0.000	2021	03	12	22	45
5	Rr	3	0.000	2021	03	12	22	40
5	Rr	2	0.000	2021	03	12	22	35
5	Rr	0	0.000	2021	03	12	22	30
5	Rr	0	0.000	2021	03	12	22	25
5	Rr	0	0.000	2021	03	12	22	20
5	Rr	2	0.000	2021	03	12	22	15
5	Rr	0	0.000	2021	03	12	22	10
5	Rr	0	0.000	2021	03	12	22	05
5	Rr	1	0.000	2021	03	12	22	00
5	Rr	3	0.000	2021	03	12	21	55
5	Rr	0	0.000	2021	03	12	21	50
5	Rr	0	0.000	2021	03	12	21	45
5	Rr	2	0.000	2021	03	12	21	40
5	Rr	0	0.000	2021	03	12	21	35
5	Rr	0	0.000	2021	03	12	21	30
5	Rr	0	0.000	2021	03	12	21	25
5	Rr	1	0.000	2021	03	12	21	20
5	Rr	0	0.000	2021	03	12	21	15
5	Rr	0	0.000	2021	03	12	21	10
5	Rr	1	0.000	2021	03	12	21	05
5	Rr	1	0.000	2021	03	12	21	00
5	Rr	0	0.000	2021	03	12	20	55
5	Rr	0	0.000	2021	03	12	20	50
5	Rr	0	0.000	2021	03	12	20	45
5	Rr	0	0.000	2021	03	12	20	40
5	Rr	0	0.000	2021	03	12	20	35
5	Rr	0	0.000	2021	03	12	20	30
5	Rr	1	0.000	2021	03	12	20	25
5	Rr	0	0.000	2021	03	12	20	20
5	Rr	0	0.000	2021	03	12	20	15
5	Rr	0	0.000	2021	03	12	20	10
5	Rr	0	0.000	2021	03	12	20	05
5	Rr	0	0.000	2021	03	12	20	00
5	Rr	1	0.000	2021	03	12	19	55
5	Rr	0	0.000	2021	03	12	19	50
5	Rr	0	0.000	2021	03	12	19	45
5	Rr	1	0.000	2021	03	12	19	40
5	Rr	0	0.000	2021	03	12	19	35
5	Rr	0	0.000	2021	03	12	19	30
5	Rr	0	0.000	2021	03	12	19	25
5	Rr	0	0.000	2021	03	12	19	20
5	Rr	0	0.000	2021	03	12	19	15
5	Rr	0	0.000	2021	03	12	19	10
5	Rr	0	0.000	2021	03	12	19	05
5	Rr	0	0.000	2021	03	12	19	00
5	Rr	0	0.000	2021	03	12	18	55
5	Rr	0	0.000	2021	03	12	18	50
5	Rr	0	0.000	2021	03	12	18	45
5	Rr	1	0.000	2021	03	12	18	40
5	Rr	0	0.000	2021	03	12	18	35
5	Rr	4	0.000	2021	03	12	18	30
5	Rr	0	0.000	2021	03	12	18	25
5	Rr	0	0.000	2021	03	12	18	20
5	Rr	1	0.000	2021	03	12	18	15
5	Rr	0	0.000	2021	03	12	18	10
5	Rr	1	0.000	2021	03	12	18	05
5	Rr	0	0.000	2021	03	12	18	00
5	Rr	0	0.000	2021	03	12	17	55
5	Rr	0	0.000	2021	03	12	17	50
5	Rr	0	0.000	2021	03	12	17	45
5	Rr	1	0.000	2021	03	12	17	40
5	Rr	0	0.000	2021	03	12	17	35
5	Rr	1	0.000	2021	03	12	17	30
5	Rr	17	0.002	2021	03	12	17	25
5	Rr	0	0.000	2021	03	12	17	20
5	Rr	0	0.000	2021	03	12	17	15
5	Rr	0	0.000	2021	03	12	17	10
5	Rr	0	0.000	2021	03	12	17	05
5	Rr	0	0.000	2021	03	12	17	00
5	Rr	0	0.000	2021	03	12	16	55
5	Rr	0	0.000	2021	03	12	16	50
5	Rr	0	0.000	2021	03	12	16	45
5	Rr	0	0.000	2021	03	12	16	40
5	Rr	0	0.000	2021	03	12	16	35
5	Rr	0	0.000	2021	03	12	16	30
5	Rr	0	0.000	2021	03	12	16	25
5	Rr	4	0.000	2021	03	12	16	20
5	Rr	1	0.000	2021	03	12	16	15
5	Rr	1	0.000	2021	03	12	16	10
5	Rr	0	0.000	2021	03	12	16	05
5	Rr	0	0.000	2021	03	12	16	00
5	Rr	0	0.000	2021	03	12	15	55
5	Rr	0	0.000	2021	03	12	15	50
5	Rr	3	0.000	2021	03	12	15	45
5	Rr	1	0.000	2021	03	12	15	40
5	Rr	0	0.000	2021	03	12	15	35
5	Rr	0	0.000	2021	03	12	15	30
5	Rr	0	0.000	2021	03	12	15	25
5	Rr	0	0.000	2021	03	12	15	20
5	Rr	0	0.000	2021	03	12	15	15
5	Rr	0	0.000	2021	03	12	15	10
5	Rr	1	0.000	2021	03	12	15	05
5	Rr	0	0.000	2021	03	12	15	00
5	Rr	1	0.000	2021	03	12	14	55
5	Rr	1	0.000	2021	03	12	14	50
5	Rr	0	0.000	2021	03	12	14	45
5	Rr	0	0.000	2021	03	12	14	40
5	Rr	0	0.000	2021	03	12	14	35
5	Rr	0	0.000	2021	03	12	14	30
5	Rr	0	0.000	2021	03	12	14	25
5	Rr	0	0.000	2021	03	12	14	20
5	Rr	0	0.000	2021	03	12	14	15
5	Rr	0	0.000	2021	03	12	14	10
5	Rr	0	0.000	2021	03	12	14	05
5	Rr	0	0.000	2021	03	12	14	00
5	Rr	0	0.000	2021	03	12	13	55
5	Rr	0	0.000	2021	03	12	13	50
5	Rr	0	0.000	2021	03	12	13	45
5	Rr	0	0.000	2021	03	12	13	40
5	Rr	0	0.000	2021	03	12	13	35
5	Rr	0	0.000	2021	03	12	13	30
5	Rr	0	0.000	2021	03	12	13	25
5	Rr	0	0.000	2021	03	12	13	20
5	Rr	0	0.000	2021	03	12	13	15
5	Rr	0	0.000	2021	03	12	13	10
5	Rr	0	0.000	2021	03	12	13	05
5	Rr	1	0.000	2021	03	12	13	00
5	Rr	0	0.000	2021	03	12	12	55
5	Rr	1	0.000	2021	03	12	12	50
5	Rr	0	0.000	2021	03	12	12	45
5	Rr	0	0.000	2021	03	12	12	40
5	Rr	3	0.000	2021	03	12	12	35
5	Rr	0	0.000	2021	03	12	12	30
5	Rr	0	0.000	2021	03	12	12	25
5	Rr	0	0.000	2021	03	12	12	20
5	Rr	1	0.000	2021	03	12	12	15
5	Rr	0	0.000	2021	03	12	12	10
5	Rr	0	0.000	2021	03	12	12	05
5	Rr	0	0.000	2021	03	12	12	00
5	Rr	0	0.000	2021	03	12	11	55
5	Rr	2	0.000	2021	03	12	11	50
5	Rr	0	0.000	2021	03	12	11	45
5	Rr	0	0.000	2021	03	12	11	40
5	Rr	0	0.000	2021	03	12	11	35
5	Rr	9	0.001	2021	03	12	11	30
5	Rr	0	0.000	2021	03	12	11	25
5	Rr	0	0.000	2021	03	12	11	20
5	Rr	0	0.000	2021	03	12	11	15
5	Rr	0	0.000	2021	03	12	11	10
5	Rr	0	0.000	2021	03	12	11	05
5	Rr	0	0.000	2021	03	12	11	00
5	Rr	0	0.000	2021	03	12	10	55
5	Rr	0	0.000	2021	03	12	10	50
5	Rr	0	0.000	2021	03	12	10	45
5	Rr	0	0.000	2021	03	12	10	40
5	Rr	0	0.000	2021	03	12	10	35
5	Rr	0	0.000	2021	03	12	10	30
5	Rr	0	0.000	2021	03	12	10	25
5	Rr	4	0.000	2021	03	12	10	20
5	Rr	0	0.000	2021	03	12	10	15
5	Rr	0	0.000	2021	03	12	10	10
5	Rr	0	0.000	2021	03	12	10	05
5	Rr	0	0.000	2021	03	12	10	00
5	Rr	5	0.001	2021	03	12	09	55
5	Rr	0	0.000	2021	03	12	09	50
5	Rr	3	0.000	2021	03	12	09	45
5	Rr	1	0.000	2021	03	12	09	40
5	Rr	0	0.000	2021	03	12	09	35
5	Rr	0	0.000	2021	03	12	09	30
5	Rr	0	0.000	2021	03	12	09	25
5	Rr	0	0.000	2021	03	12	09	20
5	Rr	0	0.000	2021	03	12	09	15
5	Rr	0	0.000	2021	03	12	09	10
5	Rr	0	0.000	2021	03	12	09	05
5	Rr	0	0.000	2021	03	12	09	00
5	Rr	0	0.000	2021	03	12	08	55
5	Rr	1	0.000	2021	03	12	08	50
5	Rr	0	0.000	2021	03	12	08	45
5	Rr	1	0.000	2021	03	12	08	40
5	Rr	0	0.000	2021	03	12	08	35
5	Rr	1	0.000	2021	03	12	08	30
5	Rr	0	0.000	2021	03	12	08	25
5	Rr	0	0.000	2021	03	12	08	20
5	Rr	0	0.000	2021	03	12	08	15
5	Rr	0	0.000	2021	03	12	08	10
5	Rr	1	0.000	2021	03	12	08	05
5	Rr	1	0.000	2021	03	12	08	00
5	Rr	0	0.000	2021	03	12	07	55
5	Rr	0	0.000	2021	03	12	07	50
5	Rr	0	0.000	2021	03	12	07	45
5	Rr	1	0.000	2021	03	12	07	40
5	Rr	1	0.000	2021	03	12	07	35
5	Rr	0	0.000	2021	03	12	07	30
5	Rr	0	0.000	2021	03	12	07	25
5	Rr	0	0.000	2021	03	12	07	20
5	Rr	1	0.000	2021	03	12	07	15
5	Rr	0	0.000	2021	03	12	07	10
5	Rr	0	0.000	2021	03	12	07	05
5	Rr	0	0.000	2021	03	12	07	00
5	Rr	0	0.000	2021	03	12	06	55
5	Rr	0	0.000	2021	03	12	06	50
5	Rr	0	0.000	2021	03	12	06	45
5	Rr	0	0.000	2021	03	12	06	40
5	Rr	0	0.000	2021	03	12	06	35
5	Rr	0	0.000	2021	03	12	06	30
5	Rr	0	0.000	2021	03	12	06	25
5	Rr	0	0.000	2021	03	12	06	20
5	Rr	0	0.000	2021	03	12	06	15
5	Rr	0	0.000	2021	03	12	06	10
5	Rr	0	0.000	2021	03	12	06	05
5	Rr	0	0.000	2021	03	12	06	00
5	Rr	0	0.000	2021	03	12	05	55
5	Rr	0	0.000	2021	03	12	05	50
5	Rr	1	0.000	2021	03	12	05	45
5	Rr	0	0.000	2021	03	12	05	40
5	Rr	0	0.000	2021	03	12	05	35
5	Rr	0	0.000	2021	03	12	05	30
5	Rr	0	0.000	2021	03	12	05	25
5	Rr	2	0.000	2021	03	12	05	20
5	Rr	0	0.000	2021	03	12	05	15
5	Rr	0	0.000	2021	03	12	05	10
5	Rr	1	0.000	2021	03	12	05	05
5	Rr	0	0.000	2021	03	12	05	00
5	Rr	0	0.000	2021	03	12	04	55
5	Rr	0	0.000	2021	03	12	04	50
5	Rr	0	0.000	2021	03	12	04	45
5	Rr	0	0.000	2021	03	12	04	40
5	Rr	1	0.000	2021	03	12	04	35
5	Rr	1	0.000	2021	03	12	04	30
5	Rr	0	0.000	2021	03	12	04	25
5	Rr	0	0.000	2021	03	12	04	20
5	Rr	0	0.000	2021	03	12	04	15
5	Rr	0	0.000	2021	03	12	04	10
5	Rr	16	0.002	2021	03	12	04	05
5	Rr	1	0.000	2021	03	12	04	00
5	Rr	0	0.000	2021	03	12	03	55
5	Rr	1	0.000	2021	03	12	03	50
5	Rr	0	0.000	2021	03	12	03	45
5	Rr	0	0.000	2021	03	12	03	40
5	Rr	0	0.000	2021	03	12	03	35
5	Rr	1	0.000	2021	03	12	03	30
5	Rr	3	0.000	2021	03	12	03	25
5	Rr	0	0.000	2021	03	12	03	20
5	Rr	0	0.000	2021	03	12	03	15
5	Rr	0	0.000	2021	03	12	03	10
5	Rr	0	0.000	2021	03	12	03	05
5	Rr	0	0.000	2021	03	12	03	00
5	Rr	1	0.000	2021	03	12	02	55
5	Rr	0	0.000	2021	03	12	02	50
5	Rr	1	0.000	2021	03	12	02	45
5	Rr	0	0.000	2021	03	12	02	40
5	Rr	0	0.000	2021	03	12	02	35
5	Rr	0	0.000	2021	03	12	02	30
5	Rr	0	0.000	2021	03	12	02	25
5	Rr	1	0.000	2021	03	12	02	20
5	Rr	5	0.001	2021	03	12	02	15
5	Rr	1	0.000	2021	03	12	02	10
5	Rr	3	0.000	2021	03	12	02	05
5	Rr	0	0.000	2021	03	12	02	00
5	Rr	2	0.000	2021	03	12	01	55
5	Rr	0	0.000	2021	03	12	01	50
5	Rr	1	0.000	2021	03	12	01	45
5	Rr	0	0.000	2021	03	12	01	40
5	Rr	1	0.000	2021	03	12	01	35
5	Rr	1	0.000	2021	03	12	01	30
5	Rr	0	0.000	2021	03	12	01	25
5	Rr	0	0.000	2021	03	12	01	20
5	Rr	0	0.000	2021	03	12	01	15
5	Rr	0	0.000	2021	03	12	01	10
5	Rr	0	0.000	2021	03	12	01	05
5	Rr	1	0.000	2021	03	12	01	00
5	Rr	0	0.000	2021	03	12	00	55
5	Rr	0	0.000	2021	03	12	00	50
5	Rr	0	0.000	2021	03	12	00	45
5	Rr	1	0.000	2021	03	12	00	40
5	Rr	0	0.000	2021	03	12	00	35
5	Rr	0	0.000	2021	03	12	00	30
5	Rr	0	0.000	2021	03	12	00	25
5	Rr	0	0.000	2021	03	12	00	20
5	Rr	1	0.000	2021	03	12	00	15
5	Rr	0	0.000	2021	03	12	00	10
5	Rr	0	0.000	2021	03	12	00	05
5	Rr	0	0.000	2021	03	12	00	00
5	Rr	1	0.000	2021	03	11	23	55
5	Rr	0	0.000	2021	03	11	23	50
5	*BT	R	715	2020	12	11	23	20
7	Rr	2853	0.308	00	00
7	Rr	3351	0.361	00	05
7	Rr	2960	0.319	00	10
7	Rr	2591	0.279	00	15
7	Rr	3101	0.334	00	20
7	Rr	3556	0.383	00	25
7	Rr	2955	0.319	00	30
7	Rr	3027	0.326	00	35
7	Rr	3073	0.331	00	40
7	Rr	3139	0.338	00	45
7	Rr	3423	0.369	00	50
7	Rr	2878	0.310	00	55
7	Rr	2765	0.298	01	00
7	Rr	3006	0.324	01	05
7	Rr	3089	0.333	01	10
7	Rr	2965	0.320	01	15
7	Rr	3158	0.341	01	20
7	Rr	2776	0.299	01	25
7	Rr	2879	0.310	01	30
7	Rr	3079	0.332	01	35
7	Rr	3042	0.328	01	40
7	Rr	2874	0.310	01	45
7	Rr	2709	0.292	01	50
7	Rr	3113	0.336	01	55
7	Rr	2850	0.307	02	00
7	Rr	2937	0.317	02	05
7	Rr	2891	0.312	02	10
7	Rr	3403	0.367	02	15
7	Rr	2959	0.319	02	20
7	Rr	3026	0.326	02	25
7	Rr	3028	0.327	02	30
7	Rr	3285	0.354	02	35
7	Rr	2900	0.313	02	40
7	Rr	2904	0.313	02	45
7	Rr	2692	0.290	02	50
7	Rr	3289	0.355	02	55
7	Rr	2951	0.318	03	00
7	Rr	2825	0.305	03	05
7	Rr	2842	0.306	03	10
7	Rr	2930	0.316	03	15
7	Rr	2726	0.294	03	20
7	Rr	2754	0.297	03	25
7	Rr	2793	0.301	03	30
7	Rr	2980	0.321	03	35
7	Rr	2943	0.317	03	40
7	Rr	3268	0.352	03	45
7	Rr	3565	0.384	03	50
7	Rr	2979	0.321	03	55
7	Rr	2823	0.304	04	00
7	Rr	2878	0.310	04	05
7	Rr	3023	0.326	04	10
7	Rr	3105	0.335	04	15
7	Rr	3264	0.352	04	20
7	Rr	2893	0.312	04	25
7	Rr	2864	0.309	04	30
7	Rr	2536	0.273	04	35
7	Rr	2671	0.288	04	40
7	Rr	3174	0.342	04	45
7	Rr	2729	0.294	04	50
7	Rr	2791	0.301	04	55
7	Rr	2535	0.273	05	00
7	Rr	2445	0.264	05	05
7	Rr	2905	0.313	05	10
7	Rr	2921	0.315	05	15
7	Rr	3018	0.325	05	20
7	Rr	2775	0.299	05	25
7	Rr	3007	0.324	05	30
7	Rr	2862	0.309	05	35
7	Rr	2542	0.274	05	40
7	Rr	2566	0.277	05	45
7	Rr	2530	0.273	05	50
7	Rr	2679	0.289	05	55
7	Rr	2646	0.285	06	00
7	Rr	3432	0.370	06	05
7	Rr	2786	0.300	06	10
7	Rr	2786	0.300	06	15
7	Rr	2597	0.280	06	20
7	Rr	2670	0.288	06	25
7	Rr	2507	0.270	06	30
7	Rr	2696	0.291	06	35
7	Rr	2839	0.306	06	40
7	Rr	2911	0.314	06	45
7	Rr	2334	0.252	06	50
7	Rr	2232	0.241	06	55
7	Rr	2972	0.320	07	00
7	Rr	2508	0.270	07	05
7	Rr	2451	0.264	07	10
7	Rr	2546	0.275	07	15
7	Rr	2752	0.297	07	20
7	Rr	3192	0.344	07	25
7	Rr	3058	0.330	07	30
7	Rr	2727	0.294	07	35
7	Rr	2459	0.265	07	40
7	Rr	2406	0.259	07	45
7	Rr	2291	0.247	07	50
7	Rr	2411	0.260	07	55
7	Rr	2570	0.277	08	00
7	Rr	2712	0.292	08	05
7	Rr	2582	0.278	08	10
7	Rr	2423	0.261	08	15
7	Rr	2503	0.270	08	20
7	Rr	2523	0.272	08	25
7	Rr	3055	0.329	08	30
7	Rr	2677	0.289	08	35
7	Rr	2579	0.278	08	40
7	Rr	2427	0.262	08	45
7	Rr	2354	0.254	08	50
7	Rr	2354	0.254	08	55
7	Rr	2318	0.250	09	00
7	Rr	2662	0.287	09	05
7	Rr	2361	0.255	09	10
7	Rr	2324	0.251	09	15
7	Rr	2722	0.294	09	20
7	Rr	2510	0.271	09	25
7	Rr	2594	0.280	09	30
7	Rr	2283	0.246	09	35
7	Rr	2583	0.279	09	40
7	Rr	2410	0.260	09	45
7	Rr	2231	0.241	09	50
7	Rr	2412	0.260	09	55
7	Rr	2349	0.253	10	00
7	Rr	2294	0.247	10	05
7	Rr	2453	0.265	10	10
7	Rr	2367	0.255	10	15
7	Rr	2265	0.244	10	20
7	Rr	2485	0.268	10	25
7	Rr	2389	0.258	10	30
7	Rr	2392	0.258	10	35
7	Rr	2597	0.280	10	40
7	Rr	2312	0.249	10	45
7	Rr	2585	0.279	10	50
7	Rr	2824	0.305	10	55
7	Rr	3739	0.403	11	00
7	Rr	2866	0.309	11	05
7	Rr	2625	0.283	11	10
7	Rr	2510	0.271	11	15
7	Rr	2577	0.278	11	20
7	Rr	2411	0.260	11	25
7	Rr	2655	0.286	11	30
7	Rr	2334	0.252	11	35
7	Rr	2625	0.283	11	40
7	Rr	2563	0.276	11	45
7	Rr	2669	0.288	11	50
7	Rr	2683	0.289	11	55
7	Rr	3313	0.357	12	00
7	Rr	2982	0.322	12	05
7	Rr	2968	0.320	12	10
7	Rr	2536	0.273	12	15
7	Rr	2599	0.280	12	20
7	Rr	2588	0.279	12	25
7	Rr	2627	0.283	12	30
7	Rr	2557	0.276	12	35
7	Rr	2767	0.298	12	40
7	Rr	2911	0.314	12	45
7	Rr	2618	0.282	12	50
7	Rr	2657	0.287	12	55
7	Rr	2814	0.303	13	00
7	Rr	2840	0.306	13	05
7	Rr	3077	0.332	13	10
7	Rr	2894	0.312	13	15
7	Rr	2817	0.304	13	20
7	Rr	2944	0.317	13	25
7	Rr	2955	0.319	13	30
7	Rr	3247	0.350	13	35
7	Rr	2932	0.316	13	40
7	Rr	2521	0.272	13	45
7	Rr	3063	0.330	13	50
7	Rr	3013	0.325	13	55
7	Rr	2961	0.319	14	00
7	Rr	3401	0.367	14	05
7	Rr	3383	0.365	14	10
7	Rr	3458	0.373	14	15
7	Rr	3339	0.360	14	20
7	Rr	3292	0.355	14	25
7	Rr	3729	0.402	14	30
7	Rr	3459	0.373	14	35
7	Rr	3162	0.341	14	40
7	Rr	3226	0.348	14	45
7	Rr	3379	0.364	14	50
7	Rr	3753	0.405	14	55
7	Rr	3577	0.386	15	00
7	Rr	3615	0.390	15	05
7	Rr	3561	0.384	15	10
7	Rr	3622	0.391	15	15
7	Rr	3326	0.359	15	20
7	Rr	3799	0.410	15	25
7	Rr	4018	0.433	15	30
7	Rr	3620	0.390	15	35
7	Rr	3848	0.415	15	40
7	Rr	3832	0.413	15	45
7	Rr	3948	0.426	15	50
7	Rr	4171	0.450	15	55
7	Rr	4022	0.434	16	00
7	Rr	4204	0.453	16	05
7	Rr	3874	0.418	16	10
7	Rr	4257	0.459	16	15
7	Rr	3916	0.422	16	20
7	Rr	3608	0.389	16	25
7	Rr	3993	0.431	16	30
7	Rr	4229	0.456	16	35
7	Rr	4138	0.446	16	40
7	Rr	4184	0.451	16	45
7	Rr	4289	0.462	16	50
7	Rr	4088	0.441	16	55
7	Rr	3976	0.429	17	00
7	Rr	3987	0.430	17	05
7	Rr	4217	0.455	17	10
7	Rr	4005	0.432	17	15
7	Rr	4003	0.432	17	20
7	Rr	4085	0.440	17	25
7	Rr	4179	0.451	17	30
7	Rr	4221	0.455	17	35
7	Rr	4085	0.440	17	40
7	Rr	3971	0.428	17	45
7	Rr	4156	0.448	17	50
7	Rr	3899	0.420	17	55
7	Rr	3600	0.388	18	00
7	Rr	3849	0.415	18	05
7	Rr	4542	0.490	18	10
7	Rr	4355	0.470	18	15
7	Rr	3985	0.430	18	20
7	Rr	4409	0.475	18	25
7	Rr	4180	0.451	18	30
7	Rr	4244	0.458	18	35
7	Rr	4225	0.456	18	40
7	Rr	4210	0.454	18	45
7	Rr	4234	0.457	18	50
7	Rr	4215	0.455	18	55
7	Rr	4689	0.506	19	00
7	Rr	4473	0.482	19	05
7	Rr	4355	0.470	19	10
7	Rr	3998	0.431	19	15
7	Rr	3949	0.426	19	20
7	Rr	3766	0.406	19	25
7	Rr	4023	0.434	19	30
7	Rr	4205	0.453	19	35
7	Rr	4174	0.450	19	40
7	Rr	4312	0.465	19	45
7	Rr	3825	0.412	19	50
7	Rr	3942	0.425	19	55
7	Rr	4069	0.439	20	00
7	Rr	4466	0.482	20	05
7	Rr	4396	0.474	20	10
7	Rr	3948	0.426	20	15
7	Rr	4267	0.460	20	20
7	Rr	4096	0.442	20	25
7	Rr	3701	0.399	20	30
7	Rr	3937	0.425	20	35
7	Rr	4191	0.452	20	40
7	Rr	4522	0.488	20	45
7	Rr	4068	0.439	20	50
7	Rr	3940	0.425	20	55
7	Rr	4254	0.459	21	00
7	Rr	3805	0.410	21	05
7	Rr	4037	0.435	21	10
7	Rr	3876	0.418	21	15
7	Rr	3472	0.374	21	20
7	Rr	4167	0.449	21	25
7	Rr	3579	0.386	21	30
7	Rr	3751	0.404	21	35
7	Rr	3833	0.413	21	40
7	Rr	3816	0.411	21	45
7	Rr	3991	0.430	21	50
7	Rr	3551	0.383	21	55
7	Rr	3686	0.397	22	00
7	Rr	3484	0.376	22	05
7	Rr	3658	0.394	22	10
7	Rr	3356	0.362	22	15
7	Rr	3779	0.407	22	20
7	Rr	3750	0.404	22	25
7	Rr	3436	0.371	22	30
7	Rr	3849	0.415	22	35
7	Rr	3329	0.359	22	40
7	Rr	3373	0.364	22	45
7	Rr	3610	0.389	22	50
7	Rr	3465	0.374	22	55
7	Rr	3876	0.418	23	00
7	Rr	3552	0.383	23	05
7	Rr	3413	0.368	23	10
7	Rr	3355	0.362	23	15
7	Rr	4085	0.440	23	20
7	Rr	3217	0.347	23	25
7	Rr	3054	0.329	23	30
7	Rr	3411	0.368	23	35
7	Rr	3100	0.334	23	40
7	Rr	3106	0.335	23	45
7	Rr	3151	0.340	23	50
7	Rr	2935	0.316	23	55
o	*f	0R	r
o	lRQ	1	927392	3609404966	[unresolved numerical addresses]
Z	*f	-20R	r
Z	lRb	1	42145	3.319	66.249
Z	lRb	1	39927	1.914	69
Z	lRb	1	24853	1.012	46
Z	lRb	1	21475	3.200	157.55
Z	lRb	1	20449	1.770	35
Z	lRb	1	16277	2.352	207.46
Z	lRb	1	16217	2.817	70
Z	lRb	1	15251	1.513	76
Z	lRb	1	14268	2.453	40
Z	lRb	1	13972	1.648	54
Z	lRb	1	12764	1.054	34
Z	lRb	1	12683	1.618	72
Z	lRb	1	12111	0.115	178.137
Z	lRb	1	11496	1.138	75
Z	lRb	1	11177	1.363	5
Z	lRb	1	10575	0.891	74
Z	lRb	1	10386	1.053	123
Z	lRb	1	9694	0.637	71
Z	lRb	1	8934	0.599	37
Z	lRb	1	8468	0.708	65.55
Z	lRb	1	594270	68.824	[not listed: 8487]
S	*f	-50P	r
S	Rb	4702	0.498	14.33.246.211
S	Rb	3327	0.642	192.234.235.103
S	Rb	3248	0.312	192.99.15.146
S	Rb	2341	0.172	100.43.83.148
S	Rb	1992	0.086	66.249.75.109
S	Rb	1829	0.188	37.59.14.116
S	Rb	1781	0.272	75.98.173.33
S	Rb	1597	0.165	78.155.138.20
S	Rb	1543	0.093	199.21.99.79
S	Rb	1459	0.013	92.249.127.111
S	Rb	1330	0.023	109.102.111.58
S	Rb	1312	0.057	205.203.134.197
S	Rb	1304	0.244	5.196.13.127
S	Rb	1276	0.151	208.115.113.82
S	Rb	1270	0.082	95.108.248.29
S	Rb	1142	0.001	91.207.9.226
S	Rb	1107	0.021	66.249.69.97
S	Rb	1081	0.024	66.249.69.81
S	Rb	1051	0.041	66.249.69.192
S	Rb	1039	0.019	66.249.69.89
S	Rb	1030	0.123	5.255.250.90
S	Rb	1024	0.093	95.108.150.235
S	Rb	1012	0.103	192.99.6.132
S	Rb	1000	0.248	75.98.173.84
S	Rb	957	0.231	199.21.99.197
S	Rb	951	0.079	66.249.73.133
S	Rb	815	0.038	178.63.23.80
S	Rb	812	0.118	66.249.64.90
S	Rb	808	0.231	149.202.211.239
S	Rb	791	0.081	192.99.7.55
S	Rb	786	0.148	66.11.128.152
S	Rb	785	0.039	144.76.27.118
S	Rb	784	0.166	79.125.27.96
S	Rb	777	0.001	193.150.120.14
S	Rb	760	0.064	208.115.113.92
S	Rb	756	0.027	82.145.46.102
S	Rb	739	0.012	109.102.111.50
S	Rb	737	0.017	66.249.69.176
S	Rb	704	0.001	109.120.157.179
S	Rb	698	0.032	220.181.125.162
S	Rb	694	0.049	78.155.138.30
S	Rb	686	0.025	66.249.65.212
S	Rb	664	0.068	94.23.59.173
S	Rb	653	0.091	52.21.132.215
S	Rb	649	0.067	46.105.74.59
S	Rb	627	0.019	106.38.241.144
S	Rb	627	0.019	66.249.65.205
S	Rb	627	0.015	66.249.65.219
S	Rb	609	0.063	94.23.215.29
S	Rb	585	0.060	94.23.35.157
S	Rb	868514	94.568	[not listed: 82587]
s	*FR	2013	12	18	21	53
s	*LR	2021	03	12	23	09
s	*f	-20R	s
s	lRS	1	175746	598	http://www.gtaeronautics.com/
s	lRS	1	40491	146	http://gtaeronautics.com/
s	lRS	1	4577	10	https://www.google.com/
s	lRS	1	213	2	https://www.thomasnet.com/
s	lRS	1	238	1	https://www.bing.com/
s	lRS	1	1534	0	http://www.google.com/
s	lRS	1	1159	0	http://www.trainingindustry.com/
s	lRS	1	1121	0	http://www.baidu.com/
s	lRS	1	609	0	http://www.mfgpages.com/
s	lRS	1	604	0	http://www.openfos.com/
s	lRS	1	517	0	http://www.topicway.com/
s	lRS	1	462	0	http://anti-crisis-seo.com/
s	lRS	1	395	0	http://uptime.com/
s	lRS	1	362	0	http://semalt.semalt.com/
s	lRS	1	324	0	http://www.bing.com/
s	lRS	1	301	0	http://chimiver.info/
s	lRS	1	280	0	https://www.google.co.in/
s	lRS	1	262	0	http://google.co.jp/
s	lRS	1	236	0	http://www.thomasnet.com/
s	lRS	1	234	0	http://www.artparquet.ru/
s	lRS	1	46813	73	[not listed: 4171]
f	*FR	2013	12	18	21	53
f	*LR	2021	03	12	23	09
f	*f	-30R	s
f	lRS	1	115932	498	http://www.gtaeronautics.com/
f	lRS	1	27395	122	http://gtaeronautics.com/
f	lRS	1	5276	20	http://gtaeronautics.com/IndNews.html
f	lRS	1	1953	19	http://www.gtaeronautics.com/GT1500 RPAS.html
f	lRS	1	8620	17	http://www.gtaeronautics.com/aboutus.html
f	lRS	1	3929	17	http://www.gtaeronautics.com/index.html
f	lRS	1	4281	10	https://www.google.com/
f	lRS	1	1608	8	http://www.gtaeronautics.com/SRU.html
f	lRS	1	1732	5	http://www.gtaeronautics.com/CompNews.html
f	lRS	1	1439	5	http://www.gtaeronautics.com/IndNews.html
f	lRS	1	1234	5	http://www.gtaeronautics.com/contactus.html
f	lRS	1	1384	3	http://www.gtaeronautics.com/GT50T RPAS.html
f	lRS	1	1187	3	http://gtaeronautics.com/aboutus.html
f	lRS	1	2351	2	http://www.gtaeronautics.com/pna.html
f	lRS	1	2113	2	http://www.gtaeronautics.com/GT380 RPAS.html
f	lRS	1	1464	1	http://www.gtaeronautics.com/EMPLOYMENT.html
f	lRS	1	6680	0	http://www.gtaeronautics.com/CCT&M.html
f	lRS	1	5585	0	http://www.gtaeronautics.com/UASFC.html
f	lRS	1	3888	0	http://www.gtaeronautics.com/ConsultingA.html
f	lRS	1	1967	0	http://www.gtaeronautics.com/uasfc.html
f	lRS	1	1792	0	http://www.gtaeronautics.com/RD.html
f	lRS	1	1743	0	http://www.gtaeronautics.com/CFMT.html
f	lRS	1	1458	0	http://www.gtaeronautics.com/consultinga.html
f	lRS	1	1159	0	http://www.trainingindustry.com/
f	lRS	1	1112	0	http://www.gtaeronautics.com/compnews.html
f	lRS	1	1079	0	http://www.baidu.com/s
f	lRS	1	1039	0	http://www.gtaeronautics.com/links.html
f	lRS	1	892	0	http://www.google.com/url
f	lRS	1	846	0	http://www.gtaeronautics.com/FAQ.html
f	lRS	1	730	0	http://www.gtaeronautics.com/gtaTexan.html
f	lRS	1	64610	93	[not listed: 4780]
n	*FR	2013	12	19	00	28
n	*LR	2020	10	14	09	11
n	*f	0.500000%Q	s
n	Rq	1	91.560	kit
n	Rq	1	91.560	method
n	Rq	2	76.314	crew
n	Rq	28	91.821	aeronautical
n	Rq	1	91.560	airplane.com
n	Rq	5	30.578	faa
n	Rq	1	91.560	moldings
n	Rq	1	91.560	twin
n	Rq	1	91.560	taranis
n	Rq	2	91.560	installerex
n	Rq	2	91.560	http://gtaeronautics.com/
n	Rq	20	61.156	in
n	Rq	1	91.560	scale
n	Rq	1	91.560	observer
n	Rq	1	91.560	drawing?
n	Rq	2	91.560	is
n	Rq	1	91.560	making
n	Rq	2	76.314	fiber
n	Rq	1	91.560	mitsubishi
n	Rq	1	91.560	fuze
n	Rq	1	91.560	http://www.gtaeronautics.com/indnews.html
n	Rq	92	91.560	semalt.com
n	Rq	1	91.560	consultant
n	Rq	15	45.823	manufacturing
n	Rq	1	91.560	2
n	Rq	1	91.560	base
n	Rq	1	91.560	http://gtaeronautics.com/indnews.html
n	Rq	1	91.560	always
n	Rq	28	46.084	engineering
n	Rq	1	91.560	northrop
n	Rq	1	91.560	bandwidth
n	Rq	1	91.560	vegas
n	Rq	3	76.314	basic
n	Rq	1	91.560	qinetiq
n	Rq	1	91.560	tooling
n	Rq	1	91.560	on
n	Rq	1	91.560	heavy
n	Rq	9	91.647	drawings
n	Rq	1	91.560	fia
n	Rq	4	91.560	louis%20vuitton%20fashion%20valley%20phone%20number
n	Rq	3	91.560	llc
n	Rq	3	61.069	rullman
n	Rq	1	91.560	cowling
n	Rq	32	61.069	sale
n	Rq	64	15.332	outlet
n	Rq	1	91.560	rotax
n	Rq	1	91.560	ucav
n	Rq	28	61.330	texan
n	Rq	1	91.560	a
n	Rq	2	91.560	customer
n	Rq	1	91.560	rpa
n	Rq	2	76.314	110cc
n	Rq	30	91.560	designer
n	Rq	20	30.578	www.gtaeronautics.com
n	Rq	1	91.560	work
n	Rq	1	91.560	thomas
n	Rq	1	91.560	engie
n	Rq	1	91.560	qualification
n	Rq	1	91.560	custom
n	Rq	1	91.560	mk3
n	Rq	1	91.560	t
n	Rq	1	91.560	uavs
n	Rq	1	91.560	w
n	Rq	2	91.560	satisfaction
n	Rq	2	76.314	x
n	Rq	1	91.560	crews
n	Rq	3	91.560	photos
n	Rq	1	91.560	finnemeccia
n	Rq	2	76.314	glass
n	Rq	1	61.069	to
n	Rq	1	91.560	gcs
n	Rq	5	30.578	engineer
n	Rq	1	91.560	government
n	Rq	1	91.560	operator
n	Rq	6	15.332	aircraft
n	Rq	1	91.560	with
n	Rq	97	76.314	number
n	Rq	4	61.069	for
n	Rq	1	91.560	december
n	Rq	2	76.314	aero
n	Rq	9	76.314	equipment
n	Rq	2	76.314	engine
n	Rq	1	91.560	mq1
n	Rq	2	76.314	wy
n	Rq	1	91.560	custum
n	Rq	1	91.560	g.t
n	Rq	1	91.560	mechanics
n	Rq	1	76.314	motors
n	Rq	1	91.560	tdw
n	Rq	32	30.578	luggage
n	Rq	1	91.560	opportunities
n	Rq	175	61.243	vuitton
n	Rq	1	91.560	show
n	Rq	1	61.069	the
n	Rq	1	91.560	luggages
n	Rq	1	91.560	stroke
n	Rq	2	91.560	explore
n	Rq	39	76.314	handbags
n	Rq	2	76.314	electric
n	Rq	1	91.560	space
n	Rq	1	76.314	air
n	Rq	1	91.560	quote
n	Rq	1	91.560	require
n	Rq	1	91.560	mpp
n	Rq	4	76.314	jobs
n	Rq	5	30.578	uas
n	Rq	1	91.560	anything
n	Rq	1	91.560	china
n	Rq	1	91.560	airplane
n	Rq	10	61.156	uav
n	Rq	2	91.560	wmaid.com
n	Rq	3	45.823	drone
n	Rq	2	91.560	facebook
n	Rq	1	91.560	college
n	Rq	4	45.823	onboard
n	Rq	3	76.314	gtaeronautics.com
n	Rq	1	91.560	qulificationa
n	Rq	21	15.420	simi
n	Rq	1	91.560	and
n	Rq	5	61.069	flight
n	Rq	17	15.420	at6
n	Rq	1	91.560	xtreme
n	Rq	1	91.560	maintenance
n	Rq	1	91.560	cody
n	Rq	1	91.560	systems
n	Rq	1	91.560	any
n	Rq	1	91.560	tom
n	Rq	1	91.560	payload
n	Rq	2	76.314	gta
n	Rq	2	91.560	granger
n	Rq	6	30.578	molding
n	Rq	2	91.560	easylifeapp
n	Rq	1	91.560	rating
n	Rq	2	91.560	whitelaw
n	Rq	2	76.314	ice
n	Rq	2	91.560	http://www.gtaeronautics.com/compnews.html
n	Rq	5	76.314	engineers
n	Rq	3	76.314	composite
n	Rq	1	91.560	skyforce
n	Rq	1	91.560	eengineer
n	Rq	175	61.243	louis
n	Rq	8	91.560	store
n	Rq	4	45.823	starter
n	Rq	14	45.823	cheap
n	Rq	1	91.560	diamond
n	Rq	10	76.401	bme
n	Rq	1	91.560	america2009
n	Rq	7	91.560	content
n	Rq	1	91.560	challenge
n	Rq	2	76.314	aeronautic
n	Rq	1	91.560	piece
n	Rq	1	91.560	how
n	Rq	1	91.560	male
n	Rq	2	76.314	design
n	Rq	2	76.314	flying
n	Rq	1	91.560	carbon
n	Rq	1	91.560	operation
n	Rq	2	91.560	profile
n	Rq	1	91.560	tomas
n	Rq	1	91.560	cia
n	Rq	1	91.560	hummingbird
n	Rq	1	91.560	iron
n	Rq	1	91.560	california
n	Rq	1	91.560	amphibian
n	Rq	1	91.560	110
n	Rq	1	91.560	mentioned
n	Rq	1	91.560	111
n	Rq	1	91.560	over
n	Rq	25	91.821	http://www.gtaeronautics.com/
n	Rq	1	91.560	google.com
n	Rq	1	91.560	fuel
n	Rq	2	91.560	inc
n	Rq	1	91.560	handbag.com
n	Rq	1	91.560	da42
n	Rq	2	76.314	certification
n	Rq	1	91.560	timing
n	Rq	1	91.560	2015
n	Rq	1	91.560	home
n	Rq	1	91.560	aerospacecompanies
n	Rq	1	91.560	anti
n	Rq	1	91.560	ziroli
n	Rq	1	91.560	sketches
n	Rq	5	91.560	purses
n	Rq	1	91.560	downlink
n	Rq	3	91.560	aeronotics
n	Rq	1	91.560	nanotechnology
n	Rq	1	91.560	zephyr
n	Rq	4	91.560	wyoming
n	Rq	2	91.560	technology
n	Rq	3	61.069	companies
n	Rq	1	91.560	muffler
n	Rq	2	91.560	avia
n	Rq	2	91.560	what
n	Rq	145	30.752	valley
n	Rq	1	91.560	microwave
n	Rq	1	91.560	mold
n	Rq	5	45.823	pglm
n	Rq	1	91.560	specialist
n	Rq	23	15.507	drawing
n	Rq	1	91.560	tool
n	Rq	1	91.560	security
n	Rq	6	76.314	prototypes
n	Rq	1	91.560	giant
n	Rq	1	91.560	powell
n	Rq	4	45.823	unmanned
n	Rq	34	30.839	aeronautics
n	Rq	1	91.560	radius
n	Rq	1	91.560	zero
n	Rq	1	91.560	tobbot
n	Rq	2	76.314	job
n	Rq	2	76.314	neverfull
n	Rq	1	91.560	onbordstarter
n	Rq	20	45.823	ca
n	Rq	1	76.314	as
n	Rq	13	15.420	at
n	Rq	5	30.578	techniques
n	Rq	1	91.560	does
n	Rq	1	91.560	commercial
n	Rq	1	91.560	www.gt
n	Rq	1	91.560	de
n	Rq	1	91.560	co
n	Rq	1	91.560	speedy
n	Rq	1	91.560	rpas
n	Rq	2	76.314	instrument
n	Rq	1	91.560	do
n	Rq	1	91.560	quotation
n	Rq	3	61.069	training
n	Rq	1	91.560	efi
n	Rq	1	91.560	careers
n	Rq	3	61.069	pilot
n	Rq	9	91.647	bandito
n	Rq	4	45.823	quotes
n	Rq	107	45.823	phone
n	Rq	1	91.560	stations
n	Rq	1	91.560	traing
n	Rq	203	0.870	[not listed: 6]
N	*FR	2013	12	19	00	28
N	*LR	2020	10	14	09	11
N	*f	-200Q	s
N	RQ	25	3692397340	http://www.gtaeronautics.com/
N	RQ	8	3685399376	at6 texan
N	RQ	1	3681900394	uavs flying over simi valley ca
N	RQ	1	3681900394	gt aeronautics simi valley california
N	RQ	1	3681900394	aeronautical engineer quote
N	RQ	1	3681900394	does aeronautical engineering require drawing?
N	RQ	1	3681900394	how to do gt in engineering drawing
N	RQ	2	3681900394	http://gtaeronautics.com/
N	RQ	1	3681900394	the government college g.t aeronautics
N	RQ	1	3681900394	bme engine
N	RQ	1	3681900394	uas gcs
N	RQ	1	3681900394	http://www.gtaeronautics.com/indnews.html
N	RQ	92	3681900394	semalt.com
N	RQ	1	3681900394	aero iron mentioned nanotechnology hummingbird uav
N	RQ	1	3681900394	basic fiberglass techniques
N	RQ	1	3681900394	http://gtaeronautics.com/indnews.html
N	RQ	1	3681900394	finnemeccia co
N	RQ	2	3681900394	drawing for customer satisfaction
N	RQ	1	3681900394	cheap louis vuitton speedy handbag.com
N	RQ	1	3681900394	at 6
N	RQ	1	3681900394	quotation specialist engineer drawings
N	RQ	1	3681900394	challenge xtreme 111 piece mechanics tool kit
N	RQ	1	3681900394	uav commercial crew stations
N	RQ	1	3681900394	da42 mpp microwave downlink bandwidth
N	RQ	1	3681900394	anti ice de ice qinetiq zephyr
N	RQ	4	3681900394	louis%20vuitton%20fashion%20valley%20phone%20number
N	RQ	1	3681900394	faa uas pilot certification
N	RQ	1	3681900394	any flying crews in gta
N	RQ	1	3681900394	aerospace drawing
N	RQ	1	3681900394	fiber glass molding job
N	RQ	1	3681900394	aircraft design consultant
N	RQ	1	3681900394	www.gt airplane.com
N	RQ	3	3681900394	gt in aeronotics
N	RQ	1	3681900394	tom rullman
N	RQ	1	3681900394	gt aeronautics simi valley ca
N	RQ	1	3681900394	drone base in simi valley
N	RQ	1	3681900394	fiberglass mold making techniques
N	RQ	1	3681900394	rpa instrument qualification faa instrument rating
N	RQ	1	3681900394	extreme bme
N	RQ	1	3681900394	uas faa maintenance
N	RQ	1	3681900394	louis vuitton neverfull
N	RQ	1	3681900394	fiberglass techniques
N	RQ	1	3681900394	aircraft companies in simi valley
N	RQ	1	3681900394	custom fiberglass moldings
N	RQ	11	3681900394	louis vuitton luggage cheap
N	RQ	1	3681900394	anything
N	RQ	1	3681900394	aeronautical engineering sketches
N	RQ	1	3681900394	gtaeronautics.com
N	RQ	1	3681900394	giant scale ziroli at 6
N	RQ	9	3681900394	outlet louis vuitton handbags
N	RQ	1	3681900394	cowling drawing
N	RQ	1	3681900394	mitsubishi zero
N	RQ	1	3681900394	powell wy gt aeronautics
N	RQ	2	3681900394	what is gt in basic engineering drawing
N	RQ	2	3681900394	composite molding
N	RQ	1	3681900394	aeronautics in simi valley and security work
N	RQ	3	3681900394	gt aeronautics llc jobs
N	RQ	1	3681900394	crew flight gta
N	RQ	1	3681900394	110cc engine timing
N	RQ	1	3681900394	aeronautical engineer quotes
N	RQ	2	3681900394	http://www.gtaeronautics.com/compnews.html
N	RQ	4	3681900394	wyoming flight engineers
N	RQ	1	3681900394	a t 6
N	RQ	1	3681900394	gt aeronautics unmanned air
N	RQ	1	3681900394	fia gt composite tooling
N	RQ	1	3681900394	uas pilot certification
N	RQ	1	3681900394	quotes on aeronautical engineers
N	RQ	1	3681900394	payload for diamond northrop twin engie aircraft
N	RQ	7	3681900394	content
N	RQ	1	3681900394	bme 110
N	RQ	1	3681900394	thomas w rullman gt aeronautics
N	RQ	1	3681900394	luggages for sale
N	RQ	2	3681900394	easylifeapp profile
N	RQ	2	3681900394	simi gt
N	RQ	1	3681900394	mq1 design fuel
N	RQ	1	3681900394	airplane as always cia america2009
N	RQ	1	3681900394	eengineer drawing home
N	RQ	1	3681900394	heavy equipment operator jobs
N	RQ	1	3681900394	aero space drone simi valley
N	RQ	1	3681900394	cheap louis vuitton luggage
N	RQ	1	3681900394	2 stroke electric onboard starter
N	RQ	1	3681900394	skyforce observer mk3
N	RQ	1	3681900394	simi valley unmanned aircraft
N	RQ	2	3681900394	granger whitelaw avia
N	RQ	1	3681900394	louis vuitton fashion valley neverfull
N	RQ	1	3681900394	louis vuitton job opportunities
N	RQ	1	3681900394	google.com
N	RQ	1	3681900394	uas operation training method
N	RQ	2	3681900394	wmaid.com explore gtaeronautics.com
N	RQ	1	3681900394	custum muffler 110cc
N	RQ	1	3681900394	glass manufacturing drawings
N	RQ	1	3681900394	electric motors x male uav x sale
N	RQ	1	3681900394	aerospacecompanies in simi valley
N	RQ	1	3681900394	fiberglass molding
N	RQ	2	3681900394	aeronautical technology inc
N	RQ	1	3681900394	taranis ucav
N	RQ	1	3681900394	vegas drone uav show december 2015
N	RQ	1	3681900394	uav companies in simi valley
N	RQ	1	3681900394	unmanned aircraft systems pilot training
N	RQ	2	3681900394	installerex facebook
N	RQ	3	3681900394	texan at6 photos
N	RQ	1	3681900394	aeronautic engineer
N	RQ	30	3681900394	designer handbags outlet sale
N	RQ	1	3681900394	rpas qulificationa traing with faa
N	RQ	1	3681900394	faa uav training
N	RQ	1	3681900394	uav companies simi valley
N	RQ	5	3681900394	louis vuitton purses outlet
N	RQ	1	3681900394	aeronautics
N	RQ	1	3681900394	cheap louis vuitton luggage outlet
N	RQ	1	3681900394	gt aeronautics tomas rullman
N	RQ	1	3681900394	tobbot
N	RQ	1	3681900394	radius tdw efi fuze
N	RQ	8	3681900394	manufacturing equipment store in simi valley
N	RQ	1	3681900394	aeronautic engineer quotes
N	RQ	1	3681900394	onbordstarter
N	RQ	1	3681900394	rotax amphibian unmanned china
N	RQ	1	3681900394	aeronautical engineering quotes
N	RQ	1	3681900394	drawing aircraft engineering
N	RQ	1	3681900394	gt aeronautics careers
N	RQ	1	3681900394	gt aeronautics bandito
N	RQ	1	3681900394	cody wy carbon fiber
N	RQ	9	3072332474	at 6 texan
N	RQ	2	3068833492	fiberglass molding techniques
N	RQ	6	3068833492	manufacturing aeronautical prototypes
N	RQ	19	3068833492	louis vuitton luggage outlet
N	RQ	10	3068833492	louis vuitton fashion valley phone
N	RQ	97	3068833492	louis vuitton fashion valley phone number
N	RQ	2	3068833492	texan at 6
N	RQ	18	3068833492	louis vuitton fashion valley ca
N	RQ	3	2455766590	bandito uav
N	RQ	3	2455766590	onboard starter
N	RQ	6	1842699688	texan at6
N	RQ	5	1842699688	bandito pglm
N	RQ	14	1233131768	aeronautical engineering drawing
N	RQ	20	1229632786	www.gtaeronautics.com
N	RQ	7	616565884	bme extreme
N	RQ	7	616565884	aerospace engineering drawings
N	RQ	20	6997964	gt aeronautics
B	*f	-40R	r
B	Rb	34103	4.847	Mozilla/5.0 (compatible; bingbot/2.0;  http://www.bing.com/bingbot.htm)
B	Rb	26001	1.706	ZoominfoBot (zoominfobot at zoominfo dot com)
B	Rb	25708	1.897	Mozilla/5.0 (compatible; Googlebot/2.1;  http://www.google.com/bot.html)
B	Rb	15631	1.557	Mozilla/4.0 (compatible; MSIE 6.0; Windows NT 5.1; SV1)
B	Rb	12468	2.263	Mozilla/5.0 (iPhone; CPU iPhone OS 7_0 like Mac OS X) AppleWebKit/537.51.1 (KHTML, like Gecko) Version/7.0 Mobile/11A465 Safari/9537.53 (compatible; bingbot/2.0;  http://www.bing.com/bingbot.htm)
B	Rb	9874	1.125	Mozilla/5.0 (compatible; Baiduspider/2.0;  http://www.baidu.com/search/spider.html)
B	Rb	9818	1.125	Mozilla/5.0 (compatible; YandexBot/3.0;  http://yandex.com/bots)
B	Rb	9626	0.916	Mozilla/5.0 (Windows NT 6.1; WOW64; Trident/7.0; rv:11.0) like Gecko
B	Rb	8061	1.510	Mozilla/4.0 (compatible; MSIE 7.0; Windows NT 5.1; .NET CLR 1.1.4322; .NET CLR 2.0.50727)
B	Rb	7398	0.686	Mozilla/5.0 (compatible; Yahoo! Slurp; http://help.yahoo.com/help/us/ysearch/slurp)
B	Rb	7100	0.358	Mozilla/4.0 (compatible; MSIE 6.0; Windows NT 5.1; SV1; .NET CLR 2.0.50727)
B	Rb	6931	0.313	Mozilla/4.0 (compatible;)
B	Rb	6398	0.520	Mozilla/4.0 (compatible; MSIE 6.0; Windows NT 5.1)
B	Rb	6164	0.075	Mozilla/4.0 (compatible; MSIE 7.0; Windows NT 5.1; .NET CLR 1.1.4322; .NET CLR 2.0.50727; .NET CLR 3.0.4506.2152; .NET CLR 3.5.30729)
B	Rb	6150	0.588	Mozilla/4.0 (compatible; MSIE 7.0; Windows NT 6.1; WOW64; Trident/5.0; SLCC2; .NET CLR 2.0.50727; .NET CLR 3.5.30729; .NET CLR 3.0.30729; Media Center PC 6.0; .NET4.0C; .NET4.0E)
B	Rb	6059	0.374	Mozilla/5.0 (Windows NT 6.1; WOW64) AppleWebKit/537.36 (KHTML, like Gecko) Chrome/36.0.1985.143 Safari/537.36
B	Rb	5848	0.443	Sosospider ( http://help.soso.com/webspider.htm)
B	Rb	5677	0.186	Googlebot-Image/1.0
B	Rb	5436	0.505	Mozilla/5.0 (Windows; U; Windows NT 5.1; en-US; rv:1.7.2) Gecko/20040804 Netscape/7.2 (ax)
B	Rb	5308	0.216	Mozilla/4.0 (compatible; MSIE 7.0; Windows NT 5.1; .NET CLR 1.1.4322; .NET CLR 2.0.50727; .NET CLR 3.0.04506.30)
B	Rb	5198	0.534	Mozilla/4.0 (compatible; MSIE 7.0; Windows NT 5.1)
B	Rb	4870	0.201	Mozilla/5.0 (compatible; MSIE 9.0; Windows NT 6.1; WOW64; Trident/5.0)
B	Rb	4757	0.590	Sogou web spider/4.0( http://www.sogou.com/docs/help/webmasters.htm#07)
B	Rb	4446	0.295	Mozilla/5.0 (compatible; Yahoo! Slurp/3.0; http://help.yahoo.com/help/us/ysearch/slurp)
B	Rb	4388	1.321	Mozilla/5.0 (Windows NT 6.3; WOW64) AppleWebKit/537.36 (KHTML, like Gecko) Chrome/33.0.1736.0 Safari/537.36
B	Rb	4368	0.058	Mozilla/4.0 (compatible; MSIE 7.0; Windows NT 5.1; .NET CLR 2.0.50727; .NET CLR 3.0.4506.2152; .NET CLR 3.5.30729)
B	Rb	4114	0.621	Mozilla/5.0 (Linux; Android 6.0.1; Nexus 5X Build/MMB29P) AppleWebKit/537.36 (KHTML, like Gecko) Chrome/41.0.2272.96 Mobile Safari/537.36 (compatible; Googlebot/2.1;  http://www.google.com/bot.html)
B	Rb	4082	0.695	Mozilla/5.0 (iPhone; CPU iPhone OS 7_0 like Mac OS X) AppleWebKit/537.51.1 (KHTML, like Gecko) Version/7.0 Mobile/11A465 Safari/9537.53 BingPreview/1.0b
B	Rb	3758	0.248	Mozilla/4.0 (compatible; MSIE 6.0; Windows NT 5.1; SV1; .NET CLR 1.1.4322)
B	Rb	3595	0.464	Mozilla/4.0 (compatible; MSIE 7.0; Windows NT 5.1; InfoPath.2; .NET CLR 2.0.50727; .NET CLR)
B	Rb	3493	0.299	Mozilla/5.0 (compatible; MJ12bot/v1.4.5; http://www.majestic12.co.uk/bot.php? )
B	Rb	3481	0.205	Mozilla/5.0 (X11; Datanyze; Linux x86_64) AppleWebKit/537.36 (KHTML, like Gecko) Chrome/65.0.3325.181 Safari/537.36
B	Rb	3250	0.585	PRurl
B	Rb	3206	0.903	Mozilla/4.0 (compatible; MSIE 7.0; Windows NT 5.1; .NET CLR 2.0.50727; .NET CLR 1.1.4322)
B	Rb	3146	0.114	Mozilla/5.0 (compatible; SeznamBot/3.2;  http://napoveda.seznam.cz/en/seznambot-intro/)
B	Rb	3062	0.132	Mozilla/4.0 (compatible; MSIE 7.0; Windows NT 5.1; .NET CLR 1.1.4322)
B	Rb	3049	0.068	Mozilla/4.0 (compatible; MSIE 8.0; Windows NT 5.1; Trident/4.0; .NET CLR 2.0.50727; .NET CLR 3.0.4506.2152; .NET CLR 3.5.30729; .NET4.0C; .NET CLR 1.1.4322)
B	Rb	2876	0.355	Mozilla/5.0 (compatible; MSIE 9.0; Windows NT 6.1; Trident/5.0)
B	Rb	2870	0.272	Mozilla/4.0 (compatible; MSIE 6.0; Windows NT 5.1; SV1; .NET CLR 1.1.4322; .NET CLR 2.0.50727)
B	Rb	2806	0.532	Mozilla/5.0 (Windows NT 6.1; WOW64; rv:40.0) Gecko/20100101 Firefox/40.1
B	Rb	623740	70.295	[not listed: 18988]
b	*f	-15Q	s
b	lRQq	1	26001	3681900572	6748.263	ZoominfoBot (zoominfobot at zoominfo dot com)
b	lRQq	1	255044	4016831423	7362.131	MSIE
b	lRQq	2	90986	727043273	1332.540	MSIE/6
b	lRQq	2	99692	1115430216	2044.383	MSIE/7
b	lRQq	2	13225	3776372910	6921.414	MSIE/9
b	lRQq	2	5966	1278618537	2343.478	MSIE/5
b	lRQq	2	37405	703295385	1289.014	MSIE/8
b	lRQq	2	4755	3765875962	6902.174	MSIE/10
b	lRQq	2	12	3681900394	6748.262	MSIE/11
b	lRQq	2	698	3068833492	5624.621	MSIE/2
b	lRQq	2	371	1842699688	3377.338	MSIE/3
b	lRQq	2	403	1229632786	2253.696	MSIE/4
b	lRQq	1	379	3681900413	6748.262	YelpBot (https:
b	lRQq	2	379	3681900413	6748.262	YelpBot (https://www
b	lRQq	1	652	3681900411	6748.262	The Knowledge AI
b	lRQq	1	3250	3681900399	6748.262	PRurl
b	lRQq	1	13	3681900398	6748.262	Expanse indexes the network perimeters of our customers. If you have any questions or concerns, please reach out to: scaninfo@expanseinc.com
b	lRQq	1	4	3681900396	6748.262	node-fetch
b	lRQq	2	4	3681900396	6748.262	node-fetch/1
b	lRQq	1	6	3681900395	6748.262	SeobilityBot (SEO Tool; https:
b	lRQq	2	6	3681900395	6748.262	SeobilityBot (SEO Tool; https://www
b	lRQq	1	314	3688898358	6761.088	Wget
b	lRQq	2	314	3688898358	6761.088	Wget/1
b	lRQq	1	20	3688898358	6761.088	com.google.GoogleMobile
b	lRQq	2	1	3681900394	6748.262	com.google.GoogleMobile/72
b	lRQq	2	1	3681900394	6748.262	com.google.GoogleMobile/65
b	lRQq	2	3	3681900394	6748.262	com.google.GoogleMobile/38
b	lRQq	2	3	3681900394	6748.262	com.google.GoogleMobile/60
b	lRQq	2	1	3681900394	6748.262	com.google.GoogleMobile/61
b	lRQq	2	2	3681900394	6748.262	com.google.GoogleMobile/34
b	lRQq	2	2	3068833492	5624.621	com.google.GoogleMobile/62
b	lRQq	2	2	3068833492	5624.621	com.google.GoogleMobile/67
b	lRQq	2	2	3068833492	5624.621	com.google.GoogleMobile/41
b	lRQq	2	3	2455766590	4500.979	com.google.GoogleMobile/42
b	lRQq	1	32	3688898358	6761.088	WordPress
b	lRQq	2	19	1846198670	3383.751	WordPress/4
b	lRQq	2	13	1842699688	3377.338	WordPress/3
b	lRQq	1	253	3685399376	6754.675	"Mozilla
b	lRQq	2	253	3685399376	6754.675	"Mozilla/5
b	lRQq	1	6	3681900394	6748.262	
b	lRQq	2	6	3681900394	6748.262	/n
b	lRQq	1	1	3681900394	6748.262	Go http package
b	lRQq	1	45	3681900394	6748.262	Nokia6280
b	lRQq	2	45	3681900394	6748.262	Nokia6280/2
b	lRQq	1	632294	301205527	552.056	[not listed: 777]
p	*f	0Q	s
p	lR	1	513130	Windows
p	lR	2	216233	Unknown Windows
p	lR	2	43030	Windows NT
p	lR	2	238028	Windows XP
p	lR	2	9216	Windows 2000
p	lR	2	1397	Windows ME
p	lR	2	2146	Windows 95
p	lR	2	389	Windows CE
p	lR	2	2314	Windows 98
p	lR	2	377	Windows 3.1
p	lR	1	214786	OS unknown
p	lR	1	65306	Known robots
p	lR	1	48937	Unix
p	lR	2	48186	Linux
p	lR	2	683	Other Unix
p	lR	2	22	SunOS
p	lR	2	43	BSD
p	lR	2	3	HP-UX
p	lR	1	76124	Macintosh
p	lR	2	72098	Unknown Macintosh
p	lR	2	915	Macintosh 68k
p	lR	2	3111	Macintosh PowerPC
p	lR	1	16	WebTV
p	lR	1	1	BeOS
p	lR	1	8	OS/2
p	lR	1	6	Amiga
i	*f	0R	s
i	lRc	1	534441	35.524	[root directory]
i	lRc	1	246449	64.201	/images/
i	lRc	1	94926	0.148	/js/
i	lRc	1	49936	0.126	/css/
i	lRc	1	865	0.000	/videos/
i	lRc	1	541	0.000	/client/
i	lRc	1	1	0.000	/cgi-bin/
i	lRc	1	172	0.000	/dev/
i	lRc	2	23	0.000	/dev/css/
i	lRc	2	44	0.000	/dev/js/
i	lRc	2	59	0.000	/dev/images/
i	lRc	1	1	0.000	/secure/
i	lRc	1	60	0.000	/stats/
r	*f	0.050000%S	s
r	lRSc	1	21638	35	18.848	/compnews.html
r	lRSc	1	12268	32	1.025	/pna.html
r	lRSc	1	25244	32	1.616	/aboutus.html
r	lRSc	1	16359	30	2.132	/consultinga.html
r	lRSc	1	15767	30	1.498	/cfmt.html
r	lRSc	1	16556	30	0.935	/contactus.html
r	lRSc	1	4327	29	1.598	/gt1500+rpas.html
r	lRSc	1	20440	27	2.154	/uasfc.html
r	lRSc	1	4203	26	1.419	/gt380+rpas.html
r	lRSc	1	15754	26	1.786	/cct&m.html
r	lRSc	1	7370	25	1.386	/sru.html
r	lRSc	1	3968	22	1.172	/gt50t+rpas.html
r	lRSc	1	13775	21	0.815	/employment.html
r	lRSc	1	13220	20	0.938	/indevents.html
r	lRSc	1	30	20	1.041	/gt100hl+rpas.html
r	lRSc	1	26407	18	59.426	/indnews.html
r	lRSc	2	124	0	0.000	/indnews.html?referer=www.clickfind.com.au/wp-login.php
r	lRSc	2	1	0	0.000	/indnews.html?referer=top1.co.pl
r	lRSc	2	1	0	0.000	/indnews.html?referer=www.clickfind.com.au//wp-content/themes/busybee/thumb.php?src=http://blogger.com.opontodaarte.com.br/java.php
r	lRSc	1	13845	14	0.860	/links.html
r	lRSc	1	12024	14	0.895	/faq.html
r	lRSc	1	9326	5	0.293	/rd.html
r	lRSc	1	3745	1	0.056	/banditomav.html
r	lRSc	1	3837	1	0.050	/gtatexan.html
r	lRSc	1	3662	1	0.056	/bandituas.html
r	lRSc	1	1	0	0.000	/client/bandito timeline2007.html
r	lRSc	1	2	0	0.000	/client/bandit+timeline2004.html
r	lRSc	1	1	0	0.000	/stats/quick.html
r	lRSc	1	1	0	0.000	/404.htm
r	lRSc	1	12	0	0.000	/client/gta010707002.html
r	lRSc	1	72	0	0.000	/client/bandito+development.html
r	lRSc	1	135	0	0.000	/client/welcome.html
r	lRSc	1	3	0	0.000	/client/gta021305001.html
r	lRSc	1	1	0	0.000	/stats/browserrep.html
r	lRSc	1	741	0	0.000	/gt50t rpas.html
r	lRSc	1	5	0	0.000	/client/gta012405001.html
r	lRSc	1	2	0	0.000	/dev/contactus.html
r	lRSc	1	3	0	0.000	/stats/general.html
r	lRSc	1	1	0	0.000	/dev/aboutus.html
r	lRSc	1	18	0	0.000	/client/tacamo+development.html
r	lRSc	1	1	0	0.000	/client/bandit development.html
r	lRSc	1	17	0	0.000	/client/bandit+timeline2008.html
r	lRSc	1	1	0	0.000	/client/bandito+timeline2005.html
r	lRSc	1	23	0	0.000	/client/projectbids.html
r	lRSc	1	1	0	0.000	/stats/host.html
r	lRSc	1	11	0	0.000	/client/rq2+outlaw.html
r	lRSc	1	1	0	0.000	/client/bandit timeline2008.html
r	lRSc	1	20	0	0.000	/client/clientpna.html
r	lRSc	1	15	0	0.000	/client/bandit.html
r	lRSc	1	2	0	0.000	/stats/default.asp
r	lRSc	1	21	0	0.000	/index.htm
r	lRSc	1	1	0	0.000	/cgi-bin/testms.pl
r	lRSc	1	974	0	0.000	/gtamt.html
r	lRSc	1	14	0	0.000	/client/rq1+bandit.html
r	lRSc	1	2253	0	0.000	/gt1500 rpas.html
r	lRSc	1	6	0	0.000	/client/gta021305002.html
r	lRSc	1	4	0	0.000	/client/gta121004001.html
r	lRSc	1	24	0	0.000	/client/tacamo.html
r	lRSc	1	30	0	0.000	/client/mgqgcyat.asp
r	lRSc	1	1	0	0.000	/dev/client.cgi
r	lRSc	1	18702	0	0.000	/default.asp
r	lRSc	1	1666	0	0.000	/gt380 rpas.html
r	lRSc	1	1	0	0.000	/client/bandito+timeline2006.html
r	lRSc	1	16	0	0.000	/client/rq3+bandito.html
r	lRSc	1	1	0	0.000	/dev/uasfc.html
r	lRSc	1	229	0	0.000	/client.cgi
r	lRSc	1	71	0	0.000	/client/bandit+development.html
r	lRSc	1	2	0	0.000	/client/bandito development.html
r	lRSc	1	2	0	0.000	/stats/yearly.html
r	lRSc	1	2	0	0.000	/stats/domain.html
r	lRSc	1	1	0	0.000	/stats/monthly.html
r	lRSc	1	1	0	0.000	/stats/weekly.html
r	lRSc	1	8	0	0.000	/client/gta010707001.html
r	lRSc	1	3979	0	0.000	/uavengines.html
r	lRSc	1	3749	0	0.000	/bidspridpass.html
r	lRSc	1	6356	0	0.000	/pridpass.html
r	lRSc	1	12	0	0.000	/client/bandito.html
r	lRSc	1	1	0	0.000	/dev/pna.html
r	lRSc	1	1	0	0.000	/client/tacamo development.html
r	lRSc	1	3	0	0.000	/stats/index.htm
r	lRSc	1	3	0	0.000	/stats/nav.html
r	lRSc	1	1	0	0.000	/stats/quarterly.html
r	lRSc	1	2	0	0.000	/stats/directory.html
r	lRSc	1	2	0	0.000	/stats/organisation.html
r	lRSc	1	8	0	0.000	/client/bandito+timeline2007.html
r	lRSc	1	7	0	0.000	/client/bandit+timeline2007.html
r	lRSc	1	1	0	0.000	/dev/pridpass.html
t	*f	0.100000%B	b
t	lRb	1	284020	40.018	.html [Hypertext Markup Language]
t	lRb	1	189261	27.725	.jpg  [JPEG graphics]
t	lRb	1	218754	22.227	[directories]
t	lRb	1	778	3.656	.wmv
t	lRb	1	87	3.589	.mpg  [MPEG movie]
t	lRb	1	18734	1.544	.asp  [Active Server REQUESTS]
t	lRb	1	57265	0.457	.gif  [GIF graphics]
t	lRb	1	94970	0.362	.js  [JavaScript code]
t	lRb	1	49951	0.321	.css  [Cascading Style Sheets]
t	lRb	1	13305	0.102	.ico
t	lRb	1	267	0.001	[not listed: 5]
z	*FR	2009	06	30	04	42
z	*LR	2021	03	12	23	48
z	ScR	162	0.000	67872	0
z	ScR	0	0.000	0	1b-  10b
z	ScR	0	0.000	0	11b- 100b
z	ScR	34	0.005	78137	101b-  1kb
z	ScR	608	2.796	430769	1kb- 10kb
z	ScR	606	30.547	299568	10kb-100kb
z	ScR	214	51.927	50408	100kb-  1Mb
z	ScR	5	14.724	595	1Mb- 10Mb
z	ScR	0	0.000	43	10Mb-100Mb
c	*FR	2014	03	02	13	52
c	*LR	2021	03	12	23	48
c	*f	0R	a
c	R	847592	200 OK
c	R	6140	206 Partial content
c	R	102	301 Document moved permanently
c	R	77	302 Document found elsewhere
c	R	73660	304 Not modified since last retrieval
c	R	560	400 Bad request
c	R	207	401 Authentication required
c	R	143	403 Access forbidden
c	R	391020	404 Document not found
c	R	721	405 Method not allowed
c	R	463	406 Document not acceptable to client
c	R	60	416 Requested range not valid
c	R	612	500 Internal server error
c	R	127	501 Request type not supported
I	*FR	2007	12	11	00	52
I	*LR	2021	03	12	23	22
I	*f	-30S	s
I	lRS	1	92887	142	/robots.txt
I	lRS	1	2461	14	/ads.txt
I	lRS	1	5709	10	/wp-login.php
I	lRS	1	85	6	/android
I	lRS	1	85	6	/ios
I	lRS	1	120	6	/mobile
I	lRS	1	85	6	/mobile-app
I	lRS	1	85	6	/downloads
I	lRS	1	355	6	/.env
I	lRS	1	616	4	/videos/bandito+004+flt+8+clip+092508.wmv
I	lRS	1	76	4	/admin
I	lRS	1	813	3	/
I	lRS	1	252	3	/administrator/
I	lRS	1	172	3	/blog/wp-login.php
I	lRS	1	131	3	/wp/wp-login.php
I	lRS	1	141	3	/wordpress/wp-login.php
I	lRS	1	794	2	/administrator/index.php
I	lRS	1	420	2	/wp-admin/
I	lRS	1	20	2	/wp-includes/fonts/css.php
I	lRS	1	96	2	/images/rq3b+005+006.jpg
I	lRS	1	22	2	/wp-includes/css/css.php
I	lRS	1	1459	2	/xmlrpc.php
I	lRS	1	13	2	/config.bak.php
I	lRS	1	222	2	/admin/
I	lRS	1	108	2	/images/rq3b+005+006a.jpg
I	lRS	1	133	2	/vendor/phpunit/phpunit/src/util/php/eval-stdin.php
I	lRS	1	547	2	/admin.php
I	lRS	1	285	1	/wp1/wp-includes/wlwmanifest.xml
I	lRS	1	272	1	/shop/wp-includes/wlwmanifest.xml
I	lRS	1	192	1	/2019/wp-includes/wlwmanifest.xml
I	lRS	1	285257	49	[not listed: 21049]
L	*FR	2007	12	11	00	52
L	*LR	2021	03	12	23	22
L	*f	-20S	s
L	RS	18	18	191.235.110.29
L	RS	13	13	217.160.45.46
L	RS	8	8	212.164.39.69
L	RS	6	6	34.77.58.246
L	RS	14	6	40.77.167.91
L	RS	23	5	34.92.71.173
L	RS	24	5	54.70.79.131
L	RS	4	4	104.131.40.203
L	RS	4	4	40.78.153.184
L	RS	8	4	199.209.144.159
L	RS	4	4	13.66.139.159
L	RS	19	4	18.237.81.173
L	RS	10	4	18.194.196.202
L	RS	6	4	52.192.73.251
L	RS	69	4	66.249.64.239
L	RS	26	4	54.244.59.102
L	RS	6	4	35.181.112.20
L	RS	48	3	66.249.70.108
L	RS	51	3	66.249.70.112
L	RS	22	3	52.37.61.236
L	RS	393530	189	[not listed: 72174]
K	*FR	2013	12	22	04	20
K	*LR	2021	03	12	13	00
K	*f	-30S	s
K	lRS	1	792	4	http://gtaeronautics.com/
K	lRS	1	150	4	http://www.gtaeronautics.com/BANDITOMAV.html
K	lRS	1	284	2	http://gtaeronautics.com/wp-login.php
K	lRS	1	40	2	http://gtaeronautics.com/administrator/
K	lRS	1	5	1	http://www.gtaeronautics.com/js/GB_BIG.js
K	lRS	1	5	1	http://www.gtaeronautics.com/admin/kindeditor/themes/default/default.css
K	lRS	1	49113	0	[not listed: 4812]
E	*FR	2008	01	06	10	12
E	*LR	2018	02	26	21	55
E	*f	-30S	s
E	lSR	1	0	179	[not listed: 6]
l	*FR	2008	01	06	10	12
l	*LR	2018	02	26	21	55
l	*f	-20S	s
l	SR	0	179	[not listed: 98]
v	*f	-20B	b
v	Rb	657415	59.138	66.113.131.59
v	Rb	269977	40.862	64.41.87.40
R	*FR	2008	01	06	10	12
R	*LR	2018	02	26	21	55
R	*f	-20R	r
R	R	178	66.113.131.59
R	R	1	64.41.87.40
M	*FR	2007	12	11	00	52
M	*LR	2021	03	12	23	22
M	*f	-20R	r
M	R	302606	66.113.131.59
M	R	91307	64.41.87.40
J	*FR	2007	12	11	00	53
J	*LR	2017	03	17	18	30
J	*f	-20R	r
J	R	9	gtaeronautics
J	R	5	lorrigkj
J	R	1	rullma2063
J	R	1	administrator
J	R	1	satish
J	R	1	nnnnn
P	*FR	2021	01	03	12	39
P	*LR	2021	03	12	23	48
P	R	20	0
P	R	0	<= 0.01
P	R	454	0.01-0.02
P	R	22105	0.02-0.05
P	R	51236	0.05-0.1 
P	R	65021	0.1 -0.2 
P	R	64727	0.2 -0.5 
P	R	33546	0.5 -1   
P	R	17609	1-  2 
P	R	7563	2-  5 
P	R	4297	5- 10 
P	R	1547	10- 20 
P	R	1487	20- 60 
P	R	282	60-120 
P	R	71	120-300 
