x	VE	analog 5.24
x	HN	gtaeronautics.com
x	PS	2021	09	26	05	45
x	FR	2007	12	18	17	05
x	LR	2021	09	24	23	45
x	E7	2021	09	26	05	45
x	SR	988106
x	S7	1574
x	NC	391245
x	C7	0
x	FL	406730
x	F7	381
x	RR	183
x	R7	2
x	NH	87258
x	H7	318
x	BT	37685452979
x	B7	130874076
1	Rr	76359	7.728	2021
1	Rr	89380	9.046	2020
1	Rr	80088	8.105	2019
1	Rr	68927	6.976	2018
1	Rr	60168	6.089	2017
1	Rr	73316	7.420	2016
1	Rr	80796	8.177	2015
1	Rr	110773	11.211	2014
1	Rr	65173	6.596	2013
1	Rr	60742	6.147	2012
1	Rr	57015	5.770	2011
1	Rr	22139	2.241	2010
1	Rr	69710	7.055	2009
1	Rr	71820	7.268	2008
1	Rr	1700	0.172	2007
1	*BT	R	110773	2014
Q	Rr	25422	2.573	2021	3
Q	Rr	30675	3.104	2021	2
Q	Rr	20262	2.051	2021	1
Q	Rr	22199	2.247	2020	4
Q	Rr	23882	2.417	2020	3
Q	Rr	21656	2.192	2020	2
Q	Rr	21643	2.190	2020	1
Q	Rr	19098	1.933	2019	4
Q	Rr	19668	1.990	2019	3
Q	Rr	19827	2.007	2019	2
Q	Rr	21495	2.175	2019	1
Q	Rr	18129	1.835	2018	4
Q	Rr	17138	1.734	2018	3
Q	Rr	16928	1.713	2018	2
Q	Rr	16732	1.693	2018	1
Q	Rr	15937	1.613	2017	4
Q	Rr	0	0.000	2017	3
Q	Rr	16831	1.703	2017	2
Q	Rr	27400	2.773	2017	1
Q	Rr	22114	2.238	2016	4
Q	Rr	17621	1.783	2016	3
Q	Rr	15878	1.607	2016	2
Q	Rr	17703	1.792	2016	1
Q	Rr	16575	1.677	2015	4
Q	Rr	22104	2.237	2015	3
Q	Rr	22485	2.276	2015	2
Q	Rr	19632	1.987	2015	1
Q	Rr	21142	2.140	2014	4
Q	Rr	22272	2.254	2014	3
Q	Rr	31453	3.183	2014	2
Q	Rr	35906	3.634	2014	1
Q	Rr	16436	1.663	2013	4
Q	Rr	15216	1.540	2013	3
Q	Rr	16545	1.674	2013	2
Q	Rr	16976	1.718	2013	1
Q	Rr	16578	1.678	2012	4
Q	Rr	12511	1.266	2012	3
Q	Rr	15816	1.601	2012	2
Q	Rr	15837	1.603	2012	1
Q	Rr	15444	1.563	2011	4
Q	Rr	17386	1.760	2011	3
Q	Rr	9395	0.951	2011	2
Q	Rr	14790	1.497	2011	1
Q	Rr	1603	0.162	2010	4
Q	Rr	0	0.000	2010	3
Q	Rr	14047	1.422	2010	2
Q	Rr	6489	0.657	2010	1
Q	Rr	16350	1.655	2009	4
Q	Rr	18220	1.844	2009	3
Q	Rr	17115	1.732	2009	2
Q	Rr	18025	1.824	2009	1
Q	Rr	15905	1.610	2008	4
Q	Rr	15660	1.585	2008	3
Q	Rr	22448	2.272	2008	2
Q	Rr	17807	1.802	2008	1
Q	Rr	1700	0.172	2007	4
Q	*BT	R	35906	2014	1
m	Rr	4655	0.471	2021	09
m	Rr	9092	0.920	2021	08
m	Rr	11675	1.182	2021	07
m	Rr	10152	1.027	2021	06
m	Rr	10231	1.035	2021	05
m	Rr	10292	1.042	2021	04
m	Rr	7948	0.804	2021	03
m	Rr	5800	0.587	2021	02
m	Rr	6514	0.659	2021	01
m	Rr	8069	0.817	2020	12
m	Rr	6579	0.666	2020	11
m	Rr	7551	0.764	2020	10
m	Rr	8028	0.812	2020	09
m	Rr	7741	0.783	2020	08
m	Rr	8113	0.821	2020	07
m	Rr	7317	0.741	2020	06
m	Rr	6898	0.698	2020	05
m	Rr	7441	0.753	2020	04
m	Rr	7524	0.761	2020	03
m	Rr	7322	0.741	2020	02
m	Rr	6797	0.688	2020	01
m	Rr	6573	0.665	2019	12
m	Rr	5917	0.599	2019	11
m	Rr	6608	0.669	2019	10
m	Rr	6791	0.687	2019	09
m	Rr	6597	0.668	2019	08
m	Rr	6280	0.636	2019	07
m	Rr	6317	0.639	2019	06
m	Rr	6847	0.693	2019	05
m	Rr	6663	0.674	2019	04
m	Rr	7059	0.714	2019	03
m	Rr	6374	0.645	2019	02
m	Rr	8062	0.816	2019	01
m	Rr	6957	0.704	2018	12
m	Rr	5422	0.549	2018	11
m	Rr	5750	0.582	2018	10
m	Rr	5458	0.552	2018	09
m	Rr	5735	0.580	2018	08
m	Rr	5945	0.602	2018	07
m	Rr	7110	0.720	2018	06
m	Rr	6440	0.652	2018	05
m	Rr	3378	0.342	2018	04
m	Rr	5789	0.586	2018	03
m	Rr	5369	0.543	2018	02
m	Rr	5574	0.564	2018	01
m	Rr	3906	0.395	2017	12
m	Rr	6533	0.661	2017	11
m	Rr	5498	0.556	2017	10
m	Rr	0	0.000	2017	09
m	Rr	0	0.000	2017	08
m	Rr	0	0.000	2017	07
m	Rr	0	0.000	2017	06
m	Rr	6832	0.691	2017	05
m	Rr	9999	1.012	2017	04
m	Rr	11887	1.203	2017	03
m	Rr	7941	0.804	2017	02
m	Rr	7572	0.766	2017	01
m	Rr	9483	0.960	2016	12
m	Rr	7121	0.721	2016	11
m	Rr	5510	0.558	2016	10
m	Rr	6288	0.636	2016	09
m	Rr	5888	0.596	2016	08
m	Rr	5445	0.551	2016	07
m	Rr	5042	0.510	2016	06
m	Rr	5495	0.556	2016	05
m	Rr	5341	0.541	2016	04
m	Rr	5558	0.562	2016	03
m	Rr	5548	0.561	2016	02
m	Rr	6597	0.668	2016	01
m	Rr	5574	0.564	2015	12
m	Rr	5330	0.539	2015	11
m	Rr	5671	0.574	2015	10
m	Rr	6196	0.627	2015	09
m	Rr	6788	0.687	2015	08
m	Rr	9120	0.923	2015	07
m	Rr	7156	0.724	2015	06
m	Rr	5694	0.576	2015	05
m	Rr	9635	0.975	2015	04
m	Rr	6215	0.629	2015	03
m	Rr	6084	0.616	2015	02
m	Rr	7333	0.742	2015	01
m	Rr	6608	0.669	2014	12
m	Rr	6997	0.708	2014	11
m	Rr	7537	0.763	2014	10
m	Rr	7043	0.713	2014	09
m	Rr	7324	0.741	2014	08
m	Rr	7905	0.800	2014	07
m	Rr	11654	1.179	2014	06
m	Rr	9211	0.932	2014	05
m	Rr	10588	1.072	2014	04
m	Rr	7817	0.791	2014	03
m	Rr	15229	1.541	2014	02
m	Rr	12860	1.301	2014	01
m	Rr	5325	0.539	2013	12
m	Rr	5513	0.558	2013	11
m	Rr	5598	0.567	2013	10
m	Rr	4655	0.471	2013	09
m	Rr	4938	0.500	2013	08
m	Rr	5623	0.569	2013	07
m	Rr	5492	0.556	2013	06
m	Rr	5211	0.527	2013	05
m	Rr	5842	0.591	2013	04
m	Rr	6068	0.614	2013	03
m	Rr	5055	0.512	2013	02
m	Rr	5853	0.592	2013	01
m	Rr	5688	0.576	2012	12
m	Rr	5477	0.554	2012	11
m	Rr	5413	0.548	2012	10
m	Rr	4331	0.438	2012	09
m	Rr	3866	0.391	2012	08
m	Rr	4314	0.437	2012	07
m	Rr	4655	0.471	2012	06
m	Rr	6047	0.612	2012	05
m	Rr	5114	0.518	2012	04
m	Rr	6128	0.620	2012	03
m	Rr	5430	0.550	2012	02
m	Rr	4279	0.433	2012	01
m	Rr	5548	0.561	2011	12
m	Rr	4779	0.484	2011	11
m	Rr	5117	0.518	2011	10
m	Rr	5431	0.550	2011	09
m	Rr	6256	0.633	2011	08
m	Rr	5699	0.577	2011	07
m	Rr	5420	0.549	2011	06
m	Rr	3975	0.402	2011	05
m	Rr	0	0.000	2011	04
m	Rr	3608	0.365	2011	03
m	Rr	5171	0.523	2011	02
m	Rr	6011	0.608	2011	01
m	Rr	1603	0.162	2010	12
m	Rr	0	0.000	2010	11
m	Rr	0	0.000	2010	10
m	Rr	0	0.000	2010	09
m	Rr	0	0.000	2010	08
m	Rr	0	0.000	2010	07
m	Rr	4101	0.415	2010	06
m	Rr	5018	0.508	2010	05
m	Rr	4928	0.499	2010	04
m	Rr	5095	0.516	2010	03
m	Rr	1394	0.141	2010	02
m	Rr	0	0.000	2010	01
m	Rr	4665	0.472	2009	12
m	Rr	6187	0.626	2009	11
m	Rr	5498	0.556	2009	10
m	Rr	5066	0.513	2009	09
m	Rr	5718	0.579	2009	08
m	Rr	7436	0.753	2009	07
m	Rr	5685	0.575	2009	06
m	Rr	6120	0.619	2009	05
m	Rr	5310	0.537	2009	04
m	Rr	5515	0.558	2009	03
m	Rr	6123	0.620	2009	02
m	Rr	6387	0.646	2009	01
m	Rr	5763	0.583	2008	12
m	Rr	5420	0.549	2008	11
m	Rr	4722	0.478	2008	10
m	Rr	5435	0.550	2008	09
m	Rr	4843	0.490	2008	08
m	Rr	5382	0.545	2008	07
m	Rr	6082	0.616	2008	06
m	Rr	9946	1.007	2008	05
m	Rr	6420	0.650	2008	04
m	Rr	5431	0.550	2008	03
m	Rr	6469	0.655	2008	02
m	Rr	5907	0.598	2008	01
m	Rr	1700	0.172	2007	12
m	*BT	R	15229	2014	02
W	Rr	1646	0.167	2021	09	19
W	Rr	1203	0.122	2021	09	12
W	Rr	1106	0.112	2021	09	05
W	Rr	1383	0.140	2021	08	29
W	Rr	1685	0.171	2021	08	22
W	Rr	2071	0.210	2021	08	15
W	Rr	2279	0.231	2021	08	08
W	Rr	2374	0.240	2021	08	01
W	Rr	2543	0.257	2021	07	25
W	Rr	2843	0.288	2021	07	18
W	Rr	2777	0.281	2021	07	11
W	Rr	2756	0.279	2021	07	04
W	Rr	2524	0.255	2021	06	27
W	Rr	2466	0.250	2021	06	20
W	Rr	2262	0.229	2021	06	13
W	Rr	2264	0.229	2021	06	06
W	Rr	2101	0.213	2021	05	30
W	Rr	3009	0.305	2021	05	23
W	Rr	1989	0.201	2021	05	16
W	Rr	2386	0.241	2021	05	09
W	Rr	2138	0.216	2021	05	02
W	Rr	1668	0.169	2021	04	25
W	Rr	2413	0.244	2021	04	18
W	Rr	3035	0.307	2021	04	11
W	Rr	2709	0.274	2021	04	04
W	Rr	1942	0.197	2021	03	28
W	Rr	1666	0.169	2021	03	21
W	Rr	1476	0.149	2021	03	14
W	Rr	1713	0.173	2021	03	07
W	Rr	1777	0.180	2021	02	28
W	Rr	1173	0.119	2021	02	21
W	Rr	1101	0.111	2021	02	14
W	Rr	1699	0.172	2021	02	07
W	Rr	1867	0.189	2021	01	31
W	Rr	1404	0.142	2021	01	24
W	Rr	1564	0.158	2021	01	17
W	Rr	1431	0.145	2021	01	10
W	Rr	1666	0.169	2021	01	03
W	Rr	1926	0.195	2020	12	27
W	Rr	1572	0.159	2020	12	20
W	Rr	1404	0.142	2020	12	13
W	Rr	2272	0.230	2020	12	06
W	Rr	1522	0.154	2020	11	29
W	Rr	1722	0.174	2020	11	22
W	Rr	1580	0.160	2020	11	15
W	Rr	1401	0.142	2020	11	08
W	Rr	1499	0.152	2020	11	01
W	Rr	1470	0.149	2020	10	25
W	Rr	2379	0.241	2020	10	18
W	Rr	1559	0.158	2020	10	11
W	Rr	1729	0.175	2020	10	04
W	Rr	1674	0.169	2020	09	27
W	Rr	1786	0.181	2020	09	20
W	Rr	2200	0.223	2020	09	13
W	Rr	1677	0.170	2020	09	06
W	Rr	1596	0.162	2020	08	30
W	Rr	1833	0.186	2020	08	23
W	Rr	1814	0.184	2020	08	16
W	Rr	2206	0.223	2020	08	09
W	Rr	1397	0.141	2020	08	02
W	Rr	1816	0.184	2020	07	26
W	Rr	1949	0.197	2020	07	19
W	Rr	1532	0.155	2020	07	12
W	Rr	1976	0.200	2020	07	05
W	Rr	1600	0.162	2020	06	28
W	Rr	1627	0.165	2020	06	21
W	Rr	2101	0.213	2020	06	14
W	Rr	1590	0.161	2020	06	07
W	Rr	1492	0.151	2020	05	31
W	Rr	1556	0.157	2020	05	24
W	Rr	1756	0.178	2020	05	17
W	Rr	1568	0.159	2020	05	10
W	Rr	1567	0.159	2020	05	03
W	Rr	1734	0.175	2020	04	26
W	Rr	1675	0.170	2020	04	19
W	Rr	1702	0.172	2020	04	12
W	Rr	1965	0.199	2020	04	05
W	Rr	1329	0.134	2020	03	29
W	Rr	1818	0.184	2020	03	22
W	Rr	1345	0.136	2020	03	15
W	Rr	1581	0.160	2020	03	08
W	Rr	2014	0.204	2020	03	01
W	Rr	1942	0.197	2020	02	23
W	Rr	1748	0.177	2020	02	16
W	Rr	1949	0.197	2020	02	09
W	Rr	1683	0.170	2020	02	02
W	Rr	1436	0.145	2020	01	26
W	Rr	1792	0.181	2020	01	19
W	Rr	1519	0.154	2020	01	12
W	Rr	1420	0.144	2020	01	05
W	Rr	1109	0.112	2019	12	29
W	Rr	1023	0.104	2019	12	22
W	Rr	1584	0.160	2019	12	15
W	Rr	1783	0.180	2019	12	08
W	Rr	1704	0.172	2019	12	01
W	Rr	1178	0.119	2019	11	24
W	Rr	1697	0.172	2019	11	17
W	Rr	1510	0.153	2019	11	10
W	Rr	1383	0.140	2019	11	03
W	Rr	1309	0.132	2019	10	27
W	Rr	1473	0.149	2019	10	20
W	Rr	1519	0.154	2019	10	13
W	Rr	1485	0.150	2019	10	06
W	Rr	1416	0.143	2019	09	29
W	Rr	1499	0.152	2019	09	22
W	Rr	1652	0.167	2019	09	15
W	Rr	1710	0.173	2019	09	08
W	Rr	1485	0.150	2019	09	01
W	Rr	1689	0.171	2019	08	25
W	Rr	1315	0.133	2019	08	18
W	Rr	1619	0.164	2019	08	11
W	Rr	1558	0.158	2019	08	04
W	Rr	1360	0.138	2019	07	28
W	Rr	1191	0.121	2019	07	21
W	Rr	1730	0.175	2019	07	14
W	Rr	1299	0.131	2019	07	07
W	Rr	1339	0.136	2019	06	30
W	Rr	1592	0.161	2019	06	23
W	Rr	1497	0.152	2019	06	16
W	Rr	1450	0.147	2019	06	09
W	Rr	1555	0.157	2019	06	02
W	Rr	1289	0.130	2019	05	26
W	Rr	1863	0.189	2019	05	19
W	Rr	1385	0.140	2019	05	12
W	Rr	1553	0.157	2019	05	05
W	Rr	1655	0.167	2019	04	28
W	Rr	1282	0.130	2019	04	21
W	Rr	1503	0.152	2019	04	14
W	Rr	1623	0.164	2019	04	07
W	Rr	1715	0.174	2019	03	31
W	Rr	1882	0.190	2019	03	24
W	Rr	1464	0.148	2019	03	17
W	Rr	1381	0.140	2019	03	10
W	Rr	1627	0.165	2019	03	03
W	Rr	1773	0.179	2019	02	24
W	Rr	1669	0.169	2019	02	17
W	Rr	1483	0.150	2019	02	10
W	Rr	1391	0.141	2019	02	03
W	Rr	1797	0.182	2019	01	27
W	Rr	1963	0.199	2019	01	20
W	Rr	2029	0.205	2019	01	13
W	Rr	1696	0.172	2019	01	06
W	Rr	1526	0.154	2018	12	30
W	Rr	1226	0.124	2018	12	23
W	Rr	1442	0.146	2018	12	16
W	Rr	1936	0.196	2018	12	09
W	Rr	1809	0.183	2018	12	02
W	Rr	1295	0.131	2018	11	25
W	Rr	1820	0.184	2018	11	18
W	Rr	1802	0.182	2018	11	11
W	Rr	0	0.000	2018	11	04
W	Rr	1473	0.149	2018	10	28
W	Rr	1106	0.112	2018	10	21
W	Rr	1427	0.144	2018	10	14
W	Rr	1214	0.123	2018	10	07
W	Rr	1168	0.118	2018	09	30
W	Rr	1420	0.144	2018	09	23
W	Rr	1197	0.121	2018	09	16
W	Rr	1388	0.140	2018	09	09
W	Rr	1320	0.134	2018	09	02
W	Rr	1246	0.126	2018	08	26
W	Rr	1214	0.123	2018	08	19
W	Rr	1366	0.138	2018	08	12
W	Rr	1195	0.121	2018	08	05
W	Rr	1346	0.136	2018	07	29
W	Rr	1374	0.139	2018	07	22
W	Rr	1508	0.153	2018	07	15
W	Rr	1522	0.154	2018	07	08
W	Rr	909	0.092	2018	07	01
W	Rr	1444	0.146	2018	06	24
W	Rr	2682	0.271	2018	06	17
W	Rr	1365	0.138	2018	06	10
W	Rr	1329	0.134	2018	06	03
W	Rr	1275	0.129	2018	05	27
W	Rr	1392	0.141	2018	05	20
W	Rr	1321	0.134	2018	05	13
W	Rr	1527	0.155	2018	05	06
W	Rr	1517	0.154	2018	04	29
W	Rr	0	0.000	2018	04	22
W	Rr	1364	0.138	2018	04	15
W	Rr	1712	0.173	2018	04	08
W	Rr	0	0.000	2018	04	01
W	Rr	1543	0.156	2018	03	25
W	Rr	1342	0.136	2018	03	18
W	Rr	2429	0.246	2018	03	11
W	Rr	0	0.000	2018	03	04
W	Rr	1366	0.138	2018	02	25
W	Rr	1308	0.132	2018	02	18
W	Rr	1439	0.146	2018	02	11
W	Rr	1731	0.175	2018	02	04
W	Rr	0	0.000	2018	01	28
W	Rr	1434	0.145	2018	01	21
W	Rr	1578	0.160	2018	01	14
W	Rr	1471	0.149	2018	01	07
W	Rr	1246	0.126	2017	12	31
W	Rr	1033	0.105	2017	12	24
W	Rr	1103	0.112	2017	12	17
W	Rr	1406	0.142	2017	12	10
W	Rr	0	0.000	2017	12	03
W	Rr	1335	0.135	2017	11	26
W	Rr	1427	0.144	2017	11	19
W	Rr	1662	0.168	2017	11	12
W	Rr	1414	0.143	2017	11	05
W	Rr	1349	0.137	2017	10	29
W	Rr	1208	0.122	2017	10	22
W	Rr	2013	0.204	2017	10	15
W	Rr	1832	0.185	2017	10	08
W	Rr	0	0.000	2017	10	01
W	Rr	0	0.000	2017	09	24
W	Rr	0	0.000	2017	09	17
W	Rr	0	0.000	2017	09	10
W	Rr	0	0.000	2017	09	03
W	Rr	0	0.000	2017	08	27
W	Rr	0	0.000	2017	08	20
W	Rr	0	0.000	2017	08	13
W	Rr	0	0.000	2017	08	06
W	Rr	0	0.000	2017	07	30
W	Rr	0	0.000	2017	07	23
W	Rr	0	0.000	2017	07	16
W	Rr	0	0.000	2017	07	09
W	Rr	0	0.000	2017	07	02
W	Rr	0	0.000	2017	06	25
W	Rr	0	0.000	2017	06	18
W	Rr	0	0.000	2017	06	11
W	Rr	0	0.000	2017	06	04
W	Rr	25	0.003	2017	05	28
W	Rr	1838	0.186	2017	05	21
W	Rr	1915	0.194	2017	05	14
W	Rr	1676	0.170	2017	05	07
W	Rr	1677	0.170	2017	04	30
W	Rr	2071	0.210	2017	04	23
W	Rr	1978	0.200	2017	04	16
W	Rr	1874	0.190	2017	04	09
W	Rr	3435	0.348	2017	04	02
W	Rr	2619	0.265	2017	03	26
W	Rr	2633	0.266	2017	03	19
W	Rr	2413	0.244	2017	03	12
W	Rr	3092	0.313	2017	03	05
W	Rr	2295	0.232	2017	02	26
W	Rr	2204	0.223	2017	02	19
W	Rr	1869	0.189	2017	02	12
W	Rr	1973	0.200	2017	02	05
W	Rr	1783	0.180	2017	01	29
W	Rr	1768	0.179	2017	01	22
W	Rr	1585	0.160	2017	01	15
W	Rr	1768	0.179	2017	01	08
W	Rr	1740	0.176	2017	01	01
W	Rr	1549	0.157	2016	12	25
W	Rr	2202	0.223	2016	12	18
W	Rr	1812	0.183	2016	12	11
W	Rr	2648	0.268	2016	12	04
W	Rr	2236	0.226	2016	11	27
W	Rr	1321	0.134	2016	11	20
W	Rr	1996	0.202	2016	11	13
W	Rr	1716	0.174	2016	11	06
W	Rr	1564	0.158	2016	10	30
W	Rr	1362	0.138	2016	10	23
W	Rr	1707	0.173	2016	10	16
W	Rr	1696	0.172	2016	10	09
W	Rr	36	0.004	2016	10	02
W	Rr	2002	0.203	2016	09	25
W	Rr	1399	0.142	2016	09	18
W	Rr	1199	0.121	2016	09	11
W	Rr	1326	0.134	2016	09	04
W	Rr	1316	0.133	2016	08	28
W	Rr	1257	0.127	2016	08	21
W	Rr	1208	0.122	2016	08	14
W	Rr	1602	0.162	2016	08	07
W	Rr	1319	0.133	2016	07	31
W	Rr	1796	0.182	2016	07	24
W	Rr	1171	0.119	2016	07	17
W	Rr	1167	0.118	2016	07	10
W	Rr	917	0.093	2016	07	03
W	Rr	920	0.093	2016	06	26
W	Rr	1179	0.119	2016	06	19
W	Rr	1288	0.130	2016	06	12
W	Rr	1237	0.125	2016	06	05
W	Rr	1263	0.128	2016	05	29
W	Rr	1338	0.135	2016	05	22
W	Rr	1184	0.120	2016	05	15
W	Rr	1365	0.138	2016	05	08
W	Rr	974	0.099	2016	05	01
W	Rr	1311	0.133	2016	04	24
W	Rr	1127	0.114	2016	04	17
W	Rr	1248	0.126	2016	04	10
W	Rr	1451	0.147	2016	04	03
W	Rr	987	0.100	2016	03	27
W	Rr	1233	0.125	2016	03	20
W	Rr	1347	0.136	2016	03	13
W	Rr	1347	0.136	2016	03	06
W	Rr	1236	0.125	2016	02	28
W	Rr	1422	0.144	2016	02	21
W	Rr	1085	0.110	2016	02	14
W	Rr	1427	0.144	2016	02	07
W	Rr	1359	0.138	2016	01	31
W	Rr	1708	0.173	2016	01	24
W	Rr	1476	0.149	2016	01	17
W	Rr	1563	0.158	2016	01	10
W	Rr	1381	0.140	2016	01	03
W	Rr	1273	0.129	2015	12	27
W	Rr	1084	0.110	2015	12	20
W	Rr	1344	0.136	2015	12	13
W	Rr	1336	0.135	2015	12	06
W	Rr	1123	0.114	2015	11	29
W	Rr	960	0.097	2015	11	22
W	Rr	1337	0.135	2015	11	15
W	Rr	1400	0.142	2015	11	08
W	Rr	1383	0.140	2015	11	01
W	Rr	1250	0.127	2015	10	25
W	Rr	1366	0.138	2015	10	18
W	Rr	1367	0.138	2015	10	11
W	Rr	1214	0.123	2015	10	04
W	Rr	1152	0.117	2015	09	27
W	Rr	1387	0.140	2015	09	20
W	Rr	1655	0.167	2015	09	13
W	Rr	1526	0.154	2015	09	06
W	Rr	1242	0.126	2015	08	30
W	Rr	1800	0.182	2015	08	23
W	Rr	1527	0.155	2015	08	16
W	Rr	1386	0.140	2015	08	09
W	Rr	1593	0.161	2015	08	02
W	Rr	1567	0.159	2015	07	26
W	Rr	1980	0.200	2015	07	19
W	Rr	2180	0.221	2015	07	12
W	Rr	2008	0.203	2015	07	05
W	Rr	2297	0.232	2015	06	28
W	Rr	1556	0.157	2015	06	21
W	Rr	1380	0.140	2015	06	14
W	Rr	2013	0.204	2015	06	07
W	Rr	1651	0.167	2015	05	31
W	Rr	1224	0.124	2015	05	24
W	Rr	1355	0.137	2015	05	17
W	Rr	1179	0.119	2015	05	10
W	Rr	1436	0.145	2015	05	03
W	Rr	1671	0.169	2015	04	26
W	Rr	1878	0.190	2015	04	19
W	Rr	2326	0.235	2015	04	12
W	Rr	2636	0.267	2015	04	05
W	Rr	2297	0.232	2015	03	29
W	Rr	1237	0.125	2015	03	22
W	Rr	1453	0.147	2015	03	15
W	Rr	1399	0.142	2015	03	08
W	Rr	1287	0.130	2015	03	01
W	Rr	1249	0.126	2015	02	22
W	Rr	1373	0.139	2015	02	15
W	Rr	1790	0.181	2015	02	08
W	Rr	1672	0.169	2015	02	01
W	Rr	1543	0.156	2015	01	25
W	Rr	1463	0.148	2015	01	18
W	Rr	1696	0.172	2015	01	11
W	Rr	1707	0.173	2015	01	04
W	Rr	1833	0.186	2014	12	28
W	Rr	1335	0.135	2014	12	21
W	Rr	1644	0.166	2014	12	14
W	Rr	1541	0.156	2014	12	07
W	Rr	1335	0.135	2014	11	30
W	Rr	1262	0.128	2014	11	23
W	Rr	2009	0.203	2014	11	16
W	Rr	1566	0.158	2014	11	09
W	Rr	1814	0.184	2014	11	02
W	Rr	1452	0.147	2014	10	26
W	Rr	1642	0.166	2014	10	19
W	Rr	1795	0.182	2014	10	12
W	Rr	1836	0.186	2014	10	05
W	Rr	1662	0.168	2014	09	28
W	Rr	1843	0.187	2014	09	21
W	Rr	1678	0.170	2014	09	14
W	Rr	1598	0.162	2014	09	07
W	Rr	1418	0.144	2014	08	31
W	Rr	1584	0.160	2014	08	24
W	Rr	1571	0.159	2014	08	17
W	Rr	1727	0.175	2014	08	10
W	Rr	1927	0.195	2014	08	03
W	Rr	1691	0.171	2014	07	27
W	Rr	1702	0.172	2014	07	20
W	Rr	1624	0.164	2014	07	13
W	Rr	1831	0.185	2014	07	06
W	Rr	1867	0.189	2014	06	29
W	Rr	1927	0.195	2014	06	22
W	Rr	2134	0.216	2014	06	15
W	Rr	4851	0.491	2014	06	08
W	Rr	2293	0.232	2014	06	01
W	Rr	3180	0.322	2014	05	25
W	Rr	1468	0.149	2014	05	18
W	Rr	1808	0.183	2014	05	11
W	Rr	1998	0.202	2014	05	04
W	Rr	1876	0.190	2014	04	27
W	Rr	2330	0.236	2014	04	20
W	Rr	2565	0.260	2014	04	13
W	Rr	2652	0.268	2014	04	06
W	Rr	2574	0.260	2014	03	30
W	Rr	1186	0.120	2014	03	23
W	Rr	1305	0.132	2014	03	16
W	Rr	2273	0.230	2014	03	09
W	Rr	2231	0.226	2014	03	02
W	Rr	1925	0.195	2014	02	23
W	Rr	7060	0.714	2014	02	16
W	Rr	2854	0.289	2014	02	09
W	Rr	3190	0.323	2014	02	02
W	Rr	3743	0.379	2014	01	26
W	Rr	3643	0.369	2014	01	19
W	Rr	2961	0.300	2014	01	12
W	Rr	2319	0.235	2014	01	05
W	Rr	981	0.099	2013	12	29
W	Rr	1108	0.112	2013	12	22
W	Rr	1226	0.124	2013	12	15
W	Rr	1285	0.130	2013	12	08
W	Rr	1289	0.130	2013	12	01
W	Rr	1404	0.142	2013	11	24
W	Rr	1142	0.116	2013	11	17
W	Rr	1334	0.135	2013	11	10
W	Rr	1277	0.129	2013	11	03
W	Rr	1035	0.105	2013	10	27
W	Rr	1309	0.132	2013	10	20
W	Rr	1302	0.132	2013	10	13
W	Rr	1432	0.145	2013	10	06
W	Rr	1178	0.119	2013	09	29
W	Rr	947	0.096	2013	09	22
W	Rr	1254	0.127	2013	09	15
W	Rr	1099	0.111	2013	09	08
W	Rr	1053	0.107	2013	09	01
W	Rr	1010	0.102	2013	08	25
W	Rr	1102	0.112	2013	08	18
W	Rr	1063	0.108	2013	08	11
W	Rr	1105	0.112	2013	08	04
W	Rr	1377	0.139	2013	07	28
W	Rr	1498	0.152	2013	07	21
W	Rr	1295	0.131	2013	07	14
W	Rr	1237	0.125	2013	07	07
W	Rr	1003	0.102	2013	06	30
W	Rr	1275	0.129	2013	06	23
W	Rr	1072	0.108	2013	06	16
W	Rr	1249	0.126	2013	06	09
W	Rr	1521	0.154	2013	06	02
W	Rr	1256	0.127	2013	05	26
W	Rr	1091	0.110	2013	05	19
W	Rr	1359	0.138	2013	05	12
W	Rr	1130	0.114	2013	05	05
W	Rr	1215	0.123	2013	04	28
W	Rr	1368	0.138	2013	04	21
W	Rr	1318	0.133	2013	04	14
W	Rr	1408	0.142	2013	04	07
W	Rr	1277	0.129	2013	03	31
W	Rr	1452	0.147	2013	03	24
W	Rr	1418	0.144	2013	03	17
W	Rr	1217	0.123	2013	03	10
W	Rr	1490	0.151	2013	03	03
W	Rr	1353	0.137	2013	02	24
W	Rr	1268	0.128	2013	02	17
W	Rr	1274	0.129	2013	02	10
W	Rr	1153	0.117	2013	02	03
W	Rr	1266	0.128	2013	01	27
W	Rr	1271	0.129	2013	01	20
W	Rr	1449	0.147	2013	01	13
W	Rr	1253	0.127	2013	01	06
W	Rr	1309	0.132	2012	12	30
W	Rr	1156	0.117	2012	12	23
W	Rr	1336	0.135	2012	12	16
W	Rr	1575	0.159	2012	12	09
W	Rr	1087	0.110	2012	12	02
W	Rr	1376	0.139	2012	11	25
W	Rr	1136	0.115	2012	11	18
W	Rr	1341	0.136	2012	11	11
W	Rr	1418	0.144	2012	11	04
W	Rr	1103	0.112	2012	10	28
W	Rr	1200	0.121	2012	10	21
W	Rr	1382	0.140	2012	10	14
W	Rr	1127	0.114	2012	10	07
W	Rr	1187	0.120	2012	09	30
W	Rr	1172	0.119	2012	09	23
W	Rr	1034	0.105	2012	09	16
W	Rr	944	0.096	2012	09	09
W	Rr	958	0.097	2012	09	02
W	Rr	734	0.074	2012	08	26
W	Rr	881	0.089	2012	08	19
W	Rr	874	0.088	2012	08	12
W	Rr	973	0.098	2012	08	05
W	Rr	1010	0.102	2012	07	29
W	Rr	943	0.095	2012	07	22
W	Rr	1089	0.110	2012	07	15
W	Rr	888	0.090	2012	07	08
W	Rr	845	0.086	2012	07	01
W	Rr	1070	0.108	2012	06	24
W	Rr	1050	0.106	2012	06	17
W	Rr	1271	0.129	2012	06	10
W	Rr	957	0.097	2012	06	03
W	Rr	1249	0.126	2012	05	27
W	Rr	1055	0.107	2012	05	20
W	Rr	1392	0.141	2012	05	13
W	Rr	1140	0.115	2012	05	06
W	Rr	1807	0.183	2012	04	29
W	Rr	1225	0.124	2012	04	22
W	Rr	1264	0.128	2012	04	15
W	Rr	1075	0.109	2012	04	08
W	Rr	1261	0.128	2012	04	01
W	Rr	1345	0.136	2012	03	25
W	Rr	1254	0.127	2012	03	18
W	Rr	1478	0.150	2012	03	11
W	Rr	1503	0.152	2012	03	04
W	Rr	1532	0.155	2012	02	26
W	Rr	1464	0.148	2012	02	19
W	Rr	1154	0.117	2012	02	12
W	Rr	1240	0.125	2012	02	05
W	Rr	1088	0.110	2012	01	29
W	Rr	1125	0.114	2012	01	22
W	Rr	60	0.006	2012	01	15
W	Rr	1472	0.149	2012	01	08
W	Rr	1122	0.114	2012	01	01
W	Rr	888	0.090	2011	12	25
W	Rr	1360	0.138	2011	12	18
W	Rr	1486	0.150	2011	12	11
W	Rr	1330	0.135	2011	12	04
W	Rr	1094	0.111	2011	11	27
W	Rr	1062	0.107	2011	11	20
W	Rr	1123	0.114	2011	11	13
W	Rr	975	0.099	2011	11	06
W	Rr	1264	0.128	2011	10	30
W	Rr	1140	0.115	2011	10	23
W	Rr	1211	0.123	2011	10	16
W	Rr	1236	0.125	2011	10	09
W	Rr	1128	0.114	2011	10	02
W	Rr	1083	0.110	2011	09	25
W	Rr	1451	0.147	2011	09	18
W	Rr	1278	0.129	2011	09	11
W	Rr	1219	0.123	2011	09	04
W	Rr	1316	0.133	2011	08	28
W	Rr	1119	0.113	2011	08	21
W	Rr	1484	0.150	2011	08	14
W	Rr	1671	0.169	2011	08	07
W	Rr	1319	0.133	2011	07	31
W	Rr	1197	0.121	2011	07	24
W	Rr	1504	0.152	2011	07	17
W	Rr	1367	0.138	2011	07	10
W	Rr	1205	0.122	2011	07	03
W	Rr	1333	0.135	2011	06	26
W	Rr	1059	0.107	2011	06	19
W	Rr	1353	0.137	2011	06	12
W	Rr	1275	0.129	2011	06	05
W	Rr	983	0.099	2011	05	29
W	Rr	1262	0.128	2011	05	22
W	Rr	1374	0.139	2011	05	15
W	Rr	1076	0.109	2011	05	08
W	Rr	0	0.000	2011	05	01
W	Rr	0	0.000	2011	04	24
W	Rr	0	0.000	2011	04	17
W	Rr	0	0.000	2011	04	10
W	Rr	0	0.000	2011	04	03
W	Rr	0	0.000	2011	03	27
W	Rr	24	0.002	2011	03	20
W	Rr	1317	0.133	2011	03	13
W	Rr	1258	0.127	2011	03	06
W	Rr	1372	0.139	2011	02	27
W	Rr	1226	0.124	2011	02	20
W	Rr	1524	0.154	2011	02	13
W	Rr	1366	0.138	2011	02	06
W	Rr	958	0.097	2011	01	30
W	Rr	1273	0.129	2011	01	23
W	Rr	1560	0.158	2011	01	16
W	Rr	1472	0.149	2011	01	09
W	Rr	1310	0.133	2011	01	02
W	Rr	798	0.081	2010	12	26
W	Rr	935	0.095	2010	12	19
W	Rr	0	0.000	2010	12	12
W	Rr	0	0.000	2010	12	05
W	Rr	0	0.000	2010	11	28
W	Rr	0	0.000	2010	11	21
W	Rr	0	0.000	2010	11	14
W	Rr	0	0.000	2010	11	07
W	Rr	0	0.000	2010	10	31
W	Rr	0	0.000	2010	10	24
W	Rr	0	0.000	2010	10	17
W	Rr	0	0.000	2010	10	10
W	Rr	0	0.000	2010	10	03
W	Rr	0	0.000	2010	09	26
W	Rr	0	0.000	2010	09	19
W	Rr	0	0.000	2010	09	12
W	Rr	0	0.000	2010	09	05
W	Rr	0	0.000	2010	08	29
W	Rr	0	0.000	2010	08	22
W	Rr	0	0.000	2010	08	15
W	Rr	0	0.000	2010	08	08
W	Rr	0	0.000	2010	08	01
W	Rr	0	0.000	2010	07	25
W	Rr	0	0.000	2010	07	18
W	Rr	0	0.000	2010	07	11
W	Rr	0	0.000	2010	07	04
W	Rr	15	0.002	2010	06	27
W	Rr	914	0.093	2010	06	20
W	Rr	1104	0.112	2010	06	13
W	Rr	1096	0.111	2010	06	06
W	Rr	1171	0.119	2010	05	30
W	Rr	1115	0.113	2010	05	23
W	Rr	1170	0.118	2010	05	16
W	Rr	1334	0.135	2010	05	09
W	Rr	1109	0.112	2010	05	02
W	Rr	1067	0.108	2010	04	25
W	Rr	1212	0.123	2010	04	18
W	Rr	1054	0.107	2010	04	11
W	Rr	1325	0.134	2010	04	04
W	Rr	811	0.082	2010	03	28
W	Rr	1195	0.121	2010	03	21
W	Rr	1338	0.135	2010	03	14
W	Rr	1113	0.113	2010	03	07
W	Rr	1103	0.112	2010	02	28
W	Rr	1290	0.131	2010	02	21
W	Rr	0	0.000	2010	02	14
W	Rr	0	0.000	2010	02	07
W	Rr	0	0.000	2010	01	31
W	Rr	0	0.000	2010	01	24
W	Rr	0	0.000	2010	01	17
W	Rr	0	0.000	2010	01	10
W	Rr	0	0.000	2010	01	03
W	Rr	78	0.008	2009	12	27
W	Rr	945	0.096	2009	12	20
W	Rr	1140	0.115	2009	12	13
W	Rr	1323	0.134	2009	12	06
W	Rr	1518	0.154	2009	11	29
W	Rr	1352	0.137	2009	11	22
W	Rr	1346	0.136	2009	11	15
W	Rr	1416	0.143	2009	11	08
W	Rr	1734	0.175	2009	11	01
W	Rr	1035	0.105	2009	10	25
W	Rr	1297	0.131	2009	10	18
W	Rr	1267	0.128	2009	10	11
W	Rr	1440	0.146	2009	10	04
W	Rr	1521	0.154	2009	09	27
W	Rr	1121	0.113	2009	09	20
W	Rr	875	0.089	2009	09	13
W	Rr	1032	0.104	2009	09	06
W	Rr	1283	0.130	2009	08	30
W	Rr	1214	0.123	2009	08	23
W	Rr	1402	0.142	2009	08	16
W	Rr	1260	0.128	2009	08	09
W	Rr	1404	0.142	2009	08	02
W	Rr	1380	0.140	2009	07	26
W	Rr	1470	0.149	2009	07	19
W	Rr	1750	0.177	2009	07	12
W	Rr	1847	0.187	2009	07	05
W	Rr	1889	0.191	2009	06	28
W	Rr	1312	0.133	2009	06	21
W	Rr	1093	0.111	2009	06	14
W	Rr	1363	0.138	2009	06	07
W	Rr	1251	0.127	2009	05	31
W	Rr	1352	0.137	2009	05	24
W	Rr	1133	0.115	2009	05	17
W	Rr	1887	0.191	2009	05	10
W	Rr	1369	0.139	2009	05	03
W	Rr	1089	0.110	2009	04	26
W	Rr	1160	0.117	2009	04	19
W	Rr	1189	0.120	2009	04	12
W	Rr	1529	0.155	2009	04	05
W	Rr	1155	0.117	2009	03	29
W	Rr	1230	0.124	2009	03	22
W	Rr	1029	0.104	2009	03	15
W	Rr	1234	0.125	2009	03	08
W	Rr	1486	0.150	2009	03	01
W	Rr	1470	0.149	2009	02	22
W	Rr	1198	0.121	2009	02	15
W	Rr	1802	0.182	2009	02	08
W	Rr	1653	0.167	2009	02	01
W	Rr	1346	0.136	2009	01	25
W	Rr	1431	0.145	2009	01	18
W	Rr	1678	0.170	2009	01	11
W	Rr	1591	0.161	2009	01	04
W	Rr	886	0.090	2008	12	28
W	Rr	1148	0.116	2008	12	21
W	Rr	1428	0.145	2008	12	14
W	Rr	1508	0.153	2008	12	07
W	Rr	1194	0.121	2008	11	30
W	Rr	1070	0.108	2008	11	23
W	Rr	1396	0.141	2008	11	16
W	Rr	1255	0.127	2008	11	09
W	Rr	1314	0.133	2008	11	02
W	Rr	1397	0.141	2008	10	26
W	Rr	1638	0.166	2008	10	19
W	Rr	1298	0.131	2008	10	12
W	Rr	430	0.044	2008	10	05
W	Rr	723	0.073	2008	09	28
W	Rr	1308	0.132	2008	09	21
W	Rr	1242	0.126	2008	09	14
W	Rr	1409	0.143	2008	09	07
W	Rr	1142	0.116	2008	08	31
W	Rr	1022	0.103	2008	08	24
W	Rr	1062	0.107	2008	08	17
W	Rr	1188	0.120	2008	08	10
W	Rr	1232	0.125	2008	08	03
W	Rr	1050	0.106	2008	07	27
W	Rr	1272	0.129	2008	07	20
W	Rr	1305	0.132	2008	07	13
W	Rr	1093	0.111	2008	07	06
W	Rr	1182	0.120	2008	06	29
W	Rr	1937	0.196	2008	06	22
W	Rr	1493	0.151	2008	06	15
W	Rr	1083	0.110	2008	06	08
W	Rr	1283	0.130	2008	06	01
W	Rr	1432	0.145	2008	05	25
W	Rr	1726	0.175	2008	05	18
W	Rr	1580	0.160	2008	05	11
W	Rr	2661	0.269	2008	05	04
W	Rr	3648	0.369	2008	04	27
W	Rr	1400	0.142	2008	04	20
W	Rr	1365	0.138	2008	04	13
W	Rr	1213	0.123	2008	04	06
W	Rr	1670	0.169	2008	03	30
W	Rr	1211	0.123	2008	03	23
W	Rr	1144	0.116	2008	03	16
W	Rr	1301	0.132	2008	03	09
W	Rr	1292	0.131	2008	03	02
W	Rr	1427	0.144	2008	02	24
W	Rr	2207	0.223	2008	02	17
W	Rr	1124	0.114	2008	02	10
W	Rr	1561	0.158	2008	02	03
W	Rr	1533	0.155	2008	01	27
W	Rr	1389	0.141	2008	01	20
W	Rr	1133	0.115	2008	01	13
W	Rr	1404	0.142	2008	01	06
W	Rr	976	0.099	2007	12	30
W	Rr	801	0.081	2007	12	23
W	Rr	675	0.068	2007	12	16
W	*BT	R	7060	2014	02	16
D	Rr	246	0.025	2021	09	24
D	Rr	292	0.030	2021	09	23
D	Rr	378	0.038	2021	09	22
D	Rr	143	0.014	2021	09	21
D	Rr	305	0.031	2021	09	20
D	Rr	282	0.029	2021	09	19
D	Rr	0	0.000	2021	09	18
D	Rr	125	0.013	2021	09	17
D	Rr	263	0.027	2021	09	16
D	Rr	260	0.026	2021	09	15
D	Rr	210	0.021	2021	09	14
D	Rr	202	0.020	2021	09	13
D	Rr	143	0.014	2021	09	12
D	Rr	0	0.000	2021	09	11
D	Rr	154	0.016	2021	09	10
D	Rr	208	0.021	2021	09	09
D	Rr	186	0.019	2021	09	08
D	Rr	176	0.018	2021	09	07
D	Rr	128	0.013	2021	09	06
D	Rr	254	0.026	2021	09	05
D	Rr	0	0.000	2021	09	04
D	Rr	275	0.028	2021	09	03
D	Rr	273	0.028	2021	09	02
D	Rr	152	0.015	2021	09	01
D	Rr	296	0.030	2021	08	31
D	Rr	254	0.026	2021	08	30
D	Rr	133	0.013	2021	08	29
D	Rr	0	0.000	2021	08	28
D	Rr	206	0.021	2021	08	27
D	Rr	275	0.028	2021	08	26
D	Rr	262	0.027	2021	08	25
D	Rr	298	0.030	2021	08	24
D	Rr	392	0.040	2021	08	23
D	Rr	252	0.026	2021	08	22
D	Rr	0	0.000	2021	08	21
D	Rr	267	0.027	2021	08	20
D	Rr	301	0.030	2021	08	19
D	Rr	415	0.042	2021	08	18
D	Rr	460	0.047	2021	08	17
D	Rr	359	0.036	2021	08	16
D	Rr	269	0.027	2021	08	15
D	Rr	0	0.000	2021	08	14
D	*BT	R	2131	2008	05	03
d	Rr	118290	11.971	Sun
d	Rr	158907	16.082	Mon
d	Rr	161554	16.350	Tue
d	Rr	159420	16.134	Wed
d	Rr	160624	16.256	Thu
d	Rr	152287	15.412	Fri
d	Rr	77024	7.795	Sat
H	Rr	7	0.001	2021	09	24	23
H	Rr	1	0.000	2021	09	24	22
H	Rr	6	0.001	2021	09	24	21
H	Rr	2	0.000	2021	09	24	20
H	Rr	7	0.001	2021	09	24	19
H	Rr	45	0.005	2021	09	24	18
H	Rr	47	0.005	2021	09	24	17
H	Rr	1	0.000	2021	09	24	16
H	Rr	28	0.003	2021	09	24	15
H	Rr	3	0.000	2021	09	24	14
H	Rr	5	0.001	2021	09	24	13
H	Rr	9	0.001	2021	09	24	12
H	Rr	1	0.000	2021	09	24	11
H	Rr	6	0.001	2021	09	24	10
H	Rr	1	0.000	2021	09	24	09
H	Rr	4	0.000	2021	09	24	08
H	Rr	3	0.000	2021	09	24	07
H	Rr	26	0.003	2021	09	24	06
H	Rr	3	0.000	2021	09	24	05
H	Rr	3	0.000	2021	09	24	04
H	Rr	9	0.001	2021	09	24	03
H	Rr	7	0.001	2021	09	24	02
H	Rr	1	0.000	2021	09	24	01
H	Rr	21	0.002	2021	09	24	00
H	Rr	2	0.000	2021	09	23	23
H	Rr	27	0.003	2021	09	23	22
H	Rr	20	0.002	2021	09	23	21
H	Rr	50	0.005	2021	09	23	20
H	Rr	6	0.001	2021	09	23	19
H	Rr	24	0.002	2021	09	23	18
H	Rr	16	0.002	2021	09	23	17
H	Rr	2	0.000	2021	09	23	16
H	Rr	7	0.001	2021	09	23	15
H	Rr	5	0.001	2021	09	23	14
H	Rr	3	0.000	2021	09	23	13
H	Rr	4	0.000	2021	09	23	12
H	Rr	2	0.000	2021	09	23	11
H	Rr	0	0.000	2021	09	23	10
H	Rr	1	0.000	2021	09	23	09
H	Rr	39	0.004	2021	09	23	08
H	Rr	31	0.003	2021	09	23	07
H	Rr	10	0.001	2021	09	23	06
H	Rr	4	0.000	2021	09	23	05
H	Rr	6	0.001	2021	09	23	04
H	Rr	6	0.001	2021	09	23	03
H	Rr	23	0.002	2021	09	23	02
H	Rr	3	0.000	2021	09	23	01
H	Rr	1	0.000	2021	09	23	00
H	Rr	3	0.000	2021	09	22	23
H	Rr	4	0.000	2021	09	22	22
H	Rr	19	0.002	2021	09	22	21
H	Rr	10	0.001	2021	09	22	20
H	Rr	12	0.001	2021	09	22	19
H	Rr	25	0.003	2021	09	22	18
H	Rr	6	0.001	2021	09	22	17
H	Rr	2	0.000	2021	09	22	16
H	Rr	2	0.000	2021	09	22	15
H	Rr	7	0.001	2021	09	22	14
H	Rr	65	0.007	2021	09	22	13
H	Rr	47	0.005	2021	09	22	12
H	Rr	18	0.002	2021	09	22	11
H	Rr	86	0.009	2021	09	22	10
H	Rr	20	0.002	2021	09	22	09
H	Rr	5	0.001	2021	09	22	08
H	Rr	2	0.000	2021	09	22	07
H	Rr	6	0.001	2021	09	22	06
H	Rr	3	0.000	2021	09	22	05
H	Rr	22	0.002	2021	09	22	04
H	Rr	3	0.000	2021	09	22	03
H	Rr	1	0.000	2021	09	22	02
H	Rr	4	0.000	2021	09	22	01
H	Rr	6	0.001	2021	09	22	00
H	*BT	R	750	2020	12	11	23
h	Rr	38720	3.919	00
h	Rr	37940	3.840	01
h	Rr	38747	3.921	02
h	Rr	37990	3.845	03
h	Rr	37010	3.746	04
h	Rr	35014	3.544	05
h	Rr	34522	3.494	06
h	Rr	34137	3.455	07
h	Rr	32889	3.328	08
h	Rr	31357	3.173	09
h	Rr	31172	3.155	10
h	Rr	34885	3.530	11
h	Rr	35114	3.554	12
h	Rr	37203	3.765	13
h	Rr	43232	4.375	14
h	Rr	48682	4.927	15
h	Rr	52101	5.273	16
h	Rr	52124	5.275	17
h	Rr	53234	5.387	18
h	Rr	52537	5.317	19
h	Rr	52320	5.295	20
h	Rr	49239	4.983	21
h	Rr	45246	4.579	22
h	Rr	42691	4.320	23
4	Rr	2	0.000	2021	09	24	23	45
4	Rr	0	0.000	2021	09	24	23	30
4	Rr	1	0.000	2021	09	24	23	15
4	Rr	4	0.000	2021	09	24	23	00
4	Rr	1	0.000	2021	09	24	22	45
4	Rr	0	0.000	2021	09	24	22	30
4	Rr	0	0.000	2021	09	24	22	15
4	Rr	0	0.000	2021	09	24	22	00
4	Rr	0	0.000	2021	09	24	21	45
4	Rr	4	0.000	2021	09	24	21	30
4	Rr	1	0.000	2021	09	24	21	15
4	Rr	1	0.000	2021	09	24	21	00
4	Rr	0	0.000	2021	09	24	20	45
4	Rr	1	0.000	2021	09	24	20	30
4	Rr	0	0.000	2021	09	24	20	15
4	Rr	1	0.000	2021	09	24	20	00
4	Rr	3	0.000	2021	09	24	19	45
4	Rr	1	0.000	2021	09	24	19	30
4	Rr	2	0.000	2021	09	24	19	15
4	Rr	1	0.000	2021	09	24	19	00
4	Rr	0	0.000	2021	09	24	18	45
4	Rr	2	0.000	2021	09	24	18	30
4	Rr	43	0.004	2021	09	24	18	15
4	Rr	0	0.000	2021	09	24	18	00
4	Rr	46	0.005	2021	09	24	17	45
4	Rr	0	0.000	2021	09	24	17	30
4	Rr	1	0.000	2021	09	24	17	15
4	Rr	0	0.000	2021	09	24	17	00
4	Rr	0	0.000	2021	09	24	16	45
4	Rr	0	0.000	2021	09	24	16	30
4	Rr	1	0.000	2021	09	24	16	15
4	Rr	0	0.000	2021	09	24	16	00
4	Rr	5	0.001	2021	09	24	15	45
4	Rr	14	0.001	2021	09	24	15	30
4	Rr	5	0.001	2021	09	24	15	15
4	Rr	4	0.000	2021	09	24	15	00
4	Rr	2	0.000	2021	09	24	14	45
4	Rr	1	0.000	2021	09	24	14	30
4	Rr	0	0.000	2021	09	24	14	15
4	Rr	0	0.000	2021	09	24	14	00
4	Rr	4	0.000	2021	09	24	13	45
4	Rr	1	0.000	2021	09	24	13	30
4	Rr	0	0.000	2021	09	24	13	15
4	Rr	0	0.000	2021	09	24	13	00
4	Rr	0	0.000	2021	09	24	12	45
4	Rr	4	0.000	2021	09	24	12	30
4	Rr	5	0.001	2021	09	24	12	15
4	Rr	0	0.000	2021	09	24	12	00
4	Rr	0	0.000	2021	09	24	11	45
4	Rr	1	0.000	2021	09	24	11	30
4	Rr	0	0.000	2021	09	24	11	15
4	Rr	0	0.000	2021	09	24	11	00
4	Rr	1	0.000	2021	09	24	10	45
4	Rr	3	0.000	2021	09	24	10	30
4	Rr	2	0.000	2021	09	24	10	15
4	Rr	0	0.000	2021	09	24	10	00
4	Rr	0	0.000	2021	09	24	09	45
4	Rr	0	0.000	2021	09	24	09	30
4	Rr	0	0.000	2021	09	24	09	15
4	Rr	1	0.000	2021	09	24	09	00
4	Rr	0	0.000	2021	09	24	08	45
4	Rr	1	0.000	2021	09	24	08	30
4	Rr	1	0.000	2021	09	24	08	15
4	Rr	2	0.000	2021	09	24	08	00
4	Rr	1	0.000	2021	09	24	07	45
4	Rr	1	0.000	2021	09	24	07	30
4	Rr	1	0.000	2021	09	24	07	15
4	Rr	0	0.000	2021	09	24	07	00
4	Rr	4	0.000	2021	09	24	06	45
4	Rr	1	0.000	2021	09	24	06	30
4	Rr	20	0.002	2021	09	24	06	15
4	Rr	1	0.000	2021	09	24	06	00
4	Rr	1	0.000	2021	09	24	05	45
4	Rr	1	0.000	2021	09	24	05	30
4	Rr	1	0.000	2021	09	24	05	15
4	Rr	0	0.000	2021	09	24	05	00
4	Rr	1	0.000	2021	09	24	04	45
4	Rr	0	0.000	2021	09	24	04	30
4	Rr	1	0.000	2021	09	24	04	15
4	Rr	1	0.000	2021	09	24	04	00
4	Rr	5	0.001	2021	09	24	03	45
4	Rr	0	0.000	2021	09	24	03	30
4	Rr	2	0.000	2021	09	24	03	15
4	Rr	2	0.000	2021	09	24	03	00
4	Rr	2	0.000	2021	09	24	02	45
4	Rr	0	0.000	2021	09	24	02	30
4	Rr	5	0.001	2021	09	24	02	15
4	Rr	0	0.000	2021	09	24	02	00
4	Rr	1	0.000	2021	09	24	01	45
4	Rr	0	0.000	2021	09	24	01	30
4	Rr	0	0.000	2021	09	24	01	15
4	Rr	0	0.000	2021	09	24	01	00
4	Rr	18	0.002	2021	09	24	00	45
4	Rr	0	0.000	2021	09	24	00	30
4	Rr	2	0.000	2021	09	24	00	15
4	Rr	1	0.000	2021	09	24	00	00
4	*BT	R	744	2021	04	12	15	00
6	Rr	9599	0.971	00	00
6	Rr	9661	0.978	00	15
6	Rr	9527	0.964	00	30
6	Rr	9933	1.005	00	45
6	Rr	9331	0.944	01	00
6	Rr	9554	0.967	01	15
6	Rr	9568	0.968	01	30
6	Rr	9487	0.960	01	45
6	Rr	9230	0.934	02	00
6	Rr	10148	1.027	02	15
6	Rr	9858	0.998	02	30
6	Rr	9511	0.963	02	45
6	Rr	9164	0.927	03	00
6	Rr	8908	0.902	03	15
6	Rr	9330	0.944	03	30
6	Rr	10588	1.072	03	45
6	Rr	9245	0.936	04	00
6	Rr	9834	0.995	04	15
6	Rr	8663	0.877	04	30
6	Rr	9268	0.938	04	45
6	Rr	8519	0.862	05	00
6	Rr	9269	0.938	05	15
6	Rr	8937	0.904	05	30
6	Rr	8289	0.839	05	45
6	Rr	9390	0.950	06	00
6	Rr	8542	0.864	06	15
6	Rr	8575	0.868	06	30
6	Rr	8015	0.811	06	45
6	Rr	8613	0.872	07	00
6	Rr	8908	0.902	07	15
6	Rr	8816	0.892	07	30
6	Rr	7800	0.789	07	45
6	Rr	8413	0.851	08	00
6	Rr	8083	0.818	08	15
6	Rr	8703	0.881	08	30
6	Rr	7690	0.778	08	45
6	Rr	7957	0.805	09	00
6	Rr	8103	0.820	09	15
6	Rr	7845	0.794	09	30
6	Rr	7452	0.754	09	45
6	Rr	7615	0.771	10	00
6	Rr	7625	0.772	10	15
6	Rr	7742	0.784	10	30
6	Rr	8190	0.829	10	45
6	Rr	9726	0.984	11	00
6	Rr	8309	0.841	11	15
6	Rr	8368	0.847	11	30
6	Rr	8482	0.858	11	45
6	Rr	9716	0.983	12	00
6	Rr	8229	0.833	12	15
6	Rr	8488	0.859	12	30
6	Rr	8681	0.879	12	45
6	Rr	9175	0.929	13	00
6	Rr	9128	0.924	13	15
6	Rr	9763	0.988	13	30
6	Rr	9137	0.925	13	45
6	Rr	10354	1.048	14	00
6	Rr	10905	1.104	14	15
6	Rr	10959	1.109	14	30
6	Rr	11014	1.115	14	45
6	Rr	12042	1.219	15	00
6	Rr	11528	1.167	15	15
6	Rr	12307	1.246	15	30
6	Rr	12805	1.296	15	45
6	Rr	12799	1.295	16	00
6	Rr	12689	1.284	16	15
6	Rr	13224	1.338	16	30
6	Rr	13389	1.355	16	45
6	Rr	13164	1.332	17	00
6	Rr	12914	1.307	17	15
6	Rr	13322	1.348	17	30
6	Rr	12724	1.288	17	45
6	Rr	12802	1.296	18	00
6	Rr	13474	1.364	18	15
6	Rr	13488	1.365	18	30
6	Rr	13470	1.363	18	45
6	Rr	14202	1.437	19	00
6	Rr	12575	1.273	19	15
6	Rr	12948	1.310	19	30
6	Rr	12812	1.297	19	45
6	Rr	13503	1.367	20	00
6	Rr	13059	1.322	20	15
6	Rr	12415	1.256	20	30
6	Rr	13343	1.350	20	45
6	Rr	13216	1.338	21	00
6	Rr	12178	1.232	21	15
6	Rr	11767	1.191	21	30
6	Rr	12078	1.222	21	45
6	Rr	11501	1.164	22	00
6	Rr	11476	1.161	22	15
6	Rr	11249	1.138	22	30
6	Rr	11020	1.115	22	45
6	Rr	11322	1.146	23	00
6	Rr	11465	1.160	23	15
6	Rr	10167	1.029	23	30
6	Rr	9737	0.985	23	45
5	Rr	2	0.000	2021	09	24	23	45
5	Rr	0	0.000	2021	09	24	23	40
5	Rr	0	0.000	2021	09	24	23	35
5	Rr	0	0.000	2021	09	24	23	30
5	Rr	1	0.000	2021	09	24	23	25
5	Rr	0	0.000	2021	09	24	23	20
5	Rr	0	0.000	2021	09	24	23	15
5	Rr	4	0.000	2021	09	24	23	10
5	Rr	0	0.000	2021	09	24	23	05
5	Rr	0	0.000	2021	09	24	23	00
5	Rr	0	0.000	2021	09	24	22	55
5	Rr	0	0.000	2021	09	24	22	50
5	Rr	1	0.000	2021	09	24	22	45
5	Rr	0	0.000	2021	09	24	22	40
5	Rr	0	0.000	2021	09	24	22	35
5	Rr	0	0.000	2021	09	24	22	30
5	Rr	0	0.000	2021	09	24	22	25
5	Rr	0	0.000	2021	09	24	22	20
5	Rr	0	0.000	2021	09	24	22	15
5	Rr	0	0.000	2021	09	24	22	10
5	Rr	0	0.000	2021	09	24	22	05
5	Rr	0	0.000	2021	09	24	22	00
5	Rr	0	0.000	2021	09	24	21	55
5	Rr	0	0.000	2021	09	24	21	50
5	Rr	0	0.000	2021	09	24	21	45
5	Rr	2	0.000	2021	09	24	21	40
5	Rr	2	0.000	2021	09	24	21	35
5	Rr	0	0.000	2021	09	24	21	30
5	Rr	1	0.000	2021	09	24	21	25
5	Rr	0	0.000	2021	09	24	21	20
5	Rr	0	0.000	2021	09	24	21	15
5	Rr	1	0.000	2021	09	24	21	10
5	Rr	0	0.000	2021	09	24	21	05
5	Rr	0	0.000	2021	09	24	21	00
5	Rr	0	0.000	2021	09	24	20	55
5	Rr	0	0.000	2021	09	24	20	50
5	Rr	0	0.000	2021	09	24	20	45
5	Rr	0	0.000	2021	09	24	20	40
5	Rr	1	0.000	2021	09	24	20	35
5	Rr	0	0.000	2021	09	24	20	30
5	Rr	0	0.000	2021	09	24	20	25
5	Rr	0	0.000	2021	09	24	20	20
5	Rr	0	0.000	2021	09	24	20	15
5	Rr	1	0.000	2021	09	24	20	10
5	Rr	0	0.000	2021	09	24	20	05
5	Rr	0	0.000	2021	09	24	20	00
5	Rr	1	0.000	2021	09	24	19	55
5	Rr	1	0.000	2021	09	24	19	50
5	Rr	1	0.000	2021	09	24	19	45
5	Rr	1	0.000	2021	09	24	19	40
5	Rr	0	0.000	2021	09	24	19	35
5	Rr	0	0.000	2021	09	24	19	30
5	Rr	1	0.000	2021	09	24	19	25
5	Rr	0	0.000	2021	09	24	19	20
5	Rr	1	0.000	2021	09	24	19	15
5	Rr	0	0.000	2021	09	24	19	10
5	Rr	1	0.000	2021	09	24	19	05
5	Rr	0	0.000	2021	09	24	19	00
5	Rr	0	0.000	2021	09	24	18	55
5	Rr	0	0.000	2021	09	24	18	50
5	Rr	0	0.000	2021	09	24	18	45
5	Rr	2	0.000	2021	09	24	18	40
5	Rr	0	0.000	2021	09	24	18	35
5	Rr	0	0.000	2021	09	24	18	30
5	Rr	0	0.000	2021	09	24	18	25
5	Rr	23	0.002	2021	09	24	18	20
5	Rr	20	0.002	2021	09	24	18	15
5	Rr	0	0.000	2021	09	24	18	10
5	Rr	0	0.000	2021	09	24	18	05
5	Rr	0	0.000	2021	09	24	18	00
5	Rr	3	0.000	2021	09	24	17	55
5	Rr	42	0.004	2021	09	24	17	50
5	Rr	1	0.000	2021	09	24	17	45
5	Rr	0	0.000	2021	09	24	17	40
5	Rr	0	0.000	2021	09	24	17	35
5	Rr	0	0.000	2021	09	24	17	30
5	Rr	0	0.000	2021	09	24	17	25
5	Rr	1	0.000	2021	09	24	17	20
5	Rr	0	0.000	2021	09	24	17	15
5	Rr	0	0.000	2021	09	24	17	10
5	Rr	0	0.000	2021	09	24	17	05
5	Rr	0	0.000	2021	09	24	17	00
5	Rr	0	0.000	2021	09	24	16	55
5	Rr	0	0.000	2021	09	24	16	50
5	Rr	0	0.000	2021	09	24	16	45
5	Rr	0	0.000	2021	09	24	16	40
5	Rr	0	0.000	2021	09	24	16	35
5	Rr	0	0.000	2021	09	24	16	30
5	Rr	0	0.000	2021	09	24	16	25
5	Rr	0	0.000	2021	09	24	16	20
5	Rr	1	0.000	2021	09	24	16	15
5	Rr	0	0.000	2021	09	24	16	10
5	Rr	0	0.000	2021	09	24	16	05
5	Rr	0	0.000	2021	09	24	16	00
5	Rr	4	0.000	2021	09	24	15	55
5	Rr	1	0.000	2021	09	24	15	50
5	Rr	0	0.000	2021	09	24	15	45
5	Rr	2	0.000	2021	09	24	15	40
5	Rr	9	0.001	2021	09	24	15	35
5	Rr	3	0.000	2021	09	24	15	30
5	Rr	2	0.000	2021	09	24	15	25
5	Rr	1	0.000	2021	09	24	15	20
5	Rr	2	0.000	2021	09	24	15	15
5	Rr	1	0.000	2021	09	24	15	10
5	Rr	1	0.000	2021	09	24	15	05
5	Rr	2	0.000	2021	09	24	15	00
5	Rr	0	0.000	2021	09	24	14	55
5	Rr	2	0.000	2021	09	24	14	50
5	Rr	0	0.000	2021	09	24	14	45
5	Rr	0	0.000	2021	09	24	14	40
5	Rr	1	0.000	2021	09	24	14	35
5	Rr	0	0.000	2021	09	24	14	30
5	Rr	0	0.000	2021	09	24	14	25
5	Rr	0	0.000	2021	09	24	14	20
5	Rr	0	0.000	2021	09	24	14	15
5	Rr	0	0.000	2021	09	24	14	10
5	Rr	0	0.000	2021	09	24	14	05
5	Rr	0	0.000	2021	09	24	14	00
5	Rr	3	0.000	2021	09	24	13	55
5	Rr	0	0.000	2021	09	24	13	50
5	Rr	1	0.000	2021	09	24	13	45
5	Rr	1	0.000	2021	09	24	13	40
5	Rr	0	0.000	2021	09	24	13	35
5	Rr	0	0.000	2021	09	24	13	30
5	Rr	0	0.000	2021	09	24	13	25
5	Rr	0	0.000	2021	09	24	13	20
5	Rr	0	0.000	2021	09	24	13	15
5	Rr	0	0.000	2021	09	24	13	10
5	Rr	0	0.000	2021	09	24	13	05
5	Rr	0	0.000	2021	09	24	13	00
5	Rr	0	0.000	2021	09	24	12	55
5	Rr	0	0.000	2021	09	24	12	50
5	Rr	0	0.000	2021	09	24	12	45
5	Rr	4	0.000	2021	09	24	12	40
5	Rr	0	0.000	2021	09	24	12	35
5	Rr	0	0.000	2021	09	24	12	30
5	Rr	0	0.000	2021	09	24	12	25
5	Rr	0	0.000	2021	09	24	12	20
5	Rr	5	0.001	2021	09	24	12	15
5	Rr	0	0.000	2021	09	24	12	10
5	Rr	0	0.000	2021	09	24	12	05
5	Rr	0	0.000	2021	09	24	12	00
5	Rr	0	0.000	2021	09	24	11	55
5	Rr	0	0.000	2021	09	24	11	50
5	Rr	0	0.000	2021	09	24	11	45
5	Rr	0	0.000	2021	09	24	11	40
5	Rr	0	0.000	2021	09	24	11	35
5	Rr	1	0.000	2021	09	24	11	30
5	Rr	0	0.000	2021	09	24	11	25
5	Rr	0	0.000	2021	09	24	11	20
5	Rr	0	0.000	2021	09	24	11	15
5	Rr	0	0.000	2021	09	24	11	10
5	Rr	0	0.000	2021	09	24	11	05
5	Rr	0	0.000	2021	09	24	11	00
5	Rr	1	0.000	2021	09	24	10	55
5	Rr	0	0.000	2021	09	24	10	50
5	Rr	0	0.000	2021	09	24	10	45
5	Rr	1	0.000	2021	09	24	10	40
5	Rr	1	0.000	2021	09	24	10	35
5	Rr	1	0.000	2021	09	24	10	30
5	Rr	1	0.000	2021	09	24	10	25
5	Rr	1	0.000	2021	09	24	10	20
5	Rr	0	0.000	2021	09	24	10	15
5	Rr	0	0.000	2021	09	24	10	10
5	Rr	0	0.000	2021	09	24	10	05
5	Rr	0	0.000	2021	09	24	10	00
5	Rr	0	0.000	2021	09	24	09	55
5	Rr	0	0.000	2021	09	24	09	50
5	Rr	0	0.000	2021	09	24	09	45
5	Rr	0	0.000	2021	09	24	09	40
5	Rr	0	0.000	2021	09	24	09	35
5	Rr	0	0.000	2021	09	24	09	30
5	Rr	0	0.000	2021	09	24	09	25
5	Rr	0	0.000	2021	09	24	09	20
5	Rr	0	0.000	2021	09	24	09	15
5	Rr	0	0.000	2021	09	24	09	10
5	Rr	1	0.000	2021	09	24	09	05
5	Rr	0	0.000	2021	09	24	09	00
5	Rr	0	0.000	2021	09	24	08	55
5	Rr	0	0.000	2021	09	24	08	50
5	Rr	0	0.000	2021	09	24	08	45
5	Rr	1	0.000	2021	09	24	08	40
5	Rr	0	0.000	2021	09	24	08	35
5	Rr	0	0.000	2021	09	24	08	30
5	Rr	0	0.000	2021	09	24	08	25
5	Rr	0	0.000	2021	09	24	08	20
5	Rr	1	0.000	2021	09	24	08	15
5	Rr	0	0.000	2021	09	24	08	10
5	Rr	0	0.000	2021	09	24	08	05
5	Rr	2	0.000	2021	09	24	08	00
5	Rr	0	0.000	2021	09	24	07	55
5	Rr	0	0.000	2021	09	24	07	50
5	Rr	1	0.000	2021	09	24	07	45
5	Rr	1	0.000	2021	09	24	07	40
5	Rr	0	0.000	2021	09	24	07	35
5	Rr	0	0.000	2021	09	24	07	30
5	Rr	0	0.000	2021	09	24	07	25
5	Rr	1	0.000	2021	09	24	07	20
5	Rr	0	0.000	2021	09	24	07	15
5	Rr	0	0.000	2021	09	24	07	10
5	Rr	0	0.000	2021	09	24	07	05
5	Rr	0	0.000	2021	09	24	07	00
5	Rr	0	0.000	2021	09	24	06	55
5	Rr	3	0.000	2021	09	24	06	50
5	Rr	1	0.000	2021	09	24	06	45
5	Rr	0	0.000	2021	09	24	06	40
5	Rr	0	0.000	2021	09	24	06	35
5	Rr	1	0.000	2021	09	24	06	30
5	Rr	0	0.000	2021	09	24	06	25
5	Rr	0	0.000	2021	09	24	06	20
5	Rr	20	0.002	2021	09	24	06	15
5	Rr	1	0.000	2021	09	24	06	10
5	Rr	0	0.000	2021	09	24	06	05
5	Rr	0	0.000	2021	09	24	06	00
5	Rr	0	0.000	2021	09	24	05	55
5	Rr	1	0.000	2021	09	24	05	50
5	Rr	0	0.000	2021	09	24	05	45
5	Rr	0	0.000	2021	09	24	05	40
5	Rr	1	0.000	2021	09	24	05	35
5	Rr	0	0.000	2021	09	24	05	30
5	Rr	0	0.000	2021	09	24	05	25
5	Rr	0	0.000	2021	09	24	05	20
5	Rr	1	0.000	2021	09	24	05	15
5	Rr	0	0.000	2021	09	24	05	10
5	Rr	0	0.000	2021	09	24	05	05
5	Rr	0	0.000	2021	09	24	05	00
5	Rr	0	0.000	2021	09	24	04	55
5	Rr	0	0.000	2021	09	24	04	50
5	Rr	1	0.000	2021	09	24	04	45
5	Rr	0	0.000	2021	09	24	04	40
5	Rr	0	0.000	2021	09	24	04	35
5	Rr	0	0.000	2021	09	24	04	30
5	Rr	0	0.000	2021	09	24	04	25
5	Rr	0	0.000	2021	09	24	04	20
5	Rr	1	0.000	2021	09	24	04	15
5	Rr	0	0.000	2021	09	24	04	10
5	Rr	0	0.000	2021	09	24	04	05
5	Rr	1	0.000	2021	09	24	04	00
5	Rr	4	0.000	2021	09	24	03	55
5	Rr	1	0.000	2021	09	24	03	50
5	Rr	0	0.000	2021	09	24	03	45
5	Rr	0	0.000	2021	09	24	03	40
5	Rr	0	0.000	2021	09	24	03	35
5	Rr	0	0.000	2021	09	24	03	30
5	Rr	0	0.000	2021	09	24	03	25
5	Rr	0	0.000	2021	09	24	03	20
5	Rr	2	0.000	2021	09	24	03	15
5	Rr	0	0.000	2021	09	24	03	10
5	Rr	0	0.000	2021	09	24	03	05
5	Rr	2	0.000	2021	09	24	03	00
5	Rr	1	0.000	2021	09	24	02	55
5	Rr	0	0.000	2021	09	24	02	50
5	Rr	1	0.000	2021	09	24	02	45
5	Rr	0	0.000	2021	09	24	02	40
5	Rr	0	0.000	2021	09	24	02	35
5	Rr	0	0.000	2021	09	24	02	30
5	Rr	2	0.000	2021	09	24	02	25
5	Rr	3	0.000	2021	09	24	02	20
5	Rr	0	0.000	2021	09	24	02	15
5	Rr	0	0.000	2021	09	24	02	10
5	Rr	0	0.000	2021	09	24	02	05
5	Rr	0	0.000	2021	09	24	02	00
5	Rr	0	0.000	2021	09	24	01	55
5	Rr	0	0.000	2021	09	24	01	50
5	Rr	1	0.000	2021	09	24	01	45
5	Rr	0	0.000	2021	09	24	01	40
5	Rr	0	0.000	2021	09	24	01	35
5	Rr	0	0.000	2021	09	24	01	30
5	Rr	0	0.000	2021	09	24	01	25
5	Rr	0	0.000	2021	09	24	01	20
5	Rr	0	0.000	2021	09	24	01	15
5	Rr	0	0.000	2021	09	24	01	10
5	Rr	0	0.000	2021	09	24	01	05
5	Rr	0	0.000	2021	09	24	01	00
5	Rr	16	0.002	2021	09	24	00	55
5	Rr	2	0.000	2021	09	24	00	50
5	Rr	0	0.000	2021	09	24	00	45
5	Rr	0	0.000	2021	09	24	00	40
5	Rr	0	0.000	2021	09	24	00	35
5	Rr	0	0.000	2021	09	24	00	30
5	Rr	0	0.000	2021	09	24	00	25
5	Rr	2	0.000	2021	09	24	00	20
5	Rr	0	0.000	2021	09	24	00	15
5	Rr	0	0.000	2021	09	24	00	10
5	Rr	0	0.000	2021	09	24	00	05
5	Rr	1	0.000	2021	09	24	00	00
5	Rr	0	0.000	2021	09	23	23	55
5	Rr	1	0.000	2021	09	23	23	50
5	*BT	R	715	2020	12	11	23	20
7	Rr	3028	0.306	00	00
7	Rr	3491	0.353	00	05
7	Rr	3080	0.312	00	10
7	Rr	2693	0.273	00	15
7	Rr	3261	0.330	00	20
7	Rr	3707	0.375	00	25
7	Rr	3132	0.317	00	30
7	Rr	3131	0.317	00	35
7	Rr	3264	0.330	00	40
7	Rr	3333	0.337	00	45
7	Rr	3559	0.360	00	50
7	Rr	3041	0.308	00	55
7	Rr	2896	0.293	01	00
7	Rr	3159	0.320	01	05
7	Rr	3276	0.332	01	10
7	Rr	3204	0.324	01	15
7	Rr	3332	0.337	01	20
7	Rr	3018	0.305	01	25
7	Rr	3052	0.309	01	30
7	Rr	3279	0.332	01	35
7	Rr	3237	0.328	01	40
7	Rr	3090	0.313	01	45
7	Rr	3020	0.306	01	50
7	Rr	3377	0.342	01	55
7	Rr	3055	0.309	02	00
7	Rr	3124	0.316	02	05
7	Rr	3051	0.309	02	10
7	Rr	3576	0.362	02	15
7	Rr	3264	0.330	02	20
7	Rr	3308	0.335	02	25
7	Rr	3222	0.326	02	30
7	Rr	3518	0.356	02	35
7	Rr	3118	0.316	02	40
7	Rr	3124	0.316	02	45
7	Rr	2890	0.292	02	50
7	Rr	3497	0.354	02	55
7	Rr	3136	0.317	03	00
7	Rr	2998	0.303	03	05
7	Rr	3030	0.307	03	10
7	Rr	3161	0.320	03	15
7	Rr	2874	0.291	03	20
7	Rr	2873	0.291	03	25
7	Rr	3001	0.304	03	30
7	Rr	3201	0.324	03	35
7	Rr	3128	0.317	03	40
7	Rr	3452	0.349	03	45
7	Rr	3950	0.400	03	50
7	Rr	3186	0.322	03	55
7	Rr	3029	0.307	04	00
7	Rr	3047	0.308	04	05
7	Rr	3169	0.321	04	10
7	Rr	3274	0.331	04	15
7	Rr	3435	0.348	04	20
7	Rr	3125	0.316	04	25
7	Rr	2999	0.304	04	30
7	Rr	2832	0.287	04	35
7	Rr	2832	0.287	04	40
7	Rr	3369	0.341	04	45
7	Rr	2951	0.299	04	50
7	Rr	2948	0.298	04	55
7	Rr	2721	0.275	05	00
7	Rr	2675	0.271	05	05
7	Rr	3123	0.316	05	10
7	Rr	3067	0.310	05	15
7	Rr	3176	0.321	05	20
7	Rr	3026	0.306	05	25
7	Rr	3236	0.327	05	30
7	Rr	3017	0.305	05	35
7	Rr	2684	0.272	05	40
7	Rr	2750	0.278	05	45
7	Rr	2659	0.269	05	50
7	Rr	2880	0.291	05	55
7	Rr	2891	0.293	06	00
7	Rr	3547	0.359	06	05
7	Rr	2952	0.299	06	10
7	Rr	2932	0.297	06	15
7	Rr	2771	0.280	06	20
7	Rr	2839	0.287	06	25
7	Rr	2692	0.272	06	30
7	Rr	2898	0.293	06	35
7	Rr	2985	0.302	06	40
7	Rr	3066	0.310	06	45
7	Rr	2466	0.250	06	50
7	Rr	2483	0.251	06	55
7	Rr	3129	0.317	07	00
7	Rr	2685	0.272	07	05
7	Rr	2799	0.283	07	10
7	Rr	2677	0.271	07	15
7	Rr	2925	0.296	07	20
7	Rr	3306	0.335	07	25
7	Rr	3263	0.330	07	30
7	Rr	2945	0.298	07	35
7	Rr	2608	0.264	07	40
7	Rr	2625	0.266	07	45
7	Rr	2533	0.256	07	50
7	Rr	2642	0.267	07	55
7	Rr	2714	0.275	08	00
7	Rr	2993	0.303	08	05
7	Rr	2706	0.274	08	10
7	Rr	2609	0.264	08	15
7	Rr	2710	0.274	08	20
7	Rr	2764	0.280	08	25
7	Rr	3180	0.322	08	30
7	Rr	2800	0.283	08	35
7	Rr	2723	0.276	08	40
7	Rr	2578	0.261	08	45
7	Rr	2538	0.257	08	50
7	Rr	2574	0.260	08	55
7	Rr	2536	0.257	09	00
7	Rr	2884	0.292	09	05
7	Rr	2537	0.257	09	10
7	Rr	2513	0.254	09	15
7	Rr	2900	0.293	09	20
7	Rr	2690	0.272	09	25
7	Rr	2736	0.277	09	30
7	Rr	2436	0.247	09	35
7	Rr	2673	0.271	09	40
7	Rr	2552	0.258	09	45
7	Rr	2381	0.241	09	50
7	Rr	2519	0.255	09	55
7	Rr	2558	0.259	10	00
7	Rr	2455	0.248	10	05
7	Rr	2602	0.263	10	10
7	Rr	2487	0.252	10	15
7	Rr	2408	0.244	10	20
7	Rr	2730	0.276	10	25
7	Rr	2496	0.253	10	30
7	Rr	2552	0.258	10	35
7	Rr	2694	0.273	10	40
7	Rr	2481	0.251	10	45
7	Rr	2733	0.277	10	50
7	Rr	2976	0.301	10	55
7	Rr	3897	0.394	11	00
7	Rr	3008	0.304	11	05
7	Rr	2821	0.285	11	10
7	Rr	2760	0.279	11	15
7	Rr	2857	0.289	11	20
7	Rr	2692	0.272	11	25
7	Rr	2904	0.294	11	30
7	Rr	2580	0.261	11	35
7	Rr	2884	0.292	11	40
7	Rr	2777	0.281	11	45
7	Rr	2809	0.284	11	50
7	Rr	2896	0.293	11	55
7	Rr	3454	0.350	12	00
7	Rr	3129	0.317	12	05
7	Rr	3133	0.317	12	10
7	Rr	2679	0.271	12	15
7	Rr	2825	0.286	12	20
7	Rr	2725	0.276	12	25
7	Rr	2832	0.287	12	30
7	Rr	2718	0.275	12	35
7	Rr	2938	0.297	12	40
7	Rr	3039	0.308	12	45
7	Rr	2783	0.282	12	50
7	Rr	2859	0.289	12	55
7	Rr	2975	0.301	13	00
7	Rr	2970	0.301	13	05
7	Rr	3230	0.327	13	10
7	Rr	3024	0.306	13	15
7	Rr	2971	0.301	13	20
7	Rr	3133	0.317	13	25
7	Rr	3193	0.323	13	30
7	Rr	3513	0.356	13	35
7	Rr	3057	0.309	13	40
7	Rr	2686	0.272	13	45
7	Rr	3234	0.327	13	50
7	Rr	3217	0.326	13	55
7	Rr	3231	0.327	14	00
7	Rr	3565	0.361	14	05
7	Rr	3558	0.360	14	10
7	Rr	3750	0.380	14	15
7	Rr	3532	0.357	14	20
7	Rr	3623	0.367	14	25
7	Rr	3928	0.398	14	30
7	Rr	3701	0.375	14	35
7	Rr	3330	0.337	14	40
7	Rr	3448	0.349	14	45
7	Rr	3591	0.363	14	50
7	Rr	3975	0.402	14	55
7	Rr	4103	0.415	15	00
7	Rr	4221	0.427	15	05
7	Rr	3718	0.376	15	10
7	Rr	3873	0.392	15	15
7	Rr	3581	0.362	15	20
7	Rr	4074	0.412	15	25
7	Rr	4290	0.434	15	30
7	Rr	3877	0.392	15	35
7	Rr	4140	0.419	15	40
7	Rr	4175	0.423	15	45
7	Rr	4203	0.425	15	50
7	Rr	4427	0.448	15	55
7	Rr	4183	0.423	16	00
7	Rr	4424	0.448	16	05
7	Rr	4192	0.424	16	10
7	Rr	4658	0.471	16	15
7	Rr	4124	0.417	16	20
7	Rr	3907	0.395	16	25
7	Rr	4264	0.432	16	30
7	Rr	4488	0.454	16	35
7	Rr	4472	0.453	16	40
7	Rr	4508	0.456	16	45
7	Rr	4504	0.456	16	50
7	Rr	4377	0.443	16	55
7	Rr	4314	0.437	17	00
7	Rr	4265	0.432	17	05
7	Rr	4585	0.464	17	10
7	Rr	4205	0.426	17	15
7	Rr	4296	0.435	17	20
7	Rr	4413	0.447	17	25
7	Rr	4413	0.447	17	30
7	Rr	4549	0.460	17	35
7	Rr	4360	0.441	17	40
7	Rr	4194	0.424	17	45
7	Rr	4381	0.443	17	50
7	Rr	4149	0.420	17	55
7	Rr	3765	0.381	18	00
7	Rr	4195	0.425	18	05
7	Rr	4842	0.490	18	10
7	Rr	4571	0.463	18	15
7	Rr	4239	0.429	18	20
7	Rr	4664	0.472	18	25
7	Rr	4401	0.445	18	30
7	Rr	4548	0.460	18	35
7	Rr	4539	0.459	18	40
7	Rr	4491	0.455	18	45
7	Rr	4391	0.444	18	50
7	Rr	4588	0.464	18	55
7	Rr	4987	0.505	19	00
7	Rr	4675	0.473	19	05
7	Rr	4540	0.459	19	10
7	Rr	4297	0.435	19	15
7	Rr	4211	0.426	19	20
7	Rr	4067	0.412	19	25
7	Rr	4147	0.420	19	30
7	Rr	4365	0.442	19	35
7	Rr	4436	0.449	19	40
7	Rr	4660	0.472	19	45
7	Rr	4023	0.407	19	50
7	Rr	4129	0.418	19	55
7	Rr	4231	0.428	20	00
7	Rr	4702	0.476	20	05
7	Rr	4570	0.463	20	10
7	Rr	4230	0.428	20	15
7	Rr	4470	0.452	20	20
7	Rr	4359	0.441	20	25
7	Rr	3862	0.391	20	30
7	Rr	4162	0.421	20	35
7	Rr	4391	0.444	20	40
7	Rr	4683	0.474	20	45
7	Rr	4238	0.429	20	50
7	Rr	4422	0.448	20	55
7	Rr	4873	0.493	21	00
7	Rr	4116	0.417	21	05
7	Rr	4227	0.428	21	10
7	Rr	4088	0.414	21	15
7	Rr	3727	0.377	21	20
7	Rr	4363	0.442	21	25
7	Rr	3763	0.381	21	30
7	Rr	4008	0.406	21	35
7	Rr	3996	0.404	21	40
7	Rr	4075	0.412	21	45
7	Rr	4241	0.429	21	50
7	Rr	3762	0.381	21	55
7	Rr	3871	0.392	22	00
7	Rr	3728	0.377	22	05
7	Rr	3902	0.395	22	10
7	Rr	3516	0.356	22	15
7	Rr	3941	0.399	22	20
7	Rr	4019	0.407	22	25
7	Rr	3657	0.370	22	30
7	Rr	4027	0.408	22	35
7	Rr	3565	0.361	22	40
7	Rr	3618	0.366	22	45
7	Rr	3789	0.383	22	50
7	Rr	3613	0.366	22	55
7	Rr	4019	0.407	23	00
7	Rr	3691	0.374	23	05
7	Rr	3612	0.366	23	10
7	Rr	3626	0.367	23	15
7	Rr	4370	0.442	23	20
7	Rr	3469	0.351	23	25
7	Rr	3278	0.332	23	30
7	Rr	3585	0.363	23	35
7	Rr	3304	0.334	23	40
7	Rr	3305	0.334	23	45
7	Rr	3366	0.341	23	50
7	Rr	3066	0.310	23	55
o	*f	0R	r
o	lRQ	1	988106	2898015926	[unresolved numerical addresses]
Z	*f	-20R	r
Z	lRb	1	43012	3.084	66.249
Z	lRb	1	40226	1.812	69
Z	lRb	1	27025	2.047	35
Z	lRb	1	24917	0.929	46
Z	lRb	1	22197	3.063	157.55
Z	lRb	1	18429	2.979	70
Z	lRb	1	17383	1.321	34
Z	lRb	1	17015	2.276	207.46
Z	lRb	1	16437	1.856	54
Z	lRb	1	15508	2.501	40
Z	lRb	1	15419	1.427	76
Z	lRb	1	13392	1.682	72
Z	lRb	1	12111	0.103	178.137
Z	lRb	1	11900	1.126	75
Z	lRb	1	11828	1.277	5
Z	lRb	1	10980	1.049	123
Z	lRb	1	10882	0.897	74
Z	lRb	1	9880	0.654	71
Z	lRb	1	9097	0.557	37
Z	lRb	1	9084	1.013	104
Z	lRb	1	631384	68.346	[not listed: 8618]
S	*f	-50P	r
S	Rb	4702	0.449	14.33.246.211
S	Rb	3770	0.833	192.234.235.103
S	Rb	3248	0.281	192.99.15.146
S	Rb	2341	0.155	100.43.83.148
S	Rb	1992	0.078	66.249.75.109
S	Rb	1829	0.170	37.59.14.116
S	Rb	1781	0.245	75.98.173.33
S	Rb	1597	0.148	78.155.138.20
S	Rb	1543	0.084	199.21.99.79
S	Rb	1459	0.012	92.249.127.111
S	Rb	1330	0.021	109.102.111.58
S	Rb	1312	0.051	205.203.134.197
S	Rb	1304	0.219	5.196.13.127
S	Rb	1276	0.136	208.115.113.82
S	Rb	1270	0.074	95.108.248.29
S	Rb	1193	0.047	49.7.20.102
S	Rb	1155	0.265	75.98.173.84
S	Rb	1142	0.001	91.207.9.226
S	Rb	1107	0.019	66.249.69.97
S	Rb	1081	0.021	66.249.69.81
S	Rb	1051	0.037	66.249.69.192
S	Rb	1047	0.020	106.38.241.144
S	Rb	1039	0.017	66.249.69.89
S	Rb	1030	0.111	5.255.250.90
S	Rb	1024	0.084	95.108.150.235
S	Rb	1012	0.093	192.99.6.132
S	Rb	957	0.208	199.21.99.197
S	Rb	952	0.189	79.125.27.96
S	Rb	951	0.071	66.249.73.133
S	Rb	845	0.038	144.76.27.118
S	Rb	815	0.034	178.63.23.80
S	Rb	812	0.106	66.249.64.90
S	Rb	808	0.208	149.202.211.239
S	Rb	791	0.073	192.99.7.55
S	Rb	786	0.133	66.11.128.152
S	Rb	777	0.001	193.150.120.14
S	Rb	760	0.058	208.115.113.92
S	Rb	756	0.024	82.145.46.102
S	Rb	744	0.011	109.102.111.20
S	Rb	739	0.011	109.102.111.50
S	Rb	721	0.004	106.38.241.177
S	Rb	704	0.001	109.120.157.179
S	Rb	698	0.029	220.181.125.162
S	Rb	694	0.044	78.155.138.30
S	Rb	686	0.023	66.249.65.212
S	Rb	666	0.095	216.244.66.229
S	Rb	664	0.062	94.23.59.173
S	Rb	660	0.020	49.7.20.111
S	Rb	653	0.082	52.21.132.215
S	Rb	649	0.060	46.105.74.59
S	Rb	927183	94.746	[not listed: 87208]
s	*FR	2013	12	18	21	53
s	*LR	2021	09	24	23	26
s	*f	-20R	s
s	lRS	1	193113	581	http://www.gtaeronautics.com/
s	lRS	1	45584	239	http://gtaeronautics.com/
s	lRS	1	4900	10	https://www.google.com/
s	lRS	1	326	1	http://www.bing.com/
s	lRS	1	1542	0	http://www.google.com/
s	lRS	1	1159	0	http://www.trainingindustry.com/
s	lRS	1	1123	0	http://www.baidu.com/
s	lRS	1	609	0	http://www.mfgpages.com/
s	lRS	1	604	0	http://www.openfos.com/
s	lRS	1	517	0	http://www.topicway.com/
s	lRS	1	462	0	http://anti-crisis-seo.com/
s	lRS	1	395	0	http://uptime.com/
s	lRS	1	362	0	http://semalt.semalt.com/
s	lRS	1	301	0	http://chimiver.info/
s	lRS	1	280	0	https://www.google.co.in/
s	lRS	1	262	0	http://google.co.jp/
s	lRS	1	246	0	https://www.thomasnet.com/
s	lRS	1	243	0	https://www.bing.com/
s	lRS	1	236	0	http://www.thomasnet.com/
s	lRS	1	234	0	http://www.artparquet.ru/
s	lRS	1	48070	26	[not listed: 4283]
f	*FR	2013	12	18	21	53
f	*LR	2021	09	24	23	26
f	*f	-30R	s
f	lRS	1	129651	466	http://www.gtaeronautics.com/
f	lRS	1	31309	156	http://gtaeronautics.com/
f	lRS	1	1662	45	http://www.gtaeronautics.com/consultinga.html
f	lRS	1	823	22	http://gtaeronautics.com/index.html
f	lRS	1	1312	14	http://gtaeronautics.com/aboutus.html
f	lRS	1	1944	13	http://www.gtaeronautics.com/RD.html
f	lRS	1	1543	12	http://www.gtaeronautics.com/IndNews.html
f	lRS	1	9202	11	http://www.gtaeronautics.com/aboutus.html
f	lRS	1	4504	10	https://www.google.com/
f	lRS	1	4162	10	http://www.gtaeronautics.com/ConsultingA.html
f	lRS	1	5851	9	http://www.gtaeronautics.com/UASFC.html
f	lRS	1	2318	7	http://www.gtaeronautics.com/GT380 RPAS.html
f	lRS	1	2441	1	http://www.gtaeronautics.com/pna.html
f	lRS	1	1758	1	http://www.gtaeronautics.com/SRU.html
f	lRS	1	1098	1	http://www.gtaeronautics.com/links.html
f	lRS	1	6876	0	http://www.gtaeronautics.com/CCT&M.html
f	lRS	1	5466	0	http://gtaeronautics.com/IndNews.html
f	lRS	1	4151	0	http://www.gtaeronautics.com/index.html
f	lRS	1	2072	0	http://www.gtaeronautics.com/GT1500 RPAS.html
f	lRS	1	1987	0	http://www.gtaeronautics.com/uasfc.html
f	lRS	1	1900	0	http://www.gtaeronautics.com/CompNews.html
f	lRS	1	1778	0	http://www.gtaeronautics.com/CFMT.html
f	lRS	1	1549	0	http://www.gtaeronautics.com/GT50T RPAS.html
f	lRS	1	1535	0	http://www.gtaeronautics.com/EMPLOYMENT.html
f	lRS	1	1306	0	http://www.gtaeronautics.com/contactus.html
f	lRS	1	1187	0	http://www.gtaeronautics.com/compnews.html
f	lRS	1	1159	0	http://www.trainingindustry.com/
f	lRS	1	1079	0	http://www.baidu.com/s
f	lRS	1	892	0	http://www.google.com/url
f	lRS	1	872	0	http://www.gtaeronautics.com/FAQ.html
f	lRS	1	67181	79	[not listed: 4906]
n	*FR	2013	12	19	00	28
n	*LR	2020	10	14	09	11
n	*f	0.500000%Q	s
n	Rq	1	535.130	kit
n	Rq	1	535.130	method
n	Rq	2	445.194	crew
n	Rq	28	521.672	aeronautical
n	Rq	1	535.130	airplane.com
n	Rq	5	175.386	faa
n	Rq	40	607.122	gt
n	Rq	1	535.130	moldings
n	Rq	1	535.130	twin
n	Rq	1	535.130	taranis
n	Rq	2	535.130	installerex
n	Rq	2	535.130	http://gtaeronautics.com/
n	Rq	20	350.772	in
n	Rq	1	535.130	scale
n	Rq	1	535.130	observer
n	Rq	1	535.130	drawing?
n	Rq	2	535.130	is
n	Rq	1	535.130	making
n	Rq	2	445.194	fiber
n	Rq	1	535.130	mitsubishi
n	Rq	1	535.130	fuze
n	Rq	1	535.130	http://www.gtaeronautics.com/indnews.html
n	Rq	92	535.130	semalt.com
n	Rq	1	535.130	consultant
n	Rq	15	265.322	manufacturing
n	Rq	1	535.130	2
n	Rq	1	535.130	base
n	Rq	14	616.094	6
n	Rq	1	535.130	http://gtaeronautics.com/indnews.html
n	Rq	1	535.130	always
n	Rq	28	251.864	engineering
n	Rq	1	535.130	northrop
n	Rq	1	535.130	bandwidth
n	Rq	1	535.130	vegas
n	Rq	3	445.194	basic
n	Rq	1	535.130	qinetiq
n	Rq	1	535.130	tooling
n	Rq	1	535.130	on
n	Rq	1	535.130	heavy
n	Rq	9	530.644	drawings
n	Rq	1	535.130	fia
n	Rq	4	535.130	louis%20vuitton%20fashion%20valley%20phone%20number
n	Rq	3	535.130	llc
n	Rq	3	355.258	rullman
n	Rq	1	535.130	cowling
n	Rq	32	355.258	sale
n	Rq	64	85.450	outlet
n	Rq	1	535.130	rotax
n	Rq	1	535.130	ucav
n	Rq	28	341.800	texan
n	Rq	1	535.130	a
n	Rq	2	535.130	customer
n	Rq	1	535.130	rpa
n	Rq	2	445.194	110cc
n	Rq	30	535.130	designer
n	Rq	20	175.386	www.gtaeronautics.com
n	Rq	1	535.130	work
n	Rq	1	535.130	thomas
n	Rq	1	535.130	engie
n	Rq	1	535.130	qualification
n	Rq	1	535.130	custom
n	Rq	1	535.130	mk3
n	Rq	1	535.130	t
n	Rq	1	535.130	uavs
n	Rq	1	535.130	w
n	Rq	2	535.130	satisfaction
n	Rq	2	445.194	x
n	Rq	1	535.130	crews
n	Rq	3	535.130	photos
n	Rq	1	535.130	finnemeccia
n	Rq	2	445.194	glass
n	Rq	1	355.258	to
n	Rq	1	535.130	gcs
n	Rq	5	175.386	engineer
n	Rq	1	535.130	government
n	Rq	1	535.130	operator
n	Rq	6	85.450	aircraft
n	Rq	1	535.130	with
n	Rq	97	445.194	number
n	Rq	4	355.258	for
n	Rq	1	535.130	december
n	Rq	2	445.194	aero
n	Rq	9	445.194	equipment
n	Rq	2	445.194	engine
n	Rq	1	535.130	mq1
n	Rq	2	445.194	wy
n	Rq	1	535.130	custum
n	Rq	1	535.130	g.t
n	Rq	1	535.130	mechanics
n	Rq	1	445.194	motors
n	Rq	1	535.130	tdw
n	Rq	32	175.386	luggage
n	Rq	1	535.130	opportunities
n	Rq	175	346.286	vuitton
n	Rq	1	535.130	show
n	Rq	1	355.258	the
n	Rq	1	535.130	luggages
n	Rq	1	535.130	stroke
n	Rq	2	535.130	explore
n	Rq	39	445.194	handbags
n	Rq	2	445.194	electric
n	Rq	1	535.130	space
n	Rq	1	445.194	air
n	Rq	1	535.130	quote
n	Rq	1	535.130	require
n	Rq	1	535.130	mpp
n	Rq	4	445.194	jobs
n	Rq	5	175.386	uas
n	Rq	1	535.130	anything
n	Rq	1	535.130	china
n	Rq	1	535.130	airplane
n	Rq	10	350.772	uav
n	Rq	2	535.130	wmaid.com
n	Rq	3	265.322	drone
n	Rq	7	620.580	fiberglass
n	Rq	2	535.130	facebook
n	Rq	1	535.130	college
n	Rq	4	265.322	onboard
n	Rq	3	445.194	gtaeronautics.com
n	Rq	1	535.130	qulificationa
n	Rq	21	80.964	simi
n	Rq	1	535.130	and
n	Rq	5	355.258	flight
n	Rq	17	80.964	at6
n	Rq	1	535.130	xtreme
n	Rq	1	535.130	maintenance
n	Rq	1	535.130	cody
n	Rq	1	535.130	systems
n	Rq	1	535.130	any
n	Rq	1	535.130	tom
n	Rq	1	535.130	payload
n	Rq	2	445.194	gta
n	Rq	2	535.130	granger
n	Rq	8	620.580	extreme
n	Rq	6	175.386	molding
n	Rq	2	535.130	easylifeapp
n	Rq	1	535.130	rating
n	Rq	2	535.130	whitelaw
n	Rq	126	620.580	fashion
n	Rq	2	445.194	ice
n	Rq	2	535.130	http://www.gtaeronautics.com/compnews.html
n	Rq	5	445.194	engineers
n	Rq	3	445.194	composite
n	Rq	1	535.130	skyforce
n	Rq	1	535.130	eengineer
n	Rq	175	346.286	louis
n	Rq	8	535.130	store
n	Rq	4	265.322	starter
n	Rq	14	265.322	cheap
n	Rq	1	535.130	diamond
n	Rq	10	440.708	bme
n	Rq	1	535.130	america2009
n	Rq	7	535.130	content
n	Rq	1	535.130	challenge
n	Rq	2	445.194	aeronautic
n	Rq	1	535.130	piece
n	Rq	1	535.130	how
n	Rq	1	535.130	male
n	Rq	2	445.194	design
n	Rq	2	445.194	flying
n	Rq	1	535.130	carbon
n	Rq	1	535.130	operation
n	Rq	2	535.130	profile
n	Rq	1	535.130	tomas
n	Rq	1	535.130	cia
n	Rq	1	535.130	hummingbird
n	Rq	1	535.130	iron
n	Rq	1	535.130	california
n	Rq	1	535.130	amphibian
n	Rq	1	535.130	110
n	Rq	1	535.130	mentioned
n	Rq	1	535.130	111
n	Rq	1	535.130	over
n	Rq	25	521.672	http://www.gtaeronautics.com/
n	Rq	1	535.130	google.com
n	Rq	1	535.130	fuel
n	Rq	2	535.130	inc
n	Rq	1	535.130	handbag.com
n	Rq	1	535.130	da42
n	Rq	2	445.194	certification
n	Rq	1	535.130	timing
n	Rq	1	535.130	2015
n	Rq	1	535.130	home
n	Rq	1	535.130	aerospacecompanies
n	Rq	1	535.130	anti
n	Rq	1	535.130	ziroli
n	Rq	1	535.130	sketches
n	Rq	5	535.130	purses
n	Rq	1	535.130	downlink
n	Rq	3	535.130	aeronotics
n	Rq	1	535.130	nanotechnology
n	Rq	1	535.130	zephyr
n	Rq	4	535.130	wyoming
n	Rq	2	535.130	technology
n	Rq	3	355.258	companies
n	Rq	1	535.130	muffler
n	Rq	2	535.130	avia
n	Rq	2	535.130	what
n	Rq	145	166.414	valley
n	Rq	1	535.130	microwave
n	Rq	1	535.130	mold
n	Rq	5	265.322	pglm
n	Rq	1	535.130	specialist
n	Rq	23	76.478	drawing
n	Rq	1	535.130	tool
n	Rq	1	535.130	security
n	Rq	6	445.194	prototypes
n	Rq	1	535.130	giant
n	Rq	1	535.130	powell
n	Rq	8	620.580	aerospace
n	Rq	4	265.322	unmanned
n	Rq	34	161.928	aeronautics
n	Rq	1	535.130	radius
n	Rq	1	535.130	zero
n	Rq	1	535.130	tobbot
n	Rq	2	445.194	job
n	Rq	2	445.194	neverfull
n	Rq	1	535.130	onbordstarter
n	Rq	20	265.322	ca
n	Rq	1	445.194	as
n	Rq	13	80.964	at
n	Rq	5	175.386	techniques
n	Rq	1	535.130	does
n	Rq	1	535.130	commercial
n	Rq	1	535.130	www.gt
n	Rq	1	535.130	de
n	Rq	1	535.130	co
n	Rq	1	535.130	speedy
n	Rq	1	535.130	rpas
n	Rq	2	445.194	instrument
n	Rq	1	535.130	do
n	Rq	1	535.130	quotation
n	Rq	3	355.258	training
n	Rq	1	535.130	efi
n	Rq	1	535.130	careers
n	Rq	3	355.258	pilot
n	Rq	9	530.644	bandito
n	Rq	4	265.322	quotes
n	Rq	107	265.322	phone
n	Rq	1	535.130	stations
n	Rq	1	535.130	traing
N	*FR	2013	12	19	00	28
N	*LR	2020	10	14	09	11
N	*f	-200Q	s
N	RQ	20	4233320390	gt aeronautics
N	RQ	1	3676997189	uavs flying over simi valley ca
N	RQ	1	3676997189	gt aeronautics simi valley california
N	RQ	1	3676997189	aeronautical engineer quote
N	RQ	1	3676997189	does aeronautical engineering require drawing?
N	RQ	1	3676997189	how to do gt in engineering drawing
N	RQ	2	3676997189	http://gtaeronautics.com/
N	RQ	1	3676997189	the government college g.t aeronautics
N	RQ	1	3676997189	bme engine
N	RQ	1	3676997189	uas gcs
N	RQ	1	3676997189	http://www.gtaeronautics.com/indnews.html
N	RQ	92	3676997189	semalt.com
N	RQ	1	3676997189	aero iron mentioned nanotechnology hummingbird uav
N	RQ	1	3676997189	basic fiberglass techniques
N	RQ	1	3676997189	http://gtaeronautics.com/indnews.html
N	RQ	1	3676997189	finnemeccia co
N	RQ	2	3676997189	drawing for customer satisfaction
N	RQ	1	3676997189	cheap louis vuitton speedy handbag.com
N	RQ	1	3676997189	at 6
N	RQ	1	3676997189	quotation specialist engineer drawings
N	RQ	1	3676997189	challenge xtreme 111 piece mechanics tool kit
N	RQ	1	3676997189	uav commercial crew stations
N	RQ	1	3676997189	da42 mpp microwave downlink bandwidth
N	RQ	1	3676997189	anti ice de ice qinetiq zephyr
N	RQ	4	3676997189	louis%20vuitton%20fashion%20valley%20phone%20number
N	RQ	1	3676997189	faa uas pilot certification
N	RQ	1	3676997189	any flying crews in gta
N	RQ	1	3676997189	aerospace drawing
N	RQ	1	3676997189	fiber glass molding job
N	RQ	1	3676997189	aircraft design consultant
N	RQ	1	3676997189	www.gt airplane.com
N	RQ	3	3676997189	gt in aeronotics
N	RQ	1	3676997189	tom rullman
N	RQ	1	3676997189	gt aeronautics simi valley ca
N	RQ	1	3676997189	drone base in simi valley
N	RQ	1	3676997189	fiberglass mold making techniques
N	RQ	1	3676997189	rpa instrument qualification faa instrument rating
N	RQ	1	3676997189	extreme bme
N	RQ	1	3676997189	uas faa maintenance
N	RQ	1	3676997189	louis vuitton neverfull
N	RQ	1	3676997189	fiberglass techniques
N	RQ	1	3676997189	aircraft companies in simi valley
N	RQ	1	3676997189	custom fiberglass moldings
N	RQ	11	3676997189	louis vuitton luggage cheap
N	RQ	1	3676997189	anything
N	RQ	1	3676997189	aeronautical engineering sketches
N	RQ	1	3676997189	gtaeronautics.com
N	RQ	1	3676997189	giant scale ziroli at 6
N	RQ	9	3676997189	outlet louis vuitton handbags
N	RQ	1	3676997189	cowling drawing
N	RQ	1	3676997189	mitsubishi zero
N	RQ	1	3676997189	powell wy gt aeronautics
N	RQ	2	3676997189	what is gt in basic engineering drawing
N	RQ	2	3676997189	composite molding
N	RQ	1	3676997189	aeronautics in simi valley and security work
N	RQ	3	3676997189	gt aeronautics llc jobs
N	RQ	1	3676997189	crew flight gta
N	RQ	1	3676997189	110cc engine timing
N	RQ	1	3676997189	aeronautical engineer quotes
N	RQ	2	3676997189	http://www.gtaeronautics.com/compnews.html
N	RQ	4	3676997189	wyoming flight engineers
N	RQ	1	3676997189	a t 6
N	RQ	1	3676997189	gt aeronautics unmanned air
N	RQ	1	3676997189	fia gt composite tooling
N	RQ	1	3676997189	uas pilot certification
N	RQ	1	3676997189	quotes on aeronautical engineers
N	RQ	1	3676997189	payload for diamond northrop twin engie aircraft
N	RQ	7	3676997189	content
N	RQ	1	3676997189	bme 110
N	RQ	1	3676997189	thomas w rullman gt aeronautics
N	RQ	1	3676997189	luggages for sale
N	RQ	2	3676997189	easylifeapp profile
N	RQ	2	3676997189	simi gt
N	RQ	1	3676997189	mq1 design fuel
N	RQ	1	3676997189	airplane as always cia america2009
N	RQ	1	3676997189	eengineer drawing home
N	RQ	1	3676997189	heavy equipment operator jobs
N	RQ	1	3676997189	aero space drone simi valley
N	RQ	1	3676997189	cheap louis vuitton luggage
N	RQ	1	3676997189	2 stroke electric onboard starter
N	RQ	1	3676997189	skyforce observer mk3
N	RQ	1	3676997189	simi valley unmanned aircraft
N	RQ	2	3676997189	granger whitelaw avia
N	RQ	1	3676997189	louis vuitton fashion valley neverfull
N	RQ	1	3676997189	louis vuitton job opportunities
N	RQ	1	3676997189	google.com
N	RQ	1	3676997189	uas operation training method
N	RQ	2	3676997189	wmaid.com explore gtaeronautics.com
N	RQ	1	3676997189	custum muffler 110cc
N	RQ	1	3676997189	glass manufacturing drawings
N	RQ	1	3676997189	electric motors x male uav x sale
N	RQ	1	3676997189	aerospacecompanies in simi valley
N	RQ	1	3676997189	fiberglass molding
N	RQ	2	3676997189	aeronautical technology inc
N	RQ	1	3676997189	taranis ucav
N	RQ	1	3676997189	vegas drone uav show december 2015
N	RQ	1	3676997189	uav companies in simi valley
N	RQ	1	3676997189	unmanned aircraft systems pilot training
N	RQ	2	3676997189	installerex facebook
N	RQ	3	3676997189	texan at6 photos
N	RQ	1	3676997189	aeronautic engineer
N	RQ	30	3676997189	designer handbags outlet sale
N	RQ	1	3676997189	rpas qulificationa traing with faa
N	RQ	1	3676997189	faa uav training
N	RQ	1	3676997189	uav companies simi valley
N	RQ	5	3676997189	louis vuitton purses outlet
N	RQ	1	3676997189	aeronautics
N	RQ	1	3676997189	cheap louis vuitton luggage outlet
N	RQ	1	3676997189	gt aeronautics tomas rullman
N	RQ	1	3676997189	tobbot
N	RQ	1	3676997189	radius tdw efi fuze
N	RQ	8	3676997189	manufacturing equipment store in simi valley
N	RQ	1	3676997189	aeronautic engineer quotes
N	RQ	1	3676997189	onbordstarter
N	RQ	1	3676997189	rotax amphibian unmanned china
N	RQ	1	3676997189	aeronautical engineering quotes
N	RQ	1	3676997189	drawing aircraft engineering
N	RQ	1	3676997189	gt aeronautics careers
N	RQ	1	3676997189	gt aeronautics bandito
N	RQ	1	3676997189	cody wy carbon fiber
N	RQ	8	3646173736	at6 texan
N	RQ	25	3584526830	http://www.gtaeronautics.com/
N	RQ	2	3059027082	fiberglass molding techniques
N	RQ	6	3059027082	manufacturing aeronautical prototypes
N	RQ	19	3059027082	louis vuitton luggage outlet
N	RQ	10	3059027082	louis vuitton fashion valley phone
N	RQ	97	3059027082	louis vuitton fashion valley phone number
N	RQ	2	3059027082	texan at 6
N	RQ	18	3059027082	louis vuitton fashion valley ca
N	RQ	9	3028203629	at 6 texan
N	RQ	3	2441056975	bandito uav
N	RQ	3	2441056975	onboard starter
N	RQ	6	1823086868	texan at6
N	RQ	5	1823086868	bandito pglm
N	RQ	20	1205116761	www.gtaeronautics.com
N	RQ	14	1174293308	aeronautical engineering drawing
N	RQ	7	587146654	bme extreme
N	RQ	7	587146654	aerospace engineering drawings
B	*f	-40R	r
B	Rb	36291	4.951	Mozilla/5.0 (compatible; bingbot/2.0;  http://www.bing.com/bingbot.htm)
B	Rb	35655	2.118	ZoominfoBot (zoominfobot at zoominfo dot com)
B	Rb	26124	1.772	Mozilla/5.0 (compatible; Googlebot/2.1;  http://www.google.com/bot.html)
B	Rb	15833	1.421	Mozilla/4.0 (compatible; MSIE 6.0; Windows NT 5.1; SV1)
B	Rb	12636	2.050	Mozilla/5.0 (iPhone; CPU iPhone OS 7_0 like Mac OS X) AppleWebKit/537.51.1 (KHTML, like Gecko) Version/7.0 Mobile/11A465 Safari/9537.53 (compatible; bingbot/2.0;  http://www.bing.com/bingbot.htm)
B	Rb	12080	0.756	Sogou web spider/4.0( http://www.sogou.com/docs/help/webmasters.htm#07)
B	Rb	9989	1.037	Mozilla/5.0 (compatible; YandexBot/3.0;  http://yandex.com/bots)
B	Rb	9957	1.024	Mozilla/5.0 (compatible; Baiduspider/2.0;  http://www.baidu.com/search/spider.html)
B	Rb	9752	0.845	Mozilla/5.0 (Windows NT 6.1; WOW64; Trident/7.0; rv:11.0) like Gecko
B	Rb	8061	1.358	Mozilla/4.0 (compatible; MSIE 7.0; Windows NT 5.1; .NET CLR 1.1.4322; .NET CLR 2.0.50727)
B	Rb	7452	0.622	Mozilla/5.0 (compatible; Yahoo! Slurp; http://help.yahoo.com/help/us/ysearch/slurp)
B	Rb	7100	0.322	Mozilla/4.0 (compatible; MSIE 6.0; Windows NT 5.1; SV1; .NET CLR 2.0.50727)
B	Rb	6942	0.282	Mozilla/4.0 (compatible;)
B	Rb	6433	0.468	Mozilla/4.0 (compatible; MSIE 6.0; Windows NT 5.1)
B	Rb	6164	0.068	Mozilla/4.0 (compatible; MSIE 7.0; Windows NT 5.1; .NET CLR 1.1.4322; .NET CLR 2.0.50727; .NET CLR 3.0.4506.2152; .NET CLR 3.5.30729)
B	Rb	6152	0.529	Mozilla/4.0 (compatible; MSIE 7.0; Windows NT 6.1; WOW64; Trident/5.0; SLCC2; .NET CLR 2.0.50727; .NET CLR 3.5.30729; .NET CLR 3.0.30729; Media Center PC 6.0; .NET4.0C; .NET4.0E)
B	Rb	6079	0.344	Mozilla/5.0 (Windows NT 6.1; WOW64) AppleWebKit/537.36 (KHTML, like Gecko) Chrome/36.0.1985.143 Safari/537.36
B	Rb	5848	0.399	Sosospider ( http://help.soso.com/webspider.htm)
B	Rb	5798	0.186	Googlebot-Image/1.0
B	Rb	5607	0.402	Mozilla/5.0 (compatible; AhrefsBot/7.0;  http://ahrefs.com/robot/)
B	Rb	5436	0.454	Mozilla/5.0 (Windows; U; Windows NT 5.1; en-US; rv:1.7.2) Gecko/20040804 Netscape/7.2 (ax)
B	Rb	5308	0.194	Mozilla/4.0 (compatible; MSIE 7.0; Windows NT 5.1; .NET CLR 1.1.4322; .NET CLR 2.0.50727; .NET CLR 3.0.04506.30)
B	Rb	5198	0.480	Mozilla/4.0 (compatible; MSIE 7.0; Windows NT 5.1)
B	Rb	5073	1.667	Mozilla/5.0 (Windows NT 6.3; WOW64) AppleWebKit/537.36 (KHTML, like Gecko) Chrome/33.0.1736.0 Safari/537.36
B	Rb	4873	0.181	Mozilla/5.0 (compatible; MSIE 9.0; Windows NT 6.1; WOW64; Trident/5.0)
B	Rb	4446	0.265	Mozilla/5.0 (compatible; Yahoo! Slurp/3.0; http://help.yahoo.com/help/us/ysearch/slurp)
B	Rb	4368	0.052	Mozilla/4.0 (compatible; MSIE 7.0; Windows NT 5.1; .NET CLR 2.0.50727; .NET CLR 3.0.4506.2152; .NET CLR 3.5.30729)
B	Rb	4216	0.661	Mozilla/5.0 (iPhone; CPU iPhone OS 7_0 like Mac OS X) AppleWebKit/537.51.1 (KHTML, like Gecko) Version/7.0 Mobile/11A465 Safari/9537.53 BingPreview/1.0b
B	Rb	4114	0.558	Mozilla/5.0 (Linux; Android 6.0.1; Nexus 5X Build/MMB29P) AppleWebKit/537.36 (KHTML, like Gecko) Chrome/41.0.2272.96 Mobile Safari/537.36 (compatible; Googlebot/2.1;  http://www.google.com/bot.html)
B	Rb	3774	0.223	Mozilla/4.0 (compatible; MSIE 6.0; Windows NT 5.1; SV1; .NET CLR 1.1.4322)
B	Rb	3595	0.418	Mozilla/4.0 (compatible; MSIE 7.0; Windows NT 5.1; InfoPath.2; .NET CLR 2.0.50727; .NET CLR)
B	Rb	3493	0.269	Mozilla/5.0 (compatible; MJ12bot/v1.4.5; http://www.majestic12.co.uk/bot.php? )
B	Rb	3481	0.185	Mozilla/5.0 (X11; Datanyze; Linux x86_64) AppleWebKit/537.36 (KHTML, like Gecko) Chrome/65.0.3325.181 Safari/537.36
B	Rb	3433	0.116	Mozilla/5.0 (compatible; SeznamBot/3.2;  http://napoveda.seznam.cz/en/seznambot-intro/)
B	Rb	3417	0.572	PRurl
B	Rb	3206	0.812	Mozilla/4.0 (compatible; MSIE 7.0; Windows NT 5.1; .NET CLR 2.0.50727; .NET CLR 1.1.4322)
B	Rb	3062	0.119	Mozilla/4.0 (compatible; MSIE 7.0; Windows NT 5.1; .NET CLR 1.1.4322)
B	Rb	3049	0.061	Mozilla/4.0 (compatible; MSIE 8.0; Windows NT 5.1; Trident/4.0; .NET CLR 2.0.50727; .NET CLR 3.0.4506.2152; .NET CLR 3.5.30729; .NET4.0C; .NET CLR 1.1.4322)
B	Rb	2913	0.337	Mozilla/5.0 (compatible; MSIE 9.0; Windows NT 6.1; Trident/5.0)
B	Rb	2893	0.244	Mozilla/4.0 (compatible; MSIE 6.0; Windows NT 5.1; SV1; .NET CLR 1.1.4322; .NET CLR 2.0.50727)
B	Rb	659516	71.176	[not listed: 19592]
b	*f	-15Q	s
b	lRQq	1	35655	3676997315	786.957	ZoominfoBot (zoominfobot at zoominfo dot com)
b	lRQq	1	1129	3676997226	786.957	The Knowledge AI
b	lRQq	1	3417	3676997194	786.957	PRurl
b	lRQq	1	23	3676997190	786.957	NetSystemsResearch studies the availability of various services across the internet. Our website is netsystemsresearch.com
b	lRQq	1	24	3676997190	786.957	GRequests
b	lRQq	2	24	3676997190	786.957	GRequests/0
b	lRQq	1	18	3676997190	786.957	Expanse indexes the network perimeters of our customers. If you have any questions or concerns, please reach out to: scaninfo@expanseinc.com
b	lRQq	1	3	3676997190	786.957	Drupal
b	lRQq	2	3	3676997190	786.957	Drupal/8
b	lRQq	1	5	3676997190	786.957	acebookexternalhit
b	lRQq	2	5	3676997190	786.957	acebookexternalhit/1
b	lRQq	1	122	4264143843	912.619	MSIE or
b	lRQq	1	14	4264143843	912.619	PycURL
b	lRQq	2	14	4264143843	912.619	PycURL/7
b	lRQq	1	792	4233320390	906.023	Python-urllib
b	lRQq	2	5	3059027082	654.698	Python-urllib/1
b	lRQq	2	728	587146654	125.662	Python-urllib/2
b	lRQq	2	59	587146654	125.662	Python-urllib/3
b	lRQq	1	44	4233320390	906.023	UCWEB
b	lRQq	2	44	4233320390	906.023	UCWEB/2
b	lRQq	1	129	4233320390	906.023	AppEngine-Google; ( http:
b	lRQq	2	129	4233320390	906.023	AppEngine-Google; ( http://code
b	lRQq	1	23	4171673484	892.829	MobileSafari
b	lRQq	2	17	3615350283	773.764	MobileSafari/604
b	lRQq	2	2	3059027082	654.698	MobileSafari/9537
b	lRQq	2	1	2441056975	522.439	MobileSafari/601
b	lRQq	2	3	1205116761	257.921	MobileSafari/602
b	lRQq	1	6	3676997189	786.957	
b	lRQq	2	6	3676997189	786.957	/n
b	lRQq	1	937413	2103887215	450.278	[not listed: 844]
p	*f	0Q	s
p	lR	1	529583	Windows
p	lR	2	50386	Windows NT
p	lR	2	224039	Unknown Windows
p	lR	2	239107	Windows XP
p	lR	2	2196	Windows 95
p	lR	2	9328	Windows 2000
p	lR	2	392	Windows CE
p	lR	2	2335	Windows 98
p	lR	2	384	Windows 3.1
p	lR	2	1416	Windows ME
p	lR	1	232011	OS unknown
p	lR	1	55971	Unix
p	lR	2	55170	Linux
p	lR	2	22	SunOS
p	lR	2	47	BSD
p	lR	2	729	Other Unix
p	lR	2	3	HP-UX
p	lR	1	79132	Known robots
p	lR	1	82088	Macintosh
p	lR	2	77991	Unknown Macintosh
p	lR	2	3115	Macintosh PowerPC
p	lR	2	982	Macintosh 68k
p	lR	1	16	WebTV
p	lR	1	1	BeOS
p	lR	1	8	OS/2
p	lR	1	7	Amiga
i	*f	0R	s
i	lRc	1	573828	28.126	[root directory]
i	lRc	1	260826	71.512	/images/
i	lRc	1	99617	0.195	/js/
i	lRc	1	52177	0.167	/css/
i	lRc	1	176	0.000	/dev/
i	lRc	2	23	0.000	/dev/css/
i	lRc	2	44	0.000	/dev/js/
i	lRc	2	59	0.000	/dev/images/
i	lRc	1	865	0.000	/videos/
i	lRc	1	541	0.000	/client/
i	lRc	1	1	0.000	/cgi-bin/
i	lRc	1	1	0.000	/secure/
i	lRc	1	74	0.000	/stats/
r	*FR	2007	12	18	17	11
r	*LR	2021	09	24	21	40
r	*f	0.050000%S	s
r	lRSc	1	26857	32	2.074	/aboutus.html
r	lRSc	1	21747	30	2.957	/uasfc.html
r	lRSc	1	13573	28	1.176	/pna.html
r	lRSc	1	18102	28	1.190	/contactus.html
r	lRSc	1	17674	27	2.811	/consultinga.html
r	lRSc	1	23123	27	21.788	/compnews.html
r	lRSc	1	8608	26	1.831	/sru.html
r	lRSc	1	15300	25	1.287	/employment.html
r	lRSc	1	5054	25	1.811	/gt50t+rpas.html
r	lRSc	1	17090	25	1.696	/cfmt.html
r	lRSc	1	5319	23	1.621	/gt380+rpas.html
r	lRSc	1	5421	22	1.631	/gt1500+rpas.html
r	lRSc	1	16921	20	1.782	/cct&m.html
r	lRSc	1	844	18	1.193	/gt100hl+rpas.html
r	lRSc	1	13790	15	1.010	/indevents.html
r	lRSc	1	12632	15	1.245	/faq.html
r	lRSc	1	14470	14	1.103	/links.html
r	lRSc	1	26926	13	50.715	/indnews.html
r	lRSc	2	136	1	4.476	/indnews.html?referer=www.clickfind.com.au/wp-login.php
r	lRSc	2	1	0	0.000	/indnews.html?referer=top1.co.pl
r	lRSc	2	1	0	0.000	/indnews.html?referer=www.clickfind.com.au//wp-content/themes/busybee/thumb.php?src=http://blogger.com.opontodaarte.com.br/java.php
r	lRSc	1	9645	10	0.794	/rd.html
r	lRSc	1	4072	2	0.142	/uavengines.html
r	lRSc	1	3902	1	0.068	/gtatexan.html
r	lRSc	1	3700	1	0.076	/bandituas.html
r	lRSc	1	1	0	0.000	/client/bandito timeline2007.html
r	lRSc	1	2	0	0.000	/client/bandit+timeline2004.html
r	lRSc	1	1	0	0.000	/stats/quick.html
r	lRSc	1	1	0	0.000	/404.htm
r	lRSc	1	12	0	0.000	/client/gta010707002.html
r	lRSc	1	72	0	0.000	/client/bandito+development.html
r	lRSc	1	135	0	0.000	/client/welcome.html
r	lRSc	1	3	0	0.000	/client/gta021305001.html
r	lRSc	1	1	0	0.000	/stats/browserrep.html
r	lRSc	1	741	0	0.000	/gt50t rpas.html
r	lRSc	1	5	0	0.000	/client/gta012405001.html
r	lRSc	1	2	0	0.000	/dev/contactus.html
r	lRSc	1	4	0	0.000	/stats/general.html
r	lRSc	1	1	0	0.000	/stats/dailyrep.html
r	lRSc	1	1	0	0.000	/dev/aboutus.html
r	lRSc	1	18	0	0.000	/client/tacamo+development.html
r	lRSc	1	1	0	0.000	/client/bandit development.html
r	lRSc	1	17	0	0.000	/client/bandit+timeline2008.html
r	lRSc	1	1	0	0.000	/client/bandito+timeline2005.html
r	lRSc	1	23	0	0.000	/client/projectbids.html
r	lRSc	1	1	0	0.000	/stats/host.html
r	lRSc	1	11	0	0.000	/client/rq2+outlaw.html
r	lRSc	1	1	0	0.000	/client/bandit timeline2008.html
r	lRSc	1	20	0	0.000	/client/clientpna.html
r	lRSc	1	15	0	0.000	/client/bandit.html
r	lRSc	1	2	0	0.000	/stats/default.asp
r	lRSc	1	21	0	0.000	/index.htm
r	lRSc	1	1	0	0.000	/cgi-bin/testms.pl
r	lRSc	1	976	0	0.000	/gtamt.html
r	lRSc	1	14	0	0.000	/client/rq1+bandit.html
r	lRSc	1	2253	0	0.000	/gt1500 rpas.html
r	lRSc	1	6	0	0.000	/client/gta021305002.html
r	lRSc	1	4	0	0.000	/client/gta121004001.html
r	lRSc	1	24	0	0.000	/client/tacamo.html
r	lRSc	1	30	0	0.000	/client/mgqgcyat.asp
r	lRSc	1	3793	0	0.000	/banditomav.html
r	lRSc	1	1	0	0.000	/dev/client.cgi
r	lRSc	1	18702	0	0.000	/default.asp
r	lRSc	1	1666	0	0.000	/gt380 rpas.html
r	lRSc	1	1	0	0.000	/client/bandito+timeline2006.html
r	lRSc	1	16	0	0.000	/client/rq3+bandito.html
r	lRSc	1	1	0	0.000	/dev/uasfc.html
r	lRSc	1	229	0	0.000	/client.cgi
r	lRSc	1	71	0	0.000	/client/bandit+development.html
r	lRSc	1	2	0	0.000	/client/bandito development.html
r	lRSc	1	2	0	0.000	/stats/yearly.html
r	lRSc	1	2	0	0.000	/stats/domain.html
r	lRSc	1	1	0	0.000	/stats/monthly.html
r	lRSc	1	2	0	0.000	/stats/weekly.html
r	lRSc	1	8	0	0.000	/client/gta010707001.html
r	lRSc	1	3749	0	0.000	/bidspridpass.html
r	lRSc	1	6356	0	0.000	/pridpass.html
r	lRSc	1	12	0	0.000	/client/bandito.html
r	lRSc	1	1	0	0.000	/dev/pna.html
r	lRSc	1	1	0	0.000	/client/tacamo development.html
r	lRSc	1	4	0	0.000	/stats/index.htm
r	lRSc	1	4	0	0.000	/stats/nav.html
r	lRSc	1	1	0	0.000	/stats/quarterly.html
r	lRSc	1	2	0	0.000	/stats/directory.html
r	lRSc	1	2	0	0.000	/stats/organisation.html
r	lRSc	1	8	0	0.000	/client/bandito+timeline2007.html
r	lRSc	1	7	0	0.000	/client/bandit+timeline2007.html
r	lRSc	1	1	0	0.000	/dev/pridpass.html
t	*f	0.100000%B	b
t	lRb	1	304845	37.474	.html [Hypertext Markup Language]
t	lRb	1	202580	31.372	.jpg  [JPEG graphics]
t	lRb	1	236126	22.069	[directories]
t	lRb	1	778	3.292	.wmv
t	lRb	1	87	3.232	.mpg  [MPEG movie]
t	lRb	1	18734	1.391	.asp  [Active Server REQUESTS]
t	lRb	1	58329	0.420	.gif  [GIF graphics]
t	lRb	1	99661	0.343	.js  [JavaScript code]
t	lRb	1	52192	0.304	.css  [Cascading Style Sheets]
t	lRb	1	14504	0.101	.ico
t	lRb	1	270	0.001	[not listed: 5]
z	*FR	2009	06	30	04	42
z	*LR	2021	09	24	23	45
z	ScR	67	0.000	76195	0
z	ScR	0	0.000	0	1b-  10b
z	ScR	0	0.000	0	11b- 100b
z	ScR	31	0.005	79820	101b-  1kb
z	ScR	707	2.496	455788	1kb- 10kb
z	ScR	503	23.680	318292	10kb-100kb
z	ScR	240	45.267	56936	100kb-  1Mb
z	ScR	26	28.552	1032	1Mb- 10Mb
z	ScR	0	0.000	43	10Mb-100Mb
c	*FR	2014	03	02	13	52
c	*LR	2021	09	24	23	45
c	*f	0R	a
c	R	906848	200 OK
c	R	6389	206 Partial content
c	R	106	301 Document moved permanently
c	R	77	302 Document found elsewhere
c	R	74869	304 Not modified since last retrieval
c	R	712	400 Bad request
c	R	207	401 Authentication required
c	R	161	403 Access forbidden
c	R	403572	404 Document not found
c	R	800	405 Method not allowed
c	R	464	406 Document not acceptable to client
c	R	73	416 Requested range not valid
c	R	613	500 Internal server error
c	R	128	501 Request type not supported
I	*FR	2007	12	11	00	52
I	*LR	2021	09	24	23	14
I	*f	-30S	s
I	lRS	1	97884	139	/robots.txt
I	lRS	1	6063	15	/wp-login.php
I	lRS	1	2831	12	/ads.txt
I	lRS	1	1690	11	/xmlrpc.php
I	lRS	1	9	6	/webmail
I	lRS	1	783	5	/sitemap.xml
I	lRS	1	573	4	/wordpress/
I	lRS	1	904	3	/
I	lRS	1	6	3	/new
I	lRS	1	4	3	/old
I	lRS	1	71	3	/sitemap.html
I	lRS	1	8	3	/wp
I	lRS	1	9	3	/wordpress
I	lRS	1	6	3	/main
I	lRS	1	15	2	/blog
I	lRS	1	254	2	/admin/
I	lRS	1	71	2	/sitemap_index.xml
I	lRS	1	6	2	/admin/admin/
I	lRS	1	50	2	/website-sitemap.xml
I	lRS	1	2	2	/test
I	lRS	1	502	2	/.env
I	lRS	1	4	2	/cms
I	lRS	1	7	1	/ajax
I	lRS	1	2	1	/oldsite
I	lRS	1	1	1	/admin/pma/admin/
I	lRS	1	15	1	/sites/default/files/
I	lRS	1	2	1	/public/static/css/denglu.css
I	lRS	1	5	1	/index.php/wap/api/getsystemnotice
I	lRS	1	5	1	/api/mobile/checkstrategyhistory
I	lRS	1	15	1	/media/system/js/core.js
I	lRS	1	294929	144	[not listed: 21771]
L	*FR	2007	12	11	00	52
L	*LR	2021	09	24	23	14
L	*f	-20S	s
L	RS	101	101	123.58.211.224
L	RS	17	17	34.132.82.228
L	RS	16	16	216.250.248.36
L	RS	11	11	35.197.214.196
L	RS	6	6	2.57.169.123
L	RS	8	6	66.249.64.104
L	RS	10	5	203.159.80.220
L	RS	50	5	207.46.13.44
L	RS	32	4	49.7.20.28
L	RS	32	4	111.202.100.82
L	RS	4	4	138.201.255.234
L	RS	116	4	66.249.64.92
L	RS	111	4	66.249.64.94
L	RS	9	3	66.249.64.93
L	RS	16	3	185.191.171.14
L	RS	24	3	185.191.171.33
L	RS	8	3	66.249.64.108
L	RS	3	3	144.217.135.192
L	RS	2	2	211.149.174.241
L	RS	2	2	85.27.65.181
L	RS	406152	175	[not listed: 74643]
K	*FR	2013	12	22	04	20
K	*LR	2021	09	06	20	38
K	*f	-30S	s
K	lRS	1	50951	0	[not listed: 4885]
E	*FR	2008	01	06	10	12
E	*LR	2021	09	24	12	44
E	*f	-30S	s
E	lSR	1	2	15	/dev
E	lSR	1	0	168	[not listed: 5]
l	*FR	2008	01	06	10	12
l	*LR	2021	09	24	12	44
l	*f	-20S	s
l	SR	2	2	216.250.248.36
l	SR	0	181	[not listed: 100]
v	*f	-20B	b
v	Rb	657415	53.264	66.113.131.59
v	Rb	330691	46.736	64.41.87.40
R	*FR	2008	01	06	10	12
R	*LR	2021	09	24	12	44
R	*f	-20R	r
R	R	178	66.113.131.59
R	R	5	64.41.87.40
M	*FR	2007	12	11	00	52
M	*LR	2021	09	24	23	14
M	*f	-20R	r
M	R	302606	66.113.131.59
M	R	104124	64.41.87.40
J	*FR	2007	12	11	00	53
J	*LR	2017	03	17	18	30
J	*f	-20R	r
J	R	9	gtaeronautics
J	R	5	lorrigkj
J	R	1	rullma2063
J	R	1	administrator
J	R	1	satish
J	R	1	nnnnn
P	*FR	2021	07	23	10	02
P	*LR	2021	09	24	23	45
P	R	37	0
P	R	0	<= 0.01
P	R	598	0.01-0.02
P	R	27472	0.02-0.05
P	R	63091	0.05-0.1 
P	R	77035	0.1 -0.2 
P	R	77323	0.2 -0.5 
P	R	38899	0.5 -1   
P	R	21104	1-  2 
P	R	9088	2-  5 
P	R	5346	5- 10 
P	R	2072	10- 20 
P	R	7766	20- 60 
P	R	709	60-120 
P	R	131	120-300 
