x	VE	analog 5.24
x	HN	gtaeronautics.com
x	PS	2016	07	10	02	30
x	FR	2007	12	18	17	05
x	LR	2016	07	10	05	46
x	E7	2016	07	10	02	30
x	SR	574627
x	S7	947
x	NC	247029
x	C7	0
x	FL	285240
x	F7	396
x	RR	178
x	R7	0
x	NH	50975
x	H7	288
x	BT	16349550047
x	B7	39274242
1	Rr	34759	6.049	2016
1	Rr	80796	14.061	2015
1	Rr	110773	19.277	2014
1	Rr	65173	11.342	2013
1	Rr	60742	10.571	2012
1	Rr	57015	9.922	2011
1	Rr	22139	3.853	2010
1	Rr	69710	12.131	2009
1	Rr	71820	12.499	2008
1	Rr	1700	0.296	2007
1	*BT	R	110773	2014
Q	Rr	1178	0.205	2016	3
Q	Rr	15878	2.763	2016	2
Q	Rr	17703	3.081	2016	1
Q	Rr	16575	2.884	2015	4
Q	Rr	22104	3.847	2015	3
Q	Rr	22485	3.913	2015	2
Q	Rr	19632	3.416	2015	1
Q	Rr	21142	3.679	2014	4
Q	Rr	22272	3.876	2014	3
Q	Rr	31453	5.474	2014	2
Q	Rr	35906	6.249	2014	1
Q	Rr	16436	2.860	2013	4
Q	Rr	15216	2.648	2013	3
Q	Rr	16545	2.879	2013	2
Q	Rr	16976	2.954	2013	1
Q	Rr	16578	2.885	2012	4
Q	Rr	12511	2.177	2012	3
Q	Rr	15816	2.752	2012	2
Q	Rr	15837	2.756	2012	1
Q	Rr	15444	2.688	2011	4
Q	Rr	17386	3.026	2011	3
Q	Rr	9395	1.635	2011	2
Q	Rr	14790	2.574	2011	1
Q	Rr	1603	0.279	2010	4
Q	Rr	0	0.000	2010	3
Q	Rr	14047	2.445	2010	2
Q	Rr	6489	1.129	2010	1
Q	Rr	16350	2.845	2009	4
Q	Rr	18220	3.171	2009	3
Q	Rr	17115	2.978	2009	2
Q	Rr	18025	3.137	2009	1
Q	Rr	15905	2.768	2008	4
Q	Rr	15660	2.725	2008	3
Q	Rr	22448	3.907	2008	2
Q	Rr	17807	3.099	2008	1
Q	Rr	1700	0.296	2007	4
Q	*BT	R	35906	2014	1
m	Rr	1178	0.205	2016	07
m	Rr	5042	0.877	2016	06
m	Rr	5495	0.956	2016	05
m	Rr	5341	0.929	2016	04
m	Rr	5558	0.967	2016	03
m	Rr	5548	0.965	2016	02
m	Rr	6597	1.148	2016	01
m	Rr	5574	0.970	2015	12
m	Rr	5330	0.928	2015	11
m	Rr	5671	0.987	2015	10
m	Rr	6196	1.078	2015	09
m	Rr	6788	1.181	2015	08
m	Rr	9120	1.587	2015	07
m	Rr	7156	1.245	2015	06
m	Rr	5694	0.991	2015	05
m	Rr	9635	1.677	2015	04
m	Rr	6215	1.082	2015	03
m	Rr	6084	1.059	2015	02
m	Rr	7333	1.276	2015	01
m	Rr	6608	1.150	2014	12
m	Rr	6997	1.218	2014	11
m	Rr	7537	1.312	2014	10
m	Rr	7043	1.226	2014	09
m	Rr	7324	1.275	2014	08
m	Rr	7905	1.376	2014	07
m	Rr	11654	2.028	2014	06
m	Rr	9211	1.603	2014	05
m	Rr	10588	1.843	2014	04
m	Rr	7817	1.360	2014	03
m	Rr	15229	2.650	2014	02
m	Rr	12860	2.238	2014	01
m	Rr	5325	0.927	2013	12
m	Rr	5513	0.959	2013	11
m	Rr	5598	0.974	2013	10
m	Rr	4655	0.810	2013	09
m	Rr	4938	0.859	2013	08
m	Rr	5623	0.979	2013	07
m	Rr	5492	0.956	2013	06
m	Rr	5211	0.907	2013	05
m	Rr	5842	1.017	2013	04
m	Rr	6068	1.056	2013	03
m	Rr	5055	0.880	2013	02
m	Rr	5853	1.019	2013	01
m	Rr	5688	0.990	2012	12
m	Rr	5477	0.953	2012	11
m	Rr	5413	0.942	2012	10
m	Rr	4331	0.754	2012	09
m	Rr	3866	0.673	2012	08
m	Rr	4314	0.751	2012	07
m	Rr	4655	0.810	2012	06
m	Rr	6047	1.052	2012	05
m	Rr	5114	0.890	2012	04
m	Rr	6128	1.066	2012	03
m	Rr	5430	0.945	2012	02
m	Rr	4279	0.745	2012	01
m	Rr	5548	0.965	2011	12
m	Rr	4779	0.832	2011	11
m	Rr	5117	0.890	2011	10
m	Rr	5431	0.945	2011	09
m	Rr	6256	1.089	2011	08
m	Rr	5699	0.992	2011	07
m	Rr	5420	0.943	2011	06
m	Rr	3975	0.692	2011	05
m	Rr	0	0.000	2011	04
m	Rr	3608	0.628	2011	03
m	Rr	5171	0.900	2011	02
m	Rr	6011	1.046	2011	01
m	Rr	1603	0.279	2010	12
m	Rr	0	0.000	2010	11
m	Rr	0	0.000	2010	10
m	Rr	0	0.000	2010	09
m	Rr	0	0.000	2010	08
m	Rr	0	0.000	2010	07
m	Rr	4101	0.714	2010	06
m	Rr	5018	0.873	2010	05
m	Rr	4928	0.858	2010	04
m	Rr	5095	0.887	2010	03
m	Rr	1394	0.243	2010	02
m	Rr	0	0.000	2010	01
m	Rr	4665	0.812	2009	12
m	Rr	6187	1.077	2009	11
m	Rr	5498	0.957	2009	10
m	Rr	5066	0.882	2009	09
m	Rr	5718	0.995	2009	08
m	Rr	7436	1.294	2009	07
m	Rr	5685	0.989	2009	06
m	Rr	6120	1.065	2009	05
m	Rr	5310	0.924	2009	04
m	Rr	5515	0.960	2009	03
m	Rr	6123	1.066	2009	02
m	Rr	6387	1.112	2009	01
m	Rr	5763	1.003	2008	12
m	Rr	5420	0.943	2008	11
m	Rr	4722	0.822	2008	10
m	Rr	5435	0.946	2008	09
m	Rr	4843	0.843	2008	08
m	Rr	5382	0.937	2008	07
m	Rr	6082	1.058	2008	06
m	Rr	9946	1.731	2008	05
m	Rr	6420	1.117	2008	04
m	Rr	5431	0.945	2008	03
m	Rr	6469	1.126	2008	02
m	Rr	5907	1.028	2008	01
m	Rr	1700	0.296	2007	12
m	*BT	R	15229	2014	02
W	Rr	50	0.009	2016	07	10
W	Rr	917	0.160	2016	07	03
W	Rr	920	0.160	2016	06	26
W	Rr	1179	0.205	2016	06	19
W	Rr	1288	0.224	2016	06	12
W	Rr	1237	0.215	2016	06	05
W	Rr	1263	0.220	2016	05	29
W	Rr	1338	0.233	2016	05	22
W	Rr	1184	0.206	2016	05	15
W	Rr	1365	0.238	2016	05	08
W	Rr	974	0.170	2016	05	01
W	Rr	1311	0.228	2016	04	24
W	Rr	1127	0.196	2016	04	17
W	Rr	1248	0.217	2016	04	10
W	Rr	1451	0.253	2016	04	03
W	Rr	987	0.172	2016	03	27
W	Rr	1233	0.215	2016	03	20
W	Rr	1347	0.234	2016	03	13
W	Rr	1347	0.234	2016	03	06
W	Rr	1236	0.215	2016	02	28
W	Rr	1422	0.247	2016	02	21
W	Rr	1085	0.189	2016	02	14
W	Rr	1427	0.248	2016	02	07
W	Rr	1359	0.237	2016	01	31
W	Rr	1708	0.297	2016	01	24
W	Rr	1476	0.257	2016	01	17
W	Rr	1563	0.272	2016	01	10
W	Rr	1381	0.240	2016	01	03
W	Rr	1273	0.222	2015	12	27
W	Rr	1084	0.189	2015	12	20
W	Rr	1344	0.234	2015	12	13
W	Rr	1336	0.232	2015	12	06
W	Rr	1123	0.195	2015	11	29
W	Rr	960	0.167	2015	11	22
W	Rr	1337	0.233	2015	11	15
W	Rr	1400	0.244	2015	11	08
W	Rr	1383	0.241	2015	11	01
W	Rr	1250	0.218	2015	10	25
W	Rr	1366	0.238	2015	10	18
W	Rr	1367	0.238	2015	10	11
W	Rr	1214	0.211	2015	10	04
W	Rr	1152	0.200	2015	09	27
W	Rr	1387	0.241	2015	09	20
W	Rr	1655	0.288	2015	09	13
W	Rr	1526	0.266	2015	09	06
W	Rr	1242	0.216	2015	08	30
W	Rr	1800	0.313	2015	08	23
W	Rr	1527	0.266	2015	08	16
W	Rr	1386	0.241	2015	08	09
W	Rr	1593	0.277	2015	08	02
W	Rr	1567	0.273	2015	07	26
W	Rr	1980	0.345	2015	07	19
W	Rr	2180	0.379	2015	07	12
W	Rr	2008	0.349	2015	07	05
W	Rr	2297	0.400	2015	06	28
W	Rr	1556	0.271	2015	06	21
W	Rr	1380	0.240	2015	06	14
W	Rr	2013	0.350	2015	06	07
W	Rr	1651	0.287	2015	05	31
W	Rr	1224	0.213	2015	05	24
W	Rr	1355	0.236	2015	05	17
W	Rr	1179	0.205	2015	05	10
W	Rr	1436	0.250	2015	05	03
W	Rr	1671	0.291	2015	04	26
W	Rr	1878	0.327	2015	04	19
W	Rr	2326	0.405	2015	04	12
W	Rr	2636	0.459	2015	04	05
W	Rr	2297	0.400	2015	03	29
W	Rr	1237	0.215	2015	03	22
W	Rr	1453	0.253	2015	03	15
W	Rr	1399	0.243	2015	03	08
W	Rr	1287	0.224	2015	03	01
W	Rr	1249	0.217	2015	02	22
W	Rr	1373	0.239	2015	02	15
W	Rr	1790	0.312	2015	02	08
W	Rr	1672	0.291	2015	02	01
W	Rr	1543	0.269	2015	01	25
W	Rr	1463	0.255	2015	01	18
W	Rr	1696	0.295	2015	01	11
W	Rr	1707	0.297	2015	01	04
W	Rr	1833	0.319	2014	12	28
W	Rr	1335	0.232	2014	12	21
W	Rr	1644	0.286	2014	12	14
W	Rr	1541	0.268	2014	12	07
W	Rr	1335	0.232	2014	11	30
W	Rr	1262	0.220	2014	11	23
W	Rr	2009	0.350	2014	11	16
W	Rr	1566	0.273	2014	11	09
W	Rr	1814	0.316	2014	11	02
W	Rr	1452	0.253	2014	10	26
W	Rr	1642	0.286	2014	10	19
W	Rr	1795	0.312	2014	10	12
W	Rr	1836	0.320	2014	10	05
W	Rr	1662	0.289	2014	09	28
W	Rr	1843	0.321	2014	09	21
W	Rr	1678	0.292	2014	09	14
W	Rr	1598	0.278	2014	09	07
W	Rr	1418	0.247	2014	08	31
W	Rr	1584	0.276	2014	08	24
W	Rr	1571	0.273	2014	08	17
W	Rr	1727	0.301	2014	08	10
W	Rr	1927	0.335	2014	08	03
W	Rr	1691	0.294	2014	07	27
W	Rr	1702	0.296	2014	07	20
W	Rr	1624	0.283	2014	07	13
W	Rr	1831	0.319	2014	07	06
W	Rr	1867	0.325	2014	06	29
W	Rr	1927	0.335	2014	06	22
W	Rr	2134	0.371	2014	06	15
W	Rr	4851	0.844	2014	06	08
W	Rr	2293	0.399	2014	06	01
W	Rr	3180	0.553	2014	05	25
W	Rr	1468	0.255	2014	05	18
W	Rr	1808	0.315	2014	05	11
W	Rr	1998	0.348	2014	05	04
W	Rr	1876	0.326	2014	04	27
W	Rr	2330	0.405	2014	04	20
W	Rr	2565	0.446	2014	04	13
W	Rr	2652	0.462	2014	04	06
W	Rr	2574	0.448	2014	03	30
W	Rr	1186	0.206	2014	03	23
W	Rr	1305	0.227	2014	03	16
W	Rr	2273	0.396	2014	03	09
W	Rr	2231	0.388	2014	03	02
W	Rr	1925	0.335	2014	02	23
W	Rr	7060	1.229	2014	02	16
W	Rr	2854	0.497	2014	02	09
W	Rr	3190	0.555	2014	02	02
W	Rr	3743	0.651	2014	01	26
W	Rr	3643	0.634	2014	01	19
W	Rr	2961	0.515	2014	01	12
W	Rr	2319	0.404	2014	01	05
W	Rr	981	0.171	2013	12	29
W	Rr	1108	0.193	2013	12	22
W	Rr	1226	0.213	2013	12	15
W	Rr	1285	0.224	2013	12	08
W	Rr	1289	0.224	2013	12	01
W	Rr	1404	0.244	2013	11	24
W	Rr	1142	0.199	2013	11	17
W	Rr	1334	0.232	2013	11	10
W	Rr	1277	0.222	2013	11	03
W	Rr	1035	0.180	2013	10	27
W	Rr	1309	0.228	2013	10	20
W	Rr	1302	0.227	2013	10	13
W	Rr	1432	0.249	2013	10	06
W	Rr	1178	0.205	2013	09	29
W	Rr	947	0.165	2013	09	22
W	Rr	1254	0.218	2013	09	15
W	Rr	1099	0.191	2013	09	08
W	Rr	1053	0.183	2013	09	01
W	Rr	1010	0.176	2013	08	25
W	Rr	1102	0.192	2013	08	18
W	Rr	1063	0.185	2013	08	11
W	Rr	1105	0.192	2013	08	04
W	Rr	1377	0.240	2013	07	28
W	Rr	1498	0.261	2013	07	21
W	Rr	1295	0.225	2013	07	14
W	Rr	1237	0.215	2013	07	07
W	Rr	1003	0.175	2013	06	30
W	Rr	1275	0.222	2013	06	23
W	Rr	1072	0.187	2013	06	16
W	Rr	1249	0.217	2013	06	09
W	Rr	1521	0.265	2013	06	02
W	Rr	1256	0.219	2013	05	26
W	Rr	1091	0.190	2013	05	19
W	Rr	1359	0.237	2013	05	12
W	Rr	1130	0.197	2013	05	05
W	Rr	1215	0.211	2013	04	28
W	Rr	1368	0.238	2013	04	21
W	Rr	1318	0.229	2013	04	14
W	Rr	1408	0.245	2013	04	07
W	Rr	1277	0.222	2013	03	31
W	Rr	1452	0.253	2013	03	24
W	Rr	1418	0.247	2013	03	17
W	Rr	1217	0.212	2013	03	10
W	Rr	1490	0.259	2013	03	03
W	Rr	1353	0.235	2013	02	24
W	Rr	1268	0.221	2013	02	17
W	Rr	1274	0.222	2013	02	10
W	Rr	1153	0.201	2013	02	03
W	Rr	1266	0.220	2013	01	27
W	Rr	1271	0.221	2013	01	20
W	Rr	1449	0.252	2013	01	13
W	Rr	1253	0.218	2013	01	06
W	Rr	1309	0.228	2012	12	30
W	Rr	1156	0.201	2012	12	23
W	Rr	1336	0.232	2012	12	16
W	Rr	1575	0.274	2012	12	09
W	Rr	1087	0.189	2012	12	02
W	Rr	1376	0.239	2012	11	25
W	Rr	1136	0.198	2012	11	18
W	Rr	1341	0.233	2012	11	11
W	Rr	1418	0.247	2012	11	04
W	Rr	1103	0.192	2012	10	28
W	Rr	1200	0.209	2012	10	21
W	Rr	1382	0.241	2012	10	14
W	Rr	1127	0.196	2012	10	07
W	Rr	1187	0.207	2012	09	30
W	Rr	1172	0.204	2012	09	23
W	Rr	1034	0.180	2012	09	16
W	Rr	944	0.164	2012	09	09
W	Rr	958	0.167	2012	09	02
W	Rr	734	0.128	2012	08	26
W	Rr	881	0.153	2012	08	19
W	Rr	874	0.152	2012	08	12
W	Rr	973	0.169	2012	08	05
W	Rr	1010	0.176	2012	07	29
W	Rr	943	0.164	2012	07	22
W	Rr	1089	0.190	2012	07	15
W	Rr	888	0.155	2012	07	08
W	Rr	845	0.147	2012	07	01
W	Rr	1070	0.186	2012	06	24
W	Rr	1050	0.183	2012	06	17
W	Rr	1271	0.221	2012	06	10
W	Rr	957	0.167	2012	06	03
W	Rr	1249	0.217	2012	05	27
W	Rr	1055	0.184	2012	05	20
W	Rr	1392	0.242	2012	05	13
W	Rr	1140	0.198	2012	05	06
W	Rr	1807	0.314	2012	04	29
W	Rr	1225	0.213	2012	04	22
W	Rr	1264	0.220	2012	04	15
W	Rr	1075	0.187	2012	04	08
W	Rr	1261	0.219	2012	04	01
W	Rr	1345	0.234	2012	03	25
W	Rr	1254	0.218	2012	03	18
W	Rr	1478	0.257	2012	03	11
W	Rr	1503	0.262	2012	03	04
W	Rr	1532	0.267	2012	02	26
W	Rr	1464	0.255	2012	02	19
W	Rr	1154	0.201	2012	02	12
W	Rr	1240	0.216	2012	02	05
W	Rr	1088	0.189	2012	01	29
W	Rr	1125	0.196	2012	01	22
W	Rr	60	0.010	2012	01	15
W	Rr	1472	0.256	2012	01	08
W	Rr	1122	0.195	2012	01	01
W	Rr	888	0.155	2011	12	25
W	Rr	1360	0.237	2011	12	18
W	Rr	1486	0.259	2011	12	11
W	Rr	1330	0.231	2011	12	04
W	Rr	1094	0.190	2011	11	27
W	Rr	1062	0.185	2011	11	20
W	Rr	1123	0.195	2011	11	13
W	Rr	975	0.170	2011	11	06
W	Rr	1264	0.220	2011	10	30
W	Rr	1140	0.198	2011	10	23
W	Rr	1211	0.211	2011	10	16
W	Rr	1236	0.215	2011	10	09
W	Rr	1128	0.196	2011	10	02
W	Rr	1083	0.188	2011	09	25
W	Rr	1451	0.253	2011	09	18
W	Rr	1278	0.222	2011	09	11
W	Rr	1219	0.212	2011	09	04
W	Rr	1316	0.229	2011	08	28
W	Rr	1119	0.195	2011	08	21
W	Rr	1484	0.258	2011	08	14
W	Rr	1671	0.291	2011	08	07
W	Rr	1319	0.230	2011	07	31
W	Rr	1197	0.208	2011	07	24
W	Rr	1504	0.262	2011	07	17
W	Rr	1367	0.238	2011	07	10
W	Rr	1205	0.210	2011	07	03
W	Rr	1333	0.232	2011	06	26
W	Rr	1059	0.184	2011	06	19
W	Rr	1353	0.235	2011	06	12
W	Rr	1275	0.222	2011	06	05
W	Rr	983	0.171	2011	05	29
W	Rr	1262	0.220	2011	05	22
W	Rr	1374	0.239	2011	05	15
W	Rr	1076	0.187	2011	05	08
W	Rr	0	0.000	2011	05	01
W	Rr	0	0.000	2011	04	24
W	Rr	0	0.000	2011	04	17
W	Rr	0	0.000	2011	04	10
W	Rr	0	0.000	2011	04	03
W	Rr	0	0.000	2011	03	27
W	Rr	24	0.004	2011	03	20
W	Rr	1317	0.229	2011	03	13
W	Rr	1258	0.219	2011	03	06
W	Rr	1372	0.239	2011	02	27
W	Rr	1226	0.213	2011	02	20
W	Rr	1524	0.265	2011	02	13
W	Rr	1366	0.238	2011	02	06
W	Rr	958	0.167	2011	01	30
W	Rr	1273	0.222	2011	01	23
W	Rr	1560	0.271	2011	01	16
W	Rr	1472	0.256	2011	01	09
W	Rr	1310	0.228	2011	01	02
W	Rr	798	0.139	2010	12	26
W	Rr	935	0.163	2010	12	19
W	Rr	0	0.000	2010	12	12
W	Rr	0	0.000	2010	12	05
W	Rr	0	0.000	2010	11	28
W	Rr	0	0.000	2010	11	21
W	Rr	0	0.000	2010	11	14
W	Rr	0	0.000	2010	11	07
W	Rr	0	0.000	2010	10	31
W	Rr	0	0.000	2010	10	24
W	Rr	0	0.000	2010	10	17
W	Rr	0	0.000	2010	10	10
W	Rr	0	0.000	2010	10	03
W	Rr	0	0.000	2010	09	26
W	Rr	0	0.000	2010	09	19
W	Rr	0	0.000	2010	09	12
W	Rr	0	0.000	2010	09	05
W	Rr	0	0.000	2010	08	29
W	Rr	0	0.000	2010	08	22
W	Rr	0	0.000	2010	08	15
W	Rr	0	0.000	2010	08	08
W	Rr	0	0.000	2010	08	01
W	Rr	0	0.000	2010	07	25
W	Rr	0	0.000	2010	07	18
W	Rr	0	0.000	2010	07	11
W	Rr	0	0.000	2010	07	04
W	Rr	15	0.003	2010	06	27
W	Rr	914	0.159	2010	06	20
W	Rr	1104	0.192	2010	06	13
W	Rr	1096	0.191	2010	06	06
W	Rr	1171	0.204	2010	05	30
W	Rr	1115	0.194	2010	05	23
W	Rr	1170	0.204	2010	05	16
W	Rr	1334	0.232	2010	05	09
W	Rr	1109	0.193	2010	05	02
W	Rr	1067	0.186	2010	04	25
W	Rr	1212	0.211	2010	04	18
W	Rr	1054	0.183	2010	04	11
W	Rr	1325	0.231	2010	04	04
W	Rr	811	0.141	2010	03	28
W	Rr	1195	0.208	2010	03	21
W	Rr	1338	0.233	2010	03	14
W	Rr	1113	0.194	2010	03	07
W	Rr	1103	0.192	2010	02	28
W	Rr	1290	0.224	2010	02	21
W	Rr	0	0.000	2010	02	14
W	Rr	0	0.000	2010	02	07
W	Rr	0	0.000	2010	01	31
W	Rr	0	0.000	2010	01	24
W	Rr	0	0.000	2010	01	17
W	Rr	0	0.000	2010	01	10
W	Rr	0	0.000	2010	01	03
W	Rr	78	0.014	2009	12	27
W	Rr	945	0.164	2009	12	20
W	Rr	1140	0.198	2009	12	13
W	Rr	1323	0.230	2009	12	06
W	Rr	1518	0.264	2009	11	29
W	Rr	1352	0.235	2009	11	22
W	Rr	1346	0.234	2009	11	15
W	Rr	1416	0.246	2009	11	08
W	Rr	1734	0.302	2009	11	01
W	Rr	1035	0.180	2009	10	25
W	Rr	1297	0.226	2009	10	18
W	Rr	1267	0.220	2009	10	11
W	Rr	1440	0.251	2009	10	04
W	Rr	1521	0.265	2009	09	27
W	Rr	1121	0.195	2009	09	20
W	Rr	875	0.152	2009	09	13
W	Rr	1032	0.180	2009	09	06
W	Rr	1283	0.223	2009	08	30
W	Rr	1214	0.211	2009	08	23
W	Rr	1402	0.244	2009	08	16
W	Rr	1260	0.219	2009	08	09
W	Rr	1404	0.244	2009	08	02
W	Rr	1380	0.240	2009	07	26
W	Rr	1470	0.256	2009	07	19
W	Rr	1750	0.305	2009	07	12
W	Rr	1847	0.321	2009	07	05
W	Rr	1889	0.329	2009	06	28
W	Rr	1312	0.228	2009	06	21
W	Rr	1093	0.190	2009	06	14
W	Rr	1363	0.237	2009	06	07
W	Rr	1251	0.218	2009	05	31
W	Rr	1352	0.235	2009	05	24
W	Rr	1133	0.197	2009	05	17
W	Rr	1887	0.328	2009	05	10
W	Rr	1369	0.238	2009	05	03
W	Rr	1089	0.190	2009	04	26
W	Rr	1160	0.202	2009	04	19
W	Rr	1189	0.207	2009	04	12
W	Rr	1529	0.266	2009	04	05
W	Rr	1155	0.201	2009	03	29
W	Rr	1230	0.214	2009	03	22
W	Rr	1029	0.179	2009	03	15
W	Rr	1234	0.215	2009	03	08
W	Rr	1486	0.259	2009	03	01
W	Rr	1470	0.256	2009	02	22
W	Rr	1198	0.208	2009	02	15
W	Rr	1802	0.314	2009	02	08
W	Rr	1653	0.288	2009	02	01
W	Rr	1346	0.234	2009	01	25
W	Rr	1431	0.249	2009	01	18
W	Rr	1678	0.292	2009	01	11
W	Rr	1591	0.277	2009	01	04
W	Rr	886	0.154	2008	12	28
W	Rr	1148	0.200	2008	12	21
W	Rr	1428	0.249	2008	12	14
W	Rr	1508	0.262	2008	12	07
W	Rr	1194	0.208	2008	11	30
W	Rr	1070	0.186	2008	11	23
W	Rr	1396	0.243	2008	11	16
W	Rr	1255	0.218	2008	11	09
W	Rr	1314	0.229	2008	11	02
W	Rr	1397	0.243	2008	10	26
W	Rr	1638	0.285	2008	10	19
W	Rr	1298	0.226	2008	10	12
W	Rr	430	0.075	2008	10	05
W	Rr	723	0.126	2008	09	28
W	Rr	1308	0.228	2008	09	21
W	Rr	1242	0.216	2008	09	14
W	Rr	1409	0.245	2008	09	07
W	Rr	1142	0.199	2008	08	31
W	Rr	1022	0.178	2008	08	24
W	Rr	1062	0.185	2008	08	17
W	Rr	1188	0.207	2008	08	10
W	Rr	1232	0.214	2008	08	03
W	Rr	1050	0.183	2008	07	27
W	Rr	1272	0.221	2008	07	20
W	Rr	1305	0.227	2008	07	13
W	Rr	1093	0.190	2008	07	06
W	Rr	1182	0.206	2008	06	29
W	Rr	1937	0.337	2008	06	22
W	Rr	1493	0.260	2008	06	15
W	Rr	1083	0.188	2008	06	08
W	Rr	1283	0.223	2008	06	01
W	Rr	1432	0.249	2008	05	25
W	Rr	1726	0.300	2008	05	18
W	Rr	1580	0.275	2008	05	11
W	Rr	2661	0.463	2008	05	04
W	Rr	3648	0.635	2008	04	27
W	Rr	1400	0.244	2008	04	20
W	Rr	1365	0.238	2008	04	13
W	Rr	1213	0.211	2008	04	06
W	Rr	1670	0.291	2008	03	30
W	Rr	1211	0.211	2008	03	23
W	Rr	1144	0.199	2008	03	16
W	Rr	1301	0.226	2008	03	09
W	Rr	1292	0.225	2008	03	02
W	Rr	1427	0.248	2008	02	24
W	Rr	2207	0.384	2008	02	17
W	Rr	1124	0.196	2008	02	10
W	Rr	1561	0.272	2008	02	03
W	Rr	1533	0.267	2008	01	27
W	Rr	1389	0.242	2008	01	20
W	Rr	1133	0.197	2008	01	13
W	Rr	1404	0.244	2008	01	06
W	Rr	976	0.170	2007	12	30
W	Rr	801	0.139	2007	12	23
W	Rr	675	0.117	2007	12	16
W	*BT	R	7060	2014	02	16
D	Rr	50	0.009	2016	07	10
D	Rr	119	0.021	2016	07	09
D	Rr	182	0.032	2016	07	08
D	Rr	170	0.030	2016	07	07
D	Rr	162	0.028	2016	07	06
D	Rr	96	0.017	2016	07	05
D	Rr	100	0.017	2016	07	04
D	Rr	88	0.015	2016	07	03
D	Rr	111	0.019	2016	07	02
D	Rr	100	0.017	2016	07	01
D	Rr	122	0.021	2016	06	30
D	Rr	179	0.031	2016	06	29
D	Rr	168	0.029	2016	06	28
D	Rr	125	0.022	2016	06	27
D	Rr	115	0.020	2016	06	26
D	Rr	79	0.014	2016	06	25
D	Rr	205	0.036	2016	06	24
D	Rr	174	0.030	2016	06	23
D	Rr	199	0.035	2016	06	22
D	Rr	214	0.037	2016	06	21
D	Rr	120	0.021	2016	06	20
D	Rr	188	0.033	2016	06	19
D	Rr	151	0.026	2016	06	18
D	Rr	214	0.037	2016	06	17
D	Rr	222	0.039	2016	06	16
D	Rr	140	0.024	2016	06	15
D	Rr	204	0.036	2016	06	14
D	Rr	239	0.042	2016	06	13
D	Rr	118	0.021	2016	06	12
D	Rr	132	0.023	2016	06	11
D	Rr	146	0.025	2016	06	10
D	Rr	276	0.048	2016	06	09
D	Rr	176	0.031	2016	06	08
D	Rr	156	0.027	2016	06	07
D	Rr	212	0.037	2016	06	06
D	Rr	139	0.024	2016	06	05
D	Rr	124	0.022	2016	06	04
D	Rr	159	0.028	2016	06	03
D	Rr	115	0.020	2016	06	02
D	Rr	231	0.040	2016	06	01
D	Rr	256	0.045	2016	05	31
D	Rr	179	0.031	2016	05	30
D	*BT	R	2131	2008	05	03
d	Rr	60720	10.567	Sun
d	Rr	89152	15.515	Mon
d	Rr	93082	16.199	Tue
d	Rr	89540	15.582	Wed
d	Rr	91676	15.954	Thu
d	Rr	83797	14.583	Fri
d	Rr	66660	11.601	Sat
H	Rr	3	0.001	2016	07	10	05
H	Rr	0	0.000	2016	07	10	04
H	Rr	7	0.001	2016	07	10	03
H	Rr	24	0.004	2016	07	10	02
H	Rr	2	0.000	2016	07	10	01
H	Rr	14	0.002	2016	07	10	00
H	Rr	0	0.000	2016	07	09	23
H	Rr	32	0.006	2016	07	09	22
H	Rr	3	0.001	2016	07	09	21
H	Rr	3	0.001	2016	07	09	20
H	Rr	0	0.000	2016	07	09	19
H	Rr	3	0.001	2016	07	09	18
H	Rr	1	0.000	2016	07	09	17
H	Rr	7	0.001	2016	07	09	16
H	Rr	12	0.002	2016	07	09	15
H	Rr	0	0.000	2016	07	09	14
H	Rr	0	0.000	2016	07	09	13
H	Rr	0	0.000	2016	07	09	12
H	Rr	2	0.000	2016	07	09	11
H	Rr	7	0.001	2016	07	09	10
H	Rr	1	0.000	2016	07	09	09
H	Rr	1	0.000	2016	07	09	08
H	Rr	4	0.001	2016	07	09	07
H	Rr	2	0.000	2016	07	09	06
H	Rr	5	0.001	2016	07	09	05
H	Rr	5	0.001	2016	07	09	04
H	Rr	26	0.005	2016	07	09	03
H	Rr	1	0.000	2016	07	09	02
H	Rr	2	0.000	2016	07	09	01
H	Rr	2	0.000	2016	07	09	00
H	Rr	3	0.001	2016	07	08	23
H	Rr	3	0.001	2016	07	08	22
H	Rr	1	0.000	2016	07	08	21
H	Rr	4	0.001	2016	07	08	20
H	Rr	15	0.003	2016	07	08	19
H	Rr	14	0.002	2016	07	08	18
H	Rr	11	0.002	2016	07	08	17
H	Rr	5	0.001	2016	07	08	16
H	Rr	70	0.012	2016	07	08	15
H	Rr	6	0.001	2016	07	08	14
H	Rr	13	0.002	2016	07	08	13
H	Rr	2	0.000	2016	07	08	12
H	Rr	2	0.000	2016	07	08	11
H	Rr	7	0.001	2016	07	08	10
H	Rr	1	0.000	2016	07	08	09
H	Rr	3	0.001	2016	07	08	08
H	Rr	2	0.000	2016	07	08	07
H	Rr	4	0.001	2016	07	08	06
H	Rr	3	0.001	2016	07	08	05
H	Rr	3	0.001	2016	07	08	04
H	Rr	2	0.000	2016	07	08	03
H	Rr	6	0.001	2016	07	08	02
H	Rr	0	0.000	2016	07	08	01
H	Rr	2	0.000	2016	07	08	00
H	Rr	1	0.000	2016	07	07	23
H	Rr	0	0.000	2016	07	07	22
H	Rr	4	0.001	2016	07	07	21
H	Rr	9	0.002	2016	07	07	20
H	Rr	24	0.004	2016	07	07	19
H	Rr	13	0.002	2016	07	07	18
H	Rr	2	0.000	2016	07	07	17
H	Rr	6	0.001	2016	07	07	16
H	Rr	6	0.001	2016	07	07	15
H	Rr	2	0.000	2016	07	07	14
H	Rr	5	0.001	2016	07	07	13
H	Rr	2	0.000	2016	07	07	12
H	Rr	0	0.000	2016	07	07	11
H	Rr	5	0.001	2016	07	07	10
H	Rr	8	0.001	2016	07	07	09
H	Rr	4	0.001	2016	07	07	08
H	Rr	1	0.000	2016	07	07	07
H	Rr	3	0.001	2016	07	07	06
H	*BT	R	634	2008	05	03	04
h	Rr	23488	4.088	00
h	Rr	22327	3.885	01
h	Rr	22273	3.876	02
h	Rr	21248	3.698	03
h	Rr	21429	3.729	04
h	Rr	20322	3.537	05
h	Rr	19491	3.392	06
h	Rr	19153	3.333	07
h	Rr	18485	3.217	08
h	Rr	17691	3.079	09
h	Rr	17771	3.093	10
h	Rr	19065	3.318	11
h	Rr	20252	3.524	12
h	Rr	21941	3.818	13
h	Rr	25383	4.417	14
h	Rr	27724	4.825	15
h	Rr	30486	5.305	16
h	Rr	30605	5.326	17
h	Rr	32294	5.620	18
h	Rr	31540	5.489	19
h	Rr	30752	5.352	20
h	Rr	29413	5.119	21
h	Rr	26963	4.692	22
h	Rr	24531	4.269	23
4	Rr	3	0.001	2016	07	10	05	15
4	Rr	0	0.000	2016	07	10	05	00
4	Rr	0	0.000	2016	07	10	04	45
4	Rr	0	0.000	2016	07	10	04	30
4	Rr	0	0.000	2016	07	10	04	15
4	Rr	0	0.000	2016	07	10	04	00
4	Rr	1	0.000	2016	07	10	03	45
4	Rr	1	0.000	2016	07	10	03	30
4	Rr	2	0.000	2016	07	10	03	15
4	Rr	3	0.001	2016	07	10	03	00
4	Rr	2	0.000	2016	07	10	02	45
4	Rr	2	0.000	2016	07	10	02	30
4	Rr	20	0.003	2016	07	10	02	15
4	Rr	0	0.000	2016	07	10	02	00
4	Rr	0	0.000	2016	07	10	01	45
4	Rr	0	0.000	2016	07	10	01	30
4	Rr	1	0.000	2016	07	10	01	15
4	Rr	1	0.000	2016	07	10	01	00
4	Rr	0	0.000	2016	07	10	00	45
4	Rr	11	0.002	2016	07	10	00	30
4	Rr	3	0.001	2016	07	10	00	15
4	Rr	0	0.000	2016	07	10	00	00
4	Rr	0	0.000	2016	07	09	23	45
4	Rr	0	0.000	2016	07	09	23	30
4	Rr	0	0.000	2016	07	09	23	15
4	Rr	0	0.000	2016	07	09	23	00
4	Rr	9	0.002	2016	07	09	22	45
4	Rr	0	0.000	2016	07	09	22	30
4	Rr	19	0.003	2016	07	09	22	15
4	Rr	4	0.001	2016	07	09	22	00
4	Rr	0	0.000	2016	07	09	21	45
4	Rr	2	0.000	2016	07	09	21	30
4	Rr	0	0.000	2016	07	09	21	15
4	Rr	1	0.000	2016	07	09	21	00
4	Rr	0	0.000	2016	07	09	20	45
4	Rr	0	0.000	2016	07	09	20	30
4	Rr	3	0.001	2016	07	09	20	15
4	Rr	0	0.000	2016	07	09	20	00
4	Rr	0	0.000	2016	07	09	19	45
4	Rr	0	0.000	2016	07	09	19	30
4	Rr	0	0.000	2016	07	09	19	15
4	Rr	0	0.000	2016	07	09	19	00
4	Rr	0	0.000	2016	07	09	18	45
4	Rr	0	0.000	2016	07	09	18	30
4	Rr	0	0.000	2016	07	09	18	15
4	Rr	3	0.001	2016	07	09	18	00
4	Rr	1	0.000	2016	07	09	17	45
4	Rr	0	0.000	2016	07	09	17	30
4	Rr	0	0.000	2016	07	09	17	15
4	Rr	0	0.000	2016	07	09	17	00
4	Rr	0	0.000	2016	07	09	16	45
4	Rr	0	0.000	2016	07	09	16	30
4	Rr	5	0.001	2016	07	09	16	15
4	Rr	2	0.000	2016	07	09	16	00
4	Rr	0	0.000	2016	07	09	15	45
4	Rr	10	0.002	2016	07	09	15	30
4	Rr	2	0.000	2016	07	09	15	15
4	Rr	0	0.000	2016	07	09	15	00
4	Rr	0	0.000	2016	07	09	14	45
4	Rr	0	0.000	2016	07	09	14	30
4	Rr	0	0.000	2016	07	09	14	15
4	Rr	0	0.000	2016	07	09	14	00
4	Rr	0	0.000	2016	07	09	13	45
4	Rr	0	0.000	2016	07	09	13	30
4	Rr	0	0.000	2016	07	09	13	15
4	Rr	0	0.000	2016	07	09	13	00
4	Rr	0	0.000	2016	07	09	12	45
4	Rr	0	0.000	2016	07	09	12	30
4	Rr	0	0.000	2016	07	09	12	15
4	Rr	0	0.000	2016	07	09	12	00
4	Rr	0	0.000	2016	07	09	11	45
4	Rr	0	0.000	2016	07	09	11	30
4	Rr	1	0.000	2016	07	09	11	15
4	Rr	1	0.000	2016	07	09	11	00
4	Rr	2	0.000	2016	07	09	10	45
4	Rr	2	0.000	2016	07	09	10	30
4	Rr	3	0.001	2016	07	09	10	15
4	Rr	0	0.000	2016	07	09	10	00
4	Rr	1	0.000	2016	07	09	09	45
4	Rr	0	0.000	2016	07	09	09	30
4	Rr	0	0.000	2016	07	09	09	15
4	Rr	0	0.000	2016	07	09	09	00
4	Rr	0	0.000	2016	07	09	08	45
4	Rr	1	0.000	2016	07	09	08	30
4	Rr	0	0.000	2016	07	09	08	15
4	Rr	0	0.000	2016	07	09	08	00
4	Rr	1	0.000	2016	07	09	07	45
4	Rr	2	0.000	2016	07	09	07	30
4	Rr	1	0.000	2016	07	09	07	15
4	Rr	0	0.000	2016	07	09	07	00
4	Rr	1	0.000	2016	07	09	06	45
4	Rr	1	0.000	2016	07	09	06	30
4	Rr	0	0.000	2016	07	09	06	15
4	Rr	0	0.000	2016	07	09	06	00
4	Rr	1	0.000	2016	07	09	05	45
4	Rr	0	0.000	2016	07	09	05	30
4	*BT	R	398	2008	05	03	03	30
6	Rr	5624	0.979	00	00
6	Rr	6075	1.057	00	15
6	Rr	5744	1.000	00	30
6	Rr	6045	1.052	00	45
6	Rr	5764	1.003	01	00
6	Rr	5544	0.965	01	15
6	Rr	5501	0.957	01	30
6	Rr	5518	0.960	01	45
6	Rr	5260	0.915	02	00
6	Rr	5939	1.034	02	15
6	Rr	5735	0.998	02	30
6	Rr	5339	0.929	02	45
6	Rr	5247	0.913	03	00
6	Rr	4946	0.861	03	15
6	Rr	5383	0.937	03	30
6	Rr	5672	0.987	03	45
6	Rr	5320	0.926	04	00
6	Rr	5555	0.967	04	15
6	Rr	4897	0.852	04	30
6	Rr	5657	0.984	04	45
6	Rr	4858	0.845	05	00
6	Rr	5398	0.939	05	15
6	Rr	5082	0.884	05	30
6	Rr	4984	0.867	05	45
6	Rr	4955	0.862	06	00
6	Rr	5048	0.878	06	15
6	Rr	4757	0.828	06	30
6	Rr	4731	0.823	06	45
6	Rr	4863	0.846	07	00
6	Rr	5038	0.877	07	15
6	Rr	4825	0.840	07	30
6	Rr	4427	0.770	07	45
6	Rr	4887	0.850	08	00
6	Rr	4313	0.751	08	15
6	Rr	4884	0.850	08	30
6	Rr	4401	0.766	08	45
6	Rr	4420	0.769	09	00
6	Rr	4654	0.810	09	15
6	Rr	4449	0.774	09	30
6	Rr	4168	0.725	09	45
6	Rr	4212	0.733	10	00
6	Rr	4277	0.744	10	15
6	Rr	4585	0.798	10	30
6	Rr	4697	0.817	10	45
6	Rr	5794	1.008	11	00
6	Rr	4507	0.784	11	15
6	Rr	4358	0.758	11	30
6	Rr	4406	0.767	11	45
6	Rr	5816	1.012	12	00
6	Rr	4544	0.791	12	15
6	Rr	4841	0.842	12	30
6	Rr	5051	0.879	12	45
6	Rr	5503	0.958	13	00
6	Rr	5319	0.926	13	15
6	Rr	5778	1.006	13	30
6	Rr	5341	0.929	13	45
6	Rr	6154	1.071	14	00
6	Rr	6375	1.109	14	15
6	Rr	6495	1.130	14	30
6	Rr	6359	1.107	14	45
6	Rr	6892	1.199	15	00
6	Rr	6604	1.149	15	15
6	Rr	6850	1.192	15	30
6	Rr	7378	1.284	15	45
6	Rr	7651	1.331	16	00
6	Rr	7296	1.270	16	15
6	Rr	7535	1.311	16	30
6	Rr	8004	1.393	16	45
6	Rr	7381	1.284	17	00
6	Rr	7883	1.372	17	15
6	Rr	7675	1.336	17	30
6	Rr	7666	1.334	17	45
6	Rr	7311	1.272	18	00
6	Rr	8289	1.443	18	15
6	Rr	8463	1.473	18	30
6	Rr	8231	1.432	18	45
6	Rr	8990	1.564	19	00
6	Rr	6960	1.211	19	15
6	Rr	7871	1.370	19	30
6	Rr	7719	1.343	19	45
6	Rr	8103	1.410	20	00
6	Rr	7370	1.283	20	15
6	Rr	7278	1.267	20	30
6	Rr	8001	1.392	20	45
6	Rr	7563	1.316	21	00
6	Rr	7187	1.251	21	15
6	Rr	7116	1.238	21	30
6	Rr	7547	1.313	21	45
6	Rr	6887	1.199	22	00
6	Rr	7024	1.222	22	15
6	Rr	6588	1.146	22	30
6	Rr	6464	1.125	22	45
6	Rr	6772	1.179	23	00
6	Rr	6158	1.072	23	15
6	Rr	5680	0.988	23	30
6	Rr	5921	1.030	23	45
5	Rr	1	0.000	2016	07	10	05	25
5	Rr	1	0.000	2016	07	10	05	20
5	Rr	1	0.000	2016	07	10	05	15
5	Rr	0	0.000	2016	07	10	05	10
5	Rr	0	0.000	2016	07	10	05	05
5	Rr	0	0.000	2016	07	10	05	00
5	Rr	0	0.000	2016	07	10	04	55
5	Rr	0	0.000	2016	07	10	04	50
5	Rr	0	0.000	2016	07	10	04	45
5	Rr	0	0.000	2016	07	10	04	40
5	Rr	0	0.000	2016	07	10	04	35
5	Rr	0	0.000	2016	07	10	04	30
5	Rr	0	0.000	2016	07	10	04	25
5	Rr	0	0.000	2016	07	10	04	20
5	Rr	0	0.000	2016	07	10	04	15
5	Rr	0	0.000	2016	07	10	04	10
5	Rr	0	0.000	2016	07	10	04	05
5	Rr	0	0.000	2016	07	10	04	00
5	Rr	0	0.000	2016	07	10	03	55
5	Rr	1	0.000	2016	07	10	03	50
5	Rr	0	0.000	2016	07	10	03	45
5	Rr	0	0.000	2016	07	10	03	40
5	Rr	1	0.000	2016	07	10	03	35
5	Rr	0	0.000	2016	07	10	03	30
5	Rr	2	0.000	2016	07	10	03	25
5	Rr	0	0.000	2016	07	10	03	20
5	Rr	0	0.000	2016	07	10	03	15
5	Rr	3	0.001	2016	07	10	03	10
5	Rr	0	0.000	2016	07	10	03	05
5	Rr	0	0.000	2016	07	10	03	00
5	Rr	2	0.000	2016	07	10	02	55
5	Rr	0	0.000	2016	07	10	02	50
5	Rr	0	0.000	2016	07	10	02	45
5	Rr	0	0.000	2016	07	10	02	40
5	Rr	0	0.000	2016	07	10	02	35
5	Rr	2	0.000	2016	07	10	02	30
5	Rr	10	0.002	2016	07	10	02	25
5	Rr	10	0.002	2016	07	10	02	20
5	Rr	0	0.000	2016	07	10	02	15
5	Rr	0	0.000	2016	07	10	02	10
5	Rr	0	0.000	2016	07	10	02	05
5	Rr	0	0.000	2016	07	10	02	00
5	Rr	0	0.000	2016	07	10	01	55
5	Rr	0	0.000	2016	07	10	01	50
5	Rr	0	0.000	2016	07	10	01	45
5	Rr	0	0.000	2016	07	10	01	40
5	Rr	0	0.000	2016	07	10	01	35
5	Rr	0	0.000	2016	07	10	01	30
5	Rr	0	0.000	2016	07	10	01	25
5	Rr	1	0.000	2016	07	10	01	20
5	Rr	0	0.000	2016	07	10	01	15
5	Rr	1	0.000	2016	07	10	01	10
5	Rr	0	0.000	2016	07	10	01	05
5	Rr	0	0.000	2016	07	10	01	00
5	Rr	0	0.000	2016	07	10	00	55
5	Rr	0	0.000	2016	07	10	00	50
5	Rr	0	0.000	2016	07	10	00	45
5	Rr	11	0.002	2016	07	10	00	40
5	Rr	0	0.000	2016	07	10	00	35
5	Rr	0	0.000	2016	07	10	00	30
5	Rr	0	0.000	2016	07	10	00	25
5	Rr	2	0.000	2016	07	10	00	20
5	Rr	1	0.000	2016	07	10	00	15
5	Rr	0	0.000	2016	07	10	00	10
5	Rr	0	0.000	2016	07	10	00	05
5	Rr	0	0.000	2016	07	10	00	00
5	Rr	0	0.000	2016	07	09	23	55
5	Rr	0	0.000	2016	07	09	23	50
5	Rr	0	0.000	2016	07	09	23	45
5	Rr	0	0.000	2016	07	09	23	40
5	Rr	0	0.000	2016	07	09	23	35
5	Rr	0	0.000	2016	07	09	23	30
5	Rr	0	0.000	2016	07	09	23	25
5	Rr	0	0.000	2016	07	09	23	20
5	Rr	0	0.000	2016	07	09	23	15
5	Rr	0	0.000	2016	07	09	23	10
5	Rr	0	0.000	2016	07	09	23	05
5	Rr	0	0.000	2016	07	09	23	00
5	Rr	0	0.000	2016	07	09	22	55
5	Rr	9	0.002	2016	07	09	22	50
5	Rr	0	0.000	2016	07	09	22	45
5	Rr	0	0.000	2016	07	09	22	40
5	Rr	0	0.000	2016	07	09	22	35
5	Rr	0	0.000	2016	07	09	22	30
5	Rr	0	0.000	2016	07	09	22	25
5	Rr	1	0.000	2016	07	09	22	20
5	Rr	18	0.003	2016	07	09	22	15
5	Rr	4	0.001	2016	07	09	22	10
5	Rr	0	0.000	2016	07	09	22	05
5	Rr	0	0.000	2016	07	09	22	00
5	Rr	0	0.000	2016	07	09	21	55
5	Rr	0	0.000	2016	07	09	21	50
5	Rr	0	0.000	2016	07	09	21	45
5	Rr	1	0.000	2016	07	09	21	40
5	Rr	0	0.000	2016	07	09	21	35
5	Rr	1	0.000	2016	07	09	21	30
5	Rr	0	0.000	2016	07	09	21	25
5	Rr	0	0.000	2016	07	09	21	20
5	Rr	0	0.000	2016	07	09	21	15
5	Rr	0	0.000	2016	07	09	21	10
5	Rr	1	0.000	2016	07	09	21	05
5	Rr	0	0.000	2016	07	09	21	00
5	Rr	0	0.000	2016	07	09	20	55
5	Rr	0	0.000	2016	07	09	20	50
5	Rr	0	0.000	2016	07	09	20	45
5	Rr	0	0.000	2016	07	09	20	40
5	Rr	0	0.000	2016	07	09	20	35
5	Rr	0	0.000	2016	07	09	20	30
5	Rr	0	0.000	2016	07	09	20	25
5	Rr	1	0.000	2016	07	09	20	20
5	Rr	2	0.000	2016	07	09	20	15
5	Rr	0	0.000	2016	07	09	20	10
5	Rr	0	0.000	2016	07	09	20	05
5	Rr	0	0.000	2016	07	09	20	00
5	Rr	0	0.000	2016	07	09	19	55
5	Rr	0	0.000	2016	07	09	19	50
5	Rr	0	0.000	2016	07	09	19	45
5	Rr	0	0.000	2016	07	09	19	40
5	Rr	0	0.000	2016	07	09	19	35
5	Rr	0	0.000	2016	07	09	19	30
5	Rr	0	0.000	2016	07	09	19	25
5	Rr	0	0.000	2016	07	09	19	20
5	Rr	0	0.000	2016	07	09	19	15
5	Rr	0	0.000	2016	07	09	19	10
5	Rr	0	0.000	2016	07	09	19	05
5	Rr	0	0.000	2016	07	09	19	00
5	Rr	0	0.000	2016	07	09	18	55
5	Rr	0	0.000	2016	07	09	18	50
5	Rr	0	0.000	2016	07	09	18	45
5	Rr	0	0.000	2016	07	09	18	40
5	Rr	0	0.000	2016	07	09	18	35
5	Rr	0	0.000	2016	07	09	18	30
5	Rr	0	0.000	2016	07	09	18	25
5	Rr	0	0.000	2016	07	09	18	20
5	Rr	0	0.000	2016	07	09	18	15
5	Rr	1	0.000	2016	07	09	18	10
5	Rr	2	0.000	2016	07	09	18	05
5	Rr	0	0.000	2016	07	09	18	00
5	Rr	1	0.000	2016	07	09	17	55
5	Rr	0	0.000	2016	07	09	17	50
5	Rr	0	0.000	2016	07	09	17	45
5	Rr	0	0.000	2016	07	09	17	40
5	Rr	0	0.000	2016	07	09	17	35
5	Rr	0	0.000	2016	07	09	17	30
5	Rr	0	0.000	2016	07	09	17	25
5	Rr	0	0.000	2016	07	09	17	20
5	Rr	0	0.000	2016	07	09	17	15
5	Rr	0	0.000	2016	07	09	17	10
5	Rr	0	0.000	2016	07	09	17	05
5	Rr	0	0.000	2016	07	09	17	00
5	Rr	0	0.000	2016	07	09	16	55
5	Rr	0	0.000	2016	07	09	16	50
5	Rr	0	0.000	2016	07	09	16	45
5	Rr	0	0.000	2016	07	09	16	40
5	Rr	0	0.000	2016	07	09	16	35
5	Rr	0	0.000	2016	07	09	16	30
5	Rr	5	0.001	2016	07	09	16	25
5	Rr	0	0.000	2016	07	09	16	20
5	Rr	0	0.000	2016	07	09	16	15
5	Rr	1	0.000	2016	07	09	16	10
5	Rr	0	0.000	2016	07	09	16	05
5	Rr	1	0.000	2016	07	09	16	00
5	Rr	0	0.000	2016	07	09	15	55
5	Rr	0	0.000	2016	07	09	15	50
5	Rr	0	0.000	2016	07	09	15	45
5	Rr	0	0.000	2016	07	09	15	40
5	Rr	0	0.000	2016	07	09	15	35
5	Rr	10	0.002	2016	07	09	15	30
5	Rr	2	0.000	2016	07	09	15	25
5	Rr	0	0.000	2016	07	09	15	20
5	Rr	0	0.000	2016	07	09	15	15
5	Rr	0	0.000	2016	07	09	15	10
5	Rr	0	0.000	2016	07	09	15	05
5	Rr	0	0.000	2016	07	09	15	00
5	Rr	0	0.000	2016	07	09	14	55
5	Rr	0	0.000	2016	07	09	14	50
5	Rr	0	0.000	2016	07	09	14	45
5	Rr	0	0.000	2016	07	09	14	40
5	Rr	0	0.000	2016	07	09	14	35
5	Rr	0	0.000	2016	07	09	14	30
5	Rr	0	0.000	2016	07	09	14	25
5	Rr	0	0.000	2016	07	09	14	20
5	Rr	0	0.000	2016	07	09	14	15
5	Rr	0	0.000	2016	07	09	14	10
5	Rr	0	0.000	2016	07	09	14	05
5	Rr	0	0.000	2016	07	09	14	00
5	Rr	0	0.000	2016	07	09	13	55
5	Rr	0	0.000	2016	07	09	13	50
5	Rr	0	0.000	2016	07	09	13	45
5	Rr	0	0.000	2016	07	09	13	40
5	Rr	0	0.000	2016	07	09	13	35
5	Rr	0	0.000	2016	07	09	13	30
5	Rr	0	0.000	2016	07	09	13	25
5	Rr	0	0.000	2016	07	09	13	20
5	Rr	0	0.000	2016	07	09	13	15
5	Rr	0	0.000	2016	07	09	13	10
5	Rr	0	0.000	2016	07	09	13	05
5	Rr	0	0.000	2016	07	09	13	00
5	Rr	0	0.000	2016	07	09	12	55
5	Rr	0	0.000	2016	07	09	12	50
5	Rr	0	0.000	2016	07	09	12	45
5	Rr	0	0.000	2016	07	09	12	40
5	Rr	0	0.000	2016	07	09	12	35
5	Rr	0	0.000	2016	07	09	12	30
5	Rr	0	0.000	2016	07	09	12	25
5	Rr	0	0.000	2016	07	09	12	20
5	Rr	0	0.000	2016	07	09	12	15
5	Rr	0	0.000	2016	07	09	12	10
5	Rr	0	0.000	2016	07	09	12	05
5	Rr	0	0.000	2016	07	09	12	00
5	Rr	0	0.000	2016	07	09	11	55
5	Rr	0	0.000	2016	07	09	11	50
5	Rr	0	0.000	2016	07	09	11	45
5	Rr	0	0.000	2016	07	09	11	40
5	Rr	0	0.000	2016	07	09	11	35
5	Rr	0	0.000	2016	07	09	11	30
5	Rr	0	0.000	2016	07	09	11	25
5	Rr	0	0.000	2016	07	09	11	20
5	Rr	1	0.000	2016	07	09	11	15
5	Rr	0	0.000	2016	07	09	11	10
5	Rr	0	0.000	2016	07	09	11	05
5	Rr	1	0.000	2016	07	09	11	00
5	Rr	1	0.000	2016	07	09	10	55
5	Rr	1	0.000	2016	07	09	10	50
5	Rr	0	0.000	2016	07	09	10	45
5	Rr	0	0.000	2016	07	09	10	40
5	Rr	2	0.000	2016	07	09	10	35
5	Rr	0	0.000	2016	07	09	10	30
5	Rr	0	0.000	2016	07	09	10	25
5	Rr	0	0.000	2016	07	09	10	20
5	Rr	3	0.001	2016	07	09	10	15
5	Rr	0	0.000	2016	07	09	10	10
5	Rr	0	0.000	2016	07	09	10	05
5	Rr	0	0.000	2016	07	09	10	00
5	Rr	0	0.000	2016	07	09	09	55
5	Rr	1	0.000	2016	07	09	09	50
5	Rr	0	0.000	2016	07	09	09	45
5	Rr	0	0.000	2016	07	09	09	40
5	Rr	0	0.000	2016	07	09	09	35
5	Rr	0	0.000	2016	07	09	09	30
5	Rr	0	0.000	2016	07	09	09	25
5	Rr	0	0.000	2016	07	09	09	20
5	Rr	0	0.000	2016	07	09	09	15
5	Rr	0	0.000	2016	07	09	09	10
5	Rr	0	0.000	2016	07	09	09	05
5	Rr	0	0.000	2016	07	09	09	00
5	Rr	0	0.000	2016	07	09	08	55
5	Rr	0	0.000	2016	07	09	08	50
5	Rr	0	0.000	2016	07	09	08	45
5	Rr	0	0.000	2016	07	09	08	40
5	Rr	1	0.000	2016	07	09	08	35
5	Rr	0	0.000	2016	07	09	08	30
5	Rr	0	0.000	2016	07	09	08	25
5	Rr	0	0.000	2016	07	09	08	20
5	Rr	0	0.000	2016	07	09	08	15
5	Rr	0	0.000	2016	07	09	08	10
5	Rr	0	0.000	2016	07	09	08	05
5	Rr	0	0.000	2016	07	09	08	00
5	Rr	1	0.000	2016	07	09	07	55
5	Rr	0	0.000	2016	07	09	07	50
5	Rr	0	0.000	2016	07	09	07	45
5	Rr	0	0.000	2016	07	09	07	40
5	Rr	2	0.000	2016	07	09	07	35
5	Rr	0	0.000	2016	07	09	07	30
5	Rr	1	0.000	2016	07	09	07	25
5	Rr	0	0.000	2016	07	09	07	20
5	Rr	0	0.000	2016	07	09	07	15
5	Rr	0	0.000	2016	07	09	07	10
5	Rr	0	0.000	2016	07	09	07	05
5	Rr	0	0.000	2016	07	09	07	00
5	Rr	1	0.000	2016	07	09	06	55
5	Rr	0	0.000	2016	07	09	06	50
5	Rr	0	0.000	2016	07	09	06	45
5	Rr	0	0.000	2016	07	09	06	40
5	Rr	0	0.000	2016	07	09	06	35
5	Rr	1	0.000	2016	07	09	06	30
5	Rr	0	0.000	2016	07	09	06	25
5	Rr	0	0.000	2016	07	09	06	20
5	Rr	0	0.000	2016	07	09	06	15
5	Rr	0	0.000	2016	07	09	06	10
5	Rr	0	0.000	2016	07	09	06	05
5	Rr	0	0.000	2016	07	09	06	00
5	Rr	0	0.000	2016	07	09	05	55
5	Rr	0	0.000	2016	07	09	05	50
5	Rr	1	0.000	2016	07	09	05	45
5	Rr	0	0.000	2016	07	09	05	40
5	Rr	0	0.000	2016	07	09	05	35
5	Rr	0	0.000	2016	07	09	05	30
5	*BT	R	252	2009	11	23	07	25
7	Rr	1842	0.321	00	00
7	Rr	2030	0.353	00	05
7	Rr	1752	0.305	00	10
7	Rr	1696	0.295	00	15
7	Rr	2106	0.366	00	20
7	Rr	2273	0.396	00	25
7	Rr	1858	0.323	00	30
7	Rr	1943	0.338	00	35
7	Rr	1943	0.338	00	40
7	Rr	1971	0.343	00	45
7	Rr	2283	0.397	00	50
7	Rr	1791	0.312	00	55
7	Rr	1700	0.296	01	00
7	Rr	1903	0.331	01	05
7	Rr	2161	0.376	01	10
7	Rr	1790	0.312	01	15
7	Rr	2065	0.359	01	20
7	Rr	1689	0.294	01	25
7	Rr	1731	0.301	01	30
7	Rr	1894	0.330	01	35
7	Rr	1876	0.326	01	40
7	Rr	1776	0.309	01	45
7	Rr	1693	0.295	01	50
7	Rr	2049	0.357	01	55
7	Rr	1677	0.292	02	00
7	Rr	1769	0.308	02	05
7	Rr	1814	0.316	02	10
7	Rr	2100	0.365	02	15
7	Rr	1853	0.322	02	20
7	Rr	1986	0.346	02	25
7	Rr	1949	0.339	02	30
7	Rr	2086	0.363	02	35
7	Rr	1700	0.296	02	40
7	Rr	1874	0.326	02	45
7	Rr	1570	0.273	02	50
7	Rr	1895	0.330	02	55
7	Rr	1737	0.302	03	00
7	Rr	1754	0.305	03	05
7	Rr	1756	0.306	03	10
7	Rr	1688	0.294	03	15
7	Rr	1730	0.301	03	20
7	Rr	1528	0.266	03	25
7	Rr	1738	0.302	03	30
7	Rr	1764	0.307	03	35
7	Rr	1881	0.327	03	40
7	Rr	2060	0.358	03	45
7	Rr	1752	0.305	03	50
7	Rr	1860	0.324	03	55
7	Rr	1686	0.293	04	00
7	Rr	1721	0.299	04	05
7	Rr	1913	0.333	04	10
7	Rr	1932	0.336	04	15
7	Rr	1995	0.347	04	20
7	Rr	1628	0.283	04	25
7	Rr	1811	0.315	04	30
7	Rr	1525	0.265	04	35
7	Rr	1561	0.272	04	40
7	Rr	2274	0.396	04	45
7	Rr	1722	0.300	04	50
7	Rr	1661	0.289	04	55
7	Rr	1586	0.276	05	00
7	Rr	1407	0.245	05	05
7	Rr	1865	0.325	05	10
7	Rr	1694	0.295	05	15
7	Rr	1848	0.322	05	20
7	Rr	1856	0.323	05	25
7	Rr	1917	0.334	05	30
7	Rr	1740	0.303	05	35
7	Rr	1425	0.248	05	40
7	Rr	1669	0.290	05	45
7	Rr	1637	0.285	05	50
7	Rr	1678	0.292	05	55
7	Rr	1533	0.267	06	00
7	Rr	1722	0.300	06	05
7	Rr	1700	0.296	06	10
7	Rr	1736	0.302	06	15
7	Rr	1696	0.295	06	20
7	Rr	1616	0.281	06	25
7	Rr	1443	0.251	06	30
7	Rr	1473	0.256	06	35
7	Rr	1841	0.320	06	40
7	Rr	1761	0.306	06	45
7	Rr	1494	0.260	06	50
7	Rr	1476	0.257	06	55
7	Rr	1843	0.321	07	00
7	Rr	1475	0.257	07	05
7	Rr	1545	0.269	07	10
7	Rr	1481	0.258	07	15
7	Rr	1711	0.298	07	20
7	Rr	1846	0.321	07	25
7	Rr	1828	0.318	07	30
7	Rr	1535	0.267	07	35
7	Rr	1462	0.254	07	40
7	Rr	1478	0.257	07	45
7	Rr	1476	0.257	07	50
7	Rr	1473	0.256	07	55
7	Rr	1574	0.274	08	00
7	Rr	1726	0.300	08	05
7	Rr	1587	0.276	08	10
7	Rr	1389	0.242	08	15
7	Rr	1385	0.241	08	20
7	Rr	1539	0.268	08	25
7	Rr	1792	0.312	08	30
7	Rr	1580	0.275	08	35
7	Rr	1512	0.263	08	40
7	Rr	1462	0.254	08	45
7	Rr	1415	0.246	08	50
7	Rr	1524	0.265	08	55
7	Rr	1457	0.254	09	00
7	Rr	1569	0.273	09	05
7	Rr	1394	0.243	09	10
7	Rr	1363	0.237	09	15
7	Rr	1621	0.282	09	20
7	Rr	1670	0.291	09	25
7	Rr	1630	0.284	09	30
7	Rr	1347	0.234	09	35
7	Rr	1472	0.256	09	40
7	Rr	1436	0.250	09	45
7	Rr	1306	0.227	09	50
7	Rr	1426	0.248	09	55
7	Rr	1420	0.247	10	00
7	Rr	1320	0.230	10	05
7	Rr	1472	0.256	10	10
7	Rr	1436	0.250	10	15
7	Rr	1363	0.237	10	20
7	Rr	1478	0.257	10	25
7	Rr	1429	0.249	10	30
7	Rr	1482	0.258	10	35
7	Rr	1674	0.291	10	40
7	Rr	1569	0.273	10	45
7	Rr	1472	0.256	10	50
7	Rr	1656	0.288	10	55
7	Rr	2401	0.418	11	00
7	Rr	1894	0.330	11	05
7	Rr	1499	0.261	11	10
7	Rr	1487	0.259	11	15
7	Rr	1508	0.262	11	20
7	Rr	1512	0.263	11	25
7	Rr	1509	0.263	11	30
7	Rr	1254	0.218	11	35
7	Rr	1595	0.278	11	40
7	Rr	1386	0.241	11	45
7	Rr	1470	0.256	11	50
7	Rr	1550	0.270	11	55
7	Rr	2132	0.371	12	00
7	Rr	1900	0.331	12	05
7	Rr	1784	0.310	12	10
7	Rr	1525	0.265	12	15
7	Rr	1492	0.260	12	20
7	Rr	1527	0.266	12	25
7	Rr	1572	0.274	12	30
7	Rr	1537	0.267	12	35
7	Rr	1732	0.301	12	40
7	Rr	1763	0.307	12	45
7	Rr	1631	0.284	12	50
7	Rr	1657	0.288	12	55
7	Rr	1788	0.311	13	00
7	Rr	1837	0.320	13	05
7	Rr	1878	0.327	13	10
7	Rr	1877	0.327	13	15
7	Rr	1676	0.292	13	20
7	Rr	1766	0.307	13	25
7	Rr	2004	0.349	13	30
7	Rr	1942	0.338	13	35
7	Rr	1832	0.319	13	40
7	Rr	1528	0.266	13	45
7	Rr	1816	0.316	13	50
7	Rr	1997	0.348	13	55
7	Rr	1818	0.316	14	00
7	Rr	2262	0.394	14	05
7	Rr	2074	0.361	14	10
7	Rr	2058	0.358	14	15
7	Rr	2205	0.384	14	20
7	Rr	2112	0.368	14	25
7	Rr	2434	0.424	14	30
7	Rr	2211	0.385	14	35
7	Rr	1850	0.322	14	40
7	Rr	2006	0.349	14	45
7	Rr	2085	0.363	14	50
7	Rr	2268	0.395	14	55
7	Rr	2222	0.387	15	00
7	Rr	2450	0.426	15	05
7	Rr	2220	0.386	15	10
7	Rr	2249	0.391	15	15
7	Rr	2022	0.352	15	20
7	Rr	2333	0.406	15	25
7	Rr	2330	0.405	15	30
7	Rr	2236	0.389	15	35
7	Rr	2284	0.397	15	40
7	Rr	2298	0.400	15	45
7	Rr	2514	0.438	15	50
7	Rr	2566	0.447	15	55
7	Rr	2675	0.466	16	00
7	Rr	2610	0.454	16	05
7	Rr	2366	0.412	16	10
7	Rr	2603	0.453	16	15
7	Rr	2431	0.423	16	20
7	Rr	2262	0.394	16	25
7	Rr	2412	0.420	16	30
7	Rr	2572	0.448	16	35
7	Rr	2551	0.444	16	40
7	Rr	2689	0.468	16	45
7	Rr	2666	0.464	16	50
7	Rr	2649	0.461	16	55
7	Rr	2478	0.431	17	00
7	Rr	2400	0.418	17	05
7	Rr	2503	0.436	17	10
7	Rr	2535	0.441	17	15
7	Rr	2729	0.475	17	20
7	Rr	2619	0.456	17	25
7	Rr	2716	0.473	17	30
7	Rr	2552	0.444	17	35
7	Rr	2407	0.419	17	40
7	Rr	2564	0.446	17	45
7	Rr	2739	0.477	17	50
7	Rr	2363	0.411	17	55
7	Rr	2366	0.412	18	00
7	Rr	2235	0.389	18	05
7	Rr	2710	0.472	18	10
7	Rr	2751	0.479	18	15
7	Rr	2575	0.448	18	20
7	Rr	2963	0.516	18	25
7	Rr	2778	0.483	18	30
7	Rr	2820	0.491	18	35
7	Rr	2865	0.499	18	40
7	Rr	2828	0.492	18	45
7	Rr	2720	0.473	18	50
7	Rr	2683	0.467	18	55
7	Rr	3253	0.566	19	00
7	Rr	2953	0.514	19	05
7	Rr	2784	0.484	19	10
7	Rr	2259	0.393	19	15
7	Rr	2466	0.429	19	20
7	Rr	2235	0.389	19	25
7	Rr	2617	0.455	19	30
7	Rr	2792	0.486	19	35
7	Rr	2462	0.428	19	40
7	Rr	2762	0.481	19	45
7	Rr	2470	0.430	19	50
7	Rr	2487	0.433	19	55
7	Rr	2714	0.472	20	00
7	Rr	2765	0.481	20	05
7	Rr	2624	0.457	20	10
7	Rr	2244	0.391	20	15
7	Rr	2558	0.445	20	20
7	Rr	2568	0.447	20	25
7	Rr	2284	0.397	20	30
7	Rr	2334	0.406	20	35
7	Rr	2660	0.463	20	40
7	Rr	3002	0.522	20	45
7	Rr	2542	0.442	20	50
7	Rr	2457	0.428	20	55
7	Rr	2660	0.463	21	00
7	Rr	2369	0.412	21	05
7	Rr	2534	0.441	21	10
7	Rr	2395	0.417	21	15
7	Rr	2182	0.380	21	20
7	Rr	2610	0.454	21	25
7	Rr	2399	0.417	21	30
7	Rr	2386	0.415	21	35
7	Rr	2331	0.406	21	40
7	Rr	2542	0.442	21	45
7	Rr	2614	0.455	21	50
7	Rr	2391	0.416	21	55
7	Rr	2359	0.411	22	00
7	Rr	2122	0.369	22	05
7	Rr	2406	0.419	22	10
7	Rr	2163	0.376	22	15
7	Rr	2520	0.439	22	20
7	Rr	2341	0.407	22	25
7	Rr	2273	0.396	22	30
7	Rr	2256	0.393	22	35
7	Rr	2059	0.358	22	40
7	Rr	2007	0.349	22	45
7	Rr	2172	0.378	22	50
7	Rr	2285	0.398	22	55
7	Rr	2520	0.439	23	00
7	Rr	2180	0.379	23	05
7	Rr	2072	0.361	23	10
7	Rr	2103	0.366	23	15
7	Rr	2063	0.359	23	20
7	Rr	1992	0.347	23	25
7	Rr	1842	0.321	23	30
7	Rr	1982	0.345	23	35
7	Rr	1856	0.323	23	40
7	Rr	1957	0.341	23	45
7	Rr	2139	0.372	23	50
7	Rr	1825	0.318	23	55
o	*f	0R	r
o	lRQ	1	574627	3770825596	[unresolved numerical addresses]
Z	*f	-20R	r
Z	lRb	1	37083	3.066	69
Z	lRb	1	30085	3.596	66.249
Z	lRb	1	14155	2.702	76
Z	lRb	1	12432	3.567	157.55
Z	lRb	1	9811	0.843	46
Z	lRb	1	9355	1.413	74
Z	lRb	1	8765	1.176	75
Z	lRb	1	8596	1.619	72
Z	lRb	1	8317	0.754	71
Z	lRb	1	7931	1.322	65.55
Z	lRb	1	7709	1.511	123
Z	lRb	1	7595	1.147	124
Z	lRb	1	6777	1.615	207.46
Z	lRb	1	6242	0.067	178.137
Z	lRb	1	6037	1.361	67.181
Z	lRb	1	6020	1.287	94
Z	lRb	1	6016	1.553	91
Z	lRb	1	6009	2.359	70
Z	lRb	1	5962	1.243	192.99
Z	lRb	1	5888	0.696	95
Z	lRb	1	363842	67.101	[not listed: 6762]
S	*f	-50P	r
S	Rb	4702	1.034	14.33.246.211
S	Rb	3248	0.647	192.99.15.146
S	Rb	2341	0.357	100.43.83.148
S	Rb	1992	0.179	66.249.75.109
S	Rb	1829	0.391	37.59.14.116
S	Rb	1597	0.342	78.155.138.20
S	Rb	1543	0.193	199.21.99.79
S	Rb	1459	0.027	92.249.127.111
S	Rb	1439	0.418	75.98.173.33
S	Rb	1270	0.170	95.108.248.29
S	Rb	1269	0.113	205.203.134.197
S	Rb	1245	0.304	208.115.113.82
S	Rb	1142	0.002	91.207.9.226
S	Rb	1107	0.043	66.249.69.97
S	Rb	1051	0.084	66.249.69.192
S	Rb	1044	0.038	66.249.69.81
S	Rb	1039	0.040	66.249.69.89
S	Rb	1024	0.194	95.108.150.235
S	Rb	1012	0.215	192.99.6.132
S	Rb	957	0.479	199.21.99.197
S	Rb	951	0.163	66.249.73.133
S	Rb	903	0.266	67.195.112.86
S	Rb	815	0.078	178.63.23.80
S	Rb	791	0.169	192.99.7.55
S	Rb	777	0.003	193.150.120.14
S	Rb	736	0.034	66.249.69.176
S	Rb	719	0.119	208.115.113.92
S	Rb	704	0.003	109.120.157.179
S	Rb	698	0.066	220.181.125.162
S	Rb	694	0.101	78.155.138.30
S	Rb	692	0.032	66.249.69.160
S	Rb	664	0.142	94.23.59.173
S	Rb	649	0.139	46.105.74.59
S	Rb	640	0.102	74.84.218.242
S	Rb	627	0.040	66.249.65.205
S	Rb	627	0.031	66.249.65.219
S	Rb	622	0.041	66.249.65.212
S	Rb	612	0.062	66.249.73.80
S	Rb	609	0.130	94.23.215.29
S	Rb	607	0.044	66.249.75.223
S	Rb	603	0.043	66.249.75.215
S	Rb	593	0.045	66.249.75.231
S	Rb	585	0.125	94.23.35.157
S	Rb	584	0.017	195.242.218.133
S	Rb	567	0.002	37.139.52.23
S	Rb	564	0.003	213.110.133.221
S	Rb	545	0.047	95.108.151.244
S	Rb	500	0.103	151.138.13.244
S	Rb	497	0.103	208.115.111.246
S	Rb	489	0.003	91.207.4.206
S	Rb	522653	92.474	[not listed: 50925]
s	*FR	2013	12	18	21	53
s	*LR	2016	07	10	03	54
s	*f	-20R	s
s	lRS	1	63563	294	http://www.gtaeronautics.com/
s	lRS	1	14223	55	http://gtaeronautics.com/
s	lRS	1	1375	17	https://www.google.com/
s	lRS	1	817	7	http://www.trainingindustry.com/
s	lRS	1	451	2	http://www.baidu.com/
s	lRS	1	182	2	http://www.thomasnet.com/
s	lRS	1	171	1	https://www.google.co.in/
s	lRS	1	1178	0	http://www.google.com/
s	lRS	1	609	0	http://www.mfgpages.com/
s	lRS	1	601	0	http://www.openfos.com/
s	lRS	1	517	0	http://www.topicway.com/
s	lRS	1	362	0	http://semalt.semalt.com/
s	lRS	1	301	0	http://chimiver.info/
s	lRS	1	262	0	http://google.co.jp/
s	lRS	1	242	0	http://www.bing.com/
s	lRS	1	234	0	http://www.artparquet.ru/
s	lRS	1	192	0	http://buttons-for-website.com/
s	lRS	1	188	0	http://doska-vsem.ru/
s	lRS	1	161	0	http://pornogig.com/
s	lRS	1	127	0	http://success-seo.com/
s	lRS	1	20026	9	[not listed: 2172]
f	*FR	2013	12	18	21	53
f	*LR	2016	07	10	03	54
f	*f	-30R	s
f	lRS	1	36067	188	http://www.gtaeronautics.com/
f	lRS	1	9761	41	http://gtaeronautics.com/
f	lRS	1	3752	25	http://www.gtaeronautics.com/CCT&M.html
f	lRS	1	1623	17	http://www.gtaeronautics.com/ConsultingA.html
f	lRS	1	3137	15	http://www.gtaeronautics.com/UASFC.html
f	lRS	1	1260	9	https://www.google.com/
f	lRS	1	2054	8	http://gtaeronautics.com/IndNews.html
f	lRS	1	817	7	http://www.trainingindustry.com/
f	lRS	1	979	6	http://www.gtaeronautics.com/CFMT.html
f	lRS	1	3263	5	http://www.gtaeronautics.com/aboutus.html
f	lRS	1	1522	4	http://www.gtaeronautics.com/index.html
f	lRS	1	1345	3	http://www.gtaeronautics.com/pna.html
f	lRS	1	484	3	http://gtaeronautics.com/aboutus.html
f	lRS	1	429	2	http://www.baidu.com/s
f	lRS	1	857	1	http://www.gtaeronautics.com/compnews.html
f	lRS	1	1646	0	http://www.gtaeronautics.com/uasfc.html
f	lRS	1	812	0	http://www.gtaeronautics.com/RD.html
f	lRS	1	794	0	http://www.gtaeronautics.com/consultinga.html
f	lRS	1	775	0	http://www.gtaeronautics.com/CompNews.html
f	lRS	1	709	0	http://www.google.com/url
f	lRS	1	706	0	http://www.gtaeronautics.com/IndNews.html
f	lRS	1	646	0	http://www.gtaeronautics.com/links.html
f	lRS	1	578	0	http://www.gtaeronautics.com/cfmt.html
f	lRS	1	523	0	http://www.mfgpages.com/company/GT-AERONAUTICS-LLC-in-CALIFORNIA-USA-5886132/
f	lRS	1	517	0	http://www.openfos.com/supply/5640989-GT-AERONAUTICS-LLC-in-SIMI-VALLEY-CA/
f	lRS	1	517	0	http://www.topicway.com/companies/100676618/GT-AERONAUTICS-LLC-in-SIMI-VALLEY-CA.htm
f	lRS	1	453	0	http://www.gtaeronautics.com/indevents.html
f	lRS	1	442	0	http://www.gtaeronautics.com/cct&m.html
f	lRS	1	373	0	http://www.gtaeronautics.com/FAQ.html
f	lRS	1	362	0	http://semalt.semalt.com/crawler.php
f	lRS	1	28579	53	[not listed: 2539]
n	*FR	2013	12	19	00	28
n	*LR	2016	06	08	23	33
n	*f	0.500000%Q	s
n	Rq	26	3.226	aeronautical
n	Rq	5	0.806	faa
n	Rq	23	3.226	gt
n	Rq	20	1.613	in
n	Rq	15	0.645	manufacturing
n	Rq	14	2.258	6
n	Rq	28	3.871	engineering
n	Rq	8	1.129	drawings
n	Rq	64	0.968	outlet
n	Rq	28	3.871	texan
n	Rq	4	0.645	engineer
n	Rq	6	0.968	aircraft
n	Rq	32	0.806	luggage
n	Rq	175	2.742	vuitton
n	Rq	5	0.806	uas
n	Rq	10	1.613	uav
n	Rq	3	0.645	drone
n	Rq	7	1.129	fiberglass
n	Rq	4	0.645	onboard
n	Rq	21	2.097	simi
n	Rq	17	2.097	at6
n	Rq	8	1.129	extreme
n	Rq	6	0.806	molding
n	Rq	126	1.129	fashion
n	Rq	175	2.742	louis
n	Rq	4	0.645	starter
n	Rq	14	0.645	cheap
n	Rq	10	1.452	bme
n	Rq	25	3.548	http://www.gtaeronautics.com/
n	Rq	145	3.065	valley
n	Rq	5	0.645	pglm
n	Rq	23	3.065	drawing
n	Rq	8	1.129	aerospace
n	Rq	4	0.645	unmanned
n	Rq	16	2.742	aeronautics
n	Rq	20	0.645	ca
n	Rq	13	2.097	at
n	Rq	5	0.806	techniques
n	Rq	4	0.645	quotes
n	Rq	9	1.290	bandito
n	Rq	107	0.645	phone
n	Rq	460	34.677	[not listed: 173]
N	*FR	2013	12	19	00	28
N	*LR	2016	06	08	23	33
N	*f	-200Q	s
N	RQ	25	945252	http://www.gtaeronautics.com/
N	RQ	14	515592	aeronautical engineering drawing
N	RQ	9	429660	gt aeronautics
N	RQ	9	386694	at 6 texan
N	RQ	8	343728	at6 texan
N	RQ	7	257796	bme extreme
N	RQ	7	257796	aerospace engineering drawings
N	RQ	5	171864	bandito pglm
N	RQ	6	171864	texan at6
N	RQ	12	128898	www.gtaeronautics.com
N	RQ	3	128898	onboard starter
N	RQ	3	128898	bandito uav
N	RQ	2	85932	fiberglass molding techniques
N	RQ	19	85932	louis vuitton luggage outlet
N	RQ	10	85932	louis vuitton fashion valley phone
N	RQ	97	85932	louis vuitton fashion valley phone number
N	RQ	2	85932	texan at 6
N	RQ	18	85932	louis vuitton fashion valley ca
N	RQ	6	85932	manufacturing aeronautical prototypes
N	RQ	1	42966	mitsubishi zero
N	RQ	1	42966	uavs flying over simi valley ca
N	RQ	1	42966	gt aeronautics simi valley california
N	RQ	2	42966	what is gt in basic engineering drawing
N	RQ	1	42966	aeronautical engineer quote
N	RQ	2	42966	composite molding
N	RQ	1	42966	does aeronautical engineering require drawing?
N	RQ	1	42966	aeronautics in simi valley and security work
N	RQ	1	42966	crew flight gta
N	RQ	2	42966	http://gtaeronautics.com/
N	RQ	1	42966	how to do gt in engineering drawing
N	RQ	1	42966	aeronautical engineer quotes
N	RQ	1	42966	110cc engine timing
N	RQ	2	42966	http://www.gtaeronautics.com/compnews.html
N	RQ	1	42966	the government college g.t aeronautics
N	RQ	1	42966	bme engine
N	RQ	1	42966	uas gcs
N	RQ	1	42966	a t 6
N	RQ	1	42966	http://www.gtaeronautics.com/indnews.html
N	RQ	1	42966	gt aeronautics unmanned air
N	RQ	1	42966	aero iron mentioned nanotechnology hummingbird uav
N	RQ	1	42966	basic fiberglass techniques
N	RQ	1	42966	fia gt composite tooling
N	RQ	1	42966	uas pilot certification
N	RQ	1	42966	http://gtaeronautics.com/indnews.html
N	RQ	1	42966	finnemeccia co
N	RQ	2	42966	drawing for customer satisfaction
N	RQ	1	42966	quotes on aeronautical engineers
N	RQ	1	42966	payload for diamond northrop twin engie aircraft
N	RQ	1	42966	cheap louis vuitton speedy handbag.com
N	RQ	6	42966	content
N	RQ	1	42966	at 6
N	RQ	1	42966	bme 110
N	RQ	1	42966	uav commercial crew stations
N	RQ	1	42966	thomas w rullman gt aeronautics
N	RQ	1	42966	da42 mpp microwave downlink bandwidth
N	RQ	1	42966	luggages for sale
N	RQ	2	42966	easylifeapp profile
N	RQ	1	42966	anti ice de ice qinetiq zephyr
N	RQ	2	42966	simi gt
N	RQ	4	42966	louis%20vuitton%20fashion%20valley%20phone%20number
N	RQ	1	42966	heavy equipment operator jobs
N	RQ	1	42966	eengineer drawing home
N	RQ	1	42966	cheap louis vuitton luggage
N	RQ	1	42966	aero space drone simi valley
N	RQ	1	42966	faa uas pilot certification
N	RQ	1	42966	2 stroke electric onboard starter
N	RQ	1	42966	any flying crews in gta
N	RQ	1	42966	skyforce observer mk3
N	RQ	1	42966	simi valley unmanned aircraft
N	RQ	2	42966	granger whitelaw avia
N	RQ	1	42966	louis vuitton fashion valley neverfull
N	RQ	1	42966	louis vuitton job opportunities
N	RQ	1	42966	fiber glass molding job
N	RQ	1	42966	aerospace drawing
N	RQ	1	42966	google.com
N	RQ	1	42966	aircraft design consultant
N	RQ	1	42966	www.gt airplane.com
N	RQ	1	42966	uas operation training method
N	RQ	3	42966	gt in aeronotics
N	RQ	1	42966	tom rullman
N	RQ	1	42966	gt aeronautics simi valley ca
N	RQ	2	42966	wmaid.com explore gtaeronautics.com
N	RQ	1	42966	drone base in simi valley
N	RQ	1	42966	custum muffler 110cc
N	RQ	1	42966	glass manufacturing drawings
N	RQ	1	42966	electric motors x male uav x sale
N	RQ	1	42966	aerospacecompanies in simi valley
N	RQ	1	42966	fiberglass molding
N	RQ	1	42966	fiberglass mold making techniques
N	RQ	1	42966	taranis ucav
N	RQ	1	42966	vegas drone uav show december 2015
N	RQ	1	42966	rpa instrument qualification faa instrument rating
N	RQ	1	42966	extreme bme
N	RQ	1	42966	uav companies in simi valley
N	RQ	1	42966	uas faa maintenance
N	RQ	1	42966	unmanned aircraft systems pilot training
N	RQ	2	42966	installerex facebook
N	RQ	1	42966	aeronautic engineer
N	RQ	3	42966	texan at6 photos
N	RQ	30	42966	designer handbags outlet sale
N	RQ	1	42966	rpas qulificationa traing with faa
N	RQ	1	42966	louis vuitton neverfull
N	RQ	1	42966	faa uav training
N	RQ	1	42966	uav companies simi valley
N	RQ	5	42966	louis vuitton purses outlet
N	RQ	1	42966	cheap louis vuitton luggage outlet
N	RQ	1	42966	tobbot
N	RQ	1	42966	radius tdw efi fuze
N	RQ	8	42966	manufacturing equipment store in simi valley
N	RQ	1	42966	aeronautic engineer quotes
N	RQ	1	42966	onbordstarter
N	RQ	1	42966	fiberglass techniques
N	RQ	1	42966	rotax amphibian unmanned china
N	RQ	1	42966	aircraft companies in simi valley
N	RQ	1	42966	custom fiberglass moldings
N	RQ	11	42966	louis vuitton luggage cheap
N	RQ	1	42966	anything
N	RQ	1	42966	aeronautical engineering quotes
N	RQ	1	42966	aeronautical engineering sketches
N	RQ	1	42966	gtaeronautics.com
N	RQ	1	42966	giant scale ziroli at 6
N	RQ	9	42966	outlet louis vuitton handbags
N	RQ	1	42966	drawing aircraft engineering
N	RQ	1	42966	gt aeronautics bandito
N	RQ	1	42966	cowling drawing
B	*f	-40R	r
B	Rb	21279	2.381	Mozilla/5.0 (compatible; Googlebot/2.1;  http://www.google.com/bot.html)
B	Rb	19066	4.405	Mozilla/5.0 (compatible; bingbot/2.0;  http://www.bing.com/bingbot.htm)
B	Rb	10835	2.384	Mozilla/4.0 (compatible; MSIE 6.0; Windows NT 5.1; SV1)
B	Rb	8061	3.143	Mozilla/4.0 (compatible; MSIE 7.0; Windows NT 5.1; .NET CLR 1.1.4322; .NET CLR 2.0.50727)
B	Rb	7128	1.207	Mozilla/5.0 (compatible; Baiduspider/2.0;  http://www.baidu.com/search/spider.html)
B	Rb	7080	0.742	Mozilla/4.0 (compatible; MSIE 6.0; Windows NT 5.1; SV1; .NET CLR 2.0.50727)
B	Rb	7032	1.355	Mozilla/5.0 (compatible; Yahoo! Slurp; http://help.yahoo.com/help/us/ysearch/slurp)
B	Rb	6754	1.608	Mozilla/5.0 (compatible; YandexBot/3.0;  http://yandex.com/bots)
B	Rb	6164	0.156	Mozilla/4.0 (compatible; MSIE 7.0; Windows NT 5.1; .NET CLR 1.1.4322; .NET CLR 2.0.50727; .NET CLR 3.0.4506.2152; .NET CLR 3.5.30729)
B	Rb	6148	1.224	Mozilla/4.0 (compatible; MSIE 7.0; Windows NT 6.1; WOW64; Trident/5.0; SLCC2; .NET CLR 2.0.50727; .NET CLR 3.5.30729; .NET CLR 3.0.30729; Media Center PC 6.0; .NET4.0C; .NET4.0E)
B	Rb	5848	0.923	Sosospider ( http://help.soso.com/webspider.htm)
B	Rb	5834	0.290	Mozilla/4.0 (compatible;)
B	Rb	5762	1.077	Mozilla/4.0 (compatible; MSIE 6.0; Windows NT 5.1)
B	Rb	5436	1.050	Mozilla/5.0 (Windows; U; Windows NT 5.1; en-US; rv:1.7.2) Gecko/20040804 Netscape/7.2 (ax)
B	Rb	5305	0.449	Mozilla/4.0 (compatible; MSIE 7.0; Windows NT 5.1; .NET CLR 1.1.4322; .NET CLR 2.0.50727; .NET CLR 3.0.04506.30)
B	Rb	5184	1.107	Mozilla/4.0 (compatible; MSIE 7.0; Windows NT 5.1)
B	Rb	5108	0.419	Mozilla/5.0 (Windows NT 6.1; WOW64) AppleWebKit/537.36 (KHTML, like Gecko) Chrome/36.0.1985.143 Safari/537.36
B	Rb	4650	0.391	Mozilla/5.0 (compatible; MSIE 9.0; Windows NT 6.1; WOW64; Trident/5.0)
B	Rb	4446	0.614	Mozilla/5.0 (compatible; Yahoo! Slurp/3.0; http://help.yahoo.com/help/us/ysearch/slurp)
B	Rb	4368	0.121	Mozilla/4.0 (compatible; MSIE 7.0; Windows NT 5.1; .NET CLR 2.0.50727; .NET CLR 3.0.4506.2152; .NET CLR 3.5.30729)
B	Rb	3997	0.353	Mozilla/5.0 (Windows NT 6.1; WOW64; Trident/7.0; rv:11.0) like Gecko
B	Rb	3780	0.102	Googlebot-Image/1.0
B	Rb	3407	0.505	Mozilla/4.0 (compatible; MSIE 6.0; Windows NT 5.1; SV1; .NET CLR 1.1.4322)
B	Rb	3062	0.274	Mozilla/4.0 (compatible; MSIE 7.0; Windows NT 5.1; .NET CLR 1.1.4322)
B	Rb	3049	0.142	Mozilla/4.0 (compatible; MSIE 8.0; Windows NT 5.1; Trident/4.0; .NET CLR 2.0.50727; .NET CLR 3.0.4506.2152; .NET CLR 3.5.30729; .NET4.0C; .NET CLR 1.1.4322)
B	Rb	2878	0.468	Mozilla/5.0 (compatible; MJ12bot/v1.4.5; http://www.majestic12.co.uk/bot.php? )
B	Rb	2770	0.107	Mozilla/4.0 (compatible; MSIE 7.0; Windows NT 5.1; .NET CLR 1.1.4322; .NET CLR 2.0.50727; .NET CLR 3.0.04506.30; .NET CLR 3.0.4506.2152; .NET CLR 3.5.30729)
B	Rb	2578	0.261	Mozilla/5.0 (Windows NT 6.1; WOW64; rv:21.0) Gecko/20100101 Firefox/21.0
B	Rb	2557	0.529	Mozilla/4.0 (compatible; MSIE 7.0; Windows NT 5.1; InfoPath.2; .NET CLR 2.0.50727; .NET CLR)
B	Rb	2489	0.015	msnbot/2.0b ( http://search.msn.com/msnbot.htm)
B	Rb	2445	0.146	Mozilla/4.0 (compatible; MSIE 8.0; Windows NT 5.1; Trident/4.0; .NET CLR 2.0.50727; .NET CLR 3.0.4506.2152; .NET CLR 3.5.30729)
B	Rb	2433	0.557	Mozilla/4.0 (compatible; MSIE 6.0; Windows NT 5.1; SV1; .NET CLR 1.1.4322; .NET CLR 2.0.50727)
B	Rb	2416	0.585	Mozilla/4.0 (compatible; MSIE 6.0; Windows NT 5.1; SV1; Mozilla/4.0 (compatible; MSIE 6.0; Windows NT 5.1; SV1) ; .NET CLR 2.0.50727 ; .NET CLR 4.0.30319)
B	Rb	2407	0.567	Mozilla/4.0 (compatible; MSIE 6.0; Windows NT 5.1; SV1; Mozilla/4.0 (compatible; MSIE 6.0; Windows NT 5.1; SV1) ; .NET CLR 1.0.3705)
B	Rb	2358	0.117	Mozilla/4.0 (compatible; MSIE 7.0; Windows NT 5.1; Trident/4.0; .NET CLR 2.0.50727; .NET CLR 3.0.4506.2152; .NET CLR 3.5.30729; .NET4.0C)
B	Rb	2302	0.519	Mozilla/4.0 (compatible; MSIE 6.0; Windows NT 5.1; SV1; Mozilla/4.0 (compatible; MSIE 6.0; Windows NT 5.1; SV1) )
B	Rb	2262	0.077	Mozilla/4.0 (compatible; MSIE 7.0; Windows NT 5.1; .NET CLR 2.0.50727; .NET CLR 3.0.4506.2152; .NET CLR 3.5.30729; .NET4.0C)
B	Rb	2213	0.408	Mozilla/5.0 (compatible; AhrefsBot/5.0;  http://ahrefs.com/robot/)
B	Rb	2200	0.222	Mozilla/5.0 (compatible; MSIE 9.0; Windows NT 6.1; Trident/5.0)
B	Rb	2150	0.031	Mozilla/5.0 (compatible; YandexImages/3.0;  http://yandex.com/bots)
B	Rb	362224	68.967	[not listed: 14080]
b	*f	-15Q	s
b	lRQq	1	150898	213927882	33.963	Netscape
b	lRQq	2	33264	54996487	8.731	Mozilla/1
b	lRQq	2	1398	730429	0.116	Mozilla/24
b	lRQq	2	1325	2535000	0.402	Mozilla/2
b	lRQq	2	778	644495	0.102	Mozilla/34
b	lRQq	2	1271	902287	0.143	Mozilla/22
b	lRQq	2	1852	1203049	0.191	Mozilla/6
b	lRQq	2	1166	687457	0.109	Mozilla/31
b	lRQq	2	869	601525	0.095	Mozilla/28
b	lRQq	2	3481	1160082	0.184	Mozilla/21
b	lRQq	2	1354	1160082	0.184	Mozilla/5
b	lRQq	2	1110	988218	0.157	Mozilla/10
b	lRQq	2	682	945252	0.150	Mozilla/16
b	lRQq	2	731	816354	0.130	Mozilla/17
b	lRQq	2	541	773388	0.123	Mozilla/13
b	lRQq	2	534	773388	0.123	Mozilla/14
b	lRQq	2	692	773388	0.123	Mozilla/15
b	lRQq	2	1091	644490	0.102	Mozilla/12
b	lRQq	2	1067	644490	0.102	Mozilla/26
b	lRQq	2	1062	601524	0.095	Mozilla/11
b	lRQq	2	1141	601524	0.095	Mozilla/8
b	lRQq	1	127612	17788216	2.824	Netscape (compatible)
b	lRQq	1	223671	333158376	52.892	MSIE
b	lRQq	2	36117	58519693	9.291	MSIE/8
b	lRQq	2	94427	144580598	22.954	MSIE/7
b	lRQq	2	10827	6358971	1.010	MSIE/9
b	lRQq	2	73163	114633288	18.199	MSIE/6
b	lRQq	2	3852	4210668	0.668	MSIE/5
b	lRQq	2	3750	3995838	0.634	MSIE/10
b	lRQq	2	197	214830	0.034	MSIE/4
b	lRQq	2	179	171864	0.027	MSIE/3
b	lRQq	2	361	85932	0.014	MSIE/2
b	lRQq	2	3	42966	0.007	MSIE/11
b	lRQq	1	9479	16670814	2.647	Opera
b	lRQq	2	2760	902292	0.143	Opera/8
b	lRQq	2	4437	14264712	2.265	Opera/9
b	lRQq	2	1682	601524	0.095	Opera/7
b	lRQq	2	13	300762	0.048	Opera/11
b	lRQq	2	563	214830	0.034	Opera/6
b	lRQq	2	12	171864	0.027	Opera/10
b	lRQq	2	4	128898	0.020	Opera/12
b	lRQq	2	8	85932	0.014	Opera/5
b	lRQq	1	8371	2964655	0.471	Netscape
b	lRQq	2	1849	1203048	0.191	Netscape/4
b	lRQq	2	22	472626	0.075	Netscape/6
b	lRQq	2	5528	343728	0.055	Netscape/7
b	lRQq	2	168	214830	0.034	Netscape/3
b	lRQq	2	29	171864	0.027	Netscape/8
b	lRQq	2	435	85932	0.014	Netscape/0
b	lRQq	2	6	85932	0.014	Netscape/5
b	lRQq	2	2	42966	0.007	Netscape/Nutch-1
b	lRQq	2	1	42966	0.007	Netscape/10
b	lRQq	2	9	42966	0.007	Netscape/Firefox
b	lRQq	1	3485	2577960	0.409	Java
b	lRQq	2	3485	2577960	0.409	Java/1
b	lRQq	1	282	2320164	0.368	Konqueror
b	lRQq	2	232	2191266	0.348	Konqueror/3
b	lRQq	2	49	85932	0.014	Konqueror/4
b	lRQq	2	1	42966	0.007	Konqueror/2
b	lRQq	1	201	1718640	0.273	python-requests
b	lRQq	2	184	1331946	0.211	python-requests/2
b	lRQq	2	11	300762	0.048	python-requests/1
b	lRQq	2	6	85932	0.014	python-requests/0
b	lRQq	1	130	1160082	0.184	curl
b	lRQq	2	129	1117116	0.177	curl/7
b	lRQq	1	2241	945252	0.150	libwww-perl
b	lRQq	2	455	687456	0.109	libwww-perl/5
b	lRQq	2	1786	257796	0.041	libwww-perl/6
b	lRQq	1	117	859320	0.136	NSPlayer
b	lRQq	2	78	386694	0.061	NSPlayer/11
b	lRQq	2	17	171864	0.027	NSPlayer/9
b	lRQq	2	16	171864	0.027	NSPlayer/10
b	lRQq	2	5	85932	0.014	NSPlayer/12
b	lRQq	2	1	42966	0.007	NSPlayer/8
b	lRQq	1	32	730422	0.116	Dalvik
b	lRQq	2	25	687456	0.109	Dalvik/1
b	lRQq	2	7	42966	0.007	Dalvik/2
b	lRQq	1	54	558558	0.089	Google
b	lRQq	2	50	472626	0.075	Google/2
b	lRQq	2	4	85932	0.014	Google/1
b	lRQq	1	29	515592	0.082	PHP
b	lRQq	2	26	429660	0.068	PHP/5
b	lRQq	2	1	42966	0.007	PHP/4
b	lRQq	1	122	515592	0.082	AppEngine-Google; ( http:
b	lRQq	2	122	515592	0.082	AppEngine-Google; ( http://code
b	lRQq	1	40741	33470564	5.314	[not listed: 559]
p	*f	0Q	s
p	lR	1	349390	Windows
p	lR	2	122254	Unknown Windows
p	lR	2	212641	Windows XP
p	lR	2	3939	Windows NT
p	lR	2	2023	Windows 98
p	lR	2	1181	Windows 95
p	lR	2	198	Windows CE
p	lR	2	6132	Windows 2000
p	lR	2	173	Windows 3.1
p	lR	2	849	Windows ME
p	lR	1	130605	OS unknown
p	lR	1	16746	Unix
p	lR	2	16504	Linux
p	lR	2	199	Other Unix
p	lR	2	15	SunOS
p	lR	2	27	BSD
p	lR	2	1	HP-UX
p	lR	1	29972	Macintosh
p	lR	2	28735	Unknown Macintosh
p	lR	2	1151	Macintosh PowerPC
p	lR	2	86	Macintosh 68k
p	lR	1	40730	Known robots
p	lR	1	16	WebTV
p	lR	1	1	BeOS
p	lR	1	1	OS/2
p	lR	1	4	Amiga
i	*f	0R	s
i	lRc	1	318155	92.141	[root directory]
i	lRc	1	152816	7.279	/images/
i	lRc	1	66420	0.301	/js/
i	lRc	1	35624	0.278	/css/
i	lRc	1	865	0.000	/videos/
i	lRc	1	541	0.000	/client/
i	lRc	1	155	0.000	/dev/
i	lRc	2	44	0.000	/dev/js/
i	lRc	2	23	0.000	/dev/css/
i	lRc	2	59	0.000	/dev/images/
i	lRc	1	1	0.000	/cgi-bin/
i	lRc	1	50	0.000	/stats/
r	*f	0.050000%S	s
r	lRSc	1	18716	43	87.787	/indnews.html
r	lRSc	2	1	0	0.000	/indnews.html?referer=www.clickfind.com.au//wp-content/themes/busybee/thumb.php?src=http://blogger.com.opontodaarte.com.br/java.php
r	lRSc	2	1	0	0.000	/indnews.html?referer=top1.co.pl
r	lRSc	1	16198	22	0.714	/aboutus.html
r	lRSc	1	12766	20	5.178	/compnews.html
r	lRSc	1	14159	20	0.885	/uasfc.html
r	lRSc	1	9073	18	0.633	/links.html
r	lRSc	1	9607	16	0.518	/cfmt.html
r	lRSc	1	9138	16	0.331	/contactus.html
r	lRSc	1	5374	15	0.328	/pna.html
r	lRSc	1	9518	14	0.638	/cct&m.html
r	lRSc	1	6658	14	0.363	/employment.html
r	lRSc	1	555	13	0.446	/sru.html
r	lRSc	1	10417	13	0.615	/consultinga.html
r	lRSc	1	8100	12	0.304	/indevents.html
r	lRSc	1	1267	10	0.375	/gt1500 rpas.html
r	lRSc	1	6667	9	0.296	/faq.html
r	lRSc	1	723	8	0.298	/gt380 rpas.html
r	lRSc	1	6256	6	0.237	/rd.html
r	lRSc	1	920	2	0.053	/gtamt.html
r	lRSc	1	24	0	0.000	/client/tacamo.html
r	lRSc	1	30	0	0.000	/client/mgqgcyat.asp
r	lRSc	1	1	0	0.000	/client/bandito timeline2007.html
r	lRSc	1	2	0	0.000	/client/bandit+timeline2004.html
r	lRSc	1	3196	0	0.000	/banditomav.html
r	lRSc	1	1	0	0.000	/stats/quick.html
r	lRSc	1	1	0	0.000	/404.htm
r	lRSc	1	1	0	0.000	/dev/client.cgi
r	lRSc	1	18702	0	0.000	/default.asp
r	lRSc	1	12	0	0.000	/client/gta010707002.html
r	lRSc	1	72	0	0.000	/client/bandito+development.html
r	lRSc	1	1	0	0.000	/client/bandito+timeline2006.html
r	lRSc	1	135	0	0.000	/client/welcome.html
r	lRSc	1	16	0	0.000	/client/rq3+bandito.html
r	lRSc	1	3	0	0.000	/client/gta021305001.html
r	lRSc	1	1	0	0.000	/dev/uasfc.html
r	lRSc	1	229	0	0.000	/client.cgi
r	lRSc	1	71	0	0.000	/client/bandit+development.html
r	lRSc	1	2	0	0.000	/client/bandito development.html
r	lRSc	1	1	0	0.000	/stats/browserrep.html
r	lRSc	1	2	0	0.000	/stats/yearly.html
r	lRSc	1	2	0	0.000	/stats/domain.html
r	lRSc	1	5	0	0.000	/client/gta012405001.html
r	lRSc	1	1	0	0.000	/stats/monthly.html
r	lRSc	1	2	0	0.000	/dev/contactus.html
r	lRSc	1	2	0	0.000	/stats/general.html
r	lRSc	1	1	0	0.000	/dev/aboutus.html
r	lRSc	1	18	0	0.000	/client/tacamo+development.html
r	lRSc	1	1	0	0.000	/client/bandit development.html
r	lRSc	1	1	0	0.000	/stats/weekly.html
r	lRSc	1	8	0	0.000	/client/gta010707001.html
r	lRSc	1	3474	0	0.000	/uavengines.html
r	lRSc	1	17	0	0.000	/client/bandit+timeline2008.html
r	lRSc	1	1	0	0.000	/client/bandito+timeline2005.html
r	lRSc	1	3749	0	0.000	/bidspridpass.html
r	lRSc	1	6356	0	0.000	/pridpass.html
r	lRSc	1	12	0	0.000	/client/bandito.html
r	lRSc	1	3216	0	0.000	/gtatexan.html
r	lRSc	1	1	0	0.000	/dev/pna.html
r	lRSc	1	1	0	0.000	/client/tacamo development.html
r	lRSc	1	23	0	0.000	/client/projectbids.html
r	lRSc	1	1	0	0.000	/stats/host.html
r	lRSc	1	2	0	0.000	/stats/index.htm
r	lRSc	1	2	0	0.000	/stats/nav.html
r	lRSc	1	1	0	0.000	/stats/quarterly.html
r	lRSc	1	11	0	0.000	/client/rq2+outlaw.html
r	lRSc	1	1	0	0.000	/client/bandit timeline2008.html
r	lRSc	1	20	0	0.000	/client/clientpna.html
r	lRSc	1	3322	0	0.000	/bandituas.html
r	lRSc	1	15	0	0.000	/client/bandit.html
r	lRSc	1	2	0	0.000	/stats/default.asp
r	lRSc	1	2	0	0.000	/stats/directory.html
r	lRSc	1	21	0	0.000	/index.htm
r	lRSc	1	2	0	0.000	/stats/organisation.html
r	lRSc	1	1	0	0.000	/cgi-bin/testms.pl
r	lRSc	1	14	0	0.000	/client/rq1+bandit.html
r	lRSc	1	8	0	0.000	/client/bandito+timeline2007.html
r	lRSc	1	6	0	0.000	/client/gta021305002.html
r	lRSc	1	7	0	0.000	/client/bandit+timeline2007.html
r	lRSc	1	4	0	0.000	/client/gta121004001.html
r	lRSc	1	1	0	0.000	/dev/pridpass.html
t	*f	0.100000%B	b
t	lRb	1	169960	53.427	.html [Hypertext Markup Language]
t	lRb	1	125024	19.452	[directories]
t	lRb	1	778	7.589	.wmv
t	lRb	1	87	7.450	.mpg  [MPEG movie]
t	lRb	1	105593	7.082	.jpg  [JPEG graphics]
t	lRb	1	18734	3.205	.asp  [Active Server REQUESTS]
t	lRb	1	47295	0.757	.gif  [GIF graphics]
t	lRb	1	66464	0.508	.js  [JavaScript code]
t	lRb	1	35643	0.452	.css  [Cascading Style Sheets]
t	lRb	1	5049	0.077	[not listed: 6]
z	*FR	2009	06	30	04	42
z	*LR	2016	07	10	05	27
z	ScR	22	0.000	40347	0
z	ScR	0	0.000	0	1b-  10b
z	ScR	0	0.000	0	11b- 100b
z	ScR	72	0.045	64601	101b-  1kb
z	ScR	427	5.465	278393	1kb- 10kb
z	ScR	370	39.919	175724	10kb-100kb
z	ScR	43	54.571	15271	100kb-  1Mb
z	ScR	0	0.000	248	1Mb- 10Mb
z	ScR	0	0.000	43	10Mb-100Mb
c	*f	0R	a
c	R	508157	200 OK
c	R	3030	206 Partial content
c	R	101	301 Document moved permanently
c	R	77	302 Document found elsewhere
c	R	63440	304 Not modified since last retrieval
c	R	206	401 Authentication required
c	R	134	403 Access forbidden
c	R	283813	404 Document not found
c	R	146	405 Method not allowed
c	R	227	406 Document not acceptable to client
c	R	5	416 Requested range not valid
c	R	593	500 Internal server error
c	R	116	501 Request type not supported
I	*FR	2007	12	11	00	52
I	*LR	2016	07	10	05	46
I	*f	-30S	s
I	lRS	1	56197	255	/robots.txt
I	lRS	1	1263	7	/wp-login.php
I	lRS	1	185	5	/wp/
I	lRS	1	199	5	/wordpress/
I	lRS	1	181	5	/blog/robots.txt
I	lRS	1	373	5	/xmlrpc.php
I	lRS	1	204	5	/blog/
I	lRS	1	417	4	/gtatexan.html
I	lRS	1	637	3	/administrator/index.php
I	lRS	1	330	3	/uavengines.html
I	lRS	1	198	2	/wp-admin/
I	lRS	1	70	2	/</a
I	lRS	1	65	2	/zew
I	lRS	1	192	2	/wordpress/wp-admin/
I	lRS	1	119	2	/test/wp-admin/
I	lRS	1	17301	2	/]louis
I	lRS	1	181	2	/blog/wp-admin/
I	lRS	1	229	2	/pridpass.html
I	lRS	1	153	2	/old/wp-admin/
I	lRS	1	56	2	/">http:/www.gtaeronautics.com/</a>
I	lRS	1	198	2	/wp-admin/admin-ajax.php
I	lRS	1	472	2	/">louis
I	lRS	1	120	2	/bsg
I	lRS	1	86	1	/blog/wp-login.php
I	lRS	1	107	1	/eds
I	lRS	1	158	1	/eej
I	lRS	1	125	1	/eew
I	lRS	1	122	1	/elj
I	lRS	1	202	1	/esg
I	lRS	1	146	1	/exj
I	lRS	1	204954	66	[not listed: 12278]
L	*FR	2007	12	11	00	52
L	*LR	2016	07	10	05	46
L	*f	-20S	s
L	RS	2492	70	208.115.113.82
L	RS	1708	67	208.115.113.92
L	RS	210	18	46.119.127.129
L	RS	17	6	66.249.75.224
L	RS	30	6	46.119.112.23
L	RS	6	6	181.30.39.35
L	RS	5	5	45.33.152.214
L	RS	41	5	46.229.164.99
L	RS	217	5	205.203.134.197
L	RS	4	4	87.244.125.55
L	RS	161	4	178.255.215.72
L	RS	34	4	157.55.39.16
L	RS	42	4	68.180.229.239
L	RS	3	3	192.187.101.170
L	RS	16	3	77.75.76.169
L	RS	16	3	77.75.76.171
L	RS	7	3	207.46.13.32
L	RS	13	3	209.126.127.49
L	RS	7	3	66.249.75.208
L	RS	15	3	62.210.97.48
L	RS	280196	171	[not listed: 56555]
K	*FR	2013	12	22	04	20
K	*LR	2016	07	06	16	20
K	*f	-30S	s
K	lRS	1	14819	3	http://www.gtaeronautics.com/
K	lRS	1	193	2	http://gtaeronautics.com/robots.txt
K	lRS	1	372	1	http://gtaeronautics.com/
K	lRS	1	64	1	http://gtaeronautics.com/IndNews.html
K	lRS	1	450	1	http://www.gtaeronautics.com/robots.txt
K	lRS	1	2	1	http://gtaeronautics.com/videos/BANDITO+004+FLT+8+Clip+092508.wmv
K	lRS	1	7318	0	[not listed: 1209]
E	*FR	2008	01	06	10	12
E	*LR	2015	07	14	08	43
E	*f	-30S	s
E	lSR	1	0	178	[not listed: 6]
l	*FR	2008	01	06	10	12
l	*LR	2015	07	14	08	43
l	*f	-20S	s
l	SR	0	178	[not listed: 97]
v	*f	-20B	b
v	Rb	574627	100.000	66.113.131.59
R	*FR	2008	01	06	10	12
R	*LR	2015	07	14	08	43
R	*f	-20R	r
R	R	178	66.113.131.59
M	*FR	2007	12	11	00	52
M	*LR	2016	07	10	05	46
M	*f	-20R	r
M	R	285240	66.113.131.59
J	*FR	2007	12	11	00	53
J	*LR	2007	12	18	17	06
J	*f	-20R	r
J	R	9	gtaeronautics
J	R	5	lorrigkj
J	R	1	rullma2063
J	R	1	administrator
J	R	1	satish
