x	VE	analog 5.24
x	HN	gtaeronautics.com
x	PS	2025	01	23	01	57
x	FR	2007	12	18	17	05
x	LR	2025	01	22	05	59
x	E7	2025	01	23	01	57
x	SR	2484693
x	S7	7700
x	NC	780408
x	C7	0
x	FL	1169551
x	F7	637
x	RR	289
x	R7	0
x	NH	122045
x	H7	467
x	BT	57520368399
x	B7	0
1	Rr	44120	1.776	2025
1	Rr	836367	33.661	2024
1	Rr	511208	20.574	2023
1	Rr	82334	3.314	2022
1	Rr	98917	3.981	2021
1	Rr	89380	3.597	2020
1	Rr	80088	3.223	2019
1	Rr	68927	2.774	2018
1	Rr	60168	2.422	2017
1	Rr	73316	2.951	2016
1	Rr	80796	3.252	2015
1	Rr	110773	4.458	2014
1	Rr	65173	2.623	2013
1	Rr	60742	2.445	2012
1	Rr	57015	2.295	2011
1	Rr	22139	0.891	2010
1	Rr	69710	2.806	2009
1	Rr	71820	2.890	2008
1	Rr	1700	0.068	2007
1	*BT	R	836367	2024
Q	Rr	44120	1.776	2025	1
Q	Rr	202145	8.136	2024	4
Q	Rr	220334	8.868	2024	3
Q	Rr	204456	8.229	2024	2
Q	Rr	209432	8.429	2024	1
Q	Rr	182268	7.336	2023	4
Q	Rr	165939	6.678	2023	3
Q	Rr	135306	5.446	2023	2
Q	Rr	27695	1.115	2023	1
Q	Rr	20307	0.817	2022	4
Q	Rr	20362	0.819	2022	3
Q	Rr	21795	0.877	2022	2
Q	Rr	19870	0.800	2022	1
Q	Rr	21154	0.851	2021	4
Q	Rr	26826	1.080	2021	3
Q	Rr	30675	1.235	2021	2
Q	Rr	20262	0.815	2021	1
Q	Rr	22199	0.893	2020	4
Q	Rr	23882	0.961	2020	3
Q	Rr	21656	0.872	2020	2
Q	Rr	21643	0.871	2020	1
Q	Rr	19098	0.769	2019	4
Q	Rr	19668	0.792	2019	3
Q	Rr	19827	0.798	2019	2
Q	Rr	21495	0.865	2019	1
Q	Rr	18129	0.730	2018	4
Q	Rr	17138	0.690	2018	3
Q	Rr	16928	0.681	2018	2
Q	Rr	16732	0.673	2018	1
Q	Rr	15937	0.641	2017	4
Q	Rr	0	0.000	2017	3
Q	Rr	16831	0.677	2017	2
Q	Rr	27400	1.103	2017	1
Q	Rr	22114	0.890	2016	4
Q	Rr	17621	0.709	2016	3
Q	Rr	15878	0.639	2016	2
Q	Rr	17703	0.712	2016	1
Q	Rr	16575	0.667	2015	4
Q	Rr	22104	0.890	2015	3
Q	Rr	22485	0.905	2015	2
Q	Rr	19632	0.790	2015	1
Q	Rr	21142	0.851	2014	4
Q	Rr	22272	0.896	2014	3
Q	Rr	31453	1.266	2014	2
Q	Rr	35906	1.445	2014	1
Q	Rr	16436	0.661	2013	4
Q	Rr	15216	0.612	2013	3
Q	Rr	16545	0.666	2013	2
Q	Rr	16976	0.683	2013	1
Q	Rr	16578	0.667	2012	4
Q	Rr	12511	0.504	2012	3
Q	Rr	15816	0.637	2012	2
Q	Rr	15837	0.637	2012	1
Q	Rr	15444	0.622	2011	4
Q	Rr	17386	0.700	2011	3
Q	Rr	9395	0.378	2011	2
Q	Rr	14790	0.595	2011	1
Q	Rr	1603	0.065	2010	4
Q	Rr	0	0.000	2010	3
Q	Rr	14047	0.565	2010	2
Q	Rr	6489	0.261	2010	1
Q	Rr	16350	0.658	2009	4
Q	Rr	18220	0.733	2009	3
Q	Rr	17115	0.689	2009	2
Q	Rr	18025	0.725	2009	1
Q	Rr	15905	0.640	2008	4
Q	Rr	15660	0.630	2008	3
Q	Rr	22448	0.903	2008	2
Q	Rr	17807	0.717	2008	1
Q	Rr	1700	0.068	2007	4
Q	*BT	R	220334	2024	3
m	Rr	44120	1.776	2025	01
m	Rr	57890	2.330	2024	12
m	Rr	63975	2.575	2024	11
m	Rr	80280	3.231	2024	10
m	Rr	73644	2.964	2024	09
m	Rr	72041	2.899	2024	08
m	Rr	74649	3.004	2024	07
m	Rr	69378	2.792	2024	06
m	Rr	72365	2.912	2024	05
m	Rr	62713	2.524	2024	04
m	Rr	66782	2.688	2024	03
m	Rr	68592	2.761	2024	02
m	Rr	74058	2.981	2024	01
m	Rr	54270	2.184	2023	12
m	Rr	61278	2.466	2023	11
m	Rr	66720	2.685	2023	10
m	Rr	51132	2.058	2023	09
m	Rr	54561	2.196	2023	08
m	Rr	60246	2.425	2023	07
m	Rr	66204	2.664	2023	06
m	Rr	60120	2.420	2023	05
m	Rr	8982	0.361	2023	04
m	Rr	10848	0.437	2023	03
m	Rr	8360	0.336	2023	02
m	Rr	8487	0.342	2023	01
m	Rr	6950	0.280	2022	12
m	Rr	6349	0.256	2022	11
m	Rr	7008	0.282	2022	10
m	Rr	6740	0.271	2022	09
m	Rr	6863	0.276	2022	08
m	Rr	6759	0.272	2022	07
m	Rr	6567	0.264	2022	06
m	Rr	8427	0.339	2022	05
m	Rr	6801	0.274	2022	04
m	Rr	6380	0.257	2022	03
m	Rr	6175	0.249	2022	02
m	Rr	7315	0.294	2022	01
m	Rr	7667	0.309	2021	12
m	Rr	7097	0.286	2021	11
m	Rr	6390	0.257	2021	10
m	Rr	6059	0.244	2021	09
m	Rr	9092	0.366	2021	08
m	Rr	11675	0.470	2021	07
m	Rr	10152	0.409	2021	06
m	Rr	10231	0.412	2021	05
m	Rr	10292	0.414	2021	04
m	Rr	7948	0.320	2021	03
m	Rr	5800	0.233	2021	02
m	Rr	6514	0.262	2021	01
m	Rr	8069	0.325	2020	12
m	Rr	6579	0.265	2020	11
m	Rr	7551	0.304	2020	10
m	Rr	8028	0.323	2020	09
m	Rr	7741	0.312	2020	08
m	Rr	8113	0.327	2020	07
m	Rr	7317	0.294	2020	06
m	Rr	6898	0.278	2020	05
m	Rr	7441	0.299	2020	04
m	Rr	7524	0.303	2020	03
m	Rr	7322	0.295	2020	02
m	Rr	6797	0.274	2020	01
m	Rr	6573	0.265	2019	12
m	Rr	5917	0.238	2019	11
m	Rr	6608	0.266	2019	10
m	Rr	6791	0.273	2019	09
m	Rr	6597	0.266	2019	08
m	Rr	6280	0.253	2019	07
m	Rr	6317	0.254	2019	06
m	Rr	6847	0.276	2019	05
m	Rr	6663	0.268	2019	04
m	Rr	7059	0.284	2019	03
m	Rr	6374	0.257	2019	02
m	Rr	8062	0.324	2019	01
m	Rr	6957	0.280	2018	12
m	Rr	5422	0.218	2018	11
m	Rr	5750	0.231	2018	10
m	Rr	5458	0.220	2018	09
m	Rr	5735	0.231	2018	08
m	Rr	5945	0.239	2018	07
m	Rr	7110	0.286	2018	06
m	Rr	6440	0.259	2018	05
m	Rr	3378	0.136	2018	04
m	Rr	5789	0.233	2018	03
m	Rr	5369	0.216	2018	02
m	Rr	5574	0.224	2018	01
m	Rr	3906	0.157	2017	12
m	Rr	6533	0.263	2017	11
m	Rr	5498	0.221	2017	10
m	Rr	0	0.000	2017	09
m	Rr	0	0.000	2017	08
m	Rr	0	0.000	2017	07
m	Rr	0	0.000	2017	06
m	Rr	6832	0.275	2017	05
m	Rr	9999	0.402	2017	04
m	Rr	11887	0.478	2017	03
m	Rr	7941	0.320	2017	02
m	Rr	7572	0.305	2017	01
m	Rr	9483	0.382	2016	12
m	Rr	7121	0.287	2016	11
m	Rr	5510	0.222	2016	10
m	Rr	6288	0.253	2016	09
m	Rr	5888	0.237	2016	08
m	Rr	5445	0.219	2016	07
m	Rr	5042	0.203	2016	06
m	Rr	5495	0.221	2016	05
m	Rr	5341	0.215	2016	04
m	Rr	5558	0.224	2016	03
m	Rr	5548	0.223	2016	02
m	Rr	6597	0.266	2016	01
m	Rr	5574	0.224	2015	12
m	Rr	5330	0.215	2015	11
m	Rr	5671	0.228	2015	10
m	Rr	6196	0.249	2015	09
m	Rr	6788	0.273	2015	08
m	Rr	9120	0.367	2015	07
m	Rr	7156	0.288	2015	06
m	Rr	5694	0.229	2015	05
m	Rr	9635	0.388	2015	04
m	Rr	6215	0.250	2015	03
m	Rr	6084	0.245	2015	02
m	Rr	7333	0.295	2015	01
m	Rr	6608	0.266	2014	12
m	Rr	6997	0.282	2014	11
m	Rr	7537	0.303	2014	10
m	Rr	7043	0.283	2014	09
m	Rr	7324	0.295	2014	08
m	Rr	7905	0.318	2014	07
m	Rr	11654	0.469	2014	06
m	Rr	9211	0.371	2014	05
m	Rr	10588	0.426	2014	04
m	Rr	7817	0.315	2014	03
m	Rr	15229	0.613	2014	02
m	Rr	12860	0.518	2014	01
m	Rr	5325	0.214	2013	12
m	Rr	5513	0.222	2013	11
m	Rr	5598	0.225	2013	10
m	Rr	4655	0.187	2013	09
m	Rr	4938	0.199	2013	08
m	Rr	5623	0.226	2013	07
m	Rr	5492	0.221	2013	06
m	Rr	5211	0.210	2013	05
m	Rr	5842	0.235	2013	04
m	Rr	6068	0.244	2013	03
m	Rr	5055	0.203	2013	02
m	Rr	5853	0.236	2013	01
m	Rr	5688	0.229	2012	12
m	Rr	5477	0.220	2012	11
m	Rr	5413	0.218	2012	10
m	Rr	4331	0.174	2012	09
m	Rr	3866	0.156	2012	08
m	Rr	4314	0.174	2012	07
m	Rr	4655	0.187	2012	06
m	Rr	6047	0.243	2012	05
m	Rr	5114	0.206	2012	04
m	Rr	6128	0.247	2012	03
m	Rr	5430	0.219	2012	02
m	Rr	4279	0.172	2012	01
m	Rr	5548	0.223	2011	12
m	Rr	4779	0.192	2011	11
m	Rr	5117	0.206	2011	10
m	Rr	5431	0.219	2011	09
m	Rr	6256	0.252	2011	08
m	Rr	5699	0.229	2011	07
m	Rr	5420	0.218	2011	06
m	Rr	3975	0.160	2011	05
m	Rr	0	0.000	2011	04
m	Rr	3608	0.145	2011	03
m	Rr	5171	0.208	2011	02
m	Rr	6011	0.242	2011	01
m	Rr	1603	0.065	2010	12
m	Rr	0	0.000	2010	11
m	Rr	0	0.000	2010	10
m	Rr	0	0.000	2010	09
m	Rr	0	0.000	2010	08
m	Rr	0	0.000	2010	07
m	Rr	4101	0.165	2010	06
m	Rr	5018	0.202	2010	05
m	Rr	4928	0.198	2010	04
m	Rr	5095	0.205	2010	03
m	Rr	1394	0.056	2010	02
m	Rr	0	0.000	2010	01
m	Rr	4665	0.188	2009	12
m	Rr	6187	0.249	2009	11
m	Rr	5498	0.221	2009	10
m	Rr	5066	0.204	2009	09
m	Rr	5718	0.230	2009	08
m	Rr	7436	0.299	2009	07
m	Rr	5685	0.229	2009	06
m	Rr	6120	0.246	2009	05
m	Rr	5310	0.214	2009	04
m	Rr	5515	0.222	2009	03
m	Rr	6123	0.246	2009	02
m	Rr	6387	0.257	2009	01
m	Rr	5763	0.232	2008	12
m	Rr	5420	0.218	2008	11
m	Rr	4722	0.190	2008	10
m	Rr	5435	0.219	2008	09
m	Rr	4843	0.195	2008	08
m	Rr	5382	0.217	2008	07
m	Rr	6082	0.245	2008	06
m	Rr	9946	0.400	2008	05
m	Rr	6420	0.258	2008	04
m	Rr	5431	0.219	2008	03
m	Rr	6469	0.260	2008	02
m	Rr	5907	0.238	2008	01
m	Rr	1700	0.068	2007	12
m	*BT	R	80280	2024	10
W	Rr	2465	0.099	2025	01	19
W	Rr	17883	0.720	2025	01	12
W	Rr	16789	0.676	2025	01	05
W	Rr	12005	0.483	2024	12	29
W	Rr	11414	0.459	2024	12	22
W	Rr	15924	0.641	2024	12	15
W	Rr	12318	0.496	2024	12	08
W	Rr	13212	0.532	2024	12	01
W	Rr	14492	0.583	2024	11	24
W	Rr	14773	0.595	2024	11	17
W	Rr	15900	0.640	2024	11	10
W	Rr	15042	0.605	2024	11	03
W	Rr	14430	0.581	2024	10	27
W	Rr	20382	0.820	2024	10	20
W	Rr	20310	0.817	2024	10	13
W	Rr	17544	0.706	2024	10	06
W	Rr	16788	0.676	2024	09	29
W	Rr	16014	0.645	2024	09	22
W	Rr	17958	0.723	2024	09	15
W	Rr	18306	0.737	2024	09	08
W	Rr	15960	0.642	2024	09	01
W	Rr	18348	0.738	2024	08	25
W	Rr	15726	0.633	2024	08	18
W	Rr	14490	0.583	2024	08	11
W	Rr	15707	0.632	2024	08	04
W	Rr	17598	0.708	2024	07	28
W	Rr	15120	0.609	2024	07	21
W	Rr	14667	0.590	2024	07	14
W	Rr	18810	0.757	2024	07	07
W	Rr	18384	0.740	2024	06	30
W	Rr	16152	0.650	2024	06	23
W	Rr	16674	0.671	2024	06	16
W	Rr	13122	0.528	2024	06	09
W	Rr	18264	0.735	2024	06	02
W	Rr	17766	0.715	2024	05	26
W	Rr	14970	0.602	2024	05	19
W	Rr	14346	0.577	2024	05	12
W	Rr	17520	0.705	2024	05	05
W	Rr	17624	0.709	2024	04	28
W	Rr	15605	0.628	2024	04	21
W	Rr	14394	0.579	2024	04	14
W	Rr	13500	0.543	2024	04	07
W	Rr	13599	0.547	2024	03	31
W	Rr	16024	0.645	2024	03	24
W	Rr	14040	0.565	2024	03	17
W	Rr	16854	0.678	2024	03	10
W	Rr	15624	0.629	2024	03	03
W	Rr	17778	0.716	2024	02	25
W	Rr	13428	0.540	2024	02	18
W	Rr	16572	0.667	2024	02	11
W	Rr	17070	0.687	2024	02	04
W	Rr	26220	1.055	2024	01	28
W	Rr	14730	0.593	2024	01	21
W	Rr	13098	0.527	2024	01	14
W	Rr	15324	0.617	2024	01	07
W	Rr	12552	0.505	2023	12	31
W	Rr	11406	0.459	2023	12	24
W	Rr	11184	0.450	2023	12	17
W	Rr	13956	0.562	2023	12	10
W	Rr	13644	0.549	2023	12	03
W	Rr	12390	0.499	2023	11	26
W	Rr	11682	0.470	2023	11	19
W	Rr	15756	0.634	2023	11	12
W	Rr	16596	0.668	2023	11	05
W	Rr	16104	0.648	2023	10	29
W	Rr	13980	0.563	2023	10	22
W	Rr	15450	0.622	2023	10	15
W	Rr	14713	0.592	2023	10	08
W	Rr	14285	0.575	2023	10	01
W	Rr	14478	0.583	2023	09	24
W	Rr	11904	0.479	2023	09	17
W	Rr	10968	0.441	2023	09	10
W	Rr	10482	0.422	2023	09	03
W	Rr	10800	0.435	2023	08	27
W	Rr	14568	0.586	2023	08	20
W	Rr	12504	0.503	2023	08	13
W	Rr	12076	0.486	2023	08	06
W	Rr	10997	0.443	2023	07	30
W	Rr	13392	0.539	2023	07	23
W	Rr	13224	0.532	2023	07	16
W	Rr	16128	0.649	2023	07	09
W	Rr	13356	0.538	2023	07	02
W	Rr	12558	0.505	2023	06	25
W	Rr	17082	0.687	2023	06	18
W	Rr	16452	0.662	2023	06	11
W	Rr	15336	0.617	2023	06	04
W	Rr	13482	0.543	2023	05	28
W	Rr	16248	0.654	2023	05	21
W	Rr	15078	0.607	2023	05	14
W	Rr	17181	0.691	2023	05	07
W	Rr	4282	0.172	2023	04	30
W	Rr	2458	0.099	2023	04	23
W	Rr	2269	0.091	2023	04	16
W	Rr	1553	0.063	2023	04	09
W	Rr	2389	0.096	2023	04	02
W	Rr	1701	0.068	2023	03	26
W	Rr	1943	0.078	2023	03	19
W	Rr	2225	0.090	2023	03	12
W	Rr	2192	0.088	2023	03	05
W	Rr	4055	0.163	2023	02	26
W	Rr	2406	0.097	2023	02	19
W	Rr	1898	0.076	2023	02	12
W	Rr	1890	0.076	2023	02	05
W	Rr	1861	0.075	2023	01	29
W	Rr	1686	0.068	2023	01	22
W	Rr	1779	0.072	2023	01	15
W	Rr	1833	0.074	2023	01	08
W	Rr	2226	0.090	2023	01	01
W	Rr	1280	0.052	2022	12	25
W	Rr	1806	0.073	2022	12	18
W	Rr	1773	0.071	2022	12	11
W	Rr	1532	0.062	2022	12	04
W	Rr	1586	0.064	2022	11	27
W	Rr	1093	0.044	2022	11	20
W	Rr	1366	0.055	2022	11	13
W	Rr	1972	0.079	2022	11	06
W	Rr	1396	0.056	2022	10	30
W	Rr	1547	0.062	2022	10	23
W	Rr	1641	0.066	2022	10	16
W	Rr	1747	0.070	2022	10	09
W	Rr	1568	0.063	2022	10	02
W	Rr	1379	0.055	2022	09	25
W	Rr	1695	0.068	2022	09	18
W	Rr	1701	0.068	2022	09	11
W	Rr	1568	0.063	2022	09	04
W	Rr	1562	0.063	2022	08	28
W	Rr	1488	0.060	2022	08	21
W	Rr	1646	0.066	2022	08	14
W	Rr	1430	0.058	2022	08	07
W	Rr	1446	0.058	2022	07	31
W	Rr	1383	0.056	2022	07	24
W	Rr	1661	0.067	2022	07	17
W	Rr	1478	0.059	2022	07	10
W	Rr	1711	0.069	2022	07	03
W	Rr	1804	0.073	2022	06	26
W	Rr	1298	0.052	2022	06	19
W	Rr	1407	0.057	2022	06	12
W	Rr	1396	0.056	2022	06	05
W	Rr	1638	0.066	2022	05	29
W	Rr	1724	0.069	2022	05	22
W	Rr	2427	0.098	2022	05	15
W	Rr	2100	0.085	2022	05	08
W	Rr	1414	0.057	2022	05	01
W	Rr	1865	0.075	2022	04	24
W	Rr	1381	0.056	2022	04	17
W	Rr	1630	0.066	2022	04	10
W	Rr	1670	0.067	2022	04	03
W	Rr	1588	0.064	2022	03	27
W	Rr	1204	0.048	2022	03	20
W	Rr	1350	0.054	2022	03	13
W	Rr	1488	0.060	2022	03	06
W	Rr	1368	0.055	2022	02	27
W	Rr	1481	0.060	2022	02	20
W	Rr	1657	0.067	2022	02	13
W	Rr	1518	0.061	2022	02	06
W	Rr	1787	0.072	2022	01	30
W	Rr	2021	0.081	2022	01	23
W	Rr	1429	0.058	2022	01	16
W	Rr	1693	0.068	2022	01	09
W	Rr	1541	0.062	2022	01	02
W	Rr	1311	0.053	2021	12	26
W	Rr	1839	0.074	2021	12	19
W	Rr	1732	0.070	2021	12	12
W	Rr	2001	0.081	2021	12	05
W	Rr	1641	0.066	2021	11	28
W	Rr	1615	0.065	2021	11	21
W	Rr	1673	0.067	2021	11	14
W	Rr	1625	0.065	2021	11	07
W	Rr	1523	0.061	2021	10	31
W	Rr	1562	0.063	2021	10	24
W	Rr	1474	0.059	2021	10	17
W	Rr	1349	0.054	2021	10	10
W	Rr	1615	0.065	2021	10	03
W	Rr	1598	0.064	2021	09	26
W	Rr	1646	0.066	2021	09	19
W	Rr	1203	0.048	2021	09	12
W	Rr	1106	0.045	2021	09	05
W	Rr	1383	0.056	2021	08	29
W	Rr	1685	0.068	2021	08	22
W	Rr	2071	0.083	2021	08	15
W	Rr	2279	0.092	2021	08	08
W	Rr	2374	0.096	2021	08	01
W	Rr	2543	0.102	2021	07	25
W	Rr	2843	0.114	2021	07	18
W	Rr	2777	0.112	2021	07	11
W	Rr	2756	0.111	2021	07	04
W	Rr	2524	0.102	2021	06	27
W	Rr	2466	0.099	2021	06	20
W	Rr	2262	0.091	2021	06	13
W	Rr	2264	0.091	2021	06	06
W	Rr	2101	0.085	2021	05	30
W	Rr	3009	0.121	2021	05	23
W	Rr	1989	0.080	2021	05	16
W	Rr	2386	0.096	2021	05	09
W	Rr	2138	0.086	2021	05	02
W	Rr	1668	0.067	2021	04	25
W	Rr	2413	0.097	2021	04	18
W	Rr	3035	0.122	2021	04	11
W	Rr	2709	0.109	2021	04	04
W	Rr	1942	0.078	2021	03	28
W	Rr	1666	0.067	2021	03	21
W	Rr	1476	0.059	2021	03	14
W	Rr	1713	0.069	2021	03	07
W	Rr	1777	0.072	2021	02	28
W	Rr	1173	0.047	2021	02	21
W	Rr	1101	0.044	2021	02	14
W	Rr	1699	0.068	2021	02	07
W	Rr	1867	0.075	2021	01	31
W	Rr	1404	0.057	2021	01	24
W	Rr	1564	0.063	2021	01	17
W	Rr	1431	0.058	2021	01	10
W	Rr	1666	0.067	2021	01	03
W	Rr	1926	0.078	2020	12	27
W	Rr	1572	0.063	2020	12	20
W	Rr	1404	0.057	2020	12	13
W	Rr	2272	0.091	2020	12	06
W	Rr	1522	0.061	2020	11	29
W	Rr	1722	0.069	2020	11	22
W	Rr	1580	0.064	2020	11	15
W	Rr	1401	0.056	2020	11	08
W	Rr	1499	0.060	2020	11	01
W	Rr	1470	0.059	2020	10	25
W	Rr	2379	0.096	2020	10	18
W	Rr	1559	0.063	2020	10	11
W	Rr	1729	0.070	2020	10	04
W	Rr	1674	0.067	2020	09	27
W	Rr	1786	0.072	2020	09	20
W	Rr	2200	0.089	2020	09	13
W	Rr	1677	0.067	2020	09	06
W	Rr	1596	0.064	2020	08	30
W	Rr	1833	0.074	2020	08	23
W	Rr	1814	0.073	2020	08	16
W	Rr	2206	0.089	2020	08	09
W	Rr	1397	0.056	2020	08	02
W	Rr	1816	0.073	2020	07	26
W	Rr	1949	0.078	2020	07	19
W	Rr	1532	0.062	2020	07	12
W	Rr	1976	0.080	2020	07	05
W	Rr	1600	0.064	2020	06	28
W	Rr	1627	0.065	2020	06	21
W	Rr	2101	0.085	2020	06	14
W	Rr	1590	0.064	2020	06	07
W	Rr	1492	0.060	2020	05	31
W	Rr	1556	0.063	2020	05	24
W	Rr	1756	0.071	2020	05	17
W	Rr	1568	0.063	2020	05	10
W	Rr	1567	0.063	2020	05	03
W	Rr	1734	0.070	2020	04	26
W	Rr	1675	0.067	2020	04	19
W	Rr	1702	0.068	2020	04	12
W	Rr	1965	0.079	2020	04	05
W	Rr	1329	0.053	2020	03	29
W	Rr	1818	0.073	2020	03	22
W	Rr	1345	0.054	2020	03	15
W	Rr	1581	0.064	2020	03	08
W	Rr	2014	0.081	2020	03	01
W	Rr	1942	0.078	2020	02	23
W	Rr	1748	0.070	2020	02	16
W	Rr	1949	0.078	2020	02	09
W	Rr	1683	0.068	2020	02	02
W	Rr	1436	0.058	2020	01	26
W	Rr	1792	0.072	2020	01	19
W	Rr	1519	0.061	2020	01	12
W	Rr	1420	0.057	2020	01	05
W	Rr	1109	0.045	2019	12	29
W	Rr	1023	0.041	2019	12	22
W	Rr	1584	0.064	2019	12	15
W	Rr	1783	0.072	2019	12	08
W	Rr	1704	0.069	2019	12	01
W	Rr	1178	0.047	2019	11	24
W	Rr	1697	0.068	2019	11	17
W	Rr	1510	0.061	2019	11	10
W	Rr	1383	0.056	2019	11	03
W	Rr	1309	0.053	2019	10	27
W	Rr	1473	0.059	2019	10	20
W	Rr	1519	0.061	2019	10	13
W	Rr	1485	0.060	2019	10	06
W	Rr	1416	0.057	2019	09	29
W	Rr	1499	0.060	2019	09	22
W	Rr	1652	0.066	2019	09	15
W	Rr	1710	0.069	2019	09	08
W	Rr	1485	0.060	2019	09	01
W	Rr	1689	0.068	2019	08	25
W	Rr	1315	0.053	2019	08	18
W	Rr	1619	0.065	2019	08	11
W	Rr	1558	0.063	2019	08	04
W	Rr	1360	0.055	2019	07	28
W	Rr	1191	0.048	2019	07	21
W	Rr	1730	0.070	2019	07	14
W	Rr	1299	0.052	2019	07	07
W	Rr	1339	0.054	2019	06	30
W	Rr	1592	0.064	2019	06	23
W	Rr	1497	0.060	2019	06	16
W	Rr	1450	0.058	2019	06	09
W	Rr	1555	0.063	2019	06	02
W	Rr	1289	0.052	2019	05	26
W	Rr	1863	0.075	2019	05	19
W	Rr	1385	0.056	2019	05	12
W	Rr	1553	0.063	2019	05	05
W	Rr	1655	0.067	2019	04	28
W	Rr	1282	0.052	2019	04	21
W	Rr	1503	0.060	2019	04	14
W	Rr	1623	0.065	2019	04	07
W	Rr	1715	0.069	2019	03	31
W	Rr	1882	0.076	2019	03	24
W	Rr	1464	0.059	2019	03	17
W	Rr	1381	0.056	2019	03	10
W	Rr	1627	0.065	2019	03	03
W	Rr	1773	0.071	2019	02	24
W	Rr	1669	0.067	2019	02	17
W	Rr	1483	0.060	2019	02	10
W	Rr	1391	0.056	2019	02	03
W	Rr	1797	0.072	2019	01	27
W	Rr	1963	0.079	2019	01	20
W	Rr	2029	0.082	2019	01	13
W	Rr	1696	0.068	2019	01	06
W	Rr	1526	0.061	2018	12	30
W	Rr	1226	0.049	2018	12	23
W	Rr	1442	0.058	2018	12	16
W	Rr	1936	0.078	2018	12	09
W	Rr	1809	0.073	2018	12	02
W	Rr	1295	0.052	2018	11	25
W	Rr	1820	0.073	2018	11	18
W	Rr	1802	0.073	2018	11	11
W	Rr	0	0.000	2018	11	04
W	Rr	1473	0.059	2018	10	28
W	Rr	1106	0.045	2018	10	21
W	Rr	1427	0.057	2018	10	14
W	Rr	1214	0.049	2018	10	07
W	Rr	1168	0.047	2018	09	30
W	Rr	1420	0.057	2018	09	23
W	Rr	1197	0.048	2018	09	16
W	Rr	1388	0.056	2018	09	09
W	Rr	1320	0.053	2018	09	02
W	Rr	1246	0.050	2018	08	26
W	Rr	1214	0.049	2018	08	19
W	Rr	1366	0.055	2018	08	12
W	Rr	1195	0.048	2018	08	05
W	Rr	1346	0.054	2018	07	29
W	Rr	1374	0.055	2018	07	22
W	Rr	1508	0.061	2018	07	15
W	Rr	1522	0.061	2018	07	08
W	Rr	909	0.037	2018	07	01
W	Rr	1444	0.058	2018	06	24
W	Rr	2682	0.108	2018	06	17
W	Rr	1365	0.055	2018	06	10
W	Rr	1329	0.053	2018	06	03
W	Rr	1275	0.051	2018	05	27
W	Rr	1392	0.056	2018	05	20
W	Rr	1321	0.053	2018	05	13
W	Rr	1527	0.061	2018	05	06
W	Rr	1517	0.061	2018	04	29
W	Rr	0	0.000	2018	04	22
W	Rr	1364	0.055	2018	04	15
W	Rr	1712	0.069	2018	04	08
W	Rr	0	0.000	2018	04	01
W	Rr	1543	0.062	2018	03	25
W	Rr	1342	0.054	2018	03	18
W	Rr	2429	0.098	2018	03	11
W	Rr	0	0.000	2018	03	04
W	Rr	1366	0.055	2018	02	25
W	Rr	1308	0.053	2018	02	18
W	Rr	1439	0.058	2018	02	11
W	Rr	1731	0.070	2018	02	04
W	Rr	0	0.000	2018	01	28
W	Rr	1434	0.058	2018	01	21
W	Rr	1578	0.064	2018	01	14
W	Rr	1471	0.059	2018	01	07
W	Rr	1246	0.050	2017	12	31
W	Rr	1033	0.042	2017	12	24
W	Rr	1103	0.044	2017	12	17
W	Rr	1406	0.057	2017	12	10
W	Rr	0	0.000	2017	12	03
W	Rr	1335	0.054	2017	11	26
W	Rr	1427	0.057	2017	11	19
W	Rr	1662	0.067	2017	11	12
W	Rr	1414	0.057	2017	11	05
W	Rr	1349	0.054	2017	10	29
W	Rr	1208	0.049	2017	10	22
W	Rr	2013	0.081	2017	10	15
W	Rr	1832	0.074	2017	10	08
W	Rr	0	0.000	2017	10	01
W	Rr	0	0.000	2017	09	24
W	Rr	0	0.000	2017	09	17
W	Rr	0	0.000	2017	09	10
W	Rr	0	0.000	2017	09	03
W	Rr	0	0.000	2017	08	27
W	Rr	0	0.000	2017	08	20
W	Rr	0	0.000	2017	08	13
W	Rr	0	0.000	2017	08	06
W	Rr	0	0.000	2017	07	30
W	Rr	0	0.000	2017	07	23
W	Rr	0	0.000	2017	07	16
W	Rr	0	0.000	2017	07	09
W	Rr	0	0.000	2017	07	02
W	Rr	0	0.000	2017	06	25
W	Rr	0	0.000	2017	06	18
W	Rr	0	0.000	2017	06	11
W	Rr	0	0.000	2017	06	04
W	Rr	25	0.001	2017	05	28
W	Rr	1838	0.074	2017	05	21
W	Rr	1915	0.077	2017	05	14
W	Rr	1676	0.067	2017	05	07
W	Rr	1677	0.067	2017	04	30
W	Rr	2071	0.083	2017	04	23
W	Rr	1978	0.080	2017	04	16
W	Rr	1874	0.075	2017	04	09
W	Rr	3435	0.138	2017	04	02
W	Rr	2619	0.105	2017	03	26
W	Rr	2633	0.106	2017	03	19
W	Rr	2413	0.097	2017	03	12
W	Rr	3092	0.124	2017	03	05
W	Rr	2295	0.092	2017	02	26
W	Rr	2204	0.089	2017	02	19
W	Rr	1869	0.075	2017	02	12
W	Rr	1973	0.079	2017	02	05
W	Rr	1783	0.072	2017	01	29
W	Rr	1768	0.071	2017	01	22
W	Rr	1585	0.064	2017	01	15
W	Rr	1768	0.071	2017	01	08
W	Rr	1740	0.070	2017	01	01
W	Rr	1549	0.062	2016	12	25
W	Rr	2202	0.089	2016	12	18
W	Rr	1812	0.073	2016	12	11
W	Rr	2648	0.107	2016	12	04
W	Rr	2236	0.090	2016	11	27
W	Rr	1321	0.053	2016	11	20
W	Rr	1996	0.080	2016	11	13
W	Rr	1716	0.069	2016	11	06
W	Rr	1564	0.063	2016	10	30
W	Rr	1362	0.055	2016	10	23
W	Rr	1707	0.069	2016	10	16
W	Rr	1696	0.068	2016	10	09
W	Rr	36	0.001	2016	10	02
W	Rr	2002	0.081	2016	09	25
W	Rr	1399	0.056	2016	09	18
W	Rr	1199	0.048	2016	09	11
W	Rr	1326	0.053	2016	09	04
W	Rr	1316	0.053	2016	08	28
W	Rr	1257	0.051	2016	08	21
W	Rr	1208	0.049	2016	08	14
W	Rr	1602	0.064	2016	08	07
W	Rr	1319	0.053	2016	07	31
W	Rr	1796	0.072	2016	07	24
W	Rr	1171	0.047	2016	07	17
W	Rr	1167	0.047	2016	07	10
W	Rr	917	0.037	2016	07	03
W	Rr	920	0.037	2016	06	26
W	Rr	1179	0.047	2016	06	19
W	Rr	1288	0.052	2016	06	12
W	Rr	1237	0.050	2016	06	05
W	Rr	1263	0.051	2016	05	29
W	Rr	1338	0.054	2016	05	22
W	Rr	1184	0.048	2016	05	15
W	Rr	1365	0.055	2016	05	08
W	Rr	974	0.039	2016	05	01
W	Rr	1311	0.053	2016	04	24
W	Rr	1127	0.045	2016	04	17
W	Rr	1248	0.050	2016	04	10
W	Rr	1451	0.058	2016	04	03
W	Rr	987	0.040	2016	03	27
W	Rr	1233	0.050	2016	03	20
W	Rr	1347	0.054	2016	03	13
W	Rr	1347	0.054	2016	03	06
W	Rr	1236	0.050	2016	02	28
W	Rr	1422	0.057	2016	02	21
W	Rr	1085	0.044	2016	02	14
W	Rr	1427	0.057	2016	02	07
W	Rr	1359	0.055	2016	01	31
W	Rr	1708	0.069	2016	01	24
W	Rr	1476	0.059	2016	01	17
W	Rr	1563	0.063	2016	01	10
W	Rr	1381	0.056	2016	01	03
W	Rr	1273	0.051	2015	12	27
W	Rr	1084	0.044	2015	12	20
W	Rr	1344	0.054	2015	12	13
W	Rr	1336	0.054	2015	12	06
W	Rr	1123	0.045	2015	11	29
W	Rr	960	0.039	2015	11	22
W	Rr	1337	0.054	2015	11	15
W	Rr	1400	0.056	2015	11	08
W	Rr	1383	0.056	2015	11	01
W	Rr	1250	0.050	2015	10	25
W	Rr	1366	0.055	2015	10	18
W	Rr	1367	0.055	2015	10	11
W	Rr	1214	0.049	2015	10	04
W	Rr	1152	0.046	2015	09	27
W	Rr	1387	0.056	2015	09	20
W	Rr	1655	0.067	2015	09	13
W	Rr	1526	0.061	2015	09	06
W	Rr	1242	0.050	2015	08	30
W	Rr	1800	0.072	2015	08	23
W	Rr	1527	0.061	2015	08	16
W	Rr	1386	0.056	2015	08	09
W	Rr	1593	0.064	2015	08	02
W	Rr	1567	0.063	2015	07	26
W	Rr	1980	0.080	2015	07	19
W	Rr	2180	0.088	2015	07	12
W	Rr	2008	0.081	2015	07	05
W	Rr	2297	0.092	2015	06	28
W	Rr	1556	0.063	2015	06	21
W	Rr	1380	0.056	2015	06	14
W	Rr	2013	0.081	2015	06	07
W	Rr	1651	0.066	2015	05	31
W	Rr	1224	0.049	2015	05	24
W	Rr	1355	0.055	2015	05	17
W	Rr	1179	0.047	2015	05	10
W	Rr	1436	0.058	2015	05	03
W	Rr	1671	0.067	2015	04	26
W	Rr	1878	0.076	2015	04	19
W	Rr	2326	0.094	2015	04	12
W	Rr	2636	0.106	2015	04	05
W	Rr	2297	0.092	2015	03	29
W	Rr	1237	0.050	2015	03	22
W	Rr	1453	0.058	2015	03	15
W	Rr	1399	0.056	2015	03	08
W	Rr	1287	0.052	2015	03	01
W	Rr	1249	0.050	2015	02	22
W	Rr	1373	0.055	2015	02	15
W	Rr	1790	0.072	2015	02	08
W	Rr	1672	0.067	2015	02	01
W	Rr	1543	0.062	2015	01	25
W	Rr	1463	0.059	2015	01	18
W	Rr	1696	0.068	2015	01	11
W	Rr	1707	0.069	2015	01	04
W	Rr	1833	0.074	2014	12	28
W	Rr	1335	0.054	2014	12	21
W	Rr	1644	0.066	2014	12	14
W	Rr	1541	0.062	2014	12	07
W	Rr	1335	0.054	2014	11	30
W	Rr	1262	0.051	2014	11	23
W	Rr	2009	0.081	2014	11	16
W	Rr	1566	0.063	2014	11	09
W	Rr	1814	0.073	2014	11	02
W	Rr	1452	0.058	2014	10	26
W	Rr	1642	0.066	2014	10	19
W	Rr	1795	0.072	2014	10	12
W	Rr	1836	0.074	2014	10	05
W	Rr	1662	0.067	2014	09	28
W	Rr	1843	0.074	2014	09	21
W	Rr	1678	0.068	2014	09	14
W	Rr	1598	0.064	2014	09	07
W	Rr	1418	0.057	2014	08	31
W	Rr	1584	0.064	2014	08	24
W	Rr	1571	0.063	2014	08	17
W	Rr	1727	0.070	2014	08	10
W	Rr	1927	0.078	2014	08	03
W	Rr	1691	0.068	2014	07	27
W	Rr	1702	0.068	2014	07	20
W	Rr	1624	0.065	2014	07	13
W	Rr	1831	0.074	2014	07	06
W	Rr	1867	0.075	2014	06	29
W	Rr	1927	0.078	2014	06	22
W	Rr	2134	0.086	2014	06	15
W	Rr	4851	0.195	2014	06	08
W	Rr	2293	0.092	2014	06	01
W	Rr	3180	0.128	2014	05	25
W	Rr	1468	0.059	2014	05	18
W	Rr	1808	0.073	2014	05	11
W	Rr	1998	0.080	2014	05	04
W	Rr	1876	0.076	2014	04	27
W	Rr	2330	0.094	2014	04	20
W	Rr	2565	0.103	2014	04	13
W	Rr	2652	0.107	2014	04	06
W	Rr	2574	0.104	2014	03	30
W	Rr	1186	0.048	2014	03	23
W	Rr	1305	0.053	2014	03	16
W	Rr	2273	0.091	2014	03	09
W	Rr	2231	0.090	2014	03	02
W	Rr	1925	0.077	2014	02	23
W	Rr	7060	0.284	2014	02	16
W	Rr	2854	0.115	2014	02	09
W	Rr	3190	0.128	2014	02	02
W	Rr	3743	0.151	2014	01	26
W	Rr	3643	0.147	2014	01	19
W	Rr	2961	0.119	2014	01	12
W	Rr	2319	0.093	2014	01	05
W	Rr	981	0.039	2013	12	29
W	Rr	1108	0.045	2013	12	22
W	Rr	1226	0.049	2013	12	15
W	Rr	1285	0.052	2013	12	08
W	Rr	1289	0.052	2013	12	01
W	Rr	1404	0.057	2013	11	24
W	Rr	1142	0.046	2013	11	17
W	Rr	1334	0.054	2013	11	10
W	Rr	1277	0.051	2013	11	03
W	Rr	1035	0.042	2013	10	27
W	Rr	1309	0.053	2013	10	20
W	Rr	1302	0.052	2013	10	13
W	Rr	1432	0.058	2013	10	06
W	Rr	1178	0.047	2013	09	29
W	Rr	947	0.038	2013	09	22
W	Rr	1254	0.050	2013	09	15
W	Rr	1099	0.044	2013	09	08
W	Rr	1053	0.042	2013	09	01
W	Rr	1010	0.041	2013	08	25
W	Rr	1102	0.044	2013	08	18
W	Rr	1063	0.043	2013	08	11
W	Rr	1105	0.044	2013	08	04
W	Rr	1377	0.055	2013	07	28
W	Rr	1498	0.060	2013	07	21
W	Rr	1295	0.052	2013	07	14
W	Rr	1237	0.050	2013	07	07
W	Rr	1003	0.040	2013	06	30
W	Rr	1275	0.051	2013	06	23
W	Rr	1072	0.043	2013	06	16
W	Rr	1249	0.050	2013	06	09
W	Rr	1521	0.061	2013	06	02
W	Rr	1256	0.051	2013	05	26
W	Rr	1091	0.044	2013	05	19
W	Rr	1359	0.055	2013	05	12
W	Rr	1130	0.045	2013	05	05
W	Rr	1215	0.049	2013	04	28
W	Rr	1368	0.055	2013	04	21
W	Rr	1318	0.053	2013	04	14
W	Rr	1408	0.057	2013	04	07
W	Rr	1277	0.051	2013	03	31
W	Rr	1452	0.058	2013	03	24
W	Rr	1418	0.057	2013	03	17
W	Rr	1217	0.049	2013	03	10
W	Rr	1490	0.060	2013	03	03
W	Rr	1353	0.054	2013	02	24
W	Rr	1268	0.051	2013	02	17
W	Rr	1274	0.051	2013	02	10
W	Rr	1153	0.046	2013	02	03
W	Rr	1266	0.051	2013	01	27
W	Rr	1271	0.051	2013	01	20
W	Rr	1449	0.058	2013	01	13
W	Rr	1253	0.050	2013	01	06
W	Rr	1309	0.053	2012	12	30
W	Rr	1156	0.047	2012	12	23
W	Rr	1336	0.054	2012	12	16
W	Rr	1575	0.063	2012	12	09
W	Rr	1087	0.044	2012	12	02
W	Rr	1376	0.055	2012	11	25
W	Rr	1136	0.046	2012	11	18
W	Rr	1341	0.054	2012	11	11
W	Rr	1418	0.057	2012	11	04
W	Rr	1103	0.044	2012	10	28
W	Rr	1200	0.048	2012	10	21
W	Rr	1382	0.056	2012	10	14
W	Rr	1127	0.045	2012	10	07
W	Rr	1187	0.048	2012	09	30
W	Rr	1172	0.047	2012	09	23
W	Rr	1034	0.042	2012	09	16
W	Rr	944	0.038	2012	09	09
W	Rr	958	0.039	2012	09	02
W	Rr	734	0.030	2012	08	26
W	Rr	881	0.035	2012	08	19
W	Rr	874	0.035	2012	08	12
W	Rr	973	0.039	2012	08	05
W	Rr	1010	0.041	2012	07	29
W	Rr	943	0.038	2012	07	22
W	Rr	1089	0.044	2012	07	15
W	Rr	888	0.036	2012	07	08
W	Rr	845	0.034	2012	07	01
W	Rr	1070	0.043	2012	06	24
W	Rr	1050	0.042	2012	06	17
W	Rr	1271	0.051	2012	06	10
W	Rr	957	0.039	2012	06	03
W	Rr	1249	0.050	2012	05	27
W	Rr	1055	0.042	2012	05	20
W	Rr	1392	0.056	2012	05	13
W	Rr	1140	0.046	2012	05	06
W	Rr	1807	0.073	2012	04	29
W	Rr	1225	0.049	2012	04	22
W	Rr	1264	0.051	2012	04	15
W	Rr	1075	0.043	2012	04	08
W	Rr	1261	0.051	2012	04	01
W	Rr	1345	0.054	2012	03	25
W	Rr	1254	0.050	2012	03	18
W	Rr	1478	0.059	2012	03	11
W	Rr	1503	0.060	2012	03	04
W	Rr	1532	0.062	2012	02	26
W	Rr	1464	0.059	2012	02	19
W	Rr	1154	0.046	2012	02	12
W	Rr	1240	0.050	2012	02	05
W	Rr	1088	0.044	2012	01	29
W	Rr	1125	0.045	2012	01	22
W	Rr	60	0.002	2012	01	15
W	Rr	1472	0.059	2012	01	08
W	Rr	1122	0.045	2012	01	01
W	Rr	888	0.036	2011	12	25
W	Rr	1360	0.055	2011	12	18
W	Rr	1486	0.060	2011	12	11
W	Rr	1330	0.054	2011	12	04
W	Rr	1094	0.044	2011	11	27
W	Rr	1062	0.043	2011	11	20
W	Rr	1123	0.045	2011	11	13
W	Rr	975	0.039	2011	11	06
W	Rr	1264	0.051	2011	10	30
W	Rr	1140	0.046	2011	10	23
W	Rr	1211	0.049	2011	10	16
W	Rr	1236	0.050	2011	10	09
W	Rr	1128	0.045	2011	10	02
W	Rr	1083	0.044	2011	09	25
W	Rr	1451	0.058	2011	09	18
W	Rr	1278	0.051	2011	09	11
W	Rr	1219	0.049	2011	09	04
W	Rr	1316	0.053	2011	08	28
W	Rr	1119	0.045	2011	08	21
W	Rr	1484	0.060	2011	08	14
W	Rr	1671	0.067	2011	08	07
W	Rr	1319	0.053	2011	07	31
W	Rr	1197	0.048	2011	07	24
W	Rr	1504	0.061	2011	07	17
W	Rr	1367	0.055	2011	07	10
W	Rr	1205	0.048	2011	07	03
W	Rr	1333	0.054	2011	06	26
W	Rr	1059	0.043	2011	06	19
W	Rr	1353	0.054	2011	06	12
W	Rr	1275	0.051	2011	06	05
W	Rr	983	0.040	2011	05	29
W	Rr	1262	0.051	2011	05	22
W	Rr	1374	0.055	2011	05	15
W	Rr	1076	0.043	2011	05	08
W	Rr	0	0.000	2011	05	01
W	Rr	0	0.000	2011	04	24
W	Rr	0	0.000	2011	04	17
W	Rr	0	0.000	2011	04	10
W	Rr	0	0.000	2011	04	03
W	Rr	0	0.000	2011	03	27
W	Rr	24	0.001	2011	03	20
W	Rr	1317	0.053	2011	03	13
W	Rr	1258	0.051	2011	03	06
W	Rr	1372	0.055	2011	02	27
W	Rr	1226	0.049	2011	02	20
W	Rr	1524	0.061	2011	02	13
W	Rr	1366	0.055	2011	02	06
W	Rr	958	0.039	2011	01	30
W	Rr	1273	0.051	2011	01	23
W	Rr	1560	0.063	2011	01	16
W	Rr	1472	0.059	2011	01	09
W	Rr	1310	0.053	2011	01	02
W	Rr	798	0.032	2010	12	26
W	Rr	935	0.038	2010	12	19
W	Rr	0	0.000	2010	12	12
W	Rr	0	0.000	2010	12	05
W	Rr	0	0.000	2010	11	28
W	Rr	0	0.000	2010	11	21
W	Rr	0	0.000	2010	11	14
W	Rr	0	0.000	2010	11	07
W	Rr	0	0.000	2010	10	31
W	Rr	0	0.000	2010	10	24
W	Rr	0	0.000	2010	10	17
W	Rr	0	0.000	2010	10	10
W	Rr	0	0.000	2010	10	03
W	Rr	0	0.000	2010	09	26
W	Rr	0	0.000	2010	09	19
W	Rr	0	0.000	2010	09	12
W	Rr	0	0.000	2010	09	05
W	Rr	0	0.000	2010	08	29
W	Rr	0	0.000	2010	08	22
W	Rr	0	0.000	2010	08	15
W	Rr	0	0.000	2010	08	08
W	Rr	0	0.000	2010	08	01
W	Rr	0	0.000	2010	07	25
W	Rr	0	0.000	2010	07	18
W	Rr	0	0.000	2010	07	11
W	Rr	0	0.000	2010	07	04
W	Rr	15	0.001	2010	06	27
W	Rr	914	0.037	2010	06	20
W	Rr	1104	0.044	2010	06	13
W	Rr	1096	0.044	2010	06	06
W	Rr	1171	0.047	2010	05	30
W	Rr	1115	0.045	2010	05	23
W	Rr	1170	0.047	2010	05	16
W	Rr	1334	0.054	2010	05	09
W	Rr	1109	0.045	2010	05	02
W	Rr	1067	0.043	2010	04	25
W	Rr	1212	0.049	2010	04	18
W	Rr	1054	0.042	2010	04	11
W	Rr	1325	0.053	2010	04	04
W	Rr	811	0.033	2010	03	28
W	Rr	1195	0.048	2010	03	21
W	Rr	1338	0.054	2010	03	14
W	Rr	1113	0.045	2010	03	07
W	Rr	1103	0.044	2010	02	28
W	Rr	1290	0.052	2010	02	21
W	Rr	0	0.000	2010	02	14
W	Rr	0	0.000	2010	02	07
W	Rr	0	0.000	2010	01	31
W	Rr	0	0.000	2010	01	24
W	Rr	0	0.000	2010	01	17
W	Rr	0	0.000	2010	01	10
W	Rr	0	0.000	2010	01	03
W	Rr	78	0.003	2009	12	27
W	Rr	945	0.038	2009	12	20
W	Rr	1140	0.046	2009	12	13
W	Rr	1323	0.053	2009	12	06
W	Rr	1518	0.061	2009	11	29
W	Rr	1352	0.054	2009	11	22
W	Rr	1346	0.054	2009	11	15
W	Rr	1416	0.057	2009	11	08
W	Rr	1734	0.070	2009	11	01
W	Rr	1035	0.042	2009	10	25
W	Rr	1297	0.052	2009	10	18
W	Rr	1267	0.051	2009	10	11
W	Rr	1440	0.058	2009	10	04
W	Rr	1521	0.061	2009	09	27
W	Rr	1121	0.045	2009	09	20
W	Rr	875	0.035	2009	09	13
W	Rr	1032	0.042	2009	09	06
W	Rr	1283	0.052	2009	08	30
W	Rr	1214	0.049	2009	08	23
W	Rr	1402	0.056	2009	08	16
W	Rr	1260	0.051	2009	08	09
W	Rr	1404	0.057	2009	08	02
W	Rr	1380	0.056	2009	07	26
W	Rr	1470	0.059	2009	07	19
W	Rr	1750	0.070	2009	07	12
W	Rr	1847	0.074	2009	07	05
W	Rr	1889	0.076	2009	06	28
W	Rr	1312	0.053	2009	06	21
W	Rr	1093	0.044	2009	06	14
W	Rr	1363	0.055	2009	06	07
W	Rr	1251	0.050	2009	05	31
W	Rr	1352	0.054	2009	05	24
W	Rr	1133	0.046	2009	05	17
W	Rr	1887	0.076	2009	05	10
W	Rr	1369	0.055	2009	05	03
W	Rr	1089	0.044	2009	04	26
W	Rr	1160	0.047	2009	04	19
W	Rr	1189	0.048	2009	04	12
W	Rr	1529	0.062	2009	04	05
W	Rr	1155	0.046	2009	03	29
W	Rr	1230	0.050	2009	03	22
W	Rr	1029	0.041	2009	03	15
W	Rr	1234	0.050	2009	03	08
W	Rr	1486	0.060	2009	03	01
W	Rr	1470	0.059	2009	02	22
W	Rr	1198	0.048	2009	02	15
W	Rr	1802	0.073	2009	02	08
W	Rr	1653	0.067	2009	02	01
W	Rr	1346	0.054	2009	01	25
W	Rr	1431	0.058	2009	01	18
W	Rr	1678	0.068	2009	01	11
W	Rr	1591	0.064	2009	01	04
W	Rr	886	0.036	2008	12	28
W	Rr	1148	0.046	2008	12	21
W	Rr	1428	0.057	2008	12	14
W	Rr	1508	0.061	2008	12	07
W	Rr	1194	0.048	2008	11	30
W	Rr	1070	0.043	2008	11	23
W	Rr	1396	0.056	2008	11	16
W	Rr	1255	0.051	2008	11	09
W	Rr	1314	0.053	2008	11	02
W	Rr	1397	0.056	2008	10	26
W	Rr	1638	0.066	2008	10	19
W	Rr	1298	0.052	2008	10	12
W	Rr	430	0.017	2008	10	05
W	Rr	723	0.029	2008	09	28
W	Rr	1308	0.053	2008	09	21
W	Rr	1242	0.050	2008	09	14
W	Rr	1409	0.057	2008	09	07
W	Rr	1142	0.046	2008	08	31
W	Rr	1022	0.041	2008	08	24
W	Rr	1062	0.043	2008	08	17
W	Rr	1188	0.048	2008	08	10
W	Rr	1232	0.050	2008	08	03
W	Rr	1050	0.042	2008	07	27
W	Rr	1272	0.051	2008	07	20
W	Rr	1305	0.053	2008	07	13
W	Rr	1093	0.044	2008	07	06
W	Rr	1182	0.048	2008	06	29
W	Rr	1937	0.078	2008	06	22
W	Rr	1493	0.060	2008	06	15
W	Rr	1083	0.044	2008	06	08
W	Rr	1283	0.052	2008	06	01
W	Rr	1432	0.058	2008	05	25
W	Rr	1726	0.069	2008	05	18
W	Rr	1580	0.064	2008	05	11
W	Rr	2661	0.107	2008	05	04
W	Rr	3648	0.147	2008	04	27
W	Rr	1400	0.056	2008	04	20
W	Rr	1365	0.055	2008	04	13
W	Rr	1213	0.049	2008	04	06
W	Rr	1670	0.067	2008	03	30
W	Rr	1211	0.049	2008	03	23
W	Rr	1144	0.046	2008	03	16
W	Rr	1301	0.052	2008	03	09
W	Rr	1292	0.052	2008	03	02
W	Rr	1427	0.057	2008	02	24
W	Rr	2207	0.089	2008	02	17
W	Rr	1124	0.045	2008	02	10
W	Rr	1561	0.063	2008	02	03
W	Rr	1533	0.062	2008	01	27
W	Rr	1389	0.056	2008	01	20
W	Rr	1133	0.046	2008	01	13
W	Rr	1404	0.057	2008	01	06
W	Rr	976	0.039	2007	12	30
W	Rr	801	0.032	2007	12	23
W	Rr	675	0.027	2007	12	16
W	*BT	R	26220	2024	01	28
D	Rr	93	0.004	2025	01	22
D	Rr	493	0.020	2025	01	21
D	Rr	631	0.025	2025	01	20
D	Rr	1248	0.050	2025	01	19
D	Rr	1216	0.049	2025	01	18
D	Rr	2273	0.091	2025	01	17
D	Rr	1776	0.071	2025	01	16
D	Rr	2844	0.114	2025	01	15
D	Rr	4032	0.162	2025	01	14
D	Rr	2376	0.096	2025	01	13
D	Rr	3366	0.135	2025	01	12
D	Rr	2172	0.087	2025	01	11
D	Rr	2172	0.087	2025	01	10
D	Rr	2335	0.094	2025	01	09
D	Rr	2155	0.087	2025	01	08
D	Rr	1990	0.080	2025	01	07
D	Rr	3125	0.126	2025	01	06
D	Rr	2840	0.114	2025	01	05
D	Rr	2120	0.085	2025	01	04
D	Rr	1365	0.055	2025	01	03
D	Rr	2082	0.084	2025	01	02
D	Rr	1416	0.057	2025	01	01
D	Rr	1632	0.066	2024	12	31
D	Rr	1404	0.057	2024	12	30
D	Rr	1986	0.080	2024	12	29
D	Rr	1221	0.049	2024	12	28
D	Rr	2630	0.106	2024	12	27
D	Rr	1865	0.075	2024	12	26
D	Rr	910	0.037	2024	12	25
D	Rr	1760	0.071	2024	12	24
D	Rr	1635	0.066	2024	12	23
D	Rr	1393	0.056	2024	12	22
D	Rr	1356	0.055	2024	12	21
D	Rr	1986	0.080	2024	12	20
D	Rr	1794	0.072	2024	12	19
D	Rr	3594	0.145	2024	12	18
D	Rr	2076	0.084	2024	12	17
D	Rr	2772	0.112	2024	12	16
D	Rr	2346	0.094	2024	12	15
D	Rr	858	0.035	2024	12	14
D	Rr	2892	0.116	2024	12	13
D	Rr	1686	0.068	2024	12	12
D	*BT	R	9912	2024	01	29
d	Rr	298914	12.030	Sun
d	Rr	403179	16.227	Mon
d	Rr	398658	16.045	Tue
d	Rr	396583	15.961	Wed
d	Rr	383569	15.437	Thu
d	Rr	363573	14.633	Fri
d	Rr	240217	9.668	Sat
H	Rr	16	0.001	2025	01	22	05
H	Rr	5	0.000	2025	01	22	04
H	Rr	33	0.001	2025	01	22	03
H	Rr	11	0.000	2025	01	22	02
H	Rr	0	0.000	2025	01	22	01
H	Rr	28	0.001	2025	01	22	00
H	Rr	9	0.000	2025	01	21	23
H	Rr	37	0.001	2025	01	21	22
H	Rr	3	0.000	2025	01	21	21
H	Rr	35	0.001	2025	01	21	20
H	Rr	36	0.001	2025	01	21	19
H	Rr	2	0.000	2025	01	21	18
H	Rr	20	0.001	2025	01	21	17
H	Rr	67	0.003	2025	01	21	16
H	Rr	35	0.001	2025	01	21	15
H	Rr	5	0.000	2025	01	21	14
H	Rr	3	0.000	2025	01	21	13
H	Rr	18	0.001	2025	01	21	12
H	Rr	0	0.000	2025	01	21	11
H	Rr	6	0.000	2025	01	21	10
H	Rr	6	0.000	2025	01	21	09
H	Rr	5	0.000	2025	01	21	08
H	Rr	9	0.000	2025	01	21	07
H	Rr	1	0.000	2025	01	21	06
H	Rr	40	0.002	2025	01	21	05
H	Rr	4	0.000	2025	01	21	04
H	Rr	124	0.005	2025	01	21	03
H	Rr	2	0.000	2025	01	21	02
H	Rr	8	0.000	2025	01	21	01
H	Rr	18	0.001	2025	01	21	00
H	Rr	24	0.001	2025	01	20	23
H	Rr	256	0.010	2025	01	20	22
H	Rr	12	0.000	2025	01	20	21
H	Rr	32	0.001	2025	01	20	20
H	Rr	6	0.000	2025	01	20	19
H	Rr	8	0.000	2025	01	20	18
H	Rr	6	0.000	2025	01	20	17
H	Rr	6	0.000	2025	01	20	16
H	Rr	78	0.003	2025	01	20	15
H	Rr	8	0.000	2025	01	20	14
H	Rr	10	0.000	2025	01	20	13
H	Rr	20	0.001	2025	01	20	12
H	Rr	8	0.000	2025	01	20	11
H	Rr	4	0.000	2025	01	20	10
H	Rr	0	0.000	2025	01	20	09
H	Rr	8	0.000	2025	01	20	08
H	Rr	10	0.000	2025	01	20	07
H	Rr	18	0.001	2025	01	20	06
H	Rr	12	0.000	2025	01	20	05
H	Rr	9	0.000	2025	01	20	04
H	Rr	90	0.004	2025	01	20	03
H	Rr	3	0.000	2025	01	20	02
H	Rr	3	0.000	2025	01	20	01
H	Rr	0	0.000	2025	01	20	00
H	Rr	18	0.001	2025	01	19	23
H	Rr	12	0.000	2025	01	19	22
H	Rr	12	0.000	2025	01	19	21
H	Rr	201	0.008	2025	01	19	20
H	Rr	195	0.008	2025	01	19	19
H	Rr	18	0.001	2025	01	19	18
H	Rr	9	0.000	2025	01	19	17
H	Rr	12	0.000	2025	01	19	16
H	Rr	87	0.004	2025	01	19	15
H	Rr	114	0.005	2025	01	19	14
H	Rr	21	0.001	2025	01	19	13
H	Rr	9	0.000	2025	01	19	12
H	Rr	0	0.000	2025	01	19	11
H	Rr	3	0.000	2025	01	19	10
H	Rr	3	0.000	2025	01	19	09
H	Rr	6	0.000	2025	01	19	08
H	Rr	159	0.006	2025	01	19	07
H	Rr	33	0.001	2025	01	19	06
H	*BT	R	1638	2024	01	29	20
h	Rr	95196	3.831	00
h	Rr	88852	3.576	01
h	Rr	91266	3.673	02
h	Rr	101907	4.101	03
h	Rr	98610	3.969	04
h	Rr	97184	3.911	05
h	Rr	86223	3.470	06
h	Rr	85256	3.431	07
h	Rr	78247	3.149	08
h	Rr	76434	3.076	09
h	Rr	80743	3.250	10
h	Rr	84834	3.414	11
h	Rr	84052	3.383	12
h	Rr	89612	3.607	13
h	Rr	112475	4.527	14
h	Rr	126662	5.098	15
h	Rr	147352	5.930	16
h	Rr	137726	5.543	17
h	Rr	138273	5.565	18
h	Rr	128966	5.190	19
h	Rr	125886	5.066	20
h	Rr	116514	4.689	21
h	Rr	111056	4.470	22
h	Rr	101367	4.080	23
4	Rr	9	0.000	2025	01	22	05	45
4	Rr	2	0.000	2025	01	22	05	30
4	Rr	5	0.000	2025	01	22	05	15
4	Rr	0	0.000	2025	01	22	05	00
4	Rr	2	0.000	2025	01	22	04	45
4	Rr	2	0.000	2025	01	22	04	30
4	Rr	0	0.000	2025	01	22	04	15
4	Rr	1	0.000	2025	01	22	04	00
4	Rr	1	0.000	2025	01	22	03	45
4	Rr	29	0.001	2025	01	22	03	30
4	Rr	0	0.000	2025	01	22	03	15
4	Rr	3	0.000	2025	01	22	03	00
4	Rr	1	0.000	2025	01	22	02	45
4	Rr	4	0.000	2025	01	22	02	30
4	Rr	1	0.000	2025	01	22	02	15
4	Rr	5	0.000	2025	01	22	02	00
4	Rr	0	0.000	2025	01	22	01	45
4	Rr	0	0.000	2025	01	22	01	30
4	Rr	0	0.000	2025	01	22	01	15
4	Rr	0	0.000	2025	01	22	01	00
4	Rr	0	0.000	2025	01	22	00	45
4	Rr	1	0.000	2025	01	22	00	30
4	Rr	27	0.001	2025	01	22	00	15
4	Rr	0	0.000	2025	01	22	00	00
4	Rr	4	0.000	2025	01	21	23	45
4	Rr	4	0.000	2025	01	21	23	30
4	Rr	1	0.000	2025	01	21	23	15
4	Rr	0	0.000	2025	01	21	23	00
4	Rr	0	0.000	2025	01	21	22	45
4	Rr	0	0.000	2025	01	21	22	30
4	Rr	0	0.000	2025	01	21	22	15
4	Rr	37	0.001	2025	01	21	22	00
4	Rr	1	0.000	2025	01	21	21	45
4	Rr	1	0.000	2025	01	21	21	30
4	Rr	1	0.000	2025	01	21	21	15
4	Rr	0	0.000	2025	01	21	21	00
4	Rr	1	0.000	2025	01	21	20	45
4	Rr	0	0.000	2025	01	21	20	30
4	Rr	0	0.000	2025	01	21	20	15
4	Rr	34	0.001	2025	01	21	20	00
4	Rr	0	0.000	2025	01	21	19	45
4	Rr	36	0.001	2025	01	21	19	30
4	Rr	0	0.000	2025	01	21	19	15
4	Rr	0	0.000	2025	01	21	19	00
4	Rr	1	0.000	2025	01	21	18	45
4	Rr	0	0.000	2025	01	21	18	30
4	Rr	0	0.000	2025	01	21	18	15
4	Rr	1	0.000	2025	01	21	18	00
4	Rr	0	0.000	2025	01	21	17	45
4	Rr	9	0.000	2025	01	21	17	30
4	Rr	6	0.000	2025	01	21	17	15
4	Rr	5	0.000	2025	01	21	17	00
4	Rr	0	0.000	2025	01	21	16	45
4	Rr	0	0.000	2025	01	21	16	30
4	Rr	0	0.000	2025	01	21	16	15
4	Rr	67	0.003	2025	01	21	16	00
4	Rr	0	0.000	2025	01	21	15	45
4	Rr	0	0.000	2025	01	21	15	30
4	Rr	30	0.001	2025	01	21	15	15
4	Rr	5	0.000	2025	01	21	15	00
4	Rr	2	0.000	2025	01	21	14	45
4	Rr	1	0.000	2025	01	21	14	30
4	Rr	2	0.000	2025	01	21	14	15
4	Rr	0	0.000	2025	01	21	14	00
4	Rr	1	0.000	2025	01	21	13	45
4	Rr	0	0.000	2025	01	21	13	30
4	Rr	1	0.000	2025	01	21	13	15
4	Rr	1	0.000	2025	01	21	13	00
4	Rr	0	0.000	2025	01	21	12	45
4	Rr	1	0.000	2025	01	21	12	30
4	Rr	0	0.000	2025	01	21	12	15
4	Rr	17	0.001	2025	01	21	12	00
4	Rr	0	0.000	2025	01	21	11	45
4	Rr	0	0.000	2025	01	21	11	30
4	Rr	0	0.000	2025	01	21	11	15
4	Rr	0	0.000	2025	01	21	11	00
4	Rr	5	0.000	2025	01	21	10	45
4	Rr	0	0.000	2025	01	21	10	30
4	Rr	0	0.000	2025	01	21	10	15
4	Rr	1	0.000	2025	01	21	10	00
4	Rr	1	0.000	2025	01	21	09	45
4	Rr	4	0.000	2025	01	21	09	30
4	Rr	1	0.000	2025	01	21	09	15
4	Rr	0	0.000	2025	01	21	09	00
4	Rr	0	0.000	2025	01	21	08	45
4	Rr	2	0.000	2025	01	21	08	30
4	Rr	3	0.000	2025	01	21	08	15
4	Rr	0	0.000	2025	01	21	08	00
4	Rr	3	0.000	2025	01	21	07	45
4	Rr	1	0.000	2025	01	21	07	30
4	Rr	4	0.000	2025	01	21	07	15
4	Rr	1	0.000	2025	01	21	07	00
4	Rr	1	0.000	2025	01	21	06	45
4	Rr	0	0.000	2025	01	21	06	30
4	Rr	0	0.000	2025	01	21	06	15
4	Rr	0	0.000	2025	01	21	06	00
4	*BT	R	1092	2025	01	14	01	00
6	Rr	25695	1.034	00	00
6	Rr	23202	0.934	00	15
6	Rr	24178	0.973	00	30
6	Rr	22121	0.890	00	45
6	Rr	20896	0.841	01	00
6	Rr	22605	0.910	01	15
6	Rr	21691	0.873	01	30
6	Rr	23660	0.952	01	45
6	Rr	20401	0.821	02	00
6	Rr	25153	1.012	02	15
6	Rr	22805	0.918	02	30
6	Rr	22907	0.922	02	45
6	Rr	23554	0.948	03	00
6	Rr	23838	0.959	03	15
6	Rr	22505	0.906	03	30
6	Rr	32010	1.288	03	45
6	Rr	29734	1.197	04	00
6	Rr	21197	0.853	04	15
6	Rr	23766	0.956	04	30
6	Rr	23913	0.962	04	45
6	Rr	21907	0.882	05	00
6	Rr	24953	1.004	05	15
6	Rr	24060	0.968	05	30
6	Rr	26264	1.057	05	45
6	Rr	23090	0.929	06	00
6	Rr	20562	0.828	06	15
6	Rr	23235	0.935	06	30
6	Rr	19336	0.778	06	45
6	Rr	20832	0.838	07	00
6	Rr	22025	0.886	07	15
6	Rr	21209	0.854	07	30
6	Rr	21190	0.853	07	45
6	Rr	19007	0.765	08	00
6	Rr	19616	0.789	08	15
6	Rr	21288	0.857	08	30
6	Rr	18336	0.738	08	45
6	Rr	18814	0.757	09	00
6	Rr	19403	0.781	09	15
6	Rr	20241	0.815	09	30
6	Rr	17976	0.723	09	45
6	Rr	19213	0.773	10	00
6	Rr	18838	0.758	10	15
6	Rr	21930	0.883	10	30
6	Rr	20762	0.836	10	45
6	Rr	22050	0.887	11	00
6	Rr	22284	0.897	11	15
6	Rr	20629	0.830	11	30
6	Rr	19871	0.800	11	45
6	Rr	21868	0.880	12	00
6	Rr	20510	0.825	12	15
6	Rr	20351	0.819	12	30
6	Rr	21323	0.858	12	45
6	Rr	21436	0.863	13	00
6	Rr	22489	0.905	13	15
6	Rr	23153	0.932	13	30
6	Rr	22534	0.907	13	45
6	Rr	27112	1.091	14	00
6	Rr	29023	1.168	14	15
6	Rr	27909	1.123	14	30
6	Rr	28431	1.144	14	45
6	Rr	27698	1.115	15	00
6	Rr	29943	1.205	15	15
6	Rr	32855	1.322	15	30
6	Rr	36166	1.456	15	45
6	Rr	42932	1.728	16	00
6	Rr	35162	1.415	16	15
6	Rr	33963	1.367	16	30
6	Rr	35295	1.420	16	45
6	Rr	35372	1.424	17	00
6	Rr	34401	1.385	17	15
6	Rr	33796	1.360	17	30
6	Rr	34157	1.375	17	45
6	Rr	37821	1.522	18	00
6	Rr	30898	1.244	18	15
6	Rr	34777	1.400	18	30
6	Rr	34777	1.400	18	45
6	Rr	34340	1.382	19	00
6	Rr	29198	1.175	19	15
6	Rr	31435	1.265	19	30
6	Rr	33993	1.368	19	45
6	Rr	30807	1.240	20	00
6	Rr	32235	1.297	20	15
6	Rr	32126	1.293	20	30
6	Rr	30718	1.236	20	45
6	Rr	30665	1.234	21	00
6	Rr	29792	1.199	21	15
6	Rr	27635	1.112	21	30
6	Rr	28422	1.144	21	45
6	Rr	27313	1.099	22	00
6	Rr	28755	1.157	22	15
6	Rr	28057	1.129	22	30
6	Rr	26931	1.084	22	45
6	Rr	27260	1.097	23	00
6	Rr	28132	1.132	23	15
6	Rr	21275	0.856	23	30
6	Rr	24700	0.994	23	45
5	Rr	8	0.000	2025	01	22	05	55
5	Rr	1	0.000	2025	01	22	05	50
5	Rr	0	0.000	2025	01	22	05	45
5	Rr	1	0.000	2025	01	22	05	40
5	Rr	0	0.000	2025	01	22	05	35
5	Rr	1	0.000	2025	01	22	05	30
5	Rr	3	0.000	2025	01	22	05	25
5	Rr	1	0.000	2025	01	22	05	20
5	Rr	1	0.000	2025	01	22	05	15
5	Rr	0	0.000	2025	01	22	05	10
5	Rr	0	0.000	2025	01	22	05	05
5	Rr	0	0.000	2025	01	22	05	00
5	Rr	1	0.000	2025	01	22	04	55
5	Rr	1	0.000	2025	01	22	04	50
5	Rr	0	0.000	2025	01	22	04	45
5	Rr	0	0.000	2025	01	22	04	40
5	Rr	0	0.000	2025	01	22	04	35
5	Rr	2	0.000	2025	01	22	04	30
5	Rr	0	0.000	2025	01	22	04	25
5	Rr	0	0.000	2025	01	22	04	20
5	Rr	0	0.000	2025	01	22	04	15
5	Rr	0	0.000	2025	01	22	04	10
5	Rr	0	0.000	2025	01	22	04	05
5	Rr	1	0.000	2025	01	22	04	00
5	Rr	1	0.000	2025	01	22	03	55
5	Rr	0	0.000	2025	01	22	03	50
5	Rr	0	0.000	2025	01	22	03	45
5	Rr	2	0.000	2025	01	22	03	40
5	Rr	0	0.000	2025	01	22	03	35
5	Rr	27	0.001	2025	01	22	03	30
5	Rr	0	0.000	2025	01	22	03	25
5	Rr	0	0.000	2025	01	22	03	20
5	Rr	0	0.000	2025	01	22	03	15
5	Rr	2	0.000	2025	01	22	03	10
5	Rr	1	0.000	2025	01	22	03	05
5	Rr	0	0.000	2025	01	22	03	00
5	Rr	1	0.000	2025	01	22	02	55
5	Rr	0	0.000	2025	01	22	02	50
5	Rr	0	0.000	2025	01	22	02	45
5	Rr	1	0.000	2025	01	22	02	40
5	Rr	3	0.000	2025	01	22	02	35
5	Rr	0	0.000	2025	01	22	02	30
5	Rr	0	0.000	2025	01	22	02	25
5	Rr	1	0.000	2025	01	22	02	20
5	Rr	0	0.000	2025	01	22	02	15
5	Rr	0	0.000	2025	01	22	02	10
5	Rr	5	0.000	2025	01	22	02	05
5	Rr	0	0.000	2025	01	22	02	00
5	Rr	0	0.000	2025	01	22	01	55
5	Rr	0	0.000	2025	01	22	01	50
5	Rr	0	0.000	2025	01	22	01	45
5	Rr	0	0.000	2025	01	22	01	40
5	Rr	0	0.000	2025	01	22	01	35
5	Rr	0	0.000	2025	01	22	01	30
5	Rr	0	0.000	2025	01	22	01	25
5	Rr	0	0.000	2025	01	22	01	20
5	Rr	0	0.000	2025	01	22	01	15
5	Rr	0	0.000	2025	01	22	01	10
5	Rr	0	0.000	2025	01	22	01	05
5	Rr	0	0.000	2025	01	22	01	00
5	Rr	0	0.000	2025	01	22	00	55
5	Rr	0	0.000	2025	01	22	00	50
5	Rr	0	0.000	2025	01	22	00	45
5	Rr	1	0.000	2025	01	22	00	40
5	Rr	0	0.000	2025	01	22	00	35
5	Rr	0	0.000	2025	01	22	00	30
5	Rr	27	0.001	2025	01	22	00	25
5	Rr	0	0.000	2025	01	22	00	20
5	Rr	0	0.000	2025	01	22	00	15
5	Rr	0	0.000	2025	01	22	00	10
5	Rr	0	0.000	2025	01	22	00	05
5	Rr	0	0.000	2025	01	22	00	00
5	Rr	0	0.000	2025	01	21	23	55
5	Rr	0	0.000	2025	01	21	23	50
5	Rr	4	0.000	2025	01	21	23	45
5	Rr	0	0.000	2025	01	21	23	40
5	Rr	4	0.000	2025	01	21	23	35
5	Rr	0	0.000	2025	01	21	23	30
5	Rr	0	0.000	2025	01	21	23	25
5	Rr	1	0.000	2025	01	21	23	20
5	Rr	0	0.000	2025	01	21	23	15
5	Rr	0	0.000	2025	01	21	23	10
5	Rr	0	0.000	2025	01	21	23	05
5	Rr	0	0.000	2025	01	21	23	00
5	Rr	0	0.000	2025	01	21	22	55
5	Rr	0	0.000	2025	01	21	22	50
5	Rr	0	0.000	2025	01	21	22	45
5	Rr	0	0.000	2025	01	21	22	40
5	Rr	0	0.000	2025	01	21	22	35
5	Rr	0	0.000	2025	01	21	22	30
5	Rr	0	0.000	2025	01	21	22	25
5	Rr	0	0.000	2025	01	21	22	20
5	Rr	0	0.000	2025	01	21	22	15
5	Rr	3	0.000	2025	01	21	22	10
5	Rr	0	0.000	2025	01	21	22	05
5	Rr	34	0.001	2025	01	21	22	00
5	Rr	1	0.000	2025	01	21	21	55
5	Rr	0	0.000	2025	01	21	21	50
5	Rr	0	0.000	2025	01	21	21	45
5	Rr	1	0.000	2025	01	21	21	40
5	Rr	0	0.000	2025	01	21	21	35
5	Rr	0	0.000	2025	01	21	21	30
5	Rr	1	0.000	2025	01	21	21	25
5	Rr	0	0.000	2025	01	21	21	20
5	Rr	0	0.000	2025	01	21	21	15
5	Rr	0	0.000	2025	01	21	21	10
5	Rr	0	0.000	2025	01	21	21	05
5	Rr	0	0.000	2025	01	21	21	00
5	Rr	0	0.000	2025	01	21	20	55
5	Rr	0	0.000	2025	01	21	20	50
5	Rr	1	0.000	2025	01	21	20	45
5	Rr	0	0.000	2025	01	21	20	40
5	Rr	0	0.000	2025	01	21	20	35
5	Rr	0	0.000	2025	01	21	20	30
5	Rr	0	0.000	2025	01	21	20	25
5	Rr	0	0.000	2025	01	21	20	20
5	Rr	0	0.000	2025	01	21	20	15
5	Rr	0	0.000	2025	01	21	20	10
5	Rr	1	0.000	2025	01	21	20	05
5	Rr	33	0.001	2025	01	21	20	00
5	Rr	0	0.000	2025	01	21	19	55
5	Rr	0	0.000	2025	01	21	19	50
5	Rr	0	0.000	2025	01	21	19	45
5	Rr	2	0.000	2025	01	21	19	40
5	Rr	23	0.001	2025	01	21	19	35
5	Rr	11	0.000	2025	01	21	19	30
5	Rr	0	0.000	2025	01	21	19	25
5	Rr	0	0.000	2025	01	21	19	20
5	Rr	0	0.000	2025	01	21	19	15
5	Rr	0	0.000	2025	01	21	19	10
5	Rr	0	0.000	2025	01	21	19	05
5	Rr	0	0.000	2025	01	21	19	00
5	Rr	0	0.000	2025	01	21	18	55
5	Rr	0	0.000	2025	01	21	18	50
5	Rr	1	0.000	2025	01	21	18	45
5	Rr	0	0.000	2025	01	21	18	40
5	Rr	0	0.000	2025	01	21	18	35
5	Rr	0	0.000	2025	01	21	18	30
5	Rr	0	0.000	2025	01	21	18	25
5	Rr	0	0.000	2025	01	21	18	20
5	Rr	0	0.000	2025	01	21	18	15
5	Rr	1	0.000	2025	01	21	18	10
5	Rr	0	0.000	2025	01	21	18	05
5	Rr	0	0.000	2025	01	21	18	00
5	Rr	0	0.000	2025	01	21	17	55
5	Rr	0	0.000	2025	01	21	17	50
5	Rr	0	0.000	2025	01	21	17	45
5	Rr	1	0.000	2025	01	21	17	40
5	Rr	1	0.000	2025	01	21	17	35
5	Rr	7	0.000	2025	01	21	17	30
5	Rr	1	0.000	2025	01	21	17	25
5	Rr	4	0.000	2025	01	21	17	20
5	Rr	1	0.000	2025	01	21	17	15
5	Rr	0	0.000	2025	01	21	17	10
5	Rr	5	0.000	2025	01	21	17	05
5	Rr	0	0.000	2025	01	21	17	00
5	Rr	0	0.000	2025	01	21	16	55
5	Rr	0	0.000	2025	01	21	16	50
5	Rr	0	0.000	2025	01	21	16	45
5	Rr	0	0.000	2025	01	21	16	40
5	Rr	0	0.000	2025	01	21	16	35
5	Rr	0	0.000	2025	01	21	16	30
5	Rr	0	0.000	2025	01	21	16	25
5	Rr	0	0.000	2025	01	21	16	20
5	Rr	0	0.000	2025	01	21	16	15
5	Rr	1	0.000	2025	01	21	16	10
5	Rr	34	0.001	2025	01	21	16	05
5	Rr	32	0.001	2025	01	21	16	00
5	Rr	0	0.000	2025	01	21	15	55
5	Rr	0	0.000	2025	01	21	15	50
5	Rr	0	0.000	2025	01	21	15	45
5	Rr	0	0.000	2025	01	21	15	40
5	Rr	0	0.000	2025	01	21	15	35
5	Rr	0	0.000	2025	01	21	15	30
5	Rr	0	0.000	2025	01	21	15	25
5	Rr	27	0.001	2025	01	21	15	20
5	Rr	3	0.000	2025	01	21	15	15
5	Rr	4	0.000	2025	01	21	15	10
5	Rr	0	0.000	2025	01	21	15	05
5	Rr	1	0.000	2025	01	21	15	00
5	Rr	0	0.000	2025	01	21	14	55
5	Rr	0	0.000	2025	01	21	14	50
5	Rr	2	0.000	2025	01	21	14	45
5	Rr	0	0.000	2025	01	21	14	40
5	Rr	0	0.000	2025	01	21	14	35
5	Rr	1	0.000	2025	01	21	14	30
5	Rr	1	0.000	2025	01	21	14	25
5	Rr	0	0.000	2025	01	21	14	20
5	Rr	1	0.000	2025	01	21	14	15
5	Rr	0	0.000	2025	01	21	14	10
5	Rr	0	0.000	2025	01	21	14	05
5	Rr	0	0.000	2025	01	21	14	00
5	Rr	1	0.000	2025	01	21	13	55
5	Rr	0	0.000	2025	01	21	13	50
5	Rr	0	0.000	2025	01	21	13	45
5	Rr	0	0.000	2025	01	21	13	40
5	Rr	0	0.000	2025	01	21	13	35
5	Rr	0	0.000	2025	01	21	13	30
5	Rr	0	0.000	2025	01	21	13	25
5	Rr	1	0.000	2025	01	21	13	20
5	Rr	0	0.000	2025	01	21	13	15
5	Rr	1	0.000	2025	01	21	13	10
5	Rr	0	0.000	2025	01	21	13	05
5	Rr	0	0.000	2025	01	21	13	00
5	Rr	0	0.000	2025	01	21	12	55
5	Rr	0	0.000	2025	01	21	12	50
5	Rr	0	0.000	2025	01	21	12	45
5	Rr	0	0.000	2025	01	21	12	40
5	Rr	0	0.000	2025	01	21	12	35
5	Rr	1	0.000	2025	01	21	12	30
5	Rr	0	0.000	2025	01	21	12	25
5	Rr	0	0.000	2025	01	21	12	20
5	Rr	0	0.000	2025	01	21	12	15
5	Rr	9	0.000	2025	01	21	12	10
5	Rr	8	0.000	2025	01	21	12	05
5	Rr	0	0.000	2025	01	21	12	00
5	Rr	0	0.000	2025	01	21	11	55
5	Rr	0	0.000	2025	01	21	11	50
5	Rr	0	0.000	2025	01	21	11	45
5	Rr	0	0.000	2025	01	21	11	40
5	Rr	0	0.000	2025	01	21	11	35
5	Rr	0	0.000	2025	01	21	11	30
5	Rr	0	0.000	2025	01	21	11	25
5	Rr	0	0.000	2025	01	21	11	20
5	Rr	0	0.000	2025	01	21	11	15
5	Rr	0	0.000	2025	01	21	11	10
5	Rr	0	0.000	2025	01	21	11	05
5	Rr	0	0.000	2025	01	21	11	00
5	Rr	0	0.000	2025	01	21	10	55
5	Rr	4	0.000	2025	01	21	10	50
5	Rr	1	0.000	2025	01	21	10	45
5	Rr	0	0.000	2025	01	21	10	40
5	Rr	0	0.000	2025	01	21	10	35
5	Rr	0	0.000	2025	01	21	10	30
5	Rr	0	0.000	2025	01	21	10	25
5	Rr	0	0.000	2025	01	21	10	20
5	Rr	0	0.000	2025	01	21	10	15
5	Rr	0	0.000	2025	01	21	10	10
5	Rr	1	0.000	2025	01	21	10	05
5	Rr	0	0.000	2025	01	21	10	00
5	Rr	1	0.000	2025	01	21	09	55
5	Rr	0	0.000	2025	01	21	09	50
5	Rr	0	0.000	2025	01	21	09	45
5	Rr	4	0.000	2025	01	21	09	40
5	Rr	0	0.000	2025	01	21	09	35
5	Rr	0	0.000	2025	01	21	09	30
5	Rr	1	0.000	2025	01	21	09	25
5	Rr	0	0.000	2025	01	21	09	20
5	Rr	0	0.000	2025	01	21	09	15
5	Rr	0	0.000	2025	01	21	09	10
5	Rr	0	0.000	2025	01	21	09	05
5	Rr	0	0.000	2025	01	21	09	00
5	Rr	0	0.000	2025	01	21	08	55
5	Rr	0	0.000	2025	01	21	08	50
5	Rr	0	0.000	2025	01	21	08	45
5	Rr	1	0.000	2025	01	21	08	40
5	Rr	1	0.000	2025	01	21	08	35
5	Rr	0	0.000	2025	01	21	08	30
5	Rr	2	0.000	2025	01	21	08	25
5	Rr	1	0.000	2025	01	21	08	20
5	Rr	0	0.000	2025	01	21	08	15
5	Rr	0	0.000	2025	01	21	08	10
5	Rr	0	0.000	2025	01	21	08	05
5	Rr	0	0.000	2025	01	21	08	00
5	Rr	3	0.000	2025	01	21	07	55
5	Rr	0	0.000	2025	01	21	07	50
5	Rr	0	0.000	2025	01	21	07	45
5	Rr	0	0.000	2025	01	21	07	40
5	Rr	0	0.000	2025	01	21	07	35
5	Rr	1	0.000	2025	01	21	07	30
5	Rr	1	0.000	2025	01	21	07	25
5	Rr	0	0.000	2025	01	21	07	20
5	Rr	3	0.000	2025	01	21	07	15
5	Rr	1	0.000	2025	01	21	07	10
5	Rr	0	0.000	2025	01	21	07	05
5	Rr	0	0.000	2025	01	21	07	00
5	Rr	0	0.000	2025	01	21	06	55
5	Rr	0	0.000	2025	01	21	06	50
5	Rr	1	0.000	2025	01	21	06	45
5	Rr	0	0.000	2025	01	21	06	40
5	Rr	0	0.000	2025	01	21	06	35
5	Rr	0	0.000	2025	01	21	06	30
5	Rr	0	0.000	2025	01	21	06	25
5	Rr	0	0.000	2025	01	21	06	20
5	Rr	0	0.000	2025	01	21	06	15
5	Rr	0	0.000	2025	01	21	06	10
5	Rr	0	0.000	2025	01	21	06	05
5	Rr	0	0.000	2025	01	21	06	00
5	*BT	R	1092	2025	01	14	01	05
7	Rr	8317	0.335	00	00
7	Rr	8264	0.333	00	05
7	Rr	9114	0.367	00	10
7	Rr	6017	0.242	00	15
7	Rr	7089	0.285	00	20
7	Rr	10096	0.406	00	25
7	Rr	7946	0.320	00	30
7	Rr	8594	0.346	00	35
7	Rr	7638	0.307	00	40
7	Rr	6857	0.276	00	45
7	Rr	7383	0.297	00	50
7	Rr	7881	0.317	00	55
7	Rr	6779	0.273	01	00
7	Rr	7674	0.309	01	05
7	Rr	6443	0.259	01	10
7	Rr	7275	0.293	01	15
7	Rr	8297	0.334	01	20
7	Rr	7033	0.283	01	25
7	Rr	7091	0.285	01	30
7	Rr	6977	0.281	01	35
7	Rr	7623	0.307	01	40
7	Rr	7481	0.301	01	45
7	Rr	8808	0.354	01	50
7	Rr	7371	0.297	01	55
7	Rr	6505	0.262	02	00
7	Rr	7420	0.299	02	05
7	Rr	6476	0.261	02	10
7	Rr	8865	0.357	02	15
7	Rr	7600	0.306	02	20
7	Rr	8688	0.350	02	25
7	Rr	8059	0.324	02	30
7	Rr	6764	0.272	02	35
7	Rr	7982	0.321	02	40
7	Rr	7621	0.307	02	45
7	Rr	7502	0.302	02	50
7	Rr	7784	0.313	02	55
7	Rr	8920	0.359	03	00
7	Rr	6830	0.275	03	05
7	Rr	7804	0.314	03	10
7	Rr	7961	0.320	03	15
7	Rr	7271	0.293	03	20
7	Rr	8606	0.346	03	25
7	Rr	7442	0.300	03	30
7	Rr	6683	0.269	03	35
7	Rr	8380	0.337	03	40
7	Rr	8135	0.327	03	45
7	Rr	11727	0.472	03	50
7	Rr	12148	0.489	03	55
7	Rr	11787	0.474	04	00
7	Rr	9692	0.390	04	05
7	Rr	8255	0.332	04	10
7	Rr	7385	0.297	04	15
7	Rr	6735	0.271	04	20
7	Rr	7077	0.285	04	25
7	Rr	7474	0.301	04	30
7	Rr	7668	0.309	04	35
7	Rr	8624	0.347	04	40
7	Rr	7533	0.303	04	45
7	Rr	8376	0.337	04	50
7	Rr	8004	0.322	04	55
7	Rr	7915	0.319	05	00
7	Rr	6805	0.274	05	05
7	Rr	7187	0.289	05	10
7	Rr	9067	0.365	05	15
7	Rr	7876	0.317	05	20
7	Rr	8010	0.322	05	25
7	Rr	6865	0.276	05	30
7	Rr	8589	0.346	05	35
7	Rr	8606	0.346	05	40
7	Rr	9744	0.392	05	45
7	Rr	8659	0.348	05	50
7	Rr	7861	0.316	05	55
7	Rr	7067	0.284	06	00
7	Rr	8753	0.352	06	05
7	Rr	7270	0.293	06	10
7	Rr	7472	0.301	06	15
7	Rr	5677	0.228	06	20
7	Rr	7413	0.298	06	25
7	Rr	8153	0.328	06	30
7	Rr	7779	0.313	06	35
7	Rr	7303	0.294	06	40
7	Rr	6667	0.268	06	45
7	Rr	6695	0.269	06	50
7	Rr	5974	0.240	06	55
7	Rr	8235	0.331	07	00
7	Rr	6081	0.245	07	05
7	Rr	6516	0.262	07	10
7	Rr	7130	0.287	07	15
7	Rr	7266	0.292	07	20
7	Rr	7629	0.307	07	25
7	Rr	8512	0.343	07	30
7	Rr	6597	0.266	07	35
7	Rr	6100	0.246	07	40
7	Rr	9011	0.363	07	45
7	Rr	5460	0.220	07	50
7	Rr	6719	0.270	07	55
7	Rr	6114	0.246	08	00
7	Rr	6005	0.242	08	05
7	Rr	6888	0.277	08	10
7	Rr	6278	0.253	08	15
7	Rr	6571	0.264	08	20
7	Rr	6767	0.272	08	25
7	Rr	6594	0.265	08	30
7	Rr	6713	0.270	08	35
7	Rr	7981	0.321	08	40
7	Rr	6671	0.268	08	45
7	Rr	5735	0.231	08	50
7	Rr	5930	0.239	08	55
7	Rr	5946	0.239	09	00
7	Rr	6504	0.262	09	05
7	Rr	6364	0.256	09	10
7	Rr	5455	0.220	09	15
7	Rr	6184	0.249	09	20
7	Rr	7764	0.312	09	25
7	Rr	6341	0.255	09	30
7	Rr	6931	0.279	09	35
7	Rr	6969	0.280	09	40
7	Rr	7102	0.286	09	45
7	Rr	5527	0.222	09	50
7	Rr	5347	0.215	09	55
7	Rr	6742	0.271	10	00
7	Rr	5845	0.235	10	05
7	Rr	6626	0.267	10	10
7	Rr	5723	0.230	10	15
7	Rr	6384	0.257	10	20
7	Rr	6731	0.271	10	25
7	Rr	7117	0.286	10	30
7	Rr	7352	0.296	10	35
7	Rr	7461	0.300	10	40
7	Rr	6820	0.274	10	45
7	Rr	7554	0.304	10	50
7	Rr	6388	0.257	10	55
7	Rr	8280	0.333	11	00
7	Rr	6869	0.276	11	05
7	Rr	6901	0.278	11	10
7	Rr	6792	0.273	11	15
7	Rr	7249	0.292	11	20
7	Rr	8243	0.332	11	25
7	Rr	7879	0.317	11	30
7	Rr	6006	0.242	11	35
7	Rr	6744	0.271	11	40
7	Rr	6618	0.266	11	45
7	Rr	6725	0.271	11	50
7	Rr	6528	0.263	11	55
7	Rr	6762	0.272	12	00
7	Rr	7427	0.299	12	05
7	Rr	7679	0.309	12	10
7	Rr	7446	0.300	12	15
7	Rr	6453	0.260	12	20
7	Rr	6611	0.266	12	25
7	Rr	7458	0.300	12	30
7	Rr	6505	0.262	12	35
7	Rr	6388	0.257	12	40
7	Rr	6355	0.256	12	45
7	Rr	7774	0.313	12	50
7	Rr	7194	0.290	12	55
7	Rr	7701	0.310	13	00
7	Rr	6502	0.262	13	05
7	Rr	7233	0.291	13	10
7	Rr	7572	0.305	13	15
7	Rr	7513	0.302	13	20
7	Rr	7404	0.298	13	25
7	Rr	7445	0.300	13	30
7	Rr	7568	0.305	13	35
7	Rr	8140	0.328	13	40
7	Rr	7052	0.284	13	45
7	Rr	8384	0.337	13	50
7	Rr	7098	0.286	13	55
7	Rr	10010	0.403	14	00
7	Rr	8698	0.350	14	05
7	Rr	8404	0.338	14	10
7	Rr	9565	0.385	14	15
7	Rr	10172	0.409	14	20
7	Rr	9286	0.374	14	25
7	Rr	8939	0.360	14	30
7	Rr	9648	0.388	14	35
7	Rr	9322	0.375	14	40
7	Rr	9438	0.380	14	45
7	Rr	8880	0.357	14	50
7	Rr	10113	0.407	14	55
7	Rr	9565	0.385	15	00
7	Rr	8680	0.349	15	05
7	Rr	9453	0.380	15	10
7	Rr	8651	0.348	15	15
7	Rr	12047	0.485	15	20
7	Rr	9245	0.372	15	25
7	Rr	11126	0.448	15	30
7	Rr	10209	0.411	15	35
7	Rr	11520	0.464	15	40
7	Rr	8263	0.333	15	45
7	Rr	10681	0.430	15	50
7	Rr	17222	0.693	15	55
7	Rr	15634	0.629	16	00
7	Rr	13454	0.541	16	05
7	Rr	13844	0.557	16	10
7	Rr	11676	0.470	16	15
7	Rr	11415	0.459	16	20
7	Rr	12071	0.486	16	25
7	Rr	10961	0.441	16	30
7	Rr	10839	0.436	16	35
7	Rr	12163	0.490	16	40
7	Rr	12862	0.518	16	45
7	Rr	11669	0.470	16	50
7	Rr	10764	0.433	16	55
7	Rr	12069	0.486	17	00
7	Rr	12606	0.507	17	05
7	Rr	10697	0.431	17	10
7	Rr	12248	0.493	17	15
7	Rr	11328	0.456	17	20
7	Rr	10825	0.436	17	25
7	Rr	11108	0.447	17	30
7	Rr	11603	0.467	17	35
7	Rr	11085	0.446	17	40
7	Rr	11610	0.467	17	45
7	Rr	11393	0.459	17	50
7	Rr	11154	0.449	17	55
7	Rr	14081	0.567	18	00
7	Rr	12755	0.513	18	05
7	Rr	10985	0.442	18	10
7	Rr	10874	0.438	18	15
7	Rr	10095	0.406	18	20
7	Rr	9929	0.400	18	25
7	Rr	11843	0.477	18	30
7	Rr	9952	0.401	18	35
7	Rr	12982	0.522	18	40
7	Rr	10472	0.421	18	45
7	Rr	12853	0.517	18	50
7	Rr	11452	0.461	18	55
7	Rr	11758	0.473	19	00
7	Rr	10448	0.420	19	05
7	Rr	12134	0.488	19	10
7	Rr	9627	0.387	19	15
7	Rr	9469	0.381	19	20
7	Rr	10102	0.407	19	25
7	Rr	10483	0.422	19	30
7	Rr	11800	0.475	19	35
7	Rr	9152	0.368	19	40
7	Rr	11413	0.459	19	45
7	Rr	10407	0.419	19	50
7	Rr	12173	0.490	19	55
7	Rr	11506	0.463	20	00
7	Rr	9463	0.381	20	05
7	Rr	9838	0.396	20	10
7	Rr	9295	0.374	20	15
7	Rr	11570	0.466	20	20
7	Rr	11370	0.458	20	25
7	Rr	10837	0.436	20	30
7	Rr	11795	0.475	20	35
7	Rr	9494	0.382	20	40
7	Rr	10943	0.440	20	45
7	Rr	10951	0.441	20	50
7	Rr	8824	0.355	20	55
7	Rr	9634	0.388	21	00
7	Rr	10139	0.408	21	05
7	Rr	10892	0.438	21	10
7	Rr	10262	0.413	21	15
7	Rr	9835	0.396	21	20
7	Rr	9695	0.390	21	25
7	Rr	9219	0.371	21	30
7	Rr	9359	0.377	21	35
7	Rr	9057	0.365	21	40
7	Rr	10592	0.426	21	45
7	Rr	9724	0.391	21	50
7	Rr	8106	0.326	21	55
7	Rr	9097	0.366	22	00
7	Rr	8358	0.336	22	05
7	Rr	9858	0.397	22	10
7	Rr	9726	0.391	22	15
7	Rr	9888	0.398	22	20
7	Rr	9141	0.368	22	25
7	Rr	10426	0.420	22	30
7	Rr	9344	0.376	22	35
7	Rr	8287	0.334	22	40
7	Rr	9260	0.373	22	45
7	Rr	8730	0.351	22	50
7	Rr	8941	0.360	22	55
7	Rr	8850	0.356	23	00
7	Rr	8585	0.346	23	05
7	Rr	9825	0.395	23	10
7	Rr	9317	0.375	23	15
7	Rr	11056	0.445	23	20
7	Rr	7759	0.312	23	25
7	Rr	7237	0.291	23	30
7	Rr	6308	0.254	23	35
7	Rr	7730	0.311	23	40
7	Rr	7612	0.306	23	45
7	Rr	8704	0.350	23	50
7	Rr	8384	0.337	23	55
o	*f	0R	r
o	lRQ	1	2484693	3562356307	[unresolved numerical addresses]
Z	*f	-20R	r
Z	lRb	1	129554	2.566	66.249
Z	lRb	1	88656	1.794	34
Z	lRb	1	87283	3.582	98
Z	lRb	1	70079	2.524	51
Z	lRb	1	66030	2.025	35
Z	lRb	1	50207	0.003	205.254
Z	lRb	1	47750	1.401	69
Z	lRb	1	44291	1.170	104
Z	lRb	1	42515	2.897	54
Z	lRb	1	41614	0.000	216.147
Z	lRb	1	39487	0.506	49
Z	lRb	1	34940	2.331	40
Z	lRb	1	34880	0.734	47
Z	lRb	1	33851	0.945	123
Z	lRb	1	33639	1.032	52
Z	lRb	1	29705	0.001	66.9
Z	lRb	1	29041	0.344	45
Z	lRb	1	28800	1.160	76
Z	lRb	1	26866	2.469	157.55
Z	lRb	1	26764	0.641	46
Z	lRb	1	1498741	71.874	[not listed: 9520]
S	*f	-50P	r
S	Rb	9483	0.003	66.249.66.195
S	Rb	8798	0.000	66.249.66.196
S	Rb	7224	0.000	66.249.66.197
S	Rb	6108	0.000	66.249.66.72
S	Rb	5304	0.222	216.244.66.229
S	Rb	5041	0.000	66.249.66.73
S	Rb	4829	0.001	66.249.66.74
S	Rb	4702	0.294	14.33.246.211
S	Rb	4429	0.027	162.55.85.223
S	Rb	4172	0.107	68.66.226.98
S	Rb	3517	0.000	66.249.66.166
S	Rb	3370	0.097	51.222.253.16
S	Rb	3347	0.120	51.222.253.7
S	Rb	3248	0.184	192.99.15.146
S	Rb	3170	0.121	51.222.253.1
S	Rb	3169	0.106	51.222.253.6
S	Rb	3168	0.121	51.222.253.18
S	Rb	3158	0.115	51.222.253.15
S	Rb	3114	0.107	51.222.253.14
S	Rb	3111	0.117	51.222.253.5
S	Rb	2596	0.076	40.88.21.235
S	Rb	2542	0.020	49.7.20.111
S	Rb	2489	0.009	49.7.20.105
S	Rb	2232	0.000	66.249.66.164
S	Rb	2216	0.000	82.16.45.40
S	Rb	2091	0.000	66.249.66.165
S	Rb	2003	0.009	78.129.149.5
S	Rb	1992	0.051	66.249.75.109
S	Rb	1829	0.111	37.59.14.116
S	Rb	1781	0.161	75.98.173.33
S	Rb	1736	0.215	79.125.27.96
S	Rb	1669	0.014	52.35.20.1
S	Rb	1603	0.028	212.99.44.81
S	Rb	1597	0.097	78.155.138.20
S	Rb	1566	0.000	62.194.247.203
S	Rb	1543	0.055	199.21.99.79
S	Rb	1529	0.016	52.35.117.102
S	Rb	1467	0.000	49.7.20.135
S	Rb	1459	0.008	92.249.127.111
S	Rb	1373	0.003	34.73.206.133
S	Rb	1352	0.045	49.7.20.102
S	Rb	1330	0.014	109.102.111.58
S	Rb	1304	0.144	5.196.13.127
S	Rb	1285	0.033	144.76.27.118
S	Rb	1276	0.089	208.115.113.82
S	Rb	1270	0.048	95.108.248.29
S	Rb	1199	0.000	35.196.21.185
S	Rb	1161	0.011	195.191.219.132
S	Rb	1155	0.173	75.98.173.84
S	Rb	1142	0.001	91.207.9.226
S	Rb	2342444	96.827	[not listed: 121995]
s	*FR	2013	12	18	21	53
s	*LR	2025	01	22	05	59
s	*f	-20R	s
s	lRS	1	814745	830	http://www.gtaeronautics.com/
s	lRS	1	280604	533	http://gtaeronautics.com/
s	lRS	1	13619	15	https://www.google.com/
s	lRS	1	1955	4	http://www.google.com/
s	lRS	1	749	1	https://www.bing.com/
s	lRS	1	450	1	https://www.griffinarchitectspa.com/
s	lRS	1	1407	0	http://www.baidu.com/
s	lRS	1	1275	0	https://m.baidu.com/
s	lRS	1	1159	0	http://www.trainingindustry.com/
s	lRS	1	613	0	https://quark.sm.cn/
s	lRS	1	609	0	http://www.mfgpages.com/
s	lRS	1	604	0	http://www.openfos.com/
s	lRS	1	580	0	http://baidu.com/
s	lRS	1	517	0	http://www.topicway.com/
s	lRS	1	476	0	https://google.com/
s	lRS	1	462	0	http://anti-crisis-seo.com/
s	lRS	1	420	0	http://122.144.179.12/
s	lRS	1	399	0	https://www.thomasnet.com/
s	lRS	1	395	0	http://uptime.com/
s	lRS	1	362	0	http://semalt.semalt.com/
s	lRS	1	53096	6	[not listed: 4473]
f	*FR	2013	12	18	21	53
f	*LR	2025	01	22	05	59
f	*f	-30R	s
f	lRS	1	624561	657	http://www.gtaeronautics.com/
f	lRS	1	66926	315	http://gtaeronautics.com/CompNews.html
f	lRS	1	137631	135	http://gtaeronautics.com/
f	lRS	1	27031	33	http://www.gtaeronautics.com/aboutus.html
f	lRS	1	8430	22	http://www.gtaeronautics.com/CompNews.html
f	lRS	1	4345	21	http://www.gtaeronautics.com/GT100HL RPAS.html
f	lRS	1	12109	18	http://www.gtaeronautics.com/UASFC.html
f	lRS	1	5743	13	http://gtaeronautics.com/aboutus.html
f	lRS	1	12788	12	https://www.google.com/
f	lRS	1	8199	12	http://www.gtaeronautics.com/GT380 RPAS.html
f	lRS	1	6851	12	http://gtaeronautics.com/contactus.html
f	lRS	1	13518	11	http://www.gtaeronautics.com/CCT&M.html
f	lRS	1	8941	11	http://www.gtaeronautics.com/ConsultingA.html
f	lRS	1	6466	11	http://www.gtaeronautics.com/SRU.html
f	lRS	1	23637	7	http://gtaeronautics.com/links.html
f	lRS	1	4965	7	http://www.gtaeronautics.com/IndNews.html
f	lRS	1	4187	6	http://gtaeronautics.com/ConsultingA.html
f	lRS	1	4149	6	http://gtaeronautics.com/CCT&M.html
f	lRS	1	4202	5	http://www.gtaeronautics.com/CFMT.html
f	lRS	1	6252	4	http://gtaeronautics.com/IndNews.html
f	lRS	1	5738	3	http://www.gtaeronautics.com/RD.html
f	lRS	1	5730	3	http://gtaeronautics.com/index.html
f	lRS	1	6201	2	http://www.gtaeronautics.com/GT50T RPAS.html
f	lRS	1	3072	2	http://www.gtaeronautics.com/uasfc.html
f	lRS	1	9018	1	http://www.gtaeronautics.com/contactus.html
f	lRS	1	5620	1	http://www.gtaeronautics.com/pna.html
f	lRS	1	21812	0	http://www.gtaeronautics.com/index.html
f	lRS	1	8006	0	http://www.gtaeronautics.com/compnews.html
f	lRS	1	6026	0	http://www.gtaeronautics.com/GT1500 RPAS.html
f	lRS	1	4202	0	http://www.gtaeronautics.com/consultinga.html
f	lRS	1	108140	60	[not listed: 5221]
n	*FR	2013	12	19	00	28
n	*LR	2020	10	14	09	11
n	*f	0.500000%Q	s
n	Rq	1	1514.245	kit
n	Rq	2	3028.491	crew
n	Rq	1	1514.245	method
n	Rq	28	5673.482	aeronautical
n	Rq	1	1514.245	airplane.com
n	Rq	5	661.248	faa
n	Rq	40	938.997	gt
n	Rq	1	1514.245	moldings
n	Rq	1	1514.245	taranis
n	Rq	1	1514.245	twin
n	Rq	2	1514.245	installerex
n	Rq	2	1514.245	http://gtaeronautics.com/
n	Rq	20	1322.496	in
n	Rq	1	1514.245	scale
n	Rq	1	1514.245	observer
n	Rq	1	1514.245	drawing?
n	Rq	2	1514.245	is
n	Rq	1	1514.245	making
n	Rq	2	3028.491	fiber
n	Rq	1	1514.245	mitsubishi
n	Rq	1	1514.245	fuze
n	Rq	1	1514.245	http://www.gtaeronautics.com/indnews.html
n	Rq	1	1514.245	consultant
n	Rq	92	1514.245	semalt.com
n	Rq	15	6056.981	manufacturing
n	Rq	1	1514.245	2
n	Rq	1	1514.245	base
n	Rq	14	469.499	6
n	Rq	1	1514.245	http://gtaeronautics.com/indnews.html
n	Rq	1	1514.245	always
n	Rq	28	3306.240	engineering
n	Rq	1	1514.245	northrop
n	Rq	1	1514.245	bandwidth
n	Rq	1	1514.245	vegas
n	Rq	3	3028.491	basic
n	Rq	1	1514.245	qinetiq
n	Rq	1	1514.245	tooling
n	Rq	1	1514.245	heavy
n	Rq	1	1514.245	on
n	Rq	9	5203.984	drawings
n	Rq	1	1514.245	fia
n	Rq	4	1514.245	louis%20vuitton%20fashion%20valley%20phone%20number
n	Rq	3	4542.736	rullman
n	Rq	3	1514.245	llc
n	Rq	1	1514.245	cowling
n	Rq	32	4542.736	sale
n	Rq	64	2175.493	outlet
n	Rq	1	1514.245	rotax
n	Rq	1	1514.245	ucav
n	Rq	28	1791.994	texan
n	Rq	1	1514.245	a
n	Rq	2	1514.245	customer
n	Rq	1	1514.245	rpa
n	Rq	2	3028.491	110cc
n	Rq	30	1514.245	designer
n	Rq	20	661.248	www.gtaeronautics.com
n	Rq	1	1514.245	work
n	Rq	1	1514.245	thomas
n	Rq	1	1514.245	engie
n	Rq	1	1514.245	qualification
n	Rq	1	1514.245	custom
n	Rq	1	1514.245	mk3
n	Rq	1	1514.245	t
n	Rq	1	1514.245	w
n	Rq	1	1514.245	uavs
n	Rq	2	1514.245	satisfaction
n	Rq	2	3028.491	x
n	Rq	1	1514.245	crews
n	Rq	3	1514.245	photos
n	Rq	1	1514.245	finnemeccia
n	Rq	2	3028.491	glass
n	Rq	1	4542.736	to
n	Rq	5	661.248	engineer
n	Rq	1	1514.245	government
n	Rq	1	1514.245	gcs
n	Rq	1	1514.245	operator
n	Rq	1	1514.245	with
n	Rq	6	2175.493	aircraft
n	Rq	97	3028.491	number
n	Rq	4	4542.736	for
n	Rq	2	3028.491	aero
n	Rq	1	1514.245	december
n	Rq	9	3028.491	equipment
n	Rq	2	3028.491	engine
n	Rq	1	1514.245	mq1
n	Rq	2	3028.491	wy
n	Rq	1	1514.245	custum
n	Rq	1	1514.245	g.t
n	Rq	1	1514.245	mechanics
n	Rq	1	3028.491	motors
n	Rq	1	1514.245	tdw
n	Rq	32	661.248	luggage
n	Rq	1	1514.245	opportunities
n	Rq	175	5012.234	vuitton
n	Rq	1	4542.736	the
n	Rq	1	1514.245	show
n	Rq	1	1514.245	luggages
n	Rq	1	1514.245	stroke
n	Rq	2	1514.245	explore
n	Rq	39	3028.491	handbags
n	Rq	2	3028.491	electric
n	Rq	1	3028.491	air
n	Rq	1	1514.245	space
n	Rq	1	1514.245	quote
n	Rq	1	1514.245	require
n	Rq	1	1514.245	mpp
n	Rq	4	3028.491	jobs
n	Rq	5	661.248	uas
n	Rq	1	1514.245	anything
n	Rq	1	1514.245	china
n	Rq	1	1514.245	airplane
n	Rq	10	1322.496	uav
n	Rq	2	1514.245	wmaid.com
n	Rq	3	6056.981	drone
n	Rq	2	1514.245	facebook
n	Rq	7	3689.738	fiberglass
n	Rq	1	1514.245	college
n	Rq	4	6056.981	onboard
n	Rq	3	3028.491	gtaeronautics.com
n	Rq	1	1514.245	qulificationa
n	Rq	21	5865.232	simi
n	Rq	1	1514.245	and
n	Rq	5	4542.736	flight
n	Rq	17	5865.232	at6
n	Rq	1	1514.245	xtreme
n	Rq	1	1514.245	maintenance
n	Rq	1	1514.245	cody
n	Rq	1	1514.245	any
n	Rq	1	1514.245	tom
n	Rq	1	1514.245	systems
n	Rq	1	1514.245	payload
n	Rq	2	3028.491	gta
n	Rq	2	1514.245	granger
n	Rq	8	3689.738	extreme
n	Rq	6	661.248	molding
n	Rq	2	1514.245	easylifeapp
n	Rq	1	1514.245	rating
n	Rq	2	1514.245	whitelaw
n	Rq	126	3689.738	fashion
n	Rq	2	3028.491	ice
n	Rq	2	1514.245	http://www.gtaeronautics.com/compnews.html
n	Rq	5	3028.491	engineers
n	Rq	3	3028.491	composite
n	Rq	1	1514.245	skyforce
n	Rq	1	1514.245	eengineer
n	Rq	175	5012.234	louis
n	Rq	4	6056.981	starter
n	Rq	8	1514.245	store
n	Rq	14	6056.981	cheap
n	Rq	10	6718.229	bme
n	Rq	1	1514.245	diamond
n	Rq	1	1514.245	america2009
n	Rq	7	1514.245	content
n	Rq	2	3028.491	aeronautic
n	Rq	1	1514.245	challenge
n	Rq	1	1514.245	piece
n	Rq	1	1514.245	how
n	Rq	1	1514.245	male
n	Rq	2	3028.491	design
n	Rq	2	3028.491	flying
n	Rq	1	1514.245	carbon
n	Rq	1	1514.245	operation
n	Rq	2	1514.245	profile
n	Rq	1	1514.245	tomas
n	Rq	1	1514.245	cia
n	Rq	1	1514.245	hummingbird
n	Rq	1	1514.245	iron
n	Rq	1	1514.245	california
n	Rq	1	1514.245	amphibian
n	Rq	1	1514.245	110
n	Rq	1	1514.245	mentioned
n	Rq	1	1514.245	111
n	Rq	1	1514.245	over
n	Rq	25	5673.482	http://www.gtaeronautics.com/
n	Rq	1	1514.245	google.com
n	Rq	1	1514.245	fuel
n	Rq	2	1514.245	inc
n	Rq	1	1514.245	handbag.com
n	Rq	1	1514.245	da42
n	Rq	2	3028.491	certification
n	Rq	1	1514.245	2015
n	Rq	1	1514.245	timing
n	Rq	1	1514.245	home
n	Rq	1	1514.245	aerospacecompanies
n	Rq	1	1514.245	anti
n	Rq	1	1514.245	ziroli
n	Rq	1	1514.245	sketches
n	Rq	5	1514.245	purses
n	Rq	1	1514.245	downlink
n	Rq	3	1514.245	aeronotics
n	Rq	1	1514.245	nanotechnology
n	Rq	1	1514.245	zephyr
n	Rq	4	1514.245	wyoming
n	Rq	2	1514.245	technology
n	Rq	3	4542.736	companies
n	Rq	1	1514.245	muffler
n	Rq	2	1514.245	avia
n	Rq	2	1514.245	what
n	Rq	145	1130.746	valley
n	Rq	1	1514.245	microwave
n	Rq	1	1514.245	mold
n	Rq	5	6056.981	pglm
n	Rq	1	1514.245	specialist
n	Rq	23	2644.992	drawing
n	Rq	1	1514.245	tool
n	Rq	1	1514.245	security
n	Rq	6	3028.491	prototypes
n	Rq	1	1514.245	giant
n	Rq	1	1514.245	powell
n	Rq	8	3689.738	aerospace
n	Rq	34	4820.485	aeronautics
n	Rq	4	6056.981	unmanned
n	Rq	1	1514.245	radius
n	Rq	1	1514.245	zero
n	Rq	1	1514.245	tobbot
n	Rq	2	3028.491	neverfull
n	Rq	2	3028.491	job
n	Rq	1	1514.245	onbordstarter
n	Rq	1	3028.491	as
n	Rq	20	6056.981	ca
n	Rq	13	5865.232	at
n	Rq	5	661.248	techniques
n	Rq	1	1514.245	does
n	Rq	1	1514.245	commercial
n	Rq	1	1514.245	www.gt
n	Rq	1	1514.245	de
n	Rq	1	1514.245	co
n	Rq	1	1514.245	speedy
n	Rq	1	1514.245	rpas
n	Rq	2	3028.491	instrument
n	Rq	1	1514.245	do
n	Rq	1	1514.245	efi
n	Rq	3	4542.736	training
n	Rq	1	1514.245	quotation
n	Rq	1	1514.245	careers
n	Rq	3	4542.736	pilot
n	Rq	9	5203.984	bandito
n	Rq	4	6056.981	quotes
n	Rq	107	6056.981	phone
n	Rq	1	1514.245	stations
n	Rq	1	1514.245	traing
N	*FR	2013	12	19	00	28
N	*LR	2020	10	14	09	11
N	*f	-200Q	s
N	RQ	9	4175783510	at 6 texan
N	RQ	6	3764778136	texan at6
N	RQ	5	3764778136	bandito pglm
N	RQ	25	3526410564	http://www.gtaeronautics.com/
N	RQ	8	3234588976	at6 texan
N	RQ	3	2823583602	bandito uav
N	RQ	3	2823583602	onboard starter
N	RQ	14	2704399816	aeronautical engineering drawing
N	RQ	2	1882389068	fiberglass molding techniques
N	RQ	6	1882389068	manufacturing aeronautical prototypes
N	RQ	19	1882389068	louis vuitton luggage outlet
N	RQ	10	1882389068	louis vuitton fashion valley phone
N	RQ	97	1882389068	louis vuitton fashion valley phone number
N	RQ	2	1882389068	texan at 6
N	RQ	18	1882389068	louis vuitton fashion valley ca
N	RQ	7	1352199908	bme extreme
N	RQ	7	1352199908	aerospace engineering drawings
N	RQ	1	941194534	uavs flying over simi valley ca
N	RQ	1	941194534	gt aeronautics simi valley california
N	RQ	1	941194534	aeronautical engineer quote
N	RQ	1	941194534	does aeronautical engineering require drawing?
N	RQ	1	941194534	how to do gt in engineering drawing
N	RQ	2	941194534	http://gtaeronautics.com/
N	RQ	1	941194534	the government college g.t aeronautics
N	RQ	1	941194534	bme engine
N	RQ	1	941194534	uas gcs
N	RQ	1	941194534	http://www.gtaeronautics.com/indnews.html
N	RQ	92	941194534	semalt.com
N	RQ	1	941194534	aero iron mentioned nanotechnology hummingbird uav
N	RQ	1	941194534	basic fiberglass techniques
N	RQ	1	941194534	http://gtaeronautics.com/indnews.html
N	RQ	1	941194534	finnemeccia co
N	RQ	2	941194534	drawing for customer satisfaction
N	RQ	1	941194534	cheap louis vuitton speedy handbag.com
N	RQ	1	941194534	at 6
N	RQ	1	941194534	quotation specialist engineer drawings
N	RQ	1	941194534	challenge xtreme 111 piece mechanics tool kit
N	RQ	1	941194534	uav commercial crew stations
N	RQ	1	941194534	da42 mpp microwave downlink bandwidth
N	RQ	1	941194534	anti ice de ice qinetiq zephyr
N	RQ	4	941194534	louis%20vuitton%20fashion%20valley%20phone%20number
N	RQ	1	941194534	faa uas pilot certification
N	RQ	1	941194534	any flying crews in gta
N	RQ	1	941194534	fiber glass molding job
N	RQ	1	941194534	aerospace drawing
N	RQ	1	941194534	aircraft design consultant
N	RQ	1	941194534	www.gt airplane.com
N	RQ	3	941194534	gt in aeronotics
N	RQ	1	941194534	tom rullman
N	RQ	1	941194534	gt aeronautics simi valley ca
N	RQ	1	941194534	drone base in simi valley
N	RQ	1	941194534	fiberglass mold making techniques
N	RQ	1	941194534	rpa instrument qualification faa instrument rating
N	RQ	1	941194534	extreme bme
N	RQ	1	941194534	uas faa maintenance
N	RQ	1	941194534	louis vuitton neverfull
N	RQ	1	941194534	fiberglass techniques
N	RQ	1	941194534	aircraft companies in simi valley
N	RQ	1	941194534	custom fiberglass moldings
N	RQ	1	941194534	anything
N	RQ	11	941194534	louis vuitton luggage cheap
N	RQ	1	941194534	aeronautical engineering sketches
N	RQ	1	941194534	gtaeronautics.com
N	RQ	1	941194534	giant scale ziroli at 6
N	RQ	9	941194534	outlet louis vuitton handbags
N	RQ	1	941194534	cowling drawing
N	RQ	1	941194534	mitsubishi zero
N	RQ	1	941194534	powell wy gt aeronautics
N	RQ	2	941194534	what is gt in basic engineering drawing
N	RQ	2	941194534	composite molding
N	RQ	1	941194534	aeronautics in simi valley and security work
N	RQ	3	941194534	gt aeronautics llc jobs
N	RQ	1	941194534	crew flight gta
N	RQ	1	941194534	110cc engine timing
N	RQ	1	941194534	aeronautical engineer quotes
N	RQ	2	941194534	http://www.gtaeronautics.com/compnews.html
N	RQ	4	941194534	wyoming flight engineers
N	RQ	1	941194534	a t 6
N	RQ	1	941194534	gt aeronautics unmanned air
N	RQ	1	941194534	fia gt composite tooling
N	RQ	1	941194534	uas pilot certification
N	RQ	1	941194534	quotes on aeronautical engineers
N	RQ	1	941194534	payload for diamond northrop twin engie aircraft
N	RQ	7	941194534	content
N	RQ	1	941194534	bme 110
N	RQ	1	941194534	thomas w rullman gt aeronautics
N	RQ	1	941194534	luggages for sale
N	RQ	2	941194534	easylifeapp profile
N	RQ	2	941194534	simi gt
N	RQ	1	941194534	mq1 design fuel
N	RQ	1	941194534	airplane as always cia america2009
N	RQ	1	941194534	heavy equipment operator jobs
N	RQ	1	941194534	eengineer drawing home
N	RQ	1	941194534	cheap louis vuitton luggage
N	RQ	1	941194534	aero space drone simi valley
N	RQ	1	941194534	2 stroke electric onboard starter
N	RQ	1	941194534	simi valley unmanned aircraft
N	RQ	1	941194534	skyforce observer mk3
N	RQ	2	941194534	granger whitelaw avia
N	RQ	1	941194534	louis vuitton fashion valley neverfull
N	RQ	1	941194534	louis vuitton job opportunities
N	RQ	1	941194534	google.com
N	RQ	1	941194534	uas operation training method
N	RQ	2	941194534	wmaid.com explore gtaeronautics.com
N	RQ	1	941194534	custum muffler 110cc
N	RQ	1	941194534	glass manufacturing drawings
N	RQ	1	941194534	electric motors x male uav x sale
N	RQ	1	941194534	aerospacecompanies in simi valley
N	RQ	1	941194534	fiberglass molding
N	RQ	2	941194534	aeronautical technology inc
N	RQ	1	941194534	taranis ucav
N	RQ	1	941194534	vegas drone uav show december 2015
N	RQ	1	941194534	uav companies in simi valley
N	RQ	1	941194534	unmanned aircraft systems pilot training
N	RQ	2	941194534	installerex facebook
N	RQ	3	941194534	texan at6 photos
N	RQ	1	941194534	aeronautic engineer
N	RQ	30	941194534	designer handbags outlet sale
N	RQ	1	941194534	rpas qulificationa traing with faa
N	RQ	1	941194534	faa uav training
N	RQ	1	941194534	uav companies simi valley
N	RQ	5	941194534	louis vuitton purses outlet
N	RQ	1	941194534	aeronautics
N	RQ	1	941194534	cheap louis vuitton luggage outlet
N	RQ	1	941194534	gt aeronautics tomas rullman
N	RQ	1	941194534	tobbot
N	RQ	1	941194534	radius tdw efi fuze
N	RQ	8	941194534	manufacturing equipment store in simi valley
N	RQ	1	941194534	onbordstarter
N	RQ	1	941194534	aeronautic engineer quotes
N	RQ	1	941194534	rotax amphibian unmanned china
N	RQ	1	941194534	aeronautical engineering quotes
N	RQ	1	941194534	drawing aircraft engineering
N	RQ	1	941194534	gt aeronautics careers
N	RQ	1	941194534	gt aeronautics bandito
N	RQ	1	941194534	cody wy carbon fiber
N	RQ	20	411005374	www.gtaeronautics.com
N	RQ	20	291821588	gt aeronautics
B	*f	-40R	r
B	Rb	143262	0.000	Mozilla/5.0 (Windows NT 6.1; Win64; x64; rv:109.0) Gecko/20100101 Firefox/115.0
B	Rb	87690	2.898	Mozilla/5.0 (compatible; AhrefsBot/7.0;  http://ahrefs.com/robot/)
B	Rb	71734	1.638	ZoominfoBot (zoominfobot at zoominfo dot com)
B	Rb	71302	1.116	Sogou web spider/4.0( http://www.sogou.com/docs/help/webmasters.htm#07)
B	Rb	61347	1.266	Mozilla/5.0 (compatible; Googlebot/2.1;  http://www.google.com/bot.html)
B	Rb	40898	4.266	Mozilla/5.0 (compatible; bingbot/2.0;  http://www.bing.com/bingbot.htm)
B	Rb	26670	2.168	Mozilla/5.0 (Windows NT 6.3; WOW64) AppleWebKit/537.36 (KHTML, like Gecko) Chrome/33.0.1736.0 Safari/537.36
B	Rb	25920	0.266	Googlebot-Image/1.0
B	Rb	16360	0.000	Mozilla/5.0 AppleWebKit/537.36 (KHTML, like Gecko; compatible; bingbot/2.0;  http://www.bing.com/bingbot.htm) Chrome/116.0.1938.76 Safari/537.36
B	Rb	16326	0.954	Mozilla/4.0 (compatible; MSIE 6.0; Windows NT 5.1; SV1)
B	Rb	16122	0.000	Mozilla/5.0 (Linux; Android 5.0) AppleWebKit/537.36 (KHTML, like Gecko) Mobile Safari/537.36 (compatible; Bytespider; spider-feedback@bytedance.com)
B	Rb	15322	0.333	Mozilla/5.0 (Macintosh; Intel Mac OS X 10_15_5) AppleWebKit/605.1.15 (KHTML, like Gecko) Version/13.1.1 Safari/605.1.15 (Applebot/0.1;  http://www.apple.com/go/applebot)
B	Rb	14304	0.000	Mozilla/5.0 (Windows NT 10.0; Win64; x64) AppleWebKit/537.36 (KHTML, like Gecko) Chrome/120.0.0.0 Safari/537.36
B	Rb	14285	1.399	Mozilla/5.0 (compatible; YandexBot/3.0;  http://yandex.com/bots)
B	Rb	13947	0.000	Mozilla/5.0 (compatible; Bytespider; spider-feedback@bytedance.com) AppleWebKit/537.36 (KHTML, like Gecko) Chrome/70.0.0.0 Safari/537.36
B	Rb	13434	0.000	Mozilla/5.0 (Windows NT 10.0; Win64; x64) AppleWebKit/537.36 (KHTML, like Gecko) Chrome/114.0.0.0 Safari/537.36
B	Rb	12964	1.355	Mozilla/5.0 (iPhone; CPU iPhone OS 7_0 like Mac OS X) AppleWebKit/537.51.1 (KHTML, like Gecko) Version/7.0 Mobile/11A465 Safari/9537.53 (compatible; bingbot/2.0;  http://www.bing.com/bingbot.htm)
B	Rb	12134	0.689	Mozilla/5.0 (compatible; Baiduspider/2.0;  http://www.baidu.com/search/spider.html)
B	Rb	11116	0.000	Mozilla/5.0 (Windows NT 10.0; Win64; x64) AppleWebKit/537.36 (KHTML, like Gecko) Chrome/124.0.0.0 Safari/537.36
B	Rb	10819	0.424	Mozilla/5.0 (Macintosh; Intel Mac OS X 10.11; rv:52.0) Gecko/20100101 Firefox/52.0
B	Rb	10326	0.616	Mozilla/5.0 (Windows NT 6.1; WOW64; Trident/7.0; rv:11.0) like Gecko
B	Rb	10200	0.000	Mozilla/5.0 (Windows NT 10.0; Win64; x64) AppleWebKit/537.36 (KHTML, like Gecko) Chrome/122.0.0.0 Safari/537.36
B	Rb	9938	0.000	Mozilla/5.0 (Windows NT 10.0; Win64; x64) AppleWebKit/537.36 (KHTML, like Gecko) Chrome/121.0.0.0 Safari/537.36
B	Rb	9691	0.026	Mozilla/5.0 (iPhone; CPU iPhone OS 13_2_3 like Mac OS X) AppleWebKit/605.1.15 (KHTML, like Gecko) Version/13.0.3 Mobile/15E148 Safari/604.1
B	Rb	9648	0.435	Mozilla/5.0 AppleWebKit/537.36 (KHTML, like Gecko; compatible; bingbot/2.0;  http://www.bing.com/bingbot.htm) Chrome/103.0.5060.134 Safari/537.36
B	Rb	9636	0.400	Mozilla/5.0 (Windows NT 5.1; rv:17.0) Gecko/20100101 Firefox/17.0
B	Rb	8360	0.067	Mozilla/5.0 (Windows NT 10.0; Win64; x64) AppleWebKit/537.36 (KHTML, like Gecko) Chrome/113.0.0.0 Safari/537.36
B	Rb	8061	0.886	Mozilla/4.0 (compatible; MSIE 7.0; Windows NT 5.1; .NET CLR 1.1.4322; .NET CLR 2.0.50727)
B	Rb	8055	0.246	Mozilla/5.0 (compatible; MJ12bot/v1.4.8; http://mj12bot.com/)
B	Rb	8004	0.220	Mozilla/5.0 (Linux; Android 6.0.1; Nexus 5 Build/MRA58N) AppleWebKit/537.36(KHTML, like Gecko) Chrome/66.0.3359.30 Mobile Safari/537.36
B	Rb	7887	0.190	Mozilla/5.0 (compatible; BLEXBot/1.0;  http://webmeup-crawler.com/)
B	Rb	7865	0.000	Mozilla/5.0 (Windows NT 10.0; Win64; x64) AppleWebKit/537.36 (KHTML, like Gecko) Chrome/116.0.0.0 Safari/537.36
B	Rb	7648	0.000	Mozilla/5.0 (Windows NT 10.0; Win64; x64) AppleWebKit/537.36 (KHTML, like Gecko) Chrome/126.0.0.0 Safari/537.36
B	Rb	7614	0.000	Mozilla/5.0 (Windows NT 10.0; Win64; x64) AppleWebKit/537.36 (KHTML, like Gecko) HeadlessChrome/128.0.0.0 Safari/537.36
B	Rb	7576	0.479	PRurl
B	Rb	7540	0.408	Mozilla/5.0 (compatible; Yahoo! Slurp; http://help.yahoo.com/help/us/ysearch/slurp)
B	Rb	7414	0.000	Mozilla/5.0 (Windows NT 10.0; Win64; x64) AppleWebKit/537.36 (KHTML, like Gecko) Chrome/131.0.0.0 Safari/537.36
B	Rb	7221	0.210	Mozilla/4.0 (compatible; MSIE 6.0; Windows NT 5.1; SV1; .NET CLR 2.0.50727)
B	Rb	7181	0.200	Mozilla/4.0 (compatible;)
B	Rb	7035	0.000	Mozilla/5.0 (Windows NT 10.0; Win64; x64) AppleWebKit/537.36 (KHTML, like Gecko) Chrome/119.0.0.0 Safari/537.36
B	Rb	1606160	76.844	[not listed: 23846]
b	*f	-15Q	s
b	lRQq	1	527272	4242290753	229.130	Netscape (compatible)
b	lRQq	1	71307	3764778159	203.339	Sogou web spider
b	lRQq	2	71302	2823583625	152.504	Sogou web spider/4
b	lRQq	2	5	941194534	50.835	Sogou web spider/3
b	lRQq	1	361	4175783510	225.538	Googlebot
b	lRQq	2	163	1352199908	73.034	Googlebot/2
b	lRQq	2	7	1882389068	101.670	Googlebot/Nutch-2
b	lRQq	1	1689	3764778137	203.339	CCBot
b	lRQq	2	1614	2823583603	152.504	CCBot/2
b	lRQq	2	75	941194534	50.835	CCBot/1
b	lRQq	1	30	4175783510	225.538	LWP::Simple
b	lRQq	2	13	3764778136	203.339	LWP::Simple/5
b	lRQq	2	17	411005374	22.199	LWP::Simple/6
b	lRQq	1	448	4056599724	219.101	Wget
b	lRQq	2	448	4056599724	219.101	Wget/1
b	lRQq	1	154	4056599724	219.101	User-Agent: Mozilla
b	lRQq	2	154	4056599724	219.101	User-Agent: Mozilla/5
b	lRQq	1	1300	3937415938	212.664	Scrapy
b	lRQq	2	1046	4175783510	225.538	Scrapy/2
b	lRQq	2	248	3645594350	196.902	Scrapy/1
b	lRQq	2	6	411005374	22.199	Scrapy/0
b	lRQq	1	91	3937415938	212.664	mozilla
b	lRQq	2	72	2055026870	110.994	mozilla/5
b	lRQq	1	1011	3818232152	206.226	Dalvik
b	lRQq	2	984	4056599724	219.101	Dalvik/2
b	lRQq	2	27	4056599724	219.101	Dalvik/1
b	lRQq	1	5	3764778136	203.339	QuickTime
b	lRQq	2	5	3764778136	203.339	QuickTime/7
b	lRQq	1	54	3764778136	203.339	rogerbot
b	lRQq	2	54	3764778136	203.339	rogerbot/1
b	lRQq	1	974	3764778136	203.339	serpstatbot
b	lRQq	2	894	1882389068	101.670	serpstatbot/2
b	lRQq	2	80	1882389068	101.670	serpstatbot/1
b	lRQq	1	6	3764778136	203.339	Mechanize
b	lRQq	2	6	3764778136	203.339	Mechanize/2
b	lRQq	1	14	3764778136	203.339	${jndi:ldap:
b	lRQq	2	2	941194534	50.835	${jndi:ldap://144
b	lRQq	2	4	941194534	50.835	${jndi:ldap://188
b	lRQq	2	4	941194534	50.835	${jndi:ldap://167
b	lRQq	2	4	941194534	50.835	${jndi:ldap://51
b	lRQq	1	1864300	3227449792	174.318	[not listed: 964]
p	*f	0Q	s
p	lR	1	1190020	Windows
p	lR	2	447908	Windows NT
p	lR	2	469329	Unknown Windows
p	lR	2	256286	Windows XP
p	lR	2	2238	Windows 95
p	lR	2	425	Windows CE
p	lR	2	2391	Windows 98
p	lR	2	9613	Windows 2000
p	lR	2	389	Windows 3.1
p	lR	2	1441	Windows ME
p	lR	1	275330	Macintosh
p	lR	2	265258	Unknown Macintosh
p	lR	2	3278	Macintosh PowerPC
p	lR	2	6794	Macintosh 68k
p	lR	1	466362	OS unknown
p	lR	1	230571	Unix
p	lR	2	225768	Linux
p	lR	2	22	SunOS
p	lR	2	72	BSD
p	lR	2	4706	Other Unix
p	lR	2	3	HP-UX
p	lR	1	306650	Known robots
p	lR	1	16	WebTV
p	lR	1	13	BeOS
p	lR	1	47	OS/2
p	lR	1	7	Amiga
i	*f	0R	s
i	lRc	1	972853	0.000	/images/
i	lRc	1	1165269	0.000	[root directory]
i	lRc	1	213906	0.000	/js/
i	lRc	1	110062	0.000	/css/
i	lRc	1	20820	0.000	/uploads/
i	lRc	1	865	0.000	/videos/
i	lRc	1	541	0.000	/client/
i	lRc	1	1	0.000	/cgi-bin/
i	lRc	1	6	0.000	/databases/
i	lRc	1	295	0.000	/dev/
i	lRc	2	24	0.000	/dev/css/
i	lRc	2	46	0.000	/dev/js/
i	lRc	2	81	0.000	/dev/images/
i	lRc	1	1	0.000	/secure/
i	lRc	1	74	0.000	/stats/
r	*f	0.050000%S	s
r	lRSc	1	36513	38	0.000	/contactus.html
r	lRSc	1	47990	35	0.000	/compnews.html
r	lRSc	1	47718	26	0.000	/aboutus.html
r	lRSc	1	31143	24	0.000	/cct&m.html
r	lRSc	1	48377	23	0.000	/links.html
r	lRSc	1	32269	23	0.000	/consultinga.html
r	lRSc	1	27979	18	0.000	/pna.html
r	lRSc	1	35168	17	0.000	/uasfc.html
r	lRSc	1	21543	17	0.000	/sru.html
r	lRSc	1	29741	17	0.000	/cfmt.html
r	lRSc	1	23714	17	0.000	/faq.html
r	lRSc	1	27370	16	0.000	/indevents.html
r	lRSc	1	24151	15	0.000	/employment.html
r	lRSc	1	16108	14	0.000	/gt50t+rpas.html
r	lRSc	1	16846	14	0.000	/gt1500+rpas.html
r	lRSc	1	12617	14	0.000	/gt100hl+rpas.html
r	lRSc	1	17110	13	0.000	/gt380+rpas.html
r	lRSc	1	33523	8	0.000	/indnews.html
r	lRSc	2	141	0	0.000	/indnews.html?referer=www.clickfind.com.au/wp-login.php
r	lRSc	2	1	0	0.000	/indnews.html?referer=top1.co.pl
r	lRSc	2	1	0	0.000	/indnews.html?referer=www.clickfind.com.au//wp-content/themes/busybee/thumb.php?src=http://blogger.com.opontodaarte.com.br/java.php
r	lRSc	1	16414	7	0.000	/rd.html
r	lRSc	1	2041	6	0.000	/uploads/big+horn+basin+drone+festival+event+schedule.pdf
r	lRSc	1	2938	4	0.000	/uploads/idrone-pressrelease-powell-version220119.pdf
r	lRSc	1	1995	2	0.000	/uploads/droneexpojan2022+(1).pdf
r	lRSc	1	1984	2	0.000	/uploads/bighornbasindronefestivalflyer-v2-220110.pdf
r	lRSc	1	1563	2	0.000	/uploads/2022wydronefestflyer+rev2.pdf
r	lRSc	1	5105	2	0.000	/uavengines.html
r	lRSc	1	4984	1	0.000	/banditomav.html
r	lRSc	1	2	0	0.000	/client/bandit+timeline2004.html
r	lRSc	1	1	0	0.000	/404.htm
r	lRSc	1	12	0	0.000	/client/gta010707002.html
r	lRSc	1	72	0	0.000	/client/bandito+development.html
r	lRSc	1	1	0	0.000	/stats/browserrep.html
r	lRSc	1	741	0	0.000	/gt50t rpas.html
r	lRSc	1	2	0	0.000	/dev/contactus.html
r	lRSc	1	1	0	0.000	/dev/aboutus.html
r	lRSc	1	18	0	0.000	/client/tacamo+development.html
r	lRSc	1	11	0	0.000	/client/rq2+outlaw.html
r	lRSc	1	1	0	0.000	/client/bandit timeline2008.html
r	lRSc	1	15	0	0.000	/client/bandit.html
r	lRSc	1	987	0	0.000	/gtamt.html
r	lRSc	1	2253	0	0.000	/gt1500 rpas.html
r	lRSc	1	4	0	0.000	/client/gta121004001.html
r	lRSc	1	1	0	0.000	/dev/client.cgi
r	lRSc	1	71	0	0.000	/client/bandit+development.html
r	lRSc	1	2	0	0.000	/client/bandito development.html
r	lRSc	1	2	0	0.000	/stats/domain.html
r	lRSc	1	2	0	0.000	/stats/weekly.html
r	lRSc	1	6356	0	0.000	/pridpass.html
r	lRSc	1	4795	0	0.000	/gtatexan.html
r	lRSc	1	1	0	0.000	/dev/pna.html
r	lRSc	1	1	0	0.000	/client/tacamo development.html
r	lRSc	1	4	0	0.000	/stats/index.htm
r	lRSc	1	4	0	0.000	/stats/nav.html
r	lRSc	1	4260	0	0.000	/bandituas.html
r	lRSc	1	2	0	0.000	/stats/directory.html
r	lRSc	1	2	0	0.000	/stats/organisation.html
r	lRSc	1	7	0	0.000	/client/bandit+timeline2007.html
r	lRSc	1	1	0	0.000	/dev/pridpass.html
r	lRSc	1	1	0	0.000	/client/bandito timeline2007.html
r	lRSc	1	1	0	0.000	/stats/quick.html
r	lRSc	1	135	0	0.000	/client/welcome.html
r	lRSc	1	3	0	0.000	/client/gta021305001.html
r	lRSc	1	5	0	0.000	/client/gta012405001.html
r	lRSc	1	4	0	0.000	/stats/general.html
r	lRSc	1	1	0	0.000	/stats/dailyrep.html
r	lRSc	1	1	0	0.000	/client/bandit development.html
r	lRSc	1	17	0	0.000	/client/bandit+timeline2008.html
r	lRSc	1	1	0	0.000	/client/bandito+timeline2005.html
r	lRSc	1	23	0	0.000	/client/projectbids.html
r	lRSc	1	1	0	0.000	/stats/host.html
r	lRSc	1	20	0	0.000	/client/clientpna.html
r	lRSc	1	2	0	0.000	/stats/default.asp
r	lRSc	1	21	0	0.000	/index.htm
r	lRSc	1	1	0	0.000	/cgi-bin/testms.pl
r	lRSc	1	14	0	0.000	/client/rq1+bandit.html
r	lRSc	1	6	0	0.000	/client/gta021305002.html
r	lRSc	1	24	0	0.000	/client/tacamo.html
r	lRSc	1	30	0	0.000	/client/mgqgcyat.asp
r	lRSc	1	18702	0	0.000	/default.asp
r	lRSc	1	1666	0	0.000	/gt380 rpas.html
r	lRSc	1	1	0	0.000	/client/bandito+timeline2006.html
r	lRSc	1	16	0	0.000	/client/rq3+bandito.html
r	lRSc	1	1	0	0.000	/dev/uasfc.html
r	lRSc	1	229	0	0.000	/client.cgi
r	lRSc	1	2	0	0.000	/stats/yearly.html
r	lRSc	1	1	0	0.000	/stats/monthly.html
r	lRSc	1	8	0	0.000	/client/gta010707001.html
r	lRSc	1	3749	0	0.000	/bidspridpass.html
r	lRSc	1	12	0	0.000	/client/bandito.html
r	lRSc	1	1	0	0.000	/stats/quarterly.html
r	lRSc	1	8	0	0.000	/client/bandito+timeline2007.html
t	*f	0.100000%B	b
t	lRb	1	880624	43.756	.jpg  [JPEG graphics]
t	lRb	1	581731	26.229	.html [Hypertext Markup Language]
t	lRb	1	520817	18.517	[directories]
t	lRb	1	10299	5.242	.mp4
t	lRb	1	778	2.157	.wmv
t	lRb	1	87	2.118	.mpg  [MPEG movie]
t	lRb	1	18734	0.911	.asp  [Active Server REQUESTS]
t	lRb	1	92334	0.296	.gif  [GIF graphics]
t	lRb	1	213952	0.254	.js  [JavaScript code]
t	lRb	1	110078	0.225	.css  [Cascading Style Sheets]
t	lRb	1	10521	0.210	.pdf  [Adobe Portable Document Format]
t	lRb	1	44738	0.084	[not listed: 7]
z	*FR	2023	04	05	20	41
z	*LR	2023	05	09	10	03
z	ScR	0	0.000	84837	0
z	ScR	0	0.000	0	1b-  10b
z	ScR	0	0.000	0	11b- 100b
z	ScR	0	0.000	85122	101b-  1kb
z	ScR	0	0.000	509907	1kb- 10kb
z	ScR	0	0.000	352085	10kb-100kb
z	ScR	0	0.000	104639	100kb-  1Mb
z	ScR	0	0.000	4584	1Mb- 10Mb
z	ScR	0	0.000	55	10Mb-100Mb
z	ScR	0	0.000	13	100Mb-  1Gb
c	*FR	2014	03	02	13	52
c	*LR	2025	01	22	05	59
c	*f	0R	a
c	R	2329004	200 OK
c	R	25748	206 Partial content
c	R	212	301 Document moved permanently
c	R	77	302 Document found elsewhere
c	R	129941	304 Not modified since last retrieval
c	R	1953	400 Bad request
c	R	207	401 Authentication required
c	R	1428	403 Access forbidden
c	R	1160675	404 Document not found
c	R	3044	405 Method not allowed
c	R	1351	406 Document not acceptable to client
c	R	141	416 Requested range not valid
c	R	624	500 Internal server error
c	R	128	501 Request type not supported
I	*FR	2007	12	11	00	52
I	*LR	2025	01	22	05	24
I	*f	-30S	s
I	lRS	1	218421	220	/robots.txt
I	lRS	1	2869	18	/wordpress
I	lRS	1	2489	18	/home
I	lRS	1	2754	18	/new
I	lRS	1	2784	18	/old
I	lRS	1	2782	18	/wp
I	lRS	1	2288	15	/backup
I	lRS	1	12737	15	/ads.txt
I	lRS	1	2091	15	/bc
I	lRS	1	2092	15	/bk
I	lRS	1	2249	15	/main
I	lRS	1	10917	9	/wp-login.php
I	lRS	1	5204	7	/.env
I	lRS	1	2309	6	/sitemap.xml
I	lRS	1	2454	6	/videos/bandito+004+flt+8+clip+092508.wmv
I	lRS	1	616	5	/.vscode/sftp.json
I	lRS	1	5979	5	/xmlrpc.php
I	lRS	1	588	4	/sftp-config.json
I	lRS	1	635	4	/wp-content/plugins/wordpresscore/include.php
I	lRS	1	887	4	/wp-admin/setup-config.php
I	lRS	1	1228	4	/sitemap.txt
I	lRS	1	515	3	/testing
I	lRS	1	765	3	/blog
I	lRS	1	38	3	/plug/comment/comment.html
I	lRS	1	515	3	/.git/config
I	lRS	1	419	3	/newsite
I	lRS	1	242	3	/wp-includes/js/jquery/jquery.js
I	lRS	1	136	3	/media/system/js/core.js
I	lRS	1	117	3	/images/banditos005006.jpg
I	lRS	1	364	3	/core
I	lRS	1	881870	171	[not listed: 34025]
L	*FR	2007	12	11	00	52
L	*LR	2025	01	22	05	24
L	*f	-20S	s
L	RS	144	36	87.120.126.223
L	RS	90	36	3.110.81.154
L	RS	45	27	3.111.30.38
L	RS	80	19	45.61.161.58
L	RS	108	18	65.0.204.59
L	RS	72	18	64.23.138.220
L	RS	17	17	160.191.215.252
L	RS	45	15	94.103.125.115
L	RS	60	12	185.192.127.204
L	RS	44	11	143.198.215.224
L	RS	886	10	35.173.236.178
L	RS	188	9	170.205.31.106
L	RS	162	9	13.40.162.132
L	RS	9	9	54.202.143.25
L	RS	18	9	13.38.44.190
L	RS	18	9	54.236.208.4
L	RS	27	9	51.44.178.144
L	RS	9	9	3.145.179.175
L	RS	87	8	157.55.39.222
L	RS	1951	8	156.59.198.135
L	RS	1165491	339	[not listed: 92045]
K	*FR	2013	12	22	04	20
K	*LR	2025	01	21	21	58
K	*f	-30S	s
K	lRS	1	1439	14	https://www.google.com/
K	lRS	1	352	10	https://www.google.com
K	lRS	1	38	3	http://www.gtaeronautics.com/plug/comment/comment.html
K	lRS	1	1371	2	http://www.gtaeronautics.com/BANDITOMAV.html
K	lRS	1	31	2	http://www.gtaeronautics.com/apps/admin/view/default/layui/css/layui.css
K	lRS	1	11	1	http://gtaeronautics.com/plug/vote/plug.xml
K	lRS	1	5	1	http://gtaeronautics.com/3.php
K	lRS	1	12	1	http://gtaeronautics.com/1.php
K	lRS	1	6	1	http://gtaeronautics.com/2.php
K	lRS	1	6	1	http://gtaeronautics.com/videos/BANDITO+004+FLT+8+Clip+092508.wmv
K	lRS	1	119985	0	[not listed: 7993]
E	*FR	2008	01	06	10	12
E	*LR	2024	12	10	16	04
E	*f	-30S	s
E	lSR	1	0	289	[not listed: 7]
l	*FR	2008	01	06	10	12
l	*LR	2024	12	10	16	04
l	*f	-20S	s
l	SR	0	289	[not listed: 121]
v	*f	-20B	b
v	Rb	1827278	65.103	64.41.87.40
v	Rb	657415	34.897	66.113.131.59
R	*FR	2008	01	06	10	12
R	*LR	2024	12	10	16	04
R	*f	-20R	r
R	R	178	66.113.131.59
R	R	111	64.41.87.40
M	*FR	2007	12	11	00	52
M	*LR	2025	01	22	05	24
M	*f	-20R	r
M	R	866945	64.41.87.40
M	R	302606	66.113.131.59
J	*FR	2007	12	11	00	53
J	*LR	2017	03	17	18	30
J	*f	-20R	r
J	R	9	gtaeronautics
J	R	5	lorrigkj
J	R	1	rullma2063
J	R	1	administrator
J	R	1	satish
J	R	1	nnnnn
P	*FR	2024	04	17	09	27
P	*LR	2025	01	22	05	59
P	R	230	0
P	R	345	<= 0.01
P	R	5537	0.01-0.02
P	R	239740	0.02-0.05
P	R	281599	0.05-0.1 
P	R	380739	0.1 -0.2 
P	R	438080	0.2 -0.5 
P	R	217273	0.5 -1   
P	R	120608	1-  2 
P	R	47991	2-  5 
P	R	19662	5- 10 
P	R	10360	10- 20 
P	R	43990	20- 60 
P	R	4370	60-120 
P	R	16638	120-300 
