x	VE	analog 5.24
x	HN	gtaeronautics.com
x	PS	2021	03	07	06	24
x	FR	2007	12	18	17	05
x	LR	2021	03	05	23	59
x	E7	2021	03	07	06	24
x	SR	925679
x	S7	1759
x	NC	376857
x	C7	0
x	FL	393599
x	F7	365
x	RR	179
x	R7	0
x	NH	82478
x	H7	280
x	BT	33824911843
x	B7	154540951
1	Rr	13932	1.505	2021
1	Rr	89380	9.656	2020
1	Rr	80088	8.652	2019
1	Rr	68927	7.446	2018
1	Rr	60168	6.500	2017
1	Rr	73316	7.920	2016
1	Rr	80796	8.728	2015
1	Rr	110773	11.967	2014
1	Rr	65173	7.041	2013
1	Rr	60742	6.562	2012
1	Rr	57015	6.159	2011
1	Rr	22139	2.392	2010
1	Rr	69710	7.531	2009
1	Rr	71820	7.759	2008
1	Rr	1700	0.184	2007
1	*BT	R	110773	2014
Q	Rr	13932	1.505	2021	1
Q	Rr	22199	2.398	2020	4
Q	Rr	23882	2.580	2020	3
Q	Rr	21656	2.339	2020	2
Q	Rr	21643	2.338	2020	1
Q	Rr	19098	2.063	2019	4
Q	Rr	19668	2.125	2019	3
Q	Rr	19827	2.142	2019	2
Q	Rr	21495	2.322	2019	1
Q	Rr	18129	1.958	2018	4
Q	Rr	17138	1.851	2018	3
Q	Rr	16928	1.829	2018	2
Q	Rr	16732	1.808	2018	1
Q	Rr	15937	1.722	2017	4
Q	Rr	0	0.000	2017	3
Q	Rr	16831	1.818	2017	2
Q	Rr	27400	2.960	2017	1
Q	Rr	22114	2.389	2016	4
Q	Rr	17621	1.904	2016	3
Q	Rr	15878	1.715	2016	2
Q	Rr	17703	1.912	2016	1
Q	Rr	16575	1.791	2015	4
Q	Rr	22104	2.388	2015	3
Q	Rr	22485	2.429	2015	2
Q	Rr	19632	2.121	2015	1
Q	Rr	21142	2.284	2014	4
Q	Rr	22272	2.406	2014	3
Q	Rr	31453	3.398	2014	2
Q	Rr	35906	3.879	2014	1
Q	Rr	16436	1.776	2013	4
Q	Rr	15216	1.644	2013	3
Q	Rr	16545	1.787	2013	2
Q	Rr	16976	1.834	2013	1
Q	Rr	16578	1.791	2012	4
Q	Rr	12511	1.352	2012	3
Q	Rr	15816	1.709	2012	2
Q	Rr	15837	1.711	2012	1
Q	Rr	15444	1.668	2011	4
Q	Rr	17386	1.878	2011	3
Q	Rr	9395	1.015	2011	2
Q	Rr	14790	1.598	2011	1
Q	Rr	1603	0.173	2010	4
Q	Rr	0	0.000	2010	3
Q	Rr	14047	1.517	2010	2
Q	Rr	6489	0.701	2010	1
Q	Rr	16350	1.766	2009	4
Q	Rr	18220	1.968	2009	3
Q	Rr	17115	1.849	2009	2
Q	Rr	18025	1.947	2009	1
Q	Rr	15905	1.718	2008	4
Q	Rr	15660	1.692	2008	3
Q	Rr	22448	2.425	2008	2
Q	Rr	17807	1.924	2008	1
Q	Rr	1700	0.184	2007	4
Q	*BT	R	35906	2014	1
m	Rr	1618	0.175	2021	03
m	Rr	5800	0.627	2021	02
m	Rr	6514	0.704	2021	01
m	Rr	8069	0.872	2020	12
m	Rr	6579	0.711	2020	11
m	Rr	7551	0.816	2020	10
m	Rr	8028	0.867	2020	09
m	Rr	7741	0.836	2020	08
m	Rr	8113	0.876	2020	07
m	Rr	7317	0.790	2020	06
m	Rr	6898	0.745	2020	05
m	Rr	7441	0.804	2020	04
m	Rr	7524	0.813	2020	03
m	Rr	7322	0.791	2020	02
m	Rr	6797	0.734	2020	01
m	Rr	6573	0.710	2019	12
m	Rr	5917	0.639	2019	11
m	Rr	6608	0.714	2019	10
m	Rr	6791	0.734	2019	09
m	Rr	6597	0.713	2019	08
m	Rr	6280	0.678	2019	07
m	Rr	6317	0.682	2019	06
m	Rr	6847	0.740	2019	05
m	Rr	6663	0.720	2019	04
m	Rr	7059	0.763	2019	03
m	Rr	6374	0.689	2019	02
m	Rr	8062	0.871	2019	01
m	Rr	6957	0.752	2018	12
m	Rr	5422	0.586	2018	11
m	Rr	5750	0.621	2018	10
m	Rr	5458	0.590	2018	09
m	Rr	5735	0.620	2018	08
m	Rr	5945	0.642	2018	07
m	Rr	7110	0.768	2018	06
m	Rr	6440	0.696	2018	05
m	Rr	3378	0.365	2018	04
m	Rr	5789	0.625	2018	03
m	Rr	5369	0.580	2018	02
m	Rr	5574	0.602	2018	01
m	Rr	3906	0.422	2017	12
m	Rr	6533	0.706	2017	11
m	Rr	5498	0.594	2017	10
m	Rr	0	0.000	2017	09
m	Rr	0	0.000	2017	08
m	Rr	0	0.000	2017	07
m	Rr	0	0.000	2017	06
m	Rr	6832	0.738	2017	05
m	Rr	9999	1.080	2017	04
m	Rr	11887	1.284	2017	03
m	Rr	7941	0.858	2017	02
m	Rr	7572	0.818	2017	01
m	Rr	9483	1.024	2016	12
m	Rr	7121	0.769	2016	11
m	Rr	5510	0.595	2016	10
m	Rr	6288	0.679	2016	09
m	Rr	5888	0.636	2016	08
m	Rr	5445	0.588	2016	07
m	Rr	5042	0.545	2016	06
m	Rr	5495	0.594	2016	05
m	Rr	5341	0.577	2016	04
m	Rr	5558	0.600	2016	03
m	Rr	5548	0.599	2016	02
m	Rr	6597	0.713	2016	01
m	Rr	5574	0.602	2015	12
m	Rr	5330	0.576	2015	11
m	Rr	5671	0.613	2015	10
m	Rr	6196	0.669	2015	09
m	Rr	6788	0.733	2015	08
m	Rr	9120	0.985	2015	07
m	Rr	7156	0.773	2015	06
m	Rr	5694	0.615	2015	05
m	Rr	9635	1.041	2015	04
m	Rr	6215	0.671	2015	03
m	Rr	6084	0.657	2015	02
m	Rr	7333	0.792	2015	01
m	Rr	6608	0.714	2014	12
m	Rr	6997	0.756	2014	11
m	Rr	7537	0.814	2014	10
m	Rr	7043	0.761	2014	09
m	Rr	7324	0.791	2014	08
m	Rr	7905	0.854	2014	07
m	Rr	11654	1.259	2014	06
m	Rr	9211	0.995	2014	05
m	Rr	10588	1.144	2014	04
m	Rr	7817	0.844	2014	03
m	Rr	15229	1.645	2014	02
m	Rr	12860	1.389	2014	01
m	Rr	5325	0.575	2013	12
m	Rr	5513	0.596	2013	11
m	Rr	5598	0.605	2013	10
m	Rr	4655	0.503	2013	09
m	Rr	4938	0.533	2013	08
m	Rr	5623	0.607	2013	07
m	Rr	5492	0.593	2013	06
m	Rr	5211	0.563	2013	05
m	Rr	5842	0.631	2013	04
m	Rr	6068	0.656	2013	03
m	Rr	5055	0.546	2013	02
m	Rr	5853	0.632	2013	01
m	Rr	5688	0.614	2012	12
m	Rr	5477	0.592	2012	11
m	Rr	5413	0.585	2012	10
m	Rr	4331	0.468	2012	09
m	Rr	3866	0.418	2012	08
m	Rr	4314	0.466	2012	07
m	Rr	4655	0.503	2012	06
m	Rr	6047	0.653	2012	05
m	Rr	5114	0.552	2012	04
m	Rr	6128	0.662	2012	03
m	Rr	5430	0.587	2012	02
m	Rr	4279	0.462	2012	01
m	Rr	5548	0.599	2011	12
m	Rr	4779	0.516	2011	11
m	Rr	5117	0.553	2011	10
m	Rr	5431	0.587	2011	09
m	Rr	6256	0.676	2011	08
m	Rr	5699	0.616	2011	07
m	Rr	5420	0.586	2011	06
m	Rr	3975	0.429	2011	05
m	Rr	0	0.000	2011	04
m	Rr	3608	0.390	2011	03
m	Rr	5171	0.559	2011	02
m	Rr	6011	0.649	2011	01
m	Rr	1603	0.173	2010	12
m	Rr	0	0.000	2010	11
m	Rr	0	0.000	2010	10
m	Rr	0	0.000	2010	09
m	Rr	0	0.000	2010	08
m	Rr	0	0.000	2010	07
m	Rr	4101	0.443	2010	06
m	Rr	5018	0.542	2010	05
m	Rr	4928	0.532	2010	04
m	Rr	5095	0.550	2010	03
m	Rr	1394	0.151	2010	02
m	Rr	0	0.000	2010	01
m	Rr	4665	0.504	2009	12
m	Rr	6187	0.668	2009	11
m	Rr	5498	0.594	2009	10
m	Rr	5066	0.547	2009	09
m	Rr	5718	0.618	2009	08
m	Rr	7436	0.803	2009	07
m	Rr	5685	0.614	2009	06
m	Rr	6120	0.661	2009	05
m	Rr	5310	0.574	2009	04
m	Rr	5515	0.596	2009	03
m	Rr	6123	0.661	2009	02
m	Rr	6387	0.690	2009	01
m	Rr	5763	0.623	2008	12
m	Rr	5420	0.586	2008	11
m	Rr	4722	0.510	2008	10
m	Rr	5435	0.587	2008	09
m	Rr	4843	0.523	2008	08
m	Rr	5382	0.581	2008	07
m	Rr	6082	0.657	2008	06
m	Rr	9946	1.074	2008	05
m	Rr	6420	0.694	2008	04
m	Rr	5431	0.587	2008	03
m	Rr	6469	0.699	2008	02
m	Rr	5907	0.638	2008	01
m	Rr	1700	0.184	2007	12
m	*BT	R	15229	2014	02
W	Rr	1777	0.192	2021	02	28
W	Rr	1173	0.127	2021	02	21
W	Rr	1101	0.119	2021	02	14
W	Rr	1699	0.184	2021	02	07
W	Rr	1867	0.202	2021	01	31
W	Rr	1404	0.152	2021	01	24
W	Rr	1564	0.169	2021	01	17
W	Rr	1431	0.155	2021	01	10
W	Rr	1666	0.180	2021	01	03
W	Rr	1926	0.208	2020	12	27
W	Rr	1572	0.170	2020	12	20
W	Rr	1404	0.152	2020	12	13
W	Rr	2272	0.245	2020	12	06
W	Rr	1522	0.164	2020	11	29
W	Rr	1722	0.186	2020	11	22
W	Rr	1580	0.171	2020	11	15
W	Rr	1401	0.151	2020	11	08
W	Rr	1499	0.162	2020	11	01
W	Rr	1470	0.159	2020	10	25
W	Rr	2379	0.257	2020	10	18
W	Rr	1559	0.168	2020	10	11
W	Rr	1729	0.187	2020	10	04
W	Rr	1674	0.181	2020	09	27
W	Rr	1786	0.193	2020	09	20
W	Rr	2200	0.238	2020	09	13
W	Rr	1677	0.181	2020	09	06
W	Rr	1596	0.172	2020	08	30
W	Rr	1833	0.198	2020	08	23
W	Rr	1814	0.196	2020	08	16
W	Rr	2206	0.238	2020	08	09
W	Rr	1397	0.151	2020	08	02
W	Rr	1816	0.196	2020	07	26
W	Rr	1949	0.211	2020	07	19
W	Rr	1532	0.166	2020	07	12
W	Rr	1976	0.213	2020	07	05
W	Rr	1600	0.173	2020	06	28
W	Rr	1627	0.176	2020	06	21
W	Rr	2101	0.227	2020	06	14
W	Rr	1590	0.172	2020	06	07
W	Rr	1492	0.161	2020	05	31
W	Rr	1556	0.168	2020	05	24
W	Rr	1756	0.190	2020	05	17
W	Rr	1568	0.169	2020	05	10
W	Rr	1567	0.169	2020	05	03
W	Rr	1734	0.187	2020	04	26
W	Rr	1675	0.181	2020	04	19
W	Rr	1702	0.184	2020	04	12
W	Rr	1965	0.212	2020	04	05
W	Rr	1329	0.144	2020	03	29
W	Rr	1818	0.196	2020	03	22
W	Rr	1345	0.145	2020	03	15
W	Rr	1581	0.171	2020	03	08
W	Rr	2014	0.218	2020	03	01
W	Rr	1942	0.210	2020	02	23
W	Rr	1748	0.189	2020	02	16
W	Rr	1949	0.211	2020	02	09
W	Rr	1683	0.182	2020	02	02
W	Rr	1436	0.155	2020	01	26
W	Rr	1792	0.194	2020	01	19
W	Rr	1519	0.164	2020	01	12
W	Rr	1420	0.153	2020	01	05
W	Rr	1109	0.120	2019	12	29
W	Rr	1023	0.111	2019	12	22
W	Rr	1584	0.171	2019	12	15
W	Rr	1783	0.193	2019	12	08
W	Rr	1704	0.184	2019	12	01
W	Rr	1178	0.127	2019	11	24
W	Rr	1697	0.183	2019	11	17
W	Rr	1510	0.163	2019	11	10
W	Rr	1383	0.149	2019	11	03
W	Rr	1309	0.141	2019	10	27
W	Rr	1473	0.159	2019	10	20
W	Rr	1519	0.164	2019	10	13
W	Rr	1485	0.160	2019	10	06
W	Rr	1416	0.153	2019	09	29
W	Rr	1499	0.162	2019	09	22
W	Rr	1652	0.178	2019	09	15
W	Rr	1710	0.185	2019	09	08
W	Rr	1485	0.160	2019	09	01
W	Rr	1689	0.182	2019	08	25
W	Rr	1315	0.142	2019	08	18
W	Rr	1619	0.175	2019	08	11
W	Rr	1558	0.168	2019	08	04
W	Rr	1360	0.147	2019	07	28
W	Rr	1191	0.129	2019	07	21
W	Rr	1730	0.187	2019	07	14
W	Rr	1299	0.140	2019	07	07
W	Rr	1339	0.145	2019	06	30
W	Rr	1592	0.172	2019	06	23
W	Rr	1497	0.162	2019	06	16
W	Rr	1450	0.157	2019	06	09
W	Rr	1555	0.168	2019	06	02
W	Rr	1289	0.139	2019	05	26
W	Rr	1863	0.201	2019	05	19
W	Rr	1385	0.150	2019	05	12
W	Rr	1553	0.168	2019	05	05
W	Rr	1655	0.179	2019	04	28
W	Rr	1282	0.138	2019	04	21
W	Rr	1503	0.162	2019	04	14
W	Rr	1623	0.175	2019	04	07
W	Rr	1715	0.185	2019	03	31
W	Rr	1882	0.203	2019	03	24
W	Rr	1464	0.158	2019	03	17
W	Rr	1381	0.149	2019	03	10
W	Rr	1627	0.176	2019	03	03
W	Rr	1773	0.192	2019	02	24
W	Rr	1669	0.180	2019	02	17
W	Rr	1483	0.160	2019	02	10
W	Rr	1391	0.150	2019	02	03
W	Rr	1797	0.194	2019	01	27
W	Rr	1963	0.212	2019	01	20
W	Rr	2029	0.219	2019	01	13
W	Rr	1696	0.183	2019	01	06
W	Rr	1526	0.165	2018	12	30
W	Rr	1226	0.132	2018	12	23
W	Rr	1442	0.156	2018	12	16
W	Rr	1936	0.209	2018	12	09
W	Rr	1809	0.195	2018	12	02
W	Rr	1295	0.140	2018	11	25
W	Rr	1820	0.197	2018	11	18
W	Rr	1802	0.195	2018	11	11
W	Rr	0	0.000	2018	11	04
W	Rr	1473	0.159	2018	10	28
W	Rr	1106	0.119	2018	10	21
W	Rr	1427	0.154	2018	10	14
W	Rr	1214	0.131	2018	10	07
W	Rr	1168	0.126	2018	09	30
W	Rr	1420	0.153	2018	09	23
W	Rr	1197	0.129	2018	09	16
W	Rr	1388	0.150	2018	09	09
W	Rr	1320	0.143	2018	09	02
W	Rr	1246	0.135	2018	08	26
W	Rr	1214	0.131	2018	08	19
W	Rr	1366	0.148	2018	08	12
W	Rr	1195	0.129	2018	08	05
W	Rr	1346	0.145	2018	07	29
W	Rr	1374	0.148	2018	07	22
W	Rr	1508	0.163	2018	07	15
W	Rr	1522	0.164	2018	07	08
W	Rr	909	0.098	2018	07	01
W	Rr	1444	0.156	2018	06	24
W	Rr	2682	0.290	2018	06	17
W	Rr	1365	0.147	2018	06	10
W	Rr	1329	0.144	2018	06	03
W	Rr	1275	0.138	2018	05	27
W	Rr	1392	0.150	2018	05	20
W	Rr	1321	0.143	2018	05	13
W	Rr	1527	0.165	2018	05	06
W	Rr	1517	0.164	2018	04	29
W	Rr	0	0.000	2018	04	22
W	Rr	1364	0.147	2018	04	15
W	Rr	1712	0.185	2018	04	08
W	Rr	0	0.000	2018	04	01
W	Rr	1543	0.167	2018	03	25
W	Rr	1342	0.145	2018	03	18
W	Rr	2429	0.262	2018	03	11
W	Rr	0	0.000	2018	03	04
W	Rr	1366	0.148	2018	02	25
W	Rr	1308	0.141	2018	02	18
W	Rr	1439	0.155	2018	02	11
W	Rr	1731	0.187	2018	02	04
W	Rr	0	0.000	2018	01	28
W	Rr	1434	0.155	2018	01	21
W	Rr	1578	0.170	2018	01	14
W	Rr	1471	0.159	2018	01	07
W	Rr	1246	0.135	2017	12	31
W	Rr	1033	0.112	2017	12	24
W	Rr	1103	0.119	2017	12	17
W	Rr	1406	0.152	2017	12	10
W	Rr	0	0.000	2017	12	03
W	Rr	1335	0.144	2017	11	26
W	Rr	1427	0.154	2017	11	19
W	Rr	1662	0.180	2017	11	12
W	Rr	1414	0.153	2017	11	05
W	Rr	1349	0.146	2017	10	29
W	Rr	1208	0.130	2017	10	22
W	Rr	2013	0.217	2017	10	15
W	Rr	1832	0.198	2017	10	08
W	Rr	0	0.000	2017	10	01
W	Rr	0	0.000	2017	09	24
W	Rr	0	0.000	2017	09	17
W	Rr	0	0.000	2017	09	10
W	Rr	0	0.000	2017	09	03
W	Rr	0	0.000	2017	08	27
W	Rr	0	0.000	2017	08	20
W	Rr	0	0.000	2017	08	13
W	Rr	0	0.000	2017	08	06
W	Rr	0	0.000	2017	07	30
W	Rr	0	0.000	2017	07	23
W	Rr	0	0.000	2017	07	16
W	Rr	0	0.000	2017	07	09
W	Rr	0	0.000	2017	07	02
W	Rr	0	0.000	2017	06	25
W	Rr	0	0.000	2017	06	18
W	Rr	0	0.000	2017	06	11
W	Rr	0	0.000	2017	06	04
W	Rr	25	0.003	2017	05	28
W	Rr	1838	0.199	2017	05	21
W	Rr	1915	0.207	2017	05	14
W	Rr	1676	0.181	2017	05	07
W	Rr	1677	0.181	2017	04	30
W	Rr	2071	0.224	2017	04	23
W	Rr	1978	0.214	2017	04	16
W	Rr	1874	0.202	2017	04	09
W	Rr	3435	0.371	2017	04	02
W	Rr	2619	0.283	2017	03	26
W	Rr	2633	0.284	2017	03	19
W	Rr	2413	0.261	2017	03	12
W	Rr	3092	0.334	2017	03	05
W	Rr	2295	0.248	2017	02	26
W	Rr	2204	0.238	2017	02	19
W	Rr	1869	0.202	2017	02	12
W	Rr	1973	0.213	2017	02	05
W	Rr	1783	0.193	2017	01	29
W	Rr	1768	0.191	2017	01	22
W	Rr	1585	0.171	2017	01	15
W	Rr	1768	0.191	2017	01	08
W	Rr	1740	0.188	2017	01	01
W	Rr	1549	0.167	2016	12	25
W	Rr	2202	0.238	2016	12	18
W	Rr	1812	0.196	2016	12	11
W	Rr	2648	0.286	2016	12	04
W	Rr	2236	0.242	2016	11	27
W	Rr	1321	0.143	2016	11	20
W	Rr	1996	0.216	2016	11	13
W	Rr	1716	0.185	2016	11	06
W	Rr	1564	0.169	2016	10	30
W	Rr	1362	0.147	2016	10	23
W	Rr	1707	0.184	2016	10	16
W	Rr	1696	0.183	2016	10	09
W	Rr	36	0.004	2016	10	02
W	Rr	2002	0.216	2016	09	25
W	Rr	1399	0.151	2016	09	18
W	Rr	1199	0.130	2016	09	11
W	Rr	1326	0.143	2016	09	04
W	Rr	1316	0.142	2016	08	28
W	Rr	1257	0.136	2016	08	21
W	Rr	1208	0.130	2016	08	14
W	Rr	1602	0.173	2016	08	07
W	Rr	1319	0.142	2016	07	31
W	Rr	1796	0.194	2016	07	24
W	Rr	1171	0.127	2016	07	17
W	Rr	1167	0.126	2016	07	10
W	Rr	917	0.099	2016	07	03
W	Rr	920	0.099	2016	06	26
W	Rr	1179	0.127	2016	06	19
W	Rr	1288	0.139	2016	06	12
W	Rr	1237	0.134	2016	06	05
W	Rr	1263	0.136	2016	05	29
W	Rr	1338	0.145	2016	05	22
W	Rr	1184	0.128	2016	05	15
W	Rr	1365	0.147	2016	05	08
W	Rr	974	0.105	2016	05	01
W	Rr	1311	0.142	2016	04	24
W	Rr	1127	0.122	2016	04	17
W	Rr	1248	0.135	2016	04	10
W	Rr	1451	0.157	2016	04	03
W	Rr	987	0.107	2016	03	27
W	Rr	1233	0.133	2016	03	20
W	Rr	1347	0.146	2016	03	13
W	Rr	1347	0.146	2016	03	06
W	Rr	1236	0.134	2016	02	28
W	Rr	1422	0.154	2016	02	21
W	Rr	1085	0.117	2016	02	14
W	Rr	1427	0.154	2016	02	07
W	Rr	1359	0.147	2016	01	31
W	Rr	1708	0.185	2016	01	24
W	Rr	1476	0.159	2016	01	17
W	Rr	1563	0.169	2016	01	10
W	Rr	1381	0.149	2016	01	03
W	Rr	1273	0.138	2015	12	27
W	Rr	1084	0.117	2015	12	20
W	Rr	1344	0.145	2015	12	13
W	Rr	1336	0.144	2015	12	06
W	Rr	1123	0.121	2015	11	29
W	Rr	960	0.104	2015	11	22
W	Rr	1337	0.144	2015	11	15
W	Rr	1400	0.151	2015	11	08
W	Rr	1383	0.149	2015	11	01
W	Rr	1250	0.135	2015	10	25
W	Rr	1366	0.148	2015	10	18
W	Rr	1367	0.148	2015	10	11
W	Rr	1214	0.131	2015	10	04
W	Rr	1152	0.124	2015	09	27
W	Rr	1387	0.150	2015	09	20
W	Rr	1655	0.179	2015	09	13
W	Rr	1526	0.165	2015	09	06
W	Rr	1242	0.134	2015	08	30
W	Rr	1800	0.194	2015	08	23
W	Rr	1527	0.165	2015	08	16
W	Rr	1386	0.150	2015	08	09
W	Rr	1593	0.172	2015	08	02
W	Rr	1567	0.169	2015	07	26
W	Rr	1980	0.214	2015	07	19
W	Rr	2180	0.236	2015	07	12
W	Rr	2008	0.217	2015	07	05
W	Rr	2297	0.248	2015	06	28
W	Rr	1556	0.168	2015	06	21
W	Rr	1380	0.149	2015	06	14
W	Rr	2013	0.217	2015	06	07
W	Rr	1651	0.178	2015	05	31
W	Rr	1224	0.132	2015	05	24
W	Rr	1355	0.146	2015	05	17
W	Rr	1179	0.127	2015	05	10
W	Rr	1436	0.155	2015	05	03
W	Rr	1671	0.181	2015	04	26
W	Rr	1878	0.203	2015	04	19
W	Rr	2326	0.251	2015	04	12
W	Rr	2636	0.285	2015	04	05
W	Rr	2297	0.248	2015	03	29
W	Rr	1237	0.134	2015	03	22
W	Rr	1453	0.157	2015	03	15
W	Rr	1399	0.151	2015	03	08
W	Rr	1287	0.139	2015	03	01
W	Rr	1249	0.135	2015	02	22
W	Rr	1373	0.148	2015	02	15
W	Rr	1790	0.193	2015	02	08
W	Rr	1672	0.181	2015	02	01
W	Rr	1543	0.167	2015	01	25
W	Rr	1463	0.158	2015	01	18
W	Rr	1696	0.183	2015	01	11
W	Rr	1707	0.184	2015	01	04
W	Rr	1833	0.198	2014	12	28
W	Rr	1335	0.144	2014	12	21
W	Rr	1644	0.178	2014	12	14
W	Rr	1541	0.166	2014	12	07
W	Rr	1335	0.144	2014	11	30
W	Rr	1262	0.136	2014	11	23
W	Rr	2009	0.217	2014	11	16
W	Rr	1566	0.169	2014	11	09
W	Rr	1814	0.196	2014	11	02
W	Rr	1452	0.157	2014	10	26
W	Rr	1642	0.177	2014	10	19
W	Rr	1795	0.194	2014	10	12
W	Rr	1836	0.198	2014	10	05
W	Rr	1662	0.180	2014	09	28
W	Rr	1843	0.199	2014	09	21
W	Rr	1678	0.181	2014	09	14
W	Rr	1598	0.173	2014	09	07
W	Rr	1418	0.153	2014	08	31
W	Rr	1584	0.171	2014	08	24
W	Rr	1571	0.170	2014	08	17
W	Rr	1727	0.187	2014	08	10
W	Rr	1927	0.208	2014	08	03
W	Rr	1691	0.183	2014	07	27
W	Rr	1702	0.184	2014	07	20
W	Rr	1624	0.175	2014	07	13
W	Rr	1831	0.198	2014	07	06
W	Rr	1867	0.202	2014	06	29
W	Rr	1927	0.208	2014	06	22
W	Rr	2134	0.231	2014	06	15
W	Rr	4851	0.524	2014	06	08
W	Rr	2293	0.248	2014	06	01
W	Rr	3180	0.344	2014	05	25
W	Rr	1468	0.159	2014	05	18
W	Rr	1808	0.195	2014	05	11
W	Rr	1998	0.216	2014	05	04
W	Rr	1876	0.203	2014	04	27
W	Rr	2330	0.252	2014	04	20
W	Rr	2565	0.277	2014	04	13
W	Rr	2652	0.286	2014	04	06
W	Rr	2574	0.278	2014	03	30
W	Rr	1186	0.128	2014	03	23
W	Rr	1305	0.141	2014	03	16
W	Rr	2273	0.246	2014	03	09
W	Rr	2231	0.241	2014	03	02
W	Rr	1925	0.208	2014	02	23
W	Rr	7060	0.763	2014	02	16
W	Rr	2854	0.308	2014	02	09
W	Rr	3190	0.345	2014	02	02
W	Rr	3743	0.404	2014	01	26
W	Rr	3643	0.394	2014	01	19
W	Rr	2961	0.320	2014	01	12
W	Rr	2319	0.251	2014	01	05
W	Rr	981	0.106	2013	12	29
W	Rr	1108	0.120	2013	12	22
W	Rr	1226	0.132	2013	12	15
W	Rr	1285	0.139	2013	12	08
W	Rr	1289	0.139	2013	12	01
W	Rr	1404	0.152	2013	11	24
W	Rr	1142	0.123	2013	11	17
W	Rr	1334	0.144	2013	11	10
W	Rr	1277	0.138	2013	11	03
W	Rr	1035	0.112	2013	10	27
W	Rr	1309	0.141	2013	10	20
W	Rr	1302	0.141	2013	10	13
W	Rr	1432	0.155	2013	10	06
W	Rr	1178	0.127	2013	09	29
W	Rr	947	0.102	2013	09	22
W	Rr	1254	0.135	2013	09	15
W	Rr	1099	0.119	2013	09	08
W	Rr	1053	0.114	2013	09	01
W	Rr	1010	0.109	2013	08	25
W	Rr	1102	0.119	2013	08	18
W	Rr	1063	0.115	2013	08	11
W	Rr	1105	0.119	2013	08	04
W	Rr	1377	0.149	2013	07	28
W	Rr	1498	0.162	2013	07	21
W	Rr	1295	0.140	2013	07	14
W	Rr	1237	0.134	2013	07	07
W	Rr	1003	0.108	2013	06	30
W	Rr	1275	0.138	2013	06	23
W	Rr	1072	0.116	2013	06	16
W	Rr	1249	0.135	2013	06	09
W	Rr	1521	0.164	2013	06	02
W	Rr	1256	0.136	2013	05	26
W	Rr	1091	0.118	2013	05	19
W	Rr	1359	0.147	2013	05	12
W	Rr	1130	0.122	2013	05	05
W	Rr	1215	0.131	2013	04	28
W	Rr	1368	0.148	2013	04	21
W	Rr	1318	0.142	2013	04	14
W	Rr	1408	0.152	2013	04	07
W	Rr	1277	0.138	2013	03	31
W	Rr	1452	0.157	2013	03	24
W	Rr	1418	0.153	2013	03	17
W	Rr	1217	0.131	2013	03	10
W	Rr	1490	0.161	2013	03	03
W	Rr	1353	0.146	2013	02	24
W	Rr	1268	0.137	2013	02	17
W	Rr	1274	0.138	2013	02	10
W	Rr	1153	0.125	2013	02	03
W	Rr	1266	0.137	2013	01	27
W	Rr	1271	0.137	2013	01	20
W	Rr	1449	0.157	2013	01	13
W	Rr	1253	0.135	2013	01	06
W	Rr	1309	0.141	2012	12	30
W	Rr	1156	0.125	2012	12	23
W	Rr	1336	0.144	2012	12	16
W	Rr	1575	0.170	2012	12	09
W	Rr	1087	0.117	2012	12	02
W	Rr	1376	0.149	2012	11	25
W	Rr	1136	0.123	2012	11	18
W	Rr	1341	0.145	2012	11	11
W	Rr	1418	0.153	2012	11	04
W	Rr	1103	0.119	2012	10	28
W	Rr	1200	0.130	2012	10	21
W	Rr	1382	0.149	2012	10	14
W	Rr	1127	0.122	2012	10	07
W	Rr	1187	0.128	2012	09	30
W	Rr	1172	0.127	2012	09	23
W	Rr	1034	0.112	2012	09	16
W	Rr	944	0.102	2012	09	09
W	Rr	958	0.103	2012	09	02
W	Rr	734	0.079	2012	08	26
W	Rr	881	0.095	2012	08	19
W	Rr	874	0.094	2012	08	12
W	Rr	973	0.105	2012	08	05
W	Rr	1010	0.109	2012	07	29
W	Rr	943	0.102	2012	07	22
W	Rr	1089	0.118	2012	07	15
W	Rr	888	0.096	2012	07	08
W	Rr	845	0.091	2012	07	01
W	Rr	1070	0.116	2012	06	24
W	Rr	1050	0.113	2012	06	17
W	Rr	1271	0.137	2012	06	10
W	Rr	957	0.103	2012	06	03
W	Rr	1249	0.135	2012	05	27
W	Rr	1055	0.114	2012	05	20
W	Rr	1392	0.150	2012	05	13
W	Rr	1140	0.123	2012	05	06
W	Rr	1807	0.195	2012	04	29
W	Rr	1225	0.132	2012	04	22
W	Rr	1264	0.137	2012	04	15
W	Rr	1075	0.116	2012	04	08
W	Rr	1261	0.136	2012	04	01
W	Rr	1345	0.145	2012	03	25
W	Rr	1254	0.135	2012	03	18
W	Rr	1478	0.160	2012	03	11
W	Rr	1503	0.162	2012	03	04
W	Rr	1532	0.166	2012	02	26
W	Rr	1464	0.158	2012	02	19
W	Rr	1154	0.125	2012	02	12
W	Rr	1240	0.134	2012	02	05
W	Rr	1088	0.118	2012	01	29
W	Rr	1125	0.122	2012	01	22
W	Rr	60	0.006	2012	01	15
W	Rr	1472	0.159	2012	01	08
W	Rr	1122	0.121	2012	01	01
W	Rr	888	0.096	2011	12	25
W	Rr	1360	0.147	2011	12	18
W	Rr	1486	0.161	2011	12	11
W	Rr	1330	0.144	2011	12	04
W	Rr	1094	0.118	2011	11	27
W	Rr	1062	0.115	2011	11	20
W	Rr	1123	0.121	2011	11	13
W	Rr	975	0.105	2011	11	06
W	Rr	1264	0.137	2011	10	30
W	Rr	1140	0.123	2011	10	23
W	Rr	1211	0.131	2011	10	16
W	Rr	1236	0.134	2011	10	09
W	Rr	1128	0.122	2011	10	02
W	Rr	1083	0.117	2011	09	25
W	Rr	1451	0.157	2011	09	18
W	Rr	1278	0.138	2011	09	11
W	Rr	1219	0.132	2011	09	04
W	Rr	1316	0.142	2011	08	28
W	Rr	1119	0.121	2011	08	21
W	Rr	1484	0.160	2011	08	14
W	Rr	1671	0.181	2011	08	07
W	Rr	1319	0.142	2011	07	31
W	Rr	1197	0.129	2011	07	24
W	Rr	1504	0.162	2011	07	17
W	Rr	1367	0.148	2011	07	10
W	Rr	1205	0.130	2011	07	03
W	Rr	1333	0.144	2011	06	26
W	Rr	1059	0.114	2011	06	19
W	Rr	1353	0.146	2011	06	12
W	Rr	1275	0.138	2011	06	05
W	Rr	983	0.106	2011	05	29
W	Rr	1262	0.136	2011	05	22
W	Rr	1374	0.148	2011	05	15
W	Rr	1076	0.116	2011	05	08
W	Rr	0	0.000	2011	05	01
W	Rr	0	0.000	2011	04	24
W	Rr	0	0.000	2011	04	17
W	Rr	0	0.000	2011	04	10
W	Rr	0	0.000	2011	04	03
W	Rr	0	0.000	2011	03	27
W	Rr	24	0.003	2011	03	20
W	Rr	1317	0.142	2011	03	13
W	Rr	1258	0.136	2011	03	06
W	Rr	1372	0.148	2011	02	27
W	Rr	1226	0.132	2011	02	20
W	Rr	1524	0.165	2011	02	13
W	Rr	1366	0.148	2011	02	06
W	Rr	958	0.103	2011	01	30
W	Rr	1273	0.138	2011	01	23
W	Rr	1560	0.169	2011	01	16
W	Rr	1472	0.159	2011	01	09
W	Rr	1310	0.142	2011	01	02
W	Rr	798	0.086	2010	12	26
W	Rr	935	0.101	2010	12	19
W	Rr	0	0.000	2010	12	12
W	Rr	0	0.000	2010	12	05
W	Rr	0	0.000	2010	11	28
W	Rr	0	0.000	2010	11	21
W	Rr	0	0.000	2010	11	14
W	Rr	0	0.000	2010	11	07
W	Rr	0	0.000	2010	10	31
W	Rr	0	0.000	2010	10	24
W	Rr	0	0.000	2010	10	17
W	Rr	0	0.000	2010	10	10
W	Rr	0	0.000	2010	10	03
W	Rr	0	0.000	2010	09	26
W	Rr	0	0.000	2010	09	19
W	Rr	0	0.000	2010	09	12
W	Rr	0	0.000	2010	09	05
W	Rr	0	0.000	2010	08	29
W	Rr	0	0.000	2010	08	22
W	Rr	0	0.000	2010	08	15
W	Rr	0	0.000	2010	08	08
W	Rr	0	0.000	2010	08	01
W	Rr	0	0.000	2010	07	25
W	Rr	0	0.000	2010	07	18
W	Rr	0	0.000	2010	07	11
W	Rr	0	0.000	2010	07	04
W	Rr	15	0.002	2010	06	27
W	Rr	914	0.099	2010	06	20
W	Rr	1104	0.119	2010	06	13
W	Rr	1096	0.118	2010	06	06
W	Rr	1171	0.127	2010	05	30
W	Rr	1115	0.120	2010	05	23
W	Rr	1170	0.126	2010	05	16
W	Rr	1334	0.144	2010	05	09
W	Rr	1109	0.120	2010	05	02
W	Rr	1067	0.115	2010	04	25
W	Rr	1212	0.131	2010	04	18
W	Rr	1054	0.114	2010	04	11
W	Rr	1325	0.143	2010	04	04
W	Rr	811	0.088	2010	03	28
W	Rr	1195	0.129	2010	03	21
W	Rr	1338	0.145	2010	03	14
W	Rr	1113	0.120	2010	03	07
W	Rr	1103	0.119	2010	02	28
W	Rr	1290	0.139	2010	02	21
W	Rr	0	0.000	2010	02	14
W	Rr	0	0.000	2010	02	07
W	Rr	0	0.000	2010	01	31
W	Rr	0	0.000	2010	01	24
W	Rr	0	0.000	2010	01	17
W	Rr	0	0.000	2010	01	10
W	Rr	0	0.000	2010	01	03
W	Rr	78	0.008	2009	12	27
W	Rr	945	0.102	2009	12	20
W	Rr	1140	0.123	2009	12	13
W	Rr	1323	0.143	2009	12	06
W	Rr	1518	0.164	2009	11	29
W	Rr	1352	0.146	2009	11	22
W	Rr	1346	0.145	2009	11	15
W	Rr	1416	0.153	2009	11	08
W	Rr	1734	0.187	2009	11	01
W	Rr	1035	0.112	2009	10	25
W	Rr	1297	0.140	2009	10	18
W	Rr	1267	0.137	2009	10	11
W	Rr	1440	0.156	2009	10	04
W	Rr	1521	0.164	2009	09	27
W	Rr	1121	0.121	2009	09	20
W	Rr	875	0.095	2009	09	13
W	Rr	1032	0.111	2009	09	06
W	Rr	1283	0.139	2009	08	30
W	Rr	1214	0.131	2009	08	23
W	Rr	1402	0.151	2009	08	16
W	Rr	1260	0.136	2009	08	09
W	Rr	1404	0.152	2009	08	02
W	Rr	1380	0.149	2009	07	26
W	Rr	1470	0.159	2009	07	19
W	Rr	1750	0.189	2009	07	12
W	Rr	1847	0.200	2009	07	05
W	Rr	1889	0.204	2009	06	28
W	Rr	1312	0.142	2009	06	21
W	Rr	1093	0.118	2009	06	14
W	Rr	1363	0.147	2009	06	07
W	Rr	1251	0.135	2009	05	31
W	Rr	1352	0.146	2009	05	24
W	Rr	1133	0.122	2009	05	17
W	Rr	1887	0.204	2009	05	10
W	Rr	1369	0.148	2009	05	03
W	Rr	1089	0.118	2009	04	26
W	Rr	1160	0.125	2009	04	19
W	Rr	1189	0.128	2009	04	12
W	Rr	1529	0.165	2009	04	05
W	Rr	1155	0.125	2009	03	29
W	Rr	1230	0.133	2009	03	22
W	Rr	1029	0.111	2009	03	15
W	Rr	1234	0.133	2009	03	08
W	Rr	1486	0.161	2009	03	01
W	Rr	1470	0.159	2009	02	22
W	Rr	1198	0.129	2009	02	15
W	Rr	1802	0.195	2009	02	08
W	Rr	1653	0.179	2009	02	01
W	Rr	1346	0.145	2009	01	25
W	Rr	1431	0.155	2009	01	18
W	Rr	1678	0.181	2009	01	11
W	Rr	1591	0.172	2009	01	04
W	Rr	886	0.096	2008	12	28
W	Rr	1148	0.124	2008	12	21
W	Rr	1428	0.154	2008	12	14
W	Rr	1508	0.163	2008	12	07
W	Rr	1194	0.129	2008	11	30
W	Rr	1070	0.116	2008	11	23
W	Rr	1396	0.151	2008	11	16
W	Rr	1255	0.136	2008	11	09
W	Rr	1314	0.142	2008	11	02
W	Rr	1397	0.151	2008	10	26
W	Rr	1638	0.177	2008	10	19
W	Rr	1298	0.140	2008	10	12
W	Rr	430	0.046	2008	10	05
W	Rr	723	0.078	2008	09	28
W	Rr	1308	0.141	2008	09	21
W	Rr	1242	0.134	2008	09	14
W	Rr	1409	0.152	2008	09	07
W	Rr	1142	0.123	2008	08	31
W	Rr	1022	0.110	2008	08	24
W	Rr	1062	0.115	2008	08	17
W	Rr	1188	0.128	2008	08	10
W	Rr	1232	0.133	2008	08	03
W	Rr	1050	0.113	2008	07	27
W	Rr	1272	0.137	2008	07	20
W	Rr	1305	0.141	2008	07	13
W	Rr	1093	0.118	2008	07	06
W	Rr	1182	0.128	2008	06	29
W	Rr	1937	0.209	2008	06	22
W	Rr	1493	0.161	2008	06	15
W	Rr	1083	0.117	2008	06	08
W	Rr	1283	0.139	2008	06	01
W	Rr	1432	0.155	2008	05	25
W	Rr	1726	0.186	2008	05	18
W	Rr	1580	0.171	2008	05	11
W	Rr	2661	0.287	2008	05	04
W	Rr	3648	0.394	2008	04	27
W	Rr	1400	0.151	2008	04	20
W	Rr	1365	0.147	2008	04	13
W	Rr	1213	0.131	2008	04	06
W	Rr	1670	0.180	2008	03	30
W	Rr	1211	0.131	2008	03	23
W	Rr	1144	0.124	2008	03	16
W	Rr	1301	0.141	2008	03	09
W	Rr	1292	0.140	2008	03	02
W	Rr	1427	0.154	2008	02	24
W	Rr	2207	0.238	2008	02	17
W	Rr	1124	0.121	2008	02	10
W	Rr	1561	0.169	2008	02	03
W	Rr	1533	0.166	2008	01	27
W	Rr	1389	0.150	2008	01	20
W	Rr	1133	0.122	2008	01	13
W	Rr	1404	0.152	2008	01	06
W	Rr	976	0.105	2007	12	30
W	Rr	801	0.087	2007	12	23
W	Rr	675	0.073	2007	12	16
W	*BT	R	7060	2014	02	16
D	Rr	233	0.025	2021	03	05
D	Rr	203	0.022	2021	03	04
D	Rr	516	0.056	2021	03	03
D	Rr	296	0.032	2021	03	02
D	Rr	370	0.040	2021	03	01
D	Rr	159	0.017	2021	02	28
D	Rr	0	0.000	2021	02	27
D	Rr	194	0.021	2021	02	26
D	Rr	179	0.019	2021	02	25
D	Rr	162	0.018	2021	02	24
D	Rr	223	0.024	2021	02	23
D	Rr	251	0.027	2021	02	22
D	Rr	164	0.018	2021	02	21
D	Rr	0	0.000	2021	02	20
D	Rr	156	0.017	2021	02	19
D	Rr	173	0.019	2021	02	18
D	Rr	114	0.012	2021	02	17
D	Rr	269	0.029	2021	02	16
D	Rr	234	0.025	2021	02	15
D	Rr	155	0.017	2021	02	14
D	Rr	0	0.000	2021	02	13
D	Rr	488	0.053	2021	02	12
D	Rr	306	0.033	2021	02	11
D	Rr	203	0.022	2021	02	10
D	Rr	266	0.029	2021	02	09
D	Rr	220	0.024	2021	02	08
D	Rr	216	0.023	2021	02	07
D	Rr	0	0.000	2021	02	06
D	Rr	367	0.040	2021	02	05
D	Rr	234	0.025	2021	02	04
D	Rr	322	0.035	2021	02	03
D	Rr	402	0.043	2021	02	02
D	Rr	343	0.037	2021	02	01
D	Rr	199	0.021	2021	01	31
D	Rr	0	0.000	2021	01	30
D	Rr	261	0.028	2021	01	29
D	Rr	295	0.032	2021	01	28
D	Rr	203	0.022	2021	01	27
D	Rr	197	0.021	2021	01	26
D	Rr	125	0.014	2021	01	25
D	Rr	323	0.035	2021	01	24
D	Rr	0	0.000	2021	01	23
D	*BT	R	2131	2008	05	03
d	Rr	109291	11.807	Sun
d	Rr	147913	15.979	Mon
d	Rr	150534	16.262	Tue
d	Rr	148556	16.048	Wed
d	Rr	150761	16.287	Thu
d	Rr	141600	15.297	Fri
d	Rr	77024	8.321	Sat
H	Rr	28	0.003	2021	03	05	23
H	Rr	0	0.000	2021	03	05	22
H	Rr	21	0.002	2021	03	05	21
H	Rr	18	0.002	2021	03	05	20
H	Rr	31	0.003	2021	03	05	19
H	Rr	1	0.000	2021	03	05	18
H	Rr	20	0.002	2021	03	05	17
H	Rr	2	0.000	2021	03	05	16
H	Rr	2	0.000	2021	03	05	15
H	Rr	1	0.000	2021	03	05	14
H	Rr	4	0.000	2021	03	05	13
H	Rr	0	0.000	2021	03	05	12
H	Rr	4	0.000	2021	03	05	11
H	Rr	6	0.001	2021	03	05	10
H	Rr	24	0.003	2021	03	05	09
H	Rr	15	0.002	2021	03	05	08
H	Rr	6	0.001	2021	03	05	07
H	Rr	13	0.001	2021	03	05	06
H	Rr	0	0.000	2021	03	05	05
H	Rr	2	0.000	2021	03	05	04
H	Rr	23	0.002	2021	03	05	03
H	Rr	5	0.001	2021	03	05	02
H	Rr	4	0.000	2021	03	05	01
H	Rr	3	0.000	2021	03	05	00
H	Rr	25	0.003	2021	03	04	23
H	Rr	3	0.000	2021	03	04	22
H	Rr	4	0.000	2021	03	04	21
H	Rr	26	0.003	2021	03	04	20
H	Rr	0	0.000	2021	03	04	19
H	Rr	36	0.004	2021	03	04	18
H	Rr	0	0.000	2021	03	04	17
H	Rr	1	0.000	2021	03	04	16
H	Rr	35	0.004	2021	03	04	15
H	Rr	1	0.000	2021	03	04	14
H	Rr	4	0.000	2021	03	04	13
H	Rr	3	0.000	2021	03	04	12
H	Rr	2	0.000	2021	03	04	11
H	Rr	0	0.000	2021	03	04	10
H	Rr	4	0.000	2021	03	04	09
H	Rr	7	0.001	2021	03	04	08
H	Rr	5	0.001	2021	03	04	07
H	Rr	4	0.000	2021	03	04	06
H	Rr	4	0.000	2021	03	04	05
H	Rr	4	0.000	2021	03	04	04
H	Rr	3	0.000	2021	03	04	03
H	Rr	27	0.003	2021	03	04	02
H	Rr	3	0.000	2021	03	04	01
H	Rr	2	0.000	2021	03	04	00
H	Rr	0	0.000	2021	03	03	23
H	Rr	3	0.000	2021	03	03	22
H	Rr	0	0.000	2021	03	03	21
H	Rr	0	0.000	2021	03	03	20
H	Rr	27	0.003	2021	03	03	19
H	Rr	32	0.003	2021	03	03	18
H	Rr	19	0.002	2021	03	03	17
H	Rr	27	0.003	2021	03	03	16
H	Rr	33	0.004	2021	03	03	15
H	Rr	36	0.004	2021	03	03	14
H	Rr	2	0.000	2021	03	03	13
H	Rr	20	0.002	2021	03	03	12
H	Rr	4	0.000	2021	03	03	11
H	Rr	1	0.000	2021	03	03	10
H	Rr	10	0.001	2021	03	03	09
H	Rr	3	0.000	2021	03	03	08
H	Rr	23	0.002	2021	03	03	07
H	Rr	11	0.001	2021	03	03	06
H	Rr	61	0.007	2021	03	03	05
H	Rr	160	0.017	2021	03	03	04
H	Rr	26	0.003	2021	03	03	03
H	Rr	9	0.001	2021	03	03	02
H	Rr	3	0.000	2021	03	03	01
H	Rr	6	0.001	2021	03	03	00
H	*BT	R	750	2020	12	11	23
h	Rr	36882	3.984	00
h	Rr	35395	3.824	01
h	Rr	36041	3.893	02
h	Rr	35476	3.832	03
h	Rr	34684	3.747	04
h	Rr	32719	3.535	05
h	Rr	32342	3.494	06
h	Rr	31710	3.426	07
h	Rr	30705	3.317	08
h	Rr	29328	3.168	09
h	Rr	29255	3.160	10
h	Rr	32208	3.479	11
h	Rr	33084	3.574	12
h	Rr	35034	3.785	13
h	Rr	40490	4.374	14
h	Rr	44836	4.844	15
h	Rr	48674	5.258	16
h	Rr	48607	5.251	17
h	Rr	49994	5.401	18
h	Rr	49656	5.364	19
h	Rr	49592	5.357	20
h	Rr	46073	4.977	21
h	Rr	42718	4.615	22
h	Rr	40176	4.340	23
4	Rr	23	0.002	2021	03	05	23	45
4	Rr	3	0.000	2021	03	05	23	30
4	Rr	1	0.000	2021	03	05	23	15
4	Rr	1	0.000	2021	03	05	23	00
4	Rr	0	0.000	2021	03	05	22	45
4	Rr	0	0.000	2021	03	05	22	30
4	Rr	0	0.000	2021	03	05	22	15
4	Rr	0	0.000	2021	03	05	22	00
4	Rr	0	0.000	2021	03	05	21	45
4	Rr	0	0.000	2021	03	05	21	30
4	Rr	21	0.002	2021	03	05	21	15
4	Rr	0	0.000	2021	03	05	21	00
4	Rr	2	0.000	2021	03	05	20	45
4	Rr	0	0.000	2021	03	05	20	30
4	Rr	0	0.000	2021	03	05	20	15
4	Rr	16	0.002	2021	03	05	20	00
4	Rr	9	0.001	2021	03	05	19	45
4	Rr	2	0.000	2021	03	05	19	30
4	Rr	12	0.001	2021	03	05	19	15
4	Rr	8	0.001	2021	03	05	19	00
4	Rr	0	0.000	2021	03	05	18	45
4	Rr	0	0.000	2021	03	05	18	30
4	Rr	1	0.000	2021	03	05	18	15
4	Rr	0	0.000	2021	03	05	18	00
4	Rr	0	0.000	2021	03	05	17	45
4	Rr	19	0.002	2021	03	05	17	30
4	Rr	1	0.000	2021	03	05	17	15
4	Rr	0	0.000	2021	03	05	17	00
4	Rr	0	0.000	2021	03	05	16	45
4	Rr	0	0.000	2021	03	05	16	30
4	Rr	1	0.000	2021	03	05	16	15
4	Rr	1	0.000	2021	03	05	16	00
4	Rr	0	0.000	2021	03	05	15	45
4	Rr	1	0.000	2021	03	05	15	30
4	Rr	0	0.000	2021	03	05	15	15
4	Rr	1	0.000	2021	03	05	15	00
4	Rr	1	0.000	2021	03	05	14	45
4	Rr	0	0.000	2021	03	05	14	30
4	Rr	0	0.000	2021	03	05	14	15
4	Rr	0	0.000	2021	03	05	14	00
4	Rr	0	0.000	2021	03	05	13	45
4	Rr	1	0.000	2021	03	05	13	30
4	Rr	1	0.000	2021	03	05	13	15
4	Rr	2	0.000	2021	03	05	13	00
4	Rr	0	0.000	2021	03	05	12	45
4	Rr	0	0.000	2021	03	05	12	30
4	Rr	0	0.000	2021	03	05	12	15
4	Rr	0	0.000	2021	03	05	12	00
4	Rr	3	0.000	2021	03	05	11	45
4	Rr	1	0.000	2021	03	05	11	30
4	Rr	0	0.000	2021	03	05	11	15
4	Rr	0	0.000	2021	03	05	11	00
4	Rr	3	0.000	2021	03	05	10	45
4	Rr	0	0.000	2021	03	05	10	30
4	Rr	0	0.000	2021	03	05	10	15
4	Rr	3	0.000	2021	03	05	10	00
4	Rr	3	0.000	2021	03	05	09	45
4	Rr	0	0.000	2021	03	05	09	30
4	Rr	0	0.000	2021	03	05	09	15
4	Rr	21	0.002	2021	03	05	09	00
4	Rr	0	0.000	2021	03	05	08	45
4	Rr	0	0.000	2021	03	05	08	30
4	Rr	13	0.001	2021	03	05	08	15
4	Rr	2	0.000	2021	03	05	08	00
4	Rr	3	0.000	2021	03	05	07	45
4	Rr	3	0.000	2021	03	05	07	30
4	Rr	0	0.000	2021	03	05	07	15
4	Rr	0	0.000	2021	03	05	07	00
4	Rr	3	0.000	2021	03	05	06	45
4	Rr	2	0.000	2021	03	05	06	30
4	Rr	2	0.000	2021	03	05	06	15
4	Rr	6	0.001	2021	03	05	06	00
4	Rr	0	0.000	2021	03	05	05	45
4	Rr	0	0.000	2021	03	05	05	30
4	Rr	0	0.000	2021	03	05	05	15
4	Rr	0	0.000	2021	03	05	05	00
4	Rr	0	0.000	2021	03	05	04	45
4	Rr	0	0.000	2021	03	05	04	30
4	Rr	0	0.000	2021	03	05	04	15
4	Rr	2	0.000	2021	03	05	04	00
4	Rr	1	0.000	2021	03	05	03	45
4	Rr	21	0.002	2021	03	05	03	30
4	Rr	0	0.000	2021	03	05	03	15
4	Rr	1	0.000	2021	03	05	03	00
4	Rr	1	0.000	2021	03	05	02	45
4	Rr	2	0.000	2021	03	05	02	30
4	Rr	0	0.000	2021	03	05	02	15
4	Rr	2	0.000	2021	03	05	02	00
4	Rr	0	0.000	2021	03	05	01	45
4	Rr	2	0.000	2021	03	05	01	30
4	Rr	1	0.000	2021	03	05	01	15
4	Rr	1	0.000	2021	03	05	01	00
4	Rr	0	0.000	2021	03	05	00	45
4	Rr	3	0.000	2021	03	05	00	30
4	Rr	0	0.000	2021	03	05	00	15
4	Rr	0	0.000	2021	03	05	00	00
4	*BT	R	740	2020	10	18	06	00
6	Rr	9163	0.990	00	00
6	Rr	9232	0.997	00	15
6	Rr	9049	0.978	00	30
6	Rr	9438	1.020	00	45
6	Rr	8837	0.955	01	00
6	Rr	8897	0.961	01	15
6	Rr	8973	0.969	01	30
6	Rr	8688	0.939	01	45
6	Rr	8662	0.936	02	00
6	Rr	9351	1.010	02	15
6	Rr	9177	0.991	02	30
6	Rr	8851	0.956	02	45
6	Rr	8597	0.929	03	00
6	Rr	8390	0.906	03	15
6	Rr	8707	0.941	03	30
6	Rr	9782	1.057	03	45
6	Rr	8698	0.940	04	00
6	Rr	9251	0.999	04	15
6	Rr	8066	0.871	04	30
6	Rr	8669	0.937	04	45
6	Rr	7872	0.850	05	00
6	Rr	8700	0.940	05	15
6	Rr	8395	0.907	05	30
6	Rr	7752	0.837	05	45
6	Rr	8833	0.954	06	00
6	Rr	8041	0.869	06	15
6	Rr	8020	0.866	06	30
6	Rr	7448	0.805	06	45
6	Rr	7924	0.856	07	00
6	Rr	8478	0.916	07	15
6	Rr	8216	0.888	07	30
6	Rr	7092	0.766	07	45
6	Rr	7855	0.849	08	00
6	Rr	7443	0.804	08	15
6	Rr	8285	0.895	08	30
6	Rr	7122	0.769	08	45
6	Rr	7288	0.787	09	00
6	Rr	7552	0.816	09	15
6	Rr	7456	0.805	09	30
6	Rr	7032	0.760	09	45
6	Rr	7090	0.766	10	00
6	Rr	7103	0.767	10	15
6	Rr	7371	0.796	10	30
6	Rr	7691	0.831	10	45
6	Rr	9221	0.996	11	00
6	Rr	7491	0.809	11	15
6	Rr	7585	0.819	11	30
6	Rr	7911	0.855	11	45
6	Rr	9252	0.999	12	00
6	Rr	7709	0.833	12	15
6	Rr	7942	0.858	12	30
6	Rr	8181	0.884	12	45
6	Rr	8680	0.938	13	00
6	Rr	8648	0.934	13	15
6	Rr	9116	0.985	13	30
6	Rr	8590	0.928	13	45
6	Rr	9723	1.050	14	00
6	Rr	10072	1.088	14	15
6	Rr	10345	1.118	14	30
6	Rr	10350	1.118	14	45
6	Rr	10748	1.161	15	00
6	Rr	10743	1.161	15	15
6	Rr	11463	1.238	15	30
6	Rr	11882	1.284	15	45
6	Rr	12097	1.307	16	00
6	Rr	11697	1.264	16	15
6	Rr	12338	1.333	16	30
6	Rr	12542	1.355	16	45
6	Rr	12124	1.310	17	00
6	Rr	12054	1.302	17	15
6	Rr	12416	1.341	17	30
6	Rr	12013	1.298	17	45
6	Rr	11983	1.295	18	00
6	Rr	12735	1.376	18	15
6	Rr	12629	1.364	18	30
6	Rr	12647	1.366	18	45
6	Rr	13497	1.458	19	00
6	Rr	11708	1.265	19	15
6	Rr	12394	1.339	19	30
6	Rr	12057	1.303	19	45
6	Rr	12931	1.397	20	00
6	Rr	12308	1.330	20	15
6	Rr	11825	1.277	20	30
6	Rr	12528	1.353	20	45
6	Rr	12080	1.305	21	00
6	Rr	11513	1.244	21	15
6	Rr	11131	1.202	21	30
6	Rr	11349	1.226	21	45
6	Rr	10807	1.167	22	00
6	Rr	10881	1.175	22	15
6	Rr	10591	1.144	22	30
6	Rr	10439	1.128	22	45
6	Rr	10807	1.167	23	00
6	Rr	10640	1.149	23	15
6	Rr	9543	1.031	23	30
6	Rr	9186	0.992	23	45
5	Rr	11	0.001	2021	03	05	23	55
5	Rr	12	0.001	2021	03	05	23	50
5	Rr	0	0.000	2021	03	05	23	45
5	Rr	3	0.000	2021	03	05	23	40
5	Rr	0	0.000	2021	03	05	23	35
5	Rr	0	0.000	2021	03	05	23	30
5	Rr	0	0.000	2021	03	05	23	25
5	Rr	0	0.000	2021	03	05	23	20
5	Rr	1	0.000	2021	03	05	23	15
5	Rr	0	0.000	2021	03	05	23	10
5	Rr	0	0.000	2021	03	05	23	05
5	Rr	1	0.000	2021	03	05	23	00
5	Rr	0	0.000	2021	03	05	22	55
5	Rr	0	0.000	2021	03	05	22	50
5	Rr	0	0.000	2021	03	05	22	45
5	Rr	0	0.000	2021	03	05	22	40
5	Rr	0	0.000	2021	03	05	22	35
5	Rr	0	0.000	2021	03	05	22	30
5	Rr	0	0.000	2021	03	05	22	25
5	Rr	0	0.000	2021	03	05	22	20
5	Rr	0	0.000	2021	03	05	22	15
5	Rr	0	0.000	2021	03	05	22	10
5	Rr	0	0.000	2021	03	05	22	05
5	Rr	0	0.000	2021	03	05	22	00
5	Rr	0	0.000	2021	03	05	21	55
5	Rr	0	0.000	2021	03	05	21	50
5	Rr	0	0.000	2021	03	05	21	45
5	Rr	0	0.000	2021	03	05	21	40
5	Rr	0	0.000	2021	03	05	21	35
5	Rr	0	0.000	2021	03	05	21	30
5	Rr	0	0.000	2021	03	05	21	25
5	Rr	0	0.000	2021	03	05	21	20
5	Rr	21	0.002	2021	03	05	21	15
5	Rr	0	0.000	2021	03	05	21	10
5	Rr	0	0.000	2021	03	05	21	05
5	Rr	0	0.000	2021	03	05	21	00
5	Rr	1	0.000	2021	03	05	20	55
5	Rr	1	0.000	2021	03	05	20	50
5	Rr	0	0.000	2021	03	05	20	45
5	Rr	0	0.000	2021	03	05	20	40
5	Rr	0	0.000	2021	03	05	20	35
5	Rr	0	0.000	2021	03	05	20	30
5	Rr	0	0.000	2021	03	05	20	25
5	Rr	0	0.000	2021	03	05	20	20
5	Rr	0	0.000	2021	03	05	20	15
5	Rr	16	0.002	2021	03	05	20	10
5	Rr	0	0.000	2021	03	05	20	05
5	Rr	0	0.000	2021	03	05	20	00
5	Rr	9	0.001	2021	03	05	19	55
5	Rr	0	0.000	2021	03	05	19	50
5	Rr	0	0.000	2021	03	05	19	45
5	Rr	0	0.000	2021	03	05	19	40
5	Rr	0	0.000	2021	03	05	19	35
5	Rr	2	0.000	2021	03	05	19	30
5	Rr	0	0.000	2021	03	05	19	25
5	Rr	1	0.000	2021	03	05	19	20
5	Rr	11	0.001	2021	03	05	19	15
5	Rr	6	0.001	2021	03	05	19	10
5	Rr	1	0.000	2021	03	05	19	05
5	Rr	1	0.000	2021	03	05	19	00
5	Rr	0	0.000	2021	03	05	18	55
5	Rr	0	0.000	2021	03	05	18	50
5	Rr	0	0.000	2021	03	05	18	45
5	Rr	0	0.000	2021	03	05	18	40
5	Rr	0	0.000	2021	03	05	18	35
5	Rr	0	0.000	2021	03	05	18	30
5	Rr	0	0.000	2021	03	05	18	25
5	Rr	1	0.000	2021	03	05	18	20
5	Rr	0	0.000	2021	03	05	18	15
5	Rr	0	0.000	2021	03	05	18	10
5	Rr	0	0.000	2021	03	05	18	05
5	Rr	0	0.000	2021	03	05	18	00
5	Rr	0	0.000	2021	03	05	17	55
5	Rr	0	0.000	2021	03	05	17	50
5	Rr	0	0.000	2021	03	05	17	45
5	Rr	0	0.000	2021	03	05	17	40
5	Rr	1	0.000	2021	03	05	17	35
5	Rr	18	0.002	2021	03	05	17	30
5	Rr	1	0.000	2021	03	05	17	25
5	Rr	0	0.000	2021	03	05	17	20
5	Rr	0	0.000	2021	03	05	17	15
5	Rr	0	0.000	2021	03	05	17	10
5	Rr	0	0.000	2021	03	05	17	05
5	Rr	0	0.000	2021	03	05	17	00
5	Rr	0	0.000	2021	03	05	16	55
5	Rr	0	0.000	2021	03	05	16	50
5	Rr	0	0.000	2021	03	05	16	45
5	Rr	0	0.000	2021	03	05	16	40
5	Rr	0	0.000	2021	03	05	16	35
5	Rr	0	0.000	2021	03	05	16	30
5	Rr	0	0.000	2021	03	05	16	25
5	Rr	1	0.000	2021	03	05	16	20
5	Rr	0	0.000	2021	03	05	16	15
5	Rr	1	0.000	2021	03	05	16	10
5	Rr	0	0.000	2021	03	05	16	05
5	Rr	0	0.000	2021	03	05	16	00
5	Rr	0	0.000	2021	03	05	15	55
5	Rr	0	0.000	2021	03	05	15	50
5	Rr	0	0.000	2021	03	05	15	45
5	Rr	1	0.000	2021	03	05	15	40
5	Rr	0	0.000	2021	03	05	15	35
5	Rr	0	0.000	2021	03	05	15	30
5	Rr	0	0.000	2021	03	05	15	25
5	Rr	0	0.000	2021	03	05	15	20
5	Rr	0	0.000	2021	03	05	15	15
5	Rr	0	0.000	2021	03	05	15	10
5	Rr	0	0.000	2021	03	05	15	05
5	Rr	1	0.000	2021	03	05	15	00
5	Rr	1	0.000	2021	03	05	14	55
5	Rr	0	0.000	2021	03	05	14	50
5	Rr	0	0.000	2021	03	05	14	45
5	Rr	0	0.000	2021	03	05	14	40
5	Rr	0	0.000	2021	03	05	14	35
5	Rr	0	0.000	2021	03	05	14	30
5	Rr	0	0.000	2021	03	05	14	25
5	Rr	0	0.000	2021	03	05	14	20
5	Rr	0	0.000	2021	03	05	14	15
5	Rr	0	0.000	2021	03	05	14	10
5	Rr	0	0.000	2021	03	05	14	05
5	Rr	0	0.000	2021	03	05	14	00
5	Rr	0	0.000	2021	03	05	13	55
5	Rr	0	0.000	2021	03	05	13	50
5	Rr	0	0.000	2021	03	05	13	45
5	Rr	0	0.000	2021	03	05	13	40
5	Rr	0	0.000	2021	03	05	13	35
5	Rr	1	0.000	2021	03	05	13	30
5	Rr	1	0.000	2021	03	05	13	25
5	Rr	0	0.000	2021	03	05	13	20
5	Rr	0	0.000	2021	03	05	13	15
5	Rr	0	0.000	2021	03	05	13	10
5	Rr	0	0.000	2021	03	05	13	05
5	Rr	2	0.000	2021	03	05	13	00
5	Rr	0	0.000	2021	03	05	12	55
5	Rr	0	0.000	2021	03	05	12	50
5	Rr	0	0.000	2021	03	05	12	45
5	Rr	0	0.000	2021	03	05	12	40
5	Rr	0	0.000	2021	03	05	12	35
5	Rr	0	0.000	2021	03	05	12	30
5	Rr	0	0.000	2021	03	05	12	25
5	Rr	0	0.000	2021	03	05	12	20
5	Rr	0	0.000	2021	03	05	12	15
5	Rr	0	0.000	2021	03	05	12	10
5	Rr	0	0.000	2021	03	05	12	05
5	Rr	0	0.000	2021	03	05	12	00
5	Rr	1	0.000	2021	03	05	11	55
5	Rr	0	0.000	2021	03	05	11	50
5	Rr	2	0.000	2021	03	05	11	45
5	Rr	0	0.000	2021	03	05	11	40
5	Rr	0	0.000	2021	03	05	11	35
5	Rr	1	0.000	2021	03	05	11	30
5	Rr	0	0.000	2021	03	05	11	25
5	Rr	0	0.000	2021	03	05	11	20
5	Rr	0	0.000	2021	03	05	11	15
5	Rr	0	0.000	2021	03	05	11	10
5	Rr	0	0.000	2021	03	05	11	05
5	Rr	0	0.000	2021	03	05	11	00
5	Rr	0	0.000	2021	03	05	10	55
5	Rr	0	0.000	2021	03	05	10	50
5	Rr	3	0.000	2021	03	05	10	45
5	Rr	0	0.000	2021	03	05	10	40
5	Rr	0	0.000	2021	03	05	10	35
5	Rr	0	0.000	2021	03	05	10	30
5	Rr	0	0.000	2021	03	05	10	25
5	Rr	0	0.000	2021	03	05	10	20
5	Rr	0	0.000	2021	03	05	10	15
5	Rr	1	0.000	2021	03	05	10	10
5	Rr	0	0.000	2021	03	05	10	05
5	Rr	2	0.000	2021	03	05	10	00
5	Rr	3	0.000	2021	03	05	09	55
5	Rr	0	0.000	2021	03	05	09	50
5	Rr	0	0.000	2021	03	05	09	45
5	Rr	0	0.000	2021	03	05	09	40
5	Rr	0	0.000	2021	03	05	09	35
5	Rr	0	0.000	2021	03	05	09	30
5	Rr	0	0.000	2021	03	05	09	25
5	Rr	0	0.000	2021	03	05	09	20
5	Rr	0	0.000	2021	03	05	09	15
5	Rr	21	0.002	2021	03	05	09	10
5	Rr	0	0.000	2021	03	05	09	05
5	Rr	0	0.000	2021	03	05	09	00
5	Rr	0	0.000	2021	03	05	08	55
5	Rr	0	0.000	2021	03	05	08	50
5	Rr	0	0.000	2021	03	05	08	45
5	Rr	0	0.000	2021	03	05	08	40
5	Rr	0	0.000	2021	03	05	08	35
5	Rr	0	0.000	2021	03	05	08	30
5	Rr	0	0.000	2021	03	05	08	25
5	Rr	0	0.000	2021	03	05	08	20
5	Rr	13	0.001	2021	03	05	08	15
5	Rr	1	0.000	2021	03	05	08	10
5	Rr	0	0.000	2021	03	05	08	05
5	Rr	1	0.000	2021	03	05	08	00
5	Rr	0	0.000	2021	03	05	07	55
5	Rr	2	0.000	2021	03	05	07	50
5	Rr	1	0.000	2021	03	05	07	45
5	Rr	0	0.000	2021	03	05	07	40
5	Rr	2	0.000	2021	03	05	07	35
5	Rr	1	0.000	2021	03	05	07	30
5	Rr	0	0.000	2021	03	05	07	25
5	Rr	0	0.000	2021	03	05	07	20
5	Rr	0	0.000	2021	03	05	07	15
5	Rr	0	0.000	2021	03	05	07	10
5	Rr	0	0.000	2021	03	05	07	05
5	Rr	0	0.000	2021	03	05	07	00
5	Rr	0	0.000	2021	03	05	06	55
5	Rr	0	0.000	2021	03	05	06	50
5	Rr	3	0.000	2021	03	05	06	45
5	Rr	0	0.000	2021	03	05	06	40
5	Rr	2	0.000	2021	03	05	06	35
5	Rr	0	0.000	2021	03	05	06	30
5	Rr	0	0.000	2021	03	05	06	25
5	Rr	0	0.000	2021	03	05	06	20
5	Rr	2	0.000	2021	03	05	06	15
5	Rr	1	0.000	2021	03	05	06	10
5	Rr	5	0.001	2021	03	05	06	05
5	Rr	0	0.000	2021	03	05	06	00
5	Rr	0	0.000	2021	03	05	05	55
5	Rr	0	0.000	2021	03	05	05	50
5	Rr	0	0.000	2021	03	05	05	45
5	Rr	0	0.000	2021	03	05	05	40
5	Rr	0	0.000	2021	03	05	05	35
5	Rr	0	0.000	2021	03	05	05	30
5	Rr	0	0.000	2021	03	05	05	25
5	Rr	0	0.000	2021	03	05	05	20
5	Rr	0	0.000	2021	03	05	05	15
5	Rr	0	0.000	2021	03	05	05	10
5	Rr	0	0.000	2021	03	05	05	05
5	Rr	0	0.000	2021	03	05	05	00
5	Rr	0	0.000	2021	03	05	04	55
5	Rr	0	0.000	2021	03	05	04	50
5	Rr	0	0.000	2021	03	05	04	45
5	Rr	0	0.000	2021	03	05	04	40
5	Rr	0	0.000	2021	03	05	04	35
5	Rr	0	0.000	2021	03	05	04	30
5	Rr	0	0.000	2021	03	05	04	25
5	Rr	0	0.000	2021	03	05	04	20
5	Rr	0	0.000	2021	03	05	04	15
5	Rr	0	0.000	2021	03	05	04	10
5	Rr	0	0.000	2021	03	05	04	05
5	Rr	2	0.000	2021	03	05	04	00
5	Rr	0	0.000	2021	03	05	03	55
5	Rr	1	0.000	2021	03	05	03	50
5	Rr	0	0.000	2021	03	05	03	45
5	Rr	0	0.000	2021	03	05	03	40
5	Rr	0	0.000	2021	03	05	03	35
5	Rr	21	0.002	2021	03	05	03	30
5	Rr	0	0.000	2021	03	05	03	25
5	Rr	0	0.000	2021	03	05	03	20
5	Rr	0	0.000	2021	03	05	03	15
5	Rr	0	0.000	2021	03	05	03	10
5	Rr	1	0.000	2021	03	05	03	05
5	Rr	0	0.000	2021	03	05	03	00
5	Rr	1	0.000	2021	03	05	02	55
5	Rr	0	0.000	2021	03	05	02	50
5	Rr	0	0.000	2021	03	05	02	45
5	Rr	1	0.000	2021	03	05	02	40
5	Rr	0	0.000	2021	03	05	02	35
5	Rr	1	0.000	2021	03	05	02	30
5	Rr	0	0.000	2021	03	05	02	25
5	Rr	0	0.000	2021	03	05	02	20
5	Rr	0	0.000	2021	03	05	02	15
5	Rr	0	0.000	2021	03	05	02	10
5	Rr	0	0.000	2021	03	05	02	05
5	Rr	2	0.000	2021	03	05	02	00
5	Rr	0	0.000	2021	03	05	01	55
5	Rr	0	0.000	2021	03	05	01	50
5	Rr	0	0.000	2021	03	05	01	45
5	Rr	1	0.000	2021	03	05	01	40
5	Rr	1	0.000	2021	03	05	01	35
5	Rr	0	0.000	2021	03	05	01	30
5	Rr	0	0.000	2021	03	05	01	25
5	Rr	0	0.000	2021	03	05	01	20
5	Rr	1	0.000	2021	03	05	01	15
5	Rr	0	0.000	2021	03	05	01	10
5	Rr	0	0.000	2021	03	05	01	05
5	Rr	1	0.000	2021	03	05	01	00
5	Rr	0	0.000	2021	03	05	00	55
5	Rr	0	0.000	2021	03	05	00	50
5	Rr	0	0.000	2021	03	05	00	45
5	Rr	0	0.000	2021	03	05	00	40
5	Rr	1	0.000	2021	03	05	00	35
5	Rr	2	0.000	2021	03	05	00	30
5	Rr	0	0.000	2021	03	05	00	25
5	Rr	0	0.000	2021	03	05	00	20
5	Rr	0	0.000	2021	03	05	00	15
5	Rr	0	0.000	2021	03	05	00	10
5	Rr	0	0.000	2021	03	05	00	05
5	Rr	0	0.000	2021	03	05	00	00
5	*BT	R	715	2020	12	11	23	20
7	Rr	2852	0.308	00	00
7	Rr	3351	0.362	00	05
7	Rr	2960	0.320	00	10
7	Rr	2590	0.280	00	15
7	Rr	3101	0.335	00	20
7	Rr	3541	0.383	00	25
7	Rr	2952	0.319	00	30
7	Rr	3026	0.327	00	35
7	Rr	3071	0.332	00	40
7	Rr	3139	0.339	00	45
7	Rr	3421	0.370	00	50
7	Rr	2878	0.311	00	55
7	Rr	2747	0.297	01	00
7	Rr	3006	0.325	01	05
7	Rr	3084	0.333	01	10
7	Rr	2964	0.320	01	15
7	Rr	3158	0.341	01	20
7	Rr	2775	0.300	01	25
7	Rr	2858	0.309	01	30
7	Rr	3075	0.332	01	35
7	Rr	3040	0.328	01	40
7	Rr	2872	0.310	01	45
7	Rr	2706	0.292	01	50
7	Rr	3110	0.336	01	55
7	Rr	2845	0.307	02	00
7	Rr	2934	0.317	02	05
7	Rr	2883	0.311	02	10
7	Rr	3383	0.365	02	15
7	Rr	2946	0.318	02	20
7	Rr	3022	0.326	02	25
7	Rr	3009	0.325	02	30
7	Rr	3276	0.354	02	35
7	Rr	2892	0.312	02	40
7	Rr	2894	0.313	02	45
7	Rr	2675	0.289	02	50
7	Rr	3282	0.355	02	55
7	Rr	2946	0.318	03	00
7	Rr	2823	0.305	03	05
7	Rr	2828	0.306	03	10
7	Rr	2922	0.316	03	15
7	Rr	2718	0.294	03	20
7	Rr	2750	0.297	03	25
7	Rr	2789	0.301	03	30
7	Rr	2976	0.321	03	35
7	Rr	2942	0.318	03	40
7	Rr	3249	0.351	03	45
7	Rr	3557	0.384	03	50
7	Rr	2976	0.321	03	55
7	Rr	2821	0.305	04	00
7	Rr	2855	0.308	04	05
7	Rr	3022	0.326	04	10
7	Rr	3100	0.335	04	15
7	Rr	3261	0.352	04	20
7	Rr	2890	0.312	04	25
7	Rr	2862	0.309	04	30
7	Rr	2534	0.274	04	35
7	Rr	2670	0.288	04	40
7	Rr	3173	0.343	04	45
7	Rr	2706	0.292	04	50
7	Rr	2790	0.301	04	55
7	Rr	2531	0.273	05	00
7	Rr	2441	0.264	05	05
7	Rr	2900	0.313	05	10
7	Rr	2916	0.315	05	15
7	Rr	3012	0.325	05	20
7	Rr	2772	0.299	05	25
7	Rr	3002	0.324	05	30
7	Rr	2856	0.309	05	35
7	Rr	2537	0.274	05	40
7	Rr	2554	0.276	05	45
7	Rr	2528	0.273	05	50
7	Rr	2670	0.288	05	55
7	Rr	2632	0.284	06	00
7	Rr	3428	0.370	06	05
7	Rr	2773	0.300	06	10
7	Rr	2782	0.301	06	15
7	Rr	2594	0.280	06	20
7	Rr	2665	0.288	06	25
7	Rr	2493	0.269	06	30
7	Rr	2693	0.291	06	35
7	Rr	2834	0.306	06	40
7	Rr	2908	0.314	06	45
7	Rr	2312	0.250	06	50
7	Rr	2228	0.241	06	55
7	Rr	2969	0.321	07	00
7	Rr	2506	0.271	07	05
7	Rr	2449	0.265	07	10
7	Rr	2542	0.275	07	15
7	Rr	2750	0.297	07	20
7	Rr	3186	0.344	07	25
7	Rr	3054	0.330	07	30
7	Rr	2723	0.294	07	35
7	Rr	2439	0.263	07	40
7	Rr	2401	0.259	07	45
7	Rr	2282	0.247	07	50
7	Rr	2409	0.260	07	55
7	Rr	2567	0.277	08	00
7	Rr	2708	0.293	08	05
7	Rr	2580	0.279	08	10
7	Rr	2422	0.262	08	15
7	Rr	2502	0.270	08	20
7	Rr	2519	0.272	08	25
7	Rr	3053	0.330	08	30
7	Rr	2677	0.289	08	35
7	Rr	2555	0.276	08	40
7	Rr	2423	0.262	08	45
7	Rr	2348	0.254	08	50
7	Rr	2351	0.254	08	55
7	Rr	2317	0.250	09	00
7	Rr	2619	0.283	09	05
7	Rr	2352	0.254	09	10
7	Rr	2323	0.251	09	15
7	Rr	2721	0.294	09	20
7	Rr	2508	0.271	09	25
7	Rr	2592	0.280	09	30
7	Rr	2283	0.247	09	35
7	Rr	2581	0.279	09	40
7	Rr	2407	0.260	09	45
7	Rr	2222	0.240	09	50
7	Rr	2403	0.260	09	55
7	Rr	2346	0.253	10	00
7	Rr	2292	0.248	10	05
7	Rr	2452	0.265	10	10
7	Rr	2366	0.256	10	15
7	Rr	2258	0.244	10	20
7	Rr	2479	0.268	10	25
7	Rr	2388	0.258	10	30
7	Rr	2390	0.258	10	35
7	Rr	2593	0.280	10	40
7	Rr	2293	0.248	10	45
7	Rr	2582	0.279	10	50
7	Rr	2816	0.304	10	55
7	Rr	3735	0.403	11	00
7	Rr	2865	0.310	11	05
7	Rr	2621	0.283	11	10
7	Rr	2507	0.271	11	15
7	Rr	2574	0.278	11	20
7	Rr	2410	0.260	11	25
7	Rr	2630	0.284	11	30
7	Rr	2330	0.252	11	35
7	Rr	2625	0.284	11	40
7	Rr	2563	0.277	11	45
7	Rr	2665	0.288	11	50
7	Rr	2683	0.290	11	55
7	Rr	3310	0.358	12	00
7	Rr	2982	0.322	12	05
7	Rr	2960	0.320	12	10
7	Rr	2534	0.274	12	15
7	Rr	2598	0.281	12	20
7	Rr	2577	0.278	12	25
7	Rr	2625	0.284	12	30
7	Rr	2551	0.276	12	35
7	Rr	2766	0.299	12	40
7	Rr	2910	0.314	12	45
7	Rr	2615	0.282	12	50
7	Rr	2656	0.287	12	55
7	Rr	2812	0.304	13	00
7	Rr	2835	0.306	13	05
7	Rr	3033	0.328	13	10
7	Rr	2892	0.312	13	15
7	Rr	2815	0.304	13	20
7	Rr	2941	0.318	13	25
7	Rr	2952	0.319	13	30
7	Rr	3234	0.349	13	35
7	Rr	2930	0.317	13	40
7	Rr	2520	0.272	13	45
7	Rr	3059	0.330	13	50
7	Rr	3011	0.325	13	55
7	Rr	2956	0.319	14	00
7	Rr	3400	0.367	14	05
7	Rr	3367	0.364	14	10
7	Rr	3442	0.372	14	15
7	Rr	3338	0.361	14	20
7	Rr	3292	0.356	14	25
7	Rr	3728	0.403	14	30
7	Rr	3458	0.374	14	35
7	Rr	3159	0.341	14	40
7	Rr	3226	0.349	14	45
7	Rr	3372	0.364	14	50
7	Rr	3752	0.405	14	55
7	Rr	3576	0.386	15	00
7	Rr	3611	0.390	15	05
7	Rr	3561	0.385	15	10
7	Rr	3621	0.391	15	15
7	Rr	3323	0.359	15	20
7	Rr	3799	0.410	15	25
7	Rr	4002	0.432	15	30
7	Rr	3615	0.391	15	35
7	Rr	3846	0.415	15	40
7	Rr	3828	0.414	15	45
7	Rr	3889	0.420	15	50
7	Rr	4165	0.450	15	55
7	Rr	4021	0.434	16	00
7	Rr	4203	0.454	16	05
7	Rr	3873	0.418	16	10
7	Rr	4232	0.457	16	15
7	Rr	3857	0.417	16	20
7	Rr	3608	0.390	16	25
7	Rr	3985	0.430	16	30
7	Rr	4220	0.456	16	35
7	Rr	4133	0.446	16	40
7	Rr	4182	0.452	16	45
7	Rr	4274	0.462	16	50
7	Rr	4086	0.441	16	55
7	Rr	3959	0.428	17	00
7	Rr	3949	0.427	17	05
7	Rr	4216	0.455	17	10
7	Rr	3987	0.431	17	15
7	Rr	4002	0.432	17	20
7	Rr	4065	0.439	17	25
7	Rr	4125	0.446	17	30
7	Rr	4221	0.456	17	35
7	Rr	4070	0.440	17	40
7	Rr	3971	0.429	17	45
7	Rr	4144	0.448	17	50
7	Rr	3898	0.421	17	55
7	Rr	3599	0.389	18	00
7	Rr	3843	0.415	18	05
7	Rr	4541	0.491	18	10
7	Rr	4344	0.469	18	15
7	Rr	3982	0.430	18	20
7	Rr	4409	0.476	18	25
7	Rr	4163	0.450	18	30
7	Rr	4244	0.458	18	35
7	Rr	4222	0.456	18	40
7	Rr	4210	0.455	18	45
7	Rr	4232	0.457	18	50
7	Rr	4205	0.454	18	55
7	Rr	4670	0.504	19	00
7	Rr	4473	0.483	19	05
7	Rr	4354	0.470	19	10
7	Rr	3996	0.432	19	15
7	Rr	3946	0.426	19	20
7	Rr	3766	0.407	19	25
7	Rr	4021	0.434	19	30
7	Rr	4203	0.454	19	35
7	Rr	4170	0.450	19	40
7	Rr	4310	0.466	19	45
7	Rr	3823	0.413	19	50
7	Rr	3924	0.424	19	55
7	Rr	4069	0.440	20	00
7	Rr	4466	0.482	20	05
7	Rr	4396	0.475	20	10
7	Rr	3946	0.426	20	15
7	Rr	4267	0.461	20	20
7	Rr	4095	0.442	20	25
7	Rr	3700	0.400	20	30
7	Rr	3936	0.425	20	35
7	Rr	4189	0.453	20	40
7	Rr	4521	0.488	20	45
7	Rr	4067	0.439	20	50
7	Rr	3940	0.426	20	55
7	Rr	4253	0.459	21	00
7	Rr	3803	0.411	21	05
7	Rr	4024	0.435	21	10
7	Rr	3876	0.419	21	15
7	Rr	3470	0.375	21	20
7	Rr	4167	0.450	21	25
7	Rr	3552	0.384	21	30
7	Rr	3750	0.405	21	35
7	Rr	3829	0.414	21	40
7	Rr	3815	0.412	21	45
7	Rr	3986	0.431	21	50
7	Rr	3548	0.383	21	55
7	Rr	3685	0.398	22	00
7	Rr	3468	0.375	22	05
7	Rr	3654	0.395	22	10
7	Rr	3352	0.362	22	15
7	Rr	3779	0.408	22	20
7	Rr	3750	0.405	22	25
7	Rr	3435	0.371	22	30
7	Rr	3830	0.414	22	35
7	Rr	3326	0.359	22	40
7	Rr	3370	0.364	22	45
7	Rr	3605	0.389	22	50
7	Rr	3464	0.374	22	55
7	Rr	3872	0.418	23	00
7	Rr	3525	0.381	23	05
7	Rr	3410	0.368	23	10
7	Rr	3345	0.361	23	15
7	Rr	4082	0.441	23	20
7	Rr	3213	0.347	23	25
7	Rr	3032	0.328	23	30
7	Rr	3411	0.368	23	35
7	Rr	3100	0.335	23	40
7	Rr	3102	0.335	23	45
7	Rr	3151	0.340	23	50
7	Rr	2933	0.317	23	55
o	*f	0R	r
o	lRQ	1	925679	194200423	[unresolved numerical addresses]
Z	*f	-20R	r
Z	lRb	1	42086	3.322	66.249
Z	lRb	1	39923	1.920	69
Z	lRb	1	24847	1.016	46
Z	lRb	1	21470	3.211	157.55
Z	lRb	1	20324	1.766	35
Z	lRb	1	16277	2.360	207.46
Z	lRb	1	15966	2.771	70
Z	lRb	1	15251	1.518	76
Z	lRb	1	14246	2.455	40
Z	lRb	1	13884	1.644	54
Z	lRb	1	12683	1.624	72
Z	lRb	1	12624	1.043	34
Z	lRb	1	12111	0.115	178.137
Z	lRb	1	11474	1.136	75
Z	lRb	1	11130	1.362	5
Z	lRb	1	10571	0.893	74
Z	lRb	1	10377	1.054	123
Z	lRb	1	9694	0.639	71
Z	lRb	1	8933	0.600	37
Z	lRb	1	8468	0.710	65.55
Z	lRb	1	593340	68.839	[not listed: 8484]
S	*f	-50P	r
S	Rb	4702	0.500	14.33.246.211
S	Rb	3306	0.628	192.234.235.103
S	Rb	3248	0.313	192.99.15.146
S	Rb	2341	0.173	100.43.83.148
S	Rb	1992	0.087	66.249.75.109
S	Rb	1829	0.189	37.59.14.116
S	Rb	1781	0.273	75.98.173.33
S	Rb	1597	0.165	78.155.138.20
S	Rb	1543	0.093	199.21.99.79
S	Rb	1459	0.013	92.249.127.111
S	Rb	1330	0.023	109.102.111.58
S	Rb	1312	0.057	205.203.134.197
S	Rb	1304	0.244	5.196.13.127
S	Rb	1276	0.152	208.115.113.82
S	Rb	1270	0.082	95.108.248.29
S	Rb	1142	0.001	91.207.9.226
S	Rb	1107	0.021	66.249.69.97
S	Rb	1081	0.024	66.249.69.81
S	Rb	1051	0.041	66.249.69.192
S	Rb	1039	0.019	66.249.69.89
S	Rb	1030	0.124	5.255.250.90
S	Rb	1024	0.094	95.108.150.235
S	Rb	1012	0.104	192.99.6.132
S	Rb	995	0.248	75.98.173.84
S	Rb	957	0.232	199.21.99.197
S	Rb	951	0.079	66.249.73.133
S	Rb	815	0.038	178.63.23.80
S	Rb	811	0.118	66.249.64.90
S	Rb	808	0.231	149.202.211.239
S	Rb	791	0.082	192.99.7.55
S	Rb	786	0.148	66.11.128.152
S	Rb	785	0.039	144.76.27.118
S	Rb	778	0.165	79.125.27.96
S	Rb	777	0.001	193.150.120.14
S	Rb	760	0.065	208.115.113.92
S	Rb	756	0.027	82.145.46.102
S	Rb	739	0.012	109.102.111.50
S	Rb	737	0.017	66.249.69.176
S	Rb	704	0.001	109.120.157.179
S	Rb	698	0.032	220.181.125.162
S	Rb	694	0.049	78.155.138.30
S	Rb	686	0.025	66.249.65.212
S	Rb	664	0.069	94.23.59.173
S	Rb	653	0.092	52.21.132.215
S	Rb	649	0.067	46.105.74.59
S	Rb	627	0.019	106.38.241.144
S	Rb	627	0.019	66.249.65.205
S	Rb	627	0.015	66.249.65.219
S	Rb	609	0.063	94.23.215.29
S	Rb	585	0.060	94.23.35.157
S	Rb	866834	94.568	[not listed: 82428]
s	*FR	2013	12	18	21	53
s	*LR	2021	03	05	21	15
s	*f	-20R	s
s	lRS	1	175145	694	http://www.gtaeronautics.com/
s	lRS	1	40336	115	http://gtaeronautics.com/
s	lRS	1	4567	7	https://www.google.com/
s	lRS	1	211	3	https://www.thomasnet.com/
s	lRS	1	1534	2	http://www.google.com/
s	lRS	1	237	2	https://www.bing.com/
s	lRS	1	1159	0	http://www.trainingindustry.com/
s	lRS	1	1121	0	http://www.baidu.com/
s	lRS	1	609	0	http://www.mfgpages.com/
s	lRS	1	604	0	http://www.openfos.com/
s	lRS	1	517	0	http://www.topicway.com/
s	lRS	1	462	0	http://anti-crisis-seo.com/
s	lRS	1	395	0	http://uptime.com/
s	lRS	1	362	0	http://semalt.semalt.com/
s	lRS	1	324	0	http://www.bing.com/
s	lRS	1	301	0	http://chimiver.info/
s	lRS	1	280	0	https://www.google.co.in/
s	lRS	1	262	0	http://google.co.jp/
s	lRS	1	236	0	http://www.thomasnet.com/
s	lRS	1	234	0	http://www.artparquet.ru/
s	lRS	1	46734	62	[not listed: 4168]
f	*FR	2013	12	18	21	53
f	*LR	2021	03	05	21	15
f	*f	-30R	s
f	lRS	1	115433	517	http://www.gtaeronautics.com/
f	lRS	1	8603	54	http://www.gtaeronautics.com/aboutus.html
f	lRS	1	27268	38	http://gtaeronautics.com/
f	lRS	1	3912	18	http://www.gtaeronautics.com/index.html
f	lRS	1	1184	15	http://gtaeronautics.com/aboutus.html
f	lRS	1	1792	14	http://www.gtaeronautics.com/RD.html
f	lRS	1	6680	12	http://www.gtaeronautics.com/CCT&M.html
f	lRS	1	5252	12	http://gtaeronautics.com/IndNews.html
f	lRS	1	3888	11	http://www.gtaeronautics.com/ConsultingA.html
f	lRS	1	5585	9	http://www.gtaeronautics.com/UASFC.html
f	lRS	1	1727	8	http://www.gtaeronautics.com/CompNews.html
f	lRS	1	4271	7	https://www.google.com/
f	lRS	1	1743	5	http://www.gtaeronautics.com/CFMT.html
f	lRS	1	2349	4	http://www.gtaeronautics.com/pna.html
f	lRS	1	1598	4	http://www.gtaeronautics.com/SRU.html
f	lRS	1	1434	4	http://www.gtaeronautics.com/IndNews.html
f	lRS	1	2111	3	http://www.gtaeronautics.com/GT380 RPAS.html
f	lRS	1	1463	3	http://www.gtaeronautics.com/EMPLOYMENT.html
f	lRS	1	1381	3	http://www.gtaeronautics.com/GT50T RPAS.html
f	lRS	1	1934	2	http://www.gtaeronautics.com/GT1500 RPAS.html
f	lRS	1	1229	2	http://www.gtaeronautics.com/contactus.html
f	lRS	1	1039	2	http://www.gtaeronautics.com/links.html
f	lRS	1	846	1	http://www.gtaeronautics.com/FAQ.html
f	lRS	1	1967	0	http://www.gtaeronautics.com/uasfc.html
f	lRS	1	1458	0	http://www.gtaeronautics.com/consultinga.html
f	lRS	1	1159	0	http://www.trainingindustry.com/
f	lRS	1	1112	0	http://www.gtaeronautics.com/compnews.html
f	lRS	1	1079	0	http://www.baidu.com/s
f	lRS	1	892	0	http://www.google.com/url
f	lRS	1	730	0	http://www.gtaeronautics.com/gtaTexan.html
f	lRS	1	64511	137	[not listed: 4776]
n	*FR	2013	12	19	00	28
n	*LR	2020	10	14	09	11
n	*f	0.500000%Q	s
n	Rq	1	50.500	kit
n	Rq	1	50.500	method
n	Rq	2	0.589	crew
n	Rq	28	6.484	aeronautical
n	Rq	1	50.500	airplane.com
n	Rq	5	51.679	faa
n	Rq	40	8.252	gt
n	Rq	1	50.500	moldings
n	Rq	1	50.500	twin
n	Rq	1	50.500	taranis
n	Rq	2	50.500	installerex
n	Rq	2	50.500	http://gtaeronautics.com/
n	Rq	20	2.947	in
n	Rq	1	50.500	scale
n	Rq	1	50.500	observer
n	Rq	1	50.500	drawing?
n	Rq	2	50.500	is
n	Rq	1	50.500	making
n	Rq	2	0.589	fiber
n	Rq	1	50.500	mitsubishi
n	Rq	1	50.500	fuze
n	Rq	1	50.500	http://www.gtaeronautics.com/indnews.html
n	Rq	92	50.500	semalt.com
n	Rq	1	50.500	consultant
n	Rq	15	1.179	manufacturing
n	Rq	1	50.500	2
n	Rq	1	50.500	base
n	Rq	14	4.126	6
n	Rq	1	50.500	http://gtaeronautics.com/indnews.html
n	Rq	1	50.500	always
n	Rq	28	57.574	engineering
n	Rq	1	50.500	northrop
n	Rq	1	50.500	bandwidth
n	Rq	1	50.500	vegas
n	Rq	3	0.589	basic
n	Rq	1	50.500	qinetiq
n	Rq	1	50.500	tooling
n	Rq	1	50.500	on
n	Rq	1	50.500	heavy
n	Rq	9	2.358	drawings
n	Rq	1	50.500	fia
n	Rq	4	50.500	louis%20vuitton%20fashion%20valley%20phone%20number
n	Rq	3	50.500	llc
n	Rq	3	51.090	rullman
n	Rq	1	50.500	cowling
n	Rq	32	51.090	sale
n	Rq	64	1.768	outlet
n	Rq	1	50.500	rotax
n	Rq	1	50.500	ucav
n	Rq	28	7.073	texan
n	Rq	1	50.500	a
n	Rq	2	50.500	customer
n	Rq	1	50.500	rpa
n	Rq	2	0.589	110cc
n	Rq	30	50.500	designer
n	Rq	20	51.679	www.gtaeronautics.com
n	Rq	1	50.500	work
n	Rq	1	50.500	thomas
n	Rq	1	50.500	engie
n	Rq	1	50.500	qualification
n	Rq	1	50.500	custom
n	Rq	1	50.500	mk3
n	Rq	1	50.500	t
n	Rq	1	50.500	uavs
n	Rq	1	50.500	w
n	Rq	2	50.500	satisfaction
n	Rq	2	0.589	x
n	Rq	1	50.500	crews
n	Rq	3	50.500	photos
n	Rq	1	50.500	finnemeccia
n	Rq	2	0.589	glass
n	Rq	1	51.090	to
n	Rq	1	50.500	gcs
n	Rq	5	51.679	engineer
n	Rq	1	50.500	government
n	Rq	1	50.500	operator
n	Rq	6	1.768	aircraft
n	Rq	1	50.500	with
n	Rq	97	0.589	number
n	Rq	4	51.090	for
n	Rq	1	50.500	december
n	Rq	2	0.589	aero
n	Rq	9	0.589	equipment
n	Rq	2	0.589	engine
n	Rq	1	50.500	mq1
n	Rq	2	0.589	wy
n	Rq	1	50.500	custum
n	Rq	1	50.500	g.t
n	Rq	1	50.500	mechanics
n	Rq	1	0.589	motors
n	Rq	1	50.500	tdw
n	Rq	32	51.679	luggage
n	Rq	1	50.500	opportunities
n	Rq	175	55.216	vuitton
n	Rq	1	50.500	show
n	Rq	1	51.090	the
n	Rq	1	50.500	luggages
n	Rq	1	50.500	stroke
n	Rq	2	50.500	explore
n	Rq	39	0.589	handbags
n	Rq	2	0.589	electric
n	Rq	1	50.500	space
n	Rq	1	0.589	air
n	Rq	1	50.500	quote
n	Rq	1	50.500	require
n	Rq	1	50.500	mpp
n	Rq	4	0.589	jobs
n	Rq	5	51.679	uas
n	Rq	1	50.500	anything
n	Rq	1	50.500	china
n	Rq	1	50.500	airplane
n	Rq	10	2.947	uav
n	Rq	2	50.500	wmaid.com
n	Rq	3	1.179	drone
n	Rq	7	52.269	fiberglass
n	Rq	2	50.500	facebook
n	Rq	1	50.500	college
n	Rq	4	1.179	onboard
n	Rq	3	0.589	gtaeronautics.com
n	Rq	1	50.500	qulificationa
n	Rq	21	54.037	simi
n	Rq	1	50.500	and
n	Rq	5	51.090	flight
n	Rq	17	54.037	at6
n	Rq	1	50.500	xtreme
n	Rq	1	50.500	maintenance
n	Rq	1	50.500	cody
n	Rq	1	50.500	systems
n	Rq	1	50.500	any
n	Rq	1	50.500	tom
n	Rq	1	50.500	payload
n	Rq	2	0.589	gta
n	Rq	2	50.500	granger
n	Rq	8	52.269	extreme
n	Rq	6	51.679	molding
n	Rq	2	50.500	easylifeapp
n	Rq	1	50.500	rating
n	Rq	2	50.500	whitelaw
n	Rq	126	52.269	fashion
n	Rq	2	0.589	ice
n	Rq	2	50.500	http://www.gtaeronautics.com/compnews.html
n	Rq	5	0.589	engineers
n	Rq	3	0.589	composite
n	Rq	1	50.500	skyforce
n	Rq	1	50.500	eengineer
n	Rq	175	55.216	louis
n	Rq	8	50.500	store
n	Rq	4	1.179	starter
n	Rq	14	1.179	cheap
n	Rq	1	50.500	diamond
n	Rq	10	52.858	bme
n	Rq	1	50.500	america2009
n	Rq	7	50.500	content
n	Rq	1	50.500	challenge
n	Rq	2	0.589	aeronautic
n	Rq	1	50.500	piece
n	Rq	1	50.500	how
n	Rq	1	50.500	male
n	Rq	2	0.589	design
n	Rq	2	0.589	flying
n	Rq	1	50.500	carbon
n	Rq	1	50.500	operation
n	Rq	2	50.500	profile
n	Rq	1	50.500	tomas
n	Rq	1	50.500	cia
n	Rq	1	50.500	hummingbird
n	Rq	1	50.500	iron
n	Rq	1	50.500	california
n	Rq	1	50.500	amphibian
n	Rq	1	50.500	110
n	Rq	1	50.500	mentioned
n	Rq	1	50.500	111
n	Rq	1	50.500	over
n	Rq	25	6.484	http://www.gtaeronautics.com/
n	Rq	1	50.500	google.com
n	Rq	1	50.500	fuel
n	Rq	2	50.500	inc
n	Rq	1	50.500	handbag.com
n	Rq	1	50.500	da42
n	Rq	2	0.589	certification
n	Rq	1	50.500	timing
n	Rq	1	50.500	2015
n	Rq	1	50.500	home
n	Rq	1	50.500	aerospacecompanies
n	Rq	1	50.500	anti
n	Rq	1	50.500	ziroli
n	Rq	1	50.500	sketches
n	Rq	5	50.500	purses
n	Rq	1	50.500	downlink
n	Rq	3	50.500	aeronotics
n	Rq	1	50.500	nanotechnology
n	Rq	1	50.500	zephyr
n	Rq	4	50.500	wyoming
n	Rq	2	50.500	technology
n	Rq	3	51.090	companies
n	Rq	1	50.500	muffler
n	Rq	2	50.500	avia
n	Rq	2	50.500	what
n	Rq	145	55.805	valley
n	Rq	1	50.500	microwave
n	Rq	1	50.500	mold
n	Rq	5	1.179	pglm
n	Rq	1	50.500	specialist
n	Rq	23	5.894	drawing
n	Rq	1	50.500	tool
n	Rq	1	50.500	security
n	Rq	6	0.589	prototypes
n	Rq	1	50.500	giant
n	Rq	1	50.500	powell
n	Rq	8	52.269	aerospace
n	Rq	4	1.179	unmanned
n	Rq	34	7.663	aeronautics
n	Rq	1	50.500	radius
n	Rq	1	50.500	zero
n	Rq	1	50.500	tobbot
n	Rq	2	0.589	job
n	Rq	2	0.589	neverfull
n	Rq	1	50.500	onbordstarter
n	Rq	20	1.179	ca
n	Rq	1	0.589	as
n	Rq	13	54.037	at
n	Rq	5	51.679	techniques
n	Rq	1	50.500	does
n	Rq	1	50.500	commercial
n	Rq	1	50.500	www.gt
n	Rq	1	50.500	de
n	Rq	1	50.500	co
n	Rq	1	50.500	speedy
n	Rq	1	50.500	rpas
n	Rq	2	0.589	instrument
n	Rq	1	50.500	do
n	Rq	1	50.500	quotation
n	Rq	3	51.090	training
n	Rq	1	50.500	efi
n	Rq	1	50.500	careers
n	Rq	3	51.090	pilot
n	Rq	9	2.358	bandito
n	Rq	4	1.179	quotes
n	Rq	107	1.179	phone
n	Rq	1	50.500	stations
n	Rq	1	50.500	traing
N	*FR	2013	12	19	00	28
N	*LR	2020	10	14	09	11
N	*f	-200Q	s
N	RQ	9	2260941239	at 6 texan
N	RQ	20	2210515643	www.gtaeronautics.com
N	RQ	3	2185302845	bandito uav
N	RQ	3	2185302845	onboard starter
N	RQ	1	2160090047	uavs flying over simi valley ca
N	RQ	1	2160090047	gt aeronautics simi valley california
N	RQ	1	2160090047	aeronautical engineer quote
N	RQ	1	2160090047	does aeronautical engineering require drawing?
N	RQ	1	2160090047	how to do gt in engineering drawing
N	RQ	2	2160090047	http://gtaeronautics.com/
N	RQ	1	2160090047	the government college g.t aeronautics
N	RQ	1	2160090047	bme engine
N	RQ	1	2160090047	uas gcs
N	RQ	1	2160090047	http://www.gtaeronautics.com/indnews.html
N	RQ	92	2160090047	semalt.com
N	RQ	1	2160090047	aero iron mentioned nanotechnology hummingbird uav
N	RQ	1	2160090047	basic fiberglass techniques
N	RQ	1	2160090047	http://gtaeronautics.com/indnews.html
N	RQ	1	2160090047	finnemeccia co
N	RQ	2	2160090047	drawing for customer satisfaction
N	RQ	1	2160090047	cheap louis vuitton speedy handbag.com
N	RQ	1	2160090047	at 6
N	RQ	1	2160090047	quotation specialist engineer drawings
N	RQ	1	2160090047	challenge xtreme 111 piece mechanics tool kit
N	RQ	1	2160090047	uav commercial crew stations
N	RQ	1	2160090047	da42 mpp microwave downlink bandwidth
N	RQ	1	2160090047	anti ice de ice qinetiq zephyr
N	RQ	4	2160090047	louis%20vuitton%20fashion%20valley%20phone%20number
N	RQ	1	2160090047	faa uas pilot certification
N	RQ	1	2160090047	any flying crews in gta
N	RQ	1	2160090047	aerospace drawing
N	RQ	1	2160090047	fiber glass molding job
N	RQ	1	2160090047	aircraft design consultant
N	RQ	1	2160090047	www.gt airplane.com
N	RQ	3	2160090047	gt in aeronotics
N	RQ	1	2160090047	tom rullman
N	RQ	1	2160090047	gt aeronautics simi valley ca
N	RQ	1	2160090047	drone base in simi valley
N	RQ	1	2160090047	fiberglass mold making techniques
N	RQ	1	2160090047	rpa instrument qualification faa instrument rating
N	RQ	1	2160090047	extreme bme
N	RQ	1	2160090047	uas faa maintenance
N	RQ	1	2160090047	louis vuitton neverfull
N	RQ	1	2160090047	fiberglass techniques
N	RQ	1	2160090047	aircraft companies in simi valley
N	RQ	1	2160090047	custom fiberglass moldings
N	RQ	11	2160090047	louis vuitton luggage cheap
N	RQ	1	2160090047	anything
N	RQ	1	2160090047	aeronautical engineering sketches
N	RQ	1	2160090047	gtaeronautics.com
N	RQ	1	2160090047	giant scale ziroli at 6
N	RQ	9	2160090047	outlet louis vuitton handbags
N	RQ	1	2160090047	cowling drawing
N	RQ	1	2160090047	mitsubishi zero
N	RQ	1	2160090047	powell wy gt aeronautics
N	RQ	2	2160090047	what is gt in basic engineering drawing
N	RQ	2	2160090047	composite molding
N	RQ	1	2160090047	aeronautics in simi valley and security work
N	RQ	3	2160090047	gt aeronautics llc jobs
N	RQ	1	2160090047	crew flight gta
N	RQ	1	2160090047	110cc engine timing
N	RQ	1	2160090047	aeronautical engineer quotes
N	RQ	2	2160090047	http://www.gtaeronautics.com/compnews.html
N	RQ	4	2160090047	wyoming flight engineers
N	RQ	1	2160090047	a t 6
N	RQ	1	2160090047	gt aeronautics unmanned air
N	RQ	1	2160090047	fia gt composite tooling
N	RQ	1	2160090047	uas pilot certification
N	RQ	1	2160090047	quotes on aeronautical engineers
N	RQ	1	2160090047	payload for diamond northrop twin engie aircraft
N	RQ	7	2160090047	content
N	RQ	1	2160090047	bme 110
N	RQ	1	2160090047	thomas w rullman gt aeronautics
N	RQ	1	2160090047	luggages for sale
N	RQ	2	2160090047	easylifeapp profile
N	RQ	2	2160090047	simi gt
N	RQ	1	2160090047	mq1 design fuel
N	RQ	1	2160090047	airplane as always cia america2009
N	RQ	1	2160090047	eengineer drawing home
N	RQ	1	2160090047	heavy equipment operator jobs
N	RQ	1	2160090047	aero space drone simi valley
N	RQ	1	2160090047	cheap louis vuitton luggage
N	RQ	1	2160090047	2 stroke electric onboard starter
N	RQ	1	2160090047	skyforce observer mk3
N	RQ	1	2160090047	simi valley unmanned aircraft
N	RQ	2	2160090047	granger whitelaw avia
N	RQ	1	2160090047	louis vuitton fashion valley neverfull
N	RQ	1	2160090047	louis vuitton job opportunities
N	RQ	1	2160090047	google.com
N	RQ	1	2160090047	uas operation training method
N	RQ	2	2160090047	wmaid.com explore gtaeronautics.com
N	RQ	1	2160090047	custum muffler 110cc
N	RQ	1	2160090047	glass manufacturing drawings
N	RQ	1	2160090047	electric motors x male uav x sale
N	RQ	1	2160090047	aerospacecompanies in simi valley
N	RQ	1	2160090047	fiberglass molding
N	RQ	2	2160090047	aeronautical technology inc
N	RQ	1	2160090047	taranis ucav
N	RQ	1	2160090047	vegas drone uav show december 2015
N	RQ	1	2160090047	uav companies in simi valley
N	RQ	1	2160090047	unmanned aircraft systems pilot training
N	RQ	2	2160090047	installerex facebook
N	RQ	3	2160090047	texan at6 photos
N	RQ	1	2160090047	aeronautic engineer
N	RQ	30	2160090047	designer handbags outlet sale
N	RQ	1	2160090047	rpas qulificationa traing with faa
N	RQ	1	2160090047	faa uav training
N	RQ	1	2160090047	uav companies simi valley
N	RQ	5	2160090047	louis vuitton purses outlet
N	RQ	1	2160090047	aeronautics
N	RQ	1	2160090047	cheap louis vuitton luggage outlet
N	RQ	1	2160090047	gt aeronautics tomas rullman
N	RQ	1	2160090047	tobbot
N	RQ	1	2160090047	radius tdw efi fuze
N	RQ	8	2160090047	manufacturing equipment store in simi valley
N	RQ	1	2160090047	aeronautic engineer quotes
N	RQ	1	2160090047	onbordstarter
N	RQ	1	2160090047	rotax amphibian unmanned china
N	RQ	1	2160090047	aeronautical engineering quotes
N	RQ	1	2160090047	drawing aircraft engineering
N	RQ	1	2160090047	gt aeronautics careers
N	RQ	1	2160090047	gt aeronautics bandito
N	RQ	1	2160090047	cody wy carbon fiber
N	RQ	25	277340778	http://www.gtaeronautics.com/
N	RQ	20	176489586	gt aeronautics
N	RQ	14	151276788	aeronautical engineering drawing
N	RQ	8	100851192	at6 texan
N	RQ	7	75638394	bme extreme
N	RQ	7	75638394	aerospace engineering drawings
N	RQ	6	50425596	texan at6
N	RQ	5	50425596	bandito pglm
N	RQ	2	25212798	fiberglass molding techniques
N	RQ	6	25212798	manufacturing aeronautical prototypes
N	RQ	19	25212798	louis vuitton luggage outlet
N	RQ	10	25212798	louis vuitton fashion valley phone
N	RQ	97	25212798	louis vuitton fashion valley phone number
N	RQ	2	25212798	texan at 6
N	RQ	18	25212798	louis vuitton fashion valley ca
B	*f	-40R	r
B	Rb	34034	4.851	Mozilla/5.0 (compatible; bingbot/2.0;  http://www.bing.com/bingbot.htm)
B	Rb	25794	1.697	ZoominfoBot (zoominfobot at zoominfo dot com)
B	Rb	25686	1.900	Mozilla/5.0 (compatible; Googlebot/2.1;  http://www.google.com/bot.html)
B	Rb	15597	1.558	Mozilla/4.0 (compatible; MSIE 6.0; Windows NT 5.1; SV1)
B	Rb	12468	2.271	Mozilla/5.0 (iPhone; CPU iPhone OS 7_0 like Mac OS X) AppleWebKit/537.51.1 (KHTML, like Gecko) Version/7.0 Mobile/11A465 Safari/9537.53 (compatible; bingbot/2.0;  http://www.bing.com/bingbot.htm)
B	Rb	9869	1.128	Mozilla/5.0 (compatible; Baiduspider/2.0;  http://www.baidu.com/search/spider.html)
B	Rb	9813	1.128	Mozilla/5.0 (compatible; YandexBot/3.0;  http://yandex.com/bots)
B	Rb	9609	0.914	Mozilla/5.0 (Windows NT 6.1; WOW64; Trident/7.0; rv:11.0) like Gecko
B	Rb	8061	1.515	Mozilla/4.0 (compatible; MSIE 7.0; Windows NT 5.1; .NET CLR 1.1.4322; .NET CLR 2.0.50727)
B	Rb	7398	0.689	Mozilla/5.0 (compatible; Yahoo! Slurp; http://help.yahoo.com/help/us/ysearch/slurp)
B	Rb	7100	0.360	Mozilla/4.0 (compatible; MSIE 6.0; Windows NT 5.1; SV1; .NET CLR 2.0.50727)
B	Rb	6931	0.314	Mozilla/4.0 (compatible;)
B	Rb	6398	0.522	Mozilla/4.0 (compatible; MSIE 6.0; Windows NT 5.1)
B	Rb	6164	0.075	Mozilla/4.0 (compatible; MSIE 7.0; Windows NT 5.1; .NET CLR 1.1.4322; .NET CLR 2.0.50727; .NET CLR 3.0.4506.2152; .NET CLR 3.5.30729)
B	Rb	6150	0.590	Mozilla/4.0 (compatible; MSIE 7.0; Windows NT 6.1; WOW64; Trident/5.0; SLCC2; .NET CLR 2.0.50727; .NET CLR 3.5.30729; .NET CLR 3.0.30729; Media Center PC 6.0; .NET4.0C; .NET4.0E)
B	Rb	6059	0.375	Mozilla/5.0 (Windows NT 6.1; WOW64) AppleWebKit/537.36 (KHTML, like Gecko) Chrome/36.0.1985.143 Safari/537.36
B	Rb	5848	0.445	Sosospider ( http://help.soso.com/webspider.htm)
B	Rb	5672	0.186	Googlebot-Image/1.0
B	Rb	5436	0.506	Mozilla/5.0 (Windows; U; Windows NT 5.1; en-US; rv:1.7.2) Gecko/20040804 Netscape/7.2 (ax)
B	Rb	5308	0.217	Mozilla/4.0 (compatible; MSIE 7.0; Windows NT 5.1; .NET CLR 1.1.4322; .NET CLR 2.0.50727; .NET CLR 3.0.04506.30)
B	Rb	5198	0.536	Mozilla/4.0 (compatible; MSIE 7.0; Windows NT 5.1)
B	Rb	4870	0.202	Mozilla/5.0 (compatible; MSIE 9.0; Windows NT 6.1; WOW64; Trident/5.0)
B	Rb	4633	0.579	Sogou web spider/4.0( http://www.sogou.com/docs/help/webmasters.htm#07)
B	Rb	4446	0.296	Mozilla/5.0 (compatible; Yahoo! Slurp/3.0; http://help.yahoo.com/help/us/ysearch/slurp)
B	Rb	4368	0.058	Mozilla/4.0 (compatible; MSIE 7.0; Windows NT 5.1; .NET CLR 2.0.50727; .NET CLR 3.0.4506.2152; .NET CLR 3.5.30729)
B	Rb	4367	1.310	Mozilla/5.0 (Windows NT 6.3; WOW64) AppleWebKit/537.36 (KHTML, like Gecko) Chrome/33.0.1736.0 Safari/537.36
B	Rb	4114	0.623	Mozilla/5.0 (Linux; Android 6.0.1; Nexus 5X Build/MMB29P) AppleWebKit/537.36 (KHTML, like Gecko) Chrome/41.0.2272.96 Mobile Safari/537.36 (compatible; Googlebot/2.1;  http://www.google.com/bot.html)
B	Rb	4082	0.698	Mozilla/5.0 (iPhone; CPU iPhone OS 7_0 like Mac OS X) AppleWebKit/537.51.1 (KHTML, like Gecko) Version/7.0 Mobile/11A465 Safari/9537.53 BingPreview/1.0b
B	Rb	3758	0.249	Mozilla/4.0 (compatible; MSIE 6.0; Windows NT 5.1; SV1; .NET CLR 1.1.4322)
B	Rb	3595	0.466	Mozilla/4.0 (compatible; MSIE 7.0; Windows NT 5.1; InfoPath.2; .NET CLR 2.0.50727; .NET CLR)
B	Rb	3493	0.300	Mozilla/5.0 (compatible; MJ12bot/v1.4.5; http://www.majestic12.co.uk/bot.php? )
B	Rb	3481	0.206	Mozilla/5.0 (X11; Datanyze; Linux x86_64) AppleWebKit/537.36 (KHTML, like Gecko) Chrome/65.0.3325.181 Safari/537.36
B	Rb	3245	0.586	PRurl
B	Rb	3206	0.906	Mozilla/4.0 (compatible; MSIE 7.0; Windows NT 5.1; .NET CLR 2.0.50727; .NET CLR 1.1.4322)
B	Rb	3134	0.114	Mozilla/5.0 (compatible; SeznamBot/3.2;  http://napoveda.seznam.cz/en/seznambot-intro/)
B	Rb	3062	0.132	Mozilla/4.0 (compatible; MSIE 7.0; Windows NT 5.1; .NET CLR 1.1.4322)
B	Rb	3049	0.068	Mozilla/4.0 (compatible; MSIE 8.0; Windows NT 5.1; Trident/4.0; .NET CLR 2.0.50727; .NET CLR 3.0.4506.2152; .NET CLR 3.5.30729; .NET4.0C; .NET CLR 1.1.4322)
B	Rb	2872	0.356	Mozilla/5.0 (compatible; MSIE 9.0; Windows NT 6.1; Trident/5.0)
B	Rb	2870	0.272	Mozilla/4.0 (compatible; MSIE 6.0; Windows NT 5.1; SV1; .NET CLR 1.1.4322; .NET CLR 2.0.50727)
B	Rb	2805	0.534	Mozilla/5.0 (Windows NT 6.1; WOW64; rv:40.0) Gecko/20100101 Firefox/40.1
B	Rb	622560	70.267	[not listed: 18967]
b	*f	-15Q	s
b	lRQq	1	203657	3420149069	88.589	Netscape (compatible)
b	lRQq	1	254955	2520774615	65.293	MSIE
b	lRQq	2	90917	3745591088	97.019	MSIE/6
b	lRQq	2	5963	3445942755	89.257	MSIE/5
b	lRQq	2	13221	2395215816	62.041	MSIE/9
b	lRQq	2	4755	4277965079	110.808	MSIE/10
b	lRQq	2	99682	2803344829	72.613	MSIE/7
b	lRQq	2	37402	2704817857	70.060	MSIE/8
b	lRQq	2	403	2210515643	57.257	MSIE/4
b	lRQq	2	12	2160090047	55.951	MSIE/11
b	lRQq	2	371	50425596	1.306	MSIE/3
b	lRQq	2	698	25212798	0.653	MSIE/2
b	lRQq	1	1816	2891261193	74.890	Konqueror
b	lRQq	2	1764	2815622799	72.931	Konqueror/3
b	lRQq	2	51	2210515643	57.257	Konqueror/4
b	lRQq	2	1	2160090047	55.951	Konqueror/2
b	lRQq	1	1301	3143389172	81.420	python-requests
b	lRQq	2	1283	3017325182	78.155	python-requests/2
b	lRQq	2	12	100851192	2.612	python-requests/1
b	lRQq	2	6	25212798	0.653	python-requests/0
b	lRQq	1	9636	3193814765	82.726	Netscape
b	lRQq	2	2409	2563494815	66.400	Netscape/4
b	lRQq	2	24	2311366835	59.869	Netscape/6
b	lRQq	2	5529	2260941239	58.563	Netscape/7
b	lRQq	2	32	2210515643	57.257	Netscape/8
b	lRQq	2	2	2160090047	55.951	Netscape/Nutch-1
b	lRQq	2	73	2160090047	55.951	Netscape/%2F4
b	lRQq	2	1	2160090047	55.951	Netscape/10
b	lRQq	2	9	2160090047	55.951	Netscape/Firefox
b	lRQq	2	3	2160090047	55.951	Netscape/9
b	lRQq	2	332	75638394	1.959	Netscape/3
b	lRQq	2	784	25212798	0.653	Netscape/0
b	lRQq	2	6	25212798	0.653	Netscape/5
b	lRQq	1	22	2487856421	64.441	MobileSafari
b	lRQq	2	3	2210515643	57.257	MobileSafari/602
b	lRQq	2	1	2185302845	56.604	MobileSafari/601
b	lRQq	2	16	176489586	4.571	MobileSafari/604
b	lRQq	2	2	25212798	0.653	MobileSafari/9537
b	lRQq	1	261	2387005229	61.828	Scrapy
b	lRQq	2	235	2311366835	59.869	Scrapy/1
b	lRQq	2	6	2210515643	57.257	Scrapy/0
b	lRQq	2	20	2160090047	55.951	Scrapy/2
b	lRQq	1	147	2361792431	61.175	User-Agent: Mozilla
b	lRQq	2	147	2361792431	61.175	User-Agent: Mozilla/5
b	lRQq	1	94	2361792431	61.175	Screaming Frog SEO Spider
b	lRQq	2	67	2185302845	56.604	Screaming Frog SEO Spider/9
b	lRQq	2	6	2160090047	55.951	Screaming Frog SEO Spider/10
b	lRQq	2	1	2160090047	55.951	Screaming Frog SEO Spider/2
b	lRQq	2	2	2160090047	55.951	Screaming Frog SEO Spider/3
b	lRQq	2	1	2160090047	55.951	Screaming Frog SEO Spider/4
b	lRQq	2	3	2160090047	55.951	Screaming Frog SEO Spider/5
b	lRQq	2	1	2160090047	55.951	Screaming Frog SEO Spider/14
b	lRQq	2	1	2160090047	55.951	Screaming Frog SEO Spider/6
b	lRQq	2	2	2160090047	55.951	Screaming Frog SEO Spider/7
b	lRQq	2	3	25212798	0.653	Screaming Frog SEO Spider/12
b	lRQq	2	3	25212798	0.653	Screaming Frog SEO Spider/13
b	lRQq	2	4	25212798	0.653	Screaming Frog SEO Spider/8
b	lRQq	1	314	2336579633	60.522	Wget
b	lRQq	2	314	2336579633	60.522	Wget/1
b	lRQq	1	20	2336579633	60.522	com.google.GoogleMobile
b	lRQq	2	3	2185302845	56.604	com.google.GoogleMobile/42
b	lRQq	2	1	2160090047	55.951	com.google.GoogleMobile/72
b	lRQq	2	1	2160090047	55.951	com.google.GoogleMobile/65
b	lRQq	2	3	2160090047	55.951	com.google.GoogleMobile/38
b	lRQq	2	3	2160090047	55.951	com.google.GoogleMobile/60
b	lRQq	2	1	2160090047	55.951	com.google.GoogleMobile/61
b	lRQq	2	2	2160090047	55.951	com.google.GoogleMobile/34
b	lRQq	2	2	25212798	0.653	com.google.GoogleMobile/62
b	lRQq	2	2	25212798	0.653	com.google.GoogleMobile/67
b	lRQq	2	2	25212798	0.653	com.google.GoogleMobile/41
b	lRQq	1	32	2336579633	60.522	WordPress
b	lRQq	2	19	2286154037	59.216	WordPress/4
b	lRQq	2	13	50425596	1.306	WordPress/3
b	lRQq	1	785	2311366835	59.869	Python-urllib
b	lRQq	2	52	2210515643	57.257	Python-urllib/3
b	lRQq	2	728	75638394	1.959	Python-urllib/2
b	lRQq	2	5	25212798	0.653	Python-urllib/1
b	lRQq	1	54	2311366835	59.869	Google
b	lRQq	2	50	2286154037	59.216	Google/2
b	lRQq	2	4	25212798	0.653	Google/1
b	lRQq	1	129	2311366835	59.869	AppEngine-Google; ( http:
b	lRQq	2	129	2311366835	59.869	AppEngine-Google; ( http://code
b	lRQq	1	443380	3803722623	98.524	[not listed: 776]
p	*f	0Q	s
p	lR	1	512424	Windows
p	lR	2	215822	Unknown Windows
p	lR	2	42829	Windows NT
p	lR	2	237946	Windows XP
p	lR	2	9207	Windows 2000
p	lR	2	1394	Windows ME
p	lR	2	2146	Windows 95
p	lR	2	389	Windows CE
p	lR	2	2314	Windows 98
p	lR	2	377	Windows 3.1
p	lR	1	214344	OS unknown
p	lR	1	48749	Unix
p	lR	2	48015	Linux
p	lR	2	22	SunOS
p	lR	2	43	BSD
p	lR	2	666	Other Unix
p	lR	2	3	HP-UX
p	lR	1	65041	Known robots
p	lR	1	76014	Macintosh
p	lR	2	71996	Unknown Macintosh
p	lR	2	3111	Macintosh PowerPC
p	lR	2	907	Macintosh 68k
p	lR	1	16	WebTV
p	lR	1	1	BeOS
p	lR	1	8	OS/2
p	lR	1	6	Amiga
i	*f	0R	s
i	lRc	1	533440	26.779	[root directory]
i	lRc	1	245927	73.017	/images/
i	lRc	1	94797	0.110	/js/
i	lRc	1	49875	0.094	/css/
i	lRc	1	865	0.000	/videos/
i	lRc	1	541	0.000	/client/
i	lRc	1	1	0.000	/cgi-bin/
i	lRc	1	172	0.000	/dev/
i	lRc	2	23	0.000	/dev/css/
i	lRc	2	44	0.000	/dev/js/
i	lRc	2	59	0.000	/dev/images/
i	lRc	1	1	0.000	/secure/
i	lRc	1	60	0.000	/stats/
r	*f	0.050000%S	s
r	lRSc	1	25210	46	2.362	/aboutus.html
r	lRSc	1	16523	44	1.396	/contactus.html
r	lRSc	1	21601	35	21.306	/compnews.html
r	lRSc	1	16327	29	2.405	/consultinga.html
r	lRSc	1	13752	28	1.104	/employment.html
r	lRSc	1	3944	27	1.531	/gt50t+rpas.html
r	lRSc	1	15735	26	1.405	/cfmt.html
r	lRSc	1	4175	25	1.388	/gt380+rpas.html
r	lRSc	1	4295	25	1.397	/gt1500+rpas.html
r	lRSc	1	13200	24	1.234	/indevents.html
r	lRSc	1	7342	24	1.340	/sru.html
r	lRSc	1	15726	23	1.662	/cct&m.html
r	lRSc	1	12234	23	0.791	/pna.html
r	lRSc	1	20411	23	1.930	/uasfc.html
r	lRSc	1	26387	17	55.466	/indnews.html
r	lRSc	2	124	4	13.590	/indnews.html?referer=www.clickfind.com.au/wp-login.php
r	lRSc	2	1	0	0.000	/indnews.html?referer=top1.co.pl
r	lRSc	2	1	0	0.000	/indnews.html?referer=www.clickfind.com.au//wp-content/themes/busybee/thumb.php?src=http://blogger.com.opontodaarte.com.br/java.php
r	lRSc	1	13831	17	1.128	/links.html
r	lRSc	1	12009	14	0.953	/faq.html
r	lRSc	1	9	9	0.497	/gt100hl+rpas.html
r	lRSc	1	9321	9	0.485	/rd.html
r	lRSc	1	3744	1	0.057	/banditomav.html
r	lRSc	1	3979	1	0.054	/uavengines.html
r	lRSc	1	3836	1	0.052	/gtatexan.html
r	lRSc	1	3661	1	0.058	/bandituas.html
r	lRSc	1	1	0	0.000	/client/bandito timeline2007.html
r	lRSc	1	2	0	0.000	/client/bandit+timeline2004.html
r	lRSc	1	1	0	0.000	/stats/quick.html
r	lRSc	1	1	0	0.000	/404.htm
r	lRSc	1	12	0	0.000	/client/gta010707002.html
r	lRSc	1	72	0	0.000	/client/bandito+development.html
r	lRSc	1	135	0	0.000	/client/welcome.html
r	lRSc	1	3	0	0.000	/client/gta021305001.html
r	lRSc	1	1	0	0.000	/stats/browserrep.html
r	lRSc	1	741	0	0.000	/gt50t rpas.html
r	lRSc	1	5	0	0.000	/client/gta012405001.html
r	lRSc	1	2	0	0.000	/dev/contactus.html
r	lRSc	1	3	0	0.000	/stats/general.html
r	lRSc	1	1	0	0.000	/dev/aboutus.html
r	lRSc	1	18	0	0.000	/client/tacamo+development.html
r	lRSc	1	1	0	0.000	/client/bandit development.html
r	lRSc	1	17	0	0.000	/client/bandit+timeline2008.html
r	lRSc	1	1	0	0.000	/client/bandito+timeline2005.html
r	lRSc	1	23	0	0.000	/client/projectbids.html
r	lRSc	1	1	0	0.000	/stats/host.html
r	lRSc	1	11	0	0.000	/client/rq2+outlaw.html
r	lRSc	1	1	0	0.000	/client/bandit timeline2008.html
r	lRSc	1	20	0	0.000	/client/clientpna.html
r	lRSc	1	15	0	0.000	/client/bandit.html
r	lRSc	1	2	0	0.000	/stats/default.asp
r	lRSc	1	21	0	0.000	/index.htm
r	lRSc	1	1	0	0.000	/cgi-bin/testms.pl
r	lRSc	1	974	0	0.000	/gtamt.html
r	lRSc	1	14	0	0.000	/client/rq1+bandit.html
r	lRSc	1	2253	0	0.000	/gt1500 rpas.html
r	lRSc	1	6	0	0.000	/client/gta021305002.html
r	lRSc	1	4	0	0.000	/client/gta121004001.html
r	lRSc	1	24	0	0.000	/client/tacamo.html
r	lRSc	1	30	0	0.000	/client/mgqgcyat.asp
r	lRSc	1	1	0	0.000	/dev/client.cgi
r	lRSc	1	18702	0	0.000	/default.asp
r	lRSc	1	1666	0	0.000	/gt380 rpas.html
r	lRSc	1	1	0	0.000	/client/bandito+timeline2006.html
r	lRSc	1	16	0	0.000	/client/rq3+bandito.html
r	lRSc	1	1	0	0.000	/dev/uasfc.html
r	lRSc	1	229	0	0.000	/client.cgi
r	lRSc	1	71	0	0.000	/client/bandit+development.html
r	lRSc	1	2	0	0.000	/client/bandito development.html
r	lRSc	1	2	0	0.000	/stats/yearly.html
r	lRSc	1	2	0	0.000	/stats/domain.html
r	lRSc	1	1	0	0.000	/stats/monthly.html
r	lRSc	1	1	0	0.000	/stats/weekly.html
r	lRSc	1	8	0	0.000	/client/gta010707001.html
r	lRSc	1	3749	0	0.000	/bidspridpass.html
r	lRSc	1	6356	0	0.000	/pridpass.html
r	lRSc	1	12	0	0.000	/client/bandito.html
r	lRSc	1	1	0	0.000	/dev/pna.html
r	lRSc	1	1	0	0.000	/client/tacamo development.html
r	lRSc	1	3	0	0.000	/stats/index.htm
r	lRSc	1	3	0	0.000	/stats/nav.html
r	lRSc	1	1	0	0.000	/stats/quarterly.html
r	lRSc	1	2	0	0.000	/stats/directory.html
r	lRSc	1	2	0	0.000	/stats/organisation.html
r	lRSc	1	8	0	0.000	/client/bandito+timeline2007.html
r	lRSc	1	7	0	0.000	/client/bandit+timeline2007.html
r	lRSc	1	1	0	0.000	/dev/pridpass.html
t	*f	0.100000%B	b
t	lRb	1	283528	40.104	.html [Hypertext Markup Language]
t	lRb	1	188792	27.605	.jpg  [JPEG graphics]
t	lRb	1	218287	22.228	[directories]
t	lRb	1	778	3.668	.wmv
t	lRb	1	87	3.601	.mpg  [MPEG movie]
t	lRb	1	18734	1.549	.asp  [Active Server REQUESTS]
t	lRb	1	57212	0.458	.gif  [GIF graphics]
t	lRb	1	94841	0.362	.js  [JavaScript code]
t	lRb	1	49890	0.321	.css  [Cascading Style Sheets]
t	lRb	1	13263	0.102	.ico
t	lRb	1	267	0.001	[not listed: 5]
z	*FR	2009	06	30	04	42
z	*LR	2021	03	05	23	59
z	ScR	88	0.000	67700	0
z	ScR	0	0.000	0	1b-  10b
z	ScR	0	0.000	0	11b- 100b
z	ScR	36	0.004	78103	101b-  1kb
z	ScR	696	2.290	430124	1kb- 10kb
z	ScR	660	23.906	298930	10kb-100kb
z	ScR	269	52.805	50189	100kb-  1Mb
z	ScR	10	20.995	590	1Mb- 10Mb
z	ScR	0	0.000	43	10Mb-100Mb
c	*FR	2014	03	02	13	52
c	*LR	2021	03	05	23	59
c	*f	0R	a
c	R	845927	200 OK
c	R	6126	206 Partial content
c	R	102	301 Document moved permanently
c	R	77	302 Document found elsewhere
c	R	73626	304 Not modified since last retrieval
c	R	560	400 Bad request
c	R	207	401 Authentication required
c	R	143	403 Access forbidden
c	R	390709	404 Document not found
c	R	718	405 Method not allowed
c	R	463	406 Document not acceptable to client
c	R	60	416 Requested range not valid
c	R	612	500 Internal server error
c	R	127	501 Request type not supported
I	*FR	2007	12	11	00	52
I	*LR	2021	03	05	23	58
I	*f	-30S	s
I	lRS	1	92731	154	/robots.txt
I	lRS	1	5698	20	/wp-login.php
I	lRS	1	2447	14	/ads.txt
I	lRS	1	72	12	/admin
I	lRS	1	249	7	/administrator/
I	lRS	1	220	7	/admin/
I	lRS	1	545	7	/admin.php
I	lRS	1	792	6	/administrator/index.php
I	lRS	1	418	6	/wp-admin/
I	lRS	1	349	6	/.env
I	lRS	1	169	5	/blog/wp-login.php
I	lRS	1	128	5	/wp/wp-login.php
I	lRS	1	138	5	/wordpress/wp-login.php
I	lRS	1	715	4	/sitemap.xml
I	lRS	1	612	4	/videos/bandito+004+flt+8+clip+092508.wmv
I	lRS	1	284	3	/wp1/wp-includes/wlwmanifest.xml
I	lRS	1	271	3	/shop/wp-includes/wlwmanifest.xml
I	lRS	1	441	3	/wp-includes/wlwmanifest.xml
I	lRS	1	18	3	/wp-includes/fonts/css.php
I	lRS	1	288	3	/web/wp-includes/wlwmanifest.xml
I	lRS	1	6	3	/cpanel
I	lRS	1	20	3	/wp-includes/css/css.php
I	lRS	1	1457	3	/xmlrpc.php
I	lRS	1	284	3	/sito/wp-includes/wlwmanifest.xml
I	lRS	1	423	3	/blog/wp-includes/wlwmanifest.xml
I	lRS	1	78	3	/e/data/js/ajax.js
I	lRS	1	287	3	/website/wp-includes/wlwmanifest.xml
I	lRS	1	286	3	/news/wp-includes/wlwmanifest.xml
I	lRS	1	422	3	/wordpress/wp-includes/wlwmanifest.xml
I	lRS	1	423	3	/wp/wp-includes/wlwmanifest.xml
I	lRS	1	283328	58	[not listed: 21048]
L	*FR	2007	12	11	00	52
L	*LR	2021	03	05	23	58
L	*f	-20S	s
L	RS	20	20	20.80.88.123
L	RS	18	18	13.90.22.196
L	RS	17	17	18.220.234.48
L	RS	54	13	5.188.62.214
L	RS	8	8	195.218.183.115
L	RS	8	8	62.122.100.206
L	RS	8	8	46.149.34.245
L	RS	18	7	34.92.71.173
L	RS	65	5	66.249.64.239
L	RS	4	4	18.197.125.181
L	RS	5	4	39.103.174.84
L	RS	18	4	82.165.117.55
L	RS	4	4	13.232.96.15
L	RS	6	4	35.183.60.188
L	RS	4	4	52.52.190.187
L	RS	28	4	23.99.11.135
L	RS	4	4	70.57.208.77
L	RS	4	4	66.249.70.96
L	RS	8	4	35.231.21.3
L	RS	4	4	34.230.156.67
L	RS	393294	217	[not listed: 72088]
K	*FR	2013	12	22	04	20
K	*LR	2021	03	05	22	19
K	*f	-30S	s
K	lRS	1	282	6	http://gtaeronautics.com/wp-login.php
K	lRS	1	38	6	http://gtaeronautics.com/administrator/
K	lRS	1	4	4	http://www.gtaeronautics.com/IndEvents.html
K	lRS	1	788	1	http://gtaeronautics.com/
K	lRS	1	4	1	http://www.gtaeronautics.com/js/GB_BIG.js
K	lRS	1	49259	0	[not listed: 4813]
E	*FR	2008	01	06	10	12
E	*LR	2018	02	26	21	55
E	*f	-30S	s
E	lSR	1	0	179	[not listed: 6]
l	*FR	2008	01	06	10	12
l	*LR	2018	02	26	21	55
l	*f	-20S	s
l	SR	0	179	[not listed: 98]
v	*f	-20B	b
v	Rb	657415	59.343	66.113.131.59
v	Rb	268264	40.657	64.41.87.40
R	*FR	2008	01	06	10	12
R	*LR	2018	02	26	21	55
R	*f	-20R	r
R	R	178	66.113.131.59
R	R	1	64.41.87.40
M	*FR	2007	12	11	00	52
M	*LR	2021	03	05	23	58
M	*f	-20R	r
M	R	302606	66.113.131.59
M	R	90993	64.41.87.40
J	*FR	2007	12	11	00	53
J	*LR	2017	03	17	18	30
J	*f	-20R	r
J	R	9	gtaeronautics
J	R	5	lorrigkj
J	R	1	rullma2063
J	R	1	administrator
J	R	1	satish
J	R	1	nnnnn
P	*FR	2021	01	03	12	39
P	*LR	2021	03	05	23	59
P	R	20	0
P	R	0	<= 0.01
P	R	454	0.01-0.02
P	R	22011	0.02-0.05
P	R	50963	0.05-0.1 
P	R	64707	0.1 -0.2 
P	R	64321	0.2 -0.5 
P	R	33352	0.5 -1   
P	R	17464	1-  2 
P	R	7507	2-  5 
P	R	4214	5- 10 
P	R	1504	10- 20 
P	R	1420	20- 60 
P	R	248	60-120 
P	R	67	120-300 
