x	VE	analog 5.24
x	HN	gtaeronautics.com
x	PS	2024	03	17	02	04
x	FR	2007	12	18	17	05
x	LR	2024	03	16	04	52
x	E7	2024	03	17	02	04
x	SR	1774760
x	S7	8620
x	NC	616254
x	C7	0
x	FL	656235
x	F7	1021
x	RR	254
x	R7	0
x	NH	110563
x	H7	478
x	BT	57520368399
x	B7	0
1	Rr	170554	9.610	2024
1	Rr	511208	28.804	2023
1	Rr	82334	4.639	2022
1	Rr	98917	5.574	2021
1	Rr	89380	5.036	2020
1	Rr	80088	4.513	2019
1	Rr	68927	3.884	2018
1	Rr	60168	3.390	2017
1	Rr	73316	4.131	2016
1	Rr	80796	4.553	2015
1	Rr	110773	6.242	2014
1	Rr	65173	3.672	2013
1	Rr	60742	3.423	2012
1	Rr	57015	3.213	2011
1	Rr	22139	1.247	2010
1	Rr	69710	3.928	2009
1	Rr	71820	4.047	2008
1	Rr	1700	0.096	2007
1	*BT	R	511208	2023
Q	Rr	170554	9.610	2024	1
Q	Rr	182268	10.270	2023	4
Q	Rr	165939	9.350	2023	3
Q	Rr	135306	7.624	2023	2
Q	Rr	27695	1.560	2023	1
Q	Rr	20307	1.144	2022	4
Q	Rr	20362	1.147	2022	3
Q	Rr	21795	1.228	2022	2
Q	Rr	19870	1.120	2022	1
Q	Rr	21154	1.192	2021	4
Q	Rr	26826	1.512	2021	3
Q	Rr	30675	1.728	2021	2
Q	Rr	20262	1.142	2021	1
Q	Rr	22199	1.251	2020	4
Q	Rr	23882	1.346	2020	3
Q	Rr	21656	1.220	2020	2
Q	Rr	21643	1.219	2020	1
Q	Rr	19098	1.076	2019	4
Q	Rr	19668	1.108	2019	3
Q	Rr	19827	1.117	2019	2
Q	Rr	21495	1.211	2019	1
Q	Rr	18129	1.021	2018	4
Q	Rr	17138	0.966	2018	3
Q	Rr	16928	0.954	2018	2
Q	Rr	16732	0.943	2018	1
Q	Rr	15937	0.898	2017	4
Q	Rr	0	0.000	2017	3
Q	Rr	16831	0.948	2017	2
Q	Rr	27400	1.544	2017	1
Q	Rr	22114	1.246	2016	4
Q	Rr	17621	0.993	2016	3
Q	Rr	15878	0.895	2016	2
Q	Rr	17703	0.997	2016	1
Q	Rr	16575	0.934	2015	4
Q	Rr	22104	1.245	2015	3
Q	Rr	22485	1.267	2015	2
Q	Rr	19632	1.106	2015	1
Q	Rr	21142	1.191	2014	4
Q	Rr	22272	1.255	2014	3
Q	Rr	31453	1.772	2014	2
Q	Rr	35906	2.023	2014	1
Q	Rr	16436	0.926	2013	4
Q	Rr	15216	0.857	2013	3
Q	Rr	16545	0.932	2013	2
Q	Rr	16976	0.957	2013	1
Q	Rr	16578	0.934	2012	4
Q	Rr	12511	0.705	2012	3
Q	Rr	15816	0.891	2012	2
Q	Rr	15837	0.892	2012	1
Q	Rr	15444	0.870	2011	4
Q	Rr	17386	0.980	2011	3
Q	Rr	9395	0.529	2011	2
Q	Rr	14790	0.833	2011	1
Q	Rr	1603	0.090	2010	4
Q	Rr	0	0.000	2010	3
Q	Rr	14047	0.791	2010	2
Q	Rr	6489	0.366	2010	1
Q	Rr	16350	0.921	2009	4
Q	Rr	18220	1.027	2009	3
Q	Rr	17115	0.964	2009	2
Q	Rr	18025	1.016	2009	1
Q	Rr	15905	0.896	2008	4
Q	Rr	15660	0.882	2008	3
Q	Rr	22448	1.265	2008	2
Q	Rr	17807	1.003	2008	1
Q	Rr	1700	0.096	2007	4
Q	*BT	R	182268	2023	4
m	Rr	27904	1.572	2024	03
m	Rr	68592	3.865	2024	02
m	Rr	74058	4.173	2024	01
m	Rr	54270	3.058	2023	12
m	Rr	61278	3.453	2023	11
m	Rr	66720	3.759	2023	10
m	Rr	51132	2.881	2023	09
m	Rr	54561	3.074	2023	08
m	Rr	60246	3.395	2023	07
m	Rr	66204	3.730	2023	06
m	Rr	60120	3.388	2023	05
m	Rr	8982	0.506	2023	04
m	Rr	10848	0.611	2023	03
m	Rr	8360	0.471	2023	02
m	Rr	8487	0.478	2023	01
m	Rr	6950	0.392	2022	12
m	Rr	6349	0.358	2022	11
m	Rr	7008	0.395	2022	10
m	Rr	6740	0.380	2022	09
m	Rr	6863	0.387	2022	08
m	Rr	6759	0.381	2022	07
m	Rr	6567	0.370	2022	06
m	Rr	8427	0.475	2022	05
m	Rr	6801	0.383	2022	04
m	Rr	6380	0.359	2022	03
m	Rr	6175	0.348	2022	02
m	Rr	7315	0.412	2022	01
m	Rr	7667	0.432	2021	12
m	Rr	7097	0.400	2021	11
m	Rr	6390	0.360	2021	10
m	Rr	6059	0.341	2021	09
m	Rr	9092	0.512	2021	08
m	Rr	11675	0.658	2021	07
m	Rr	10152	0.572	2021	06
m	Rr	10231	0.576	2021	05
m	Rr	10292	0.580	2021	04
m	Rr	7948	0.448	2021	03
m	Rr	5800	0.327	2021	02
m	Rr	6514	0.367	2021	01
m	Rr	8069	0.455	2020	12
m	Rr	6579	0.371	2020	11
m	Rr	7551	0.425	2020	10
m	Rr	8028	0.452	2020	09
m	Rr	7741	0.436	2020	08
m	Rr	8113	0.457	2020	07
m	Rr	7317	0.412	2020	06
m	Rr	6898	0.389	2020	05
m	Rr	7441	0.419	2020	04
m	Rr	7524	0.424	2020	03
m	Rr	7322	0.413	2020	02
m	Rr	6797	0.383	2020	01
m	Rr	6573	0.370	2019	12
m	Rr	5917	0.333	2019	11
m	Rr	6608	0.372	2019	10
m	Rr	6791	0.383	2019	09
m	Rr	6597	0.372	2019	08
m	Rr	6280	0.354	2019	07
m	Rr	6317	0.356	2019	06
m	Rr	6847	0.386	2019	05
m	Rr	6663	0.375	2019	04
m	Rr	7059	0.398	2019	03
m	Rr	6374	0.359	2019	02
m	Rr	8062	0.454	2019	01
m	Rr	6957	0.392	2018	12
m	Rr	5422	0.306	2018	11
m	Rr	5750	0.324	2018	10
m	Rr	5458	0.308	2018	09
m	Rr	5735	0.323	2018	08
m	Rr	5945	0.335	2018	07
m	Rr	7110	0.401	2018	06
m	Rr	6440	0.363	2018	05
m	Rr	3378	0.190	2018	04
m	Rr	5789	0.326	2018	03
m	Rr	5369	0.303	2018	02
m	Rr	5574	0.314	2018	01
m	Rr	3906	0.220	2017	12
m	Rr	6533	0.368	2017	11
m	Rr	5498	0.310	2017	10
m	Rr	0	0.000	2017	09
m	Rr	0	0.000	2017	08
m	Rr	0	0.000	2017	07
m	Rr	0	0.000	2017	06
m	Rr	6832	0.385	2017	05
m	Rr	9999	0.563	2017	04
m	Rr	11887	0.670	2017	03
m	Rr	7941	0.447	2017	02
m	Rr	7572	0.427	2017	01
m	Rr	9483	0.534	2016	12
m	Rr	7121	0.401	2016	11
m	Rr	5510	0.310	2016	10
m	Rr	6288	0.354	2016	09
m	Rr	5888	0.332	2016	08
m	Rr	5445	0.307	2016	07
m	Rr	5042	0.284	2016	06
m	Rr	5495	0.310	2016	05
m	Rr	5341	0.301	2016	04
m	Rr	5558	0.313	2016	03
m	Rr	5548	0.313	2016	02
m	Rr	6597	0.372	2016	01
m	Rr	5574	0.314	2015	12
m	Rr	5330	0.300	2015	11
m	Rr	5671	0.320	2015	10
m	Rr	6196	0.349	2015	09
m	Rr	6788	0.382	2015	08
m	Rr	9120	0.514	2015	07
m	Rr	7156	0.403	2015	06
m	Rr	5694	0.321	2015	05
m	Rr	9635	0.543	2015	04
m	Rr	6215	0.350	2015	03
m	Rr	6084	0.343	2015	02
m	Rr	7333	0.413	2015	01
m	Rr	6608	0.372	2014	12
m	Rr	6997	0.394	2014	11
m	Rr	7537	0.425	2014	10
m	Rr	7043	0.397	2014	09
m	Rr	7324	0.413	2014	08
m	Rr	7905	0.445	2014	07
m	Rr	11654	0.657	2014	06
m	Rr	9211	0.519	2014	05
m	Rr	10588	0.597	2014	04
m	Rr	7817	0.440	2014	03
m	Rr	15229	0.858	2014	02
m	Rr	12860	0.725	2014	01
m	Rr	5325	0.300	2013	12
m	Rr	5513	0.311	2013	11
m	Rr	5598	0.315	2013	10
m	Rr	4655	0.262	2013	09
m	Rr	4938	0.278	2013	08
m	Rr	5623	0.317	2013	07
m	Rr	5492	0.309	2013	06
m	Rr	5211	0.294	2013	05
m	Rr	5842	0.329	2013	04
m	Rr	6068	0.342	2013	03
m	Rr	5055	0.285	2013	02
m	Rr	5853	0.330	2013	01
m	Rr	5688	0.320	2012	12
m	Rr	5477	0.309	2012	11
m	Rr	5413	0.305	2012	10
m	Rr	4331	0.244	2012	09
m	Rr	3866	0.218	2012	08
m	Rr	4314	0.243	2012	07
m	Rr	4655	0.262	2012	06
m	Rr	6047	0.341	2012	05
m	Rr	5114	0.288	2012	04
m	Rr	6128	0.345	2012	03
m	Rr	5430	0.306	2012	02
m	Rr	4279	0.241	2012	01
m	Rr	5548	0.313	2011	12
m	Rr	4779	0.269	2011	11
m	Rr	5117	0.288	2011	10
m	Rr	5431	0.306	2011	09
m	Rr	6256	0.352	2011	08
m	Rr	5699	0.321	2011	07
m	Rr	5420	0.305	2011	06
m	Rr	3975	0.224	2011	05
m	Rr	0	0.000	2011	04
m	Rr	3608	0.203	2011	03
m	Rr	5171	0.291	2011	02
m	Rr	6011	0.339	2011	01
m	Rr	1603	0.090	2010	12
m	Rr	0	0.000	2010	11
m	Rr	0	0.000	2010	10
m	Rr	0	0.000	2010	09
m	Rr	0	0.000	2010	08
m	Rr	0	0.000	2010	07
m	Rr	4101	0.231	2010	06
m	Rr	5018	0.283	2010	05
m	Rr	4928	0.278	2010	04
m	Rr	5095	0.287	2010	03
m	Rr	1394	0.079	2010	02
m	Rr	0	0.000	2010	01
m	Rr	4665	0.263	2009	12
m	Rr	6187	0.349	2009	11
m	Rr	5498	0.310	2009	10
m	Rr	5066	0.285	2009	09
m	Rr	5718	0.322	2009	08
m	Rr	7436	0.419	2009	07
m	Rr	5685	0.320	2009	06
m	Rr	6120	0.345	2009	05
m	Rr	5310	0.299	2009	04
m	Rr	5515	0.311	2009	03
m	Rr	6123	0.345	2009	02
m	Rr	6387	0.360	2009	01
m	Rr	5763	0.325	2008	12
m	Rr	5420	0.305	2008	11
m	Rr	4722	0.266	2008	10
m	Rr	5435	0.306	2008	09
m	Rr	4843	0.273	2008	08
m	Rr	5382	0.303	2008	07
m	Rr	6082	0.343	2008	06
m	Rr	9946	0.560	2008	05
m	Rr	6420	0.362	2008	04
m	Rr	5431	0.306	2008	03
m	Rr	6469	0.364	2008	02
m	Rr	5907	0.333	2008	01
m	Rr	1700	0.096	2007	12
m	*BT	R	74058	2024	01
W	Rr	9280	0.523	2024	03	10
W	Rr	15624	0.880	2024	03	03
W	Rr	17778	1.002	2024	02	25
W	Rr	13428	0.757	2024	02	18
W	Rr	16572	0.934	2024	02	11
W	Rr	17070	0.962	2024	02	04
W	Rr	26220	1.477	2024	01	28
W	Rr	14730	0.830	2024	01	21
W	Rr	13098	0.738	2024	01	14
W	Rr	15324	0.863	2024	01	07
W	Rr	12552	0.707	2023	12	31
W	Rr	11406	0.643	2023	12	24
W	Rr	11184	0.630	2023	12	17
W	Rr	13956	0.786	2023	12	10
W	Rr	13644	0.769	2023	12	03
W	Rr	12390	0.698	2023	11	26
W	Rr	11682	0.658	2023	11	19
W	Rr	15756	0.888	2023	11	12
W	Rr	16596	0.935	2023	11	05
W	Rr	16104	0.907	2023	10	29
W	Rr	13980	0.788	2023	10	22
W	Rr	15450	0.871	2023	10	15
W	Rr	14713	0.829	2023	10	08
W	Rr	14285	0.805	2023	10	01
W	Rr	14478	0.816	2023	09	24
W	Rr	11904	0.671	2023	09	17
W	Rr	10968	0.618	2023	09	10
W	Rr	10482	0.591	2023	09	03
W	Rr	10800	0.609	2023	08	27
W	Rr	14568	0.821	2023	08	20
W	Rr	12504	0.705	2023	08	13
W	Rr	12076	0.680	2023	08	06
W	Rr	10997	0.620	2023	07	30
W	Rr	13392	0.755	2023	07	23
W	Rr	13224	0.745	2023	07	16
W	Rr	16128	0.909	2023	07	09
W	Rr	13356	0.753	2023	07	02
W	Rr	12558	0.708	2023	06	25
W	Rr	17082	0.962	2023	06	18
W	Rr	16452	0.927	2023	06	11
W	Rr	15336	0.864	2023	06	04
W	Rr	13482	0.760	2023	05	28
W	Rr	16248	0.916	2023	05	21
W	Rr	15078	0.850	2023	05	14
W	Rr	17181	0.968	2023	05	07
W	Rr	4282	0.241	2023	04	30
W	Rr	2458	0.138	2023	04	23
W	Rr	2269	0.128	2023	04	16
W	Rr	1553	0.088	2023	04	09
W	Rr	2389	0.135	2023	04	02
W	Rr	1701	0.096	2023	03	26
W	Rr	1943	0.109	2023	03	19
W	Rr	2225	0.125	2023	03	12
W	Rr	2192	0.124	2023	03	05
W	Rr	4055	0.228	2023	02	26
W	Rr	2406	0.136	2023	02	19
W	Rr	1898	0.107	2023	02	12
W	Rr	1890	0.106	2023	02	05
W	Rr	1861	0.105	2023	01	29
W	Rr	1686	0.095	2023	01	22
W	Rr	1779	0.100	2023	01	15
W	Rr	1833	0.103	2023	01	08
W	Rr	2226	0.125	2023	01	01
W	Rr	1280	0.072	2022	12	25
W	Rr	1806	0.102	2022	12	18
W	Rr	1773	0.100	2022	12	11
W	Rr	1532	0.086	2022	12	04
W	Rr	1586	0.089	2022	11	27
W	Rr	1093	0.062	2022	11	20
W	Rr	1366	0.077	2022	11	13
W	Rr	1972	0.111	2022	11	06
W	Rr	1396	0.079	2022	10	30
W	Rr	1547	0.087	2022	10	23
W	Rr	1641	0.092	2022	10	16
W	Rr	1747	0.098	2022	10	09
W	Rr	1568	0.088	2022	10	02
W	Rr	1379	0.078	2022	09	25
W	Rr	1695	0.096	2022	09	18
W	Rr	1701	0.096	2022	09	11
W	Rr	1568	0.088	2022	09	04
W	Rr	1562	0.088	2022	08	28
W	Rr	1488	0.084	2022	08	21
W	Rr	1646	0.093	2022	08	14
W	Rr	1430	0.081	2022	08	07
W	Rr	1446	0.081	2022	07	31
W	Rr	1383	0.078	2022	07	24
W	Rr	1661	0.094	2022	07	17
W	Rr	1478	0.083	2022	07	10
W	Rr	1711	0.096	2022	07	03
W	Rr	1804	0.102	2022	06	26
W	Rr	1298	0.073	2022	06	19
W	Rr	1407	0.079	2022	06	12
W	Rr	1396	0.079	2022	06	05
W	Rr	1638	0.092	2022	05	29
W	Rr	1724	0.097	2022	05	22
W	Rr	2427	0.137	2022	05	15
W	Rr	2100	0.118	2022	05	08
W	Rr	1414	0.080	2022	05	01
W	Rr	1865	0.105	2022	04	24
W	Rr	1381	0.078	2022	04	17
W	Rr	1630	0.092	2022	04	10
W	Rr	1670	0.094	2022	04	03
W	Rr	1588	0.089	2022	03	27
W	Rr	1204	0.068	2022	03	20
W	Rr	1350	0.076	2022	03	13
W	Rr	1488	0.084	2022	03	06
W	Rr	1368	0.077	2022	02	27
W	Rr	1481	0.083	2022	02	20
W	Rr	1657	0.093	2022	02	13
W	Rr	1518	0.086	2022	02	06
W	Rr	1787	0.101	2022	01	30
W	Rr	2021	0.114	2022	01	23
W	Rr	1429	0.081	2022	01	16
W	Rr	1693	0.095	2022	01	09
W	Rr	1541	0.087	2022	01	02
W	Rr	1311	0.074	2021	12	26
W	Rr	1839	0.104	2021	12	19
W	Rr	1732	0.098	2021	12	12
W	Rr	2001	0.113	2021	12	05
W	Rr	1641	0.092	2021	11	28
W	Rr	1615	0.091	2021	11	21
W	Rr	1673	0.094	2021	11	14
W	Rr	1625	0.092	2021	11	07
W	Rr	1523	0.086	2021	10	31
W	Rr	1562	0.088	2021	10	24
W	Rr	1474	0.083	2021	10	17
W	Rr	1349	0.076	2021	10	10
W	Rr	1615	0.091	2021	10	03
W	Rr	1598	0.090	2021	09	26
W	Rr	1646	0.093	2021	09	19
W	Rr	1203	0.068	2021	09	12
W	Rr	1106	0.062	2021	09	05
W	Rr	1383	0.078	2021	08	29
W	Rr	1685	0.095	2021	08	22
W	Rr	2071	0.117	2021	08	15
W	Rr	2279	0.128	2021	08	08
W	Rr	2374	0.134	2021	08	01
W	Rr	2543	0.143	2021	07	25
W	Rr	2843	0.160	2021	07	18
W	Rr	2777	0.156	2021	07	11
W	Rr	2756	0.155	2021	07	04
W	Rr	2524	0.142	2021	06	27
W	Rr	2466	0.139	2021	06	20
W	Rr	2262	0.127	2021	06	13
W	Rr	2264	0.128	2021	06	06
W	Rr	2101	0.118	2021	05	30
W	Rr	3009	0.170	2021	05	23
W	Rr	1989	0.112	2021	05	16
W	Rr	2386	0.134	2021	05	09
W	Rr	2138	0.120	2021	05	02
W	Rr	1668	0.094	2021	04	25
W	Rr	2413	0.136	2021	04	18
W	Rr	3035	0.171	2021	04	11
W	Rr	2709	0.153	2021	04	04
W	Rr	1942	0.109	2021	03	28
W	Rr	1666	0.094	2021	03	21
W	Rr	1476	0.083	2021	03	14
W	Rr	1713	0.097	2021	03	07
W	Rr	1777	0.100	2021	02	28
W	Rr	1173	0.066	2021	02	21
W	Rr	1101	0.062	2021	02	14
W	Rr	1699	0.096	2021	02	07
W	Rr	1867	0.105	2021	01	31
W	Rr	1404	0.079	2021	01	24
W	Rr	1564	0.088	2021	01	17
W	Rr	1431	0.081	2021	01	10
W	Rr	1666	0.094	2021	01	03
W	Rr	1926	0.109	2020	12	27
W	Rr	1572	0.089	2020	12	20
W	Rr	1404	0.079	2020	12	13
W	Rr	2272	0.128	2020	12	06
W	Rr	1522	0.086	2020	11	29
W	Rr	1722	0.097	2020	11	22
W	Rr	1580	0.089	2020	11	15
W	Rr	1401	0.079	2020	11	08
W	Rr	1499	0.084	2020	11	01
W	Rr	1470	0.083	2020	10	25
W	Rr	2379	0.134	2020	10	18
W	Rr	1559	0.088	2020	10	11
W	Rr	1729	0.097	2020	10	04
W	Rr	1674	0.094	2020	09	27
W	Rr	1786	0.101	2020	09	20
W	Rr	2200	0.124	2020	09	13
W	Rr	1677	0.094	2020	09	06
W	Rr	1596	0.090	2020	08	30
W	Rr	1833	0.103	2020	08	23
W	Rr	1814	0.102	2020	08	16
W	Rr	2206	0.124	2020	08	09
W	Rr	1397	0.079	2020	08	02
W	Rr	1816	0.102	2020	07	26
W	Rr	1949	0.110	2020	07	19
W	Rr	1532	0.086	2020	07	12
W	Rr	1976	0.111	2020	07	05
W	Rr	1600	0.090	2020	06	28
W	Rr	1627	0.092	2020	06	21
W	Rr	2101	0.118	2020	06	14
W	Rr	1590	0.090	2020	06	07
W	Rr	1492	0.084	2020	05	31
W	Rr	1556	0.088	2020	05	24
W	Rr	1756	0.099	2020	05	17
W	Rr	1568	0.088	2020	05	10
W	Rr	1567	0.088	2020	05	03
W	Rr	1734	0.098	2020	04	26
W	Rr	1675	0.094	2020	04	19
W	Rr	1702	0.096	2020	04	12
W	Rr	1965	0.111	2020	04	05
W	Rr	1329	0.075	2020	03	29
W	Rr	1818	0.102	2020	03	22
W	Rr	1345	0.076	2020	03	15
W	Rr	1581	0.089	2020	03	08
W	Rr	2014	0.113	2020	03	01
W	Rr	1942	0.109	2020	02	23
W	Rr	1748	0.098	2020	02	16
W	Rr	1949	0.110	2020	02	09
W	Rr	1683	0.095	2020	02	02
W	Rr	1436	0.081	2020	01	26
W	Rr	1792	0.101	2020	01	19
W	Rr	1519	0.086	2020	01	12
W	Rr	1420	0.080	2020	01	05
W	Rr	1109	0.062	2019	12	29
W	Rr	1023	0.058	2019	12	22
W	Rr	1584	0.089	2019	12	15
W	Rr	1783	0.100	2019	12	08
W	Rr	1704	0.096	2019	12	01
W	Rr	1178	0.066	2019	11	24
W	Rr	1697	0.096	2019	11	17
W	Rr	1510	0.085	2019	11	10
W	Rr	1383	0.078	2019	11	03
W	Rr	1309	0.074	2019	10	27
W	Rr	1473	0.083	2019	10	20
W	Rr	1519	0.086	2019	10	13
W	Rr	1485	0.084	2019	10	06
W	Rr	1416	0.080	2019	09	29
W	Rr	1499	0.084	2019	09	22
W	Rr	1652	0.093	2019	09	15
W	Rr	1710	0.096	2019	09	08
W	Rr	1485	0.084	2019	09	01
W	Rr	1689	0.095	2019	08	25
W	Rr	1315	0.074	2019	08	18
W	Rr	1619	0.091	2019	08	11
W	Rr	1558	0.088	2019	08	04
W	Rr	1360	0.077	2019	07	28
W	Rr	1191	0.067	2019	07	21
W	Rr	1730	0.097	2019	07	14
W	Rr	1299	0.073	2019	07	07
W	Rr	1339	0.075	2019	06	30
W	Rr	1592	0.090	2019	06	23
W	Rr	1497	0.084	2019	06	16
W	Rr	1450	0.082	2019	06	09
W	Rr	1555	0.088	2019	06	02
W	Rr	1289	0.073	2019	05	26
W	Rr	1863	0.105	2019	05	19
W	Rr	1385	0.078	2019	05	12
W	Rr	1553	0.088	2019	05	05
W	Rr	1655	0.093	2019	04	28
W	Rr	1282	0.072	2019	04	21
W	Rr	1503	0.085	2019	04	14
W	Rr	1623	0.091	2019	04	07
W	Rr	1715	0.097	2019	03	31
W	Rr	1882	0.106	2019	03	24
W	Rr	1464	0.082	2019	03	17
W	Rr	1381	0.078	2019	03	10
W	Rr	1627	0.092	2019	03	03
W	Rr	1773	0.100	2019	02	24
W	Rr	1669	0.094	2019	02	17
W	Rr	1483	0.084	2019	02	10
W	Rr	1391	0.078	2019	02	03
W	Rr	1797	0.101	2019	01	27
W	Rr	1963	0.111	2019	01	20
W	Rr	2029	0.114	2019	01	13
W	Rr	1696	0.096	2019	01	06
W	Rr	1526	0.086	2018	12	30
W	Rr	1226	0.069	2018	12	23
W	Rr	1442	0.081	2018	12	16
W	Rr	1936	0.109	2018	12	09
W	Rr	1809	0.102	2018	12	02
W	Rr	1295	0.073	2018	11	25
W	Rr	1820	0.103	2018	11	18
W	Rr	1802	0.102	2018	11	11
W	Rr	0	0.000	2018	11	04
W	Rr	1473	0.083	2018	10	28
W	Rr	1106	0.062	2018	10	21
W	Rr	1427	0.080	2018	10	14
W	Rr	1214	0.068	2018	10	07
W	Rr	1168	0.066	2018	09	30
W	Rr	1420	0.080	2018	09	23
W	Rr	1197	0.067	2018	09	16
W	Rr	1388	0.078	2018	09	09
W	Rr	1320	0.074	2018	09	02
W	Rr	1246	0.070	2018	08	26
W	Rr	1214	0.068	2018	08	19
W	Rr	1366	0.077	2018	08	12
W	Rr	1195	0.067	2018	08	05
W	Rr	1346	0.076	2018	07	29
W	Rr	1374	0.077	2018	07	22
W	Rr	1508	0.085	2018	07	15
W	Rr	1522	0.086	2018	07	08
W	Rr	909	0.051	2018	07	01
W	Rr	1444	0.081	2018	06	24
W	Rr	2682	0.151	2018	06	17
W	Rr	1365	0.077	2018	06	10
W	Rr	1329	0.075	2018	06	03
W	Rr	1275	0.072	2018	05	27
W	Rr	1392	0.078	2018	05	20
W	Rr	1321	0.074	2018	05	13
W	Rr	1527	0.086	2018	05	06
W	Rr	1517	0.085	2018	04	29
W	Rr	0	0.000	2018	04	22
W	Rr	1364	0.077	2018	04	15
W	Rr	1712	0.096	2018	04	08
W	Rr	0	0.000	2018	04	01
W	Rr	1543	0.087	2018	03	25
W	Rr	1342	0.076	2018	03	18
W	Rr	2429	0.137	2018	03	11
W	Rr	0	0.000	2018	03	04
W	Rr	1366	0.077	2018	02	25
W	Rr	1308	0.074	2018	02	18
W	Rr	1439	0.081	2018	02	11
W	Rr	1731	0.098	2018	02	04
W	Rr	0	0.000	2018	01	28
W	Rr	1434	0.081	2018	01	21
W	Rr	1578	0.089	2018	01	14
W	Rr	1471	0.083	2018	01	07
W	Rr	1246	0.070	2017	12	31
W	Rr	1033	0.058	2017	12	24
W	Rr	1103	0.062	2017	12	17
W	Rr	1406	0.079	2017	12	10
W	Rr	0	0.000	2017	12	03
W	Rr	1335	0.075	2017	11	26
W	Rr	1427	0.080	2017	11	19
W	Rr	1662	0.094	2017	11	12
W	Rr	1414	0.080	2017	11	05
W	Rr	1349	0.076	2017	10	29
W	Rr	1208	0.068	2017	10	22
W	Rr	2013	0.113	2017	10	15
W	Rr	1832	0.103	2017	10	08
W	Rr	0	0.000	2017	10	01
W	Rr	0	0.000	2017	09	24
W	Rr	0	0.000	2017	09	17
W	Rr	0	0.000	2017	09	10
W	Rr	0	0.000	2017	09	03
W	Rr	0	0.000	2017	08	27
W	Rr	0	0.000	2017	08	20
W	Rr	0	0.000	2017	08	13
W	Rr	0	0.000	2017	08	06
W	Rr	0	0.000	2017	07	30
W	Rr	0	0.000	2017	07	23
W	Rr	0	0.000	2017	07	16
W	Rr	0	0.000	2017	07	09
W	Rr	0	0.000	2017	07	02
W	Rr	0	0.000	2017	06	25
W	Rr	0	0.000	2017	06	18
W	Rr	0	0.000	2017	06	11
W	Rr	0	0.000	2017	06	04
W	Rr	25	0.001	2017	05	28
W	Rr	1838	0.104	2017	05	21
W	Rr	1915	0.108	2017	05	14
W	Rr	1676	0.094	2017	05	07
W	Rr	1677	0.094	2017	04	30
W	Rr	2071	0.117	2017	04	23
W	Rr	1978	0.111	2017	04	16
W	Rr	1874	0.106	2017	04	09
W	Rr	3435	0.194	2017	04	02
W	Rr	2619	0.148	2017	03	26
W	Rr	2633	0.148	2017	03	19
W	Rr	2413	0.136	2017	03	12
W	Rr	3092	0.174	2017	03	05
W	Rr	2295	0.129	2017	02	26
W	Rr	2204	0.124	2017	02	19
W	Rr	1869	0.105	2017	02	12
W	Rr	1973	0.111	2017	02	05
W	Rr	1783	0.100	2017	01	29
W	Rr	1768	0.100	2017	01	22
W	Rr	1585	0.089	2017	01	15
W	Rr	1768	0.100	2017	01	08
W	Rr	1740	0.098	2017	01	01
W	Rr	1549	0.087	2016	12	25
W	Rr	2202	0.124	2016	12	18
W	Rr	1812	0.102	2016	12	11
W	Rr	2648	0.149	2016	12	04
W	Rr	2236	0.126	2016	11	27
W	Rr	1321	0.074	2016	11	20
W	Rr	1996	0.112	2016	11	13
W	Rr	1716	0.097	2016	11	06
W	Rr	1564	0.088	2016	10	30
W	Rr	1362	0.077	2016	10	23
W	Rr	1707	0.096	2016	10	16
W	Rr	1696	0.096	2016	10	09
W	Rr	36	0.002	2016	10	02
W	Rr	2002	0.113	2016	09	25
W	Rr	1399	0.079	2016	09	18
W	Rr	1199	0.068	2016	09	11
W	Rr	1326	0.075	2016	09	04
W	Rr	1316	0.074	2016	08	28
W	Rr	1257	0.071	2016	08	21
W	Rr	1208	0.068	2016	08	14
W	Rr	1602	0.090	2016	08	07
W	Rr	1319	0.074	2016	07	31
W	Rr	1796	0.101	2016	07	24
W	Rr	1171	0.066	2016	07	17
W	Rr	1167	0.066	2016	07	10
W	Rr	917	0.052	2016	07	03
W	Rr	920	0.052	2016	06	26
W	Rr	1179	0.066	2016	06	19
W	Rr	1288	0.073	2016	06	12
W	Rr	1237	0.070	2016	06	05
W	Rr	1263	0.071	2016	05	29
W	Rr	1338	0.075	2016	05	22
W	Rr	1184	0.067	2016	05	15
W	Rr	1365	0.077	2016	05	08
W	Rr	974	0.055	2016	05	01
W	Rr	1311	0.074	2016	04	24
W	Rr	1127	0.064	2016	04	17
W	Rr	1248	0.070	2016	04	10
W	Rr	1451	0.082	2016	04	03
W	Rr	987	0.056	2016	03	27
W	Rr	1233	0.069	2016	03	20
W	Rr	1347	0.076	2016	03	13
W	Rr	1347	0.076	2016	03	06
W	Rr	1236	0.070	2016	02	28
W	Rr	1422	0.080	2016	02	21
W	Rr	1085	0.061	2016	02	14
W	Rr	1427	0.080	2016	02	07
W	Rr	1359	0.077	2016	01	31
W	Rr	1708	0.096	2016	01	24
W	Rr	1476	0.083	2016	01	17
W	Rr	1563	0.088	2016	01	10
W	Rr	1381	0.078	2016	01	03
W	Rr	1273	0.072	2015	12	27
W	Rr	1084	0.061	2015	12	20
W	Rr	1344	0.076	2015	12	13
W	Rr	1336	0.075	2015	12	06
W	Rr	1123	0.063	2015	11	29
W	Rr	960	0.054	2015	11	22
W	Rr	1337	0.075	2015	11	15
W	Rr	1400	0.079	2015	11	08
W	Rr	1383	0.078	2015	11	01
W	Rr	1250	0.070	2015	10	25
W	Rr	1366	0.077	2015	10	18
W	Rr	1367	0.077	2015	10	11
W	Rr	1214	0.068	2015	10	04
W	Rr	1152	0.065	2015	09	27
W	Rr	1387	0.078	2015	09	20
W	Rr	1655	0.093	2015	09	13
W	Rr	1526	0.086	2015	09	06
W	Rr	1242	0.070	2015	08	30
W	Rr	1800	0.101	2015	08	23
W	Rr	1527	0.086	2015	08	16
W	Rr	1386	0.078	2015	08	09
W	Rr	1593	0.090	2015	08	02
W	Rr	1567	0.088	2015	07	26
W	Rr	1980	0.112	2015	07	19
W	Rr	2180	0.123	2015	07	12
W	Rr	2008	0.113	2015	07	05
W	Rr	2297	0.129	2015	06	28
W	Rr	1556	0.088	2015	06	21
W	Rr	1380	0.078	2015	06	14
W	Rr	2013	0.113	2015	06	07
W	Rr	1651	0.093	2015	05	31
W	Rr	1224	0.069	2015	05	24
W	Rr	1355	0.076	2015	05	17
W	Rr	1179	0.066	2015	05	10
W	Rr	1436	0.081	2015	05	03
W	Rr	1671	0.094	2015	04	26
W	Rr	1878	0.106	2015	04	19
W	Rr	2326	0.131	2015	04	12
W	Rr	2636	0.149	2015	04	05
W	Rr	2297	0.129	2015	03	29
W	Rr	1237	0.070	2015	03	22
W	Rr	1453	0.082	2015	03	15
W	Rr	1399	0.079	2015	03	08
W	Rr	1287	0.073	2015	03	01
W	Rr	1249	0.070	2015	02	22
W	Rr	1373	0.077	2015	02	15
W	Rr	1790	0.101	2015	02	08
W	Rr	1672	0.094	2015	02	01
W	Rr	1543	0.087	2015	01	25
W	Rr	1463	0.082	2015	01	18
W	Rr	1696	0.096	2015	01	11
W	Rr	1707	0.096	2015	01	04
W	Rr	1833	0.103	2014	12	28
W	Rr	1335	0.075	2014	12	21
W	Rr	1644	0.093	2014	12	14
W	Rr	1541	0.087	2014	12	07
W	Rr	1335	0.075	2014	11	30
W	Rr	1262	0.071	2014	11	23
W	Rr	2009	0.113	2014	11	16
W	Rr	1566	0.088	2014	11	09
W	Rr	1814	0.102	2014	11	02
W	Rr	1452	0.082	2014	10	26
W	Rr	1642	0.093	2014	10	19
W	Rr	1795	0.101	2014	10	12
W	Rr	1836	0.103	2014	10	05
W	Rr	1662	0.094	2014	09	28
W	Rr	1843	0.104	2014	09	21
W	Rr	1678	0.095	2014	09	14
W	Rr	1598	0.090	2014	09	07
W	Rr	1418	0.080	2014	08	31
W	Rr	1584	0.089	2014	08	24
W	Rr	1571	0.089	2014	08	17
W	Rr	1727	0.097	2014	08	10
W	Rr	1927	0.109	2014	08	03
W	Rr	1691	0.095	2014	07	27
W	Rr	1702	0.096	2014	07	20
W	Rr	1624	0.092	2014	07	13
W	Rr	1831	0.103	2014	07	06
W	Rr	1867	0.105	2014	06	29
W	Rr	1927	0.109	2014	06	22
W	Rr	2134	0.120	2014	06	15
W	Rr	4851	0.273	2014	06	08
W	Rr	2293	0.129	2014	06	01
W	Rr	3180	0.179	2014	05	25
W	Rr	1468	0.083	2014	05	18
W	Rr	1808	0.102	2014	05	11
W	Rr	1998	0.113	2014	05	04
W	Rr	1876	0.106	2014	04	27
W	Rr	2330	0.131	2014	04	20
W	Rr	2565	0.145	2014	04	13
W	Rr	2652	0.149	2014	04	06
W	Rr	2574	0.145	2014	03	30
W	Rr	1186	0.067	2014	03	23
W	Rr	1305	0.074	2014	03	16
W	Rr	2273	0.128	2014	03	09
W	Rr	2231	0.126	2014	03	02
W	Rr	1925	0.108	2014	02	23
W	Rr	7060	0.398	2014	02	16
W	Rr	2854	0.161	2014	02	09
W	Rr	3190	0.180	2014	02	02
W	Rr	3743	0.211	2014	01	26
W	Rr	3643	0.205	2014	01	19
W	Rr	2961	0.167	2014	01	12
W	Rr	2319	0.131	2014	01	05
W	Rr	981	0.055	2013	12	29
W	Rr	1108	0.062	2013	12	22
W	Rr	1226	0.069	2013	12	15
W	Rr	1285	0.072	2013	12	08
W	Rr	1289	0.073	2013	12	01
W	Rr	1404	0.079	2013	11	24
W	Rr	1142	0.064	2013	11	17
W	Rr	1334	0.075	2013	11	10
W	Rr	1277	0.072	2013	11	03
W	Rr	1035	0.058	2013	10	27
W	Rr	1309	0.074	2013	10	20
W	Rr	1302	0.073	2013	10	13
W	Rr	1432	0.081	2013	10	06
W	Rr	1178	0.066	2013	09	29
W	Rr	947	0.053	2013	09	22
W	Rr	1254	0.071	2013	09	15
W	Rr	1099	0.062	2013	09	08
W	Rr	1053	0.059	2013	09	01
W	Rr	1010	0.057	2013	08	25
W	Rr	1102	0.062	2013	08	18
W	Rr	1063	0.060	2013	08	11
W	Rr	1105	0.062	2013	08	04
W	Rr	1377	0.078	2013	07	28
W	Rr	1498	0.084	2013	07	21
W	Rr	1295	0.073	2013	07	14
W	Rr	1237	0.070	2013	07	07
W	Rr	1003	0.057	2013	06	30
W	Rr	1275	0.072	2013	06	23
W	Rr	1072	0.060	2013	06	16
W	Rr	1249	0.070	2013	06	09
W	Rr	1521	0.086	2013	06	02
W	Rr	1256	0.071	2013	05	26
W	Rr	1091	0.061	2013	05	19
W	Rr	1359	0.077	2013	05	12
W	Rr	1130	0.064	2013	05	05
W	Rr	1215	0.068	2013	04	28
W	Rr	1368	0.077	2013	04	21
W	Rr	1318	0.074	2013	04	14
W	Rr	1408	0.079	2013	04	07
W	Rr	1277	0.072	2013	03	31
W	Rr	1452	0.082	2013	03	24
W	Rr	1418	0.080	2013	03	17
W	Rr	1217	0.069	2013	03	10
W	Rr	1490	0.084	2013	03	03
W	Rr	1353	0.076	2013	02	24
W	Rr	1268	0.071	2013	02	17
W	Rr	1274	0.072	2013	02	10
W	Rr	1153	0.065	2013	02	03
W	Rr	1266	0.071	2013	01	27
W	Rr	1271	0.072	2013	01	20
W	Rr	1449	0.082	2013	01	13
W	Rr	1253	0.071	2013	01	06
W	Rr	1309	0.074	2012	12	30
W	Rr	1156	0.065	2012	12	23
W	Rr	1336	0.075	2012	12	16
W	Rr	1575	0.089	2012	12	09
W	Rr	1087	0.061	2012	12	02
W	Rr	1376	0.078	2012	11	25
W	Rr	1136	0.064	2012	11	18
W	Rr	1341	0.076	2012	11	11
W	Rr	1418	0.080	2012	11	04
W	Rr	1103	0.062	2012	10	28
W	Rr	1200	0.068	2012	10	21
W	Rr	1382	0.078	2012	10	14
W	Rr	1127	0.064	2012	10	07
W	Rr	1187	0.067	2012	09	30
W	Rr	1172	0.066	2012	09	23
W	Rr	1034	0.058	2012	09	16
W	Rr	944	0.053	2012	09	09
W	Rr	958	0.054	2012	09	02
W	Rr	734	0.041	2012	08	26
W	Rr	881	0.050	2012	08	19
W	Rr	874	0.049	2012	08	12
W	Rr	973	0.055	2012	08	05
W	Rr	1010	0.057	2012	07	29
W	Rr	943	0.053	2012	07	22
W	Rr	1089	0.061	2012	07	15
W	Rr	888	0.050	2012	07	08
W	Rr	845	0.048	2012	07	01
W	Rr	1070	0.060	2012	06	24
W	Rr	1050	0.059	2012	06	17
W	Rr	1271	0.072	2012	06	10
W	Rr	957	0.054	2012	06	03
W	Rr	1249	0.070	2012	05	27
W	Rr	1055	0.059	2012	05	20
W	Rr	1392	0.078	2012	05	13
W	Rr	1140	0.064	2012	05	06
W	Rr	1807	0.102	2012	04	29
W	Rr	1225	0.069	2012	04	22
W	Rr	1264	0.071	2012	04	15
W	Rr	1075	0.061	2012	04	08
W	Rr	1261	0.071	2012	04	01
W	Rr	1345	0.076	2012	03	25
W	Rr	1254	0.071	2012	03	18
W	Rr	1478	0.083	2012	03	11
W	Rr	1503	0.085	2012	03	04
W	Rr	1532	0.086	2012	02	26
W	Rr	1464	0.082	2012	02	19
W	Rr	1154	0.065	2012	02	12
W	Rr	1240	0.070	2012	02	05
W	Rr	1088	0.061	2012	01	29
W	Rr	1125	0.063	2012	01	22
W	Rr	60	0.003	2012	01	15
W	Rr	1472	0.083	2012	01	08
W	Rr	1122	0.063	2012	01	01
W	Rr	888	0.050	2011	12	25
W	Rr	1360	0.077	2011	12	18
W	Rr	1486	0.084	2011	12	11
W	Rr	1330	0.075	2011	12	04
W	Rr	1094	0.062	2011	11	27
W	Rr	1062	0.060	2011	11	20
W	Rr	1123	0.063	2011	11	13
W	Rr	975	0.055	2011	11	06
W	Rr	1264	0.071	2011	10	30
W	Rr	1140	0.064	2011	10	23
W	Rr	1211	0.068	2011	10	16
W	Rr	1236	0.070	2011	10	09
W	Rr	1128	0.064	2011	10	02
W	Rr	1083	0.061	2011	09	25
W	Rr	1451	0.082	2011	09	18
W	Rr	1278	0.072	2011	09	11
W	Rr	1219	0.069	2011	09	04
W	Rr	1316	0.074	2011	08	28
W	Rr	1119	0.063	2011	08	21
W	Rr	1484	0.084	2011	08	14
W	Rr	1671	0.094	2011	08	07
W	Rr	1319	0.074	2011	07	31
W	Rr	1197	0.067	2011	07	24
W	Rr	1504	0.085	2011	07	17
W	Rr	1367	0.077	2011	07	10
W	Rr	1205	0.068	2011	07	03
W	Rr	1333	0.075	2011	06	26
W	Rr	1059	0.060	2011	06	19
W	Rr	1353	0.076	2011	06	12
W	Rr	1275	0.072	2011	06	05
W	Rr	983	0.055	2011	05	29
W	Rr	1262	0.071	2011	05	22
W	Rr	1374	0.077	2011	05	15
W	Rr	1076	0.061	2011	05	08
W	Rr	0	0.000	2011	05	01
W	Rr	0	0.000	2011	04	24
W	Rr	0	0.000	2011	04	17
W	Rr	0	0.000	2011	04	10
W	Rr	0	0.000	2011	04	03
W	Rr	0	0.000	2011	03	27
W	Rr	24	0.001	2011	03	20
W	Rr	1317	0.074	2011	03	13
W	Rr	1258	0.071	2011	03	06
W	Rr	1372	0.077	2011	02	27
W	Rr	1226	0.069	2011	02	20
W	Rr	1524	0.086	2011	02	13
W	Rr	1366	0.077	2011	02	06
W	Rr	958	0.054	2011	01	30
W	Rr	1273	0.072	2011	01	23
W	Rr	1560	0.088	2011	01	16
W	Rr	1472	0.083	2011	01	09
W	Rr	1310	0.074	2011	01	02
W	Rr	798	0.045	2010	12	26
W	Rr	935	0.053	2010	12	19
W	Rr	0	0.000	2010	12	12
W	Rr	0	0.000	2010	12	05
W	Rr	0	0.000	2010	11	28
W	Rr	0	0.000	2010	11	21
W	Rr	0	0.000	2010	11	14
W	Rr	0	0.000	2010	11	07
W	Rr	0	0.000	2010	10	31
W	Rr	0	0.000	2010	10	24
W	Rr	0	0.000	2010	10	17
W	Rr	0	0.000	2010	10	10
W	Rr	0	0.000	2010	10	03
W	Rr	0	0.000	2010	09	26
W	Rr	0	0.000	2010	09	19
W	Rr	0	0.000	2010	09	12
W	Rr	0	0.000	2010	09	05
W	Rr	0	0.000	2010	08	29
W	Rr	0	0.000	2010	08	22
W	Rr	0	0.000	2010	08	15
W	Rr	0	0.000	2010	08	08
W	Rr	0	0.000	2010	08	01
W	Rr	0	0.000	2010	07	25
W	Rr	0	0.000	2010	07	18
W	Rr	0	0.000	2010	07	11
W	Rr	0	0.000	2010	07	04
W	Rr	15	0.001	2010	06	27
W	Rr	914	0.051	2010	06	20
W	Rr	1104	0.062	2010	06	13
W	Rr	1096	0.062	2010	06	06
W	Rr	1171	0.066	2010	05	30
W	Rr	1115	0.063	2010	05	23
W	Rr	1170	0.066	2010	05	16
W	Rr	1334	0.075	2010	05	09
W	Rr	1109	0.062	2010	05	02
W	Rr	1067	0.060	2010	04	25
W	Rr	1212	0.068	2010	04	18
W	Rr	1054	0.059	2010	04	11
W	Rr	1325	0.075	2010	04	04
W	Rr	811	0.046	2010	03	28
W	Rr	1195	0.067	2010	03	21
W	Rr	1338	0.075	2010	03	14
W	Rr	1113	0.063	2010	03	07
W	Rr	1103	0.062	2010	02	28
W	Rr	1290	0.073	2010	02	21
W	Rr	0	0.000	2010	02	14
W	Rr	0	0.000	2010	02	07
W	Rr	0	0.000	2010	01	31
W	Rr	0	0.000	2010	01	24
W	Rr	0	0.000	2010	01	17
W	Rr	0	0.000	2010	01	10
W	Rr	0	0.000	2010	01	03
W	Rr	78	0.004	2009	12	27
W	Rr	945	0.053	2009	12	20
W	Rr	1140	0.064	2009	12	13
W	Rr	1323	0.075	2009	12	06
W	Rr	1518	0.086	2009	11	29
W	Rr	1352	0.076	2009	11	22
W	Rr	1346	0.076	2009	11	15
W	Rr	1416	0.080	2009	11	08
W	Rr	1734	0.098	2009	11	01
W	Rr	1035	0.058	2009	10	25
W	Rr	1297	0.073	2009	10	18
W	Rr	1267	0.071	2009	10	11
W	Rr	1440	0.081	2009	10	04
W	Rr	1521	0.086	2009	09	27
W	Rr	1121	0.063	2009	09	20
W	Rr	875	0.049	2009	09	13
W	Rr	1032	0.058	2009	09	06
W	Rr	1283	0.072	2009	08	30
W	Rr	1214	0.068	2009	08	23
W	Rr	1402	0.079	2009	08	16
W	Rr	1260	0.071	2009	08	09
W	Rr	1404	0.079	2009	08	02
W	Rr	1380	0.078	2009	07	26
W	Rr	1470	0.083	2009	07	19
W	Rr	1750	0.099	2009	07	12
W	Rr	1847	0.104	2009	07	05
W	Rr	1889	0.106	2009	06	28
W	Rr	1312	0.074	2009	06	21
W	Rr	1093	0.062	2009	06	14
W	Rr	1363	0.077	2009	06	07
W	Rr	1251	0.070	2009	05	31
W	Rr	1352	0.076	2009	05	24
W	Rr	1133	0.064	2009	05	17
W	Rr	1887	0.106	2009	05	10
W	Rr	1369	0.077	2009	05	03
W	Rr	1089	0.061	2009	04	26
W	Rr	1160	0.065	2009	04	19
W	Rr	1189	0.067	2009	04	12
W	Rr	1529	0.086	2009	04	05
W	Rr	1155	0.065	2009	03	29
W	Rr	1230	0.069	2009	03	22
W	Rr	1029	0.058	2009	03	15
W	Rr	1234	0.070	2009	03	08
W	Rr	1486	0.084	2009	03	01
W	Rr	1470	0.083	2009	02	22
W	Rr	1198	0.068	2009	02	15
W	Rr	1802	0.102	2009	02	08
W	Rr	1653	0.093	2009	02	01
W	Rr	1346	0.076	2009	01	25
W	Rr	1431	0.081	2009	01	18
W	Rr	1678	0.095	2009	01	11
W	Rr	1591	0.090	2009	01	04
W	Rr	886	0.050	2008	12	28
W	Rr	1148	0.065	2008	12	21
W	Rr	1428	0.080	2008	12	14
W	Rr	1508	0.085	2008	12	07
W	Rr	1194	0.067	2008	11	30
W	Rr	1070	0.060	2008	11	23
W	Rr	1396	0.079	2008	11	16
W	Rr	1255	0.071	2008	11	09
W	Rr	1314	0.074	2008	11	02
W	Rr	1397	0.079	2008	10	26
W	Rr	1638	0.092	2008	10	19
W	Rr	1298	0.073	2008	10	12
W	Rr	430	0.024	2008	10	05
W	Rr	723	0.041	2008	09	28
W	Rr	1308	0.074	2008	09	21
W	Rr	1242	0.070	2008	09	14
W	Rr	1409	0.079	2008	09	07
W	Rr	1142	0.064	2008	08	31
W	Rr	1022	0.058	2008	08	24
W	Rr	1062	0.060	2008	08	17
W	Rr	1188	0.067	2008	08	10
W	Rr	1232	0.069	2008	08	03
W	Rr	1050	0.059	2008	07	27
W	Rr	1272	0.072	2008	07	20
W	Rr	1305	0.074	2008	07	13
W	Rr	1093	0.062	2008	07	06
W	Rr	1182	0.067	2008	06	29
W	Rr	1937	0.109	2008	06	22
W	Rr	1493	0.084	2008	06	15
W	Rr	1083	0.061	2008	06	08
W	Rr	1283	0.072	2008	06	01
W	Rr	1432	0.081	2008	05	25
W	Rr	1726	0.097	2008	05	18
W	Rr	1580	0.089	2008	05	11
W	Rr	2661	0.150	2008	05	04
W	Rr	3648	0.206	2008	04	27
W	Rr	1400	0.079	2008	04	20
W	Rr	1365	0.077	2008	04	13
W	Rr	1213	0.068	2008	04	06
W	Rr	1670	0.094	2008	03	30
W	Rr	1211	0.068	2008	03	23
W	Rr	1144	0.064	2008	03	16
W	Rr	1301	0.073	2008	03	09
W	Rr	1292	0.073	2008	03	02
W	Rr	1427	0.080	2008	02	24
W	Rr	2207	0.124	2008	02	17
W	Rr	1124	0.063	2008	02	10
W	Rr	1561	0.088	2008	02	03
W	Rr	1533	0.086	2008	01	27
W	Rr	1389	0.078	2008	01	20
W	Rr	1133	0.064	2008	01	13
W	Rr	1404	0.079	2008	01	06
W	Rr	976	0.055	2007	12	30
W	Rr	801	0.045	2007	12	23
W	Rr	675	0.038	2007	12	16
W	*BT	R	26220	2024	01	28
D	Rr	34	0.002	2024	03	16
D	Rr	552	0.031	2024	03	15
D	Rr	524	0.030	2024	03	14
D	Rr	1001	0.056	2024	03	13
D	Rr	2743	0.155	2024	03	12
D	Rr	2266	0.128	2024	03	11
D	Rr	2160	0.122	2024	03	10
D	Rr	1668	0.094	2024	03	09
D	Rr	1074	0.061	2024	03	08
D	Rr	2550	0.144	2024	03	07
D	Rr	1632	0.092	2024	03	06
D	Rr	4470	0.252	2024	03	05
D	Rr	2148	0.121	2024	03	04
D	Rr	2082	0.117	2024	03	03
D	Rr	1242	0.070	2024	03	02
D	Rr	1758	0.099	2024	03	01
D	Rr	3918	0.221	2024	02	29
D	Rr	3474	0.196	2024	02	28
D	Rr	3240	0.183	2024	02	27
D	Rr	1794	0.101	2024	02	26
D	Rr	2352	0.133	2024	02	25
D	Rr	1488	0.084	2024	02	24
D	Rr	1092	0.062	2024	02	23
D	Rr	2172	0.122	2024	02	22
D	Rr	2970	0.167	2024	02	21
D	Rr	2418	0.136	2024	02	20
D	Rr	2010	0.113	2024	02	19
D	Rr	1278	0.072	2024	02	18
D	Rr	1950	0.110	2024	02	17
D	Rr	2148	0.121	2024	02	16
D	Rr	2484	0.140	2024	02	15
D	Rr	2520	0.142	2024	02	14
D	Rr	1416	0.080	2024	02	13
D	Rr	4134	0.233	2024	02	12
D	Rr	1920	0.108	2024	02	11
D	Rr	1470	0.083	2024	02	10
D	Rr	3204	0.181	2024	02	09
D	Rr	2214	0.125	2024	02	08
D	Rr	1884	0.106	2024	02	07
D	Rr	2688	0.151	2024	02	06
D	Rr	2472	0.139	2024	02	05
D	Rr	3138	0.177	2024	02	04
D	*BT	R	9912	2024	01	29
d	Rr	211237	11.902	Sun
d	Rr	288412	16.251	Mon
d	Rr	288241	16.241	Tue
d	Rr	290308	16.358	Wed
d	Rr	281625	15.868	Thu
d	Rr	262527	14.792	Fri
d	Rr	152410	8.588	Sat
H	Rr	3	0.000	2024	03	16	04
H	Rr	7	0.000	2024	03	16	03
H	Rr	5	0.000	2024	03	16	02
H	Rr	2	0.000	2024	03	16	01
H	Rr	17	0.001	2024	03	16	00
H	Rr	5	0.000	2024	03	15	23
H	Rr	18	0.001	2024	03	15	22
H	Rr	10	0.001	2024	03	15	21
H	Rr	4	0.000	2024	03	15	20
H	Rr	66	0.004	2024	03	15	19
H	Rr	42	0.002	2024	03	15	18
H	Rr	7	0.000	2024	03	15	17
H	Rr	8	0.000	2024	03	15	16
H	Rr	1	0.000	2024	03	15	15
H	Rr	7	0.000	2024	03	15	14
H	Rr	2	0.000	2024	03	15	13
H	Rr	8	0.000	2024	03	15	12
H	Rr	7	0.000	2024	03	15	11
H	Rr	12	0.001	2024	03	15	10
H	Rr	39	0.002	2024	03	15	09
H	Rr	14	0.001	2024	03	15	08
H	Rr	35	0.002	2024	03	15	07
H	Rr	124	0.007	2024	03	15	06
H	Rr	15	0.001	2024	03	15	05
H	Rr	2	0.000	2024	03	15	04
H	Rr	44	0.002	2024	03	15	03
H	Rr	6	0.000	2024	03	15	02
H	Rr	2	0.000	2024	03	15	01
H	Rr	74	0.004	2024	03	15	00
H	Rr	16	0.001	2024	03	14	23
H	Rr	36	0.002	2024	03	14	22
H	Rr	8	0.000	2024	03	14	21
H	Rr	8	0.000	2024	03	14	20
H	Rr	78	0.004	2024	03	14	19
H	Rr	14	0.001	2024	03	14	18
H	Rr	22	0.001	2024	03	14	17
H	Rr	6	0.000	2024	03	14	16
H	Rr	20	0.001	2024	03	14	15
H	Rr	18	0.001	2024	03	14	14
H	Rr	20	0.001	2024	03	14	13
H	Rr	26	0.001	2024	03	14	12
H	Rr	90	0.005	2024	03	14	11
H	Rr	16	0.001	2024	03	14	10
H	Rr	18	0.001	2024	03	14	09
H	Rr	4	0.000	2024	03	14	08
H	Rr	6	0.000	2024	03	14	07
H	Rr	4	0.000	2024	03	14	06
H	Rr	6	0.000	2024	03	14	05
H	Rr	6	0.000	2024	03	14	04
H	Rr	24	0.001	2024	03	14	03
H	Rr	21	0.001	2024	03	14	02
H	Rr	39	0.002	2024	03	14	01
H	Rr	18	0.001	2024	03	14	00
H	Rr	57	0.003	2024	03	13	23
H	Rr	24	0.001	2024	03	13	22
H	Rr	12	0.001	2024	03	13	21
H	Rr	42	0.002	2024	03	13	20
H	Rr	42	0.002	2024	03	13	19
H	Rr	87	0.005	2024	03	13	18
H	Rr	105	0.006	2024	03	13	17
H	Rr	27	0.002	2024	03	13	16
H	Rr	9	0.001	2024	03	13	15
H	Rr	12	0.001	2024	03	13	14
H	Rr	24	0.001	2024	03	13	13
H	Rr	27	0.002	2024	03	13	12
H	Rr	12	0.001	2024	03	13	11
H	Rr	18	0.001	2024	03	13	10
H	Rr	81	0.005	2024	03	13	09
H	Rr	39	0.002	2024	03	13	08
H	Rr	102	0.006	2024	03	13	07
H	Rr	33	0.002	2024	03	13	06
H	Rr	48	0.003	2024	03	13	05
H	*BT	R	1638	2024	01	29	20
h	Rr	69593	3.921	00
h	Rr	66133	3.726	01
h	Rr	67151	3.784	02
h	Rr	68230	3.844	03
h	Rr	67109	3.781	04
h	Rr	65084	3.667	05
h	Rr	61802	3.482	06
h	Rr	60394	3.403	07
h	Rr	57722	3.252	08
h	Rr	55495	3.127	09
h	Rr	59638	3.360	10
h	Rr	61880	3.487	11
h	Rr	60438	3.405	12
h	Rr	66718	3.759	13
h	Rr	81940	4.617	14
h	Rr	86923	4.898	15
h	Rr	96305	5.426	16
h	Rr	98472	5.548	17
h	Rr	98838	5.569	18
h	Rr	95867	5.402	19
h	Rr	93289	5.256	20
h	Rr	86090	4.851	21
h	Rr	76371	4.303	22
h	Rr	73278	4.129	23
4	Rr	1	0.000	2024	03	16	04	45
4	Rr	1	0.000	2024	03	16	04	30
4	Rr	0	0.000	2024	03	16	04	15
4	Rr	1	0.000	2024	03	16	04	00
4	Rr	2	0.000	2024	03	16	03	45
4	Rr	4	0.000	2024	03	16	03	30
4	Rr	1	0.000	2024	03	16	03	15
4	Rr	0	0.000	2024	03	16	03	00
4	Rr	0	0.000	2024	03	16	02	45
4	Rr	0	0.000	2024	03	16	02	30
4	Rr	0	0.000	2024	03	16	02	15
4	Rr	5	0.000	2024	03	16	02	00
4	Rr	0	0.000	2024	03	16	01	45
4	Rr	1	0.000	2024	03	16	01	30
4	Rr	1	0.000	2024	03	16	01	15
4	Rr	0	0.000	2024	03	16	01	00
4	Rr	0	0.000	2024	03	16	00	45
4	Rr	17	0.001	2024	03	16	00	30
4	Rr	0	0.000	2024	03	16	00	15
4	Rr	0	0.000	2024	03	16	00	00
4	Rr	1	0.000	2024	03	15	23	45
4	Rr	2	0.000	2024	03	15	23	30
4	Rr	0	0.000	2024	03	15	23	15
4	Rr	2	0.000	2024	03	15	23	00
4	Rr	2	0.000	2024	03	15	22	45
4	Rr	10	0.001	2024	03	15	22	30
4	Rr	1	0.000	2024	03	15	22	15
4	Rr	5	0.000	2024	03	15	22	00
4	Rr	4	0.000	2024	03	15	21	45
4	Rr	2	0.000	2024	03	15	21	30
4	Rr	3	0.000	2024	03	15	21	15
4	Rr	1	0.000	2024	03	15	21	00
4	Rr	2	0.000	2024	03	15	20	45
4	Rr	1	0.000	2024	03	15	20	30
4	Rr	1	0.000	2024	03	15	20	15
4	Rr	0	0.000	2024	03	15	20	00
4	Rr	0	0.000	2024	03	15	19	45
4	Rr	3	0.000	2024	03	15	19	30
4	Rr	2	0.000	2024	03	15	19	15
4	Rr	61	0.003	2024	03	15	19	00
4	Rr	33	0.002	2024	03	15	18	45
4	Rr	3	0.000	2024	03	15	18	30
4	Rr	5	0.000	2024	03	15	18	15
4	Rr	1	0.000	2024	03	15	18	00
4	Rr	2	0.000	2024	03	15	17	45
4	Rr	4	0.000	2024	03	15	17	30
4	Rr	0	0.000	2024	03	15	17	15
4	Rr	1	0.000	2024	03	15	17	00
4	Rr	0	0.000	2024	03	15	16	45
4	Rr	8	0.000	2024	03	15	16	30
4	Rr	0	0.000	2024	03	15	16	15
4	Rr	0	0.000	2024	03	15	16	00
4	Rr	0	0.000	2024	03	15	15	45
4	Rr	0	0.000	2024	03	15	15	30
4	Rr	1	0.000	2024	03	15	15	15
4	Rr	0	0.000	2024	03	15	15	00
4	Rr	0	0.000	2024	03	15	14	45
4	Rr	1	0.000	2024	03	15	14	30
4	Rr	6	0.000	2024	03	15	14	15
4	Rr	0	0.000	2024	03	15	14	00
4	Rr	0	0.000	2024	03	15	13	45
4	Rr	1	0.000	2024	03	15	13	30
4	Rr	0	0.000	2024	03	15	13	15
4	Rr	1	0.000	2024	03	15	13	00
4	Rr	0	0.000	2024	03	15	12	45
4	Rr	3	0.000	2024	03	15	12	30
4	Rr	0	0.000	2024	03	15	12	15
4	Rr	5	0.000	2024	03	15	12	00
4	Rr	3	0.000	2024	03	15	11	45
4	Rr	1	0.000	2024	03	15	11	30
4	Rr	1	0.000	2024	03	15	11	15
4	Rr	2	0.000	2024	03	15	11	00
4	Rr	3	0.000	2024	03	15	10	45
4	Rr	1	0.000	2024	03	15	10	30
4	Rr	4	0.000	2024	03	15	10	15
4	Rr	4	0.000	2024	03	15	10	00
4	Rr	0	0.000	2024	03	15	09	45
4	Rr	5	0.000	2024	03	15	09	30
4	Rr	31	0.002	2024	03	15	09	15
4	Rr	3	0.000	2024	03	15	09	00
4	Rr	4	0.000	2024	03	15	08	45
4	Rr	8	0.000	2024	03	15	08	30
4	Rr	1	0.000	2024	03	15	08	15
4	Rr	1	0.000	2024	03	15	08	00
4	Rr	4	0.000	2024	03	15	07	45
4	Rr	0	0.000	2024	03	15	07	30
4	Rr	3	0.000	2024	03	15	07	15
4	Rr	28	0.002	2024	03	15	07	00
4	Rr	1	0.000	2024	03	15	06	45
4	Rr	114	0.006	2024	03	15	06	30
4	Rr	2	0.000	2024	03	15	06	15
4	Rr	7	0.000	2024	03	15	06	00
4	Rr	1	0.000	2024	03	15	05	45
4	Rr	5	0.000	2024	03	15	05	30
4	Rr	4	0.000	2024	03	15	05	15
4	Rr	5	0.000	2024	03	15	05	00
4	*BT	R	975	2023	05	08	18	00
6	Rr	17638	0.994	00	00
6	Rr	16563	0.933	00	15
6	Rr	18093	1.019	00	30
6	Rr	17299	0.975	00	45
6	Rr	15683	0.884	01	00
6	Rr	16797	0.946	01	15
6	Rr	16027	0.903	01	30
6	Rr	17626	0.993	01	45
6	Rr	14910	0.840	02	00
6	Rr	17985	1.013	02	15
6	Rr	17582	0.991	02	30
6	Rr	16674	0.940	02	45
6	Rr	16168	0.911	03	00
6	Rr	16219	0.914	03	15
6	Rr	16539	0.932	03	30
6	Rr	19304	1.088	03	45
6	Rr	16251	0.916	04	00
6	Rr	15621	0.880	04	15
6	Rr	17042	0.960	04	30
6	Rr	18195	1.025	04	45
6	Rr	15578	0.878	05	00
6	Rr	17643	0.994	05	15
6	Rr	15485	0.873	05	30
6	Rr	16378	0.923	05	45
6	Rr	16746	0.944	06	00
6	Rr	14939	0.842	06	15
6	Rr	16286	0.918	06	30
6	Rr	13831	0.779	06	45
6	Rr	15481	0.872	07	00
6	Rr	15451	0.871	07	15
6	Rr	14883	0.839	07	30
6	Rr	14579	0.821	07	45
6	Rr	14140	0.797	08	00
6	Rr	14376	0.810	08	15
6	Rr	15817	0.891	08	30
6	Rr	13389	0.754	08	45
6	Rr	13475	0.759	09	00
6	Rr	13532	0.762	09	15
6	Rr	15222	0.858	09	30
6	Rr	13266	0.747	09	45
6	Rr	13716	0.773	10	00
6	Rr	14491	0.817	10	15
6	Rr	16295	0.918	10	30
6	Rr	15136	0.853	10	45
6	Rr	17132	0.965	11	00
6	Rr	15184	0.856	11	15
6	Rr	15834	0.892	11	30
6	Rr	13730	0.774	11	45
6	Rr	16004	0.902	12	00
6	Rr	14346	0.808	12	15
6	Rr	14204	0.800	12	30
6	Rr	15884	0.895	12	45
6	Rr	15038	0.847	13	00
6	Rr	18262	1.029	13	15
6	Rr	17489	0.985	13	30
6	Rr	15929	0.898	13	45
6	Rr	19395	1.093	14	00
6	Rr	22320	1.258	14	15
6	Rr	20854	1.175	14	30
6	Rr	19371	1.091	14	45
6	Rr	20164	1.136	15	00
6	Rr	20630	1.162	15	15
6	Rr	23285	1.312	15	30
6	Rr	22844	1.287	15	45
6	Rr	23446	1.321	16	00
6	Rr	25138	1.416	16	15
6	Rr	23431	1.320	16	30
6	Rr	24290	1.369	16	45
6	Rr	25965	1.463	17	00
6	Rr	24174	1.362	17	15
6	Rr	24589	1.385	17	30
6	Rr	23744	1.338	17	45
6	Rr	25662	1.446	18	00
6	Rr	24140	1.360	18	15
6	Rr	24389	1.374	18	30
6	Rr	24647	1.389	18	45
6	Rr	24263	1.367	19	00
6	Rr	22182	1.250	19	15
6	Rr	23466	1.322	19	30
6	Rr	25956	1.463	19	45
6	Rr	23992	1.352	20	00
6	Rr	23964	1.350	20	15
6	Rr	22053	1.243	20	30
6	Rr	23280	1.312	20	45
6	Rr	21861	1.232	21	00
6	Rr	21943	1.236	21	15
6	Rr	20169	1.136	21	30
6	Rr	22117	1.246	21	45
6	Rr	18187	1.025	22	00
6	Rr	19166	1.080	22	15
6	Rr	19416	1.094	22	30
6	Rr	19602	1.104	22	45
6	Rr	19972	1.125	23	00
6	Rr	20269	1.142	23	15
6	Rr	15991	0.901	23	30
6	Rr	17046	0.960	23	45
5	Rr	1	0.000	2024	03	16	04	50
5	Rr	0	0.000	2024	03	16	04	45
5	Rr	1	0.000	2024	03	16	04	40
5	Rr	0	0.000	2024	03	16	04	35
5	Rr	0	0.000	2024	03	16	04	30
5	Rr	0	0.000	2024	03	16	04	25
5	Rr	0	0.000	2024	03	16	04	20
5	Rr	0	0.000	2024	03	16	04	15
5	Rr	1	0.000	2024	03	16	04	10
5	Rr	0	0.000	2024	03	16	04	05
5	Rr	0	0.000	2024	03	16	04	00
5	Rr	0	0.000	2024	03	16	03	55
5	Rr	0	0.000	2024	03	16	03	50
5	Rr	2	0.000	2024	03	16	03	45
5	Rr	1	0.000	2024	03	16	03	40
5	Rr	3	0.000	2024	03	16	03	35
5	Rr	0	0.000	2024	03	16	03	30
5	Rr	1	0.000	2024	03	16	03	25
5	Rr	0	0.000	2024	03	16	03	20
5	Rr	0	0.000	2024	03	16	03	15
5	Rr	0	0.000	2024	03	16	03	10
5	Rr	0	0.000	2024	03	16	03	05
5	Rr	0	0.000	2024	03	16	03	00
5	Rr	0	0.000	2024	03	16	02	55
5	Rr	0	0.000	2024	03	16	02	50
5	Rr	0	0.000	2024	03	16	02	45
5	Rr	0	0.000	2024	03	16	02	40
5	Rr	0	0.000	2024	03	16	02	35
5	Rr	0	0.000	2024	03	16	02	30
5	Rr	0	0.000	2024	03	16	02	25
5	Rr	0	0.000	2024	03	16	02	20
5	Rr	0	0.000	2024	03	16	02	15
5	Rr	3	0.000	2024	03	16	02	10
5	Rr	1	0.000	2024	03	16	02	05
5	Rr	1	0.000	2024	03	16	02	00
5	Rr	0	0.000	2024	03	16	01	55
5	Rr	0	0.000	2024	03	16	01	50
5	Rr	0	0.000	2024	03	16	01	45
5	Rr	0	0.000	2024	03	16	01	40
5	Rr	0	0.000	2024	03	16	01	35
5	Rr	1	0.000	2024	03	16	01	30
5	Rr	0	0.000	2024	03	16	01	25
5	Rr	0	0.000	2024	03	16	01	20
5	Rr	1	0.000	2024	03	16	01	15
5	Rr	0	0.000	2024	03	16	01	10
5	Rr	0	0.000	2024	03	16	01	05
5	Rr	0	0.000	2024	03	16	01	00
5	Rr	0	0.000	2024	03	16	00	55
5	Rr	0	0.000	2024	03	16	00	50
5	Rr	0	0.000	2024	03	16	00	45
5	Rr	16	0.001	2024	03	16	00	40
5	Rr	0	0.000	2024	03	16	00	35
5	Rr	1	0.000	2024	03	16	00	30
5	Rr	0	0.000	2024	03	16	00	25
5	Rr	0	0.000	2024	03	16	00	20
5	Rr	0	0.000	2024	03	16	00	15
5	Rr	0	0.000	2024	03	16	00	10
5	Rr	0	0.000	2024	03	16	00	05
5	Rr	0	0.000	2024	03	16	00	00
5	Rr	1	0.000	2024	03	15	23	55
5	Rr	0	0.000	2024	03	15	23	50
5	Rr	0	0.000	2024	03	15	23	45
5	Rr	0	0.000	2024	03	15	23	40
5	Rr	1	0.000	2024	03	15	23	35
5	Rr	1	0.000	2024	03	15	23	30
5	Rr	0	0.000	2024	03	15	23	25
5	Rr	0	0.000	2024	03	15	23	20
5	Rr	0	0.000	2024	03	15	23	15
5	Rr	0	0.000	2024	03	15	23	10
5	Rr	0	0.000	2024	03	15	23	05
5	Rr	2	0.000	2024	03	15	23	00
5	Rr	0	0.000	2024	03	15	22	55
5	Rr	1	0.000	2024	03	15	22	50
5	Rr	1	0.000	2024	03	15	22	45
5	Rr	9	0.001	2024	03	15	22	40
5	Rr	1	0.000	2024	03	15	22	35
5	Rr	0	0.000	2024	03	15	22	30
5	Rr	0	0.000	2024	03	15	22	25
5	Rr	1	0.000	2024	03	15	22	20
5	Rr	0	0.000	2024	03	15	22	15
5	Rr	1	0.000	2024	03	15	22	10
5	Rr	3	0.000	2024	03	15	22	05
5	Rr	1	0.000	2024	03	15	22	00
5	Rr	1	0.000	2024	03	15	21	55
5	Rr	2	0.000	2024	03	15	21	50
5	Rr	1	0.000	2024	03	15	21	45
5	Rr	1	0.000	2024	03	15	21	40
5	Rr	1	0.000	2024	03	15	21	35
5	Rr	0	0.000	2024	03	15	21	30
5	Rr	1	0.000	2024	03	15	21	25
5	Rr	1	0.000	2024	03	15	21	20
5	Rr	1	0.000	2024	03	15	21	15
5	Rr	1	0.000	2024	03	15	21	10
5	Rr	0	0.000	2024	03	15	21	05
5	Rr	0	0.000	2024	03	15	21	00
5	Rr	0	0.000	2024	03	15	20	55
5	Rr	1	0.000	2024	03	15	20	50
5	Rr	1	0.000	2024	03	15	20	45
5	Rr	0	0.000	2024	03	15	20	40
5	Rr	0	0.000	2024	03	15	20	35
5	Rr	1	0.000	2024	03	15	20	30
5	Rr	0	0.000	2024	03	15	20	25
5	Rr	0	0.000	2024	03	15	20	20
5	Rr	1	0.000	2024	03	15	20	15
5	Rr	0	0.000	2024	03	15	20	10
5	Rr	0	0.000	2024	03	15	20	05
5	Rr	0	0.000	2024	03	15	20	00
5	Rr	0	0.000	2024	03	15	19	55
5	Rr	0	0.000	2024	03	15	19	50
5	Rr	0	0.000	2024	03	15	19	45
5	Rr	0	0.000	2024	03	15	19	40
5	Rr	2	0.000	2024	03	15	19	35
5	Rr	1	0.000	2024	03	15	19	30
5	Rr	0	0.000	2024	03	15	19	25
5	Rr	1	0.000	2024	03	15	19	20
5	Rr	1	0.000	2024	03	15	19	15
5	Rr	61	0.003	2024	03	15	19	10
5	Rr	0	0.000	2024	03	15	19	05
5	Rr	0	0.000	2024	03	15	19	00
5	Rr	33	0.002	2024	03	15	18	55
5	Rr	0	0.000	2024	03	15	18	50
5	Rr	0	0.000	2024	03	15	18	45
5	Rr	0	0.000	2024	03	15	18	40
5	Rr	1	0.000	2024	03	15	18	35
5	Rr	2	0.000	2024	03	15	18	30
5	Rr	1	0.000	2024	03	15	18	25
5	Rr	3	0.000	2024	03	15	18	20
5	Rr	1	0.000	2024	03	15	18	15
5	Rr	1	0.000	2024	03	15	18	10
5	Rr	0	0.000	2024	03	15	18	05
5	Rr	0	0.000	2024	03	15	18	00
5	Rr	0	0.000	2024	03	15	17	55
5	Rr	1	0.000	2024	03	15	17	50
5	Rr	1	0.000	2024	03	15	17	45
5	Rr	4	0.000	2024	03	15	17	40
5	Rr	0	0.000	2024	03	15	17	35
5	Rr	0	0.000	2024	03	15	17	30
5	Rr	0	0.000	2024	03	15	17	25
5	Rr	0	0.000	2024	03	15	17	20
5	Rr	0	0.000	2024	03	15	17	15
5	Rr	0	0.000	2024	03	15	17	10
5	Rr	1	0.000	2024	03	15	17	05
5	Rr	0	0.000	2024	03	15	17	00
5	Rr	0	0.000	2024	03	15	16	55
5	Rr	0	0.000	2024	03	15	16	50
5	Rr	0	0.000	2024	03	15	16	45
5	Rr	0	0.000	2024	03	15	16	40
5	Rr	0	0.000	2024	03	15	16	35
5	Rr	8	0.000	2024	03	15	16	30
5	Rr	0	0.000	2024	03	15	16	25
5	Rr	0	0.000	2024	03	15	16	20
5	Rr	0	0.000	2024	03	15	16	15
5	Rr	0	0.000	2024	03	15	16	10
5	Rr	0	0.000	2024	03	15	16	05
5	Rr	0	0.000	2024	03	15	16	00
5	Rr	0	0.000	2024	03	15	15	55
5	Rr	0	0.000	2024	03	15	15	50
5	Rr	0	0.000	2024	03	15	15	45
5	Rr	0	0.000	2024	03	15	15	40
5	Rr	0	0.000	2024	03	15	15	35
5	Rr	0	0.000	2024	03	15	15	30
5	Rr	0	0.000	2024	03	15	15	25
5	Rr	1	0.000	2024	03	15	15	20
5	Rr	0	0.000	2024	03	15	15	15
5	Rr	0	0.000	2024	03	15	15	10
5	Rr	0	0.000	2024	03	15	15	05
5	Rr	0	0.000	2024	03	15	15	00
5	Rr	0	0.000	2024	03	15	14	55
5	Rr	0	0.000	2024	03	15	14	50
5	Rr	0	0.000	2024	03	15	14	45
5	Rr	1	0.000	2024	03	15	14	40
5	Rr	0	0.000	2024	03	15	14	35
5	Rr	0	0.000	2024	03	15	14	30
5	Rr	0	0.000	2024	03	15	14	25
5	Rr	0	0.000	2024	03	15	14	20
5	Rr	6	0.000	2024	03	15	14	15
5	Rr	0	0.000	2024	03	15	14	10
5	Rr	0	0.000	2024	03	15	14	05
5	Rr	0	0.000	2024	03	15	14	00
5	Rr	0	0.000	2024	03	15	13	55
5	Rr	0	0.000	2024	03	15	13	50
5	Rr	0	0.000	2024	03	15	13	45
5	Rr	1	0.000	2024	03	15	13	40
5	Rr	0	0.000	2024	03	15	13	35
5	Rr	0	0.000	2024	03	15	13	30
5	Rr	0	0.000	2024	03	15	13	25
5	Rr	0	0.000	2024	03	15	13	20
5	Rr	0	0.000	2024	03	15	13	15
5	Rr	0	0.000	2024	03	15	13	10
5	Rr	0	0.000	2024	03	15	13	05
5	Rr	1	0.000	2024	03	15	13	00
5	Rr	0	0.000	2024	03	15	12	55
5	Rr	0	0.000	2024	03	15	12	50
5	Rr	0	0.000	2024	03	15	12	45
5	Rr	2	0.000	2024	03	15	12	40
5	Rr	1	0.000	2024	03	15	12	35
5	Rr	0	0.000	2024	03	15	12	30
5	Rr	0	0.000	2024	03	15	12	25
5	Rr	0	0.000	2024	03	15	12	20
5	Rr	0	0.000	2024	03	15	12	15
5	Rr	0	0.000	2024	03	15	12	10
5	Rr	4	0.000	2024	03	15	12	05
5	Rr	1	0.000	2024	03	15	12	00
5	Rr	3	0.000	2024	03	15	11	55
5	Rr	0	0.000	2024	03	15	11	50
5	Rr	0	0.000	2024	03	15	11	45
5	Rr	0	0.000	2024	03	15	11	40
5	Rr	1	0.000	2024	03	15	11	35
5	Rr	0	0.000	2024	03	15	11	30
5	Rr	0	0.000	2024	03	15	11	25
5	Rr	0	0.000	2024	03	15	11	20
5	Rr	1	0.000	2024	03	15	11	15
5	Rr	2	0.000	2024	03	15	11	10
5	Rr	0	0.000	2024	03	15	11	05
5	Rr	0	0.000	2024	03	15	11	00
5	Rr	1	0.000	2024	03	15	10	55
5	Rr	1	0.000	2024	03	15	10	50
5	Rr	1	0.000	2024	03	15	10	45
5	Rr	0	0.000	2024	03	15	10	40
5	Rr	0	0.000	2024	03	15	10	35
5	Rr	1	0.000	2024	03	15	10	30
5	Rr	4	0.000	2024	03	15	10	25
5	Rr	0	0.000	2024	03	15	10	20
5	Rr	0	0.000	2024	03	15	10	15
5	Rr	1	0.000	2024	03	15	10	10
5	Rr	1	0.000	2024	03	15	10	05
5	Rr	2	0.000	2024	03	15	10	00
5	Rr	0	0.000	2024	03	15	09	55
5	Rr	0	0.000	2024	03	15	09	50
5	Rr	0	0.000	2024	03	15	09	45
5	Rr	1	0.000	2024	03	15	09	40
5	Rr	2	0.000	2024	03	15	09	35
5	Rr	2	0.000	2024	03	15	09	30
5	Rr	1	0.000	2024	03	15	09	25
5	Rr	30	0.002	2024	03	15	09	20
5	Rr	0	0.000	2024	03	15	09	15
5	Rr	3	0.000	2024	03	15	09	10
5	Rr	0	0.000	2024	03	15	09	05
5	Rr	0	0.000	2024	03	15	09	00
5	Rr	2	0.000	2024	03	15	08	55
5	Rr	1	0.000	2024	03	15	08	50
5	Rr	1	0.000	2024	03	15	08	45
5	Rr	0	0.000	2024	03	15	08	40
5	Rr	6	0.000	2024	03	15	08	35
5	Rr	2	0.000	2024	03	15	08	30
5	Rr	1	0.000	2024	03	15	08	25
5	Rr	0	0.000	2024	03	15	08	20
5	Rr	0	0.000	2024	03	15	08	15
5	Rr	0	0.000	2024	03	15	08	10
5	Rr	0	0.000	2024	03	15	08	05
5	Rr	1	0.000	2024	03	15	08	00
5	Rr	2	0.000	2024	03	15	07	55
5	Rr	2	0.000	2024	03	15	07	50
5	Rr	0	0.000	2024	03	15	07	45
5	Rr	0	0.000	2024	03	15	07	40
5	Rr	0	0.000	2024	03	15	07	35
5	Rr	0	0.000	2024	03	15	07	30
5	Rr	0	0.000	2024	03	15	07	25
5	Rr	0	0.000	2024	03	15	07	20
5	Rr	3	0.000	2024	03	15	07	15
5	Rr	0	0.000	2024	03	15	07	10
5	Rr	4	0.000	2024	03	15	07	05
5	Rr	24	0.001	2024	03	15	07	00
5	Rr	1	0.000	2024	03	15	06	55
5	Rr	0	0.000	2024	03	15	06	50
5	Rr	0	0.000	2024	03	15	06	45
5	Rr	0	0.000	2024	03	15	06	40
5	Rr	114	0.006	2024	03	15	06	35
5	Rr	0	0.000	2024	03	15	06	30
5	Rr	1	0.000	2024	03	15	06	25
5	Rr	1	0.000	2024	03	15	06	20
5	Rr	0	0.000	2024	03	15	06	15
5	Rr	2	0.000	2024	03	15	06	10
5	Rr	1	0.000	2024	03	15	06	05
5	Rr	4	0.000	2024	03	15	06	00
5	Rr	0	0.000	2024	03	15	05	55
5	Rr	0	0.000	2024	03	15	05	50
5	Rr	1	0.000	2024	03	15	05	45
5	Rr	2	0.000	2024	03	15	05	40
5	Rr	0	0.000	2024	03	15	05	35
5	Rr	3	0.000	2024	03	15	05	30
5	Rr	1	0.000	2024	03	15	05	25
5	Rr	3	0.000	2024	03	15	05	20
5	Rr	0	0.000	2024	03	15	05	15
5	Rr	1	0.000	2024	03	15	05	10
5	Rr	3	0.000	2024	03	15	05	05
5	Rr	1	0.000	2024	03	15	05	00
5	Rr	0	0.000	2024	03	15	04	55
5	*BT	R	945	2023	05	08	18	00
7	Rr	6241	0.352	00	00
7	Rr	5365	0.302	00	05
7	Rr	6032	0.340	00	10
7	Rr	4500	0.254	00	15
7	Rr	5423	0.306	00	20
7	Rr	6640	0.374	00	25
7	Rr	5535	0.312	00	30
7	Rr	6858	0.386	00	35
7	Rr	5700	0.321	00	40
7	Rr	5494	0.310	00	45
7	Rr	6155	0.347	00	50
7	Rr	5650	0.318	00	55
7	Rr	5720	0.322	01	00
7	Rr	5042	0.284	01	05
7	Rr	4921	0.277	01	10
7	Rr	5297	0.298	01	15
7	Rr	6044	0.341	01	20
7	Rr	5456	0.307	01	25
7	Rr	5026	0.283	01	30
7	Rr	5246	0.296	01	35
7	Rr	5755	0.324	01	40
7	Rr	5598	0.315	01	45
7	Rr	6493	0.366	01	50
7	Rr	5535	0.312	01	55
7	Rr	5085	0.287	02	00
7	Rr	4850	0.273	02	05
7	Rr	4975	0.280	02	10
7	Rr	6542	0.369	02	15
7	Rr	5591	0.315	02	20
7	Rr	5852	0.330	02	25
7	Rr	6344	0.357	02	30
7	Rr	5605	0.316	02	35
7	Rr	5633	0.317	02	40
7	Rr	4884	0.275	02	45
7	Rr	5795	0.327	02	50
7	Rr	5995	0.338	02	55
7	Rr	5900	0.332	03	00
7	Rr	5076	0.286	03	05
7	Rr	5192	0.293	03	10
7	Rr	5349	0.301	03	15
7	Rr	5418	0.305	03	20
7	Rr	5452	0.307	03	25
7	Rr	5485	0.309	03	30
7	Rr	5494	0.310	03	35
7	Rr	5560	0.313	03	40
7	Rr	6152	0.347	03	45
7	Rr	7017	0.395	03	50
7	Rr	6135	0.346	03	55
7	Rr	5355	0.302	04	00
7	Rr	5490	0.309	04	05
7	Rr	5406	0.305	04	10
7	Rr	5493	0.310	04	15
7	Rr	4907	0.276	04	20
7	Rr	5221	0.294	04	25
7	Rr	5326	0.300	04	30
7	Rr	5411	0.305	04	35
7	Rr	6305	0.355	04	40
7	Rr	5918	0.333	04	45
7	Rr	6100	0.344	04	50
7	Rr	6177	0.348	04	55
7	Rr	5363	0.302	05	00
7	Rr	5285	0.298	05	05
7	Rr	4930	0.278	05	10
7	Rr	6565	0.370	05	15
7	Rr	5807	0.327	05	20
7	Rr	5271	0.297	05	25
7	Rr	5067	0.286	05	30
7	Rr	5250	0.296	05	35
7	Rr	5168	0.291	05	40
7	Rr	5672	0.320	05	45
7	Rr	5112	0.288	05	50
7	Rr	5594	0.315	05	55
7	Rr	4783	0.270	06	00
7	Rr	6058	0.341	06	05
7	Rr	5905	0.333	06	10
7	Rr	5739	0.323	06	15
7	Rr	4335	0.244	06	20
7	Rr	4865	0.274	06	25
7	Rr	5985	0.337	06	30
7	Rr	5411	0.305	06	35
7	Rr	4890	0.276	06	40
7	Rr	4732	0.267	06	45
7	Rr	4870	0.274	06	50
7	Rr	4229	0.238	06	55
7	Rr	6121	0.345	07	00
7	Rr	4507	0.254	07	05
7	Rr	4853	0.273	07	10
7	Rr	4649	0.262	07	15
7	Rr	5577	0.314	07	20
7	Rr	5225	0.294	07	25
7	Rr	5054	0.285	07	30
7	Rr	5005	0.282	07	35
7	Rr	4824	0.272	07	40
7	Rr	5586	0.315	07	45
7	Rr	4297	0.242	07	50
7	Rr	4696	0.265	07	55
7	Rr	4898	0.276	08	00
7	Rr	4541	0.256	08	05
7	Rr	4701	0.265	08	10
7	Rr	4578	0.258	08	15
7	Rr	4801	0.271	08	20
7	Rr	4997	0.282	08	25
7	Rr	4894	0.276	08	30
7	Rr	5068	0.286	08	35
7	Rr	5855	0.330	08	40
7	Rr	4907	0.276	08	45
7	Rr	4411	0.249	08	50
7	Rr	4071	0.229	08	55
7	Rr	4414	0.249	09	00
7	Rr	4432	0.250	09	05
7	Rr	4629	0.261	09	10
7	Rr	3757	0.212	09	15
7	Rr	4458	0.251	09	20
7	Rr	5317	0.300	09	25
7	Rr	4443	0.250	09	30
7	Rr	5306	0.299	09	35
7	Rr	5473	0.308	09	40
7	Rr	4937	0.278	09	45
7	Rr	4038	0.228	09	50
7	Rr	4291	0.242	09	55
7	Rr	4495	0.253	10	00
7	Rr	4220	0.238	10	05
7	Rr	5001	0.282	10	10
7	Rr	4227	0.238	10	15
7	Rr	4975	0.280	10	20
7	Rr	5289	0.298	10	25
7	Rr	5200	0.293	10	30
7	Rr	5438	0.306	10	35
7	Rr	5657	0.319	10	40
7	Rr	4585	0.258	10	45
7	Rr	5740	0.323	10	50
7	Rr	4811	0.271	10	55
7	Rr	6377	0.359	11	00
7	Rr	5524	0.311	11	05
7	Rr	5231	0.295	11	10
7	Rr	4750	0.268	11	15
7	Rr	4328	0.244	11	20
7	Rr	6106	0.344	11	25
7	Rr	6767	0.381	11	30
7	Rr	4446	0.251	11	35
7	Rr	4621	0.260	11	40
7	Rr	4922	0.277	11	45
7	Rr	4568	0.257	11	50
7	Rr	4240	0.239	11	55
7	Rr	5127	0.289	12	00
7	Rr	5387	0.304	12	05
7	Rr	5490	0.309	12	10
7	Rr	4459	0.251	12	15
7	Rr	4774	0.269	12	20
7	Rr	5113	0.288	12	25
7	Rr	4579	0.258	12	30
7	Rr	4882	0.275	12	35
7	Rr	4743	0.267	12	40
7	Rr	4984	0.281	12	45
7	Rr	5442	0.307	12	50
7	Rr	5458	0.308	12	55
7	Rr	5123	0.289	13	00
7	Rr	4567	0.257	13	05
7	Rr	5348	0.301	13	10
7	Rr	6234	0.351	13	15
7	Rr	6251	0.352	13	20
7	Rr	5777	0.326	13	25
7	Rr	5242	0.295	13	30
7	Rr	5899	0.332	13	35
7	Rr	6348	0.358	13	40
7	Rr	4239	0.239	13	45
7	Rr	5988	0.337	13	50
7	Rr	5702	0.321	13	55
7	Rr	6353	0.358	14	00
7	Rr	6572	0.370	14	05
7	Rr	6470	0.365	14	10
7	Rr	7936	0.447	14	15
7	Rr	7399	0.417	14	20
7	Rr	6985	0.394	14	25
7	Rr	7075	0.399	14	30
7	Rr	6690	0.377	14	35
7	Rr	7089	0.399	14	40
7	Rr	6341	0.357	14	45
7	Rr	5581	0.314	14	50
7	Rr	7449	0.420	14	55
7	Rr	7341	0.414	15	00
7	Rr	5980	0.337	15	05
7	Rr	6843	0.386	15	10
7	Rr	6072	0.342	15	15
7	Rr	7676	0.433	15	20
7	Rr	6882	0.388	15	25
7	Rr	7382	0.416	15	30
7	Rr	7327	0.413	15	35
7	Rr	8576	0.483	15	40
7	Rr	6366	0.359	15	45
7	Rr	8031	0.453	15	50
7	Rr	8447	0.476	15	55
7	Rr	7332	0.413	16	00
7	Rr	7886	0.444	16	05
7	Rr	8228	0.464	16	10
7	Rr	8784	0.495	16	15
7	Rr	8399	0.473	16	20
7	Rr	7955	0.448	16	25
7	Rr	7294	0.411	16	30
7	Rr	8545	0.481	16	35
7	Rr	7592	0.428	16	40
7	Rr	8288	0.467	16	45
7	Rr	9002	0.507	16	50
7	Rr	7000	0.394	16	55
7	Rr	8548	0.482	17	00
7	Rr	9087	0.512	17	05
7	Rr	8330	0.469	17	10
7	Rr	7563	0.426	17	15
7	Rr	8488	0.478	17	20
7	Rr	8123	0.458	17	25
7	Rr	8748	0.493	17	30
7	Rr	7773	0.438	17	35
7	Rr	8068	0.455	17	40
7	Rr	7881	0.444	17	45
7	Rr	7887	0.444	17	50
7	Rr	7976	0.449	17	55
7	Rr	9597	0.541	18	00
7	Rr	8151	0.459	18	05
7	Rr	7914	0.446	18	10
7	Rr	8919	0.503	18	15
7	Rr	7534	0.425	18	20
7	Rr	7687	0.433	18	25
7	Rr	8053	0.454	18	30
7	Rr	6868	0.387	18	35
7	Rr	9468	0.533	18	40
7	Rr	7379	0.416	18	45
7	Rr	9273	0.522	18	50
7	Rr	7995	0.450	18	55
7	Rr	8709	0.491	19	00
7	Rr	7438	0.419	19	05
7	Rr	8116	0.457	19	10
7	Rr	7347	0.414	19	15
7	Rr	6943	0.391	19	20
7	Rr	7892	0.445	19	25
7	Rr	7386	0.416	19	30
7	Rr	8984	0.506	19	35
7	Rr	7096	0.400	19	40
7	Rr	8638	0.487	19	45
7	Rr	8436	0.475	19	50
7	Rr	8882	0.500	19	55
7	Rr	8303	0.468	20	00
7	Rr	8096	0.456	20	05
7	Rr	7593	0.428	20	10
7	Rr	7046	0.397	20	15
7	Rr	9045	0.510	20	20
7	Rr	7873	0.444	20	25
7	Rr	7462	0.420	20	30
7	Rr	7831	0.441	20	35
7	Rr	6760	0.381	20	40
7	Rr	8272	0.466	20	45
7	Rr	8050	0.454	20	50
7	Rr	6958	0.392	20	55
7	Rr	7895	0.445	21	00
7	Rr	7341	0.414	21	05
7	Rr	6625	0.373	21	10
7	Rr	7136	0.402	21	15
7	Rr	7242	0.408	21	20
7	Rr	7565	0.426	21	25
7	Rr	6025	0.339	21	30
7	Rr	7472	0.421	21	35
7	Rr	6672	0.376	21	40
7	Rr	8766	0.494	21	45
7	Rr	7576	0.427	21	50
7	Rr	5775	0.325	21	55
7	Rr	5937	0.335	22	00
7	Rr	5894	0.332	22	05
7	Rr	6356	0.358	22	10
7	Rr	6552	0.369	22	15
7	Rr	6663	0.375	22	20
7	Rr	5951	0.335	22	25
7	Rr	6368	0.359	22	30
7	Rr	7186	0.405	22	35
7	Rr	5862	0.330	22	40
7	Rr	6875	0.387	22	45
7	Rr	6303	0.355	22	50
7	Rr	6424	0.362	22	55
7	Rr	6658	0.375	23	00
7	Rr	6458	0.364	23	05
7	Rr	6856	0.386	23	10
7	Rr	6848	0.386	23	15
7	Rr	7395	0.417	23	20
7	Rr	6026	0.340	23	25
7	Rr	5310	0.299	23	30
7	Rr	5294	0.298	23	35
7	Rr	5387	0.304	23	40
7	Rr	5093	0.287	23	45
7	Rr	6002	0.338	23	50
7	Rr	5951	0.335	23	55
o	*f	0R	r
o	lRQ	1	1774760	1793726180	[unresolved numerical addresses]
Z	*f	-20R	r
Z	lRb	1	84337	3.582	98
Z	lRb	1	80633	2.566	66.249
Z	lRb	1	56520	2.524	51
Z	lRb	1	53763	1.794	34
Z	lRb	1	49402	2.025	35
Z	lRb	1	44470	1.401	69
Z	lRb	1	33404	0.506	49
Z	lRb	1	32791	2.897	54
Z	lRb	1	29396	0.945	123
Z	lRb	1	27618	2.331	40
Z	lRb	1	26238	0.641	46
Z	lRb	1	25469	2.469	157.55
Z	lRb	1	25107	1.160	76
Z	lRb	1	24664	1.170	104
Z	lRb	1	23805	2.596	70
Z	lRb	1	21013	1.924	207.46
Z	lRb	1	20396	1.032	52
Z	lRb	1	19328	1.539	72
Z	lRb	1	16375	0.895	75
Z	lRb	1	16006	0.894	107
Z	lRb	1	1064025	65.108	[not listed: 9197]
S	*f	-50P	r
S	Rb	4702	0.294	14.33.246.211
S	Rb	3893	0.027	162.55.85.223
S	Rb	3866	0.592	192.234.235.103
S	Rb	3517	0.000	66.249.66.166
S	Rb	3301	0.222	216.244.66.229
S	Rb	3248	0.184	192.99.15.146
S	Rb	2542	0.020	49.7.20.111
S	Rb	2489	0.009	49.7.20.105
S	Rb	2341	0.107	68.66.226.98
S	Rb	2341	0.102	100.43.83.148
S	Rb	2232	0.000	66.249.66.164
S	Rb	2187	0.003	66.249.66.195
S	Rb	2091	0.000	66.249.66.165
S	Rb	1992	0.051	66.249.75.109
S	Rb	1829	0.111	37.59.14.116
S	Rb	1781	0.161	75.98.173.33
S	Rb	1750	0.000	66.249.66.167
S	Rb	1745	0.000	66.249.66.196
S	Rb	1736	0.215	79.125.27.96
S	Rb	1597	0.097	78.155.138.20
S	Rb	1597	0.000	66.249.66.197
S	Rb	1566	0.000	62.194.247.203
S	Rb	1543	0.055	199.21.99.79
S	Rb	1461	0.000	49.7.20.135
S	Rb	1459	0.008	92.249.127.111
S	Rb	1352	0.045	49.7.20.102
S	Rb	1340	0.001	66.249.66.168
S	Rb	1330	0.014	109.102.111.58
S	Rb	1312	0.033	205.203.134.197
S	Rb	1304	0.144	5.196.13.127
S	Rb	1285	0.033	144.76.27.118
S	Rb	1276	0.089	208.115.113.82
S	Rb	1270	0.048	95.108.248.29
S	Rb	1213	0.014	52.35.20.1
S	Rb	1211	0.000	66.249.66.72
S	Rb	1155	0.173	75.98.173.84
S	Rb	1142	0.001	91.207.9.226
S	Rb	1107	0.012	66.249.69.97
S	Rb	1081	0.014	66.249.69.81
S	Rb	1074	0.000	49.7.21.96
S	Rb	1048	0.064	157.90.182.26
S	Rb	1047	0.013	106.38.241.144
S	Rb	1039	0.011	66.249.69.89
S	Rb	1030	0.073	5.255.250.90
S	Rb	1024	0.055	95.108.150.235
S	Rb	1016	0.009	78.129.149.5
S	Rb	1012	0.061	192.99.6.132
S	Rb	916	0.000	49.7.21.93
S	Rb	811	0.000	123.183.224.65
S	Rb	808	0.136	149.202.211.239
S	Rb	1687751	96.697	[not listed: 110513]
s	*FR	2013	12	18	21	53
s	*LR	2024	03	16	02	12
s	*f	-20R	s
s	lRS	1	529715	1043	http://www.gtaeronautics.com/
s	lRS	1	124712	336	http://gtaeronautics.com/
s	lRS	1	9176	16	https://www.google.com/
s	lRS	1	1725	3	http://www.google.com/
s	lRS	1	564	1	https://www.bing.com/
s	lRS	1	1287	0	http://www.baidu.com/
s	lRS	1	1159	0	http://www.trainingindustry.com/
s	lRS	1	609	0	http://www.mfgpages.com/
s	lRS	1	604	0	http://www.openfos.com/
s	lRS	1	517	0	http://www.topicway.com/
s	lRS	1	462	0	http://anti-crisis-seo.com/
s	lRS	1	420	0	http://122.144.179.12/
s	lRS	1	418	0	http://baidu.com/
s	lRS	1	399	0	https://www.thomasnet.com/
s	lRS	1	395	0	http://uptime.com/
s	lRS	1	362	0	http://semalt.semalt.com/
s	lRS	1	328	0	http://www.bing.com/
s	lRS	1	301	0	http://chimiver.info/
s	lRS	1	286	0	http://google.com/
s	lRS	1	281	0	https://www.google.co.in/
s	lRS	1	50784	5	[not listed: 4434]
f	*FR	2013	12	18	21	53
f	*LR	2024	03	16	02	12
f	*f	-30R	s
f	lRS	1	396815	767	http://www.gtaeronautics.com/
f	lRS	1	80570	178	http://gtaeronautics.com/
f	lRS	1	9264	93	http://gtaeronautics.com/links.html
f	lRS	1	18925	48	http://www.gtaeronautics.com/aboutus.html
f	lRS	1	9070	28	http://www.gtaeronautics.com/UASFC.html
f	lRS	1	5550	26	http://www.gtaeronautics.com/compnews.html
f	lRS	1	2702	25	http://www.gtaeronautics.com/GT100HL RPAS.html
f	lRS	1	6135	20	http://www.gtaeronautics.com/GT380 RPAS.html
f	lRS	1	4374	18	http://www.gtaeronautics.com/pna.html
f	lRS	1	8490	16	https://www.google.com/
f	lRS	1	4329	14	http://www.gtaeronautics.com/GT50T RPAS.html
f	lRS	1	2217	14	http://gtaeronautics.com/ConsultingA.html
f	lRS	1	11041	12	http://www.gtaeronautics.com/CCT&M.html
f	lRS	1	4513	12	http://www.gtaeronautics.com/SRU.html
f	lRS	1	4586	11	http://www.gtaeronautics.com/CompNews.html
f	lRS	1	4499	11	http://www.gtaeronautics.com/GT1500 RPAS.html
f	lRS	1	3467	11	http://gtaeronautics.com/aboutus.html
f	lRS	1	13949	9	http://www.gtaeronautics.com/index.html
f	lRS	1	3127	8	http://www.gtaeronautics.com/CFMT.html
f	lRS	1	2588	8	http://www.gtaeronautics.com/uasfc.html
f	lRS	1	4270	4	http://gtaeronautics.com/contactus.html
f	lRS	1	3805	3	http://www.gtaeronautics.com/contactus.html
f	lRS	1	3578	3	http://www.gtaeronautics.com/RD.html
f	lRS	1	3249	2	http://gtaeronautics.com/index.html
f	lRS	1	2132	1	http://www.gtaeronautics.com/EMPLOYMENT.html
f	lRS	1	6871	0	http://www.gtaeronautics.com/ConsultingA.html
f	lRS	1	5892	0	http://gtaeronautics.com/IndNews.html
f	lRS	1	3253	0	http://www.gtaeronautics.com/consultinga.html
f	lRS	1	3243	0	http://www.gtaeronautics.com/IndNews.html
f	lRS	1	2766	0	http://gtaeronautics.com/CCT&M.html
f	lRS	1	89234	62	[not listed: 5144]
n	*FR	2013	12	19	00	28
n	*LR	2020	10	14	09	11
n	*f	0.500000%Q	s
n	Rq	1	339.233	kit
n	Rq	1	339.233	method
n	Rq	2	678.465	crew
n	Rq	28	411.797	aeronautical
n	Rq	1	339.233	airplane.com
n	Rq	5	285.899	faa
n	Rq	40	331.797	gt
n	Rq	1	339.233	moldings
n	Rq	1	339.233	twin
n	Rq	1	339.233	taranis
n	Rq	2	339.233	installerex
n	Rq	2	339.233	http://gtaeronautics.com/
n	Rq	20	571.798	in
n	Rq	1	339.233	scale
n	Rq	1	339.233	observer
n	Rq	1	339.233	drawing?
n	Rq	2	339.233	is
n	Rq	1	339.233	making
n	Rq	2	678.465	fiber
n	Rq	1	339.233	mitsubishi
n	Rq	1	339.233	fuze
n	Rq	1	339.233	http://www.gtaeronautics.com/indnews.html
n	Rq	92	339.233	semalt.com
n	Rq	1	339.233	consultant
n	Rq	15	651.798	manufacturing
n	Rq	1	339.233	2
n	Rq	1	339.233	base
n	Rq	14	518.464	6
n	Rq	1	339.233	http://gtaeronautics.com/indnews.html
n	Rq	1	339.233	always
n	Rq	28	19.231	engineering
n	Rq	1	339.233	northrop
n	Rq	1	339.233	bandwidth
n	Rq	1	339.233	vegas
n	Rq	3	678.465	basic
n	Rq	1	339.233	qinetiq
n	Rq	1	339.233	tooling
n	Rq	1	339.233	on
n	Rq	1	339.233	heavy
n	Rq	9	598.465	drawings
n	Rq	1	339.233	fia
n	Rq	4	339.233	louis%20vuitton%20fashion%20valley%20phone%20number
n	Rq	3	339.233	llc
n	Rq	3	312.566	rullman
n	Rq	1	339.233	cowling
n	Rq	32	312.566	sale
n	Rq	64	625.132	outlet
n	Rq	1	339.233	rotax
n	Rq	1	339.233	ucav
n	Rq	28	385.130	texan
n	Rq	1	339.233	a
n	Rq	2	339.233	customer
n	Rq	1	339.233	rpa
n	Rq	2	678.465	110cc
n	Rq	30	339.233	designer
n	Rq	20	285.899	www.gtaeronautics.com
n	Rq	1	339.233	work
n	Rq	1	339.233	thomas
n	Rq	1	339.233	engie
n	Rq	1	339.233	qualification
n	Rq	1	339.233	custom
n	Rq	1	339.233	mk3
n	Rq	1	339.233	t
n	Rq	1	339.233	uavs
n	Rq	1	339.233	w
n	Rq	2	339.233	satisfaction
n	Rq	2	678.465	x
n	Rq	1	339.233	crews
n	Rq	3	339.233	photos
n	Rq	1	339.233	finnemeccia
n	Rq	2	678.465	glass
n	Rq	1	312.566	to
n	Rq	1	339.233	gcs
n	Rq	5	285.899	engineer
n	Rq	1	339.233	government
n	Rq	1	339.233	operator
n	Rq	6	625.132	aircraft
n	Rq	1	339.233	with
n	Rq	97	678.465	number
n	Rq	4	312.566	for
n	Rq	1	339.233	december
n	Rq	2	678.465	aero
n	Rq	9	678.465	equipment
n	Rq	2	678.465	engine
n	Rq	1	339.233	mq1
n	Rq	2	678.465	wy
n	Rq	1	339.233	custum
n	Rq	1	339.233	g.t
n	Rq	1	339.233	mechanics
n	Rq	1	678.465	motors
n	Rq	1	339.233	tdw
n	Rq	32	285.899	luggage
n	Rq	1	339.233	opportunities
n	Rq	175	125.898	vuitton
n	Rq	1	339.233	show
n	Rq	1	312.566	the
n	Rq	1	339.233	luggages
n	Rq	1	339.233	stroke
n	Rq	2	339.233	explore
n	Rq	39	678.465	handbags
n	Rq	2	678.465	electric
n	Rq	1	339.233	space
n	Rq	1	678.465	air
n	Rq	1	339.233	quote
n	Rq	1	339.233	require
n	Rq	1	339.233	mpp
n	Rq	4	678.465	jobs
n	Rq	5	285.899	uas
n	Rq	1	339.233	anything
n	Rq	1	339.233	china
n	Rq	1	339.233	airplane
n	Rq	10	571.798	uav
n	Rq	2	339.233	wmaid.com
n	Rq	3	651.798	drone
n	Rq	7	259.232	fiberglass
n	Rq	2	339.233	facebook
n	Rq	1	339.233	college
n	Rq	4	651.798	onboard
n	Rq	3	678.465	gtaeronautics.com
n	Rq	1	339.233	qulificationa
n	Rq	21	179.232	simi
n	Rq	1	339.233	and
n	Rq	5	312.566	flight
n	Rq	17	179.232	at6
n	Rq	1	339.233	xtreme
n	Rq	1	339.233	maintenance
n	Rq	1	339.233	cody
n	Rq	1	339.233	systems
n	Rq	1	339.233	any
n	Rq	1	339.233	tom
n	Rq	1	339.233	payload
n	Rq	2	678.465	gta
n	Rq	2	339.233	granger
n	Rq	8	259.232	extreme
n	Rq	6	285.899	molding
n	Rq	2	339.233	easylifeapp
n	Rq	1	339.233	rating
n	Rq	2	339.233	whitelaw
n	Rq	126	259.232	fashion
n	Rq	2	678.465	ice
n	Rq	2	339.233	http://www.gtaeronautics.com/compnews.html
n	Rq	5	678.465	engineers
n	Rq	3	678.465	composite
n	Rq	1	339.233	skyforce
n	Rq	1	339.233	eengineer
n	Rq	175	125.898	louis
n	Rq	8	339.233	store
n	Rq	4	651.798	starter
n	Rq	14	651.798	cheap
n	Rq	1	339.233	diamond
n	Rq	10	232.565	bme
n	Rq	1	339.233	america2009
n	Rq	7	339.233	content
n	Rq	1	339.233	challenge
n	Rq	2	678.465	aeronautic
n	Rq	1	339.233	piece
n	Rq	1	339.233	how
n	Rq	1	339.233	male
n	Rq	2	678.465	design
n	Rq	2	678.465	flying
n	Rq	1	339.233	carbon
n	Rq	1	339.233	operation
n	Rq	2	339.233	profile
n	Rq	1	339.233	tomas
n	Rq	1	339.233	cia
n	Rq	1	339.233	hummingbird
n	Rq	1	339.233	iron
n	Rq	1	339.233	california
n	Rq	1	339.233	amphibian
n	Rq	1	339.233	110
n	Rq	1	339.233	mentioned
n	Rq	1	339.233	111
n	Rq	1	339.233	over
n	Rq	25	411.797	http://www.gtaeronautics.com/
n	Rq	1	339.233	google.com
n	Rq	1	339.233	fuel
n	Rq	2	339.233	inc
n	Rq	1	339.233	handbag.com
n	Rq	1	339.233	da42
n	Rq	2	678.465	certification
n	Rq	1	339.233	timing
n	Rq	1	339.233	2015
n	Rq	1	339.233	home
n	Rq	1	339.233	aerospacecompanies
n	Rq	1	339.233	anti
n	Rq	1	339.233	ziroli
n	Rq	1	339.233	sketches
n	Rq	5	339.233	purses
n	Rq	1	339.233	downlink
n	Rq	3	339.233	aeronotics
n	Rq	1	339.233	nanotechnology
n	Rq	1	339.233	zephyr
n	Rq	4	339.233	wyoming
n	Rq	2	339.233	technology
n	Rq	3	312.566	companies
n	Rq	1	339.233	muffler
n	Rq	2	339.233	avia
n	Rq	2	339.233	what
n	Rq	145	99.231	valley
n	Rq	1	339.233	microwave
n	Rq	1	339.233	mold
n	Rq	5	651.798	pglm
n	Rq	1	339.233	specialist
n	Rq	23	438.464	drawing
n	Rq	1	339.233	tool
n	Rq	1	339.233	security
n	Rq	6	678.465	prototypes
n	Rq	1	339.233	giant
n	Rq	1	339.233	powell
n	Rq	8	259.232	aerospace
n	Rq	4	651.798	unmanned
n	Rq	34	358.463	aeronautics
n	Rq	1	339.233	radius
n	Rq	1	339.233	zero
n	Rq	1	339.233	tobbot
n	Rq	2	678.465	job
n	Rq	2	678.465	neverfull
n	Rq	1	339.233	onbordstarter
n	Rq	20	651.798	ca
n	Rq	1	678.465	as
n	Rq	13	179.232	at
n	Rq	5	285.899	techniques
n	Rq	1	339.233	does
n	Rq	1	339.233	commercial
n	Rq	1	339.233	www.gt
n	Rq	1	339.233	de
n	Rq	1	339.233	co
n	Rq	1	339.233	speedy
n	Rq	1	339.233	rpas
n	Rq	2	678.465	instrument
n	Rq	1	339.233	do
n	Rq	1	339.233	quotation
n	Rq	3	312.566	training
n	Rq	1	339.233	efi
n	Rq	1	339.233	careers
n	Rq	3	312.566	pilot
n	Rq	9	598.465	bandito
n	Rq	4	651.798	quotes
n	Rq	107	651.798	phone
n	Rq	1	339.233	stations
n	Rq	1	339.233	traing
N	*FR	2013	12	19	00	28
N	*LR	2020	10	14	09	11
N	*f	-200Q	s
N	RQ	2	4132539432	fiberglass molding techniques
N	RQ	6	4132539432	manufacturing aeronautical prototypes
N	RQ	19	4132539432	louis vuitton luggage outlet
N	RQ	10	4132539432	louis vuitton fashion valley phone
N	RQ	97	4132539432	louis vuitton fashion valley phone number
N	RQ	2	4132539432	texan at 6
N	RQ	18	4132539432	louis vuitton fashion valley ca
N	RQ	6	3970111568	texan at6
N	RQ	5	3970111568	bandito pglm
N	RQ	7	3807683704	bme extreme
N	RQ	7	3807683704	aerospace engineering drawings
N	RQ	8	3645255840	at6 texan
N	RQ	14	3320400112	aeronautical engineering drawing
N	RQ	20	3157972248	gt aeronautics
N	RQ	25	2508260792	http://www.gtaeronautics.com/
N	RQ	1	2066269716	uavs flying over simi valley ca
N	RQ	1	2066269716	gt aeronautics simi valley california
N	RQ	1	2066269716	aeronautical engineer quote
N	RQ	1	2066269716	does aeronautical engineering require drawing?
N	RQ	1	2066269716	how to do gt in engineering drawing
N	RQ	2	2066269716	http://gtaeronautics.com/
N	RQ	1	2066269716	the government college g.t aeronautics
N	RQ	1	2066269716	bme engine
N	RQ	1	2066269716	uas gcs
N	RQ	1	2066269716	http://www.gtaeronautics.com/indnews.html
N	RQ	92	2066269716	semalt.com
N	RQ	1	2066269716	aero iron mentioned nanotechnology hummingbird uav
N	RQ	1	2066269716	basic fiberglass techniques
N	RQ	1	2066269716	http://gtaeronautics.com/indnews.html
N	RQ	1	2066269716	finnemeccia co
N	RQ	2	2066269716	drawing for customer satisfaction
N	RQ	1	2066269716	cheap louis vuitton speedy handbag.com
N	RQ	1	2066269716	at 6
N	RQ	1	2066269716	quotation specialist engineer drawings
N	RQ	1	2066269716	challenge xtreme 111 piece mechanics tool kit
N	RQ	1	2066269716	uav commercial crew stations
N	RQ	1	2066269716	da42 mpp microwave downlink bandwidth
N	RQ	1	2066269716	anti ice de ice qinetiq zephyr
N	RQ	4	2066269716	louis%20vuitton%20fashion%20valley%20phone%20number
N	RQ	1	2066269716	faa uas pilot certification
N	RQ	1	2066269716	any flying crews in gta
N	RQ	1	2066269716	aerospace drawing
N	RQ	1	2066269716	fiber glass molding job
N	RQ	1	2066269716	aircraft design consultant
N	RQ	1	2066269716	www.gt airplane.com
N	RQ	3	2066269716	gt in aeronotics
N	RQ	1	2066269716	tom rullman
N	RQ	1	2066269716	gt aeronautics simi valley ca
N	RQ	1	2066269716	drone base in simi valley
N	RQ	1	2066269716	fiberglass mold making techniques
N	RQ	1	2066269716	rpa instrument qualification faa instrument rating
N	RQ	1	2066269716	extreme bme
N	RQ	1	2066269716	uas faa maintenance
N	RQ	1	2066269716	louis vuitton neverfull
N	RQ	1	2066269716	fiberglass techniques
N	RQ	1	2066269716	aircraft companies in simi valley
N	RQ	1	2066269716	custom fiberglass moldings
N	RQ	11	2066269716	louis vuitton luggage cheap
N	RQ	1	2066269716	anything
N	RQ	1	2066269716	aeronautical engineering sketches
N	RQ	1	2066269716	gtaeronautics.com
N	RQ	1	2066269716	giant scale ziroli at 6
N	RQ	9	2066269716	outlet louis vuitton handbags
N	RQ	1	2066269716	cowling drawing
N	RQ	1	2066269716	mitsubishi zero
N	RQ	1	2066269716	powell wy gt aeronautics
N	RQ	2	2066269716	what is gt in basic engineering drawing
N	RQ	2	2066269716	composite molding
N	RQ	1	2066269716	aeronautics in simi valley and security work
N	RQ	3	2066269716	gt aeronautics llc jobs
N	RQ	1	2066269716	crew flight gta
N	RQ	1	2066269716	110cc engine timing
N	RQ	1	2066269716	aeronautical engineer quotes
N	RQ	2	2066269716	http://www.gtaeronautics.com/compnews.html
N	RQ	4	2066269716	wyoming flight engineers
N	RQ	1	2066269716	a t 6
N	RQ	1	2066269716	gt aeronautics unmanned air
N	RQ	1	2066269716	fia gt composite tooling
N	RQ	1	2066269716	uas pilot certification
N	RQ	1	2066269716	quotes on aeronautical engineers
N	RQ	1	2066269716	payload for diamond northrop twin engie aircraft
N	RQ	7	2066269716	content
N	RQ	1	2066269716	bme 110
N	RQ	1	2066269716	thomas w rullman gt aeronautics
N	RQ	1	2066269716	luggages for sale
N	RQ	2	2066269716	easylifeapp profile
N	RQ	2	2066269716	simi gt
N	RQ	1	2066269716	mq1 design fuel
N	RQ	1	2066269716	airplane as always cia america2009
N	RQ	1	2066269716	eengineer drawing home
N	RQ	1	2066269716	heavy equipment operator jobs
N	RQ	1	2066269716	aero space drone simi valley
N	RQ	1	2066269716	cheap louis vuitton luggage
N	RQ	1	2066269716	2 stroke electric onboard starter
N	RQ	1	2066269716	skyforce observer mk3
N	RQ	1	2066269716	simi valley unmanned aircraft
N	RQ	2	2066269716	granger whitelaw avia
N	RQ	1	2066269716	louis vuitton fashion valley neverfull
N	RQ	1	2066269716	louis vuitton job opportunities
N	RQ	1	2066269716	google.com
N	RQ	1	2066269716	uas operation training method
N	RQ	2	2066269716	wmaid.com explore gtaeronautics.com
N	RQ	1	2066269716	custum muffler 110cc
N	RQ	1	2066269716	glass manufacturing drawings
N	RQ	1	2066269716	electric motors x male uav x sale
N	RQ	1	2066269716	aerospacecompanies in simi valley
N	RQ	1	2066269716	fiberglass molding
N	RQ	2	2066269716	aeronautical technology inc
N	RQ	1	2066269716	taranis ucav
N	RQ	1	2066269716	vegas drone uav show december 2015
N	RQ	1	2066269716	uav companies in simi valley
N	RQ	1	2066269716	unmanned aircraft systems pilot training
N	RQ	2	2066269716	installerex facebook
N	RQ	3	2066269716	texan at6 photos
N	RQ	1	2066269716	aeronautic engineer
N	RQ	30	2066269716	designer handbags outlet sale
N	RQ	1	2066269716	rpas qulificationa traing with faa
N	RQ	1	2066269716	faa uav training
N	RQ	1	2066269716	uav companies simi valley
N	RQ	5	2066269716	louis vuitton purses outlet
N	RQ	1	2066269716	aeronautics
N	RQ	1	2066269716	cheap louis vuitton luggage outlet
N	RQ	1	2066269716	gt aeronautics tomas rullman
N	RQ	1	2066269716	tobbot
N	RQ	1	2066269716	radius tdw efi fuze
N	RQ	8	2066269716	manufacturing equipment store in simi valley
N	RQ	1	2066269716	aeronautic engineer quotes
N	RQ	1	2066269716	onbordstarter
N	RQ	1	2066269716	rotax amphibian unmanned china
N	RQ	1	2066269716	aeronautical engineering quotes
N	RQ	1	2066269716	drawing aircraft engineering
N	RQ	1	2066269716	gt aeronautics careers
N	RQ	1	2066269716	gt aeronautics bandito
N	RQ	1	2066269716	cody wy carbon fiber
N	RQ	3	1903841852	bandito uav
N	RQ	3	1903841852	onboard starter
N	RQ	20	1741413988	www.gtaeronautics.com
N	RQ	9	1416558260	at 6 texan
B	*f	-40R	r
B	Rb	72852	2.898	Mozilla/5.0 (compatible; AhrefsBot/7.0;  http://ahrefs.com/robot/)
B	Rb	71203	0.000	Mozilla/5.0 (Windows NT 6.1; Win64; x64; rv:109.0) Gecko/20100101 Firefox/115.0
B	Rb	61276	1.116	Sogou web spider/4.0( http://www.sogou.com/docs/help/webmasters.htm#07)
B	Rb	56852	1.638	ZoominfoBot (zoominfobot at zoominfo dot com)
B	Rb	41711	1.266	Mozilla/5.0 (compatible; Googlebot/2.1;  http://www.google.com/bot.html)
B	Rb	40898	4.266	Mozilla/5.0 (compatible; bingbot/2.0;  http://www.bing.com/bingbot.htm)
B	Rb	17411	2.168	Mozilla/5.0 (Windows NT 6.3; WOW64) AppleWebKit/537.36 (KHTML, like Gecko) Chrome/33.0.1736.0 Safari/537.36
B	Rb	16320	0.954	Mozilla/4.0 (compatible; MSIE 6.0; Windows NT 5.1; SV1)
B	Rb	14371	0.266	Googlebot-Image/1.0
B	Rb	13631	1.399	Mozilla/5.0 (compatible; YandexBot/3.0;  http://yandex.com/bots)
B	Rb	13235	0.333	Mozilla/5.0 (Macintosh; Intel Mac OS X 10_15_5) AppleWebKit/605.1.15 (KHTML, like Gecko) Version/13.1.1 Safari/605.1.15 (Applebot/0.1;  http://www.apple.com/go/applebot)
B	Rb	12964	1.355	Mozilla/5.0 (iPhone; CPU iPhone OS 7_0 like Mac OS X) AppleWebKit/537.51.1 (KHTML, like Gecko) Version/7.0 Mobile/11A465 Safari/9537.53 (compatible; bingbot/2.0;  http://www.bing.com/bingbot.htm)
B	Rb	12364	0.000	Mozilla/5.0 (Windows NT 10.0; Win64; x64) AppleWebKit/537.36 (KHTML, like Gecko) Chrome/120.0.0.0 Safari/537.36
B	Rb	12234	0.000	Mozilla/5.0 (Windows NT 10.0; Win64; x64) AppleWebKit/537.36 (KHTML, like Gecko) Chrome/114.0.0.0 Safari/537.36
B	Rb	11158	0.689	Mozilla/5.0 (compatible; Baiduspider/2.0;  http://www.baidu.com/search/spider.html)
B	Rb	10308	0.616	Mozilla/5.0 (Windows NT 6.1; WOW64; Trident/7.0; rv:11.0) like Gecko
B	Rb	9648	0.435	Mozilla/5.0 AppleWebKit/537.36 (KHTML, like Gecko; compatible; bingbot/2.0;  http://www.bing.com/bingbot.htm) Chrome/103.0.5060.134 Safari/537.36
B	Rb	8061	0.886	Mozilla/4.0 (compatible; MSIE 7.0; Windows NT 5.1; .NET CLR 1.1.4322; .NET CLR 2.0.50727)
B	Rb	8008	0.000	Mozilla/5.0 (Windows NT 10.0; Win64; x64) AppleWebKit/537.36 (KHTML, like Gecko) Chrome/121.0.0.0 Safari/537.36
B	Rb	7712	0.067	Mozilla/5.0 (Windows NT 10.0; Win64; x64) AppleWebKit/537.36 (KHTML, like Gecko) Chrome/113.0.0.0 Safari/537.36
B	Rb	7498	0.408	Mozilla/5.0 (compatible; Yahoo! Slurp; http://help.yahoo.com/help/us/ysearch/slurp)
B	Rb	7492	0.000	Mozilla/5.0 (Windows NT 10.0; Win64; x64) AppleWebKit/537.36 (KHTML, like Gecko) Chrome/116.0.0.0 Safari/537.36
B	Rb	7221	0.210	Mozilla/4.0 (compatible; MSIE 6.0; Windows NT 5.1; SV1; .NET CLR 2.0.50727)
B	Rb	7181	0.200	Mozilla/4.0 (compatible;)
B	Rb	6985	0.190	Mozilla/5.0 (compatible; BLEXBot/1.0;  http://webmeup-crawler.com/)
B	Rb	6709	0.424	Mozilla/5.0 (Macintosh; Intel Mac OS X 10.11; rv:52.0) Gecko/20100101 Firefox/52.0
B	Rb	6488	0.307	Mozilla/4.0 (compatible; MSIE 6.0; Windows NT 5.1)
B	Rb	6218	0.000	Mozilla/5.0 (Windows NT 10.0; Win64; x64) AppleWebKit/537.36 (KHTML, like Gecko) Chrome/119.0.0.0 Safari/537.36
B	Rb	6164	0.044	Mozilla/4.0 (compatible; MSIE 7.0; Windows NT 5.1; .NET CLR 1.1.4322; .NET CLR 2.0.50727; .NET CLR 3.0.4506.2152; .NET CLR 3.5.30729)
B	Rb	6152	0.345	Mozilla/4.0 (compatible; MSIE 7.0; Windows NT 6.1; WOW64; Trident/5.0; SLCC2; .NET CLR 2.0.50727; .NET CLR 3.5.30729; .NET CLR 3.0.30729; Media Center PC 6.0; .NET4.0C; .NET4.0E)
B	Rb	6079	0.224	Mozilla/5.0 (Windows NT 6.1; WOW64) AppleWebKit/537.36 (KHTML, like Gecko) Chrome/36.0.1985.143 Safari/537.36
B	Rb	5934	0.000	Mozilla/5.0 (Windows NT 6.1; Win64; x64; rv:109.0) Gecko/20100101 Firefox/114.0
B	Rb	5848	0.260	Sosospider ( http://help.soso.com/webspider.htm)
B	Rb	5745	0.479	PRurl
B	Rb	5700	0.400	Mozilla/5.0 (Windows NT 5.1; rv:17.0) Gecko/20100101 Firefox/17.0
B	Rb	5436	0.296	Mozilla/5.0 (Windows; U; Windows NT 5.1; en-US; rv:1.7.2) Gecko/20040804 Netscape/7.2 (ax)
B	Rb	5394	0.246	Mozilla/5.0 (compatible; MJ12bot/v1.4.8; http://mj12bot.com/)
B	Rb	5308	0.127	Mozilla/4.0 (compatible; MSIE 7.0; Windows NT 5.1; .NET CLR 1.1.4322; .NET CLR 2.0.50727; .NET CLR 3.0.04506.30)
B	Rb	5297	0.315	Mozilla/4.0 (compatible; MSIE 7.0; Windows NT 5.1)
B	Rb	5296	0.193	Mozilla/5.0 (Windows NT 6.1; WOW64; rv:14.0) Gecko/20100101 Firefox/13.0.1
B	Rb	1125337	74.979	[not listed: 22194]
b	*f	-15Q	s
b	lRQq	1	566	4132539432	122.618	Baiduspider ( http:
b	lRQq	2	566	4132539432	122.618	Baiduspider ( http://www
b	lRQq	1	151	4132539432	122.618	cpp-httplib
b	lRQq	2	151	4132539432	122.618	cpp-httplib/0
b	lRQq	1	11	4132539432	122.618	BlackBerry9630
b	lRQq	2	11	4132539432	122.618	BlackBerry9630/5
b	lRQq	1	18	4132539432	122.618	Brodie
b	lRQq	2	18	4132539432	122.618	Brodie/1
b	lRQq	1	587	4132539432	122.618	Aboundex
b	lRQq	2	587	4132539432	122.618	Aboundex/0
b	lRQq	1	4	4132539432	122.618	webGobbler
b	lRQq	2	4	4132539432	122.618	webGobbler/1
b	lRQq	1	255	4132539432	122.618	E. Orliac, G. Fourestey
b	lRQq	2	255	4132539432	122.618	E. Orliac, G. Fourestey/1
b	lRQq	1	1	4132539432	122.618	URLTester
b	lRQq	2	1	4132539432	122.618	URLTester/1
b	lRQq	1	29	4132539432	122.618	nutch-solr-integration-test
b	lRQq	2	29	4132539432	122.618	nutch-solr-integration-test/Nutch-1
b	lRQq	1	6	4132539432	122.618	NCBot (http:
b	lRQq	2	6	4132539432	122.618	NCBot (http://netcomber
b	lRQq	1	2	4132539432	122.618	() { foo;};echo; 
b	lRQq	2	2	4132539432	122.618	() { foo;};echo; /bin/bash
b	lRQq	1	1	4132539432	122.618	NutchCVS (Nutch; http:
b	lRQq	2	1	2066269716	61.309	NutchCVS (Nutch; http://nutch
b	lRQq	1	34	4132539432	122.618	libcurl-agent
b	lRQq	2	32	2066269716	61.309	libcurl-agent/7
b	lRQq	2	2	2066269716	61.309	libcurl-agent/1
b	lRQq	1	12	4132539432	122.618	librabot
b	lRQq	2	9	2066269716	61.309	librabot/2
b	lRQq	2	3	2066269716	61.309	librabot/1
b	lRQq	1	311	4132539432	122.618	DuckDuckBot
b	lRQq	2	311	4132539432	122.618	DuckDuckBot/1
b	lRQq	1	1759711	1511703786	44.854	[not listed: 937]
p	*f	0Q	s
p	lR	1	848934	Windows
p	lR	2	215303	Windows NT
p	lR	2	367426	Unknown Windows
p	lR	2	249884	Windows XP
p	lR	2	2233	Windows 95
p	lR	2	408	Windows CE
p	lR	2	2373	Windows 98
p	lR	2	9493	Windows 2000
p	lR	2	384	Windows 3.1
p	lR	2	1430	Windows ME
p	lR	1	233262	Known robots
p	lR	1	357511	OS unknown
p	lR	1	179969	Macintosh
p	lR	2	175365	Unknown Macintosh
p	lR	2	3248	Macintosh PowerPC
p	lR	2	1356	Macintosh 68k
p	lR	1	141940	Unix
p	lR	2	138864	Linux
p	lR	2	22	SunOS
p	lR	2	66	BSD
p	lR	2	2985	Other Unix
p	lR	2	3	HP-UX
p	lR	1	16	WebTV
p	lR	1	13	BeOS
p	lR	1	47	OS/2
p	lR	1	7	Amiga
i	*f	0R	s
i	lRc	1	625713	0.000	/images/
i	lRc	1	894700	0.000	[root directory]
i	lRc	1	161051	0.000	/js/
i	lRc	1	82696	0.000	/css/
i	lRc	1	8858	0.000	/uploads/
i	lRc	1	865	0.000	/videos/
i	lRc	1	541	0.000	/client/
i	lRc	1	1	0.000	/cgi-bin/
i	lRc	1	260	0.000	/dev/
i	lRc	2	24	0.000	/dev/css/
i	lRc	2	46	0.000	/dev/js/
i	lRc	2	81	0.000	/dev/images/
i	lRc	1	1	0.000	/secure/
i	lRc	1	74	0.000	/stats/
r	*FR	2007	12	18	17	11
r	*LR	2024	03	16	03	25
r	*f	0.050000%S	s
r	lRSc	1	28249	98	0.000	/links.html
r	lRSc	1	38069	35	0.000	/aboutus.html
r	lRSc	1	34269	31	0.000	/compnews.html
r	lRSc	1	21145	25	0.000	/pna.html
r	lRSc	1	26816	22	0.000	/contactus.html
r	lRSc	1	7104	20	0.000	/gt100hl+rpas.html
r	lRSc	1	24270	19	0.000	/cct&m.html
r	lRSc	1	28525	19	0.000	/uasfc.html
r	lRSc	1	15562	19	0.000	/sru.html
r	lRSc	1	20788	18	0.000	/indevents.html
r	lRSc	1	24672	18	0.000	/consultinga.html
r	lRSc	1	23431	18	0.000	/cfmt.html
r	lRSc	1	11734	17	0.000	/gt380+rpas.html
r	lRSc	1	11050	17	0.000	/gt50t+rpas.html
r	lRSc	1	11511	17	0.000	/gt1500+rpas.html
r	lRSc	1	30613	11	0.000	/indnews.html
r	lRSc	2	141	0	0.000	/indnews.html?referer=www.clickfind.com.au/wp-login.php
r	lRSc	2	1	0	0.000	/indnews.html?referer=top1.co.pl
r	lRSc	2	1	0	0.000	/indnews.html?referer=www.clickfind.com.au//wp-content/themes/busybee/thumb.php?src=http://blogger.com.opontodaarte.com.br/java.php
r	lRSc	1	18588	10	0.000	/faq.html
r	lRSc	1	20106	8	0.000	/employment.html
r	lRSc	1	13047	5	0.000	/rd.html
r	lRSc	1	4380	1	0.000	/banditomav.html
r	lRSc	1	1004	1	0.000	/uploads/big+horn+basin+drone+festival+event+schedule.pdf
r	lRSc	1	686	1	0.000	/uploads/2022wydronefestflyer+rev2.pdf
r	lRSc	1	4542	1	0.000	/uavengines.html
r	lRSc	1	1	0	0.000	/client/bandito timeline2007.html
r	lRSc	1	2	0	0.000	/client/bandit+timeline2004.html
r	lRSc	1	1	0	0.000	/stats/quick.html
r	lRSc	1	1	0	0.000	/404.htm
r	lRSc	1	1592	0	0.000	/uploads/idrone-pressrelease-powell-version220119.pdf
r	lRSc	1	12	0	0.000	/client/gta010707002.html
r	lRSc	1	72	0	0.000	/client/bandito+development.html
r	lRSc	1	135	0	0.000	/client/welcome.html
r	lRSc	1	3	0	0.000	/client/gta021305001.html
r	lRSc	1	1	0	0.000	/stats/browserrep.html
r	lRSc	1	741	0	0.000	/gt50t rpas.html
r	lRSc	1	5	0	0.000	/client/gta012405001.html
r	lRSc	1	2	0	0.000	/dev/contactus.html
r	lRSc	1	4	0	0.000	/stats/general.html
r	lRSc	1	1	0	0.000	/stats/dailyrep.html
r	lRSc	1	1	0	0.000	/dev/aboutus.html
r	lRSc	1	18	0	0.000	/client/tacamo+development.html
r	lRSc	1	1	0	0.000	/client/bandit development.html
r	lRSc	1	17	0	0.000	/client/bandit+timeline2008.html
r	lRSc	1	1	0	0.000	/client/bandito+timeline2005.html
r	lRSc	1	23	0	0.000	/client/projectbids.html
r	lRSc	1	1	0	0.000	/stats/host.html
r	lRSc	1	11	0	0.000	/client/rq2+outlaw.html
r	lRSc	1	1	0	0.000	/client/bandit timeline2008.html
r	lRSc	1	20	0	0.000	/client/clientpna.html
r	lRSc	1	15	0	0.000	/client/bandit.html
r	lRSc	1	959	0	0.000	/uploads/droneexpojan2022+(1).pdf
r	lRSc	1	2	0	0.000	/stats/default.asp
r	lRSc	1	21	0	0.000	/index.htm
r	lRSc	1	1	0	0.000	/cgi-bin/testms.pl
r	lRSc	1	987	0	0.000	/gtamt.html
r	lRSc	1	14	0	0.000	/client/rq1+bandit.html
r	lRSc	1	2253	0	0.000	/gt1500 rpas.html
r	lRSc	1	6	0	0.000	/client/gta021305002.html
r	lRSc	1	4	0	0.000	/client/gta121004001.html
r	lRSc	1	24	0	0.000	/client/tacamo.html
r	lRSc	1	30	0	0.000	/client/mgqgcyat.asp
r	lRSc	1	1	0	0.000	/dev/client.cgi
r	lRSc	1	18702	0	0.000	/default.asp
r	lRSc	1	1666	0	0.000	/gt380 rpas.html
r	lRSc	1	824	0	0.000	/uploads/bighornbasindronefestivalflyer-v2-220110.pdf
r	lRSc	1	1	0	0.000	/client/bandito+timeline2006.html
r	lRSc	1	16	0	0.000	/client/rq3+bandito.html
r	lRSc	1	1	0	0.000	/dev/uasfc.html
r	lRSc	1	229	0	0.000	/client.cgi
r	lRSc	1	71	0	0.000	/client/bandit+development.html
r	lRSc	1	2	0	0.000	/client/bandito development.html
r	lRSc	1	2	0	0.000	/stats/yearly.html
r	lRSc	1	2	0	0.000	/stats/domain.html
r	lRSc	1	1	0	0.000	/stats/monthly.html
r	lRSc	1	2	0	0.000	/stats/weekly.html
r	lRSc	1	8	0	0.000	/client/gta010707001.html
r	lRSc	1	3749	0	0.000	/bidspridpass.html
r	lRSc	1	6356	0	0.000	/pridpass.html
r	lRSc	1	12	0	0.000	/client/bandito.html
r	lRSc	1	4353	0	0.000	/gtatexan.html
r	lRSc	1	1	0	0.000	/dev/pna.html
r	lRSc	1	1	0	0.000	/client/tacamo development.html
r	lRSc	1	4	0	0.000	/stats/index.htm
r	lRSc	1	4	0	0.000	/stats/nav.html
r	lRSc	1	1	0	0.000	/stats/quarterly.html
r	lRSc	1	3983	0	0.000	/bandituas.html
r	lRSc	1	2	0	0.000	/stats/directory.html
r	lRSc	1	2	0	0.000	/stats/organisation.html
r	lRSc	1	8	0	0.000	/client/bandito+timeline2007.html
r	lRSc	1	7	0	0.000	/client/bandit+timeline2007.html
r	lRSc	1	1	0	0.000	/dev/pridpass.html
t	*f	0.100000%B	b
t	lRb	1	549709	43.756	.jpg  [JPEG graphics]
t	lRb	1	443100	26.229	.html [Hypertext Markup Language]
t	lRb	1	402082	18.517	[directories]
t	lRb	1	3793	5.242	.mp4
t	lRb	1	778	2.157	.wmv
t	lRb	1	87	2.118	.mpg  [MPEG movie]
t	lRb	1	18734	0.911	.asp  [Active Server REQUESTS]
t	lRb	1	76109	0.296	.gif  [GIF graphics]
t	lRb	1	161097	0.254	.js  [JavaScript code]
t	lRb	1	82712	0.225	.css  [Cascading Style Sheets]
t	lRb	1	5065	0.210	.pdf  [Adobe Portable Document Format]
t	lRb	1	31494	0.084	[not listed: 6]
z	*FR	2023	04	05	20	41
z	*LR	2023	05	09	10	03
z	ScR	0	0.000	84837	0
z	ScR	0	0.000	0	1b-  10b
z	ScR	0	0.000	0	11b- 100b
z	ScR	0	0.000	85122	101b-  1kb
z	ScR	0	0.000	509907	1kb- 10kb
z	ScR	0	0.000	352085	10kb-100kb
z	ScR	0	0.000	104639	100kb-  1Mb
z	ScR	0	0.000	4584	1Mb- 10Mb
z	ScR	0	0.000	55	10Mb-100Mb
z	ScR	0	0.000	13	100Mb-  1Gb
c	*FR	2014	03	02	13	52
c	*LR	2024	03	16	04	52
c	*f	0R	a
c	R	1664826	200 OK
c	R	8738	206 Partial content
c	R	177	301 Document moved permanently
c	R	77	302 Document found elsewhere
c	R	101196	304 Not modified since last retrieval
c	R	1101	400 Bad request
c	R	207	401 Authentication required
c	R	476	403 Access forbidden
c	R	650232	404 Document not found
c	R	2296	405 Method not allowed
c	R	1030	406 Document not acceptable to client
c	R	141	416 Requested range not valid
c	R	624	500 Internal server error
c	R	128	501 Request type not supported
I	*FR	2007	12	11	00	52
I	*LR	2024	03	16	03	40
I	*f	-30S	s
I	lRS	1	159001	203	/robots.txt
I	lRS	1	8760	16	/wp-login.php
I	lRS	1	8243	13	/ads.txt
I	lRS	1	77	10	/wp-includes/js/jquery/jquery.min.js
I	lRS	1	155	8	/images/tacamo
I	lRS	1	651	8	/simple.php
I	lRS	1	151	7	/images/bandit
I	lRS	1	361	7	/inputs.php
I	lRS	1	3313	7	/.env
I	lRS	1	389	6	/style.php
I	lRS	1	487	6	/about.php
I	lRS	1	65	6	/wp-content/plugins/classic-editor/wp-login.php
I	lRS	1	127	6	/images/gt50t
I	lRS	1	4610	5	/xmlrpc.php
I	lRS	1	138	5	/xmrlpc.php
I	lRS	1	102	4	/wsoyanz.php
I	lRS	1	48	4	/wp-includes/id3/about.php
I	lRS	1	96	4	/wp-admin/css/colors/blue/cloud.php
I	lRS	1	72	4	/wp-admin/js/widgets/cloud.php
I	lRS	1	104	4	/moon.php
I	lRS	1	84	4	/wp-admin/css/colors/blue/xmrlpc.php
I	lRS	1	319	4	/class.api.php
I	lRS	1	12	4	/public_html.php
I	lRS	1	12	4	/atomlib.php
I	lRS	1	84	4	/wp-admin/js/widgets/xmrlpc.php
I	lRS	1	96	4	/wp-consar.php
I	lRS	1	102	4	/wp-content/repeater.php
I	lRS	1	84	4	/cgi-bin/xmrlpc.php
I	lRS	1	114	4	/cache-compat.php
I	lRS	1	175	4	/wp-content/updates.php
I	lRS	1	468074	648	[not listed: 27768]
L	*FR	2007	12	11	00	52
L	*LR	2024	03	16	03	40
L	*f	-20S	s
L	RS	1686	562	156.146.38.136
L	RS	215	39	91.92.251.54
L	RS	17	17	34.66.166.126
L	RS	51	13	91.92.247.215
L	RS	22	10	139.5.200.122
L	RS	190	10	173.249.52.122
L	RS	27	9	159.65.10.138
L	RS	81	9	45.94.31.165
L	RS	45	9	2.58.56.214
L	RS	318	9	66.249.66.197
L	RS	377	7	66.249.66.196
L	RS	373	6	66.249.66.74
L	RS	12	5	103.26.77.87
L	RS	50	5	103.77.246.251
L	RS	188	5	52.167.144.56
L	RS	20	4	118.25.191.216
L	RS	22	4	91.92.240.125
L	RS	16	4	49.233.248.140
L	RS	64	4	173.249.52.120
L	RS	4	4	43.134.86.89
L	RS	652457	286	[not listed: 85497]
K	*FR	2013	12	22	04	20
K	*LR	2024	03	14	15	38
K	*f	-30S	s
K	lRS	1	12	2	http://gtaeronautics.com/inc/md5.asp
K	lRS	1	51	2	http://gtaeronautics.com/config/AspCms_Config.asp
K	lRS	1	39	2	http://www.gtaeronautics.com//inc/md5.asp
K	lRS	1	757	2	http://www.gtaeronautics.com/BANDITOMAV.html
K	lRS	1	282	2	http://www.gtaeronautics.com//config/AspCms_Config.asp
K	lRS	1	2	1	http://www.gtaeronautics.com/include/ckeditor/images/addon.gif
K	lRS	1	2	1	http://www.gtaeronautics.com/member/templets/images/icon1.gif
K	lRS	1	2	1	http://gtaeronautics.com/plus/img/df_dedetitle.gif
K	lRS	1	5	1	http://gtaeronautics.com/db.php
K	lRS	1	87	1	http://www.gtaeronautics.com/e/admin/index.php
K	lRS	1	5	1	http://gtaeronautics.com/e/admin/index.php
K	lRS	1	48	1	http://www.gtaeronautics.com/include/ckeditor/plugins/smiley/images/angel_smile.gif
K	lRS	1	333	1	http://gtaeronautics.com/robots.txt
K	lRS	1	66514	0	[not listed: 5948]
E	*FR	2008	01	06	10	12
E	*LR	2024	02	09	03	06
E	*f	-30S	s
E	lSR	1	0	254	[not listed: 7]
l	*FR	2008	01	06	10	12
l	*LR	2024	02	09	03	06
l	*f	-20S	s
l	SR	0	254	[not listed: 116]
v	*f	-20B	b
v	Rb	1117345	65.103	64.41.87.40
v	Rb	657415	34.897	66.113.131.59
R	*FR	2008	01	06	10	12
R	*LR	2024	02	09	03	06
R	*f	-20R	r
R	R	178	66.113.131.59
R	R	76	64.41.87.40
M	*FR	2007	12	11	00	52
M	*LR	2024	03	16	03	40
M	*f	-20R	r
M	R	353629	64.41.87.40
M	R	302606	66.113.131.59
J	*FR	2007	12	11	00	53
J	*LR	2017	03	17	18	30
J	*f	-20R	r
J	R	9	gtaeronautics
J	R	5	lorrigkj
J	R	1	rullma2063
J	R	1	administrator
J	R	1	satish
J	R	1	nnnnn
P	*FR	2023	11	08	09	11
P	*LR	2024	03	16	04	52
P	R	212	0
P	R	102	<= 0.01
P	R	2349	0.01-0.02
P	R	137426	0.02-0.05
P	R	188254	0.05-0.1 
P	R	248103	0.1 -0.2 
P	R	250085	0.2 -0.5 
P	R	127413	0.5 -1   
P	R	70659	1-  2 
P	R	30331	2-  5 
P	R	12882	5- 10 
P	R	6225	10- 20 
P	R	23807	20- 60 
P	R	3602	60-120 
P	R	15839	120-300 
