x	VE	analog 5.24
x	HN	gtaeronautics.com
x	PS	2025	03	11	01	55
x	FR	2007	12	18	17	05
x	LR	2025	03	10	04	54
x	E7	2025	03	11	01	55
x	SR	2592534
x	S7	10283
x	NC	806580
x	C7	0
x	FL	1219402
x	F7	935
x	RR	301
x	R7	0
x	NH	123676
x	H7	529
x	BT	57520368399
x	B7	0
1	Rr	151961	5.861	2025
1	Rr	836367	32.261	2024
1	Rr	511208	19.718	2023
1	Rr	82334	3.176	2022
1	Rr	98917	3.815	2021
1	Rr	89380	3.448	2020
1	Rr	80088	3.089	2019
1	Rr	68927	2.659	2018
1	Rr	60168	2.321	2017
1	Rr	73316	2.828	2016
1	Rr	80796	3.116	2015
1	Rr	110773	4.273	2014
1	Rr	65173	2.514	2013
1	Rr	60742	2.343	2012
1	Rr	57015	2.199	2011
1	Rr	22139	0.854	2010
1	Rr	69710	2.689	2009
1	Rr	71820	2.770	2008
1	Rr	1700	0.066	2007
1	*BT	R	836367	2024
Q	Rr	151961	5.861	2025	1
Q	Rr	202145	7.797	2024	4
Q	Rr	220334	8.499	2024	3
Q	Rr	204456	7.886	2024	2
Q	Rr	209432	8.078	2024	1
Q	Rr	182268	7.030	2023	4
Q	Rr	165939	6.401	2023	3
Q	Rr	135306	5.219	2023	2
Q	Rr	27695	1.068	2023	1
Q	Rr	20307	0.783	2022	4
Q	Rr	20362	0.785	2022	3
Q	Rr	21795	0.841	2022	2
Q	Rr	19870	0.766	2022	1
Q	Rr	21154	0.816	2021	4
Q	Rr	26826	1.035	2021	3
Q	Rr	30675	1.183	2021	2
Q	Rr	20262	0.782	2021	1
Q	Rr	22199	0.856	2020	4
Q	Rr	23882	0.921	2020	3
Q	Rr	21656	0.835	2020	2
Q	Rr	21643	0.835	2020	1
Q	Rr	19098	0.737	2019	4
Q	Rr	19668	0.759	2019	3
Q	Rr	19827	0.765	2019	2
Q	Rr	21495	0.829	2019	1
Q	Rr	18129	0.699	2018	4
Q	Rr	17138	0.661	2018	3
Q	Rr	16928	0.653	2018	2
Q	Rr	16732	0.645	2018	1
Q	Rr	15937	0.615	2017	4
Q	Rr	0	0.000	2017	3
Q	Rr	16831	0.649	2017	2
Q	Rr	27400	1.057	2017	1
Q	Rr	22114	0.853	2016	4
Q	Rr	17621	0.680	2016	3
Q	Rr	15878	0.612	2016	2
Q	Rr	17703	0.683	2016	1
Q	Rr	16575	0.639	2015	4
Q	Rr	22104	0.853	2015	3
Q	Rr	22485	0.867	2015	2
Q	Rr	19632	0.757	2015	1
Q	Rr	21142	0.815	2014	4
Q	Rr	22272	0.859	2014	3
Q	Rr	31453	1.213	2014	2
Q	Rr	35906	1.385	2014	1
Q	Rr	16436	0.634	2013	4
Q	Rr	15216	0.587	2013	3
Q	Rr	16545	0.638	2013	2
Q	Rr	16976	0.655	2013	1
Q	Rr	16578	0.639	2012	4
Q	Rr	12511	0.483	2012	3
Q	Rr	15816	0.610	2012	2
Q	Rr	15837	0.611	2012	1
Q	Rr	15444	0.596	2011	4
Q	Rr	17386	0.671	2011	3
Q	Rr	9395	0.362	2011	2
Q	Rr	14790	0.570	2011	1
Q	Rr	1603	0.062	2010	4
Q	Rr	0	0.000	2010	3
Q	Rr	14047	0.542	2010	2
Q	Rr	6489	0.250	2010	1
Q	Rr	16350	0.631	2009	4
Q	Rr	18220	0.703	2009	3
Q	Rr	17115	0.660	2009	2
Q	Rr	18025	0.695	2009	1
Q	Rr	15905	0.613	2008	4
Q	Rr	15660	0.604	2008	3
Q	Rr	22448	0.866	2008	2
Q	Rr	17807	0.687	2008	1
Q	Rr	1700	0.066	2007	4
Q	*BT	R	220334	2024	3
m	Rr	16841	0.650	2025	03
m	Rr	57744	2.227	2025	02
m	Rr	77376	2.985	2025	01
m	Rr	57890	2.233	2024	12
m	Rr	63975	2.468	2024	11
m	Rr	80280	3.097	2024	10
m	Rr	73644	2.841	2024	09
m	Rr	72041	2.779	2024	08
m	Rr	74649	2.879	2024	07
m	Rr	69378	2.676	2024	06
m	Rr	72365	2.791	2024	05
m	Rr	62713	2.419	2024	04
m	Rr	66782	2.576	2024	03
m	Rr	68592	2.646	2024	02
m	Rr	74058	2.857	2024	01
m	Rr	54270	2.093	2023	12
m	Rr	61278	2.364	2023	11
m	Rr	66720	2.574	2023	10
m	Rr	51132	1.972	2023	09
m	Rr	54561	2.105	2023	08
m	Rr	60246	2.324	2023	07
m	Rr	66204	2.554	2023	06
m	Rr	60120	2.319	2023	05
m	Rr	8982	0.346	2023	04
m	Rr	10848	0.418	2023	03
m	Rr	8360	0.322	2023	02
m	Rr	8487	0.327	2023	01
m	Rr	6950	0.268	2022	12
m	Rr	6349	0.245	2022	11
m	Rr	7008	0.270	2022	10
m	Rr	6740	0.260	2022	09
m	Rr	6863	0.265	2022	08
m	Rr	6759	0.261	2022	07
m	Rr	6567	0.253	2022	06
m	Rr	8427	0.325	2022	05
m	Rr	6801	0.262	2022	04
m	Rr	6380	0.246	2022	03
m	Rr	6175	0.238	2022	02
m	Rr	7315	0.282	2022	01
m	Rr	7667	0.296	2021	12
m	Rr	7097	0.274	2021	11
m	Rr	6390	0.246	2021	10
m	Rr	6059	0.234	2021	09
m	Rr	9092	0.351	2021	08
m	Rr	11675	0.450	2021	07
m	Rr	10152	0.392	2021	06
m	Rr	10231	0.395	2021	05
m	Rr	10292	0.397	2021	04
m	Rr	7948	0.307	2021	03
m	Rr	5800	0.224	2021	02
m	Rr	6514	0.251	2021	01
m	Rr	8069	0.311	2020	12
m	Rr	6579	0.254	2020	11
m	Rr	7551	0.291	2020	10
m	Rr	8028	0.310	2020	09
m	Rr	7741	0.299	2020	08
m	Rr	8113	0.313	2020	07
m	Rr	7317	0.282	2020	06
m	Rr	6898	0.266	2020	05
m	Rr	7441	0.287	2020	04
m	Rr	7524	0.290	2020	03
m	Rr	7322	0.282	2020	02
m	Rr	6797	0.262	2020	01
m	Rr	6573	0.254	2019	12
m	Rr	5917	0.228	2019	11
m	Rr	6608	0.255	2019	10
m	Rr	6791	0.262	2019	09
m	Rr	6597	0.254	2019	08
m	Rr	6280	0.242	2019	07
m	Rr	6317	0.244	2019	06
m	Rr	6847	0.264	2019	05
m	Rr	6663	0.257	2019	04
m	Rr	7059	0.272	2019	03
m	Rr	6374	0.246	2019	02
m	Rr	8062	0.311	2019	01
m	Rr	6957	0.268	2018	12
m	Rr	5422	0.209	2018	11
m	Rr	5750	0.222	2018	10
m	Rr	5458	0.211	2018	09
m	Rr	5735	0.221	2018	08
m	Rr	5945	0.229	2018	07
m	Rr	7110	0.274	2018	06
m	Rr	6440	0.248	2018	05
m	Rr	3378	0.130	2018	04
m	Rr	5789	0.223	2018	03
m	Rr	5369	0.207	2018	02
m	Rr	5574	0.215	2018	01
m	Rr	3906	0.151	2017	12
m	Rr	6533	0.252	2017	11
m	Rr	5498	0.212	2017	10
m	Rr	0	0.000	2017	09
m	Rr	0	0.000	2017	08
m	Rr	0	0.000	2017	07
m	Rr	0	0.000	2017	06
m	Rr	6832	0.264	2017	05
m	Rr	9999	0.386	2017	04
m	Rr	11887	0.459	2017	03
m	Rr	7941	0.306	2017	02
m	Rr	7572	0.292	2017	01
m	Rr	9483	0.366	2016	12
m	Rr	7121	0.275	2016	11
m	Rr	5510	0.213	2016	10
m	Rr	6288	0.243	2016	09
m	Rr	5888	0.227	2016	08
m	Rr	5445	0.210	2016	07
m	Rr	5042	0.194	2016	06
m	Rr	5495	0.212	2016	05
m	Rr	5341	0.206	2016	04
m	Rr	5558	0.214	2016	03
m	Rr	5548	0.214	2016	02
m	Rr	6597	0.254	2016	01
m	Rr	5574	0.215	2015	12
m	Rr	5330	0.206	2015	11
m	Rr	5671	0.219	2015	10
m	Rr	6196	0.239	2015	09
m	Rr	6788	0.262	2015	08
m	Rr	9120	0.352	2015	07
m	Rr	7156	0.276	2015	06
m	Rr	5694	0.220	2015	05
m	Rr	9635	0.372	2015	04
m	Rr	6215	0.240	2015	03
m	Rr	6084	0.235	2015	02
m	Rr	7333	0.283	2015	01
m	Rr	6608	0.255	2014	12
m	Rr	6997	0.270	2014	11
m	Rr	7537	0.291	2014	10
m	Rr	7043	0.272	2014	09
m	Rr	7324	0.283	2014	08
m	Rr	7905	0.305	2014	07
m	Rr	11654	0.450	2014	06
m	Rr	9211	0.355	2014	05
m	Rr	10588	0.408	2014	04
m	Rr	7817	0.302	2014	03
m	Rr	15229	0.587	2014	02
m	Rr	12860	0.496	2014	01
m	Rr	5325	0.205	2013	12
m	Rr	5513	0.213	2013	11
m	Rr	5598	0.216	2013	10
m	Rr	4655	0.180	2013	09
m	Rr	4938	0.190	2013	08
m	Rr	5623	0.217	2013	07
m	Rr	5492	0.212	2013	06
m	Rr	5211	0.201	2013	05
m	Rr	5842	0.225	2013	04
m	Rr	6068	0.234	2013	03
m	Rr	5055	0.195	2013	02
m	Rr	5853	0.226	2013	01
m	Rr	5688	0.219	2012	12
m	Rr	5477	0.211	2012	11
m	Rr	5413	0.209	2012	10
m	Rr	4331	0.167	2012	09
m	Rr	3866	0.149	2012	08
m	Rr	4314	0.166	2012	07
m	Rr	4655	0.180	2012	06
m	Rr	6047	0.233	2012	05
m	Rr	5114	0.197	2012	04
m	Rr	6128	0.236	2012	03
m	Rr	5430	0.209	2012	02
m	Rr	4279	0.165	2012	01
m	Rr	5548	0.214	2011	12
m	Rr	4779	0.184	2011	11
m	Rr	5117	0.197	2011	10
m	Rr	5431	0.209	2011	09
m	Rr	6256	0.241	2011	08
m	Rr	5699	0.220	2011	07
m	Rr	5420	0.209	2011	06
m	Rr	3975	0.153	2011	05
m	Rr	0	0.000	2011	04
m	Rr	3608	0.139	2011	03
m	Rr	5171	0.199	2011	02
m	Rr	6011	0.232	2011	01
m	Rr	1603	0.062	2010	12
m	Rr	0	0.000	2010	11
m	Rr	0	0.000	2010	10
m	Rr	0	0.000	2010	09
m	Rr	0	0.000	2010	08
m	Rr	0	0.000	2010	07
m	Rr	4101	0.158	2010	06
m	Rr	5018	0.194	2010	05
m	Rr	4928	0.190	2010	04
m	Rr	5095	0.197	2010	03
m	Rr	1394	0.054	2010	02
m	Rr	0	0.000	2010	01
m	Rr	4665	0.180	2009	12
m	Rr	6187	0.239	2009	11
m	Rr	5498	0.212	2009	10
m	Rr	5066	0.195	2009	09
m	Rr	5718	0.221	2009	08
m	Rr	7436	0.287	2009	07
m	Rr	5685	0.219	2009	06
m	Rr	6120	0.236	2009	05
m	Rr	5310	0.205	2009	04
m	Rr	5515	0.213	2009	03
m	Rr	6123	0.236	2009	02
m	Rr	6387	0.246	2009	01
m	Rr	5763	0.222	2008	12
m	Rr	5420	0.209	2008	11
m	Rr	4722	0.182	2008	10
m	Rr	5435	0.210	2008	09
m	Rr	4843	0.187	2008	08
m	Rr	5382	0.208	2008	07
m	Rr	6082	0.235	2008	06
m	Rr	9946	0.384	2008	05
m	Rr	6420	0.248	2008	04
m	Rr	5431	0.209	2008	03
m	Rr	6469	0.250	2008	02
m	Rr	5907	0.228	2008	01
m	Rr	1700	0.066	2007	12
m	*BT	R	80280	2024	10
W	Rr	426	0.016	2025	03	09
W	Rr	14093	0.544	2025	03	02
W	Rr	15570	0.601	2025	02	23
W	Rr	16366	0.631	2025	02	16
W	Rr	10610	0.409	2025	02	09
W	Rr	16170	0.624	2025	02	02
W	Rr	18018	0.695	2025	01	26
W	Rr	18210	0.702	2025	01	19
W	Rr	18726	0.722	2025	01	12
W	Rr	16789	0.648	2025	01	05
W	Rr	12005	0.463	2024	12	29
W	Rr	11414	0.440	2024	12	22
W	Rr	15924	0.614	2024	12	15
W	Rr	12318	0.475	2024	12	08
W	Rr	13212	0.510	2024	12	01
W	Rr	14492	0.559	2024	11	24
W	Rr	14773	0.570	2024	11	17
W	Rr	15900	0.613	2024	11	10
W	Rr	15042	0.580	2024	11	03
W	Rr	14430	0.557	2024	10	27
W	Rr	20382	0.786	2024	10	20
W	Rr	20310	0.783	2024	10	13
W	Rr	17544	0.677	2024	10	06
W	Rr	16788	0.648	2024	09	29
W	Rr	16014	0.618	2024	09	22
W	Rr	17958	0.693	2024	09	15
W	Rr	18306	0.706	2024	09	08
W	Rr	15960	0.616	2024	09	01
W	Rr	18348	0.708	2024	08	25
W	Rr	15726	0.607	2024	08	18
W	Rr	14490	0.559	2024	08	11
W	Rr	15707	0.606	2024	08	04
W	Rr	17598	0.679	2024	07	28
W	Rr	15120	0.583	2024	07	21
W	Rr	14667	0.566	2024	07	14
W	Rr	18810	0.726	2024	07	07
W	Rr	18384	0.709	2024	06	30
W	Rr	16152	0.623	2024	06	23
W	Rr	16674	0.643	2024	06	16
W	Rr	13122	0.506	2024	06	09
W	Rr	18264	0.704	2024	06	02
W	Rr	17766	0.685	2024	05	26
W	Rr	14970	0.577	2024	05	19
W	Rr	14346	0.553	2024	05	12
W	Rr	17520	0.676	2024	05	05
W	Rr	17624	0.680	2024	04	28
W	Rr	15605	0.602	2024	04	21
W	Rr	14394	0.555	2024	04	14
W	Rr	13500	0.521	2024	04	07
W	Rr	13599	0.525	2024	03	31
W	Rr	16024	0.618	2024	03	24
W	Rr	14040	0.542	2024	03	17
W	Rr	16854	0.650	2024	03	10
W	Rr	15624	0.603	2024	03	03
W	Rr	17778	0.686	2024	02	25
W	Rr	13428	0.518	2024	02	18
W	Rr	16572	0.639	2024	02	11
W	Rr	17070	0.658	2024	02	04
W	Rr	26220	1.011	2024	01	28
W	Rr	14730	0.568	2024	01	21
W	Rr	13098	0.505	2024	01	14
W	Rr	15324	0.591	2024	01	07
W	Rr	12552	0.484	2023	12	31
W	Rr	11406	0.440	2023	12	24
W	Rr	11184	0.431	2023	12	17
W	Rr	13956	0.538	2023	12	10
W	Rr	13644	0.526	2023	12	03
W	Rr	12390	0.478	2023	11	26
W	Rr	11682	0.451	2023	11	19
W	Rr	15756	0.608	2023	11	12
W	Rr	16596	0.640	2023	11	05
W	Rr	16104	0.621	2023	10	29
W	Rr	13980	0.539	2023	10	22
W	Rr	15450	0.596	2023	10	15
W	Rr	14713	0.568	2023	10	08
W	Rr	14285	0.551	2023	10	01
W	Rr	14478	0.558	2023	09	24
W	Rr	11904	0.459	2023	09	17
W	Rr	10968	0.423	2023	09	10
W	Rr	10482	0.404	2023	09	03
W	Rr	10800	0.417	2023	08	27
W	Rr	14568	0.562	2023	08	20
W	Rr	12504	0.482	2023	08	13
W	Rr	12076	0.466	2023	08	06
W	Rr	10997	0.424	2023	07	30
W	Rr	13392	0.517	2023	07	23
W	Rr	13224	0.510	2023	07	16
W	Rr	16128	0.622	2023	07	09
W	Rr	13356	0.515	2023	07	02
W	Rr	12558	0.484	2023	06	25
W	Rr	17082	0.659	2023	06	18
W	Rr	16452	0.635	2023	06	11
W	Rr	15336	0.592	2023	06	04
W	Rr	13482	0.520	2023	05	28
W	Rr	16248	0.627	2023	05	21
W	Rr	15078	0.582	2023	05	14
W	Rr	17181	0.663	2023	05	07
W	Rr	4282	0.165	2023	04	30
W	Rr	2458	0.095	2023	04	23
W	Rr	2269	0.088	2023	04	16
W	Rr	1553	0.060	2023	04	09
W	Rr	2389	0.092	2023	04	02
W	Rr	1701	0.066	2023	03	26
W	Rr	1943	0.075	2023	03	19
W	Rr	2225	0.086	2023	03	12
W	Rr	2192	0.085	2023	03	05
W	Rr	4055	0.156	2023	02	26
W	Rr	2406	0.093	2023	02	19
W	Rr	1898	0.073	2023	02	12
W	Rr	1890	0.073	2023	02	05
W	Rr	1861	0.072	2023	01	29
W	Rr	1686	0.065	2023	01	22
W	Rr	1779	0.069	2023	01	15
W	Rr	1833	0.071	2023	01	08
W	Rr	2226	0.086	2023	01	01
W	Rr	1280	0.049	2022	12	25
W	Rr	1806	0.070	2022	12	18
W	Rr	1773	0.068	2022	12	11
W	Rr	1532	0.059	2022	12	04
W	Rr	1586	0.061	2022	11	27
W	Rr	1093	0.042	2022	11	20
W	Rr	1366	0.053	2022	11	13
W	Rr	1972	0.076	2022	11	06
W	Rr	1396	0.054	2022	10	30
W	Rr	1547	0.060	2022	10	23
W	Rr	1641	0.063	2022	10	16
W	Rr	1747	0.067	2022	10	09
W	Rr	1568	0.060	2022	10	02
W	Rr	1379	0.053	2022	09	25
W	Rr	1695	0.065	2022	09	18
W	Rr	1701	0.066	2022	09	11
W	Rr	1568	0.060	2022	09	04
W	Rr	1562	0.060	2022	08	28
W	Rr	1488	0.057	2022	08	21
W	Rr	1646	0.063	2022	08	14
W	Rr	1430	0.055	2022	08	07
W	Rr	1446	0.056	2022	07	31
W	Rr	1383	0.053	2022	07	24
W	Rr	1661	0.064	2022	07	17
W	Rr	1478	0.057	2022	07	10
W	Rr	1711	0.066	2022	07	03
W	Rr	1804	0.070	2022	06	26
W	Rr	1298	0.050	2022	06	19
W	Rr	1407	0.054	2022	06	12
W	Rr	1396	0.054	2022	06	05
W	Rr	1638	0.063	2022	05	29
W	Rr	1724	0.066	2022	05	22
W	Rr	2427	0.094	2022	05	15
W	Rr	2100	0.081	2022	05	08
W	Rr	1414	0.055	2022	05	01
W	Rr	1865	0.072	2022	04	24
W	Rr	1381	0.053	2022	04	17
W	Rr	1630	0.063	2022	04	10
W	Rr	1670	0.064	2022	04	03
W	Rr	1588	0.061	2022	03	27
W	Rr	1204	0.046	2022	03	20
W	Rr	1350	0.052	2022	03	13
W	Rr	1488	0.057	2022	03	06
W	Rr	1368	0.053	2022	02	27
W	Rr	1481	0.057	2022	02	20
W	Rr	1657	0.064	2022	02	13
W	Rr	1518	0.059	2022	02	06
W	Rr	1787	0.069	2022	01	30
W	Rr	2021	0.078	2022	01	23
W	Rr	1429	0.055	2022	01	16
W	Rr	1693	0.065	2022	01	09
W	Rr	1541	0.059	2022	01	02
W	Rr	1311	0.051	2021	12	26
W	Rr	1839	0.071	2021	12	19
W	Rr	1732	0.067	2021	12	12
W	Rr	2001	0.077	2021	12	05
W	Rr	1641	0.063	2021	11	28
W	Rr	1615	0.062	2021	11	21
W	Rr	1673	0.065	2021	11	14
W	Rr	1625	0.063	2021	11	07
W	Rr	1523	0.059	2021	10	31
W	Rr	1562	0.060	2021	10	24
W	Rr	1474	0.057	2021	10	17
W	Rr	1349	0.052	2021	10	10
W	Rr	1615	0.062	2021	10	03
W	Rr	1598	0.062	2021	09	26
W	Rr	1646	0.063	2021	09	19
W	Rr	1203	0.046	2021	09	12
W	Rr	1106	0.043	2021	09	05
W	Rr	1383	0.053	2021	08	29
W	Rr	1685	0.065	2021	08	22
W	Rr	2071	0.080	2021	08	15
W	Rr	2279	0.088	2021	08	08
W	Rr	2374	0.092	2021	08	01
W	Rr	2543	0.098	2021	07	25
W	Rr	2843	0.110	2021	07	18
W	Rr	2777	0.107	2021	07	11
W	Rr	2756	0.106	2021	07	04
W	Rr	2524	0.097	2021	06	27
W	Rr	2466	0.095	2021	06	20
W	Rr	2262	0.087	2021	06	13
W	Rr	2264	0.087	2021	06	06
W	Rr	2101	0.081	2021	05	30
W	Rr	3009	0.116	2021	05	23
W	Rr	1989	0.077	2021	05	16
W	Rr	2386	0.092	2021	05	09
W	Rr	2138	0.082	2021	05	02
W	Rr	1668	0.064	2021	04	25
W	Rr	2413	0.093	2021	04	18
W	Rr	3035	0.117	2021	04	11
W	Rr	2709	0.104	2021	04	04
W	Rr	1942	0.075	2021	03	28
W	Rr	1666	0.064	2021	03	21
W	Rr	1476	0.057	2021	03	14
W	Rr	1713	0.066	2021	03	07
W	Rr	1777	0.069	2021	02	28
W	Rr	1173	0.045	2021	02	21
W	Rr	1101	0.042	2021	02	14
W	Rr	1699	0.066	2021	02	07
W	Rr	1867	0.072	2021	01	31
W	Rr	1404	0.054	2021	01	24
W	Rr	1564	0.060	2021	01	17
W	Rr	1431	0.055	2021	01	10
W	Rr	1666	0.064	2021	01	03
W	Rr	1926	0.074	2020	12	27
W	Rr	1572	0.061	2020	12	20
W	Rr	1404	0.054	2020	12	13
W	Rr	2272	0.088	2020	12	06
W	Rr	1522	0.059	2020	11	29
W	Rr	1722	0.066	2020	11	22
W	Rr	1580	0.061	2020	11	15
W	Rr	1401	0.054	2020	11	08
W	Rr	1499	0.058	2020	11	01
W	Rr	1470	0.057	2020	10	25
W	Rr	2379	0.092	2020	10	18
W	Rr	1559	0.060	2020	10	11
W	Rr	1729	0.067	2020	10	04
W	Rr	1674	0.065	2020	09	27
W	Rr	1786	0.069	2020	09	20
W	Rr	2200	0.085	2020	09	13
W	Rr	1677	0.065	2020	09	06
W	Rr	1596	0.062	2020	08	30
W	Rr	1833	0.071	2020	08	23
W	Rr	1814	0.070	2020	08	16
W	Rr	2206	0.085	2020	08	09
W	Rr	1397	0.054	2020	08	02
W	Rr	1816	0.070	2020	07	26
W	Rr	1949	0.075	2020	07	19
W	Rr	1532	0.059	2020	07	12
W	Rr	1976	0.076	2020	07	05
W	Rr	1600	0.062	2020	06	28
W	Rr	1627	0.063	2020	06	21
W	Rr	2101	0.081	2020	06	14
W	Rr	1590	0.061	2020	06	07
W	Rr	1492	0.058	2020	05	31
W	Rr	1556	0.060	2020	05	24
W	Rr	1756	0.068	2020	05	17
W	Rr	1568	0.060	2020	05	10
W	Rr	1567	0.060	2020	05	03
W	Rr	1734	0.067	2020	04	26
W	Rr	1675	0.065	2020	04	19
W	Rr	1702	0.066	2020	04	12
W	Rr	1965	0.076	2020	04	05
W	Rr	1329	0.051	2020	03	29
W	Rr	1818	0.070	2020	03	22
W	Rr	1345	0.052	2020	03	15
W	Rr	1581	0.061	2020	03	08
W	Rr	2014	0.078	2020	03	01
W	Rr	1942	0.075	2020	02	23
W	Rr	1748	0.067	2020	02	16
W	Rr	1949	0.075	2020	02	09
W	Rr	1683	0.065	2020	02	02
W	Rr	1436	0.055	2020	01	26
W	Rr	1792	0.069	2020	01	19
W	Rr	1519	0.059	2020	01	12
W	Rr	1420	0.055	2020	01	05
W	Rr	1109	0.043	2019	12	29
W	Rr	1023	0.039	2019	12	22
W	Rr	1584	0.061	2019	12	15
W	Rr	1783	0.069	2019	12	08
W	Rr	1704	0.066	2019	12	01
W	Rr	1178	0.045	2019	11	24
W	Rr	1697	0.065	2019	11	17
W	Rr	1510	0.058	2019	11	10
W	Rr	1383	0.053	2019	11	03
W	Rr	1309	0.050	2019	10	27
W	Rr	1473	0.057	2019	10	20
W	Rr	1519	0.059	2019	10	13
W	Rr	1485	0.057	2019	10	06
W	Rr	1416	0.055	2019	09	29
W	Rr	1499	0.058	2019	09	22
W	Rr	1652	0.064	2019	09	15
W	Rr	1710	0.066	2019	09	08
W	Rr	1485	0.057	2019	09	01
W	Rr	1689	0.065	2019	08	25
W	Rr	1315	0.051	2019	08	18
W	Rr	1619	0.062	2019	08	11
W	Rr	1558	0.060	2019	08	04
W	Rr	1360	0.052	2019	07	28
W	Rr	1191	0.046	2019	07	21
W	Rr	1730	0.067	2019	07	14
W	Rr	1299	0.050	2019	07	07
W	Rr	1339	0.052	2019	06	30
W	Rr	1592	0.061	2019	06	23
W	Rr	1497	0.058	2019	06	16
W	Rr	1450	0.056	2019	06	09
W	Rr	1555	0.060	2019	06	02
W	Rr	1289	0.050	2019	05	26
W	Rr	1863	0.072	2019	05	19
W	Rr	1385	0.053	2019	05	12
W	Rr	1553	0.060	2019	05	05
W	Rr	1655	0.064	2019	04	28
W	Rr	1282	0.049	2019	04	21
W	Rr	1503	0.058	2019	04	14
W	Rr	1623	0.063	2019	04	07
W	Rr	1715	0.066	2019	03	31
W	Rr	1882	0.073	2019	03	24
W	Rr	1464	0.056	2019	03	17
W	Rr	1381	0.053	2019	03	10
W	Rr	1627	0.063	2019	03	03
W	Rr	1773	0.068	2019	02	24
W	Rr	1669	0.064	2019	02	17
W	Rr	1483	0.057	2019	02	10
W	Rr	1391	0.054	2019	02	03
W	Rr	1797	0.069	2019	01	27
W	Rr	1963	0.076	2019	01	20
W	Rr	2029	0.078	2019	01	13
W	Rr	1696	0.065	2019	01	06
W	Rr	1526	0.059	2018	12	30
W	Rr	1226	0.047	2018	12	23
W	Rr	1442	0.056	2018	12	16
W	Rr	1936	0.075	2018	12	09
W	Rr	1809	0.070	2018	12	02
W	Rr	1295	0.050	2018	11	25
W	Rr	1820	0.070	2018	11	18
W	Rr	1802	0.070	2018	11	11
W	Rr	0	0.000	2018	11	04
W	Rr	1473	0.057	2018	10	28
W	Rr	1106	0.043	2018	10	21
W	Rr	1427	0.055	2018	10	14
W	Rr	1214	0.047	2018	10	07
W	Rr	1168	0.045	2018	09	30
W	Rr	1420	0.055	2018	09	23
W	Rr	1197	0.046	2018	09	16
W	Rr	1388	0.054	2018	09	09
W	Rr	1320	0.051	2018	09	02
W	Rr	1246	0.048	2018	08	26
W	Rr	1214	0.047	2018	08	19
W	Rr	1366	0.053	2018	08	12
W	Rr	1195	0.046	2018	08	05
W	Rr	1346	0.052	2018	07	29
W	Rr	1374	0.053	2018	07	22
W	Rr	1508	0.058	2018	07	15
W	Rr	1522	0.059	2018	07	08
W	Rr	909	0.035	2018	07	01
W	Rr	1444	0.056	2018	06	24
W	Rr	2682	0.103	2018	06	17
W	Rr	1365	0.053	2018	06	10
W	Rr	1329	0.051	2018	06	03
W	Rr	1275	0.049	2018	05	27
W	Rr	1392	0.054	2018	05	20
W	Rr	1321	0.051	2018	05	13
W	Rr	1527	0.059	2018	05	06
W	Rr	1517	0.059	2018	04	29
W	Rr	0	0.000	2018	04	22
W	Rr	1364	0.053	2018	04	15
W	Rr	1712	0.066	2018	04	08
W	Rr	0	0.000	2018	04	01
W	Rr	1543	0.060	2018	03	25
W	Rr	1342	0.052	2018	03	18
W	Rr	2429	0.094	2018	03	11
W	Rr	0	0.000	2018	03	04
W	Rr	1366	0.053	2018	02	25
W	Rr	1308	0.050	2018	02	18
W	Rr	1439	0.056	2018	02	11
W	Rr	1731	0.067	2018	02	04
W	Rr	0	0.000	2018	01	28
W	Rr	1434	0.055	2018	01	21
W	Rr	1578	0.061	2018	01	14
W	Rr	1471	0.057	2018	01	07
W	Rr	1246	0.048	2017	12	31
W	Rr	1033	0.040	2017	12	24
W	Rr	1103	0.043	2017	12	17
W	Rr	1406	0.054	2017	12	10
W	Rr	0	0.000	2017	12	03
W	Rr	1335	0.051	2017	11	26
W	Rr	1427	0.055	2017	11	19
W	Rr	1662	0.064	2017	11	12
W	Rr	1414	0.055	2017	11	05
W	Rr	1349	0.052	2017	10	29
W	Rr	1208	0.047	2017	10	22
W	Rr	2013	0.078	2017	10	15
W	Rr	1832	0.071	2017	10	08
W	Rr	0	0.000	2017	10	01
W	Rr	0	0.000	2017	09	24
W	Rr	0	0.000	2017	09	17
W	Rr	0	0.000	2017	09	10
W	Rr	0	0.000	2017	09	03
W	Rr	0	0.000	2017	08	27
W	Rr	0	0.000	2017	08	20
W	Rr	0	0.000	2017	08	13
W	Rr	0	0.000	2017	08	06
W	Rr	0	0.000	2017	07	30
W	Rr	0	0.000	2017	07	23
W	Rr	0	0.000	2017	07	16
W	Rr	0	0.000	2017	07	09
W	Rr	0	0.000	2017	07	02
W	Rr	0	0.000	2017	06	25
W	Rr	0	0.000	2017	06	18
W	Rr	0	0.000	2017	06	11
W	Rr	0	0.000	2017	06	04
W	Rr	25	0.001	2017	05	28
W	Rr	1838	0.071	2017	05	21
W	Rr	1915	0.074	2017	05	14
W	Rr	1676	0.065	2017	05	07
W	Rr	1677	0.065	2017	04	30
W	Rr	2071	0.080	2017	04	23
W	Rr	1978	0.076	2017	04	16
W	Rr	1874	0.072	2017	04	09
W	Rr	3435	0.132	2017	04	02
W	Rr	2619	0.101	2017	03	26
W	Rr	2633	0.102	2017	03	19
W	Rr	2413	0.093	2017	03	12
W	Rr	3092	0.119	2017	03	05
W	Rr	2295	0.089	2017	02	26
W	Rr	2204	0.085	2017	02	19
W	Rr	1869	0.072	2017	02	12
W	Rr	1973	0.076	2017	02	05
W	Rr	1783	0.069	2017	01	29
W	Rr	1768	0.068	2017	01	22
W	Rr	1585	0.061	2017	01	15
W	Rr	1768	0.068	2017	01	08
W	Rr	1740	0.067	2017	01	01
W	Rr	1549	0.060	2016	12	25
W	Rr	2202	0.085	2016	12	18
W	Rr	1812	0.070	2016	12	11
W	Rr	2648	0.102	2016	12	04
W	Rr	2236	0.086	2016	11	27
W	Rr	1321	0.051	2016	11	20
W	Rr	1996	0.077	2016	11	13
W	Rr	1716	0.066	2016	11	06
W	Rr	1564	0.060	2016	10	30
W	Rr	1362	0.053	2016	10	23
W	Rr	1707	0.066	2016	10	16
W	Rr	1696	0.065	2016	10	09
W	Rr	36	0.001	2016	10	02
W	Rr	2002	0.077	2016	09	25
W	Rr	1399	0.054	2016	09	18
W	Rr	1199	0.046	2016	09	11
W	Rr	1326	0.051	2016	09	04
W	Rr	1316	0.051	2016	08	28
W	Rr	1257	0.048	2016	08	21
W	Rr	1208	0.047	2016	08	14
W	Rr	1602	0.062	2016	08	07
W	Rr	1319	0.051	2016	07	31
W	Rr	1796	0.069	2016	07	24
W	Rr	1171	0.045	2016	07	17
W	Rr	1167	0.045	2016	07	10
W	Rr	917	0.035	2016	07	03
W	Rr	920	0.035	2016	06	26
W	Rr	1179	0.045	2016	06	19
W	Rr	1288	0.050	2016	06	12
W	Rr	1237	0.048	2016	06	05
W	Rr	1263	0.049	2016	05	29
W	Rr	1338	0.052	2016	05	22
W	Rr	1184	0.046	2016	05	15
W	Rr	1365	0.053	2016	05	08
W	Rr	974	0.038	2016	05	01
W	Rr	1311	0.051	2016	04	24
W	Rr	1127	0.043	2016	04	17
W	Rr	1248	0.048	2016	04	10
W	Rr	1451	0.056	2016	04	03
W	Rr	987	0.038	2016	03	27
W	Rr	1233	0.048	2016	03	20
W	Rr	1347	0.052	2016	03	13
W	Rr	1347	0.052	2016	03	06
W	Rr	1236	0.048	2016	02	28
W	Rr	1422	0.055	2016	02	21
W	Rr	1085	0.042	2016	02	14
W	Rr	1427	0.055	2016	02	07
W	Rr	1359	0.052	2016	01	31
W	Rr	1708	0.066	2016	01	24
W	Rr	1476	0.057	2016	01	17
W	Rr	1563	0.060	2016	01	10
W	Rr	1381	0.053	2016	01	03
W	Rr	1273	0.049	2015	12	27
W	Rr	1084	0.042	2015	12	20
W	Rr	1344	0.052	2015	12	13
W	Rr	1336	0.052	2015	12	06
W	Rr	1123	0.043	2015	11	29
W	Rr	960	0.037	2015	11	22
W	Rr	1337	0.052	2015	11	15
W	Rr	1400	0.054	2015	11	08
W	Rr	1383	0.053	2015	11	01
W	Rr	1250	0.048	2015	10	25
W	Rr	1366	0.053	2015	10	18
W	Rr	1367	0.053	2015	10	11
W	Rr	1214	0.047	2015	10	04
W	Rr	1152	0.044	2015	09	27
W	Rr	1387	0.053	2015	09	20
W	Rr	1655	0.064	2015	09	13
W	Rr	1526	0.059	2015	09	06
W	Rr	1242	0.048	2015	08	30
W	Rr	1800	0.069	2015	08	23
W	Rr	1527	0.059	2015	08	16
W	Rr	1386	0.053	2015	08	09
W	Rr	1593	0.061	2015	08	02
W	Rr	1567	0.060	2015	07	26
W	Rr	1980	0.076	2015	07	19
W	Rr	2180	0.084	2015	07	12
W	Rr	2008	0.077	2015	07	05
W	Rr	2297	0.089	2015	06	28
W	Rr	1556	0.060	2015	06	21
W	Rr	1380	0.053	2015	06	14
W	Rr	2013	0.078	2015	06	07
W	Rr	1651	0.064	2015	05	31
W	Rr	1224	0.047	2015	05	24
W	Rr	1355	0.052	2015	05	17
W	Rr	1179	0.045	2015	05	10
W	Rr	1436	0.055	2015	05	03
W	Rr	1671	0.064	2015	04	26
W	Rr	1878	0.072	2015	04	19
W	Rr	2326	0.090	2015	04	12
W	Rr	2636	0.102	2015	04	05
W	Rr	2297	0.089	2015	03	29
W	Rr	1237	0.048	2015	03	22
W	Rr	1453	0.056	2015	03	15
W	Rr	1399	0.054	2015	03	08
W	Rr	1287	0.050	2015	03	01
W	Rr	1249	0.048	2015	02	22
W	Rr	1373	0.053	2015	02	15
W	Rr	1790	0.069	2015	02	08
W	Rr	1672	0.064	2015	02	01
W	Rr	1543	0.060	2015	01	25
W	Rr	1463	0.056	2015	01	18
W	Rr	1696	0.065	2015	01	11
W	Rr	1707	0.066	2015	01	04
W	Rr	1833	0.071	2014	12	28
W	Rr	1335	0.051	2014	12	21
W	Rr	1644	0.063	2014	12	14
W	Rr	1541	0.059	2014	12	07
W	Rr	1335	0.051	2014	11	30
W	Rr	1262	0.049	2014	11	23
W	Rr	2009	0.077	2014	11	16
W	Rr	1566	0.060	2014	11	09
W	Rr	1814	0.070	2014	11	02
W	Rr	1452	0.056	2014	10	26
W	Rr	1642	0.063	2014	10	19
W	Rr	1795	0.069	2014	10	12
W	Rr	1836	0.071	2014	10	05
W	Rr	1662	0.064	2014	09	28
W	Rr	1843	0.071	2014	09	21
W	Rr	1678	0.065	2014	09	14
W	Rr	1598	0.062	2014	09	07
W	Rr	1418	0.055	2014	08	31
W	Rr	1584	0.061	2014	08	24
W	Rr	1571	0.061	2014	08	17
W	Rr	1727	0.067	2014	08	10
W	Rr	1927	0.074	2014	08	03
W	Rr	1691	0.065	2014	07	27
W	Rr	1702	0.066	2014	07	20
W	Rr	1624	0.063	2014	07	13
W	Rr	1831	0.071	2014	07	06
W	Rr	1867	0.072	2014	06	29
W	Rr	1927	0.074	2014	06	22
W	Rr	2134	0.082	2014	06	15
W	Rr	4851	0.187	2014	06	08
W	Rr	2293	0.088	2014	06	01
W	Rr	3180	0.123	2014	05	25
W	Rr	1468	0.057	2014	05	18
W	Rr	1808	0.070	2014	05	11
W	Rr	1998	0.077	2014	05	04
W	Rr	1876	0.072	2014	04	27
W	Rr	2330	0.090	2014	04	20
W	Rr	2565	0.099	2014	04	13
W	Rr	2652	0.102	2014	04	06
W	Rr	2574	0.099	2014	03	30
W	Rr	1186	0.046	2014	03	23
W	Rr	1305	0.050	2014	03	16
W	Rr	2273	0.088	2014	03	09
W	Rr	2231	0.086	2014	03	02
W	Rr	1925	0.074	2014	02	23
W	Rr	7060	0.272	2014	02	16
W	Rr	2854	0.110	2014	02	09
W	Rr	3190	0.123	2014	02	02
W	Rr	3743	0.144	2014	01	26
W	Rr	3643	0.141	2014	01	19
W	Rr	2961	0.114	2014	01	12
W	Rr	2319	0.089	2014	01	05
W	Rr	981	0.038	2013	12	29
W	Rr	1108	0.043	2013	12	22
W	Rr	1226	0.047	2013	12	15
W	Rr	1285	0.050	2013	12	08
W	Rr	1289	0.050	2013	12	01
W	Rr	1404	0.054	2013	11	24
W	Rr	1142	0.044	2013	11	17
W	Rr	1334	0.051	2013	11	10
W	Rr	1277	0.049	2013	11	03
W	Rr	1035	0.040	2013	10	27
W	Rr	1309	0.050	2013	10	20
W	Rr	1302	0.050	2013	10	13
W	Rr	1432	0.055	2013	10	06
W	Rr	1178	0.045	2013	09	29
W	Rr	947	0.037	2013	09	22
W	Rr	1254	0.048	2013	09	15
W	Rr	1099	0.042	2013	09	08
W	Rr	1053	0.041	2013	09	01
W	Rr	1010	0.039	2013	08	25
W	Rr	1102	0.043	2013	08	18
W	Rr	1063	0.041	2013	08	11
W	Rr	1105	0.043	2013	08	04
W	Rr	1377	0.053	2013	07	28
W	Rr	1498	0.058	2013	07	21
W	Rr	1295	0.050	2013	07	14
W	Rr	1237	0.048	2013	07	07
W	Rr	1003	0.039	2013	06	30
W	Rr	1275	0.049	2013	06	23
W	Rr	1072	0.041	2013	06	16
W	Rr	1249	0.048	2013	06	09
W	Rr	1521	0.059	2013	06	02
W	Rr	1256	0.048	2013	05	26
W	Rr	1091	0.042	2013	05	19
W	Rr	1359	0.052	2013	05	12
W	Rr	1130	0.044	2013	05	05
W	Rr	1215	0.047	2013	04	28
W	Rr	1368	0.053	2013	04	21
W	Rr	1318	0.051	2013	04	14
W	Rr	1408	0.054	2013	04	07
W	Rr	1277	0.049	2013	03	31
W	Rr	1452	0.056	2013	03	24
W	Rr	1418	0.055	2013	03	17
W	Rr	1217	0.047	2013	03	10
W	Rr	1490	0.057	2013	03	03
W	Rr	1353	0.052	2013	02	24
W	Rr	1268	0.049	2013	02	17
W	Rr	1274	0.049	2013	02	10
W	Rr	1153	0.044	2013	02	03
W	Rr	1266	0.049	2013	01	27
W	Rr	1271	0.049	2013	01	20
W	Rr	1449	0.056	2013	01	13
W	Rr	1253	0.048	2013	01	06
W	Rr	1309	0.050	2012	12	30
W	Rr	1156	0.045	2012	12	23
W	Rr	1336	0.052	2012	12	16
W	Rr	1575	0.061	2012	12	09
W	Rr	1087	0.042	2012	12	02
W	Rr	1376	0.053	2012	11	25
W	Rr	1136	0.044	2012	11	18
W	Rr	1341	0.052	2012	11	11
W	Rr	1418	0.055	2012	11	04
W	Rr	1103	0.043	2012	10	28
W	Rr	1200	0.046	2012	10	21
W	Rr	1382	0.053	2012	10	14
W	Rr	1127	0.043	2012	10	07
W	Rr	1187	0.046	2012	09	30
W	Rr	1172	0.045	2012	09	23
W	Rr	1034	0.040	2012	09	16
W	Rr	944	0.036	2012	09	09
W	Rr	958	0.037	2012	09	02
W	Rr	734	0.028	2012	08	26
W	Rr	881	0.034	2012	08	19
W	Rr	874	0.034	2012	08	12
W	Rr	973	0.038	2012	08	05
W	Rr	1010	0.039	2012	07	29
W	Rr	943	0.036	2012	07	22
W	Rr	1089	0.042	2012	07	15
W	Rr	888	0.034	2012	07	08
W	Rr	845	0.033	2012	07	01
W	Rr	1070	0.041	2012	06	24
W	Rr	1050	0.041	2012	06	17
W	Rr	1271	0.049	2012	06	10
W	Rr	957	0.037	2012	06	03
W	Rr	1249	0.048	2012	05	27
W	Rr	1055	0.041	2012	05	20
W	Rr	1392	0.054	2012	05	13
W	Rr	1140	0.044	2012	05	06
W	Rr	1807	0.070	2012	04	29
W	Rr	1225	0.047	2012	04	22
W	Rr	1264	0.049	2012	04	15
W	Rr	1075	0.041	2012	04	08
W	Rr	1261	0.049	2012	04	01
W	Rr	1345	0.052	2012	03	25
W	Rr	1254	0.048	2012	03	18
W	Rr	1478	0.057	2012	03	11
W	Rr	1503	0.058	2012	03	04
W	Rr	1532	0.059	2012	02	26
W	Rr	1464	0.056	2012	02	19
W	Rr	1154	0.045	2012	02	12
W	Rr	1240	0.048	2012	02	05
W	Rr	1088	0.042	2012	01	29
W	Rr	1125	0.043	2012	01	22
W	Rr	60	0.002	2012	01	15
W	Rr	1472	0.057	2012	01	08
W	Rr	1122	0.043	2012	01	01
W	Rr	888	0.034	2011	12	25
W	Rr	1360	0.052	2011	12	18
W	Rr	1486	0.057	2011	12	11
W	Rr	1330	0.051	2011	12	04
W	Rr	1094	0.042	2011	11	27
W	Rr	1062	0.041	2011	11	20
W	Rr	1123	0.043	2011	11	13
W	Rr	975	0.038	2011	11	06
W	Rr	1264	0.049	2011	10	30
W	Rr	1140	0.044	2011	10	23
W	Rr	1211	0.047	2011	10	16
W	Rr	1236	0.048	2011	10	09
W	Rr	1128	0.044	2011	10	02
W	Rr	1083	0.042	2011	09	25
W	Rr	1451	0.056	2011	09	18
W	Rr	1278	0.049	2011	09	11
W	Rr	1219	0.047	2011	09	04
W	Rr	1316	0.051	2011	08	28
W	Rr	1119	0.043	2011	08	21
W	Rr	1484	0.057	2011	08	14
W	Rr	1671	0.064	2011	08	07
W	Rr	1319	0.051	2011	07	31
W	Rr	1197	0.046	2011	07	24
W	Rr	1504	0.058	2011	07	17
W	Rr	1367	0.053	2011	07	10
W	Rr	1205	0.046	2011	07	03
W	Rr	1333	0.051	2011	06	26
W	Rr	1059	0.041	2011	06	19
W	Rr	1353	0.052	2011	06	12
W	Rr	1275	0.049	2011	06	05
W	Rr	983	0.038	2011	05	29
W	Rr	1262	0.049	2011	05	22
W	Rr	1374	0.053	2011	05	15
W	Rr	1076	0.042	2011	05	08
W	Rr	0	0.000	2011	05	01
W	Rr	0	0.000	2011	04	24
W	Rr	0	0.000	2011	04	17
W	Rr	0	0.000	2011	04	10
W	Rr	0	0.000	2011	04	03
W	Rr	0	0.000	2011	03	27
W	Rr	24	0.001	2011	03	20
W	Rr	1317	0.051	2011	03	13
W	Rr	1258	0.049	2011	03	06
W	Rr	1372	0.053	2011	02	27
W	Rr	1226	0.047	2011	02	20
W	Rr	1524	0.059	2011	02	13
W	Rr	1366	0.053	2011	02	06
W	Rr	958	0.037	2011	01	30
W	Rr	1273	0.049	2011	01	23
W	Rr	1560	0.060	2011	01	16
W	Rr	1472	0.057	2011	01	09
W	Rr	1310	0.051	2011	01	02
W	Rr	798	0.031	2010	12	26
W	Rr	935	0.036	2010	12	19
W	Rr	0	0.000	2010	12	12
W	Rr	0	0.000	2010	12	05
W	Rr	0	0.000	2010	11	28
W	Rr	0	0.000	2010	11	21
W	Rr	0	0.000	2010	11	14
W	Rr	0	0.000	2010	11	07
W	Rr	0	0.000	2010	10	31
W	Rr	0	0.000	2010	10	24
W	Rr	0	0.000	2010	10	17
W	Rr	0	0.000	2010	10	10
W	Rr	0	0.000	2010	10	03
W	Rr	0	0.000	2010	09	26
W	Rr	0	0.000	2010	09	19
W	Rr	0	0.000	2010	09	12
W	Rr	0	0.000	2010	09	05
W	Rr	0	0.000	2010	08	29
W	Rr	0	0.000	2010	08	22
W	Rr	0	0.000	2010	08	15
W	Rr	0	0.000	2010	08	08
W	Rr	0	0.000	2010	08	01
W	Rr	0	0.000	2010	07	25
W	Rr	0	0.000	2010	07	18
W	Rr	0	0.000	2010	07	11
W	Rr	0	0.000	2010	07	04
W	Rr	15	0.001	2010	06	27
W	Rr	914	0.035	2010	06	20
W	Rr	1104	0.043	2010	06	13
W	Rr	1096	0.042	2010	06	06
W	Rr	1171	0.045	2010	05	30
W	Rr	1115	0.043	2010	05	23
W	Rr	1170	0.045	2010	05	16
W	Rr	1334	0.051	2010	05	09
W	Rr	1109	0.043	2010	05	02
W	Rr	1067	0.041	2010	04	25
W	Rr	1212	0.047	2010	04	18
W	Rr	1054	0.041	2010	04	11
W	Rr	1325	0.051	2010	04	04
W	Rr	811	0.031	2010	03	28
W	Rr	1195	0.046	2010	03	21
W	Rr	1338	0.052	2010	03	14
W	Rr	1113	0.043	2010	03	07
W	Rr	1103	0.043	2010	02	28
W	Rr	1290	0.050	2010	02	21
W	Rr	0	0.000	2010	02	14
W	Rr	0	0.000	2010	02	07
W	Rr	0	0.000	2010	01	31
W	Rr	0	0.000	2010	01	24
W	Rr	0	0.000	2010	01	17
W	Rr	0	0.000	2010	01	10
W	Rr	0	0.000	2010	01	03
W	Rr	78	0.003	2009	12	27
W	Rr	945	0.036	2009	12	20
W	Rr	1140	0.044	2009	12	13
W	Rr	1323	0.051	2009	12	06
W	Rr	1518	0.059	2009	11	29
W	Rr	1352	0.052	2009	11	22
W	Rr	1346	0.052	2009	11	15
W	Rr	1416	0.055	2009	11	08
W	Rr	1734	0.067	2009	11	01
W	Rr	1035	0.040	2009	10	25
W	Rr	1297	0.050	2009	10	18
W	Rr	1267	0.049	2009	10	11
W	Rr	1440	0.056	2009	10	04
W	Rr	1521	0.059	2009	09	27
W	Rr	1121	0.043	2009	09	20
W	Rr	875	0.034	2009	09	13
W	Rr	1032	0.040	2009	09	06
W	Rr	1283	0.049	2009	08	30
W	Rr	1214	0.047	2009	08	23
W	Rr	1402	0.054	2009	08	16
W	Rr	1260	0.049	2009	08	09
W	Rr	1404	0.054	2009	08	02
W	Rr	1380	0.053	2009	07	26
W	Rr	1470	0.057	2009	07	19
W	Rr	1750	0.068	2009	07	12
W	Rr	1847	0.071	2009	07	05
W	Rr	1889	0.073	2009	06	28
W	Rr	1312	0.051	2009	06	21
W	Rr	1093	0.042	2009	06	14
W	Rr	1363	0.053	2009	06	07
W	Rr	1251	0.048	2009	05	31
W	Rr	1352	0.052	2009	05	24
W	Rr	1133	0.044	2009	05	17
W	Rr	1887	0.073	2009	05	10
W	Rr	1369	0.053	2009	05	03
W	Rr	1089	0.042	2009	04	26
W	Rr	1160	0.045	2009	04	19
W	Rr	1189	0.046	2009	04	12
W	Rr	1529	0.059	2009	04	05
W	Rr	1155	0.045	2009	03	29
W	Rr	1230	0.047	2009	03	22
W	Rr	1029	0.040	2009	03	15
W	Rr	1234	0.048	2009	03	08
W	Rr	1486	0.057	2009	03	01
W	Rr	1470	0.057	2009	02	22
W	Rr	1198	0.046	2009	02	15
W	Rr	1802	0.070	2009	02	08
W	Rr	1653	0.064	2009	02	01
W	Rr	1346	0.052	2009	01	25
W	Rr	1431	0.055	2009	01	18
W	Rr	1678	0.065	2009	01	11
W	Rr	1591	0.061	2009	01	04
W	Rr	886	0.034	2008	12	28
W	Rr	1148	0.044	2008	12	21
W	Rr	1428	0.055	2008	12	14
W	Rr	1508	0.058	2008	12	07
W	Rr	1194	0.046	2008	11	30
W	Rr	1070	0.041	2008	11	23
W	Rr	1396	0.054	2008	11	16
W	Rr	1255	0.048	2008	11	09
W	Rr	1314	0.051	2008	11	02
W	Rr	1397	0.054	2008	10	26
W	Rr	1638	0.063	2008	10	19
W	Rr	1298	0.050	2008	10	12
W	Rr	430	0.017	2008	10	05
W	Rr	723	0.028	2008	09	28
W	Rr	1308	0.050	2008	09	21
W	Rr	1242	0.048	2008	09	14
W	Rr	1409	0.054	2008	09	07
W	Rr	1142	0.044	2008	08	31
W	Rr	1022	0.039	2008	08	24
W	Rr	1062	0.041	2008	08	17
W	Rr	1188	0.046	2008	08	10
W	Rr	1232	0.048	2008	08	03
W	Rr	1050	0.041	2008	07	27
W	Rr	1272	0.049	2008	07	20
W	Rr	1305	0.050	2008	07	13
W	Rr	1093	0.042	2008	07	06
W	Rr	1182	0.046	2008	06	29
W	Rr	1937	0.075	2008	06	22
W	Rr	1493	0.058	2008	06	15
W	Rr	1083	0.042	2008	06	08
W	Rr	1283	0.049	2008	06	01
W	Rr	1432	0.055	2008	05	25
W	Rr	1726	0.067	2008	05	18
W	Rr	1580	0.061	2008	05	11
W	Rr	2661	0.103	2008	05	04
W	Rr	3648	0.141	2008	04	27
W	Rr	1400	0.054	2008	04	20
W	Rr	1365	0.053	2008	04	13
W	Rr	1213	0.047	2008	04	06
W	Rr	1670	0.064	2008	03	30
W	Rr	1211	0.047	2008	03	23
W	Rr	1144	0.044	2008	03	16
W	Rr	1301	0.050	2008	03	09
W	Rr	1292	0.050	2008	03	02
W	Rr	1427	0.055	2008	02	24
W	Rr	2207	0.085	2008	02	17
W	Rr	1124	0.043	2008	02	10
W	Rr	1561	0.060	2008	02	03
W	Rr	1533	0.059	2008	01	27
W	Rr	1389	0.054	2008	01	20
W	Rr	1133	0.044	2008	01	13
W	Rr	1404	0.054	2008	01	06
W	Rr	976	0.038	2007	12	30
W	Rr	801	0.031	2007	12	23
W	Rr	675	0.026	2007	12	16
W	*BT	R	26220	2024	01	28
D	Rr	102	0.004	2025	03	10
D	Rr	324	0.012	2025	03	09
D	Rr	736	0.028	2025	03	08
D	Rr	2321	0.090	2025	03	07
D	Rr	2361	0.091	2025	03	06
D	Rr	2267	0.087	2025	03	05
D	Rr	2190	0.084	2025	03	04
D	Rr	2208	0.085	2025	03	03
D	Rr	2010	0.078	2025	03	02
D	Rr	2322	0.090	2025	03	01
D	Rr	3318	0.128	2025	02	28
D	Rr	2418	0.093	2025	02	27
D	Rr	2622	0.101	2025	02	26
D	Rr	2232	0.086	2025	02	25
D	Rr	1578	0.061	2025	02	24
D	Rr	1080	0.042	2025	02	23
D	Rr	1362	0.053	2025	02	22
D	Rr	2514	0.097	2025	02	21
D	Rr	1794	0.069	2025	02	20
D	Rr	3642	0.140	2025	02	19
D	Rr	2634	0.102	2025	02	18
D	Rr	2442	0.094	2025	02	17
D	Rr	1978	0.076	2025	02	16
D	Rr	1025	0.040	2025	02	15
D	Rr	1790	0.069	2025	02	14
D	Rr	2080	0.080	2025	02	13
D	Rr	2090	0.081	2025	02	12
D	Rr	1765	0.068	2025	02	11
D	Rr	936	0.036	2025	02	10
D	Rr	924	0.036	2025	02	09
D	Rr	2274	0.088	2025	02	08
D	Rr	2172	0.084	2025	02	07
D	Rr	2226	0.086	2025	02	06
D	Rr	2280	0.088	2025	02	05
D	Rr	2928	0.113	2025	02	04
D	Rr	2442	0.094	2025	02	03
D	Rr	1848	0.071	2025	02	02
D	Rr	1350	0.052	2025	02	01
D	Rr	2262	0.087	2025	01	31
D	Rr	3372	0.130	2025	01	30
D	Rr	1896	0.073	2025	01	29
D	Rr	2340	0.090	2025	01	28
D	*BT	R	9912	2024	01	29
d	Rr	311794	12.027	Sun
d	Rr	417194	16.092	Mon
d	Rr	414624	15.993	Tue
d	Rr	413567	15.952	Wed
d	Rr	401462	15.485	Thu
d	Rr	381515	14.716	Fri
d	Rr	252378	9.735	Sat
H	Rr	8	0.000	2025	03	10	04
H	Rr	3	0.000	2025	03	10	03
H	Rr	72	0.003	2025	03	10	02
H	Rr	4	0.000	2025	03	10	01
H	Rr	15	0.001	2025	03	10	00
H	Rr	9	0.000	2025	03	09	23
H	Rr	1	0.000	2025	03	09	22
H	Rr	2	0.000	2025	03	09	21
H	Rr	6	0.000	2025	03	09	20
H	Rr	6	0.000	2025	03	09	19
H	Rr	3	0.000	2025	03	09	18
H	Rr	6	0.000	2025	03	09	17
H	Rr	3	0.000	2025	03	09	16
H	Rr	8	0.000	2025	03	09	15
H	Rr	22	0.001	2025	03	09	14
H	Rr	10	0.000	2025	03	09	13
H	Rr	13	0.001	2025	03	09	12
H	Rr	4	0.000	2025	03	09	11
H	Rr	1	0.000	2025	03	09	10
H	Rr	1	0.000	2025	03	09	09
H	Rr	1	0.000	2025	03	09	08
H	Rr	42	0.002	2025	03	09	07
H	Rr	8	0.000	2025	03	09	06
H	Rr	6	0.000	2025	03	09	05
H	Rr	12	0.000	2025	03	09	04
H	Rr	134	0.005	2025	03	09	03
H	Rr	8	0.000	2025	03	09	02
H	Rr	12	0.000	2025	03	09	01
H	Rr	6	0.000	2025	03	09	00
H	Rr	8	0.000	2025	03	08	23
H	Rr	8	0.000	2025	03	08	22
H	Rr	14	0.001	2025	03	08	21
H	Rr	12	0.000	2025	03	08	20
H	Rr	84	0.003	2025	03	08	19
H	Rr	0	0.000	2025	03	08	18
H	Rr	2	0.000	2025	03	08	17
H	Rr	12	0.000	2025	03	08	16
H	Rr	70	0.003	2025	03	08	15
H	Rr	34	0.001	2025	03	08	14
H	Rr	16	0.001	2025	03	08	13
H	Rr	8	0.000	2025	03	08	12
H	Rr	24	0.001	2025	03	08	11
H	Rr	2	0.000	2025	03	08	10
H	Rr	2	0.000	2025	03	08	09
H	Rr	84	0.003	2025	03	08	08
H	Rr	14	0.001	2025	03	08	07
H	Rr	18	0.001	2025	03	08	06
H	Rr	123	0.005	2025	03	08	05
H	Rr	18	0.001	2025	03	08	04
H	Rr	114	0.004	2025	03	08	03
H	Rr	12	0.000	2025	03	08	02
H	Rr	42	0.002	2025	03	08	01
H	Rr	15	0.001	2025	03	08	00
H	Rr	27	0.001	2025	03	07	23
H	Rr	153	0.006	2025	03	07	22
H	Rr	135	0.005	2025	03	07	21
H	Rr	117	0.005	2025	03	07	20
H	Rr	3	0.000	2025	03	07	19
H	Rr	9	0.000	2025	03	07	18
H	Rr	330	0.013	2025	03	07	17
H	Rr	36	0.001	2025	03	07	16
H	Rr	510	0.020	2025	03	07	15
H	Rr	45	0.002	2025	03	07	14
H	Rr	42	0.002	2025	03	07	13
H	Rr	9	0.000	2025	03	07	12
H	Rr	126	0.005	2025	03	07	11
H	Rr	12	0.000	2025	03	07	10
H	Rr	57	0.002	2025	03	07	09
H	Rr	18	0.001	2025	03	07	08
H	Rr	48	0.002	2025	03	07	07
H	Rr	24	0.001	2025	03	07	06
H	Rr	216	0.008	2025	03	07	05
H	*BT	R	1800	2025	02	28	02
h	Rr	99641	3.843	00
h	Rr	91573	3.532	01
h	Rr	97280	3.752	02
h	Rr	110081	4.246	03
h	Rr	102420	3.951	04
h	Rr	100520	3.877	05
h	Rr	89987	3.471	06
h	Rr	90475	3.490	07
h	Rr	81664	3.150	08
h	Rr	80031	3.087	09
h	Rr	82871	3.197	10
h	Rr	87236	3.365	11
h	Rr	86778	3.347	12
h	Rr	91798	3.541	13
h	Rr	115512	4.456	14
h	Rr	134587	5.191	15
h	Rr	151846	5.857	16
h	Rr	142781	5.507	17
h	Rr	143896	5.550	18
h	Rr	136006	5.246	19
h	Rr	131038	5.054	20
h	Rr	122000	4.706	21
h	Rr	115985	4.474	22
h	Rr	106528	4.109	23
4	Rr	1	0.000	2025	03	10	04	45
4	Rr	5	0.000	2025	03	10	04	30
4	Rr	1	0.000	2025	03	10	04	15
4	Rr	1	0.000	2025	03	10	04	00
4	Rr	1	0.000	2025	03	10	03	45
4	Rr	1	0.000	2025	03	10	03	30
4	Rr	1	0.000	2025	03	10	03	15
4	Rr	0	0.000	2025	03	10	03	00
4	Rr	3	0.000	2025	03	10	02	45
4	Rr	34	0.001	2025	03	10	02	30
4	Rr	0	0.000	2025	03	10	02	15
4	Rr	35	0.001	2025	03	10	02	00
4	Rr	2	0.000	2025	03	10	01	45
4	Rr	0	0.000	2025	03	10	01	30
4	Rr	1	0.000	2025	03	10	01	15
4	Rr	1	0.000	2025	03	10	01	00
4	Rr	1	0.000	2025	03	10	00	45
4	Rr	0	0.000	2025	03	10	00	30
4	Rr	1	0.000	2025	03	10	00	15
4	Rr	13	0.001	2025	03	10	00	00
4	Rr	1	0.000	2025	03	09	23	45
4	Rr	0	0.000	2025	03	09	23	30
4	Rr	0	0.000	2025	03	09	23	15
4	Rr	8	0.000	2025	03	09	23	00
4	Rr	0	0.000	2025	03	09	22	45
4	Rr	0	0.000	2025	03	09	22	30
4	Rr	0	0.000	2025	03	09	22	15
4	Rr	1	0.000	2025	03	09	22	00
4	Rr	0	0.000	2025	03	09	21	45
4	Rr	1	0.000	2025	03	09	21	30
4	Rr	0	0.000	2025	03	09	21	15
4	Rr	1	0.000	2025	03	09	21	00
4	Rr	2	0.000	2025	03	09	20	45
4	Rr	1	0.000	2025	03	09	20	30
4	Rr	0	0.000	2025	03	09	20	15
4	Rr	3	0.000	2025	03	09	20	00
4	Rr	2	0.000	2025	03	09	19	45
4	Rr	1	0.000	2025	03	09	19	30
4	Rr	1	0.000	2025	03	09	19	15
4	Rr	2	0.000	2025	03	09	19	00
4	Rr	0	0.000	2025	03	09	18	45
4	Rr	0	0.000	2025	03	09	18	30
4	Rr	1	0.000	2025	03	09	18	15
4	Rr	2	0.000	2025	03	09	18	00
4	Rr	1	0.000	2025	03	09	17	45
4	Rr	1	0.000	2025	03	09	17	30
4	Rr	3	0.000	2025	03	09	17	15
4	Rr	1	0.000	2025	03	09	17	00
4	Rr	1	0.000	2025	03	09	16	45
4	Rr	1	0.000	2025	03	09	16	30
4	Rr	0	0.000	2025	03	09	16	15
4	Rr	1	0.000	2025	03	09	16	00
4	Rr	7	0.000	2025	03	09	15	45
4	Rr	0	0.000	2025	03	09	15	30
4	Rr	1	0.000	2025	03	09	15	15
4	Rr	0	0.000	2025	03	09	15	00
4	Rr	1	0.000	2025	03	09	14	45
4	Rr	8	0.000	2025	03	09	14	30
4	Rr	13	0.001	2025	03	09	14	15
4	Rr	0	0.000	2025	03	09	14	00
4	Rr	6	0.000	2025	03	09	13	45
4	Rr	2	0.000	2025	03	09	13	30
4	Rr	1	0.000	2025	03	09	13	15
4	Rr	1	0.000	2025	03	09	13	00
4	Rr	3	0.000	2025	03	09	12	45
4	Rr	2	0.000	2025	03	09	12	30
4	Rr	5	0.000	2025	03	09	12	15
4	Rr	3	0.000	2025	03	09	12	00
4	Rr	2	0.000	2025	03	09	11	45
4	Rr	1	0.000	2025	03	09	11	30
4	Rr	1	0.000	2025	03	09	11	15
4	Rr	0	0.000	2025	03	09	11	00
4	Rr	1	0.000	2025	03	09	10	45
4	Rr	0	0.000	2025	03	09	10	30
4	Rr	0	0.000	2025	03	09	10	15
4	Rr	0	0.000	2025	03	09	10	00
4	Rr	0	0.000	2025	03	09	09	45
4	Rr	0	0.000	2025	03	09	09	30
4	Rr	1	0.000	2025	03	09	09	15
4	Rr	0	0.000	2025	03	09	09	00
4	Rr	1	0.000	2025	03	09	08	45
4	Rr	0	0.000	2025	03	09	08	30
4	Rr	0	0.000	2025	03	09	08	15
4	Rr	0	0.000	2025	03	09	08	00
4	Rr	4	0.000	2025	03	09	07	45
4	Rr	34	0.001	2025	03	09	07	30
4	Rr	1	0.000	2025	03	09	07	15
4	Rr	3	0.000	2025	03	09	07	00
4	Rr	3	0.000	2025	03	09	06	45
4	Rr	2	0.000	2025	03	09	06	30
4	Rr	3	0.000	2025	03	09	06	15
4	Rr	0	0.000	2025	03	09	06	00
4	Rr	0	0.000	2025	03	09	05	45
4	Rr	0	0.000	2025	03	09	05	30
4	Rr	6	0.000	2025	03	09	05	15
4	Rr	0	0.000	2025	03	09	05	00
4	*BT	R	1092	2025	01	14	01	00
6	Rr	26824	1.035	00	00
6	Rr	24086	0.929	00	15
6	Rr	25280	0.975	00	30
6	Rr	23451	0.905	00	45
6	Rr	21649	0.835	01	00
6	Rr	22920	0.884	01	15
6	Rr	22322	0.861	01	30
6	Rr	24682	0.952	01	45
6	Rr	21367	0.824	02	00
6	Rr	26563	1.025	02	15
6	Rr	24640	0.950	02	30
6	Rr	24710	0.953	02	45
6	Rr	24657	0.951	03	00
6	Rr	24822	0.957	03	15
6	Rr	26621	1.027	03	30
6	Rr	33981	1.311	03	45
6	Rr	30873	1.191	04	00
6	Rr	22017	0.849	04	15
6	Rr	24377	0.940	04	30
6	Rr	25153	0.970	04	45
6	Rr	22544	0.870	05	00
6	Rr	26371	1.017	05	15
6	Rr	24699	0.953	05	30
6	Rr	26906	1.038	05	45
6	Rr	24312	0.938	06	00
6	Rr	21520	0.830	06	15
6	Rr	23919	0.923	06	30
6	Rr	20236	0.781	06	45
6	Rr	22379	0.863	07	00
6	Rr	24110	0.930	07	15
6	Rr	22202	0.856	07	30
6	Rr	21784	0.840	07	45
6	Rr	19898	0.768	08	00
6	Rr	20602	0.795	08	15
6	Rr	22152	0.854	08	30
6	Rr	19012	0.733	08	45
6	Rr	19806	0.764	09	00
6	Rr	20355	0.785	09	15
6	Rr	20883	0.806	09	30
6	Rr	18987	0.732	09	45
6	Rr	19428	0.749	10	00
6	Rr	19707	0.760	10	15
6	Rr	22714	0.876	10	30
6	Rr	21022	0.811	10	45
6	Rr	22666	0.874	11	00
6	Rr	22726	0.877	11	15
6	Rr	21297	0.821	11	30
6	Rr	20547	0.793	11	45
6	Rr	22397	0.864	12	00
6	Rr	20940	0.808	12	15
6	Rr	21279	0.821	12	30
6	Rr	22162	0.855	12	45
6	Rr	22228	0.857	13	00
6	Rr	22918	0.884	13	15
6	Rr	23575	0.909	13	30
6	Rr	23077	0.890	13	45
6	Rr	27738	1.070	14	00
6	Rr	29382	1.133	14	15
6	Rr	28889	1.114	14	30
6	Rr	29503	1.138	14	45
6	Rr	28518	1.100	15	00
6	Rr	31655	1.221	15	15
6	Rr	36187	1.396	15	30
6	Rr	38227	1.475	15	45
6	Rr	43970	1.696	16	00
6	Rr	36311	1.401	16	15
6	Rr	35200	1.358	16	30
6	Rr	36365	1.403	16	45
6	Rr	36055	1.391	17	00
6	Rr	34973	1.349	17	15
6	Rr	36090	1.392	17	30
6	Rr	35663	1.376	17	45
6	Rr	38413	1.482	18	00
6	Rr	32839	1.267	18	15
6	Rr	35787	1.380	18	30
6	Rr	36857	1.422	18	45
6	Rr	36101	1.392	19	00
6	Rr	30494	1.176	19	15
6	Rr	33301	1.284	19	30
6	Rr	36110	1.393	19	45
6	Rr	32884	1.268	20	00
6	Rr	33300	1.284	20	15
6	Rr	33395	1.288	20	30
6	Rr	31459	1.213	20	45
6	Rr	31873	1.229	21	00
6	Rr	30776	1.187	21	15
6	Rr	29611	1.142	21	30
6	Rr	29740	1.147	21	45
6	Rr	28633	1.104	22	00
6	Rr	30878	1.191	22	15
6	Rr	28875	1.114	22	30
6	Rr	27599	1.065	22	45
6	Rr	28491	1.099	23	00
6	Rr	29795	1.149	23	15
6	Rr	22338	0.862	23	30
6	Rr	25904	0.999	23	45
5	Rr	1	0.000	2025	03	10	04	50
5	Rr	0	0.000	2025	03	10	04	45
5	Rr	0	0.000	2025	03	10	04	40
5	Rr	0	0.000	2025	03	10	04	35
5	Rr	5	0.000	2025	03	10	04	30
5	Rr	1	0.000	2025	03	10	04	25
5	Rr	0	0.000	2025	03	10	04	20
5	Rr	0	0.000	2025	03	10	04	15
5	Rr	0	0.000	2025	03	10	04	10
5	Rr	1	0.000	2025	03	10	04	05
5	Rr	0	0.000	2025	03	10	04	00
5	Rr	0	0.000	2025	03	10	03	55
5	Rr	1	0.000	2025	03	10	03	50
5	Rr	0	0.000	2025	03	10	03	45
5	Rr	0	0.000	2025	03	10	03	40
5	Rr	0	0.000	2025	03	10	03	35
5	Rr	1	0.000	2025	03	10	03	30
5	Rr	1	0.000	2025	03	10	03	25
5	Rr	0	0.000	2025	03	10	03	20
5	Rr	0	0.000	2025	03	10	03	15
5	Rr	0	0.000	2025	03	10	03	10
5	Rr	0	0.000	2025	03	10	03	05
5	Rr	0	0.000	2025	03	10	03	00
5	Rr	0	0.000	2025	03	10	02	55
5	Rr	1	0.000	2025	03	10	02	50
5	Rr	2	0.000	2025	03	10	02	45
5	Rr	34	0.001	2025	03	10	02	40
5	Rr	0	0.000	2025	03	10	02	35
5	Rr	0	0.000	2025	03	10	02	30
5	Rr	0	0.000	2025	03	10	02	25
5	Rr	0	0.000	2025	03	10	02	20
5	Rr	0	0.000	2025	03	10	02	15
5	Rr	1	0.000	2025	03	10	02	10
5	Rr	34	0.001	2025	03	10	02	05
5	Rr	0	0.000	2025	03	10	02	00
5	Rr	1	0.000	2025	03	10	01	55
5	Rr	0	0.000	2025	03	10	01	50
5	Rr	1	0.000	2025	03	10	01	45
5	Rr	0	0.000	2025	03	10	01	40
5	Rr	0	0.000	2025	03	10	01	35
5	Rr	0	0.000	2025	03	10	01	30
5	Rr	0	0.000	2025	03	10	01	25
5	Rr	0	0.000	2025	03	10	01	20
5	Rr	1	0.000	2025	03	10	01	15
5	Rr	1	0.000	2025	03	10	01	10
5	Rr	0	0.000	2025	03	10	01	05
5	Rr	0	0.000	2025	03	10	01	00
5	Rr	0	0.000	2025	03	10	00	55
5	Rr	0	0.000	2025	03	10	00	50
5	Rr	1	0.000	2025	03	10	00	45
5	Rr	0	0.000	2025	03	10	00	40
5	Rr	0	0.000	2025	03	10	00	35
5	Rr	0	0.000	2025	03	10	00	30
5	Rr	1	0.000	2025	03	10	00	25
5	Rr	0	0.000	2025	03	10	00	20
5	Rr	0	0.000	2025	03	10	00	15
5	Rr	2	0.000	2025	03	10	00	10
5	Rr	11	0.000	2025	03	10	00	05
5	Rr	0	0.000	2025	03	10	00	00
5	Rr	1	0.000	2025	03	09	23	55
5	Rr	0	0.000	2025	03	09	23	50
5	Rr	0	0.000	2025	03	09	23	45
5	Rr	0	0.000	2025	03	09	23	40
5	Rr	0	0.000	2025	03	09	23	35
5	Rr	0	0.000	2025	03	09	23	30
5	Rr	0	0.000	2025	03	09	23	25
5	Rr	0	0.000	2025	03	09	23	20
5	Rr	0	0.000	2025	03	09	23	15
5	Rr	0	0.000	2025	03	09	23	10
5	Rr	8	0.000	2025	03	09	23	05
5	Rr	0	0.000	2025	03	09	23	00
5	Rr	0	0.000	2025	03	09	22	55
5	Rr	0	0.000	2025	03	09	22	50
5	Rr	0	0.000	2025	03	09	22	45
5	Rr	0	0.000	2025	03	09	22	40
5	Rr	0	0.000	2025	03	09	22	35
5	Rr	0	0.000	2025	03	09	22	30
5	Rr	0	0.000	2025	03	09	22	25
5	Rr	0	0.000	2025	03	09	22	20
5	Rr	0	0.000	2025	03	09	22	15
5	Rr	1	0.000	2025	03	09	22	10
5	Rr	0	0.000	2025	03	09	22	05
5	Rr	0	0.000	2025	03	09	22	00
5	Rr	0	0.000	2025	03	09	21	55
5	Rr	0	0.000	2025	03	09	21	50
5	Rr	0	0.000	2025	03	09	21	45
5	Rr	1	0.000	2025	03	09	21	40
5	Rr	0	0.000	2025	03	09	21	35
5	Rr	0	0.000	2025	03	09	21	30
5	Rr	0	0.000	2025	03	09	21	25
5	Rr	0	0.000	2025	03	09	21	20
5	Rr	0	0.000	2025	03	09	21	15
5	Rr	0	0.000	2025	03	09	21	10
5	Rr	1	0.000	2025	03	09	21	05
5	Rr	0	0.000	2025	03	09	21	00
5	Rr	1	0.000	2025	03	09	20	55
5	Rr	1	0.000	2025	03	09	20	50
5	Rr	0	0.000	2025	03	09	20	45
5	Rr	1	0.000	2025	03	09	20	40
5	Rr	0	0.000	2025	03	09	20	35
5	Rr	0	0.000	2025	03	09	20	30
5	Rr	0	0.000	2025	03	09	20	25
5	Rr	0	0.000	2025	03	09	20	20
5	Rr	0	0.000	2025	03	09	20	15
5	Rr	3	0.000	2025	03	09	20	10
5	Rr	0	0.000	2025	03	09	20	05
5	Rr	0	0.000	2025	03	09	20	00
5	Rr	0	0.000	2025	03	09	19	55
5	Rr	2	0.000	2025	03	09	19	50
5	Rr	0	0.000	2025	03	09	19	45
5	Rr	0	0.000	2025	03	09	19	40
5	Rr	0	0.000	2025	03	09	19	35
5	Rr	1	0.000	2025	03	09	19	30
5	Rr	0	0.000	2025	03	09	19	25
5	Rr	1	0.000	2025	03	09	19	20
5	Rr	0	0.000	2025	03	09	19	15
5	Rr	0	0.000	2025	03	09	19	10
5	Rr	1	0.000	2025	03	09	19	05
5	Rr	1	0.000	2025	03	09	19	00
5	Rr	0	0.000	2025	03	09	18	55
5	Rr	0	0.000	2025	03	09	18	50
5	Rr	0	0.000	2025	03	09	18	45
5	Rr	0	0.000	2025	03	09	18	40
5	Rr	0	0.000	2025	03	09	18	35
5	Rr	0	0.000	2025	03	09	18	30
5	Rr	0	0.000	2025	03	09	18	25
5	Rr	1	0.000	2025	03	09	18	20
5	Rr	0	0.000	2025	03	09	18	15
5	Rr	0	0.000	2025	03	09	18	10
5	Rr	1	0.000	2025	03	09	18	05
5	Rr	1	0.000	2025	03	09	18	00
5	Rr	0	0.000	2025	03	09	17	55
5	Rr	1	0.000	2025	03	09	17	50
5	Rr	0	0.000	2025	03	09	17	45
5	Rr	0	0.000	2025	03	09	17	40
5	Rr	1	0.000	2025	03	09	17	35
5	Rr	0	0.000	2025	03	09	17	30
5	Rr	0	0.000	2025	03	09	17	25
5	Rr	2	0.000	2025	03	09	17	20
5	Rr	1	0.000	2025	03	09	17	15
5	Rr	0	0.000	2025	03	09	17	10
5	Rr	1	0.000	2025	03	09	17	05
5	Rr	0	0.000	2025	03	09	17	00
5	Rr	1	0.000	2025	03	09	16	55
5	Rr	0	0.000	2025	03	09	16	50
5	Rr	0	0.000	2025	03	09	16	45
5	Rr	0	0.000	2025	03	09	16	40
5	Rr	1	0.000	2025	03	09	16	35
5	Rr	0	0.000	2025	03	09	16	30
5	Rr	0	0.000	2025	03	09	16	25
5	Rr	0	0.000	2025	03	09	16	20
5	Rr	0	0.000	2025	03	09	16	15
5	Rr	0	0.000	2025	03	09	16	10
5	Rr	1	0.000	2025	03	09	16	05
5	Rr	0	0.000	2025	03	09	16	00
5	Rr	7	0.000	2025	03	09	15	55
5	Rr	0	0.000	2025	03	09	15	50
5	Rr	0	0.000	2025	03	09	15	45
5	Rr	0	0.000	2025	03	09	15	40
5	Rr	0	0.000	2025	03	09	15	35
5	Rr	0	0.000	2025	03	09	15	30
5	Rr	0	0.000	2025	03	09	15	25
5	Rr	1	0.000	2025	03	09	15	20
5	Rr	0	0.000	2025	03	09	15	15
5	Rr	0	0.000	2025	03	09	15	10
5	Rr	0	0.000	2025	03	09	15	05
5	Rr	0	0.000	2025	03	09	15	00
5	Rr	1	0.000	2025	03	09	14	55
5	Rr	0	0.000	2025	03	09	14	50
5	Rr	0	0.000	2025	03	09	14	45
5	Rr	0	0.000	2025	03	09	14	40
5	Rr	1	0.000	2025	03	09	14	35
5	Rr	7	0.000	2025	03	09	14	30
5	Rr	4	0.000	2025	03	09	14	25
5	Rr	0	0.000	2025	03	09	14	20
5	Rr	9	0.000	2025	03	09	14	15
5	Rr	0	0.000	2025	03	09	14	10
5	Rr	0	0.000	2025	03	09	14	05
5	Rr	0	0.000	2025	03	09	14	00
5	Rr	1	0.000	2025	03	09	13	55
5	Rr	0	0.000	2025	03	09	13	50
5	Rr	5	0.000	2025	03	09	13	45
5	Rr	1	0.000	2025	03	09	13	40
5	Rr	1	0.000	2025	03	09	13	35
5	Rr	0	0.000	2025	03	09	13	30
5	Rr	0	0.000	2025	03	09	13	25
5	Rr	0	0.000	2025	03	09	13	20
5	Rr	1	0.000	2025	03	09	13	15
5	Rr	0	0.000	2025	03	09	13	10
5	Rr	0	0.000	2025	03	09	13	05
5	Rr	1	0.000	2025	03	09	13	00
5	Rr	0	0.000	2025	03	09	12	55
5	Rr	0	0.000	2025	03	09	12	50
5	Rr	3	0.000	2025	03	09	12	45
5	Rr	2	0.000	2025	03	09	12	40
5	Rr	0	0.000	2025	03	09	12	35
5	Rr	0	0.000	2025	03	09	12	30
5	Rr	0	0.000	2025	03	09	12	25
5	Rr	0	0.000	2025	03	09	12	20
5	Rr	5	0.000	2025	03	09	12	15
5	Rr	0	0.000	2025	03	09	12	10
5	Rr	2	0.000	2025	03	09	12	05
5	Rr	1	0.000	2025	03	09	12	00
5	Rr	1	0.000	2025	03	09	11	55
5	Rr	1	0.000	2025	03	09	11	50
5	Rr	0	0.000	2025	03	09	11	45
5	Rr	0	0.000	2025	03	09	11	40
5	Rr	0	0.000	2025	03	09	11	35
5	Rr	1	0.000	2025	03	09	11	30
5	Rr	1	0.000	2025	03	09	11	25
5	Rr	0	0.000	2025	03	09	11	20
5	Rr	0	0.000	2025	03	09	11	15
5	Rr	0	0.000	2025	03	09	11	10
5	Rr	0	0.000	2025	03	09	11	05
5	Rr	0	0.000	2025	03	09	11	00
5	Rr	0	0.000	2025	03	09	10	55
5	Rr	0	0.000	2025	03	09	10	50
5	Rr	1	0.000	2025	03	09	10	45
5	Rr	0	0.000	2025	03	09	10	40
5	Rr	0	0.000	2025	03	09	10	35
5	Rr	0	0.000	2025	03	09	10	30
5	Rr	0	0.000	2025	03	09	10	25
5	Rr	0	0.000	2025	03	09	10	20
5	Rr	0	0.000	2025	03	09	10	15
5	Rr	0	0.000	2025	03	09	10	10
5	Rr	0	0.000	2025	03	09	10	05
5	Rr	0	0.000	2025	03	09	10	00
5	Rr	0	0.000	2025	03	09	09	55
5	Rr	0	0.000	2025	03	09	09	50
5	Rr	0	0.000	2025	03	09	09	45
5	Rr	0	0.000	2025	03	09	09	40
5	Rr	0	0.000	2025	03	09	09	35
5	Rr	0	0.000	2025	03	09	09	30
5	Rr	1	0.000	2025	03	09	09	25
5	Rr	0	0.000	2025	03	09	09	20
5	Rr	0	0.000	2025	03	09	09	15
5	Rr	0	0.000	2025	03	09	09	10
5	Rr	0	0.000	2025	03	09	09	05
5	Rr	0	0.000	2025	03	09	09	00
5	Rr	0	0.000	2025	03	09	08	55
5	Rr	0	0.000	2025	03	09	08	50
5	Rr	1	0.000	2025	03	09	08	45
5	Rr	0	0.000	2025	03	09	08	40
5	Rr	0	0.000	2025	03	09	08	35
5	Rr	0	0.000	2025	03	09	08	30
5	Rr	0	0.000	2025	03	09	08	25
5	Rr	0	0.000	2025	03	09	08	20
5	Rr	0	0.000	2025	03	09	08	15
5	Rr	0	0.000	2025	03	09	08	10
5	Rr	0	0.000	2025	03	09	08	05
5	Rr	0	0.000	2025	03	09	08	00
5	Rr	3	0.000	2025	03	09	07	55
5	Rr	1	0.000	2025	03	09	07	50
5	Rr	0	0.000	2025	03	09	07	45
5	Rr	32	0.001	2025	03	09	07	40
5	Rr	1	0.000	2025	03	09	07	35
5	Rr	1	0.000	2025	03	09	07	30
5	Rr	0	0.000	2025	03	09	07	25
5	Rr	0	0.000	2025	03	09	07	20
5	Rr	1	0.000	2025	03	09	07	15
5	Rr	1	0.000	2025	03	09	07	10
5	Rr	0	0.000	2025	03	09	07	05
5	Rr	2	0.000	2025	03	09	07	00
5	Rr	0	0.000	2025	03	09	06	55
5	Rr	1	0.000	2025	03	09	06	50
5	Rr	2	0.000	2025	03	09	06	45
5	Rr	1	0.000	2025	03	09	06	40
5	Rr	0	0.000	2025	03	09	06	35
5	Rr	1	0.000	2025	03	09	06	30
5	Rr	2	0.000	2025	03	09	06	25
5	Rr	0	0.000	2025	03	09	06	20
5	Rr	1	0.000	2025	03	09	06	15
5	Rr	0	0.000	2025	03	09	06	10
5	Rr	0	0.000	2025	03	09	06	05
5	Rr	0	0.000	2025	03	09	06	00
5	Rr	0	0.000	2025	03	09	05	55
5	Rr	0	0.000	2025	03	09	05	50
5	Rr	0	0.000	2025	03	09	05	45
5	Rr	0	0.000	2025	03	09	05	40
5	Rr	0	0.000	2025	03	09	05	35
5	Rr	0	0.000	2025	03	09	05	30
5	Rr	6	0.000	2025	03	09	05	25
5	Rr	0	0.000	2025	03	09	05	20
5	Rr	0	0.000	2025	03	09	05	15
5	Rr	0	0.000	2025	03	09	05	10
5	Rr	0	0.000	2025	03	09	05	05
5	Rr	0	0.000	2025	03	09	05	00
5	Rr	2	0.000	2025	03	09	04	55
5	*BT	R	1092	2025	01	14	01	05
7	Rr	8546	0.330	00	00
7	Rr	8774	0.338	00	05
7	Rr	9504	0.367	00	10
7	Rr	6361	0.245	00	15
7	Rr	7416	0.286	00	20
7	Rr	10309	0.398	00	25
7	Rr	8281	0.319	00	30
7	Rr	9239	0.356	00	35
7	Rr	7760	0.299	00	40
7	Rr	7592	0.293	00	45
7	Rr	7470	0.288	00	50
7	Rr	8389	0.324	00	55
7	Rr	6913	0.267	01	00
7	Rr	8015	0.309	01	05
7	Rr	6721	0.259	01	10
7	Rr	7458	0.288	01	15
7	Rr	8359	0.322	01	20
7	Rr	7103	0.274	01	25
7	Rr	7391	0.285	01	30
7	Rr	7144	0.276	01	35
7	Rr	7787	0.300	01	40
7	Rr	7677	0.296	01	45
7	Rr	9414	0.363	01	50
7	Rr	7591	0.293	01	55
7	Rr	7118	0.275	02	00
7	Rr	7603	0.293	02	05
7	Rr	6646	0.256	02	10
7	Rr	9138	0.352	02	15
7	Rr	7905	0.305	02	20
7	Rr	9520	0.367	02	25
7	Rr	8423	0.325	02	30
7	Rr	7059	0.272	02	35
7	Rr	9158	0.353	02	40
7	Rr	8724	0.337	02	45
7	Rr	7592	0.293	02	50
7	Rr	8394	0.324	02	55
7	Rr	9200	0.355	03	00
7	Rr	7128	0.275	03	05
7	Rr	8329	0.321	03	10
7	Rr	8112	0.313	03	15
7	Rr	7587	0.293	03	20
7	Rr	9123	0.352	03	25
7	Rr	8847	0.341	03	30
7	Rr	8008	0.309	03	35
7	Rr	9766	0.377	03	40
7	Rr	9524	0.367	03	45
7	Rr	12000	0.463	03	50
7	Rr	12457	0.480	03	55
7	Rr	12149	0.469	04	00
7	Rr	9785	0.377	04	05
7	Rr	8939	0.345	04	10
7	Rr	7864	0.303	04	15
7	Rr	6811	0.263	04	20
7	Rr	7342	0.283	04	25
7	Rr	7720	0.298	04	30
7	Rr	7959	0.307	04	35
7	Rr	8698	0.336	04	40
7	Rr	8305	0.320	04	45
7	Rr	8768	0.338	04	50
7	Rr	8080	0.312	04	55
7	Rr	8186	0.316	05	00
7	Rr	7064	0.272	05	05
7	Rr	7294	0.281	05	10
7	Rr	9661	0.373	05	15
7	Rr	8198	0.316	05	20
7	Rr	8512	0.328	05	25
7	Rr	7139	0.275	05	30
7	Rr	8750	0.338	05	35
7	Rr	8810	0.340	05	40
7	Rr	9946	0.384	05	45
7	Rr	8839	0.341	05	50
7	Rr	8121	0.313	05	55
7	Rr	7254	0.280	06	00
7	Rr	9082	0.350	06	05
7	Rr	7976	0.308	06	10
7	Rr	8098	0.312	06	15
7	Rr	5749	0.222	06	20
7	Rr	7673	0.296	06	25
7	Rr	8300	0.320	06	30
7	Rr	8086	0.312	06	35
7	Rr	7533	0.291	06	40
7	Rr	7152	0.276	06	45
7	Rr	6958	0.268	06	50
7	Rr	6126	0.236	06	55
7	Rr	9073	0.350	07	00
7	Rr	6409	0.247	07	05
7	Rr	6897	0.266	07	10
7	Rr	7315	0.282	07	15
7	Rr	8108	0.313	07	20
7	Rr	8687	0.335	07	25
7	Rr	8835	0.341	07	30
7	Rr	6820	0.263	07	35
7	Rr	6547	0.253	07	40
7	Rr	9425	0.364	07	45
7	Rr	5568	0.215	07	50
7	Rr	6791	0.262	07	55
7	Rr	6686	0.258	08	00
7	Rr	6166	0.238	08	05
7	Rr	7046	0.272	08	10
7	Rr	6598	0.255	08	15
7	Rr	6912	0.267	08	20
7	Rr	7092	0.274	08	25
7	Rr	6746	0.260	08	30
7	Rr	7110	0.274	08	35
7	Rr	8296	0.320	08	40
7	Rr	6992	0.270	08	45
7	Rr	5861	0.226	08	50
7	Rr	6159	0.238	08	55
7	Rr	6276	0.242	09	00
7	Rr	6815	0.263	09	05
7	Rr	6715	0.259	09	10
7	Rr	5583	0.215	09	15
7	Rr	6581	0.254	09	20
7	Rr	8191	0.316	09	25
7	Rr	6509	0.251	09	30
7	Rr	7209	0.278	09	35
7	Rr	7165	0.276	09	40
7	Rr	7500	0.289	09	45
7	Rr	5714	0.220	09	50
7	Rr	5773	0.223	09	55
7	Rr	6846	0.264	10	00
7	Rr	5928	0.229	10	05
7	Rr	6654	0.257	10	10
7	Rr	6289	0.243	10	15
7	Rr	6574	0.254	10	20
7	Rr	6844	0.264	10	25
7	Rr	7637	0.295	10	30
7	Rr	7523	0.290	10	35
7	Rr	7554	0.291	10	40
7	Rr	6909	0.266	10	45
7	Rr	7649	0.295	10	50
7	Rr	6464	0.249	10	55
7	Rr	8766	0.338	11	00
7	Rr	6946	0.268	11	05
7	Rr	6954	0.268	11	10
7	Rr	6992	0.270	11	15
7	Rr	7406	0.286	11	20
7	Rr	8328	0.321	11	25
7	Rr	8042	0.310	11	30
7	Rr	6322	0.244	11	35
7	Rr	6933	0.267	11	40
7	Rr	6697	0.258	11	45
7	Rr	7023	0.271	11	50
7	Rr	6827	0.263	11	55
7	Rr	7016	0.271	12	00
7	Rr	7577	0.292	12	05
7	Rr	7804	0.301	12	10
7	Rr	7593	0.293	12	15
7	Rr	6653	0.257	12	20
7	Rr	6694	0.258	12	25
7	Rr	7628	0.294	12	30
7	Rr	6871	0.265	12	35
7	Rr	6780	0.262	12	40
7	Rr	6481	0.250	12	45
7	Rr	8074	0.311	12	50
7	Rr	7607	0.293	12	55
7	Rr	7845	0.303	13	00
7	Rr	6833	0.264	13	05
7	Rr	7550	0.291	13	10
7	Rr	7741	0.299	13	15
7	Rr	7636	0.295	13	20
7	Rr	7541	0.291	13	25
7	Rr	7603	0.293	13	30
7	Rr	7658	0.295	13	35
7	Rr	8314	0.321	13	40
7	Rr	7204	0.278	13	45
7	Rr	8487	0.327	13	50
7	Rr	7386	0.285	13	55
7	Rr	10263	0.396	14	00
7	Rr	8812	0.340	14	05
7	Rr	8663	0.334	14	10
7	Rr	9635	0.372	14	15
7	Rr	10279	0.396	14	20
7	Rr	9468	0.365	14	25
7	Rr	9109	0.351	14	30
7	Rr	9983	0.385	14	35
7	Rr	9797	0.378	14	40
7	Rr	9642	0.372	14	45
7	Rr	9322	0.360	14	50
7	Rr	10539	0.407	14	55
7	Rr	9769	0.377	15	00
7	Rr	8744	0.337	15	05
7	Rr	10005	0.386	15	10
7	Rr	9003	0.347	15	15
7	Rr	12677	0.489	15	20
7	Rr	9975	0.385	15	25
7	Rr	12182	0.470	15	30
7	Rr	11141	0.430	15	35
7	Rr	12864	0.496	15	40
7	Rr	9478	0.366	15	45
7	Rr	11159	0.430	15	50
7	Rr	17590	0.678	15	55
7	Rr	15862	0.612	16	00
7	Rr	13938	0.538	16	05
7	Rr	14170	0.547	16	10
7	Rr	12330	0.476	16	15
7	Rr	11667	0.450	16	20
7	Rr	12314	0.475	16	25
7	Rr	11239	0.434	16	30
7	Rr	11551	0.446	16	35
7	Rr	12410	0.479	16	40
7	Rr	12961	0.500	16	45
7	Rr	12208	0.471	16	50
7	Rr	11196	0.432	16	55
7	Rr	12313	0.475	17	00
7	Rr	12928	0.499	17	05
7	Rr	10814	0.417	17	10
7	Rr	12341	0.476	17	15
7	Rr	11617	0.448	17	20
7	Rr	11015	0.425	17	25
7	Rr	12270	0.473	17	30
7	Rr	12245	0.472	17	35
7	Rr	11575	0.446	17	40
7	Rr	11924	0.460	17	45
7	Rr	11865	0.458	17	50
7	Rr	11874	0.458	17	55
7	Rr	14199	0.548	18	00
7	Rr	13140	0.507	18	05
7	Rr	11074	0.427	18	10
7	Rr	11405	0.440	18	15
7	Rr	11132	0.429	18	20
7	Rr	10302	0.397	18	25
7	Rr	12399	0.478	18	30
7	Rr	10261	0.396	18	35
7	Rr	13127	0.506	18	40
7	Rr	11238	0.433	18	45
7	Rr	13429	0.518	18	50
7	Rr	12190	0.470	18	55
7	Rr	12208	0.471	19	00
7	Rr	11144	0.430	19	05
7	Rr	12749	0.492	19	10
7	Rr	10036	0.387	19	15
7	Rr	10122	0.390	19	20
7	Rr	10336	0.399	19	25
7	Rr	10673	0.412	19	30
7	Rr	12240	0.472	19	35
7	Rr	10388	0.401	19	40
7	Rr	12246	0.472	19	45
7	Rr	11134	0.429	19	50
7	Rr	12730	0.491	19	55
7	Rr	12081	0.466	20	00
7	Rr	10337	0.399	20	05
7	Rr	10466	0.404	20	10
7	Rr	9484	0.366	20	15
7	Rr	12375	0.477	20	20
7	Rr	11441	0.441	20	25
7	Rr	11543	0.445	20	30
7	Rr	11945	0.461	20	35
7	Rr	9907	0.382	20	40
7	Rr	11136	0.430	20	45
7	Rr	11264	0.434	20	50
7	Rr	9059	0.349	20	55
7	Rr	10155	0.392	21	00
7	Rr	10564	0.407	21	05
7	Rr	11154	0.430	21	10
7	Rr	10588	0.408	21	15
7	Rr	10118	0.390	21	20
7	Rr	10070	0.388	21	25
7	Rr	9937	0.383	21	30
7	Rr	10240	0.395	21	35
7	Rr	9434	0.364	21	40
7	Rr	11332	0.437	21	45
7	Rr	10072	0.389	21	50
7	Rr	8336	0.322	21	55
7	Rr	9715	0.375	22	00
7	Rr	8444	0.326	22	05
7	Rr	10474	0.404	22	10
7	Rr	10506	0.405	22	15
7	Rr	10274	0.396	22	20
7	Rr	10098	0.390	22	25
7	Rr	10774	0.416	22	30
7	Rr	9402	0.363	22	35
7	Rr	8699	0.336	22	40
7	Rr	9586	0.370	22	45
7	Rr	9004	0.347	22	50
7	Rr	9009	0.347	22	55
7	Rr	9154	0.353	23	00
7	Rr	8949	0.345	23	05
7	Rr	10388	0.401	23	10
7	Rr	9713	0.375	23	15
7	Rr	11689	0.451	23	20
7	Rr	8393	0.324	23	25
7	Rr	7341	0.283	23	30
7	Rr	7072	0.273	23	35
7	Rr	7925	0.306	23	40
7	Rr	8069	0.311	23	45
7	Rr	9226	0.356	23	50
7	Rr	8609	0.332	23	55
o	*f	0R	r
o	lRQ	1	2592534	2257667527	[unresolved numerical addresses]
Z	*f	-20R	r
Z	lRb	1	135502	2.566	66.249
Z	lRb	1	93231	1.794	34
Z	lRb	1	88333	3.582	98
Z	lRb	1	71430	2.524	51
Z	lRb	1	68568	2.025	35
Z	lRb	1	60235	0.003	205.254
Z	lRb	1	47994	1.401	69
Z	lRb	1	46168	1.170	104
Z	lRb	1	45218	2.897	54
Z	lRb	1	41614	0.000	216.147
Z	lRb	1	41341	0.506	49
Z	lRb	1	37205	0.734	47
Z	lRb	1	35912	0.001	66.9
Z	lRb	1	35637	1.032	52
Z	lRb	1	35402	2.331	40
Z	lRb	1	34148	0.945	123
Z	lRb	1	29799	0.344	45
Z	lRb	1	29057	1.160	76
Z	lRb	1	27361	2.469	157.55
Z	lRb	1	27044	0.641	46
Z	lRb	1	1561335	71.874	[not listed: 9548]
S	*f	-50P	r
S	Rb	9523	0.003	66.249.66.195
S	Rb	8842	0.000	66.249.66.196
S	Rb	7248	0.000	66.249.66.197
S	Rb	6634	0.000	66.249.66.72
S	Rb	5727	0.222	216.244.66.229
S	Rb	5563	0.000	66.249.66.73
S	Rb	5334	0.001	66.249.66.74
S	Rb	4702	0.294	14.33.246.211
S	Rb	4429	0.027	162.55.85.223
S	Rb	4428	0.107	68.66.226.98
S	Rb	3517	0.000	66.249.66.166
S	Rb	3401	0.097	51.222.253.16
S	Rb	3394	0.120	51.222.253.7
S	Rb	3248	0.184	192.99.15.146
S	Rb	3226	0.121	51.222.253.1
S	Rb	3196	0.121	51.222.253.18
S	Rb	3186	0.106	51.222.253.6
S	Rb	3171	0.107	51.222.253.14
S	Rb	3150	0.117	51.222.253.5
S	Rb	3074	0.122	51.222.253.17
S	Rb	2686	0.076	40.88.21.235
S	Rb	2542	0.020	49.7.20.111
S	Rb	2489	0.009	49.7.20.105
S	Rb	2255	0.009	78.129.149.5
S	Rb	2232	0.000	66.249.66.164
S	Rb	2216	0.000	82.16.45.40
S	Rb	2091	0.000	66.249.66.165
S	Rb	1992	0.051	66.249.75.109
S	Rb	1829	0.111	37.59.14.116
S	Rb	1783	0.014	52.35.20.1
S	Rb	1781	0.161	75.98.173.33
S	Rb	1736	0.215	79.125.27.96
S	Rb	1703	0.028	212.99.44.81
S	Rb	1597	0.097	78.155.138.20
S	Rb	1566	0.000	62.194.247.203
S	Rb	1543	0.055	199.21.99.79
S	Rb	1534	0.016	52.35.117.102
S	Rb	1467	0.000	49.7.20.135
S	Rb	1459	0.008	92.249.127.111
S	Rb	1373	0.003	34.73.206.133
S	Rb	1352	0.045	49.7.20.102
S	Rb	1330	0.014	109.102.111.58
S	Rb	1304	0.144	5.196.13.127
S	Rb	1285	0.033	144.76.27.118
S	Rb	1276	0.089	208.115.113.82
S	Rb	1270	0.048	95.108.248.29
S	Rb	1249	0.009	195.191.219.131
S	Rb	1246	0.011	195.191.219.132
S	Rb	1200	0.008	195.191.219.133
S	Rb	1199	0.000	35.196.21.185
S	Rb	2446956	96.976	[not listed: 123626]
s	*FR	2013	12	18	21	53
s	*LR	2025	03	10	02	43
s	*f	-20R	s
s	lRS	1	861455	1146	http://www.gtaeronautics.com/
s	lRS	1	303915	701	http://gtaeronautics.com/
s	lRS	1	14403	12	https://www.google.com/
s	lRS	1	817	4	https://www.bing.com/
s	lRS	1	490	1	https://www.griffinarchitectspa.com/
s	lRS	1	1985	0	http://www.google.com/
s	lRS	1	1407	0	http://www.baidu.com/
s	lRS	1	1281	0	https://m.baidu.com/
s	lRS	1	1159	0	http://www.trainingindustry.com/
s	lRS	1	613	0	https://quark.sm.cn/
s	lRS	1	609	0	http://www.mfgpages.com/
s	lRS	1	604	0	http://www.openfos.com/
s	lRS	1	580	0	http://baidu.com/
s	lRS	1	517	0	http://www.topicway.com/
s	lRS	1	488	0	https://google.com/
s	lRS	1	462	0	http://anti-crisis-seo.com/
s	lRS	1	420	0	http://122.144.179.12/
s	lRS	1	409	0	https://www.thomasnet.com/
s	lRS	1	395	0	http://uptime.com/
s	lRS	1	362	0	http://semalt.semalt.com/
s	lRS	1	53395	6	[not listed: 4476]
f	*FR	2013	12	18	21	53
f	*LR	2025	03	10	02	43
f	*f	-30R	s
f	lRS	1	660555	1003	http://www.gtaeronautics.com/
f	lRS	1	145151	315	http://gtaeronautics.com/
f	lRS	1	78995	237	http://gtaeronautics.com/CompNews.html
f	lRS	1	8957	30	http://www.gtaeronautics.com/GT380 RPAS.html
f	lRS	1	7322	28	http://gtaeronautics.com/contactus.html
f	lRS	1	4505	26	http://gtaeronautics.com/CCT&M.html
f	lRS	1	28380	18	http://www.gtaeronautics.com/aboutus.html
f	lRS	1	23705	18	http://www.gtaeronautics.com/index.html
f	lRS	1	9568	18	http://www.gtaeronautics.com/contactus.html
f	lRS	1	14053	14	http://www.gtaeronautics.com/CCT&M.html
f	lRS	1	4501	13	http://gtaeronautics.com/ConsultingA.html
f	lRS	1	13494	12	https://www.google.com/
f	lRS	1	4324	7	http://www.gtaeronautics.com/CFMT.html
f	lRS	1	6034	6	http://gtaeronautics.com/aboutus.html
f	lRS	1	5239	6	http://www.gtaeronautics.com/IndNews.html
f	lRS	1	23791	4	http://gtaeronautics.com/links.html
f	lRS	1	8200	4	http://www.gtaeronautics.com/compnews.html
f	lRS	1	6202	4	http://www.gtaeronautics.com/GT1500 RPAS.html
f	lRS	1	6475	2	http://www.gtaeronautics.com/GT50T RPAS.html
f	lRS	1	6021	2	http://gtaeronautics.com/index.html
f	lRS	1	5794	1	http://www.gtaeronautics.com/pna.html
f	lRS	1	12562	0	http://www.gtaeronautics.com/UASFC.html
f	lRS	1	9572	0	http://www.gtaeronautics.com/CompNews.html
f	lRS	1	9245	0	http://www.gtaeronautics.com/ConsultingA.html
f	lRS	1	7046	0	http://www.gtaeronautics.com/SRU.html
f	lRS	1	6289	0	http://gtaeronautics.com/IndNews.html
f	lRS	1	5903	0	http://www.gtaeronautics.com/RD.html
f	lRS	1	4878	0	http://www.gtaeronautics.com/GT100HL RPAS.html
f	lRS	1	4382	0	http://www.gtaeronautics.com/consultinga.html
f	lRS	1	3150	0	http://www.gtaeronautics.com/uasfc.html
f	lRS	1	111473	102	[not listed: 5232]
n	*FR	2013	12	19	00	28
n	*LR	2020	10	14	09	11
n	*f	0.500000%Q	s
n	Rq	1	6.724	kit
n	Rq	2	13.447	crew
n	Rq	1	6.724	method
n	Rq	28	147.919	aeronautical
n	Rq	1	6.724	airplane.com
n	Rq	5	33.618	faa
n	Rq	40	39.192	gt
n	Rq	1	6.724	moldings
n	Rq	1	6.724	taranis
n	Rq	1	6.724	twin
n	Rq	2	6.724	installerex
n	Rq	2	6.724	http://gtaeronautics.com/
n	Rq	20	67.236	in
n	Rq	1	6.724	scale
n	Rq	1	6.724	observer
n	Rq	1	6.724	drawing?
n	Rq	2	6.724	is
n	Rq	1	6.724	making
n	Rq	2	13.447	fiber
n	Rq	1	6.724	mitsubishi
n	Rq	1	6.724	fuze
n	Rq	1	6.724	http://www.gtaeronautics.com/indnews.html
n	Rq	1	6.724	consultant
n	Rq	92	6.724	semalt.com
n	Rq	15	26.894	manufacturing
n	Rq	1	6.724	2
n	Rq	1	6.724	base
n	Rq	14	94.130	6
n	Rq	1	6.724	http://gtaeronautics.com/indnews.html
n	Rq	1	6.724	always
n	Rq	28	19.022	engineering
n	Rq	1	6.724	northrop
n	Rq	1	6.724	bandwidth
n	Rq	1	6.724	vegas
n	Rq	3	13.447	basic
n	Rq	1	6.724	qinetiq
n	Rq	1	6.724	tooling
n	Rq	1	6.724	heavy
n	Rq	1	6.724	on
n	Rq	9	53.789	drawings
n	Rq	1	6.724	fia
n	Rq	4	6.724	louis%20vuitton%20fashion%20valley%20phone%20number
n	Rq	3	20.171	rullman
n	Rq	3	6.724	llc
n	Rq	1	6.724	cowling
n	Rq	32	20.171	sale
n	Rq	64	40.341	outlet
n	Rq	1	6.724	rotax
n	Rq	1	6.724	ucav
n	Rq	28	12.298	texan
n	Rq	1	6.724	a
n	Rq	2	6.724	customer
n	Rq	1	6.724	rpa
n	Rq	2	13.447	110cc
n	Rq	30	6.724	designer
n	Rq	20	33.618	www.gtaeronautics.com
n	Rq	1	6.724	work
n	Rq	1	6.724	thomas
n	Rq	1	6.724	engie
n	Rq	1	6.724	qualification
n	Rq	1	6.724	custom
n	Rq	1	6.724	mk3
n	Rq	1	6.724	t
n	Rq	1	6.724	w
n	Rq	1	6.724	uavs
n	Rq	2	6.724	satisfaction
n	Rq	2	13.447	x
n	Rq	1	6.724	crews
n	Rq	3	6.724	photos
n	Rq	1	6.724	finnemeccia
n	Rq	2	13.447	glass
n	Rq	1	20.171	to
n	Rq	5	33.618	engineer
n	Rq	1	6.724	government
n	Rq	1	6.724	gcs
n	Rq	1	6.724	operator
n	Rq	1	6.724	with
n	Rq	6	40.341	aircraft
n	Rq	97	13.447	number
n	Rq	4	20.171	for
n	Rq	2	13.447	aero
n	Rq	1	6.724	december
n	Rq	9	13.447	equipment
n	Rq	2	13.447	engine
n	Rq	1	6.724	mq1
n	Rq	2	13.447	wy
n	Rq	1	6.724	custum
n	Rq	1	6.724	g.t
n	Rq	1	6.724	mechanics
n	Rq	1	13.447	motors
n	Rq	1	6.724	tdw
n	Rq	32	33.618	luggage
n	Rq	1	6.724	opportunities
n	Rq	175	114.301	vuitton
n	Rq	1	20.171	the
n	Rq	1	6.724	show
n	Rq	1	6.724	luggages
n	Rq	1	6.724	stroke
n	Rq	2	6.724	explore
n	Rq	39	13.447	handbags
n	Rq	2	13.447	electric
n	Rq	1	13.447	air
n	Rq	1	6.724	space
n	Rq	1	6.724	quote
n	Rq	1	6.724	require
n	Rq	1	6.724	mpp
n	Rq	4	13.447	jobs
n	Rq	5	33.618	uas
n	Rq	1	6.724	anything
n	Rq	1	6.724	china
n	Rq	1	6.724	airplane
n	Rq	10	67.236	uav
n	Rq	2	6.724	wmaid.com
n	Rq	3	26.894	drone
n	Rq	2	6.724	facebook
n	Rq	7	47.065	fiberglass
n	Rq	1	6.724	college
n	Rq	4	26.894	onboard
n	Rq	3	13.447	gtaeronautics.com
n	Rq	1	6.724	qulificationa
n	Rq	21	87.407	simi
n	Rq	1	6.724	and
n	Rq	5	20.171	flight
n	Rq	17	87.407	at6
n	Rq	1	6.724	xtreme
n	Rq	1	6.724	maintenance
n	Rq	1	6.724	cody
n	Rq	1	6.724	any
n	Rq	1	6.724	tom
n	Rq	1	6.724	systems
n	Rq	1	6.724	payload
n	Rq	2	13.447	gta
n	Rq	2	6.724	granger
n	Rq	8	47.065	extreme
n	Rq	6	33.618	molding
n	Rq	2	6.724	easylifeapp
n	Rq	1	6.724	rating
n	Rq	2	6.724	whitelaw
n	Rq	126	47.065	fashion
n	Rq	2	13.447	ice
n	Rq	2	6.724	http://www.gtaeronautics.com/compnews.html
n	Rq	5	13.447	engineers
n	Rq	3	13.447	composite
n	Rq	1	6.724	skyforce
n	Rq	1	6.724	eengineer
n	Rq	175	114.301	louis
n	Rq	4	26.894	starter
n	Rq	8	6.724	store
n	Rq	14	26.894	cheap
n	Rq	10	60.512	bme
n	Rq	1	6.724	diamond
n	Rq	1	6.724	america2009
n	Rq	7	6.724	content
n	Rq	2	13.447	aeronautic
n	Rq	1	6.724	challenge
n	Rq	1	6.724	piece
n	Rq	1	6.724	how
n	Rq	1	6.724	male
n	Rq	2	13.447	design
n	Rq	2	13.447	flying
n	Rq	1	6.724	carbon
n	Rq	1	6.724	operation
n	Rq	2	6.724	profile
n	Rq	1	6.724	tomas
n	Rq	1	6.724	cia
n	Rq	1	6.724	hummingbird
n	Rq	1	6.724	iron
n	Rq	1	6.724	california
n	Rq	1	6.724	amphibian
n	Rq	1	6.724	110
n	Rq	1	6.724	mentioned
n	Rq	1	6.724	111
n	Rq	1	6.724	over
n	Rq	25	147.919	http://www.gtaeronautics.com/
n	Rq	1	6.724	google.com
n	Rq	1	6.724	fuel
n	Rq	2	6.724	inc
n	Rq	1	6.724	handbag.com
n	Rq	1	6.724	da42
n	Rq	2	13.447	certification
n	Rq	1	6.724	2015
n	Rq	1	6.724	timing
n	Rq	1	6.724	home
n	Rq	1	6.724	aerospacecompanies
n	Rq	1	6.724	anti
n	Rq	1	6.724	ziroli
n	Rq	1	6.724	sketches
n	Rq	5	6.724	purses
n	Rq	1	6.724	downlink
n	Rq	3	6.724	aeronotics
n	Rq	1	6.724	nanotechnology
n	Rq	1	6.724	zephyr
n	Rq	4	6.724	wyoming
n	Rq	2	6.724	technology
n	Rq	3	20.171	companies
n	Rq	1	6.724	muffler
n	Rq	2	6.724	avia
n	Rq	2	6.724	what
n	Rq	145	127.748	valley
n	Rq	1	6.724	microwave
n	Rq	1	6.724	mold
n	Rq	5	26.894	pglm
n	Rq	1	6.724	specialist
n	Rq	23	134.472	drawing
n	Rq	1	6.724	tool
n	Rq	1	6.724	security
n	Rq	6	13.447	prototypes
n	Rq	1	6.724	giant
n	Rq	1	6.724	powell
n	Rq	8	47.065	aerospace
n	Rq	34	25.745	aeronautics
n	Rq	4	26.894	unmanned
n	Rq	1	6.724	radius
n	Rq	1	6.724	zero
n	Rq	1	6.724	tobbot
n	Rq	2	13.447	neverfull
n	Rq	2	13.447	job
n	Rq	1	6.724	onbordstarter
n	Rq	1	13.447	as
n	Rq	20	26.894	ca
n	Rq	13	87.407	at
n	Rq	5	33.618	techniques
n	Rq	1	6.724	does
n	Rq	1	6.724	commercial
n	Rq	1	6.724	www.gt
n	Rq	1	6.724	de
n	Rq	1	6.724	co
n	Rq	1	6.724	speedy
n	Rq	1	6.724	rpas
n	Rq	2	13.447	instrument
n	Rq	1	6.724	do
n	Rq	1	6.724	efi
n	Rq	3	20.171	training
n	Rq	1	6.724	quotation
n	Rq	1	6.724	careers
n	Rq	3	20.171	pilot
n	Rq	9	53.789	bandito
n	Rq	4	26.894	quotes
n	Rq	107	26.894	phone
n	Rq	1	6.724	stations
n	Rq	1	6.724	traing
N	*FR	2013	12	19	00	28
N	*LR	2020	10	14	09	11
N	*f	-200Q	s
N	RQ	25	4261860548	http://www.gtaeronautics.com/
N	RQ	20	2712093076	gt aeronautics
N	RQ	14	2324651208	aeronautical engineering drawing
N	RQ	9	1743488406	at 6 texan
N	RQ	8	1549767472	at6 texan
N	RQ	7	1162325604	bme extreme
N	RQ	7	1162325604	aerospace engineering drawings
N	RQ	20	968604670	www.gtaeronautics.com
N	RQ	6	774883736	texan at6
N	RQ	5	774883736	bandito pglm
N	RQ	3	581162802	bandito uav
N	RQ	3	581162802	onboard starter
N	RQ	2	387441868	fiberglass molding techniques
N	RQ	6	387441868	manufacturing aeronautical prototypes
N	RQ	19	387441868	louis vuitton luggage outlet
N	RQ	10	387441868	louis vuitton fashion valley phone
N	RQ	97	387441868	louis vuitton fashion valley phone number
N	RQ	2	387441868	texan at 6
N	RQ	18	387441868	louis vuitton fashion valley ca
N	RQ	1	193720934	uavs flying over simi valley ca
N	RQ	1	193720934	gt aeronautics simi valley california
N	RQ	1	193720934	aeronautical engineer quote
N	RQ	1	193720934	does aeronautical engineering require drawing?
N	RQ	1	193720934	how to do gt in engineering drawing
N	RQ	2	193720934	http://gtaeronautics.com/
N	RQ	1	193720934	the government college g.t aeronautics
N	RQ	1	193720934	bme engine
N	RQ	1	193720934	uas gcs
N	RQ	1	193720934	http://www.gtaeronautics.com/indnews.html
N	RQ	92	193720934	semalt.com
N	RQ	1	193720934	aero iron mentioned nanotechnology hummingbird uav
N	RQ	1	193720934	basic fiberglass techniques
N	RQ	1	193720934	http://gtaeronautics.com/indnews.html
N	RQ	1	193720934	finnemeccia co
N	RQ	2	193720934	drawing for customer satisfaction
N	RQ	1	193720934	cheap louis vuitton speedy handbag.com
N	RQ	1	193720934	at 6
N	RQ	1	193720934	quotation specialist engineer drawings
N	RQ	1	193720934	challenge xtreme 111 piece mechanics tool kit
N	RQ	1	193720934	uav commercial crew stations
N	RQ	1	193720934	da42 mpp microwave downlink bandwidth
N	RQ	1	193720934	anti ice de ice qinetiq zephyr
N	RQ	4	193720934	louis%20vuitton%20fashion%20valley%20phone%20number
N	RQ	1	193720934	faa uas pilot certification
N	RQ	1	193720934	any flying crews in gta
N	RQ	1	193720934	fiber glass molding job
N	RQ	1	193720934	aerospace drawing
N	RQ	1	193720934	aircraft design consultant
N	RQ	1	193720934	www.gt airplane.com
N	RQ	3	193720934	gt in aeronotics
N	RQ	1	193720934	tom rullman
N	RQ	1	193720934	gt aeronautics simi valley ca
N	RQ	1	193720934	drone base in simi valley
N	RQ	1	193720934	fiberglass mold making techniques
N	RQ	1	193720934	rpa instrument qualification faa instrument rating
N	RQ	1	193720934	extreme bme
N	RQ	1	193720934	uas faa maintenance
N	RQ	1	193720934	louis vuitton neverfull
N	RQ	1	193720934	fiberglass techniques
N	RQ	1	193720934	aircraft companies in simi valley
N	RQ	1	193720934	custom fiberglass moldings
N	RQ	1	193720934	anything
N	RQ	11	193720934	louis vuitton luggage cheap
N	RQ	1	193720934	aeronautical engineering sketches
N	RQ	1	193720934	gtaeronautics.com
N	RQ	1	193720934	giant scale ziroli at 6
N	RQ	9	193720934	outlet louis vuitton handbags
N	RQ	1	193720934	cowling drawing
N	RQ	1	193720934	mitsubishi zero
N	RQ	1	193720934	powell wy gt aeronautics
N	RQ	2	193720934	what is gt in basic engineering drawing
N	RQ	2	193720934	composite molding
N	RQ	1	193720934	aeronautics in simi valley and security work
N	RQ	3	193720934	gt aeronautics llc jobs
N	RQ	1	193720934	crew flight gta
N	RQ	1	193720934	110cc engine timing
N	RQ	1	193720934	aeronautical engineer quotes
N	RQ	2	193720934	http://www.gtaeronautics.com/compnews.html
N	RQ	4	193720934	wyoming flight engineers
N	RQ	1	193720934	a t 6
N	RQ	1	193720934	gt aeronautics unmanned air
N	RQ	1	193720934	fia gt composite tooling
N	RQ	1	193720934	uas pilot certification
N	RQ	1	193720934	quotes on aeronautical engineers
N	RQ	1	193720934	payload for diamond northrop twin engie aircraft
N	RQ	7	193720934	content
N	RQ	1	193720934	bme 110
N	RQ	1	193720934	thomas w rullman gt aeronautics
N	RQ	1	193720934	luggages for sale
N	RQ	2	193720934	easylifeapp profile
N	RQ	2	193720934	simi gt
N	RQ	1	193720934	mq1 design fuel
N	RQ	1	193720934	airplane as always cia america2009
N	RQ	1	193720934	heavy equipment operator jobs
N	RQ	1	193720934	eengineer drawing home
N	RQ	1	193720934	cheap louis vuitton luggage
N	RQ	1	193720934	aero space drone simi valley
N	RQ	1	193720934	2 stroke electric onboard starter
N	RQ	1	193720934	simi valley unmanned aircraft
N	RQ	1	193720934	skyforce observer mk3
N	RQ	2	193720934	granger whitelaw avia
N	RQ	1	193720934	louis vuitton fashion valley neverfull
N	RQ	1	193720934	louis vuitton job opportunities
N	RQ	1	193720934	google.com
N	RQ	1	193720934	uas operation training method
N	RQ	2	193720934	wmaid.com explore gtaeronautics.com
N	RQ	1	193720934	custum muffler 110cc
N	RQ	1	193720934	glass manufacturing drawings
N	RQ	1	193720934	electric motors x male uav x sale
N	RQ	1	193720934	aerospacecompanies in simi valley
N	RQ	1	193720934	fiberglass molding
N	RQ	2	193720934	aeronautical technology inc
N	RQ	1	193720934	taranis ucav
N	RQ	1	193720934	vegas drone uav show december 2015
N	RQ	1	193720934	uav companies in simi valley
N	RQ	1	193720934	unmanned aircraft systems pilot training
N	RQ	2	193720934	installerex facebook
N	RQ	3	193720934	texan at6 photos
N	RQ	1	193720934	aeronautic engineer
N	RQ	30	193720934	designer handbags outlet sale
N	RQ	1	193720934	rpas qulificationa traing with faa
N	RQ	1	193720934	faa uav training
N	RQ	1	193720934	uav companies simi valley
N	RQ	5	193720934	louis vuitton purses outlet
N	RQ	1	193720934	aeronautics
N	RQ	1	193720934	cheap louis vuitton luggage outlet
N	RQ	1	193720934	gt aeronautics tomas rullman
N	RQ	1	193720934	tobbot
N	RQ	1	193720934	radius tdw efi fuze
N	RQ	8	193720934	manufacturing equipment store in simi valley
N	RQ	1	193720934	onbordstarter
N	RQ	1	193720934	aeronautic engineer quotes
N	RQ	1	193720934	rotax amphibian unmanned china
N	RQ	1	193720934	aeronautical engineering quotes
N	RQ	1	193720934	drawing aircraft engineering
N	RQ	1	193720934	gt aeronautics careers
N	RQ	1	193720934	gt aeronautics bandito
N	RQ	1	193720934	cody wy carbon fiber
B	*f	-40R	r
B	Rb	155724	0.000	Mozilla/5.0 (Windows NT 6.1; Win64; x64; rv:109.0) Gecko/20100101 Firefox/115.0
B	Rb	89961	2.898	Mozilla/5.0 (compatible; AhrefsBot/7.0;  http://ahrefs.com/robot/)
B	Rb	72468	1.116	Sogou web spider/4.0( http://www.sogou.com/docs/help/webmasters.htm#07)
B	Rb	71826	1.638	ZoominfoBot (zoominfobot at zoominfo dot com)
B	Rb	63338	1.266	Mozilla/5.0 (compatible; Googlebot/2.1;  http://www.google.com/bot.html)
B	Rb	40898	4.266	Mozilla/5.0 (compatible; bingbot/2.0;  http://www.bing.com/bingbot.htm)
B	Rb	28515	2.168	Mozilla/5.0 (Windows NT 6.3; WOW64) AppleWebKit/537.36 (KHTML, like Gecko) Chrome/33.0.1736.0 Safari/537.36
B	Rb	26651	0.266	Googlebot-Image/1.0
B	Rb	17978	0.000	Mozilla/5.0 AppleWebKit/537.36 (KHTML, like Gecko; compatible; bingbot/2.0;  http://www.bing.com/bingbot.htm) Chrome/116.0.1938.76 Safari/537.36
B	Rb	16356	0.000	Mozilla/5.0 (Linux; Android 5.0) AppleWebKit/537.36 (KHTML, like Gecko) Mobile Safari/537.36 (compatible; Bytespider; spider-feedback@bytedance.com)
B	Rb	16326	0.954	Mozilla/4.0 (compatible; MSIE 6.0; Windows NT 5.1; SV1)
B	Rb	15322	0.333	Mozilla/5.0 (Macintosh; Intel Mac OS X 10_15_5) AppleWebKit/605.1.15 (KHTML, like Gecko) Version/13.1.1 Safari/605.1.15 (Applebot/0.1;  http://www.apple.com/go/applebot)
B	Rb	14321	1.399	Mozilla/5.0 (compatible; YandexBot/3.0;  http://yandex.com/bots)
B	Rb	14319	0.000	Mozilla/5.0 (Windows NT 10.0; Win64; x64) AppleWebKit/537.36 (KHTML, like Gecko) Chrome/120.0.0.0 Safari/537.36
B	Rb	13947	0.000	Mozilla/5.0 (compatible; Bytespider; spider-feedback@bytedance.com) AppleWebKit/537.36 (KHTML, like Gecko) Chrome/70.0.0.0 Safari/537.36
B	Rb	13458	0.000	Mozilla/5.0 (Windows NT 10.0; Win64; x64) AppleWebKit/537.36 (KHTML, like Gecko) Chrome/114.0.0.0 Safari/537.36
B	Rb	12964	1.355	Mozilla/5.0 (iPhone; CPU iPhone OS 7_0 like Mac OS X) AppleWebKit/537.51.1 (KHTML, like Gecko) Version/7.0 Mobile/11A465 Safari/9537.53 (compatible; bingbot/2.0;  http://www.bing.com/bingbot.htm)
B	Rb	12957	0.026	Mozilla/5.0 (iPhone; CPU iPhone OS 13_2_3 like Mac OS X) AppleWebKit/605.1.15 (KHTML, like Gecko) Version/13.0.3 Mobile/15E148 Safari/604.1
B	Rb	12210	0.689	Mozilla/5.0 (compatible; Baiduspider/2.0;  http://www.baidu.com/search/spider.html)
B	Rb	11317	0.424	Mozilla/5.0 (Macintosh; Intel Mac OS X 10.11; rv:52.0) Gecko/20100101 Firefox/52.0
B	Rb	11176	0.000	Mozilla/5.0 (Windows NT 10.0; Win64; x64) AppleWebKit/537.36 (KHTML, like Gecko) Chrome/124.0.0.0 Safari/537.36
B	Rb	10450	0.000	Mozilla/5.0 (Windows NT 10.0; Win64; x64) AppleWebKit/537.36 (KHTML, like Gecko) Chrome/122.0.0.0 Safari/537.36
B	Rb	10416	0.616	Mozilla/5.0 (Windows NT 6.1; WOW64; Trident/7.0; rv:11.0) like Gecko
B	Rb	9976	0.400	Mozilla/5.0 (Windows NT 5.1; rv:17.0) Gecko/20100101 Firefox/17.0
B	Rb	9938	0.000	Mozilla/5.0 (Windows NT 10.0; Win64; x64) AppleWebKit/537.36 (KHTML, like Gecko) Chrome/121.0.0.0 Safari/537.36
B	Rb	9648	0.435	Mozilla/5.0 AppleWebKit/537.36 (KHTML, like Gecko; compatible; bingbot/2.0;  http://www.bing.com/bingbot.htm) Chrome/103.0.5060.134 Safari/537.36
B	Rb	9613	0.000	Mozilla/5.0 (Windows NT 10.0; Win64; x64) AppleWebKit/537.36 (KHTML, like Gecko) Chrome/131.0.0.0 Safari/537.36
B	Rb	8564	0.220	Mozilla/5.0 (Linux; Android 6.0.1; Nexus 5 Build/MRA58N) AppleWebKit/537.36(KHTML, like Gecko) Chrome/66.0.3359.30 Mobile Safari/537.36
B	Rb	8390	0.246	Mozilla/5.0 (compatible; MJ12bot/v1.4.8; http://mj12bot.com/)
B	Rb	8380	0.067	Mozilla/5.0 (Windows NT 10.0; Win64; x64) AppleWebKit/537.36 (KHTML, like Gecko) Chrome/113.0.0.0 Safari/537.36
B	Rb	8061	0.886	Mozilla/4.0 (compatible; MSIE 7.0; Windows NT 5.1; .NET CLR 1.1.4322; .NET CLR 2.0.50727)
B	Rb	7925	0.013	Mozilla/5.0 (Windows NT 10.0; Win64; x64; rv:109.0) Gecko/20100101 Firefox/111.0
B	Rb	7887	0.190	Mozilla/5.0 (compatible; BLEXBot/1.0;  http://webmeup-crawler.com/)
B	Rb	7871	0.000	Mozilla/5.0 (Windows NT 10.0; Win64; x64) AppleWebKit/537.36 (KHTML, like Gecko) Chrome/116.0.0.0 Safari/537.36
B	Rb	7832	0.479	PRurl
B	Rb	7661	0.000	Mozilla/5.0 (Windows NT 10.0; Win64; x64) AppleWebKit/537.36 (KHTML, like Gecko) Chrome/126.0.0.0 Safari/537.36
B	Rb	7614	0.000	Mozilla/5.0 (Windows NT 10.0; Win64; x64) AppleWebKit/537.36 (KHTML, like Gecko) HeadlessChrome/128.0.0.0 Safari/537.36
B	Rb	7552	0.408	Mozilla/5.0 (compatible; Yahoo! Slurp; http://help.yahoo.com/help/us/ysearch/slurp)
B	Rb	7496	0.000	Mozilla/5.0 (Macintosh; Intel Mac OS X 10_15_7) AppleWebKit/605.1.15 (KHTML, like Gecko) Version/17.4 Safari/605.1.15 (Applebot/0.1;  http://www.apple.com/go/applebot)
B	Rb	7468	0.170	Mozilla/5.0 (compatible; Dataprovider.com)
B	Rb	1681496	77.071	[not listed: 24071]
b	*f	-15Q	s
b	lRQq	1	545595	3320113212	105.279	Netscape (compatible)
b	lRQq	1	263922	3281284711	104.048	MSIE
b	lRQq	2	101535	2905413047	92.129	MSIE/7
b	lRQq	2	39383	3272247532	103.761	MSIE/8
b	lRQq	2	439	2324651208	73.713	MSIE/4
b	lRQq	2	14839	1058085806	33.551	MSIE/9
b	lRQq	2	92771	1030827776	32.687	MSIE/6
b	lRQq	2	405	968604670	30.714	MSIE/3
b	lRQq	2	51	774883736	24.571	MSIE/11
b	lRQq	2	6425	609349996	19.322	MSIE/5
b	lRQq	2	728	387441868	12.286	MSIE/2
b	lRQq	2	4988	122587884	3.887	MSIE/10
b	lRQq	1	1120	2872707263	91.092	Dalvik
b	lRQq	2	1093	3486976813	110.570	Dalvik/2
b	lRQq	2	27	3680697746	116.713	Dalvik/1
b	lRQq	1	33	4068139614	128.999	WordPress
b	lRQq	2	19	2518372142	79.856	WordPress/4
b	lRQq	2	1	774883736	24.571	WordPress/6
b	lRQq	2	13	774883736	24.571	WordPress/3
b	lRQq	1	117	3874418680	122.856	NSPlayer
b	lRQq	2	78	1743488406	55.285	NSPlayer/11
b	lRQq	2	16	774883736	24.571	NSPlayer/10
b	lRQq	2	17	774883736	24.571	NSPlayer/9
b	lRQq	2	5	387441868	12.286	NSPlayer/12
b	lRQq	2	1	193720934	6.143	NSPlayer/8
b	lRQq	1	55	3874418680	122.856	UCWEB
b	lRQq	2	55	3874418680	122.856	UCWEB/2
b	lRQq	1	4939	3614484250	114.613	Apache-HttpClient
b	lRQq	2	4938	3420763316	108.471	Apache-HttpClient/4
b	lRQq	2	1	193720934	6.143	Apache-HttpClient/UNAVAILABLE
b	lRQq	1	448	3486976812	110.570	Wget
b	lRQq	2	448	3486976812	110.570	Wget/1
b	lRQq	1	154	3486976812	110.570	User-Agent: Mozilla
b	lRQq	2	154	3486976812	110.570	User-Agent: Mozilla/5
b	lRQq	1	2019	3420763316	108.471	Konqueror
b	lRQq	2	1960	2258437712	71.614	Konqueror/3
b	lRQq	2	57	968604670	30.714	Konqueror/4
b	lRQq	2	2	193720934	6.143	Konqueror/2
b	lRQq	1	2126	3293255878	104.427	axios
b	lRQq	2	127	2324651208	73.713	axios/1
b	lRQq	2	1999	968604670	30.714	axios/0
b	lRQq	1	862	3293255878	104.427	Python-urllib
b	lRQq	2	129	1743488406	55.285	Python-urllib/3
b	lRQq	2	728	1162325604	36.857	Python-urllib/2
b	lRQq	2	5	387441868	12.286	Python-urllib/1
b	lRQq	1	4238	3193935634	101.278	Java
b	lRQq	2	4186	2225330964	70.564	Java/1
b	lRQq	2	46	774883736	24.571	Java/11
b	lRQq	2	6	193720934	6.143	Java/17
b	lRQq	1	20	2905814010	92.142	com.google.GoogleMobile
b	lRQq	2	3	581162802	18.428	com.google.GoogleMobile/42
b	lRQq	2	2	387441868	12.286	com.google.GoogleMobile/41
b	lRQq	2	2	387441868	12.286	com.google.GoogleMobile/62
b	lRQq	2	2	387441868	12.286	com.google.GoogleMobile/67
b	lRQq	2	3	193720934	6.143	com.google.GoogleMobile/60
b	lRQq	2	2	193720934	6.143	com.google.GoogleMobile/34
b	lRQq	2	1	193720934	6.143	com.google.GoogleMobile/61
b	lRQq	2	1	193720934	6.143	com.google.GoogleMobile/72
b	lRQq	2	3	193720934	6.143	com.google.GoogleMobile/38
b	lRQq	2	1	193720934	6.143	com.google.GoogleMobile/65
b	lRQq	1	260	2905814010	92.142	AppEngine-Google; ( http:
b	lRQq	2	260	2905814010	92.142	AppEngine-Google; ( http://code
b	lRQq	1	1750362	3800880415	120.524	[not listed: 968]
p	*f	0Q	s
p	lR	1	1243261	Windows
p	lR	2	483400	Windows NT
p	lR	2	486055	Unknown Windows
p	lR	2	257297	Windows XP
p	lR	2	2238	Windows 95
p	lR	2	431	Windows CE
p	lR	2	2397	Windows 98
p	lR	2	9613	Windows 2000
p	lR	2	389	Windows 3.1
p	lR	2	1441	Windows ME
p	lR	1	480548	OS unknown
p	lR	1	295205	Macintosh
p	lR	2	284461	Unknown Macintosh
p	lR	2	3290	Macintosh PowerPC
p	lR	2	7454	Macintosh 68k
p	lR	1	314832	Known robots
p	lR	1	242341	Unix
p	lR	2	237490	Linux
p	lR	2	22	SunOS
p	lR	2	84	BSD
p	lR	2	4742	Other Unix
p	lR	2	3	HP-UX
p	lR	1	16	WebTV
p	lR	1	13	BeOS
p	lR	1	47	OS/2
p	lR	1	7	Amiga
i	*f	0R	s
i	lRc	1	1028515	0.000	/images/
i	lRc	1	1203469	0.000	[root directory]
i	lRc	1	221782	0.000	/js/
i	lRc	1	114046	0.000	/css/
i	lRc	1	22915	0.000	/uploads/
i	lRc	1	865	0.000	/videos/
i	lRc	1	541	0.000	/client/
i	lRc	1	1	0.000	/cgi-bin/
i	lRc	1	6	0.000	/databases/
i	lRc	1	319	0.000	/dev/
i	lRc	2	24	0.000	/dev/css/
i	lRc	2	46	0.000	/dev/js/
i	lRc	2	81	0.000	/dev/images/
i	lRc	1	1	0.000	/secure/
i	lRc	1	74	0.000	/stats/
r	*f	0.050000%S	s
r	lRSc	1	37988	40	0.000	/contactus.html
r	lRSc	1	49832	33	0.000	/compnews.html
r	lRSc	1	36200	30	0.000	/uasfc.html
r	lRSc	1	28327	29	0.000	/indevents.html
r	lRSc	1	49748	29	0.000	/links.html
r	lRSc	1	49238	28	0.000	/aboutus.html
r	lRSc	1	29009	27	0.000	/pna.html
r	lRSc	1	22628	26	0.000	/sru.html
r	lRSc	1	33323	25	0.000	/consultinga.html
r	lRSc	1	30764	24	0.000	/cfmt.html
r	lRSc	1	17864	23	0.000	/gt380+rpas.html
r	lRSc	1	34096	20	0.000	/indnews.html
r	lRSc	2	141	0	0.000	/indnews.html?referer=www.clickfind.com.au/wp-login.php
r	lRSc	2	1	0	0.000	/indnews.html?referer=top1.co.pl
r	lRSc	2	1	0	0.000	/indnews.html?referer=www.clickfind.com.au//wp-content/themes/busybee/thumb.php?src=http://blogger.com.opontodaarte.com.br/java.php
r	lRSc	1	32098	19	0.000	/cct&m.html
r	lRSc	1	13378	19	0.000	/gt100hl+rpas.html
r	lRSc	1	16819	18	0.000	/gt50t+rpas.html
r	lRSc	1	17451	18	0.000	/gt1500+rpas.html
r	lRSc	1	24869	17	0.000	/employment.html
r	lRSc	1	24548	17	0.000	/faq.html
r	lRSc	1	16847	9	0.000	/rd.html
r	lRSc	1	2217	8	0.000	/uploads/droneexpojan2022+(1).pdf
r	lRSc	1	2286	6	0.000	/uploads/big+horn+basin+drone+festival+event+schedule.pdf
r	lRSc	1	3182	6	0.000	/uploads/idrone-pressrelease-powell-version220119.pdf
r	lRSc	1	2255	5	0.000	/uploads/bighornbasindronefestivalflyer-v2-220110.pdf
r	lRSc	1	1760	3	0.000	/uploads/2022wydronefestflyer+rev2.pdf
r	lRSc	1	4904	2	0.000	/gtatexan.html
r	lRSc	1	4292	1	0.000	/bandituas.html
r	lRSc	1	5182	1	0.000	/uavengines.html
r	lRSc	1	2	0	0.000	/client/bandit+timeline2004.html
r	lRSc	1	1	0	0.000	/404.htm
r	lRSc	1	12	0	0.000	/client/gta010707002.html
r	lRSc	1	72	0	0.000	/client/bandito+development.html
r	lRSc	1	1	0	0.000	/stats/browserrep.html
r	lRSc	1	741	0	0.000	/gt50t rpas.html
r	lRSc	1	2	0	0.000	/dev/contactus.html
r	lRSc	1	1	0	0.000	/dev/aboutus.html
r	lRSc	1	18	0	0.000	/client/tacamo+development.html
r	lRSc	1	11	0	0.000	/client/rq2+outlaw.html
r	lRSc	1	1	0	0.000	/client/bandit timeline2008.html
r	lRSc	1	15	0	0.000	/client/bandit.html
r	lRSc	1	987	0	0.000	/gtamt.html
r	lRSc	1	2253	0	0.000	/gt1500 rpas.html
r	lRSc	1	4	0	0.000	/client/gta121004001.html
r	lRSc	1	5061	0	0.000	/banditomav.html
r	lRSc	1	1	0	0.000	/dev/client.cgi
r	lRSc	1	71	0	0.000	/client/bandit+development.html
r	lRSc	1	2	0	0.000	/client/bandito development.html
r	lRSc	1	2	0	0.000	/stats/domain.html
r	lRSc	1	2	0	0.000	/stats/weekly.html
r	lRSc	1	6356	0	0.000	/pridpass.html
r	lRSc	1	1	0	0.000	/dev/pna.html
r	lRSc	1	1	0	0.000	/client/tacamo development.html
r	lRSc	1	4	0	0.000	/stats/index.htm
r	lRSc	1	4	0	0.000	/stats/nav.html
r	lRSc	1	2	0	0.000	/stats/directory.html
r	lRSc	1	2	0	0.000	/stats/organisation.html
r	lRSc	1	7	0	0.000	/client/bandit+timeline2007.html
r	lRSc	1	1	0	0.000	/dev/pridpass.html
r	lRSc	1	1	0	0.000	/client/bandito timeline2007.html
r	lRSc	1	1	0	0.000	/stats/quick.html
r	lRSc	1	135	0	0.000	/client/welcome.html
r	lRSc	1	3	0	0.000	/client/gta021305001.html
r	lRSc	1	5	0	0.000	/client/gta012405001.html
r	lRSc	1	4	0	0.000	/stats/general.html
r	lRSc	1	1	0	0.000	/stats/dailyrep.html
r	lRSc	1	1	0	0.000	/client/bandit development.html
r	lRSc	1	17	0	0.000	/client/bandit+timeline2008.html
r	lRSc	1	1	0	0.000	/client/bandito+timeline2005.html
r	lRSc	1	23	0	0.000	/client/projectbids.html
r	lRSc	1	1	0	0.000	/stats/host.html
r	lRSc	1	20	0	0.000	/client/clientpna.html
r	lRSc	1	2	0	0.000	/stats/default.asp
r	lRSc	1	21	0	0.000	/index.htm
r	lRSc	1	1	0	0.000	/cgi-bin/testms.pl
r	lRSc	1	14	0	0.000	/client/rq1+bandit.html
r	lRSc	1	6	0	0.000	/client/gta021305002.html
r	lRSc	1	24	0	0.000	/client/tacamo.html
r	lRSc	1	30	0	0.000	/client/mgqgcyat.asp
r	lRSc	1	18702	0	0.000	/default.asp
r	lRSc	1	1666	0	0.000	/gt380 rpas.html
r	lRSc	1	1	0	0.000	/client/bandito+timeline2006.html
r	lRSc	1	16	0	0.000	/client/rq3+bandito.html
r	lRSc	1	1	0	0.000	/dev/uasfc.html
r	lRSc	1	229	0	0.000	/client.cgi
r	lRSc	1	2	0	0.000	/stats/yearly.html
r	lRSc	1	1	0	0.000	/stats/monthly.html
r	lRSc	1	8	0	0.000	/client/gta010707001.html
r	lRSc	1	3749	0	0.000	/bidspridpass.html
r	lRSc	1	12	0	0.000	/client/bandito.html
r	lRSc	1	1	0	0.000	/stats/quarterly.html
r	lRSc	1	8	0	0.000	/client/bandito+timeline2007.html
t	*f	0.100000%B	b
t	lRb	1	933850	43.756	.jpg  [JPEG graphics]
t	lRb	1	600759	26.229	.html [Hypertext Markup Language]
t	lRb	1	537643	18.517	[directories]
t	lRb	1	11215	5.242	.mp4
t	lRb	1	778	2.157	.wmv
t	lRb	1	87	2.118	.mpg  [MPEG movie]
t	lRb	1	18734	0.911	.asp  [Active Server REQUESTS]
t	lRb	1	94770	0.296	.gif  [GIF graphics]
t	lRb	1	221828	0.254	.js  [JavaScript code]
t	lRb	1	114062	0.225	.css  [Cascading Style Sheets]
t	lRb	1	11700	0.210	.pdf  [Adobe Portable Document Format]
t	lRb	1	47108	0.084	[not listed: 7]
z	*FR	2023	04	05	20	41
z	*LR	2023	05	09	10	03
z	ScR	0	0.000	84837	0
z	ScR	0	0.000	0	1b-  10b
z	ScR	0	0.000	0	11b- 100b
z	ScR	0	0.000	85122	101b-  1kb
z	ScR	0	0.000	509907	1kb- 10kb
z	ScR	0	0.000	352085	10kb-100kb
z	ScR	0	0.000	104639	100kb-  1Mb
z	ScR	0	0.000	4584	1Mb- 10Mb
z	ScR	0	0.000	55	10Mb-100Mb
z	ScR	0	0.000	13	100Mb-  1Gb
c	*FR	2014	03	02	13	52
c	*LR	2025	03	10	04	54
c	*f	0R	a
c	R	2432881	200 OK
c	R	27245	206 Partial content
c	R	224	301 Document moved permanently
c	R	77	302 Document found elsewhere
c	R	132408	304 Not modified since last retrieval
c	R	2049	400 Bad request
c	R	207	401 Authentication required
c	R	1505	403 Access forbidden
c	R	1210251	404 Document not found
c	R	3068	405 Method not allowed
c	R	1429	406 Document not acceptable to client
c	R	141	416 Requested range not valid
c	R	624	500 Internal server error
c	R	128	501 Request type not supported
I	*FR	2007	12	11	00	52
I	*LR	2025	03	10	04	40
I	*f	-30S	s
I	lRS	1	227666	213	/robots.txt
I	lRS	1	13437	14	/ads.txt
I	lRS	1	5633	14	/.env
I	lRS	1	2751	13	/backup
I	lRS	1	3356	13	/wordpress
I	lRS	1	2970	13	/home
I	lRS	1	3241	13	/new
I	lRS	1	3271	13	/old
I	lRS	1	2542	13	/bc
I	lRS	1	2543	13	/bk
I	lRS	1	3269	13	/wp
I	lRS	1	2718	13	/main
I	lRS	1	149	7	/thoms.php
I	lRS	1	129	7	/termps.php
I	lRS	1	131	7	/classfuns.php
I	lRS	1	851	6	/images/at-6+kit+contents+2+small.jpg
I	lRS	1	2600	6	/videos/bandito+004+flt+8+clip+092508.wmv
I	lRS	1	874	5	/images/gta2+at-6+photo.jpg
I	lRS	1	750	5	/inputs.php
I	lRS	1	897	5	/images/at-6+kit+contents+1+small.jpg
I	lRS	1	525	4	/api/.env
I	lRS	1	116	4	/userfuns.php
I	lRS	1	127	4	/.env.bak
I	lRS	1	1008	4	/images/sbandit+powerplant+2.jpg
I	lRS	1	114	4	/debug/default/view
I	lRS	1	116	4	/tempfuns.php
I	lRS	1	319	3	/_profiler/phpinfo
I	lRS	1	9	3	/wp-content/siteheads.php
I	lRS	1	135	3	/hplfuns.php
I	lRS	1	92	3	/config/aws.yml
I	lRS	1	936866	493	[not listed: 34448]
L	*FR	2007	12	11	00	52
L	*LR	2025	03	10	04	40
L	*f	-20S	s
L	RS	1506	155	193.41.206.246
L	RS	470	94	193.41.206.189
L	RS	400	80	193.41.206.202
L	RS	783	72	20.230.69.18
L	RS	38	38	193.24.211.3
L	RS	378	36	84.247.181.144
L	RS	120	20	204.10.194.36
L	RS	108	20	162.215.171.162
L	RS	72	18	4.215.204.153
L	RS	15	15	193.24.211.4
L	RS	36	12	170.106.83.79
L	RS	12	12	43.158.91.16
L	RS	1394	12	35.173.236.178
L	RS	90	10	45.61.161.124
L	RS	54	9	34.145.90.51
L	RS	9	9	172.207.184.167
L	RS	27	9	13.78.124.163
L	RS	9	9	202.49.164.30
L	RS	1144	8	145.239.10.137
L	RS	6786	8	216.244.66.229
L	RS	1205951	289	[not listed: 93405]
K	*FR	2013	12	22	04	20
K	*LR	2025	03	09	23	08
K	*f	-30S	s
K	lRS	1	1995	12	https://www.google.com/
K	lRS	1	1421	9	http://www.gtaeronautics.com/gtaTexan.html
K	lRS	1	264	3	http://www.gtaeronautics.com/UAVengines.html
K	lRS	1	2165	2	http://gtaeronautics.com/
K	lRS	1	11	1	http://gtaeronautics.com/style.php
K	lRS	1	5	1	http://gtaeronautics.com/asd.php
K	lRS	1	4	1	http://gtaeronautics.com/del.php
K	lRS	1	5	1	http://gtaeronautics.com/sim.php
K	lRS	1	548	1	http://www.baidu.com/
K	lRS	1	5	1	http://gtaeronautics.com/banner.php
K	lRS	1	23617	1	http://www.gtaeronautics.com/
K	lRS	1	12	1	http://gtaeronautics.com/styles.php
K	lRS	1	11	1	http://gtaeronautics.com/app.php
K	lRS	1	5	1	http://gtaeronautics.com/alpanew.php
K	lRS	1	94555	0	[not listed: 8017]
E	*FR	2008	01	06	10	12
E	*LR	2025	02	27	21	12
E	*f	-30S	s
E	lSR	1	0	301	[not listed: 7]
l	*FR	2008	01	06	10	12
l	*LR	2025	02	27	21	12
l	*f	-20S	s
l	SR	0	301	[not listed: 123]
v	*f	-20B	b
v	Rb	1935119	65.103	64.41.87.40
v	Rb	657415	34.897	66.113.131.59
R	*FR	2008	01	06	10	12
R	*LR	2025	02	27	21	12
R	*f	-20R	r
R	R	178	66.113.131.59
R	R	123	64.41.87.40
M	*FR	2007	12	11	00	52
M	*LR	2025	03	10	04	40
M	*f	-20R	r
M	R	916796	64.41.87.40
M	R	302606	66.113.131.59
J	*FR	2007	12	11	00	53
J	*LR	2017	03	17	18	30
J	*f	-20R	r
J	R	9	gtaeronautics
J	R	5	lorrigkj
J	R	1	rullma2063
J	R	1	administrator
J	R	1	satish
J	R	1	nnnnn
P	*FR	2024	04	17	09	27
P	*LR	2025	03	10	04	54
P	R	230	0
P	R	345	<= 0.01
P	R	5647	0.01-0.02
P	R	252167	0.02-0.05
P	R	296983	0.05-0.1 
P	R	403228	0.1 -0.2 
P	R	464415	0.2 -0.5 
P	R	229060	0.5 -1   
P	R	128020	1-  2 
P	R	50901	2-  5 
P	R	20514	5- 10 
P	R	10909	10- 20 
P	R	51015	20- 60 
P	R	4706	60-120 
P	R	16863	120-300 
