x	VE	analog 5.24
x	HN	gtaeronautics.com
x	PS	2022	08	14	05	47
x	FR	2007	12	18	17	05
x	LR	2022	08	12	23	19
x	E7	2022	08	14	05	47
x	SR	1061652
x	S7	1406
x	NC	418434
x	C7	0
x	FL	429536
x	F7	593
x	RR	192
x	R7	1
x	NH	94134
x	H7	269
x	BT	45205191887
x	B7	159204013
1	Rr	50988	4.803	2022
1	Rr	98917	9.317	2021
1	Rr	89380	8.419	2020
1	Rr	80088	7.544	2019
1	Rr	68927	6.492	2018
1	Rr	60168	5.667	2017
1	Rr	73316	6.906	2016
1	Rr	80796	7.610	2015
1	Rr	110773	10.434	2014
1	Rr	65173	6.139	2013
1	Rr	60742	5.721	2012
1	Rr	57015	5.370	2011
1	Rr	22139	2.085	2010
1	Rr	69710	6.566	2009
1	Rr	71820	6.765	2008
1	Rr	1700	0.160	2007
1	*BT	R	110773	2014
Q	Rr	9323	0.878	2022	3
Q	Rr	21795	2.053	2022	2
Q	Rr	19870	1.872	2022	1
Q	Rr	21154	1.993	2021	4
Q	Rr	26826	2.527	2021	3
Q	Rr	30675	2.889	2021	2
Q	Rr	20262	1.909	2021	1
Q	Rr	22199	2.091	2020	4
Q	Rr	23882	2.250	2020	3
Q	Rr	21656	2.040	2020	2
Q	Rr	21643	2.039	2020	1
Q	Rr	19098	1.799	2019	4
Q	Rr	19668	1.853	2019	3
Q	Rr	19827	1.868	2019	2
Q	Rr	21495	2.025	2019	1
Q	Rr	18129	1.708	2018	4
Q	Rr	17138	1.614	2018	3
Q	Rr	16928	1.594	2018	2
Q	Rr	16732	1.576	2018	1
Q	Rr	15937	1.501	2017	4
Q	Rr	0	0.000	2017	3
Q	Rr	16831	1.585	2017	2
Q	Rr	27400	2.581	2017	1
Q	Rr	22114	2.083	2016	4
Q	Rr	17621	1.660	2016	3
Q	Rr	15878	1.496	2016	2
Q	Rr	17703	1.667	2016	1
Q	Rr	16575	1.561	2015	4
Q	Rr	22104	2.082	2015	3
Q	Rr	22485	2.118	2015	2
Q	Rr	19632	1.849	2015	1
Q	Rr	21142	1.991	2014	4
Q	Rr	22272	2.098	2014	3
Q	Rr	31453	2.963	2014	2
Q	Rr	35906	3.382	2014	1
Q	Rr	16436	1.548	2013	4
Q	Rr	15216	1.433	2013	3
Q	Rr	16545	1.558	2013	2
Q	Rr	16976	1.599	2013	1
Q	Rr	16578	1.562	2012	4
Q	Rr	12511	1.178	2012	3
Q	Rr	15816	1.490	2012	2
Q	Rr	15837	1.492	2012	1
Q	Rr	15444	1.455	2011	4
Q	Rr	17386	1.638	2011	3
Q	Rr	9395	0.885	2011	2
Q	Rr	14790	1.393	2011	1
Q	Rr	1603	0.151	2010	4
Q	Rr	0	0.000	2010	3
Q	Rr	14047	1.323	2010	2
Q	Rr	6489	0.611	2010	1
Q	Rr	16350	1.540	2009	4
Q	Rr	18220	1.716	2009	3
Q	Rr	17115	1.612	2009	2
Q	Rr	18025	1.698	2009	1
Q	Rr	15905	1.498	2008	4
Q	Rr	15660	1.475	2008	3
Q	Rr	22448	2.114	2008	2
Q	Rr	17807	1.677	2008	1
Q	Rr	1700	0.160	2007	4
Q	*BT	R	35906	2014	1
m	Rr	2564	0.242	2022	08
m	Rr	6759	0.637	2022	07
m	Rr	6567	0.619	2022	06
m	Rr	8427	0.794	2022	05
m	Rr	6801	0.641	2022	04
m	Rr	6380	0.601	2022	03
m	Rr	6175	0.582	2022	02
m	Rr	7315	0.689	2022	01
m	Rr	7667	0.722	2021	12
m	Rr	7097	0.668	2021	11
m	Rr	6390	0.602	2021	10
m	Rr	6059	0.571	2021	09
m	Rr	9092	0.856	2021	08
m	Rr	11675	1.100	2021	07
m	Rr	10152	0.956	2021	06
m	Rr	10231	0.964	2021	05
m	Rr	10292	0.969	2021	04
m	Rr	7948	0.749	2021	03
m	Rr	5800	0.546	2021	02
m	Rr	6514	0.614	2021	01
m	Rr	8069	0.760	2020	12
m	Rr	6579	0.620	2020	11
m	Rr	7551	0.711	2020	10
m	Rr	8028	0.756	2020	09
m	Rr	7741	0.729	2020	08
m	Rr	8113	0.764	2020	07
m	Rr	7317	0.689	2020	06
m	Rr	6898	0.650	2020	05
m	Rr	7441	0.701	2020	04
m	Rr	7524	0.709	2020	03
m	Rr	7322	0.690	2020	02
m	Rr	6797	0.640	2020	01
m	Rr	6573	0.619	2019	12
m	Rr	5917	0.557	2019	11
m	Rr	6608	0.622	2019	10
m	Rr	6791	0.640	2019	09
m	Rr	6597	0.621	2019	08
m	Rr	6280	0.592	2019	07
m	Rr	6317	0.595	2019	06
m	Rr	6847	0.645	2019	05
m	Rr	6663	0.628	2019	04
m	Rr	7059	0.665	2019	03
m	Rr	6374	0.600	2019	02
m	Rr	8062	0.759	2019	01
m	Rr	6957	0.655	2018	12
m	Rr	5422	0.511	2018	11
m	Rr	5750	0.542	2018	10
m	Rr	5458	0.514	2018	09
m	Rr	5735	0.540	2018	08
m	Rr	5945	0.560	2018	07
m	Rr	7110	0.670	2018	06
m	Rr	6440	0.607	2018	05
m	Rr	3378	0.318	2018	04
m	Rr	5789	0.545	2018	03
m	Rr	5369	0.506	2018	02
m	Rr	5574	0.525	2018	01
m	Rr	3906	0.368	2017	12
m	Rr	6533	0.615	2017	11
m	Rr	5498	0.518	2017	10
m	Rr	0	0.000	2017	09
m	Rr	0	0.000	2017	08
m	Rr	0	0.000	2017	07
m	Rr	0	0.000	2017	06
m	Rr	6832	0.644	2017	05
m	Rr	9999	0.942	2017	04
m	Rr	11887	1.120	2017	03
m	Rr	7941	0.748	2017	02
m	Rr	7572	0.713	2017	01
m	Rr	9483	0.893	2016	12
m	Rr	7121	0.671	2016	11
m	Rr	5510	0.519	2016	10
m	Rr	6288	0.592	2016	09
m	Rr	5888	0.555	2016	08
m	Rr	5445	0.513	2016	07
m	Rr	5042	0.475	2016	06
m	Rr	5495	0.518	2016	05
m	Rr	5341	0.503	2016	04
m	Rr	5558	0.524	2016	03
m	Rr	5548	0.523	2016	02
m	Rr	6597	0.621	2016	01
m	Rr	5574	0.525	2015	12
m	Rr	5330	0.502	2015	11
m	Rr	5671	0.534	2015	10
m	Rr	6196	0.584	2015	09
m	Rr	6788	0.639	2015	08
m	Rr	9120	0.859	2015	07
m	Rr	7156	0.674	2015	06
m	Rr	5694	0.536	2015	05
m	Rr	9635	0.908	2015	04
m	Rr	6215	0.585	2015	03
m	Rr	6084	0.573	2015	02
m	Rr	7333	0.691	2015	01
m	Rr	6608	0.622	2014	12
m	Rr	6997	0.659	2014	11
m	Rr	7537	0.710	2014	10
m	Rr	7043	0.663	2014	09
m	Rr	7324	0.690	2014	08
m	Rr	7905	0.745	2014	07
m	Rr	11654	1.098	2014	06
m	Rr	9211	0.868	2014	05
m	Rr	10588	0.997	2014	04
m	Rr	7817	0.736	2014	03
m	Rr	15229	1.434	2014	02
m	Rr	12860	1.211	2014	01
m	Rr	5325	0.502	2013	12
m	Rr	5513	0.519	2013	11
m	Rr	5598	0.527	2013	10
m	Rr	4655	0.438	2013	09
m	Rr	4938	0.465	2013	08
m	Rr	5623	0.530	2013	07
m	Rr	5492	0.517	2013	06
m	Rr	5211	0.491	2013	05
m	Rr	5842	0.550	2013	04
m	Rr	6068	0.572	2013	03
m	Rr	5055	0.476	2013	02
m	Rr	5853	0.551	2013	01
m	Rr	5688	0.536	2012	12
m	Rr	5477	0.516	2012	11
m	Rr	5413	0.510	2012	10
m	Rr	4331	0.408	2012	09
m	Rr	3866	0.364	2012	08
m	Rr	4314	0.406	2012	07
m	Rr	4655	0.438	2012	06
m	Rr	6047	0.570	2012	05
m	Rr	5114	0.482	2012	04
m	Rr	6128	0.577	2012	03
m	Rr	5430	0.511	2012	02
m	Rr	4279	0.403	2012	01
m	Rr	5548	0.523	2011	12
m	Rr	4779	0.450	2011	11
m	Rr	5117	0.482	2011	10
m	Rr	5431	0.512	2011	09
m	Rr	6256	0.589	2011	08
m	Rr	5699	0.537	2011	07
m	Rr	5420	0.511	2011	06
m	Rr	3975	0.374	2011	05
m	Rr	0	0.000	2011	04
m	Rr	3608	0.340	2011	03
m	Rr	5171	0.487	2011	02
m	Rr	6011	0.566	2011	01
m	Rr	1603	0.151	2010	12
m	Rr	0	0.000	2010	11
m	Rr	0	0.000	2010	10
m	Rr	0	0.000	2010	09
m	Rr	0	0.000	2010	08
m	Rr	0	0.000	2010	07
m	Rr	4101	0.386	2010	06
m	Rr	5018	0.473	2010	05
m	Rr	4928	0.464	2010	04
m	Rr	5095	0.480	2010	03
m	Rr	1394	0.131	2010	02
m	Rr	0	0.000	2010	01
m	Rr	4665	0.439	2009	12
m	Rr	6187	0.583	2009	11
m	Rr	5498	0.518	2009	10
m	Rr	5066	0.477	2009	09
m	Rr	5718	0.539	2009	08
m	Rr	7436	0.700	2009	07
m	Rr	5685	0.535	2009	06
m	Rr	6120	0.576	2009	05
m	Rr	5310	0.500	2009	04
m	Rr	5515	0.519	2009	03
m	Rr	6123	0.577	2009	02
m	Rr	6387	0.602	2009	01
m	Rr	5763	0.543	2008	12
m	Rr	5420	0.511	2008	11
m	Rr	4722	0.445	2008	10
m	Rr	5435	0.512	2008	09
m	Rr	4843	0.456	2008	08
m	Rr	5382	0.507	2008	07
m	Rr	6082	0.573	2008	06
m	Rr	9946	0.937	2008	05
m	Rr	6420	0.605	2008	04
m	Rr	5431	0.512	2008	03
m	Rr	6469	0.609	2008	02
m	Rr	5907	0.556	2008	01
m	Rr	1700	0.160	2007	12
m	*BT	R	15229	2014	02
W	Rr	1430	0.135	2022	08	07
W	Rr	1446	0.136	2022	07	31
W	Rr	1383	0.130	2022	07	24
W	Rr	1661	0.156	2022	07	17
W	Rr	1478	0.139	2022	07	10
W	Rr	1711	0.161	2022	07	03
W	Rr	1804	0.170	2022	06	26
W	Rr	1298	0.122	2022	06	19
W	Rr	1407	0.133	2022	06	12
W	Rr	1396	0.131	2022	06	05
W	Rr	1638	0.154	2022	05	29
W	Rr	1724	0.162	2022	05	22
W	Rr	2427	0.229	2022	05	15
W	Rr	2100	0.198	2022	05	08
W	Rr	1414	0.133	2022	05	01
W	Rr	1865	0.176	2022	04	24
W	Rr	1381	0.130	2022	04	17
W	Rr	1630	0.154	2022	04	10
W	Rr	1670	0.157	2022	04	03
W	Rr	1588	0.150	2022	03	27
W	Rr	1204	0.113	2022	03	20
W	Rr	1350	0.127	2022	03	13
W	Rr	1488	0.140	2022	03	06
W	Rr	1368	0.129	2022	02	27
W	Rr	1481	0.139	2022	02	20
W	Rr	1657	0.156	2022	02	13
W	Rr	1518	0.143	2022	02	06
W	Rr	1787	0.168	2022	01	30
W	Rr	2021	0.190	2022	01	23
W	Rr	1429	0.135	2022	01	16
W	Rr	1693	0.159	2022	01	09
W	Rr	1541	0.145	2022	01	02
W	Rr	1311	0.123	2021	12	26
W	Rr	1839	0.173	2021	12	19
W	Rr	1732	0.163	2021	12	12
W	Rr	2001	0.188	2021	12	05
W	Rr	1641	0.155	2021	11	28
W	Rr	1615	0.152	2021	11	21
W	Rr	1673	0.158	2021	11	14
W	Rr	1625	0.153	2021	11	07
W	Rr	1523	0.143	2021	10	31
W	Rr	1562	0.147	2021	10	24
W	Rr	1474	0.139	2021	10	17
W	Rr	1349	0.127	2021	10	10
W	Rr	1615	0.152	2021	10	03
W	Rr	1598	0.151	2021	09	26
W	Rr	1646	0.155	2021	09	19
W	Rr	1203	0.113	2021	09	12
W	Rr	1106	0.104	2021	09	05
W	Rr	1383	0.130	2021	08	29
W	Rr	1685	0.159	2021	08	22
W	Rr	2071	0.195	2021	08	15
W	Rr	2279	0.215	2021	08	08
W	Rr	2374	0.224	2021	08	01
W	Rr	2543	0.240	2021	07	25
W	Rr	2843	0.268	2021	07	18
W	Rr	2777	0.262	2021	07	11
W	Rr	2756	0.260	2021	07	04
W	Rr	2524	0.238	2021	06	27
W	Rr	2466	0.232	2021	06	20
W	Rr	2262	0.213	2021	06	13
W	Rr	2264	0.213	2021	06	06
W	Rr	2101	0.198	2021	05	30
W	Rr	3009	0.283	2021	05	23
W	Rr	1989	0.187	2021	05	16
W	Rr	2386	0.225	2021	05	09
W	Rr	2138	0.201	2021	05	02
W	Rr	1668	0.157	2021	04	25
W	Rr	2413	0.227	2021	04	18
W	Rr	3035	0.286	2021	04	11
W	Rr	2709	0.255	2021	04	04
W	Rr	1942	0.183	2021	03	28
W	Rr	1666	0.157	2021	03	21
W	Rr	1476	0.139	2021	03	14
W	Rr	1713	0.161	2021	03	07
W	Rr	1777	0.167	2021	02	28
W	Rr	1173	0.110	2021	02	21
W	Rr	1101	0.104	2021	02	14
W	Rr	1699	0.160	2021	02	07
W	Rr	1867	0.176	2021	01	31
W	Rr	1404	0.132	2021	01	24
W	Rr	1564	0.147	2021	01	17
W	Rr	1431	0.135	2021	01	10
W	Rr	1666	0.157	2021	01	03
W	Rr	1926	0.181	2020	12	27
W	Rr	1572	0.148	2020	12	20
W	Rr	1404	0.132	2020	12	13
W	Rr	2272	0.214	2020	12	06
W	Rr	1522	0.143	2020	11	29
W	Rr	1722	0.162	2020	11	22
W	Rr	1580	0.149	2020	11	15
W	Rr	1401	0.132	2020	11	08
W	Rr	1499	0.141	2020	11	01
W	Rr	1470	0.138	2020	10	25
W	Rr	2379	0.224	2020	10	18
W	Rr	1559	0.147	2020	10	11
W	Rr	1729	0.163	2020	10	04
W	Rr	1674	0.158	2020	09	27
W	Rr	1786	0.168	2020	09	20
W	Rr	2200	0.207	2020	09	13
W	Rr	1677	0.158	2020	09	06
W	Rr	1596	0.150	2020	08	30
W	Rr	1833	0.173	2020	08	23
W	Rr	1814	0.171	2020	08	16
W	Rr	2206	0.208	2020	08	09
W	Rr	1397	0.132	2020	08	02
W	Rr	1816	0.171	2020	07	26
W	Rr	1949	0.184	2020	07	19
W	Rr	1532	0.144	2020	07	12
W	Rr	1976	0.186	2020	07	05
W	Rr	1600	0.151	2020	06	28
W	Rr	1627	0.153	2020	06	21
W	Rr	2101	0.198	2020	06	14
W	Rr	1590	0.150	2020	06	07
W	Rr	1492	0.141	2020	05	31
W	Rr	1556	0.147	2020	05	24
W	Rr	1756	0.165	2020	05	17
W	Rr	1568	0.148	2020	05	10
W	Rr	1567	0.148	2020	05	03
W	Rr	1734	0.163	2020	04	26
W	Rr	1675	0.158	2020	04	19
W	Rr	1702	0.160	2020	04	12
W	Rr	1965	0.185	2020	04	05
W	Rr	1329	0.125	2020	03	29
W	Rr	1818	0.171	2020	03	22
W	Rr	1345	0.127	2020	03	15
W	Rr	1581	0.149	2020	03	08
W	Rr	2014	0.190	2020	03	01
W	Rr	1942	0.183	2020	02	23
W	Rr	1748	0.165	2020	02	16
W	Rr	1949	0.184	2020	02	09
W	Rr	1683	0.159	2020	02	02
W	Rr	1436	0.135	2020	01	26
W	Rr	1792	0.169	2020	01	19
W	Rr	1519	0.143	2020	01	12
W	Rr	1420	0.134	2020	01	05
W	Rr	1109	0.104	2019	12	29
W	Rr	1023	0.096	2019	12	22
W	Rr	1584	0.149	2019	12	15
W	Rr	1783	0.168	2019	12	08
W	Rr	1704	0.161	2019	12	01
W	Rr	1178	0.111	2019	11	24
W	Rr	1697	0.160	2019	11	17
W	Rr	1510	0.142	2019	11	10
W	Rr	1383	0.130	2019	11	03
W	Rr	1309	0.123	2019	10	27
W	Rr	1473	0.139	2019	10	20
W	Rr	1519	0.143	2019	10	13
W	Rr	1485	0.140	2019	10	06
W	Rr	1416	0.133	2019	09	29
W	Rr	1499	0.141	2019	09	22
W	Rr	1652	0.156	2019	09	15
W	Rr	1710	0.161	2019	09	08
W	Rr	1485	0.140	2019	09	01
W	Rr	1689	0.159	2019	08	25
W	Rr	1315	0.124	2019	08	18
W	Rr	1619	0.152	2019	08	11
W	Rr	1558	0.147	2019	08	04
W	Rr	1360	0.128	2019	07	28
W	Rr	1191	0.112	2019	07	21
W	Rr	1730	0.163	2019	07	14
W	Rr	1299	0.122	2019	07	07
W	Rr	1339	0.126	2019	06	30
W	Rr	1592	0.150	2019	06	23
W	Rr	1497	0.141	2019	06	16
W	Rr	1450	0.137	2019	06	09
W	Rr	1555	0.146	2019	06	02
W	Rr	1289	0.121	2019	05	26
W	Rr	1863	0.175	2019	05	19
W	Rr	1385	0.130	2019	05	12
W	Rr	1553	0.146	2019	05	05
W	Rr	1655	0.156	2019	04	28
W	Rr	1282	0.121	2019	04	21
W	Rr	1503	0.142	2019	04	14
W	Rr	1623	0.153	2019	04	07
W	Rr	1715	0.162	2019	03	31
W	Rr	1882	0.177	2019	03	24
W	Rr	1464	0.138	2019	03	17
W	Rr	1381	0.130	2019	03	10
W	Rr	1627	0.153	2019	03	03
W	Rr	1773	0.167	2019	02	24
W	Rr	1669	0.157	2019	02	17
W	Rr	1483	0.140	2019	02	10
W	Rr	1391	0.131	2019	02	03
W	Rr	1797	0.169	2019	01	27
W	Rr	1963	0.185	2019	01	20
W	Rr	2029	0.191	2019	01	13
W	Rr	1696	0.160	2019	01	06
W	Rr	1526	0.144	2018	12	30
W	Rr	1226	0.115	2018	12	23
W	Rr	1442	0.136	2018	12	16
W	Rr	1936	0.182	2018	12	09
W	Rr	1809	0.170	2018	12	02
W	Rr	1295	0.122	2018	11	25
W	Rr	1820	0.171	2018	11	18
W	Rr	1802	0.170	2018	11	11
W	Rr	0	0.000	2018	11	04
W	Rr	1473	0.139	2018	10	28
W	Rr	1106	0.104	2018	10	21
W	Rr	1427	0.134	2018	10	14
W	Rr	1214	0.114	2018	10	07
W	Rr	1168	0.110	2018	09	30
W	Rr	1420	0.134	2018	09	23
W	Rr	1197	0.113	2018	09	16
W	Rr	1388	0.131	2018	09	09
W	Rr	1320	0.124	2018	09	02
W	Rr	1246	0.117	2018	08	26
W	Rr	1214	0.114	2018	08	19
W	Rr	1366	0.129	2018	08	12
W	Rr	1195	0.113	2018	08	05
W	Rr	1346	0.127	2018	07	29
W	Rr	1374	0.129	2018	07	22
W	Rr	1508	0.142	2018	07	15
W	Rr	1522	0.143	2018	07	08
W	Rr	909	0.086	2018	07	01
W	Rr	1444	0.136	2018	06	24
W	Rr	2682	0.253	2018	06	17
W	Rr	1365	0.129	2018	06	10
W	Rr	1329	0.125	2018	06	03
W	Rr	1275	0.120	2018	05	27
W	Rr	1392	0.131	2018	05	20
W	Rr	1321	0.124	2018	05	13
W	Rr	1527	0.144	2018	05	06
W	Rr	1517	0.143	2018	04	29
W	Rr	0	0.000	2018	04	22
W	Rr	1364	0.128	2018	04	15
W	Rr	1712	0.161	2018	04	08
W	Rr	0	0.000	2018	04	01
W	Rr	1543	0.145	2018	03	25
W	Rr	1342	0.126	2018	03	18
W	Rr	2429	0.229	2018	03	11
W	Rr	0	0.000	2018	03	04
W	Rr	1366	0.129	2018	02	25
W	Rr	1308	0.123	2018	02	18
W	Rr	1439	0.136	2018	02	11
W	Rr	1731	0.163	2018	02	04
W	Rr	0	0.000	2018	01	28
W	Rr	1434	0.135	2018	01	21
W	Rr	1578	0.149	2018	01	14
W	Rr	1471	0.139	2018	01	07
W	Rr	1246	0.117	2017	12	31
W	Rr	1033	0.097	2017	12	24
W	Rr	1103	0.104	2017	12	17
W	Rr	1406	0.132	2017	12	10
W	Rr	0	0.000	2017	12	03
W	Rr	1335	0.126	2017	11	26
W	Rr	1427	0.134	2017	11	19
W	Rr	1662	0.157	2017	11	12
W	Rr	1414	0.133	2017	11	05
W	Rr	1349	0.127	2017	10	29
W	Rr	1208	0.114	2017	10	22
W	Rr	2013	0.190	2017	10	15
W	Rr	1832	0.173	2017	10	08
W	Rr	0	0.000	2017	10	01
W	Rr	0	0.000	2017	09	24
W	Rr	0	0.000	2017	09	17
W	Rr	0	0.000	2017	09	10
W	Rr	0	0.000	2017	09	03
W	Rr	0	0.000	2017	08	27
W	Rr	0	0.000	2017	08	20
W	Rr	0	0.000	2017	08	13
W	Rr	0	0.000	2017	08	06
W	Rr	0	0.000	2017	07	30
W	Rr	0	0.000	2017	07	23
W	Rr	0	0.000	2017	07	16
W	Rr	0	0.000	2017	07	09
W	Rr	0	0.000	2017	07	02
W	Rr	0	0.000	2017	06	25
W	Rr	0	0.000	2017	06	18
W	Rr	0	0.000	2017	06	11
W	Rr	0	0.000	2017	06	04
W	Rr	25	0.002	2017	05	28
W	Rr	1838	0.173	2017	05	21
W	Rr	1915	0.180	2017	05	14
W	Rr	1676	0.158	2017	05	07
W	Rr	1677	0.158	2017	04	30
W	Rr	2071	0.195	2017	04	23
W	Rr	1978	0.186	2017	04	16
W	Rr	1874	0.177	2017	04	09
W	Rr	3435	0.324	2017	04	02
W	Rr	2619	0.247	2017	03	26
W	Rr	2633	0.248	2017	03	19
W	Rr	2413	0.227	2017	03	12
W	Rr	3092	0.291	2017	03	05
W	Rr	2295	0.216	2017	02	26
W	Rr	2204	0.208	2017	02	19
W	Rr	1869	0.176	2017	02	12
W	Rr	1973	0.186	2017	02	05
W	Rr	1783	0.168	2017	01	29
W	Rr	1768	0.167	2017	01	22
W	Rr	1585	0.149	2017	01	15
W	Rr	1768	0.167	2017	01	08
W	Rr	1740	0.164	2017	01	01
W	Rr	1549	0.146	2016	12	25
W	Rr	2202	0.207	2016	12	18
W	Rr	1812	0.171	2016	12	11
W	Rr	2648	0.249	2016	12	04
W	Rr	2236	0.211	2016	11	27
W	Rr	1321	0.124	2016	11	20
W	Rr	1996	0.188	2016	11	13
W	Rr	1716	0.162	2016	11	06
W	Rr	1564	0.147	2016	10	30
W	Rr	1362	0.128	2016	10	23
W	Rr	1707	0.161	2016	10	16
W	Rr	1696	0.160	2016	10	09
W	Rr	36	0.003	2016	10	02
W	Rr	2002	0.189	2016	09	25
W	Rr	1399	0.132	2016	09	18
W	Rr	1199	0.113	2016	09	11
W	Rr	1326	0.125	2016	09	04
W	Rr	1316	0.124	2016	08	28
W	Rr	1257	0.118	2016	08	21
W	Rr	1208	0.114	2016	08	14
W	Rr	1602	0.151	2016	08	07
W	Rr	1319	0.124	2016	07	31
W	Rr	1796	0.169	2016	07	24
W	Rr	1171	0.110	2016	07	17
W	Rr	1167	0.110	2016	07	10
W	Rr	917	0.086	2016	07	03
W	Rr	920	0.087	2016	06	26
W	Rr	1179	0.111	2016	06	19
W	Rr	1288	0.121	2016	06	12
W	Rr	1237	0.117	2016	06	05
W	Rr	1263	0.119	2016	05	29
W	Rr	1338	0.126	2016	05	22
W	Rr	1184	0.112	2016	05	15
W	Rr	1365	0.129	2016	05	08
W	Rr	974	0.092	2016	05	01
W	Rr	1311	0.123	2016	04	24
W	Rr	1127	0.106	2016	04	17
W	Rr	1248	0.118	2016	04	10
W	Rr	1451	0.137	2016	04	03
W	Rr	987	0.093	2016	03	27
W	Rr	1233	0.116	2016	03	20
W	Rr	1347	0.127	2016	03	13
W	Rr	1347	0.127	2016	03	06
W	Rr	1236	0.116	2016	02	28
W	Rr	1422	0.134	2016	02	21
W	Rr	1085	0.102	2016	02	14
W	Rr	1427	0.134	2016	02	07
W	Rr	1359	0.128	2016	01	31
W	Rr	1708	0.161	2016	01	24
W	Rr	1476	0.139	2016	01	17
W	Rr	1563	0.147	2016	01	10
W	Rr	1381	0.130	2016	01	03
W	Rr	1273	0.120	2015	12	27
W	Rr	1084	0.102	2015	12	20
W	Rr	1344	0.127	2015	12	13
W	Rr	1336	0.126	2015	12	06
W	Rr	1123	0.106	2015	11	29
W	Rr	960	0.090	2015	11	22
W	Rr	1337	0.126	2015	11	15
W	Rr	1400	0.132	2015	11	08
W	Rr	1383	0.130	2015	11	01
W	Rr	1250	0.118	2015	10	25
W	Rr	1366	0.129	2015	10	18
W	Rr	1367	0.129	2015	10	11
W	Rr	1214	0.114	2015	10	04
W	Rr	1152	0.109	2015	09	27
W	Rr	1387	0.131	2015	09	20
W	Rr	1655	0.156	2015	09	13
W	Rr	1526	0.144	2015	09	06
W	Rr	1242	0.117	2015	08	30
W	Rr	1800	0.170	2015	08	23
W	Rr	1527	0.144	2015	08	16
W	Rr	1386	0.131	2015	08	09
W	Rr	1593	0.150	2015	08	02
W	Rr	1567	0.148	2015	07	26
W	Rr	1980	0.187	2015	07	19
W	Rr	2180	0.205	2015	07	12
W	Rr	2008	0.189	2015	07	05
W	Rr	2297	0.216	2015	06	28
W	Rr	1556	0.147	2015	06	21
W	Rr	1380	0.130	2015	06	14
W	Rr	2013	0.190	2015	06	07
W	Rr	1651	0.156	2015	05	31
W	Rr	1224	0.115	2015	05	24
W	Rr	1355	0.128	2015	05	17
W	Rr	1179	0.111	2015	05	10
W	Rr	1436	0.135	2015	05	03
W	Rr	1671	0.157	2015	04	26
W	Rr	1878	0.177	2015	04	19
W	Rr	2326	0.219	2015	04	12
W	Rr	2636	0.248	2015	04	05
W	Rr	2297	0.216	2015	03	29
W	Rr	1237	0.117	2015	03	22
W	Rr	1453	0.137	2015	03	15
W	Rr	1399	0.132	2015	03	08
W	Rr	1287	0.121	2015	03	01
W	Rr	1249	0.118	2015	02	22
W	Rr	1373	0.129	2015	02	15
W	Rr	1790	0.169	2015	02	08
W	Rr	1672	0.157	2015	02	01
W	Rr	1543	0.145	2015	01	25
W	Rr	1463	0.138	2015	01	18
W	Rr	1696	0.160	2015	01	11
W	Rr	1707	0.161	2015	01	04
W	Rr	1833	0.173	2014	12	28
W	Rr	1335	0.126	2014	12	21
W	Rr	1644	0.155	2014	12	14
W	Rr	1541	0.145	2014	12	07
W	Rr	1335	0.126	2014	11	30
W	Rr	1262	0.119	2014	11	23
W	Rr	2009	0.189	2014	11	16
W	Rr	1566	0.148	2014	11	09
W	Rr	1814	0.171	2014	11	02
W	Rr	1452	0.137	2014	10	26
W	Rr	1642	0.155	2014	10	19
W	Rr	1795	0.169	2014	10	12
W	Rr	1836	0.173	2014	10	05
W	Rr	1662	0.157	2014	09	28
W	Rr	1843	0.174	2014	09	21
W	Rr	1678	0.158	2014	09	14
W	Rr	1598	0.151	2014	09	07
W	Rr	1418	0.134	2014	08	31
W	Rr	1584	0.149	2014	08	24
W	Rr	1571	0.148	2014	08	17
W	Rr	1727	0.163	2014	08	10
W	Rr	1927	0.182	2014	08	03
W	Rr	1691	0.159	2014	07	27
W	Rr	1702	0.160	2014	07	20
W	Rr	1624	0.153	2014	07	13
W	Rr	1831	0.172	2014	07	06
W	Rr	1867	0.176	2014	06	29
W	Rr	1927	0.182	2014	06	22
W	Rr	2134	0.201	2014	06	15
W	Rr	4851	0.457	2014	06	08
W	Rr	2293	0.216	2014	06	01
W	Rr	3180	0.300	2014	05	25
W	Rr	1468	0.138	2014	05	18
W	Rr	1808	0.170	2014	05	11
W	Rr	1998	0.188	2014	05	04
W	Rr	1876	0.177	2014	04	27
W	Rr	2330	0.219	2014	04	20
W	Rr	2565	0.242	2014	04	13
W	Rr	2652	0.250	2014	04	06
W	Rr	2574	0.242	2014	03	30
W	Rr	1186	0.112	2014	03	23
W	Rr	1305	0.123	2014	03	16
W	Rr	2273	0.214	2014	03	09
W	Rr	2231	0.210	2014	03	02
W	Rr	1925	0.181	2014	02	23
W	Rr	7060	0.665	2014	02	16
W	Rr	2854	0.269	2014	02	09
W	Rr	3190	0.300	2014	02	02
W	Rr	3743	0.353	2014	01	26
W	Rr	3643	0.343	2014	01	19
W	Rr	2961	0.279	2014	01	12
W	Rr	2319	0.218	2014	01	05
W	Rr	981	0.092	2013	12	29
W	Rr	1108	0.104	2013	12	22
W	Rr	1226	0.115	2013	12	15
W	Rr	1285	0.121	2013	12	08
W	Rr	1289	0.121	2013	12	01
W	Rr	1404	0.132	2013	11	24
W	Rr	1142	0.108	2013	11	17
W	Rr	1334	0.126	2013	11	10
W	Rr	1277	0.120	2013	11	03
W	Rr	1035	0.097	2013	10	27
W	Rr	1309	0.123	2013	10	20
W	Rr	1302	0.123	2013	10	13
W	Rr	1432	0.135	2013	10	06
W	Rr	1178	0.111	2013	09	29
W	Rr	947	0.089	2013	09	22
W	Rr	1254	0.118	2013	09	15
W	Rr	1099	0.104	2013	09	08
W	Rr	1053	0.099	2013	09	01
W	Rr	1010	0.095	2013	08	25
W	Rr	1102	0.104	2013	08	18
W	Rr	1063	0.100	2013	08	11
W	Rr	1105	0.104	2013	08	04
W	Rr	1377	0.130	2013	07	28
W	Rr	1498	0.141	2013	07	21
W	Rr	1295	0.122	2013	07	14
W	Rr	1237	0.117	2013	07	07
W	Rr	1003	0.094	2013	06	30
W	Rr	1275	0.120	2013	06	23
W	Rr	1072	0.101	2013	06	16
W	Rr	1249	0.118	2013	06	09
W	Rr	1521	0.143	2013	06	02
W	Rr	1256	0.118	2013	05	26
W	Rr	1091	0.103	2013	05	19
W	Rr	1359	0.128	2013	05	12
W	Rr	1130	0.106	2013	05	05
W	Rr	1215	0.114	2013	04	28
W	Rr	1368	0.129	2013	04	21
W	Rr	1318	0.124	2013	04	14
W	Rr	1408	0.133	2013	04	07
W	Rr	1277	0.120	2013	03	31
W	Rr	1452	0.137	2013	03	24
W	Rr	1418	0.134	2013	03	17
W	Rr	1217	0.115	2013	03	10
W	Rr	1490	0.140	2013	03	03
W	Rr	1353	0.127	2013	02	24
W	Rr	1268	0.119	2013	02	17
W	Rr	1274	0.120	2013	02	10
W	Rr	1153	0.109	2013	02	03
W	Rr	1266	0.119	2013	01	27
W	Rr	1271	0.120	2013	01	20
W	Rr	1449	0.136	2013	01	13
W	Rr	1253	0.118	2013	01	06
W	Rr	1309	0.123	2012	12	30
W	Rr	1156	0.109	2012	12	23
W	Rr	1336	0.126	2012	12	16
W	Rr	1575	0.148	2012	12	09
W	Rr	1087	0.102	2012	12	02
W	Rr	1376	0.130	2012	11	25
W	Rr	1136	0.107	2012	11	18
W	Rr	1341	0.126	2012	11	11
W	Rr	1418	0.134	2012	11	04
W	Rr	1103	0.104	2012	10	28
W	Rr	1200	0.113	2012	10	21
W	Rr	1382	0.130	2012	10	14
W	Rr	1127	0.106	2012	10	07
W	Rr	1187	0.112	2012	09	30
W	Rr	1172	0.110	2012	09	23
W	Rr	1034	0.097	2012	09	16
W	Rr	944	0.089	2012	09	09
W	Rr	958	0.090	2012	09	02
W	Rr	734	0.069	2012	08	26
W	Rr	881	0.083	2012	08	19
W	Rr	874	0.082	2012	08	12
W	Rr	973	0.092	2012	08	05
W	Rr	1010	0.095	2012	07	29
W	Rr	943	0.089	2012	07	22
W	Rr	1089	0.103	2012	07	15
W	Rr	888	0.084	2012	07	08
W	Rr	845	0.080	2012	07	01
W	Rr	1070	0.101	2012	06	24
W	Rr	1050	0.099	2012	06	17
W	Rr	1271	0.120	2012	06	10
W	Rr	957	0.090	2012	06	03
W	Rr	1249	0.118	2012	05	27
W	Rr	1055	0.099	2012	05	20
W	Rr	1392	0.131	2012	05	13
W	Rr	1140	0.107	2012	05	06
W	Rr	1807	0.170	2012	04	29
W	Rr	1225	0.115	2012	04	22
W	Rr	1264	0.119	2012	04	15
W	Rr	1075	0.101	2012	04	08
W	Rr	1261	0.119	2012	04	01
W	Rr	1345	0.127	2012	03	25
W	Rr	1254	0.118	2012	03	18
W	Rr	1478	0.139	2012	03	11
W	Rr	1503	0.142	2012	03	04
W	Rr	1532	0.144	2012	02	26
W	Rr	1464	0.138	2012	02	19
W	Rr	1154	0.109	2012	02	12
W	Rr	1240	0.117	2012	02	05
W	Rr	1088	0.102	2012	01	29
W	Rr	1125	0.106	2012	01	22
W	Rr	60	0.006	2012	01	15
W	Rr	1472	0.139	2012	01	08
W	Rr	1122	0.106	2012	01	01
W	Rr	888	0.084	2011	12	25
W	Rr	1360	0.128	2011	12	18
W	Rr	1486	0.140	2011	12	11
W	Rr	1330	0.125	2011	12	04
W	Rr	1094	0.103	2011	11	27
W	Rr	1062	0.100	2011	11	20
W	Rr	1123	0.106	2011	11	13
W	Rr	975	0.092	2011	11	06
W	Rr	1264	0.119	2011	10	30
W	Rr	1140	0.107	2011	10	23
W	Rr	1211	0.114	2011	10	16
W	Rr	1236	0.116	2011	10	09
W	Rr	1128	0.106	2011	10	02
W	Rr	1083	0.102	2011	09	25
W	Rr	1451	0.137	2011	09	18
W	Rr	1278	0.120	2011	09	11
W	Rr	1219	0.115	2011	09	04
W	Rr	1316	0.124	2011	08	28
W	Rr	1119	0.105	2011	08	21
W	Rr	1484	0.140	2011	08	14
W	Rr	1671	0.157	2011	08	07
W	Rr	1319	0.124	2011	07	31
W	Rr	1197	0.113	2011	07	24
W	Rr	1504	0.142	2011	07	17
W	Rr	1367	0.129	2011	07	10
W	Rr	1205	0.114	2011	07	03
W	Rr	1333	0.126	2011	06	26
W	Rr	1059	0.100	2011	06	19
W	Rr	1353	0.127	2011	06	12
W	Rr	1275	0.120	2011	06	05
W	Rr	983	0.093	2011	05	29
W	Rr	1262	0.119	2011	05	22
W	Rr	1374	0.129	2011	05	15
W	Rr	1076	0.101	2011	05	08
W	Rr	0	0.000	2011	05	01
W	Rr	0	0.000	2011	04	24
W	Rr	0	0.000	2011	04	17
W	Rr	0	0.000	2011	04	10
W	Rr	0	0.000	2011	04	03
W	Rr	0	0.000	2011	03	27
W	Rr	24	0.002	2011	03	20
W	Rr	1317	0.124	2011	03	13
W	Rr	1258	0.118	2011	03	06
W	Rr	1372	0.129	2011	02	27
W	Rr	1226	0.115	2011	02	20
W	Rr	1524	0.144	2011	02	13
W	Rr	1366	0.129	2011	02	06
W	Rr	958	0.090	2011	01	30
W	Rr	1273	0.120	2011	01	23
W	Rr	1560	0.147	2011	01	16
W	Rr	1472	0.139	2011	01	09
W	Rr	1310	0.123	2011	01	02
W	Rr	798	0.075	2010	12	26
W	Rr	935	0.088	2010	12	19
W	Rr	0	0.000	2010	12	12
W	Rr	0	0.000	2010	12	05
W	Rr	0	0.000	2010	11	28
W	Rr	0	0.000	2010	11	21
W	Rr	0	0.000	2010	11	14
W	Rr	0	0.000	2010	11	07
W	Rr	0	0.000	2010	10	31
W	Rr	0	0.000	2010	10	24
W	Rr	0	0.000	2010	10	17
W	Rr	0	0.000	2010	10	10
W	Rr	0	0.000	2010	10	03
W	Rr	0	0.000	2010	09	26
W	Rr	0	0.000	2010	09	19
W	Rr	0	0.000	2010	09	12
W	Rr	0	0.000	2010	09	05
W	Rr	0	0.000	2010	08	29
W	Rr	0	0.000	2010	08	22
W	Rr	0	0.000	2010	08	15
W	Rr	0	0.000	2010	08	08
W	Rr	0	0.000	2010	08	01
W	Rr	0	0.000	2010	07	25
W	Rr	0	0.000	2010	07	18
W	Rr	0	0.000	2010	07	11
W	Rr	0	0.000	2010	07	04
W	Rr	15	0.001	2010	06	27
W	Rr	914	0.086	2010	06	20
W	Rr	1104	0.104	2010	06	13
W	Rr	1096	0.103	2010	06	06
W	Rr	1171	0.110	2010	05	30
W	Rr	1115	0.105	2010	05	23
W	Rr	1170	0.110	2010	05	16
W	Rr	1334	0.126	2010	05	09
W	Rr	1109	0.104	2010	05	02
W	Rr	1067	0.101	2010	04	25
W	Rr	1212	0.114	2010	04	18
W	Rr	1054	0.099	2010	04	11
W	Rr	1325	0.125	2010	04	04
W	Rr	811	0.076	2010	03	28
W	Rr	1195	0.113	2010	03	21
W	Rr	1338	0.126	2010	03	14
W	Rr	1113	0.105	2010	03	07
W	Rr	1103	0.104	2010	02	28
W	Rr	1290	0.122	2010	02	21
W	Rr	0	0.000	2010	02	14
W	Rr	0	0.000	2010	02	07
W	Rr	0	0.000	2010	01	31
W	Rr	0	0.000	2010	01	24
W	Rr	0	0.000	2010	01	17
W	Rr	0	0.000	2010	01	10
W	Rr	0	0.000	2010	01	03
W	Rr	78	0.007	2009	12	27
W	Rr	945	0.089	2009	12	20
W	Rr	1140	0.107	2009	12	13
W	Rr	1323	0.125	2009	12	06
W	Rr	1518	0.143	2009	11	29
W	Rr	1352	0.127	2009	11	22
W	Rr	1346	0.127	2009	11	15
W	Rr	1416	0.133	2009	11	08
W	Rr	1734	0.163	2009	11	01
W	Rr	1035	0.097	2009	10	25
W	Rr	1297	0.122	2009	10	18
W	Rr	1267	0.119	2009	10	11
W	Rr	1440	0.136	2009	10	04
W	Rr	1521	0.143	2009	09	27
W	Rr	1121	0.106	2009	09	20
W	Rr	875	0.082	2009	09	13
W	Rr	1032	0.097	2009	09	06
W	Rr	1283	0.121	2009	08	30
W	Rr	1214	0.114	2009	08	23
W	Rr	1402	0.132	2009	08	16
W	Rr	1260	0.119	2009	08	09
W	Rr	1404	0.132	2009	08	02
W	Rr	1380	0.130	2009	07	26
W	Rr	1470	0.138	2009	07	19
W	Rr	1750	0.165	2009	07	12
W	Rr	1847	0.174	2009	07	05
W	Rr	1889	0.178	2009	06	28
W	Rr	1312	0.124	2009	06	21
W	Rr	1093	0.103	2009	06	14
W	Rr	1363	0.128	2009	06	07
W	Rr	1251	0.118	2009	05	31
W	Rr	1352	0.127	2009	05	24
W	Rr	1133	0.107	2009	05	17
W	Rr	1887	0.178	2009	05	10
W	Rr	1369	0.129	2009	05	03
W	Rr	1089	0.103	2009	04	26
W	Rr	1160	0.109	2009	04	19
W	Rr	1189	0.112	2009	04	12
W	Rr	1529	0.144	2009	04	05
W	Rr	1155	0.109	2009	03	29
W	Rr	1230	0.116	2009	03	22
W	Rr	1029	0.097	2009	03	15
W	Rr	1234	0.116	2009	03	08
W	Rr	1486	0.140	2009	03	01
W	Rr	1470	0.138	2009	02	22
W	Rr	1198	0.113	2009	02	15
W	Rr	1802	0.170	2009	02	08
W	Rr	1653	0.156	2009	02	01
W	Rr	1346	0.127	2009	01	25
W	Rr	1431	0.135	2009	01	18
W	Rr	1678	0.158	2009	01	11
W	Rr	1591	0.150	2009	01	04
W	Rr	886	0.083	2008	12	28
W	Rr	1148	0.108	2008	12	21
W	Rr	1428	0.135	2008	12	14
W	Rr	1508	0.142	2008	12	07
W	Rr	1194	0.112	2008	11	30
W	Rr	1070	0.101	2008	11	23
W	Rr	1396	0.131	2008	11	16
W	Rr	1255	0.118	2008	11	09
W	Rr	1314	0.124	2008	11	02
W	Rr	1397	0.132	2008	10	26
W	Rr	1638	0.154	2008	10	19
W	Rr	1298	0.122	2008	10	12
W	Rr	430	0.041	2008	10	05
W	Rr	723	0.068	2008	09	28
W	Rr	1308	0.123	2008	09	21
W	Rr	1242	0.117	2008	09	14
W	Rr	1409	0.133	2008	09	07
W	Rr	1142	0.108	2008	08	31
W	Rr	1022	0.096	2008	08	24
W	Rr	1062	0.100	2008	08	17
W	Rr	1188	0.112	2008	08	10
W	Rr	1232	0.116	2008	08	03
W	Rr	1050	0.099	2008	07	27
W	Rr	1272	0.120	2008	07	20
W	Rr	1305	0.123	2008	07	13
W	Rr	1093	0.103	2008	07	06
W	Rr	1182	0.111	2008	06	29
W	Rr	1937	0.182	2008	06	22
W	Rr	1493	0.141	2008	06	15
W	Rr	1083	0.102	2008	06	08
W	Rr	1283	0.121	2008	06	01
W	Rr	1432	0.135	2008	05	25
W	Rr	1726	0.163	2008	05	18
W	Rr	1580	0.149	2008	05	11
W	Rr	2661	0.251	2008	05	04
W	Rr	3648	0.344	2008	04	27
W	Rr	1400	0.132	2008	04	20
W	Rr	1365	0.129	2008	04	13
W	Rr	1213	0.114	2008	04	06
W	Rr	1670	0.157	2008	03	30
W	Rr	1211	0.114	2008	03	23
W	Rr	1144	0.108	2008	03	16
W	Rr	1301	0.123	2008	03	09
W	Rr	1292	0.122	2008	03	02
W	Rr	1427	0.134	2008	02	24
W	Rr	2207	0.208	2008	02	17
W	Rr	1124	0.106	2008	02	10
W	Rr	1561	0.147	2008	02	03
W	Rr	1533	0.144	2008	01	27
W	Rr	1389	0.131	2008	01	20
W	Rr	1133	0.107	2008	01	13
W	Rr	1404	0.132	2008	01	06
W	Rr	976	0.092	2007	12	30
W	Rr	801	0.075	2007	12	23
W	Rr	675	0.064	2007	12	16
W	*BT	R	7060	2014	02	16
D	Rr	348	0.033	2022	08	12
D	Rr	187	0.018	2022	08	11
D	Rr	323	0.030	2022	08	10
D	Rr	259	0.024	2022	08	09
D	Rr	193	0.018	2022	08	08
D	Rr	120	0.011	2022	08	07
D	Rr	0	0.000	2022	08	06
D	Rr	266	0.025	2022	08	05
D	Rr	189	0.018	2022	08	04
D	Rr	209	0.020	2022	08	03
D	Rr	215	0.020	2022	08	02
D	Rr	255	0.024	2022	08	01
D	Rr	312	0.029	2022	07	31
D	Rr	0	0.000	2022	07	30
D	Rr	156	0.015	2022	07	29
D	Rr	222	0.021	2022	07	28
D	Rr	375	0.035	2022	07	27
D	Rr	185	0.017	2022	07	26
D	Rr	310	0.029	2022	07	25
D	Rr	135	0.013	2022	07	24
D	Rr	0	0.000	2022	07	23
D	Rr	267	0.025	2022	07	22
D	Rr	286	0.027	2022	07	21
D	Rr	241	0.023	2022	07	20
D	Rr	357	0.034	2022	07	19
D	Rr	239	0.023	2022	07	18
D	Rr	271	0.026	2022	07	17
D	Rr	0	0.000	2022	07	16
D	Rr	268	0.025	2022	07	15
D	Rr	203	0.019	2022	07	14
D	Rr	239	0.023	2022	07	13
D	Rr	320	0.030	2022	07	12
D	Rr	263	0.025	2022	07	11
D	Rr	185	0.017	2022	07	10
D	Rr	0	0.000	2022	07	09
D	Rr	314	0.030	2022	07	08
D	Rr	402	0.038	2022	07	07
D	Rr	274	0.026	2022	07	06
D	Rr	182	0.017	2022	07	05
D	Rr	328	0.031	2022	07	04
D	Rr	211	0.020	2022	07	03
D	Rr	0	0.000	2022	07	02
D	*BT	R	2131	2008	05	03
d	Rr	128003	12.057	Sun
d	Rr	171781	16.181	Mon
d	Rr	174571	16.443	Tue
d	Rr	173285	16.322	Wed
d	Rr	173100	16.305	Thu
d	Rr	163888	15.437	Fri
d	Rr	77024	7.255	Sat
H	Rr	1	0.000	2022	08	12	23
H	Rr	11	0.001	2022	08	12	22
H	Rr	6	0.001	2022	08	12	21
H	Rr	6	0.001	2022	08	12	20
H	Rr	12	0.001	2022	08	12	19
H	Rr	35	0.003	2022	08	12	18
H	Rr	4	0.000	2022	08	12	17
H	Rr	1	0.000	2022	08	12	16
H	Rr	18	0.002	2022	08	12	15
H	Rr	5	0.000	2022	08	12	14
H	Rr	4	0.000	2022	08	12	13
H	Rr	29	0.003	2022	08	12	12
H	Rr	8	0.001	2022	08	12	11
H	Rr	4	0.000	2022	08	12	10
H	Rr	2	0.000	2022	08	12	09
H	Rr	20	0.002	2022	08	12	08
H	Rr	31	0.003	2022	08	12	07
H	Rr	21	0.002	2022	08	12	06
H	Rr	1	0.000	2022	08	12	05
H	Rr	9	0.001	2022	08	12	04
H	Rr	6	0.001	2022	08	12	03
H	Rr	42	0.004	2022	08	12	02
H	Rr	59	0.006	2022	08	12	01
H	Rr	13	0.001	2022	08	12	00
H	Rr	2	0.000	2022	08	11	23
H	Rr	7	0.001	2022	08	11	22
H	Rr	3	0.000	2022	08	11	21
H	Rr	2	0.000	2022	08	11	20
H	Rr	5	0.000	2022	08	11	19
H	Rr	8	0.001	2022	08	11	18
H	Rr	9	0.001	2022	08	11	17
H	Rr	18	0.002	2022	08	11	16
H	Rr	41	0.004	2022	08	11	15
H	Rr	1	0.000	2022	08	11	14
H	Rr	2	0.000	2022	08	11	13
H	Rr	1	0.000	2022	08	11	12
H	Rr	4	0.000	2022	08	11	11
H	Rr	6	0.001	2022	08	11	10
H	Rr	1	0.000	2022	08	11	09
H	Rr	6	0.001	2022	08	11	08
H	Rr	8	0.001	2022	08	11	07
H	Rr	13	0.001	2022	08	11	06
H	Rr	1	0.000	2022	08	11	05
H	Rr	30	0.003	2022	08	11	04
H	Rr	12	0.001	2022	08	11	03
H	Rr	2	0.000	2022	08	11	02
H	Rr	1	0.000	2022	08	11	01
H	Rr	4	0.000	2022	08	11	00
H	Rr	7	0.001	2022	08	10	23
H	Rr	1	0.000	2022	08	10	22
H	Rr	1	0.000	2022	08	10	21
H	Rr	1	0.000	2022	08	10	20
H	Rr	11	0.001	2022	08	10	19
H	Rr	5	0.000	2022	08	10	18
H	Rr	48	0.005	2022	08	10	17
H	Rr	40	0.004	2022	08	10	16
H	Rr	83	0.008	2022	08	10	15
H	Rr	6	0.001	2022	08	10	14
H	Rr	2	0.000	2022	08	10	13
H	Rr	2	0.000	2022	08	10	12
H	Rr	4	0.000	2022	08	10	11
H	Rr	10	0.001	2022	08	10	10
H	Rr	2	0.000	2022	08	10	09
H	Rr	0	0.000	2022	08	10	08
H	Rr	9	0.001	2022	08	10	07
H	Rr	11	0.001	2022	08	10	06
H	Rr	1	0.000	2022	08	10	05
H	Rr	4	0.000	2022	08	10	04
H	Rr	30	0.003	2022	08	10	03
H	Rr	4	0.000	2022	08	10	02
H	Rr	39	0.004	2022	08	10	01
H	Rr	2	0.000	2022	08	10	00
H	*BT	R	750	2020	12	11	23
h	Rr	41602	3.919	00
h	Rr	40526	3.817	01
h	Rr	41418	3.901	02
h	Rr	41230	3.884	03
h	Rr	39763	3.745	04
h	Rr	37720	3.553	05
h	Rr	36923	3.478	06
h	Rr	36240	3.414	07
h	Rr	35174	3.313	08
h	Rr	33733	3.177	09
h	Rr	33903	3.193	10
h	Rr	37493	3.532	11
h	Rr	37451	3.528	12
h	Rr	39713	3.741	13
h	Rr	46336	4.365	14
h	Rr	52600	4.955	15
h	Rr	56585	5.330	16
h	Rr	57017	5.371	17
h	Rr	57747	5.439	18
h	Rr	56782	5.348	19
h	Rr	55651	5.242	20
h	Rr	52445	4.940	21
h	Rr	48006	4.522	22
h	Rr	45594	4.295	23
4	Rr	1	0.000	2022	08	12	23	15
4	Rr	0	0.000	2022	08	12	23	00
4	Rr	6	0.001	2022	08	12	22	45
4	Rr	4	0.000	2022	08	12	22	30
4	Rr	0	0.000	2022	08	12	22	15
4	Rr	1	0.000	2022	08	12	22	00
4	Rr	1	0.000	2022	08	12	21	45
4	Rr	2	0.000	2022	08	12	21	30
4	Rr	2	0.000	2022	08	12	21	15
4	Rr	1	0.000	2022	08	12	21	00
4	Rr	1	0.000	2022	08	12	20	45
4	Rr	0	0.000	2022	08	12	20	30
4	Rr	5	0.000	2022	08	12	20	15
4	Rr	0	0.000	2022	08	12	20	00
4	Rr	0	0.000	2022	08	12	19	45
4	Rr	10	0.001	2022	08	12	19	30
4	Rr	2	0.000	2022	08	12	19	15
4	Rr	0	0.000	2022	08	12	19	00
4	Rr	0	0.000	2022	08	12	18	45
4	Rr	4	0.000	2022	08	12	18	30
4	Rr	3	0.000	2022	08	12	18	15
4	Rr	28	0.003	2022	08	12	18	00
4	Rr	1	0.000	2022	08	12	17	45
4	Rr	0	0.000	2022	08	12	17	30
4	Rr	0	0.000	2022	08	12	17	15
4	Rr	3	0.000	2022	08	12	17	00
4	Rr	1	0.000	2022	08	12	16	45
4	Rr	0	0.000	2022	08	12	16	30
4	Rr	0	0.000	2022	08	12	16	15
4	Rr	0	0.000	2022	08	12	16	00
4	Rr	0	0.000	2022	08	12	15	45
4	Rr	0	0.000	2022	08	12	15	30
4	Rr	1	0.000	2022	08	12	15	15
4	Rr	17	0.002	2022	08	12	15	00
4	Rr	2	0.000	2022	08	12	14	45
4	Rr	3	0.000	2022	08	12	14	30
4	Rr	0	0.000	2022	08	12	14	15
4	Rr	0	0.000	2022	08	12	14	00
4	Rr	0	0.000	2022	08	12	13	45
4	Rr	0	0.000	2022	08	12	13	30
4	Rr	1	0.000	2022	08	12	13	15
4	Rr	3	0.000	2022	08	12	13	00
4	Rr	29	0.003	2022	08	12	12	45
4	Rr	0	0.000	2022	08	12	12	30
4	Rr	0	0.000	2022	08	12	12	15
4	Rr	0	0.000	2022	08	12	12	00
4	Rr	0	0.000	2022	08	12	11	45
4	Rr	7	0.001	2022	08	12	11	30
4	Rr	0	0.000	2022	08	12	11	15
4	Rr	1	0.000	2022	08	12	11	00
4	Rr	2	0.000	2022	08	12	10	45
4	Rr	0	0.000	2022	08	12	10	30
4	Rr	0	0.000	2022	08	12	10	15
4	Rr	2	0.000	2022	08	12	10	00
4	Rr	1	0.000	2022	08	12	09	45
4	Rr	0	0.000	2022	08	12	09	30
4	Rr	0	0.000	2022	08	12	09	15
4	Rr	1	0.000	2022	08	12	09	00
4	Rr	0	0.000	2022	08	12	08	45
4	Rr	0	0.000	2022	08	12	08	30
4	Rr	4	0.000	2022	08	12	08	15
4	Rr	16	0.002	2022	08	12	08	00
4	Rr	6	0.001	2022	08	12	07	45
4	Rr	24	0.002	2022	08	12	07	30
4	Rr	1	0.000	2022	08	12	07	15
4	Rr	0	0.000	2022	08	12	07	00
4	Rr	0	0.000	2022	08	12	06	45
4	Rr	0	0.000	2022	08	12	06	30
4	Rr	4	0.000	2022	08	12	06	15
4	Rr	17	0.002	2022	08	12	06	00
4	Rr	0	0.000	2022	08	12	05	45
4	Rr	0	0.000	2022	08	12	05	30
4	Rr	0	0.000	2022	08	12	05	15
4	Rr	1	0.000	2022	08	12	05	00
4	Rr	7	0.001	2022	08	12	04	45
4	Rr	0	0.000	2022	08	12	04	30
4	Rr	2	0.000	2022	08	12	04	15
4	Rr	0	0.000	2022	08	12	04	00
4	Rr	4	0.000	2022	08	12	03	45
4	Rr	1	0.000	2022	08	12	03	30
4	Rr	1	0.000	2022	08	12	03	15
4	Rr	0	0.000	2022	08	12	03	00
4	Rr	0	0.000	2022	08	12	02	45
4	Rr	0	0.000	2022	08	12	02	30
4	Rr	3	0.000	2022	08	12	02	15
4	Rr	39	0.004	2022	08	12	02	00
4	Rr	1	0.000	2022	08	12	01	45
4	Rr	1	0.000	2022	08	12	01	30
4	Rr	55	0.005	2022	08	12	01	15
4	Rr	2	0.000	2022	08	12	01	00
4	Rr	1	0.000	2022	08	12	00	45
4	Rr	5	0.000	2022	08	12	00	30
4	Rr	2	0.000	2022	08	12	00	15
4	Rr	5	0.000	2022	08	12	00	00
4	Rr	0	0.000	2022	08	11	23	45
4	Rr	1	0.000	2022	08	11	23	30
4	*BT	R	744	2021	04	12	15	00
6	Rr	10233	0.964	00	00
6	Rr	10276	0.968	00	15
6	Rr	10474	0.987	00	30
6	Rr	10619	1.000	00	45
6	Rr	9956	0.938	01	00
6	Rr	10182	0.959	01	15
6	Rr	10279	0.968	01	30
6	Rr	10109	0.952	01	45
6	Rr	9819	0.925	02	00
6	Rr	10812	1.018	02	15
6	Rr	10510	0.990	02	30
6	Rr	10277	0.968	02	45
6	Rr	9796	0.923	03	00
6	Rr	9660	0.910	03	15
6	Rr	10057	0.947	03	30
6	Rr	11717	1.104	03	45
6	Rr	9952	0.937	04	00
6	Rr	10586	0.997	04	15
6	Rr	9389	0.884	04	30
6	Rr	9836	0.926	04	45
6	Rr	9037	0.851	05	00
6	Rr	10025	0.944	05	15
6	Rr	9626	0.907	05	30
6	Rr	9032	0.851	05	45
6	Rr	10058	0.947	06	00
6	Rr	9103	0.857	06	15
6	Rr	9231	0.869	06	30
6	Rr	8531	0.804	06	45
6	Rr	8991	0.847	07	00
6	Rr	9404	0.886	07	15
6	Rr	9457	0.891	07	30
6	Rr	8388	0.790	07	45
6	Rr	9081	0.855	08	00
6	Rr	8666	0.816	08	15
6	Rr	9206	0.867	08	30
6	Rr	8221	0.774	08	45
6	Rr	8460	0.797	09	00
6	Rr	8553	0.806	09	15
6	Rr	8529	0.803	09	30
6	Rr	8191	0.772	09	45
6	Rr	8103	0.763	10	00
6	Rr	8120	0.765	10	15
6	Rr	8272	0.779	10	30
6	Rr	9408	0.886	10	45
6	Rr	10302	0.970	11	00
6	Rr	8859	0.834	11	15
6	Rr	9111	0.858	11	30
6	Rr	9221	0.869	11	45
6	Rr	10263	0.967	12	00
6	Rr	8938	0.842	12	15
6	Rr	8978	0.846	12	30
6	Rr	9272	0.873	12	45
6	Rr	9913	0.934	13	00
6	Rr	9648	0.909	13	15
6	Rr	10313	0.971	13	30
6	Rr	9839	0.927	13	45
6	Rr	11078	1.043	14	00
6	Rr	11781	1.110	14	15
6	Rr	11602	1.093	14	30
6	Rr	11875	1.119	14	45
6	Rr	12863	1.212	15	00
6	Rr	12411	1.169	15	15
6	Rr	13576	1.279	15	30
6	Rr	13750	1.295	15	45
6	Rr	13841	1.304	16	00
6	Rr	13912	1.310	16	15
6	Rr	14400	1.356	16	30
6	Rr	14432	1.359	16	45
6	Rr	14458	1.362	17	00
6	Rr	14029	1.321	17	15
6	Rr	14491	1.365	17	30
6	Rr	14039	1.322	17	45
6	Rr	14138	1.332	18	00
6	Rr	14482	1.364	18	15
6	Rr	14539	1.369	18	30
6	Rr	14588	1.374	18	45
6	Rr	15196	1.431	19	00
6	Rr	13633	1.284	19	15
6	Rr	13944	1.313	19	30
6	Rr	14009	1.320	19	45
6	Rr	14389	1.355	20	00
6	Rr	13916	1.311	20	15
6	Rr	13285	1.251	20	30
6	Rr	14061	1.324	20	45
6	Rr	14030	1.322	21	00
6	Rr	12927	1.218	21	15
6	Rr	12611	1.188	21	30
6	Rr	12877	1.213	21	45
6	Rr	12027	1.133	22	00
6	Rr	12228	1.152	22	15
6	Rr	12005	1.131	22	30
6	Rr	11746	1.106	22	45
6	Rr	12048	1.135	23	00
6	Rr	12300	1.159	23	15
6	Rr	10870	1.024	23	30
6	Rr	10376	0.977	23	45
5	Rr	1	0.000	2022	08	12	23	15
5	Rr	0	0.000	2022	08	12	23	10
5	Rr	0	0.000	2022	08	12	23	05
5	Rr	0	0.000	2022	08	12	23	00
5	Rr	3	0.000	2022	08	12	22	55
5	Rr	3	0.000	2022	08	12	22	50
5	Rr	0	0.000	2022	08	12	22	45
5	Rr	0	0.000	2022	08	12	22	40
5	Rr	4	0.000	2022	08	12	22	35
5	Rr	0	0.000	2022	08	12	22	30
5	Rr	0	0.000	2022	08	12	22	25
5	Rr	0	0.000	2022	08	12	22	20
5	Rr	0	0.000	2022	08	12	22	15
5	Rr	0	0.000	2022	08	12	22	10
5	Rr	1	0.000	2022	08	12	22	05
5	Rr	0	0.000	2022	08	12	22	00
5	Rr	1	0.000	2022	08	12	21	55
5	Rr	0	0.000	2022	08	12	21	50
5	Rr	0	0.000	2022	08	12	21	45
5	Rr	0	0.000	2022	08	12	21	40
5	Rr	0	0.000	2022	08	12	21	35
5	Rr	2	0.000	2022	08	12	21	30
5	Rr	0	0.000	2022	08	12	21	25
5	Rr	0	0.000	2022	08	12	21	20
5	Rr	2	0.000	2022	08	12	21	15
5	Rr	0	0.000	2022	08	12	21	10
5	Rr	0	0.000	2022	08	12	21	05
5	Rr	1	0.000	2022	08	12	21	00
5	Rr	0	0.000	2022	08	12	20	55
5	Rr	1	0.000	2022	08	12	20	50
5	Rr	0	0.000	2022	08	12	20	45
5	Rr	0	0.000	2022	08	12	20	40
5	Rr	0	0.000	2022	08	12	20	35
5	Rr	0	0.000	2022	08	12	20	30
5	Rr	0	0.000	2022	08	12	20	25
5	Rr	2	0.000	2022	08	12	20	20
5	Rr	3	0.000	2022	08	12	20	15
5	Rr	0	0.000	2022	08	12	20	10
5	Rr	0	0.000	2022	08	12	20	05
5	Rr	0	0.000	2022	08	12	20	00
5	Rr	0	0.000	2022	08	12	19	55
5	Rr	0	0.000	2022	08	12	19	50
5	Rr	0	0.000	2022	08	12	19	45
5	Rr	1	0.000	2022	08	12	19	40
5	Rr	5	0.000	2022	08	12	19	35
5	Rr	4	0.000	2022	08	12	19	30
5	Rr	0	0.000	2022	08	12	19	25
5	Rr	0	0.000	2022	08	12	19	20
5	Rr	2	0.000	2022	08	12	19	15
5	Rr	0	0.000	2022	08	12	19	10
5	Rr	0	0.000	2022	08	12	19	05
5	Rr	0	0.000	2022	08	12	19	00
5	Rr	0	0.000	2022	08	12	18	55
5	Rr	0	0.000	2022	08	12	18	50
5	Rr	0	0.000	2022	08	12	18	45
5	Rr	0	0.000	2022	08	12	18	40
5	Rr	1	0.000	2022	08	12	18	35
5	Rr	3	0.000	2022	08	12	18	30
5	Rr	0	0.000	2022	08	12	18	25
5	Rr	3	0.000	2022	08	12	18	20
5	Rr	0	0.000	2022	08	12	18	15
5	Rr	1	0.000	2022	08	12	18	10
5	Rr	4	0.000	2022	08	12	18	05
5	Rr	23	0.002	2022	08	12	18	00
5	Rr	1	0.000	2022	08	12	17	55
5	Rr	0	0.000	2022	08	12	17	50
5	Rr	0	0.000	2022	08	12	17	45
5	Rr	0	0.000	2022	08	12	17	40
5	Rr	0	0.000	2022	08	12	17	35
5	Rr	0	0.000	2022	08	12	17	30
5	Rr	0	0.000	2022	08	12	17	25
5	Rr	0	0.000	2022	08	12	17	20
5	Rr	0	0.000	2022	08	12	17	15
5	Rr	0	0.000	2022	08	12	17	10
5	Rr	3	0.000	2022	08	12	17	05
5	Rr	0	0.000	2022	08	12	17	00
5	Rr	0	0.000	2022	08	12	16	55
5	Rr	0	0.000	2022	08	12	16	50
5	Rr	1	0.000	2022	08	12	16	45
5	Rr	0	0.000	2022	08	12	16	40
5	Rr	0	0.000	2022	08	12	16	35
5	Rr	0	0.000	2022	08	12	16	30
5	Rr	0	0.000	2022	08	12	16	25
5	Rr	0	0.000	2022	08	12	16	20
5	Rr	0	0.000	2022	08	12	16	15
5	Rr	0	0.000	2022	08	12	16	10
5	Rr	0	0.000	2022	08	12	16	05
5	Rr	0	0.000	2022	08	12	16	00
5	Rr	0	0.000	2022	08	12	15	55
5	Rr	0	0.000	2022	08	12	15	50
5	Rr	0	0.000	2022	08	12	15	45
5	Rr	0	0.000	2022	08	12	15	40
5	Rr	0	0.000	2022	08	12	15	35
5	Rr	0	0.000	2022	08	12	15	30
5	Rr	0	0.000	2022	08	12	15	25
5	Rr	0	0.000	2022	08	12	15	20
5	Rr	1	0.000	2022	08	12	15	15
5	Rr	0	0.000	2022	08	12	15	10
5	Rr	0	0.000	2022	08	12	15	05
5	Rr	17	0.002	2022	08	12	15	00
5	Rr	0	0.000	2022	08	12	14	55
5	Rr	1	0.000	2022	08	12	14	50
5	Rr	1	0.000	2022	08	12	14	45
5	Rr	1	0.000	2022	08	12	14	40
5	Rr	2	0.000	2022	08	12	14	35
5	Rr	0	0.000	2022	08	12	14	30
5	Rr	0	0.000	2022	08	12	14	25
5	Rr	0	0.000	2022	08	12	14	20
5	Rr	0	0.000	2022	08	12	14	15
5	Rr	0	0.000	2022	08	12	14	10
5	Rr	0	0.000	2022	08	12	14	05
5	Rr	0	0.000	2022	08	12	14	00
5	Rr	0	0.000	2022	08	12	13	55
5	Rr	0	0.000	2022	08	12	13	50
5	Rr	0	0.000	2022	08	12	13	45
5	Rr	0	0.000	2022	08	12	13	40
5	Rr	0	0.000	2022	08	12	13	35
5	Rr	0	0.000	2022	08	12	13	30
5	Rr	0	0.000	2022	08	12	13	25
5	Rr	1	0.000	2022	08	12	13	20
5	Rr	0	0.000	2022	08	12	13	15
5	Rr	1	0.000	2022	08	12	13	10
5	Rr	0	0.000	2022	08	12	13	05
5	Rr	2	0.000	2022	08	12	13	00
5	Rr	27	0.003	2022	08	12	12	55
5	Rr	0	0.000	2022	08	12	12	50
5	Rr	2	0.000	2022	08	12	12	45
5	Rr	0	0.000	2022	08	12	12	40
5	Rr	0	0.000	2022	08	12	12	35
5	Rr	0	0.000	2022	08	12	12	30
5	Rr	0	0.000	2022	08	12	12	25
5	Rr	0	0.000	2022	08	12	12	20
5	Rr	0	0.000	2022	08	12	12	15
5	Rr	0	0.000	2022	08	12	12	10
5	Rr	0	0.000	2022	08	12	12	05
5	Rr	0	0.000	2022	08	12	12	00
5	Rr	0	0.000	2022	08	12	11	55
5	Rr	0	0.000	2022	08	12	11	50
5	Rr	0	0.000	2022	08	12	11	45
5	Rr	7	0.001	2022	08	12	11	40
5	Rr	0	0.000	2022	08	12	11	35
5	Rr	0	0.000	2022	08	12	11	30
5	Rr	0	0.000	2022	08	12	11	25
5	Rr	0	0.000	2022	08	12	11	20
5	Rr	0	0.000	2022	08	12	11	15
5	Rr	1	0.000	2022	08	12	11	10
5	Rr	0	0.000	2022	08	12	11	05
5	Rr	0	0.000	2022	08	12	11	00
5	Rr	0	0.000	2022	08	12	10	55
5	Rr	1	0.000	2022	08	12	10	50
5	Rr	1	0.000	2022	08	12	10	45
5	Rr	0	0.000	2022	08	12	10	40
5	Rr	0	0.000	2022	08	12	10	35
5	Rr	0	0.000	2022	08	12	10	30
5	Rr	0	0.000	2022	08	12	10	25
5	Rr	0	0.000	2022	08	12	10	20
5	Rr	0	0.000	2022	08	12	10	15
5	Rr	0	0.000	2022	08	12	10	10
5	Rr	1	0.000	2022	08	12	10	05
5	Rr	1	0.000	2022	08	12	10	00
5	Rr	0	0.000	2022	08	12	09	55
5	Rr	1	0.000	2022	08	12	09	50
5	Rr	0	0.000	2022	08	12	09	45
5	Rr	0	0.000	2022	08	12	09	40
5	Rr	0	0.000	2022	08	12	09	35
5	Rr	0	0.000	2022	08	12	09	30
5	Rr	0	0.000	2022	08	12	09	25
5	Rr	0	0.000	2022	08	12	09	20
5	Rr	0	0.000	2022	08	12	09	15
5	Rr	1	0.000	2022	08	12	09	10
5	Rr	0	0.000	2022	08	12	09	05
5	Rr	0	0.000	2022	08	12	09	00
5	Rr	0	0.000	2022	08	12	08	55
5	Rr	0	0.000	2022	08	12	08	50
5	Rr	0	0.000	2022	08	12	08	45
5	Rr	0	0.000	2022	08	12	08	40
5	Rr	0	0.000	2022	08	12	08	35
5	Rr	0	0.000	2022	08	12	08	30
5	Rr	4	0.000	2022	08	12	08	25
5	Rr	0	0.000	2022	08	12	08	20
5	Rr	0	0.000	2022	08	12	08	15
5	Rr	0	0.000	2022	08	12	08	10
5	Rr	0	0.000	2022	08	12	08	05
5	Rr	16	0.002	2022	08	12	08	00
5	Rr	0	0.000	2022	08	12	07	55
5	Rr	0	0.000	2022	08	12	07	50
5	Rr	6	0.001	2022	08	12	07	45
5	Rr	0	0.000	2022	08	12	07	40
5	Rr	13	0.001	2022	08	12	07	35
5	Rr	11	0.001	2022	08	12	07	30
5	Rr	0	0.000	2022	08	12	07	25
5	Rr	1	0.000	2022	08	12	07	20
5	Rr	0	0.000	2022	08	12	07	15
5	Rr	0	0.000	2022	08	12	07	10
5	Rr	0	0.000	2022	08	12	07	05
5	Rr	0	0.000	2022	08	12	07	00
5	Rr	0	0.000	2022	08	12	06	55
5	Rr	0	0.000	2022	08	12	06	50
5	Rr	0	0.000	2022	08	12	06	45
5	Rr	0	0.000	2022	08	12	06	40
5	Rr	0	0.000	2022	08	12	06	35
5	Rr	0	0.000	2022	08	12	06	30
5	Rr	2	0.000	2022	08	12	06	25
5	Rr	2	0.000	2022	08	12	06	20
5	Rr	0	0.000	2022	08	12	06	15
5	Rr	0	0.000	2022	08	12	06	10
5	Rr	17	0.002	2022	08	12	06	05
5	Rr	0	0.000	2022	08	12	06	00
5	Rr	0	0.000	2022	08	12	05	55
5	Rr	0	0.000	2022	08	12	05	50
5	Rr	0	0.000	2022	08	12	05	45
5	Rr	0	0.000	2022	08	12	05	40
5	Rr	0	0.000	2022	08	12	05	35
5	Rr	0	0.000	2022	08	12	05	30
5	Rr	0	0.000	2022	08	12	05	25
5	Rr	0	0.000	2022	08	12	05	20
5	Rr	0	0.000	2022	08	12	05	15
5	Rr	0	0.000	2022	08	12	05	10
5	Rr	1	0.000	2022	08	12	05	05
5	Rr	0	0.000	2022	08	12	05	00
5	Rr	0	0.000	2022	08	12	04	55
5	Rr	6	0.001	2022	08	12	04	50
5	Rr	1	0.000	2022	08	12	04	45
5	Rr	0	0.000	2022	08	12	04	40
5	Rr	0	0.000	2022	08	12	04	35
5	Rr	0	0.000	2022	08	12	04	30
5	Rr	2	0.000	2022	08	12	04	25
5	Rr	0	0.000	2022	08	12	04	20
5	Rr	0	0.000	2022	08	12	04	15
5	Rr	0	0.000	2022	08	12	04	10
5	Rr	0	0.000	2022	08	12	04	05
5	Rr	0	0.000	2022	08	12	04	00
5	Rr	1	0.000	2022	08	12	03	55
5	Rr	1	0.000	2022	08	12	03	50
5	Rr	2	0.000	2022	08	12	03	45
5	Rr	0	0.000	2022	08	12	03	40
5	Rr	0	0.000	2022	08	12	03	35
5	Rr	1	0.000	2022	08	12	03	30
5	Rr	0	0.000	2022	08	12	03	25
5	Rr	1	0.000	2022	08	12	03	20
5	Rr	0	0.000	2022	08	12	03	15
5	Rr	0	0.000	2022	08	12	03	10
5	Rr	0	0.000	2022	08	12	03	05
5	Rr	0	0.000	2022	08	12	03	00
5	Rr	0	0.000	2022	08	12	02	55
5	Rr	0	0.000	2022	08	12	02	50
5	Rr	0	0.000	2022	08	12	02	45
5	Rr	0	0.000	2022	08	12	02	40
5	Rr	0	0.000	2022	08	12	02	35
5	Rr	0	0.000	2022	08	12	02	30
5	Rr	0	0.000	2022	08	12	02	25
5	Rr	1	0.000	2022	08	12	02	20
5	Rr	2	0.000	2022	08	12	02	15
5	Rr	1	0.000	2022	08	12	02	10
5	Rr	32	0.003	2022	08	12	02	05
5	Rr	6	0.001	2022	08	12	02	00
5	Rr	1	0.000	2022	08	12	01	55
5	Rr	0	0.000	2022	08	12	01	50
5	Rr	0	0.000	2022	08	12	01	45
5	Rr	1	0.000	2022	08	12	01	40
5	Rr	0	0.000	2022	08	12	01	35
5	Rr	0	0.000	2022	08	12	01	30
5	Rr	4	0.000	2022	08	12	01	25
5	Rr	24	0.002	2022	08	12	01	20
5	Rr	27	0.003	2022	08	12	01	15
5	Rr	0	0.000	2022	08	12	01	10
5	Rr	1	0.000	2022	08	12	01	05
5	Rr	1	0.000	2022	08	12	01	00
5	Rr	1	0.000	2022	08	12	00	55
5	Rr	0	0.000	2022	08	12	00	50
5	Rr	0	0.000	2022	08	12	00	45
5	Rr	0	0.000	2022	08	12	00	40
5	Rr	4	0.000	2022	08	12	00	35
5	Rr	1	0.000	2022	08	12	00	30
5	Rr	1	0.000	2022	08	12	00	25
5	Rr	1	0.000	2022	08	12	00	20
5	Rr	0	0.000	2022	08	12	00	15
5	Rr	5	0.000	2022	08	12	00	10
5	Rr	0	0.000	2022	08	12	00	05
5	Rr	0	0.000	2022	08	12	00	00
5	Rr	0	0.000	2022	08	11	23	55
5	Rr	0	0.000	2022	08	11	23	50
5	Rr	0	0.000	2022	08	11	23	45
5	Rr	0	0.000	2022	08	11	23	40
5	Rr	1	0.000	2022	08	11	23	35
5	Rr	0	0.000	2022	08	11	23	30
5	Rr	0	0.000	2022	08	11	23	25
5	Rr	0	0.000	2022	08	11	23	20
5	*BT	R	715	2020	12	11	23	20
7	Rr	3164	0.298	00	00
7	Rr	3701	0.349	00	05
7	Rr	3368	0.317	00	10
7	Rr	2915	0.275	00	15
7	Rr	3471	0.327	00	20
7	Rr	3890	0.366	00	25
7	Rr	3500	0.330	00	30
7	Rr	3467	0.327	00	35
7	Rr	3507	0.330	00	40
7	Rr	3588	0.338	00	45
7	Rr	3732	0.352	00	50
7	Rr	3299	0.311	00	55
7	Rr	3073	0.289	01	00
7	Rr	3387	0.319	01	05
7	Rr	3496	0.329	01	10
7	Rr	3428	0.323	01	15
7	Rr	3541	0.334	01	20
7	Rr	3213	0.303	01	25
7	Rr	3253	0.306	01	30
7	Rr	3526	0.332	01	35
7	Rr	3500	0.330	01	40
7	Rr	3376	0.318	01	45
7	Rr	3188	0.300	01	50
7	Rr	3545	0.334	01	55
7	Rr	3263	0.307	02	00
7	Rr	3332	0.314	02	05
7	Rr	3224	0.304	02	10
7	Rr	3800	0.358	02	15
7	Rr	3519	0.331	02	20
7	Rr	3493	0.329	02	25
7	Rr	3429	0.323	02	30
7	Rr	3665	0.345	02	35
7	Rr	3416	0.322	02	40
7	Rr	3365	0.317	02	45
7	Rr	3177	0.299	02	50
7	Rr	3735	0.352	02	55
7	Rr	3401	0.320	03	00
7	Rr	3201	0.302	03	05
7	Rr	3194	0.301	03	10
7	Rr	3448	0.325	03	15
7	Rr	3144	0.296	03	20
7	Rr	3068	0.289	03	25
7	Rr	3258	0.307	03	30
7	Rr	3369	0.317	03	35
7	Rr	3430	0.323	03	40
7	Rr	3803	0.358	03	45
7	Rr	4388	0.413	03	50
7	Rr	3526	0.332	03	55
7	Rr	3263	0.307	04	00
7	Rr	3222	0.303	04	05
7	Rr	3467	0.327	04	10
7	Rr	3561	0.335	04	15
7	Rr	3629	0.342	04	20
7	Rr	3396	0.320	04	25
7	Rr	3279	0.309	04	30
7	Rr	3096	0.292	04	35
7	Rr	3014	0.284	04	40
7	Rr	3582	0.337	04	45
7	Rr	3105	0.292	04	50
7	Rr	3149	0.297	04	55
7	Rr	2861	0.269	05	00
7	Rr	2815	0.265	05	05
7	Rr	3361	0.317	05	10
7	Rr	3275	0.308	05	15
7	Rr	3447	0.325	05	20
7	Rr	3303	0.311	05	25
7	Rr	3413	0.321	05	30
7	Rr	3266	0.308	05	35
7	Rr	2947	0.278	05	40
7	Rr	3007	0.283	05	45
7	Rr	2891	0.272	05	50
7	Rr	3134	0.295	05	55
7	Rr	3069	0.289	06	00
7	Rr	3758	0.354	06	05
7	Rr	3231	0.304	06	10
7	Rr	3126	0.294	06	15
7	Rr	2962	0.279	06	20
7	Rr	3015	0.284	06	25
7	Rr	2953	0.278	06	30
7	Rr	3073	0.289	06	35
7	Rr	3205	0.302	06	40
7	Rr	3247	0.306	06	45
7	Rr	2658	0.250	06	50
7	Rr	2626	0.247	06	55
7	Rr	3222	0.303	07	00
7	Rr	2870	0.270	07	05
7	Rr	2899	0.273	07	10
7	Rr	2773	0.261	07	15
7	Rr	3170	0.299	07	20
7	Rr	3461	0.326	07	25
7	Rr	3503	0.330	07	30
7	Rr	3159	0.298	07	35
7	Rr	2795	0.263	07	40
7	Rr	2878	0.271	07	45
7	Rr	2680	0.252	07	50
7	Rr	2830	0.267	07	55
7	Rr	2921	0.275	08	00
7	Rr	3158	0.297	08	05
7	Rr	3002	0.283	08	10
7	Rr	2813	0.265	08	15
7	Rr	2895	0.273	08	20
7	Rr	2958	0.279	08	25
7	Rr	3331	0.314	08	30
7	Rr	3002	0.283	08	35
7	Rr	2873	0.271	08	40
7	Rr	2791	0.263	08	45
7	Rr	2721	0.256	08	50
7	Rr	2709	0.255	08	55
7	Rr	2692	0.254	09	00
7	Rr	2985	0.281	09	05
7	Rr	2783	0.262	09	10
7	Rr	2673	0.252	09	15
7	Rr	3044	0.287	09	20
7	Rr	2836	0.267	09	25
7	Rr	2902	0.273	09	30
7	Rr	2660	0.251	09	35
7	Rr	2967	0.279	09	40
7	Rr	2885	0.272	09	45
7	Rr	2505	0.236	09	50
7	Rr	2801	0.264	09	55
7	Rr	2777	0.262	10	00
7	Rr	2552	0.240	10	05
7	Rr	2774	0.261	10	10
7	Rr	2637	0.248	10	15
7	Rr	2524	0.238	10	20
7	Rr	2959	0.279	10	25
7	Rr	2688	0.253	10	30
7	Rr	2738	0.258	10	35
7	Rr	2846	0.268	10	40
7	Rr	2732	0.257	10	45
7	Rr	3457	0.326	10	50
7	Rr	3219	0.303	10	55
7	Rr	4155	0.391	11	00
7	Rr	3149	0.297	11	05
7	Rr	2998	0.282	11	10
7	Rr	2985	0.281	11	15
7	Rr	3061	0.288	11	20
7	Rr	2813	0.265	11	25
7	Rr	3185	0.300	11	30
7	Rr	2899	0.273	11	35
7	Rr	3027	0.285	11	40
7	Rr	3053	0.288	11	45
7	Rr	3026	0.285	11	50
7	Rr	3142	0.296	11	55
7	Rr	3636	0.342	12	00
7	Rr	3305	0.311	12	05
7	Rr	3322	0.313	12	10
7	Rr	2868	0.270	12	15
7	Rr	3065	0.289	12	20
7	Rr	3005	0.283	12	25
7	Rr	3018	0.284	12	30
7	Rr	2854	0.269	12	35
7	Rr	3106	0.293	12	40
7	Rr	3237	0.305	12	45
7	Rr	2905	0.274	12	50
7	Rr	3130	0.295	12	55
7	Rr	3225	0.304	13	00
7	Rr	3187	0.300	13	05
7	Rr	3501	0.330	13	10
7	Rr	3183	0.300	13	15
7	Rr	3160	0.298	13	20
7	Rr	3305	0.311	13	25
7	Rr	3356	0.316	13	30
7	Rr	3757	0.354	13	35
7	Rr	3200	0.301	13	40
7	Rr	2896	0.273	13	45
7	Rr	3512	0.331	13	50
7	Rr	3431	0.323	13	55
7	Rr	3513	0.331	14	00
7	Rr	3733	0.352	14	05
7	Rr	3832	0.361	14	10
7	Rr	4042	0.381	14	15
7	Rr	3896	0.367	14	20
7	Rr	3843	0.362	14	25
7	Rr	4130	0.389	14	30
7	Rr	3889	0.366	14	35
7	Rr	3583	0.337	14	40
7	Rr	3832	0.361	14	45
7	Rr	3852	0.363	14	50
7	Rr	4191	0.395	14	55
7	Rr	4385	0.413	15	00
7	Rr	4496	0.423	15	05
7	Rr	3982	0.375	15	10
7	Rr	4111	0.387	15	15
7	Rr	3924	0.370	15	20
7	Rr	4376	0.412	15	25
7	Rr	4813	0.453	15	30
7	Rr	4185	0.394	15	35
7	Rr	4578	0.431	15	40
7	Rr	4443	0.418	15	45
7	Rr	4507	0.425	15	50
7	Rr	4800	0.452	15	55
7	Rr	4572	0.431	16	00
7	Rr	4771	0.449	16	05
7	Rr	4498	0.424	16	10
7	Rr	4977	0.469	16	15
7	Rr	4708	0.443	16	20
7	Rr	4227	0.398	16	25
7	Rr	4650	0.438	16	30
7	Rr	4998	0.471	16	35
7	Rr	4752	0.448	16	40
7	Rr	4822	0.454	16	45
7	Rr	4931	0.464	16	50
7	Rr	4679	0.441	16	55
7	Rr	4740	0.446	17	00
7	Rr	4646	0.438	17	05
7	Rr	5072	0.478	17	10
7	Rr	4641	0.437	17	15
7	Rr	4675	0.440	17	20
7	Rr	4713	0.444	17	25
7	Rr	4848	0.457	17	30
7	Rr	4820	0.454	17	35
7	Rr	4823	0.454	17	40
7	Rr	4810	0.453	17	45
7	Rr	4600	0.433	17	50
7	Rr	4629	0.436	17	55
7	Rr	4271	0.402	18	00
7	Rr	4534	0.427	18	05
7	Rr	5333	0.502	18	10
7	Rr	4951	0.466	18	15
7	Rr	4527	0.426	18	20
7	Rr	5004	0.471	18	25
7	Rr	4769	0.449	18	30
7	Rr	4913	0.463	18	35
7	Rr	4857	0.457	18	40
7	Rr	4824	0.454	18	45
7	Rr	4789	0.451	18	50
7	Rr	4975	0.469	18	55
7	Rr	5285	0.498	19	00
7	Rr	4988	0.470	19	05
7	Rr	4923	0.464	19	10
7	Rr	4585	0.432	19	15
7	Rr	4653	0.438	19	20
7	Rr	4395	0.414	19	25
7	Rr	4397	0.414	19	30
7	Rr	4721	0.445	19	35
7	Rr	4826	0.455	19	40
7	Rr	4980	0.469	19	45
7	Rr	4462	0.420	19	50
7	Rr	4567	0.430	19	55
7	Rr	4414	0.416	20	00
7	Rr	5108	0.481	20	05
7	Rr	4867	0.458	20	10
7	Rr	4539	0.428	20	15
7	Rr	4799	0.452	20	20
7	Rr	4578	0.431	20	25
7	Rr	4235	0.399	20	30
7	Rr	4362	0.411	20	35
7	Rr	4688	0.442	20	40
7	Rr	4904	0.462	20	45
7	Rr	4442	0.418	20	50
7	Rr	4715	0.444	20	55
7	Rr	5113	0.482	21	00
7	Rr	4402	0.415	21	05
7	Rr	4515	0.425	21	10
7	Rr	4466	0.421	21	15
7	Rr	3888	0.366	21	20
7	Rr	4573	0.431	21	25
7	Rr	4059	0.382	21	30
7	Rr	4277	0.403	21	35
7	Rr	4275	0.403	21	40
7	Rr	4312	0.406	21	45
7	Rr	4561	0.430	21	50
7	Rr	4004	0.377	21	55
7	Rr	4060	0.382	22	00
7	Rr	3865	0.364	22	05
7	Rr	4102	0.386	22	10
7	Rr	3713	0.350	22	15
7	Rr	4211	0.397	22	20
7	Rr	4304	0.405	22	25
7	Rr	3849	0.363	22	30
7	Rr	4270	0.402	22	35
7	Rr	3886	0.366	22	40
7	Rr	3879	0.365	22	45
7	Rr	4081	0.384	22	50
7	Rr	3786	0.357	22	55
7	Rr	4251	0.400	23	00
7	Rr	3928	0.370	23	05
7	Rr	3869	0.364	23	10
7	Rr	3870	0.365	23	15
7	Rr	4720	0.445	23	20
7	Rr	3710	0.349	23	25
7	Rr	3496	0.329	23	30
7	Rr	3844	0.362	23	35
7	Rr	3530	0.333	23	40
7	Rr	3482	0.328	23	45
7	Rr	3528	0.332	23	50
7	Rr	3366	0.317	23	55
o	*f	0R	r
o	lRQ	1	1061652	3212736877	[unresolved numerical addresses]
Z	*f	-20R	r
Z	lRb	1	44628	2.783	66.249
Z	lRb	1	40693	1.656	69
Z	lRb	1	29853	2.058	35
Z	lRb	1	25106	0.799	46
Z	lRb	1	23364	2.869	157.55
Z	lRb	1	22248	3.275	70
Z	lRb	1	21710	1.592	34
Z	lRb	1	18623	2.173	54
Z	lRb	1	18142	2.192	207.46
Z	lRb	1	17633	2.559	40
Z	lRb	1	15757	1.301	76
Z	lRb	1	13783	1.536	72
Z	lRb	1	12618	1.180	5
Z	lRb	1	12186	1.058	75
Z	lRb	1	12111	0.086	178.137
Z	lRb	1	11868	1.035	123
Z	lRb	1	11032	0.818	74
Z	lRb	1	10231	0.675	71
Z	lRb	1	10036	1.086	104
Z	lRb	1	9930	1.606	98
Z	lRb	1	680100	67.664	[not listed: 8820]
S	*f	-50P	r
S	Rb	4702	0.374	14.33.246.211
S	Rb	3866	0.754	192.234.235.103
S	Rb	3248	0.234	192.99.15.146
S	Rb	2341	0.129	100.43.83.148
S	Rb	1992	0.065	66.249.75.109
S	Rb	1829	0.141	37.59.14.116
S	Rb	1781	0.204	75.98.173.33
S	Rb	1597	0.124	78.155.138.20
S	Rb	1543	0.070	199.21.99.79
S	Rb	1490	0.020	49.7.20.111
S	Rb	1459	0.010	92.249.127.111
S	Rb	1330	0.017	109.102.111.58
S	Rb	1312	0.043	205.203.134.197
S	Rb	1304	0.183	5.196.13.127
S	Rb	1282	0.043	49.7.20.102
S	Rb	1276	0.113	208.115.113.82
S	Rb	1270	0.062	95.108.248.29
S	Rb	1228	0.215	79.125.27.96
S	Rb	1155	0.221	75.98.173.84
S	Rb	1142	0.001	91.207.9.226
S	Rb	1107	0.015	66.249.69.97
S	Rb	1081	0.018	66.249.69.81
S	Rb	1051	0.031	66.249.69.192
S	Rb	1047	0.016	106.38.241.144
S	Rb	1039	0.014	66.249.69.89
S	Rb	1030	0.093	5.255.250.90
S	Rb	1024	0.070	95.108.150.235
S	Rb	1012	0.078	192.99.6.132
S	Rb	965	0.038	144.76.27.118
S	Rb	957	0.173	199.21.99.197
S	Rb	951	0.059	66.249.73.133
S	Rb	917	0.129	216.244.66.229
S	Rb	910	0.006	49.7.20.105
S	Rb	815	0.028	178.63.23.80
S	Rb	812	0.089	66.249.64.90
S	Rb	808	0.173	149.202.211.239
S	Rb	791	0.061	192.99.7.55
S	Rb	786	0.111	66.11.128.152
S	Rb	777	0.001	193.150.120.14
S	Rb	760	0.048	208.115.113.92
S	Rb	748	0.059	157.90.182.26
S	Rb	744	0.009	109.102.111.20
S	Rb	739	0.009	109.102.111.50
S	Rb	721	0.003	106.38.241.177
S	Rb	704	0.001	109.120.157.179
S	Rb	698	0.024	220.181.125.162
S	Rb	694	0.036	78.155.138.30
S	Rb	687	0.046	49.7.20.108
S	Rb	686	0.019	66.249.65.212
S	Rb	664	0.051	94.23.59.173
S	Rb	998780	95.468	[not listed: 94084]
s	*FR	2013	12	18	21	53
s	*LR	2022	08	12	23	17
s	*f	-20R	s
s	lRS	1	222377	588	http://www.gtaeronautics.com/
s	lRS	1	53880	106	http://gtaeronautics.com/
s	lRS	1	5331	14	https://www.google.com/
s	lRS	1	288	1	https://www.thomasnet.com/
s	lRS	1	1559	0	http://www.google.com/
s	lRS	1	1256	0	http://www.baidu.com/
s	lRS	1	1159	0	http://www.trainingindustry.com/
s	lRS	1	609	0	http://www.mfgpages.com/
s	lRS	1	604	0	http://www.openfos.com/
s	lRS	1	517	0	http://www.topicway.com/
s	lRS	1	462	0	http://anti-crisis-seo.com/
s	lRS	1	395	0	http://uptime.com/
s	lRS	1	362	0	http://semalt.semalt.com/
s	lRS	1	328	0	http://www.bing.com/
s	lRS	1	301	0	http://chimiver.info/
s	lRS	1	280	0	https://www.google.co.in/
s	lRS	1	278	0	https://www.bing.com/
s	lRS	1	262	0	http://google.co.jp/
s	lRS	1	236	0	http://www.thomasnet.com/
s	lRS	1	234	0	http://www.artparquet.ru/
s	lRS	1	48973	19	[not listed: 4371]
f	*FR	2013	12	18	21	53
f	*LR	2022	08	12	23	17
f	*f	-30R	s
f	lRS	1	152745	450	http://www.gtaeronautics.com/
f	lRS	1	37081	85	http://gtaeronautics.com/
f	lRS	1	4774	29	http://www.gtaeronautics.com/index.html
f	lRS	1	980	19	http://gtaeronautics.com/contactus.html
f	lRS	1	1176	16	http://www.gtaeronautics.com/links.html
f	lRS	1	2241	15	http://www.gtaeronautics.com/CompNews.html
f	lRS	1	1744	15	http://www.gtaeronautics.com/IndNews.html
f	lRS	1	2062	14	http://www.gtaeronautics.com/uasfc.html
f	lRS	1	1505	14	http://www.gtaeronautics.com/contactus.html
f	lRS	1	10213	13	http://www.gtaeronautics.com/aboutus.html
f	lRS	1	4915	10	https://www.google.com/
f	lRS	1	2674	7	http://www.gtaeronautics.com/GT380 RPAS.html
f	lRS	1	2358	5	http://www.gtaeronautics.com/GT1500 RPAS.html
f	lRS	1	2036	2	http://www.gtaeronautics.com/SRU.html
f	lRS	1	7247	0	http://www.gtaeronautics.com/CCT&M.html
f	lRS	1	6208	0	http://www.gtaeronautics.com/UASFC.html
f	lRS	1	5639	0	http://gtaeronautics.com/IndNews.html
f	lRS	1	4421	0	http://www.gtaeronautics.com/ConsultingA.html
f	lRS	1	2591	0	http://www.gtaeronautics.com/pna.html
f	lRS	1	2046	0	http://www.gtaeronautics.com/RD.html
f	lRS	1	1888	0	http://www.gtaeronautics.com/CFMT.html
f	lRS	1	1860	0	http://www.gtaeronautics.com/GT50T RPAS.html
f	lRS	1	1777	0	http://www.gtaeronautics.com/consultinga.html
f	lRS	1	1605	0	http://gtaeronautics.com/aboutus.html
f	lRS	1	1583	0	http://www.gtaeronautics.com/EMPLOYMENT.html
f	lRS	1	1336	0	http://www.gtaeronautics.com/compnews.html
f	lRS	1	1159	0	http://www.trainingindustry.com/
f	lRS	1	1139	0	http://gtaeronautics.com/index.html
f	lRS	1	1080	0	http://www.baidu.com/s
f	lRS	1	928	0	http://www.gtaeronautics.com/FAQ.html
f	lRS	1	70680	34	[not listed: 5039]
n	*FR	2013	12	19	00	28
n	*LR	2020	10	14	09	11
n	*f	0.500000%Q	s
n	Rq	1	31.788	kit
n	Rq	1	31.788	method
n	Rq	2	63.576	crew
n	Rq	28	210.340	aeronautical
n	Rq	1	31.788	airplane.com
n	Rq	5	158.940	faa
n	Rq	40	156.570	gt
n	Rq	1	31.788	moldings
n	Rq	1	31.788	twin
n	Rq	1	31.788	taranis
n	Rq	2	31.788	installerex
n	Rq	2	31.788	http://gtaeronautics.com/
n	Rq	20	73.382	in
n	Rq	1	31.788	scale
n	Rq	1	31.788	observer
n	Rq	1	31.788	drawing?
n	Rq	2	31.788	is
n	Rq	1	31.788	making
n	Rq	2	63.576	fiber
n	Rq	1	31.788	mitsubishi
n	Rq	1	31.788	fuze
n	Rq	1	31.788	http://www.gtaeronautics.com/indnews.html
n	Rq	92	31.788	semalt.com
n	Rq	1	31.788	consultant
n	Rq	15	127.152	manufacturing
n	Rq	1	31.788	2
n	Rq	1	31.788	base
n	Rq	14	200.534	6
n	Rq	1	31.788	http://gtaeronautics.com/indnews.html
n	Rq	1	31.788	always
n	Rq	28	61.206	engineering
n	Rq	1	31.788	northrop
n	Rq	1	31.788	bandwidth
n	Rq	1	31.788	vegas
n	Rq	3	63.576	basic
n	Rq	1	31.788	qinetiq
n	Rq	1	31.788	tooling
n	Rq	1	31.788	on
n	Rq	1	31.788	heavy
n	Rq	9	9.806	drawings
n	Rq	1	31.788	fia
n	Rq	4	31.788	louis%20vuitton%20fashion%20valley%20phone%20number
n	Rq	3	31.788	llc
n	Rq	3	95.364	rullman
n	Rq	1	31.788	cowling
n	Rq	32	95.364	sale
n	Rq	64	190.729	outlet
n	Rq	1	31.788	rotax
n	Rq	1	31.788	ucav
n	Rq	28	29.418	texan
n	Rq	1	31.788	a
n	Rq	2	31.788	customer
n	Rq	1	31.788	rpa
n	Rq	2	63.576	110cc
n	Rq	30	31.788	designer
n	Rq	20	158.940	www.gtaeronautics.com
n	Rq	1	31.788	work
n	Rq	1	31.788	thomas
n	Rq	1	31.788	engie
n	Rq	1	31.788	qualification
n	Rq	1	31.788	custom
n	Rq	1	31.788	mk3
n	Rq	1	31.788	t
n	Rq	1	31.788	uavs
n	Rq	1	31.788	w
n	Rq	2	31.788	satisfaction
n	Rq	2	63.576	x
n	Rq	1	31.788	crews
n	Rq	3	31.788	photos
n	Rq	1	31.788	finnemeccia
n	Rq	2	63.576	glass
n	Rq	1	95.364	to
n	Rq	1	31.788	gcs
n	Rq	5	158.940	engineer
n	Rq	1	31.788	government
n	Rq	1	31.788	operator
n	Rq	6	190.729	aircraft
n	Rq	1	31.788	with
n	Rq	97	63.576	number
n	Rq	4	95.364	for
n	Rq	1	31.788	december
n	Rq	2	63.576	aero
n	Rq	9	63.576	equipment
n	Rq	2	63.576	engine
n	Rq	1	31.788	mq1
n	Rq	2	63.576	wy
n	Rq	1	31.788	custum
n	Rq	1	31.788	g.t
n	Rq	1	31.788	mechanics
n	Rq	1	63.576	motors
n	Rq	1	31.788	tdw
n	Rq	32	158.940	luggage
n	Rq	1	31.788	opportunities
n	Rq	175	51.400	vuitton
n	Rq	1	31.788	show
n	Rq	1	95.364	the
n	Rq	1	31.788	luggages
n	Rq	1	31.788	stroke
n	Rq	2	31.788	explore
n	Rq	39	63.576	handbags
n	Rq	2	63.576	electric
n	Rq	1	31.788	space
n	Rq	1	63.576	air
n	Rq	1	31.788	quote
n	Rq	1	31.788	require
n	Rq	1	31.788	mpp
n	Rq	4	63.576	jobs
n	Rq	5	158.940	uas
n	Rq	1	31.788	anything
n	Rq	1	31.788	china
n	Rq	1	31.788	airplane
n	Rq	10	73.382	uav
n	Rq	2	31.788	wmaid.com
n	Rq	3	127.152	drone
n	Rq	7	222.517	fiberglass
n	Rq	2	31.788	facebook
n	Rq	1	31.788	college
n	Rq	4	127.152	onboard
n	Rq	3	63.576	gtaeronautics.com
n	Rq	1	31.788	qulificationa
n	Rq	21	168.746	simi
n	Rq	1	31.788	and
n	Rq	5	95.364	flight
n	Rq	17	168.746	at6
n	Rq	1	31.788	xtreme
n	Rq	1	31.788	maintenance
n	Rq	1	31.788	cody
n	Rq	1	31.788	systems
n	Rq	1	31.788	any
n	Rq	1	31.788	tom
n	Rq	1	31.788	payload
n	Rq	2	63.576	gta
n	Rq	2	31.788	granger
n	Rq	8	222.517	extreme
n	Rq	6	158.940	molding
n	Rq	2	31.788	easylifeapp
n	Rq	1	31.788	rating
n	Rq	2	31.788	whitelaw
n	Rq	126	222.517	fashion
n	Rq	2	63.576	ice
n	Rq	2	31.788	http://www.gtaeronautics.com/compnews.html
n	Rq	5	63.576	engineers
n	Rq	3	63.576	composite
n	Rq	1	31.788	skyforce
n	Rq	1	31.788	eengineer
n	Rq	175	51.400	louis
n	Rq	8	31.788	store
n	Rq	4	127.152	starter
n	Rq	14	127.152	cheap
n	Rq	1	31.788	diamond
n	Rq	10	41.594	bme
n	Rq	1	31.788	america2009
n	Rq	7	31.788	content
n	Rq	1	31.788	challenge
n	Rq	2	63.576	aeronautic
n	Rq	1	31.788	piece
n	Rq	1	31.788	how
n	Rq	1	31.788	male
n	Rq	2	63.576	design
n	Rq	2	63.576	flying
n	Rq	1	31.788	carbon
n	Rq	1	31.788	operation
n	Rq	2	31.788	profile
n	Rq	1	31.788	tomas
n	Rq	1	31.788	cia
n	Rq	1	31.788	hummingbird
n	Rq	1	31.788	iron
n	Rq	1	31.788	california
n	Rq	1	31.788	amphibian
n	Rq	1	31.788	110
n	Rq	1	31.788	mentioned
n	Rq	1	31.788	111
n	Rq	1	31.788	over
n	Rq	25	210.340	http://www.gtaeronautics.com/
n	Rq	1	31.788	google.com
n	Rq	1	31.788	fuel
n	Rq	2	31.788	inc
n	Rq	1	31.788	handbag.com
n	Rq	1	31.788	da42
n	Rq	2	63.576	certification
n	Rq	1	31.788	timing
n	Rq	1	31.788	2015
n	Rq	1	31.788	home
n	Rq	1	31.788	aerospacecompanies
n	Rq	1	31.788	anti
n	Rq	1	31.788	ziroli
n	Rq	1	31.788	sketches
n	Rq	5	31.788	purses
n	Rq	1	31.788	downlink
n	Rq	3	31.788	aeronotics
n	Rq	1	31.788	nanotechnology
n	Rq	1	31.788	zephyr
n	Rq	4	31.788	wyoming
n	Rq	2	31.788	technology
n	Rq	3	95.364	companies
n	Rq	1	31.788	muffler
n	Rq	2	31.788	avia
n	Rq	2	31.788	what
n	Rq	145	114.976	valley
n	Rq	1	31.788	microwave
n	Rq	1	31.788	mold
n	Rq	5	127.152	pglm
n	Rq	1	31.788	specialist
n	Rq	23	146.764	drawing
n	Rq	1	31.788	tool
n	Rq	1	31.788	security
n	Rq	6	63.576	prototypes
n	Rq	1	31.788	giant
n	Rq	1	31.788	powell
n	Rq	8	222.517	aerospace
n	Rq	4	127.152	unmanned
n	Rq	34	92.994	aeronautics
n	Rq	1	31.788	radius
n	Rq	1	31.788	zero
n	Rq	1	31.788	tobbot
n	Rq	2	63.576	job
n	Rq	2	63.576	neverfull
n	Rq	1	31.788	onbordstarter
n	Rq	20	127.152	ca
n	Rq	1	63.576	as
n	Rq	13	168.746	at
n	Rq	5	158.940	techniques
n	Rq	1	31.788	does
n	Rq	1	31.788	commercial
n	Rq	1	31.788	www.gt
n	Rq	1	31.788	de
n	Rq	1	31.788	co
n	Rq	1	31.788	speedy
n	Rq	1	31.788	rpas
n	Rq	2	63.576	instrument
n	Rq	1	31.788	do
n	Rq	1	31.788	quotation
n	Rq	3	95.364	training
n	Rq	1	31.788	efi
n	Rq	1	31.788	careers
n	Rq	3	95.364	pilot
n	Rq	9	9.806	bandito
n	Rq	4	127.152	quotes
n	Rq	107	127.152	phone
n	Rq	1	31.788	stations
n	Rq	1	31.788	traing
N	*FR	2013	12	19	00	28
N	*LR	2020	10	14	09	11
N	*f	-200Q	s
N	RQ	25	3694922454	http://www.gtaeronautics.com/
N	RQ	20	3522669006	gt aeronautics
N	RQ	7	3350415558	bme extreme
N	RQ	7	3350415558	aerospace engineering drawings
N	RQ	20	2792012965	www.gtaeronautics.com
N	RQ	14	2405863820	aeronautical engineering drawing
N	RQ	6	2233610372	texan at6
N	RQ	5	2233610372	bandito pglm
N	RQ	3	1675207779	bandito uav
N	RQ	3	1675207779	onboard starter
N	RQ	2	1116805186	fiberglass molding techniques
N	RQ	6	1116805186	manufacturing aeronautical prototypes
N	RQ	19	1116805186	louis vuitton luggage outlet
N	RQ	10	1116805186	louis vuitton fashion valley phone
N	RQ	97	1116805186	louis vuitton fashion valley phone number
N	RQ	2	1116805186	texan at 6
N	RQ	18	1116805186	louis vuitton fashion valley ca
N	RQ	9	730656041	at 6 texan
N	RQ	1	558402593	uavs flying over simi valley ca
N	RQ	1	558402593	gt aeronautics simi valley california
N	RQ	1	558402593	aeronautical engineer quote
N	RQ	1	558402593	does aeronautical engineering require drawing?
N	RQ	1	558402593	how to do gt in engineering drawing
N	RQ	2	558402593	http://gtaeronautics.com/
N	RQ	1	558402593	the government college g.t aeronautics
N	RQ	1	558402593	bme engine
N	RQ	1	558402593	uas gcs
N	RQ	1	558402593	http://www.gtaeronautics.com/indnews.html
N	RQ	92	558402593	semalt.com
N	RQ	1	558402593	aero iron mentioned nanotechnology hummingbird uav
N	RQ	1	558402593	basic fiberglass techniques
N	RQ	1	558402593	http://gtaeronautics.com/indnews.html
N	RQ	1	558402593	finnemeccia co
N	RQ	2	558402593	drawing for customer satisfaction
N	RQ	1	558402593	cheap louis vuitton speedy handbag.com
N	RQ	1	558402593	at 6
N	RQ	1	558402593	quotation specialist engineer drawings
N	RQ	1	558402593	challenge xtreme 111 piece mechanics tool kit
N	RQ	1	558402593	uav commercial crew stations
N	RQ	1	558402593	da42 mpp microwave downlink bandwidth
N	RQ	1	558402593	anti ice de ice qinetiq zephyr
N	RQ	4	558402593	louis%20vuitton%20fashion%20valley%20phone%20number
N	RQ	1	558402593	faa uas pilot certification
N	RQ	1	558402593	any flying crews in gta
N	RQ	1	558402593	aerospace drawing
N	RQ	1	558402593	fiber glass molding job
N	RQ	1	558402593	aircraft design consultant
N	RQ	1	558402593	www.gt airplane.com
N	RQ	3	558402593	gt in aeronotics
N	RQ	1	558402593	tom rullman
N	RQ	1	558402593	gt aeronautics simi valley ca
N	RQ	1	558402593	drone base in simi valley
N	RQ	1	558402593	fiberglass mold making techniques
N	RQ	1	558402593	rpa instrument qualification faa instrument rating
N	RQ	1	558402593	extreme bme
N	RQ	1	558402593	uas faa maintenance
N	RQ	1	558402593	louis vuitton neverfull
N	RQ	1	558402593	fiberglass techniques
N	RQ	1	558402593	aircraft companies in simi valley
N	RQ	1	558402593	custom fiberglass moldings
N	RQ	11	558402593	louis vuitton luggage cheap
N	RQ	1	558402593	anything
N	RQ	1	558402593	aeronautical engineering sketches
N	RQ	1	558402593	gtaeronautics.com
N	RQ	1	558402593	giant scale ziroli at 6
N	RQ	9	558402593	outlet louis vuitton handbags
N	RQ	1	558402593	cowling drawing
N	RQ	1	558402593	mitsubishi zero
N	RQ	1	558402593	powell wy gt aeronautics
N	RQ	2	558402593	what is gt in basic engineering drawing
N	RQ	2	558402593	composite molding
N	RQ	1	558402593	aeronautics in simi valley and security work
N	RQ	3	558402593	gt aeronautics llc jobs
N	RQ	1	558402593	crew flight gta
N	RQ	1	558402593	110cc engine timing
N	RQ	1	558402593	aeronautical engineer quotes
N	RQ	2	558402593	http://www.gtaeronautics.com/compnews.html
N	RQ	4	558402593	wyoming flight engineers
N	RQ	1	558402593	a t 6
N	RQ	1	558402593	gt aeronautics unmanned air
N	RQ	1	558402593	fia gt composite tooling
N	RQ	1	558402593	uas pilot certification
N	RQ	1	558402593	quotes on aeronautical engineers
N	RQ	1	558402593	payload for diamond northrop twin engie aircraft
N	RQ	7	558402593	content
N	RQ	1	558402593	bme 110
N	RQ	1	558402593	thomas w rullman gt aeronautics
N	RQ	1	558402593	luggages for sale
N	RQ	2	558402593	easylifeapp profile
N	RQ	2	558402593	simi gt
N	RQ	1	558402593	mq1 design fuel
N	RQ	1	558402593	airplane as always cia america2009
N	RQ	1	558402593	eengineer drawing home
N	RQ	1	558402593	heavy equipment operator jobs
N	RQ	1	558402593	aero space drone simi valley
N	RQ	1	558402593	cheap louis vuitton luggage
N	RQ	1	558402593	2 stroke electric onboard starter
N	RQ	1	558402593	skyforce observer mk3
N	RQ	1	558402593	simi valley unmanned aircraft
N	RQ	2	558402593	granger whitelaw avia
N	RQ	1	558402593	louis vuitton fashion valley neverfull
N	RQ	1	558402593	louis vuitton job opportunities
N	RQ	1	558402593	google.com
N	RQ	1	558402593	uas operation training method
N	RQ	2	558402593	wmaid.com explore gtaeronautics.com
N	RQ	1	558402593	custum muffler 110cc
N	RQ	1	558402593	glass manufacturing drawings
N	RQ	1	558402593	electric motors x male uav x sale
N	RQ	1	558402593	aerospacecompanies in simi valley
N	RQ	1	558402593	fiberglass molding
N	RQ	2	558402593	aeronautical technology inc
N	RQ	1	558402593	taranis ucav
N	RQ	1	558402593	vegas drone uav show december 2015
N	RQ	1	558402593	uav companies in simi valley
N	RQ	1	558402593	unmanned aircraft systems pilot training
N	RQ	2	558402593	installerex facebook
N	RQ	3	558402593	texan at6 photos
N	RQ	1	558402593	aeronautic engineer
N	RQ	30	558402593	designer handbags outlet sale
N	RQ	1	558402593	rpas qulificationa traing with faa
N	RQ	1	558402593	faa uav training
N	RQ	1	558402593	uav companies simi valley
N	RQ	5	558402593	louis vuitton purses outlet
N	RQ	1	558402593	aeronautics
N	RQ	1	558402593	cheap louis vuitton luggage outlet
N	RQ	1	558402593	gt aeronautics tomas rullman
N	RQ	1	558402593	tobbot
N	RQ	1	558402593	radius tdw efi fuze
N	RQ	8	558402593	manufacturing equipment store in simi valley
N	RQ	1	558402593	aeronautic engineer quotes
N	RQ	1	558402593	onbordstarter
N	RQ	1	558402593	rotax amphibian unmanned china
N	RQ	1	558402593	aeronautical engineering quotes
N	RQ	1	558402593	drawing aircraft engineering
N	RQ	1	558402593	gt aeronautics careers
N	RQ	1	558402593	gt aeronautics bandito
N	RQ	1	558402593	cody wy carbon fiber
N	RQ	8	172253448	at6 texan
B	*f	-40R	r
B	Rb	39627	5.040	Mozilla/5.0 (compatible; bingbot/2.0;  http://www.bing.com/bingbot.htm)
B	Rb	38768	1.972	ZoominfoBot (zoominfobot at zoominfo dot com)
B	Rb	26536	1.551	Mozilla/5.0 (compatible; Googlebot/2.1;  http://www.google.com/bot.html)
B	Rb	16258	1.216	Mozilla/4.0 (compatible; MSIE 6.0; Windows NT 5.1; SV1)
B	Rb	15382	0.987	Sogou web spider/4.0( http://www.sogou.com/docs/help/webmasters.htm#07)
B	Rb	12942	1.727	Mozilla/5.0 (iPhone; CPU iPhone OS 7_0 like Mac OS X) AppleWebKit/537.51.1 (KHTML, like Gecko) Version/7.0 Mobile/11A465 Safari/9537.53 (compatible; bingbot/2.0;  http://www.bing.com/bingbot.htm)
B	Rb	10764	1.020	Mozilla/5.0 (compatible; AhrefsBot/7.0;  http://ahrefs.com/robot/)
B	Rb	10203	0.908	Mozilla/5.0 (compatible; YandexBot/3.0;  http://yandex.com/bots)
B	Rb	10077	0.865	Mozilla/5.0 (compatible; Baiduspider/2.0;  http://www.baidu.com/search/spider.html)
B	Rb	10022	0.762	Mozilla/5.0 (Windows NT 6.1; WOW64; Trident/7.0; rv:11.0) like Gecko
B	Rb	8061	1.130	Mozilla/4.0 (compatible; MSIE 7.0; Windows NT 5.1; .NET CLR 1.1.4322; .NET CLR 2.0.50727)
B	Rb	7457	0.519	Mozilla/5.0 (compatible; Yahoo! Slurp; http://help.yahoo.com/help/us/ysearch/slurp)
B	Rb	7100	0.268	Mozilla/4.0 (compatible; MSIE 6.0; Windows NT 5.1; SV1; .NET CLR 2.0.50727)
B	Rb	6942	0.234	Mozilla/4.0 (compatible;)
B	Rb	6449	0.390	Mozilla/4.0 (compatible; MSIE 6.0; Windows NT 5.1)
B	Rb	6164	0.056	Mozilla/4.0 (compatible; MSIE 7.0; Windows NT 5.1; .NET CLR 1.1.4322; .NET CLR 2.0.50727; .NET CLR 3.0.4506.2152; .NET CLR 3.5.30729)
B	Rb	6152	0.440	Mozilla/4.0 (compatible; MSIE 7.0; Windows NT 6.1; WOW64; Trident/5.0; SLCC2; .NET CLR 2.0.50727; .NET CLR 3.5.30729; .NET CLR 3.0.30729; Media Center PC 6.0; .NET4.0C; .NET4.0E)
B	Rb	6108	2.020	Mozilla/5.0 (Windows NT 6.3; WOW64) AppleWebKit/537.36 (KHTML, like Gecko) Chrome/33.0.1736.0 Safari/537.36
B	Rb	6079	0.286	Mozilla/5.0 (Windows NT 6.1; WOW64) AppleWebKit/537.36 (KHTML, like Gecko) Chrome/36.0.1985.143 Safari/537.36
B	Rb	5937	0.205	Googlebot-Image/1.0
B	Rb	5848	0.332	Sosospider ( http://help.soso.com/webspider.htm)
B	Rb	5436	0.378	Mozilla/5.0 (Windows; U; Windows NT 5.1; en-US; rv:1.7.2) Gecko/20040804 Netscape/7.2 (ax)
B	Rb	5308	0.162	Mozilla/4.0 (compatible; MSIE 7.0; Windows NT 5.1; .NET CLR 1.1.4322; .NET CLR 2.0.50727; .NET CLR 3.0.04506.30)
B	Rb	5198	0.400	Mozilla/4.0 (compatible; MSIE 7.0; Windows NT 5.1)
B	Rb	4873	0.151	Mozilla/5.0 (compatible; MSIE 9.0; Windows NT 6.1; WOW64; Trident/5.0)
B	Rb	4446	0.221	Mozilla/5.0 (compatible; Yahoo! Slurp/3.0; http://help.yahoo.com/help/us/ysearch/slurp)
B	Rb	4368	0.044	Mozilla/4.0 (compatible; MSIE 7.0; Windows NT 5.1; .NET CLR 2.0.50727; .NET CLR 3.0.4506.2152; .NET CLR 3.5.30729)
B	Rb	4291	0.565	Mozilla/5.0 (iPhone; CPU iPhone OS 7_0 like Mac OS X) AppleWebKit/537.51.1 (KHTML, like Gecko) Version/7.0 Mobile/11A465 Safari/9537.53 BingPreview/1.0b
B	Rb	4114	0.465	Mozilla/5.0 (Linux; Android 6.0.1; Nexus 5X Build/MMB29P) AppleWebKit/537.36 (KHTML, like Gecko) Chrome/41.0.2272.96 Mobile Safari/537.36 (compatible; Googlebot/2.1;  http://www.google.com/bot.html)
B	Rb	3872	0.142	Mozilla/5.0 (compatible; SeznamBot/3.2;  http://napoveda.seznam.cz/en/seznambot-intro/)
B	Rb	3783	0.185	Mozilla/4.0 (compatible; MSIE 6.0; Windows NT 5.1; SV1; .NET CLR 1.1.4322)
B	Rb	3707	0.951	Mozilla/5.0 (Linux; U; Android 8.1.0; zh-CN; EML-AL00 Build/HUAWEIEML-AL00) AppleWebKit/537.36 (KHTML, like Gecko) Version/4.0 Chrome/57.0.2987.108 baidu.sogo.uc.UCBrowser/11.9.4.974 UWS/2.13.1.48 Mobile Safari/537.36 AliApp(DingTalk/4.5.11) com.alibaba.android.rimet/10487439 Channel/227200 language/zh-CN
B	Rb	3674	0.541	PRurl
B	Rb	3595	0.348	Mozilla/4.0 (compatible; MSIE 7.0; Windows NT 5.1; InfoPath.2; .NET CLR 2.0.50727; .NET CLR)
B	Rb	3493	0.224	Mozilla/5.0 (compatible; MJ12bot/v1.4.5; http://www.majestic12.co.uk/bot.php? )
B	Rb	3481	0.154	Mozilla/5.0 (X11; Datanyze; Linux x86_64) AppleWebKit/537.36 (KHTML, like Gecko) Chrome/65.0.3325.181 Safari/537.36
B	Rb	3206	0.676	Mozilla/4.0 (compatible; MSIE 7.0; Windows NT 5.1; .NET CLR 2.0.50727; .NET CLR 1.1.4322)
B	Rb	3062	0.099	Mozilla/4.0 (compatible; MSIE 7.0; Windows NT 5.1; .NET CLR 1.1.4322)
B	Rb	3049	0.051	Mozilla/4.0 (compatible; MSIE 8.0; Windows NT 5.1; Trident/4.0; .NET CLR 2.0.50727; .NET CLR 3.0.4506.2152; .NET CLR 3.5.30729; .NET4.0C; .NET CLR 1.1.4322)
B	Rb	2967	0.288	Mozilla/5.0 (compatible; MSIE 9.0; Windows NT 6.1; Trident/5.0)
B	Rb	712794	72.026	[not listed: 20549]
b	*f	-15Q	s
b	lRQq	1	408103	4072209973	123.806	Netscape
b	lRQq	2	1431	3908818151	118.838	Mozilla/72
b	lRQq	2	780	4253325047	129.312	Mozilla/15
b	lRQq	2	698	4253325047	129.312	Mozilla/16
b	lRQq	2	2583	4170040549	126.780	Mozilla/2
b	lRQq	2	1151	4081071599	124.075	Mozilla/51
b	lRQq	2	1453	4081071599	124.075	Mozilla/60
b	lRQq	2	743	4081071599	124.075	Mozilla/25
b	lRQq	2	1225	4081071599	124.075	Mozilla/26
b	lRQq	2	834	4081071599	124.075	Mozilla/41
b	lRQq	2	36667	3946758230	119.991	Mozilla/1
b	lRQq	2	1144	3908818151	118.838	Mozilla/64
b	lRQq	2	1029	3908818151	118.838	Mozilla/67
b	lRQq	2	662	3908818151	118.838	Mozilla/70
b	lRQq	2	1367	3908818151	118.838	Mozilla/81
b	lRQq	2	1165	3867175902	117.572	Mozilla/10
b	lRQq	2	1063	3522669006	107.098	Mozilla/11
b	lRQq	2	701	3522669006	107.098	Mozilla/20
b	lRQq	2	2323	3522669006	107.098	Mozilla/29
b	lRQq	2	1546	3522669006	107.098	Mozilla/68
b	lRQq	2	1147	3522669006	107.098	Mozilla/8
b	lRQq	1	9713	3011593117	91.560	Netscape
b	lRQq	2	351	3908818154	118.838	Netscape/3
b	lRQq	2	34	3908818151	118.838	Netscape/8
b	lRQq	2	25	2964266413	90.121	Netscape/6
b	lRQq	2	2444	1805818978	54.901	Netscape/4
b	lRQq	2	5530	1289058634	39.191	Netscape/7
b	lRQq	2	799	1116805186	33.954	Netscape/0
b	lRQq	2	7	1116805186	33.954	Netscape/5
b	lRQq	2	2	558402593	16.977	Netscape/Nutch-1
b	lRQq	2	73	558402593	16.977	Netscape/%2F4
b	lRQq	2	1	558402593	16.977	Netscape/10
b	lRQq	2	1	558402593	16.977	Netscape/2
b	lRQq	2	9	558402593	16.977	Netscape/Firefox
b	lRQq	2	1	558402593	16.977	Netscape/35
b	lRQq	2	3	558402593	16.977	Netscape/9
b	lRQq	1	15102	3075973172	93.517	Opera
b	lRQq	2	6402	3973198209	120.795	Opera/9
b	lRQq	2	10	3350415558	101.861	Opera/12
b	lRQq	2	1027	3350415558	101.861	Opera/6
b	lRQq	2	33	2405863820	73.144	Opera/10
b	lRQq	2	4416	2191968123	66.641	Opera/8
b	lRQq	2	19	1847461227	56.168	Opera/11
b	lRQq	2	10	1675207779	50.931	Opera/5
b	lRQq	2	17	558402593	16.977	Opera/98
b	lRQq	2	1	558402593	16.977	Opera/3
b	lRQq	2	3167	344506896	10.474	Opera/7
b	lRQq	1	368	4253325047	129.312	Scrapy
b	lRQq	2	235	2964266413	90.121	Scrapy/1
b	lRQq	2	6	2792012965	84.884	Scrapy/0
b	lRQq	2	127	2792012965	84.884	Scrapy/2
b	lRQq	1	808	4081071599	124.075	Python-urllib
b	lRQq	2	75	3908818151	118.838	Python-urllib/3
b	lRQq	2	728	3350415558	101.861	Python-urllib/2
b	lRQq	2	5	1116805186	33.954	Python-urllib/1
b	lRQq	1	20	4081071599	124.075	com.google.GoogleMobile
b	lRQq	2	3	1675207779	50.931	com.google.GoogleMobile/42
b	lRQq	2	2	1116805186	33.954	com.google.GoogleMobile/62
b	lRQq	2	2	1116805186	33.954	com.google.GoogleMobile/67
b	lRQq	2	2	1116805186	33.954	com.google.GoogleMobile/41
b	lRQq	2	1	558402593	16.977	com.google.GoogleMobile/72
b	lRQq	2	1	558402593	16.977	com.google.GoogleMobile/65
b	lRQq	2	3	558402593	16.977	com.google.GoogleMobile/38
b	lRQq	2	3	558402593	16.977	com.google.GoogleMobile/60
b	lRQq	2	1	558402593	16.977	com.google.GoogleMobile/61
b	lRQq	2	2	558402593	16.977	com.google.GoogleMobile/34
b	lRQq	1	260	4081071599	124.075	AppEngine-Google; ( http:
b	lRQq	2	260	4081071599	124.075	AppEngine-Google; ( http://code
b	lRQq	1	122	3908818151	118.838	MSIE or
b	lRQq	1	14	3908818151	118.838	PycURL
b	lRQq	2	14	3908818151	118.838	PycURL/7
b	lRQq	1	27	3908818151	118.838	${${lower:jndi}:${lower:rmi}:
b	lRQq	2	6	1116805186	33.954	${${lower:jndi}:${lower:rmi}://144
b	lRQq	2	4	1116805186	33.954	${${lower:jndi}:${lower:rmi}://51
b	lRQq	2	10	558402593	16.977	${${lower:jndi}:${lower:rmi}://188
b	lRQq	2	3	558402593	16.977	${${lower:jndi}:${lower:rmi}://185
b	lRQq	2	4	558402593	16.977	${${lower:jndi}:${lower:rmi}://167
b	lRQq	1	19	3908818151	118.838	okhttp
b	lRQq	2	16	2792012965	84.884	okhttp/3
b	lRQq	2	2	558402593	16.977	okhttp/4
b	lRQq	2	1	558402593	16.977	okhttp/2
b	lRQq	1	2006	3439384508	104.566	Konqueror
b	lRQq	2	51	2792012965	84.884	Konqueror/4
b	lRQq	2	1	558402593	16.977	Konqueror/2
b	lRQq	2	1954	88968950	2.705	Konqueror/3
b	lRQq	1	34	3350415558	101.861	Chrome
b	lRQq	2	4	558402593	16.977	Chrome/13
b	lRQq	2	12	558402593	16.977	Chrome/41
b	lRQq	2	1	558402593	16.977	Chrome/33
b	lRQq	2	1	558402593	16.977	Chrome/70
b	lRQq	1	96	3350415558	101.861	WWW-Mechanize
b	lRQq	2	95	2792012965	84.884	WWW-Mechanize/1
b	lRQq	2	1	558402593	16.977	WWW-Mechanize/0
b	lRQq	1	54	2964266413	90.121	Google
b	lRQq	2	50	1847461227	56.168	Google/2
b	lRQq	2	4	1116805186	33.954	Google/1
b	lRQq	1	614847	3727703220	113.332	[not listed: 882]
p	*f	0Q	s
p	lR	1	558440	Windows
p	lR	2	237669	Unknown Windows
p	lR	2	64049	Windows NT
p	lR	2	240535	Windows XP
p	lR	2	2221	Windows 95
p	lR	2	2361	Windows 98
p	lR	2	404	Windows CE
p	lR	2	9391	Windows 2000
p	lR	2	384	Windows 3.1
p	lR	2	1426	Windows ME
p	lR	1	245436	OS unknown
p	lR	1	91428	Known robots
p	lR	1	91580	Macintosh
p	lR	2	87411	Unknown Macintosh
p	lR	2	3165	Macintosh PowerPC
p	lR	2	1004	Macintosh 68k
p	lR	1	64644	Unix
p	lR	2	63631	Linux
p	lR	2	22	SunOS
p	lR	2	54	BSD
p	lR	2	934	Other Unix
p	lR	2	3	HP-UX
p	lR	1	16	WebTV
p	lR	1	13	BeOS
p	lR	1	29	OS/2
p	lR	1	7	Amiga
i	*f	0R	s
i	lRc	1	609409	18.948	[root directory]
i	lRc	1	289498	80.493	/images/
i	lRc	1	105669	0.140	/js/
i	lRc	1	55157	0.113	/css/
i	lRc	1	252	0.238	/uploads/
i	lRc	1	185	0.068	/dev/
i	lRc	2	23	0.000	/dev/css/
i	lRc	2	44	0.000	/dev/js/
i	lRc	2	59	0.000	/dev/images/
i	lRc	1	865	0.000	/videos/
i	lRc	1	541	0.000	/client/
i	lRc	1	1	0.000	/cgi-bin/
i	lRc	1	1	0.000	/secure/
i	lRc	1	74	0.000	/stats/
r	*f	0.050000%S	s
r	lRSc	1	28305	30	2.425	/aboutus.html
r	lRSc	1	19352	24	1.188	/contactus.html
r	lRSc	1	14583	21	2.576	/indevents.html
r	lRSc	1	24354	21	21.528	/compnews.html
r	lRSc	1	17822	19	2.179	/cct&m.html
r	lRSc	1	22739	19	2.529	/uasfc.html
r	lRSc	1	9556	17	1.573	/sru.html
r	lRSc	1	6302	17	1.466	/gt1500+rpas.html
r	lRSc	1	18642	16	1.714	/consultinga.html
r	lRSc	1	18004	16	1.375	/cfmt.html
r	lRSc	1	15174	16	1.709	/links.html
r	lRSc	1	10131	16	1.643	/rd.html
r	lRSc	1	14626	15	0.823	/pna.html
r	lRSc	1	13387	13	1.418	/faq.html
r	lRSc	1	6258	12	1.091	/gt380+rpas.html
r	lRSc	1	5922	10	0.804	/gt50t+rpas.html
r	lRSc	1	1617	10	0.887	/gt100hl+rpas.html
r	lRSc	1	16057	9	0.585	/employment.html
r	lRSc	1	27629	9	48.335	/indnews.html
r	lRSc	2	141	0	0.000	/indnews.html?referer=www.clickfind.com.au/wp-login.php
r	lRSc	2	1	0	0.000	/indnews.html?referer=top1.co.pl
r	lRSc	2	1	0	0.000	/indnews.html?referer=www.clickfind.com.au//wp-content/themes/busybee/thumb.php?src=http://blogger.com.opontodaarte.com.br/java.php
r	lRSc	1	32	2	0.728	/uploads/big+horn+basin+drone+festival+event+schedule.pdf
r	lRSc	1	4142	2	0.170	/uavengines.html
r	lRSc	1	51	1	0.002	/uploads/idrone-pressrelease-powell-version220119.pdf
r	lRSc	1	981	1	0.129	/gtamt.html
r	lRSc	1	41	1	3.124	/uploads/bighornbasindronefestivalflyer-v2-220110.pdf
r	lRSc	1	1	0	0.000	/client/bandito timeline2007.html
r	lRSc	1	2	0	0.000	/client/bandit+timeline2004.html
r	lRSc	1	1	0	0.000	/stats/quick.html
r	lRSc	1	1	0	0.000	/404.htm
r	lRSc	1	12	0	0.000	/client/gta010707002.html
r	lRSc	1	72	0	0.000	/client/bandito+development.html
r	lRSc	1	135	0	0.000	/client/welcome.html
r	lRSc	1	3	0	0.000	/client/gta021305001.html
r	lRSc	1	1	0	0.000	/stats/browserrep.html
r	lRSc	1	741	0	0.000	/gt50t rpas.html
r	lRSc	1	5	0	0.000	/client/gta012405001.html
r	lRSc	1	2	0	0.000	/dev/contactus.html
r	lRSc	1	4	0	0.000	/stats/general.html
r	lRSc	1	1	0	0.000	/stats/dailyrep.html
r	lRSc	1	1	0	0.000	/dev/aboutus.html
r	lRSc	1	18	0	0.000	/client/tacamo+development.html
r	lRSc	1	1	0	0.000	/client/bandit development.html
r	lRSc	1	17	0	0.000	/client/bandit+timeline2008.html
r	lRSc	1	1	0	0.000	/client/bandito+timeline2005.html
r	lRSc	1	23	0	0.000	/client/projectbids.html
r	lRSc	1	1	0	0.000	/stats/host.html
r	lRSc	1	11	0	0.000	/client/rq2+outlaw.html
r	lRSc	1	1	0	0.000	/client/bandit timeline2008.html
r	lRSc	1	20	0	0.000	/client/clientpna.html
r	lRSc	1	15	0	0.000	/client/bandit.html
r	lRSc	1	29	0	0.000	/uploads/droneexpojan2022+(1).pdf
r	lRSc	1	2	0	0.000	/stats/default.asp
r	lRSc	1	21	0	0.000	/index.htm
r	lRSc	1	1	0	0.000	/cgi-bin/testms.pl
r	lRSc	1	14	0	0.000	/client/rq1+bandit.html
r	lRSc	1	2253	0	0.000	/gt1500 rpas.html
r	lRSc	1	6	0	0.000	/client/gta021305002.html
r	lRSc	1	4	0	0.000	/client/gta121004001.html
r	lRSc	1	24	0	0.000	/client/tacamo.html
r	lRSc	1	30	0	0.000	/client/mgqgcyat.asp
r	lRSc	1	3826	0	0.000	/banditomav.html
r	lRSc	1	1	0	0.000	/dev/client.cgi
r	lRSc	1	18702	0	0.000	/default.asp
r	lRSc	1	1666	0	0.000	/gt380 rpas.html
r	lRSc	1	1	0	0.000	/client/bandito+timeline2006.html
r	lRSc	1	16	0	0.000	/client/rq3+bandito.html
r	lRSc	1	1	0	0.000	/dev/uasfc.html
r	lRSc	1	229	0	0.000	/client.cgi
r	lRSc	1	71	0	0.000	/client/bandit+development.html
r	lRSc	1	2	0	0.000	/client/bandito development.html
r	lRSc	1	2	0	0.000	/stats/yearly.html
r	lRSc	1	2	0	0.000	/stats/domain.html
r	lRSc	1	26	0	0.000	/uploads/2022wydronefestflyer+rev2.pdf
r	lRSc	1	1	0	0.000	/stats/monthly.html
r	lRSc	1	2	0	0.000	/stats/weekly.html
r	lRSc	1	8	0	0.000	/client/gta010707001.html
r	lRSc	1	3749	0	0.000	/bidspridpass.html
r	lRSc	1	6356	0	0.000	/pridpass.html
r	lRSc	1	12	0	0.000	/client/bandito.html
r	lRSc	1	3949	0	0.000	/gtatexan.html
r	lRSc	1	1	0	0.000	/dev/pna.html
r	lRSc	1	1	0	0.000	/client/tacamo development.html
r	lRSc	1	4	0	0.000	/stats/index.htm
r	lRSc	1	4	0	0.000	/stats/nav.html
r	lRSc	1	1	0	0.000	/stats/quarterly.html
r	lRSc	1	3712	0	0.000	/bandituas.html
r	lRSc	1	2	0	0.000	/stats/directory.html
r	lRSc	1	2	0	0.000	/stats/organisation.html
r	lRSc	1	8	0	0.000	/client/bandito+timeline2007.html
r	lRSc	1	7	0	0.000	/client/bandit+timeline2007.html
r	lRSc	1	1	0	0.000	/dev/pridpass.html
t	*f	0.100000%B	b
t	lRb	1	229483	38.477	.jpg  [JPEG graphics]
t	lRb	1	322376	32.557	.html [Hypertext Markup Language]
t	lRb	1	252148	21.049	[directories]
t	lRb	1	778	2.745	.wmv
t	lRb	1	87	2.695	.mpg  [MPEG movie]
t	lRb	1	18734	1.159	.asp  [Active Server REQUESTS]
t	lRb	1	60098	0.363	.gif  [GIF graphics]
t	lRb	1	105713	0.305	.js  [JavaScript code]
t	lRb	1	55172	0.270	.css  [Cascading Style Sheets]
t	lRb	1	73	0.200	.mp4
t	lRb	1	16990	0.181	[not listed: 7]
z	*FR	2009	06	30	04	42
z	*LR	2022	08	12	23	17
z	ScR	40	0.000	80173	0
z	ScR	0	0.000	0	1b-  10b
z	ScR	0	0.000	0	11b- 100b
z	ScR	34	0.004	82635	101b-  1kb
z	ScR	542	1.445	482337	1kb- 10kb
z	ScR	284	5.057	336480	10kb-100kb
z	ScR	472	54.658	77458	100kb-  1Mb
z	ScR	34	38.836	2526	1Mb- 10Mb
z	ScR	0	0.000	43	10Mb-100Mb
c	*FR	2014	03	02	13	52
c	*LR	2022	08	12	23	19
c	*f	0R	a
c	R	977707	200 OK
c	R	7055	206 Partial content
c	R	115	301 Document moved permanently
c	R	77	302 Document found elsewhere
c	R	76890	304 Not modified since last retrieval
c	R	783	400 Bad request
c	R	207	401 Authentication required
c	R	228	403 Access forbidden
c	R	425857	404 Document not found
c	R	1137	405 Method not allowed
c	R	484	406 Document not acceptable to client
c	R	94	416 Requested range not valid
c	R	618	500 Internal server error
c	R	128	501 Request type not supported
I	*FR	2007	12	11	00	52
I	*LR	2022	08	12	23	19
I	*f	-30S	s
I	lRS	1	104469	137	/robots.txt
I	lRS	1	3497	14	/ads.txt
I	lRS	1	2318	13	/xmlrpc.php
I	lRS	1	1266	10	/
I	lRS	1	193	10	/sitemap
I	lRS	1	943	10	/.env
I	lRS	1	212	10	/sitemap.txt
I	lRS	1	13	5	/wikindex.php
I	lRS	1	494	4	/wp1/wp-includes/wlwmanifest.xml
I	lRS	1	478	4	/shop/wp-includes/wlwmanifest.xml
I	lRS	1	377	4	/2019/wp-includes/wlwmanifest.xml
I	lRS	1	644	4	/wp-includes/wlwmanifest.xml
I	lRS	1	368	4	/2018/wp-includes/wlwmanifest.xml
I	lRS	1	498	4	/web/wp-includes/wlwmanifest.xml
I	lRS	1	484	4	/sito/wp-includes/wlwmanifest.xml
I	lRS	1	638	4	/blog/wp-includes/wlwmanifest.xml
I	lRS	1	7	4	/wp-content/mu-plugins-old/index.php
I	lRS	1	486	4	/website/wp-includes/wlwmanifest.xml
I	lRS	1	486	4	/news/wp-includes/wlwmanifest.xml
I	lRS	1	614	4	/admin.php
I	lRS	1	637	4	/wordpress/wp-includes/wlwmanifest.xml
I	lRS	1	638	4	/wp/wp-includes/wlwmanifest.xml
I	lRS	1	365	4	/media/wp-includes/wlwmanifest.xml
I	lRS	1	11	4	/3index.php
I	lRS	1	635	4	/cms/wp-includes/wlwmanifest.xml
I	lRS	1	487	4	/wp2/wp-includes/wlwmanifest.xml
I	lRS	1	495	4	/test/wp-includes/wlwmanifest.xml
I	lRS	1	35	4	/.git/config
I	lRS	1	638	4	/site/wp-includes/wlwmanifest.xml
I	lRS	1	889	3	/sitemap.xml
I	lRS	1	306207	297	[not listed: 23070]
L	*FR	2007	12	11	00	52
L	*LR	2022	08	12	23	19
L	*f	-20S	s
L	RS	92	92	20.211.101.124
L	RS	54	54	112.132.124.93
L	RS	785	30	157.90.182.26
L	RS	43	27	40.86.9.251
L	RS	25	25	112.132.123.105
L	RS	18	18	104.250.108.87
L	RS	18	18	147.182.245.186
L	RS	18	18	20.219.254.77
L	RS	18	18	216.24.210.182
L	RS	16	16	40.117.225.65
L	RS	16	16	18.206.165.161
L	RS	12	12	41.90.162.114
L	RS	22	11	181.214.173.89
L	RS	1739	9	216.244.66.229
L	RS	8	8	112.132.125.185
L	RS	7	7	20.25.186.104
L	RS	13	6	207.46.13.229
L	RS	55	5	79.124.8.3
L	RS	6	5	87.250.224.56
L	RS	5	5	20.108.183.58
L	RS	426566	193	[not listed: 77932]
K	*FR	2013	12	22	04	20
K	*LR	2022	08	10	16	47
K	*f	-30S	s
K	lRS	1	171	3	http://www.gtaeronautics.com/uavengines.html
K	lRS	1	992	1	http://gtaeronautics.com/
K	lRS	1	51279	0	[not listed: 4913]
E	*FR	2008	01	06	10	12
E	*LR	2022	08	10	15	43
E	*f	-30S	s
E	lSR	1	1	24	/dev
E	lSR	1	0	168	[not listed: 5]
l	*FR	2008	01	06	10	12
l	*LR	2022	08	10	15	43
l	*f	-20S	s
l	SR	1	1	18.206.165.161
l	SR	0	191	[not listed: 104]
v	*f	-20B	b
v	Rb	404237	55.597	64.41.87.40
v	Rb	657415	44.403	66.113.131.59
R	*FR	2008	01	06	10	12
R	*LR	2022	08	10	15	43
R	*f	-20R	r
R	R	178	66.113.131.59
R	R	14	64.41.87.40
M	*FR	2007	12	11	00	52
M	*LR	2022	08	12	23	19
M	*f	-20R	r
M	R	302606	66.113.131.59
M	R	126930	64.41.87.40
J	*FR	2007	12	11	00	53
J	*LR	2017	03	17	18	30
J	*f	-20R	r
J	R	9	gtaeronautics
J	R	5	lorrigkj
J	R	1	rullma2063
J	R	1	administrator
J	R	1	satish
J	R	1	nnnnn
P	*FR	2022	07	17	18	21
P	*LR	2022	08	12	23	17
P	R	64	0
P	R	0	<= 0.01
P	R	826	0.01-0.02
P	R	33670	0.02-0.05
P	R	74031	0.05-0.1 
P	R	92696	0.1 -0.2 
P	R	95011	0.2 -0.5 
P	R	47314	0.5 -1   
P	R	27356	1-  2 
P	R	11998	2-  5 
P	R	7152	5- 10 
P	R	3117	10- 20 
P	R	9800	20- 60 
P	R	984	60-120 
P	R	192	120-300 
