x	VE	analog 5.24
x	HN	gtaeronautics.com
x	PS	2025	02	19	01	54
x	FR	2007	12	18	17	05
x	LR	2025	02	18	05	55
x	E7	2025	02	19	01	54
x	SR	2545998
x	S7	6854
x	NC	795255
x	C7	0
x	FL	1192130
x	F7	498
x	RR	291
x	R7	1
x	NH	122921
x	H7	459
x	BT	57520368399
x	B7	0
1	Rr	105425	4.141	2025
1	Rr	836367	32.850	2024
1	Rr	511208	20.079	2023
1	Rr	82334	3.234	2022
1	Rr	98917	3.885	2021
1	Rr	89380	3.511	2020
1	Rr	80088	3.146	2019
1	Rr	68927	2.707	2018
1	Rr	60168	2.363	2017
1	Rr	73316	2.880	2016
1	Rr	80796	3.173	2015
1	Rr	110773	4.351	2014
1	Rr	65173	2.560	2013
1	Rr	60742	2.386	2012
1	Rr	57015	2.239	2011
1	Rr	22139	0.870	2010
1	Rr	69710	2.738	2009
1	Rr	71820	2.821	2008
1	Rr	1700	0.067	2007
1	*BT	R	836367	2024
Q	Rr	105425	4.141	2025	1
Q	Rr	202145	7.940	2024	4
Q	Rr	220334	8.654	2024	3
Q	Rr	204456	8.030	2024	2
Q	Rr	209432	8.226	2024	1
Q	Rr	182268	7.159	2023	4
Q	Rr	165939	6.518	2023	3
Q	Rr	135306	5.314	2023	2
Q	Rr	27695	1.088	2023	1
Q	Rr	20307	0.798	2022	4
Q	Rr	20362	0.800	2022	3
Q	Rr	21795	0.856	2022	2
Q	Rr	19870	0.780	2022	1
Q	Rr	21154	0.831	2021	4
Q	Rr	26826	1.054	2021	3
Q	Rr	30675	1.205	2021	2
Q	Rr	20262	0.796	2021	1
Q	Rr	22199	0.872	2020	4
Q	Rr	23882	0.938	2020	3
Q	Rr	21656	0.851	2020	2
Q	Rr	21643	0.850	2020	1
Q	Rr	19098	0.750	2019	4
Q	Rr	19668	0.773	2019	3
Q	Rr	19827	0.779	2019	2
Q	Rr	21495	0.844	2019	1
Q	Rr	18129	0.712	2018	4
Q	Rr	17138	0.673	2018	3
Q	Rr	16928	0.665	2018	2
Q	Rr	16732	0.657	2018	1
Q	Rr	15937	0.626	2017	4
Q	Rr	0	0.000	2017	3
Q	Rr	16831	0.661	2017	2
Q	Rr	27400	1.076	2017	1
Q	Rr	22114	0.869	2016	4
Q	Rr	17621	0.692	2016	3
Q	Rr	15878	0.624	2016	2
Q	Rr	17703	0.695	2016	1
Q	Rr	16575	0.651	2015	4
Q	Rr	22104	0.868	2015	3
Q	Rr	22485	0.883	2015	2
Q	Rr	19632	0.771	2015	1
Q	Rr	21142	0.830	2014	4
Q	Rr	22272	0.875	2014	3
Q	Rr	31453	1.235	2014	2
Q	Rr	35906	1.410	2014	1
Q	Rr	16436	0.646	2013	4
Q	Rr	15216	0.598	2013	3
Q	Rr	16545	0.650	2013	2
Q	Rr	16976	0.667	2013	1
Q	Rr	16578	0.651	2012	4
Q	Rr	12511	0.491	2012	3
Q	Rr	15816	0.621	2012	2
Q	Rr	15837	0.622	2012	1
Q	Rr	15444	0.607	2011	4
Q	Rr	17386	0.683	2011	3
Q	Rr	9395	0.369	2011	2
Q	Rr	14790	0.581	2011	1
Q	Rr	1603	0.063	2010	4
Q	Rr	0	0.000	2010	3
Q	Rr	14047	0.552	2010	2
Q	Rr	6489	0.255	2010	1
Q	Rr	16350	0.642	2009	4
Q	Rr	18220	0.716	2009	3
Q	Rr	17115	0.672	2009	2
Q	Rr	18025	0.708	2009	1
Q	Rr	15905	0.625	2008	4
Q	Rr	15660	0.615	2008	3
Q	Rr	22448	0.882	2008	2
Q	Rr	17807	0.699	2008	1
Q	Rr	1700	0.067	2007	4
Q	*BT	R	220334	2024	3
m	Rr	28049	1.102	2025	02
m	Rr	77376	3.039	2025	01
m	Rr	57890	2.274	2024	12
m	Rr	63975	2.513	2024	11
m	Rr	80280	3.153	2024	10
m	Rr	73644	2.893	2024	09
m	Rr	72041	2.830	2024	08
m	Rr	74649	2.932	2024	07
m	Rr	69378	2.725	2024	06
m	Rr	72365	2.842	2024	05
m	Rr	62713	2.463	2024	04
m	Rr	66782	2.623	2024	03
m	Rr	68592	2.694	2024	02
m	Rr	74058	2.909	2024	01
m	Rr	54270	2.132	2023	12
m	Rr	61278	2.407	2023	11
m	Rr	66720	2.621	2023	10
m	Rr	51132	2.008	2023	09
m	Rr	54561	2.143	2023	08
m	Rr	60246	2.366	2023	07
m	Rr	66204	2.600	2023	06
m	Rr	60120	2.361	2023	05
m	Rr	8982	0.353	2023	04
m	Rr	10848	0.426	2023	03
m	Rr	8360	0.328	2023	02
m	Rr	8487	0.333	2023	01
m	Rr	6950	0.273	2022	12
m	Rr	6349	0.249	2022	11
m	Rr	7008	0.275	2022	10
m	Rr	6740	0.265	2022	09
m	Rr	6863	0.270	2022	08
m	Rr	6759	0.265	2022	07
m	Rr	6567	0.258	2022	06
m	Rr	8427	0.331	2022	05
m	Rr	6801	0.267	2022	04
m	Rr	6380	0.251	2022	03
m	Rr	6175	0.243	2022	02
m	Rr	7315	0.287	2022	01
m	Rr	7667	0.301	2021	12
m	Rr	7097	0.279	2021	11
m	Rr	6390	0.251	2021	10
m	Rr	6059	0.238	2021	09
m	Rr	9092	0.357	2021	08
m	Rr	11675	0.459	2021	07
m	Rr	10152	0.399	2021	06
m	Rr	10231	0.402	2021	05
m	Rr	10292	0.404	2021	04
m	Rr	7948	0.312	2021	03
m	Rr	5800	0.228	2021	02
m	Rr	6514	0.256	2021	01
m	Rr	8069	0.317	2020	12
m	Rr	6579	0.258	2020	11
m	Rr	7551	0.297	2020	10
m	Rr	8028	0.315	2020	09
m	Rr	7741	0.304	2020	08
m	Rr	8113	0.319	2020	07
m	Rr	7317	0.287	2020	06
m	Rr	6898	0.271	2020	05
m	Rr	7441	0.292	2020	04
m	Rr	7524	0.296	2020	03
m	Rr	7322	0.288	2020	02
m	Rr	6797	0.267	2020	01
m	Rr	6573	0.258	2019	12
m	Rr	5917	0.232	2019	11
m	Rr	6608	0.260	2019	10
m	Rr	6791	0.267	2019	09
m	Rr	6597	0.259	2019	08
m	Rr	6280	0.247	2019	07
m	Rr	6317	0.248	2019	06
m	Rr	6847	0.269	2019	05
m	Rr	6663	0.262	2019	04
m	Rr	7059	0.277	2019	03
m	Rr	6374	0.250	2019	02
m	Rr	8062	0.317	2019	01
m	Rr	6957	0.273	2018	12
m	Rr	5422	0.213	2018	11
m	Rr	5750	0.226	2018	10
m	Rr	5458	0.214	2018	09
m	Rr	5735	0.225	2018	08
m	Rr	5945	0.234	2018	07
m	Rr	7110	0.279	2018	06
m	Rr	6440	0.253	2018	05
m	Rr	3378	0.133	2018	04
m	Rr	5789	0.227	2018	03
m	Rr	5369	0.211	2018	02
m	Rr	5574	0.219	2018	01
m	Rr	3906	0.153	2017	12
m	Rr	6533	0.257	2017	11
m	Rr	5498	0.216	2017	10
m	Rr	0	0.000	2017	09
m	Rr	0	0.000	2017	08
m	Rr	0	0.000	2017	07
m	Rr	0	0.000	2017	06
m	Rr	6832	0.268	2017	05
m	Rr	9999	0.393	2017	04
m	Rr	11887	0.467	2017	03
m	Rr	7941	0.312	2017	02
m	Rr	7572	0.297	2017	01
m	Rr	9483	0.372	2016	12
m	Rr	7121	0.280	2016	11
m	Rr	5510	0.216	2016	10
m	Rr	6288	0.247	2016	09
m	Rr	5888	0.231	2016	08
m	Rr	5445	0.214	2016	07
m	Rr	5042	0.198	2016	06
m	Rr	5495	0.216	2016	05
m	Rr	5341	0.210	2016	04
m	Rr	5558	0.218	2016	03
m	Rr	5548	0.218	2016	02
m	Rr	6597	0.259	2016	01
m	Rr	5574	0.219	2015	12
m	Rr	5330	0.209	2015	11
m	Rr	5671	0.223	2015	10
m	Rr	6196	0.243	2015	09
m	Rr	6788	0.267	2015	08
m	Rr	9120	0.358	2015	07
m	Rr	7156	0.281	2015	06
m	Rr	5694	0.224	2015	05
m	Rr	9635	0.378	2015	04
m	Rr	6215	0.244	2015	03
m	Rr	6084	0.239	2015	02
m	Rr	7333	0.288	2015	01
m	Rr	6608	0.260	2014	12
m	Rr	6997	0.275	2014	11
m	Rr	7537	0.296	2014	10
m	Rr	7043	0.277	2014	09
m	Rr	7324	0.288	2014	08
m	Rr	7905	0.310	2014	07
m	Rr	11654	0.458	2014	06
m	Rr	9211	0.362	2014	05
m	Rr	10588	0.416	2014	04
m	Rr	7817	0.307	2014	03
m	Rr	15229	0.598	2014	02
m	Rr	12860	0.505	2014	01
m	Rr	5325	0.209	2013	12
m	Rr	5513	0.217	2013	11
m	Rr	5598	0.220	2013	10
m	Rr	4655	0.183	2013	09
m	Rr	4938	0.194	2013	08
m	Rr	5623	0.221	2013	07
m	Rr	5492	0.216	2013	06
m	Rr	5211	0.205	2013	05
m	Rr	5842	0.229	2013	04
m	Rr	6068	0.238	2013	03
m	Rr	5055	0.199	2013	02
m	Rr	5853	0.230	2013	01
m	Rr	5688	0.223	2012	12
m	Rr	5477	0.215	2012	11
m	Rr	5413	0.213	2012	10
m	Rr	4331	0.170	2012	09
m	Rr	3866	0.152	2012	08
m	Rr	4314	0.169	2012	07
m	Rr	4655	0.183	2012	06
m	Rr	6047	0.238	2012	05
m	Rr	5114	0.201	2012	04
m	Rr	6128	0.241	2012	03
m	Rr	5430	0.213	2012	02
m	Rr	4279	0.168	2012	01
m	Rr	5548	0.218	2011	12
m	Rr	4779	0.188	2011	11
m	Rr	5117	0.201	2011	10
m	Rr	5431	0.213	2011	09
m	Rr	6256	0.246	2011	08
m	Rr	5699	0.224	2011	07
m	Rr	5420	0.213	2011	06
m	Rr	3975	0.156	2011	05
m	Rr	0	0.000	2011	04
m	Rr	3608	0.142	2011	03
m	Rr	5171	0.203	2011	02
m	Rr	6011	0.236	2011	01
m	Rr	1603	0.063	2010	12
m	Rr	0	0.000	2010	11
m	Rr	0	0.000	2010	10
m	Rr	0	0.000	2010	09
m	Rr	0	0.000	2010	08
m	Rr	0	0.000	2010	07
m	Rr	4101	0.161	2010	06
m	Rr	5018	0.197	2010	05
m	Rr	4928	0.194	2010	04
m	Rr	5095	0.200	2010	03
m	Rr	1394	0.055	2010	02
m	Rr	0	0.000	2010	01
m	Rr	4665	0.183	2009	12
m	Rr	6187	0.243	2009	11
m	Rr	5498	0.216	2009	10
m	Rr	5066	0.199	2009	09
m	Rr	5718	0.225	2009	08
m	Rr	7436	0.292	2009	07
m	Rr	5685	0.223	2009	06
m	Rr	6120	0.240	2009	05
m	Rr	5310	0.209	2009	04
m	Rr	5515	0.217	2009	03
m	Rr	6123	0.240	2009	02
m	Rr	6387	0.251	2009	01
m	Rr	5763	0.226	2008	12
m	Rr	5420	0.213	2008	11
m	Rr	4722	0.185	2008	10
m	Rr	5435	0.213	2008	09
m	Rr	4843	0.190	2008	08
m	Rr	5382	0.211	2008	07
m	Rr	6082	0.239	2008	06
m	Rr	9946	0.391	2008	05
m	Rr	6420	0.252	2008	04
m	Rr	5431	0.213	2008	03
m	Rr	6469	0.254	2008	02
m	Rr	5907	0.232	2008	01
m	Rr	1700	0.067	2007	12
m	*BT	R	80280	2024	10
W	Rr	1348	0.053	2025	02	16
W	Rr	9181	0.361	2025	02	09
W	Rr	16170	0.635	2025	02	02
W	Rr	18018	0.708	2025	01	26
W	Rr	18210	0.715	2025	01	19
W	Rr	18726	0.736	2025	01	12
W	Rr	16789	0.659	2025	01	05
W	Rr	12005	0.472	2024	12	29
W	Rr	11414	0.448	2024	12	22
W	Rr	15924	0.625	2024	12	15
W	Rr	12318	0.484	2024	12	08
W	Rr	13212	0.519	2024	12	01
W	Rr	14492	0.569	2024	11	24
W	Rr	14773	0.580	2024	11	17
W	Rr	15900	0.625	2024	11	10
W	Rr	15042	0.591	2024	11	03
W	Rr	14430	0.567	2024	10	27
W	Rr	20382	0.801	2024	10	20
W	Rr	20310	0.798	2024	10	13
W	Rr	17544	0.689	2024	10	06
W	Rr	16788	0.659	2024	09	29
W	Rr	16014	0.629	2024	09	22
W	Rr	17958	0.705	2024	09	15
W	Rr	18306	0.719	2024	09	08
W	Rr	15960	0.627	2024	09	01
W	Rr	18348	0.721	2024	08	25
W	Rr	15726	0.618	2024	08	18
W	Rr	14490	0.569	2024	08	11
W	Rr	15707	0.617	2024	08	04
W	Rr	17598	0.691	2024	07	28
W	Rr	15120	0.594	2024	07	21
W	Rr	14667	0.576	2024	07	14
W	Rr	18810	0.739	2024	07	07
W	Rr	18384	0.722	2024	06	30
W	Rr	16152	0.634	2024	06	23
W	Rr	16674	0.655	2024	06	16
W	Rr	13122	0.515	2024	06	09
W	Rr	18264	0.717	2024	06	02
W	Rr	17766	0.698	2024	05	26
W	Rr	14970	0.588	2024	05	19
W	Rr	14346	0.563	2024	05	12
W	Rr	17520	0.688	2024	05	05
W	Rr	17624	0.692	2024	04	28
W	Rr	15605	0.613	2024	04	21
W	Rr	14394	0.565	2024	04	14
W	Rr	13500	0.530	2024	04	07
W	Rr	13599	0.534	2024	03	31
W	Rr	16024	0.629	2024	03	24
W	Rr	14040	0.551	2024	03	17
W	Rr	16854	0.662	2024	03	10
W	Rr	15624	0.614	2024	03	03
W	Rr	17778	0.698	2024	02	25
W	Rr	13428	0.527	2024	02	18
W	Rr	16572	0.651	2024	02	11
W	Rr	17070	0.670	2024	02	04
W	Rr	26220	1.030	2024	01	28
W	Rr	14730	0.579	2024	01	21
W	Rr	13098	0.514	2024	01	14
W	Rr	15324	0.602	2024	01	07
W	Rr	12552	0.493	2023	12	31
W	Rr	11406	0.448	2023	12	24
W	Rr	11184	0.439	2023	12	17
W	Rr	13956	0.548	2023	12	10
W	Rr	13644	0.536	2023	12	03
W	Rr	12390	0.487	2023	11	26
W	Rr	11682	0.459	2023	11	19
W	Rr	15756	0.619	2023	11	12
W	Rr	16596	0.652	2023	11	05
W	Rr	16104	0.633	2023	10	29
W	Rr	13980	0.549	2023	10	22
W	Rr	15450	0.607	2023	10	15
W	Rr	14713	0.578	2023	10	08
W	Rr	14285	0.561	2023	10	01
W	Rr	14478	0.569	2023	09	24
W	Rr	11904	0.468	2023	09	17
W	Rr	10968	0.431	2023	09	10
W	Rr	10482	0.412	2023	09	03
W	Rr	10800	0.424	2023	08	27
W	Rr	14568	0.572	2023	08	20
W	Rr	12504	0.491	2023	08	13
W	Rr	12076	0.474	2023	08	06
W	Rr	10997	0.432	2023	07	30
W	Rr	13392	0.526	2023	07	23
W	Rr	13224	0.519	2023	07	16
W	Rr	16128	0.633	2023	07	09
W	Rr	13356	0.525	2023	07	02
W	Rr	12558	0.493	2023	06	25
W	Rr	17082	0.671	2023	06	18
W	Rr	16452	0.646	2023	06	11
W	Rr	15336	0.602	2023	06	04
W	Rr	13482	0.530	2023	05	28
W	Rr	16248	0.638	2023	05	21
W	Rr	15078	0.592	2023	05	14
W	Rr	17181	0.675	2023	05	07
W	Rr	4282	0.168	2023	04	30
W	Rr	2458	0.097	2023	04	23
W	Rr	2269	0.089	2023	04	16
W	Rr	1553	0.061	2023	04	09
W	Rr	2389	0.094	2023	04	02
W	Rr	1701	0.067	2023	03	26
W	Rr	1943	0.076	2023	03	19
W	Rr	2225	0.087	2023	03	12
W	Rr	2192	0.086	2023	03	05
W	Rr	4055	0.159	2023	02	26
W	Rr	2406	0.095	2023	02	19
W	Rr	1898	0.075	2023	02	12
W	Rr	1890	0.074	2023	02	05
W	Rr	1861	0.073	2023	01	29
W	Rr	1686	0.066	2023	01	22
W	Rr	1779	0.070	2023	01	15
W	Rr	1833	0.072	2023	01	08
W	Rr	2226	0.087	2023	01	01
W	Rr	1280	0.050	2022	12	25
W	Rr	1806	0.071	2022	12	18
W	Rr	1773	0.070	2022	12	11
W	Rr	1532	0.060	2022	12	04
W	Rr	1586	0.062	2022	11	27
W	Rr	1093	0.043	2022	11	20
W	Rr	1366	0.054	2022	11	13
W	Rr	1972	0.077	2022	11	06
W	Rr	1396	0.055	2022	10	30
W	Rr	1547	0.061	2022	10	23
W	Rr	1641	0.064	2022	10	16
W	Rr	1747	0.069	2022	10	09
W	Rr	1568	0.062	2022	10	02
W	Rr	1379	0.054	2022	09	25
W	Rr	1695	0.067	2022	09	18
W	Rr	1701	0.067	2022	09	11
W	Rr	1568	0.062	2022	09	04
W	Rr	1562	0.061	2022	08	28
W	Rr	1488	0.058	2022	08	21
W	Rr	1646	0.065	2022	08	14
W	Rr	1430	0.056	2022	08	07
W	Rr	1446	0.057	2022	07	31
W	Rr	1383	0.054	2022	07	24
W	Rr	1661	0.065	2022	07	17
W	Rr	1478	0.058	2022	07	10
W	Rr	1711	0.067	2022	07	03
W	Rr	1804	0.071	2022	06	26
W	Rr	1298	0.051	2022	06	19
W	Rr	1407	0.055	2022	06	12
W	Rr	1396	0.055	2022	06	05
W	Rr	1638	0.064	2022	05	29
W	Rr	1724	0.068	2022	05	22
W	Rr	2427	0.095	2022	05	15
W	Rr	2100	0.082	2022	05	08
W	Rr	1414	0.056	2022	05	01
W	Rr	1865	0.073	2022	04	24
W	Rr	1381	0.054	2022	04	17
W	Rr	1630	0.064	2022	04	10
W	Rr	1670	0.066	2022	04	03
W	Rr	1588	0.062	2022	03	27
W	Rr	1204	0.047	2022	03	20
W	Rr	1350	0.053	2022	03	13
W	Rr	1488	0.058	2022	03	06
W	Rr	1368	0.054	2022	02	27
W	Rr	1481	0.058	2022	02	20
W	Rr	1657	0.065	2022	02	13
W	Rr	1518	0.060	2022	02	06
W	Rr	1787	0.070	2022	01	30
W	Rr	2021	0.079	2022	01	23
W	Rr	1429	0.056	2022	01	16
W	Rr	1693	0.066	2022	01	09
W	Rr	1541	0.061	2022	01	02
W	Rr	1311	0.051	2021	12	26
W	Rr	1839	0.072	2021	12	19
W	Rr	1732	0.068	2021	12	12
W	Rr	2001	0.079	2021	12	05
W	Rr	1641	0.064	2021	11	28
W	Rr	1615	0.063	2021	11	21
W	Rr	1673	0.066	2021	11	14
W	Rr	1625	0.064	2021	11	07
W	Rr	1523	0.060	2021	10	31
W	Rr	1562	0.061	2021	10	24
W	Rr	1474	0.058	2021	10	17
W	Rr	1349	0.053	2021	10	10
W	Rr	1615	0.063	2021	10	03
W	Rr	1598	0.063	2021	09	26
W	Rr	1646	0.065	2021	09	19
W	Rr	1203	0.047	2021	09	12
W	Rr	1106	0.043	2021	09	05
W	Rr	1383	0.054	2021	08	29
W	Rr	1685	0.066	2021	08	22
W	Rr	2071	0.081	2021	08	15
W	Rr	2279	0.090	2021	08	08
W	Rr	2374	0.093	2021	08	01
W	Rr	2543	0.100	2021	07	25
W	Rr	2843	0.112	2021	07	18
W	Rr	2777	0.109	2021	07	11
W	Rr	2756	0.108	2021	07	04
W	Rr	2524	0.099	2021	06	27
W	Rr	2466	0.097	2021	06	20
W	Rr	2262	0.089	2021	06	13
W	Rr	2264	0.089	2021	06	06
W	Rr	2101	0.083	2021	05	30
W	Rr	3009	0.118	2021	05	23
W	Rr	1989	0.078	2021	05	16
W	Rr	2386	0.094	2021	05	09
W	Rr	2138	0.084	2021	05	02
W	Rr	1668	0.066	2021	04	25
W	Rr	2413	0.095	2021	04	18
W	Rr	3035	0.119	2021	04	11
W	Rr	2709	0.106	2021	04	04
W	Rr	1942	0.076	2021	03	28
W	Rr	1666	0.065	2021	03	21
W	Rr	1476	0.058	2021	03	14
W	Rr	1713	0.067	2021	03	07
W	Rr	1777	0.070	2021	02	28
W	Rr	1173	0.046	2021	02	21
W	Rr	1101	0.043	2021	02	14
W	Rr	1699	0.067	2021	02	07
W	Rr	1867	0.073	2021	01	31
W	Rr	1404	0.055	2021	01	24
W	Rr	1564	0.061	2021	01	17
W	Rr	1431	0.056	2021	01	10
W	Rr	1666	0.065	2021	01	03
W	Rr	1926	0.076	2020	12	27
W	Rr	1572	0.062	2020	12	20
W	Rr	1404	0.055	2020	12	13
W	Rr	2272	0.089	2020	12	06
W	Rr	1522	0.060	2020	11	29
W	Rr	1722	0.068	2020	11	22
W	Rr	1580	0.062	2020	11	15
W	Rr	1401	0.055	2020	11	08
W	Rr	1499	0.059	2020	11	01
W	Rr	1470	0.058	2020	10	25
W	Rr	2379	0.093	2020	10	18
W	Rr	1559	0.061	2020	10	11
W	Rr	1729	0.068	2020	10	04
W	Rr	1674	0.066	2020	09	27
W	Rr	1786	0.070	2020	09	20
W	Rr	2200	0.086	2020	09	13
W	Rr	1677	0.066	2020	09	06
W	Rr	1596	0.063	2020	08	30
W	Rr	1833	0.072	2020	08	23
W	Rr	1814	0.071	2020	08	16
W	Rr	2206	0.087	2020	08	09
W	Rr	1397	0.055	2020	08	02
W	Rr	1816	0.071	2020	07	26
W	Rr	1949	0.077	2020	07	19
W	Rr	1532	0.060	2020	07	12
W	Rr	1976	0.078	2020	07	05
W	Rr	1600	0.063	2020	06	28
W	Rr	1627	0.064	2020	06	21
W	Rr	2101	0.083	2020	06	14
W	Rr	1590	0.062	2020	06	07
W	Rr	1492	0.059	2020	05	31
W	Rr	1556	0.061	2020	05	24
W	Rr	1756	0.069	2020	05	17
W	Rr	1568	0.062	2020	05	10
W	Rr	1567	0.062	2020	05	03
W	Rr	1734	0.068	2020	04	26
W	Rr	1675	0.066	2020	04	19
W	Rr	1702	0.067	2020	04	12
W	Rr	1965	0.077	2020	04	05
W	Rr	1329	0.052	2020	03	29
W	Rr	1818	0.071	2020	03	22
W	Rr	1345	0.053	2020	03	15
W	Rr	1581	0.062	2020	03	08
W	Rr	2014	0.079	2020	03	01
W	Rr	1942	0.076	2020	02	23
W	Rr	1748	0.069	2020	02	16
W	Rr	1949	0.077	2020	02	09
W	Rr	1683	0.066	2020	02	02
W	Rr	1436	0.056	2020	01	26
W	Rr	1792	0.070	2020	01	19
W	Rr	1519	0.060	2020	01	12
W	Rr	1420	0.056	2020	01	05
W	Rr	1109	0.044	2019	12	29
W	Rr	1023	0.040	2019	12	22
W	Rr	1584	0.062	2019	12	15
W	Rr	1783	0.070	2019	12	08
W	Rr	1704	0.067	2019	12	01
W	Rr	1178	0.046	2019	11	24
W	Rr	1697	0.067	2019	11	17
W	Rr	1510	0.059	2019	11	10
W	Rr	1383	0.054	2019	11	03
W	Rr	1309	0.051	2019	10	27
W	Rr	1473	0.058	2019	10	20
W	Rr	1519	0.060	2019	10	13
W	Rr	1485	0.058	2019	10	06
W	Rr	1416	0.056	2019	09	29
W	Rr	1499	0.059	2019	09	22
W	Rr	1652	0.065	2019	09	15
W	Rr	1710	0.067	2019	09	08
W	Rr	1485	0.058	2019	09	01
W	Rr	1689	0.066	2019	08	25
W	Rr	1315	0.052	2019	08	18
W	Rr	1619	0.064	2019	08	11
W	Rr	1558	0.061	2019	08	04
W	Rr	1360	0.053	2019	07	28
W	Rr	1191	0.047	2019	07	21
W	Rr	1730	0.068	2019	07	14
W	Rr	1299	0.051	2019	07	07
W	Rr	1339	0.053	2019	06	30
W	Rr	1592	0.063	2019	06	23
W	Rr	1497	0.059	2019	06	16
W	Rr	1450	0.057	2019	06	09
W	Rr	1555	0.061	2019	06	02
W	Rr	1289	0.051	2019	05	26
W	Rr	1863	0.073	2019	05	19
W	Rr	1385	0.054	2019	05	12
W	Rr	1553	0.061	2019	05	05
W	Rr	1655	0.065	2019	04	28
W	Rr	1282	0.050	2019	04	21
W	Rr	1503	0.059	2019	04	14
W	Rr	1623	0.064	2019	04	07
W	Rr	1715	0.067	2019	03	31
W	Rr	1882	0.074	2019	03	24
W	Rr	1464	0.058	2019	03	17
W	Rr	1381	0.054	2019	03	10
W	Rr	1627	0.064	2019	03	03
W	Rr	1773	0.070	2019	02	24
W	Rr	1669	0.066	2019	02	17
W	Rr	1483	0.058	2019	02	10
W	Rr	1391	0.055	2019	02	03
W	Rr	1797	0.071	2019	01	27
W	Rr	1963	0.077	2019	01	20
W	Rr	2029	0.080	2019	01	13
W	Rr	1696	0.067	2019	01	06
W	Rr	1526	0.060	2018	12	30
W	Rr	1226	0.048	2018	12	23
W	Rr	1442	0.057	2018	12	16
W	Rr	1936	0.076	2018	12	09
W	Rr	1809	0.071	2018	12	02
W	Rr	1295	0.051	2018	11	25
W	Rr	1820	0.071	2018	11	18
W	Rr	1802	0.071	2018	11	11
W	Rr	0	0.000	2018	11	04
W	Rr	1473	0.058	2018	10	28
W	Rr	1106	0.043	2018	10	21
W	Rr	1427	0.056	2018	10	14
W	Rr	1214	0.048	2018	10	07
W	Rr	1168	0.046	2018	09	30
W	Rr	1420	0.056	2018	09	23
W	Rr	1197	0.047	2018	09	16
W	Rr	1388	0.055	2018	09	09
W	Rr	1320	0.052	2018	09	02
W	Rr	1246	0.049	2018	08	26
W	Rr	1214	0.048	2018	08	19
W	Rr	1366	0.054	2018	08	12
W	Rr	1195	0.047	2018	08	05
W	Rr	1346	0.053	2018	07	29
W	Rr	1374	0.054	2018	07	22
W	Rr	1508	0.059	2018	07	15
W	Rr	1522	0.060	2018	07	08
W	Rr	909	0.036	2018	07	01
W	Rr	1444	0.057	2018	06	24
W	Rr	2682	0.105	2018	06	17
W	Rr	1365	0.054	2018	06	10
W	Rr	1329	0.052	2018	06	03
W	Rr	1275	0.050	2018	05	27
W	Rr	1392	0.055	2018	05	20
W	Rr	1321	0.052	2018	05	13
W	Rr	1527	0.060	2018	05	06
W	Rr	1517	0.060	2018	04	29
W	Rr	0	0.000	2018	04	22
W	Rr	1364	0.054	2018	04	15
W	Rr	1712	0.067	2018	04	08
W	Rr	0	0.000	2018	04	01
W	Rr	1543	0.061	2018	03	25
W	Rr	1342	0.053	2018	03	18
W	Rr	2429	0.095	2018	03	11
W	Rr	0	0.000	2018	03	04
W	Rr	1366	0.054	2018	02	25
W	Rr	1308	0.051	2018	02	18
W	Rr	1439	0.057	2018	02	11
W	Rr	1731	0.068	2018	02	04
W	Rr	0	0.000	2018	01	28
W	Rr	1434	0.056	2018	01	21
W	Rr	1578	0.062	2018	01	14
W	Rr	1471	0.058	2018	01	07
W	Rr	1246	0.049	2017	12	31
W	Rr	1033	0.041	2017	12	24
W	Rr	1103	0.043	2017	12	17
W	Rr	1406	0.055	2017	12	10
W	Rr	0	0.000	2017	12	03
W	Rr	1335	0.052	2017	11	26
W	Rr	1427	0.056	2017	11	19
W	Rr	1662	0.065	2017	11	12
W	Rr	1414	0.056	2017	11	05
W	Rr	1349	0.053	2017	10	29
W	Rr	1208	0.047	2017	10	22
W	Rr	2013	0.079	2017	10	15
W	Rr	1832	0.072	2017	10	08
W	Rr	0	0.000	2017	10	01
W	Rr	0	0.000	2017	09	24
W	Rr	0	0.000	2017	09	17
W	Rr	0	0.000	2017	09	10
W	Rr	0	0.000	2017	09	03
W	Rr	0	0.000	2017	08	27
W	Rr	0	0.000	2017	08	20
W	Rr	0	0.000	2017	08	13
W	Rr	0	0.000	2017	08	06
W	Rr	0	0.000	2017	07	30
W	Rr	0	0.000	2017	07	23
W	Rr	0	0.000	2017	07	16
W	Rr	0	0.000	2017	07	09
W	Rr	0	0.000	2017	07	02
W	Rr	0	0.000	2017	06	25
W	Rr	0	0.000	2017	06	18
W	Rr	0	0.000	2017	06	11
W	Rr	0	0.000	2017	06	04
W	Rr	25	0.001	2017	05	28
W	Rr	1838	0.072	2017	05	21
W	Rr	1915	0.075	2017	05	14
W	Rr	1676	0.066	2017	05	07
W	Rr	1677	0.066	2017	04	30
W	Rr	2071	0.081	2017	04	23
W	Rr	1978	0.078	2017	04	16
W	Rr	1874	0.074	2017	04	09
W	Rr	3435	0.135	2017	04	02
W	Rr	2619	0.103	2017	03	26
W	Rr	2633	0.103	2017	03	19
W	Rr	2413	0.095	2017	03	12
W	Rr	3092	0.121	2017	03	05
W	Rr	2295	0.090	2017	02	26
W	Rr	2204	0.087	2017	02	19
W	Rr	1869	0.073	2017	02	12
W	Rr	1973	0.077	2017	02	05
W	Rr	1783	0.070	2017	01	29
W	Rr	1768	0.069	2017	01	22
W	Rr	1585	0.062	2017	01	15
W	Rr	1768	0.069	2017	01	08
W	Rr	1740	0.068	2017	01	01
W	Rr	1549	0.061	2016	12	25
W	Rr	2202	0.086	2016	12	18
W	Rr	1812	0.071	2016	12	11
W	Rr	2648	0.104	2016	12	04
W	Rr	2236	0.088	2016	11	27
W	Rr	1321	0.052	2016	11	20
W	Rr	1996	0.078	2016	11	13
W	Rr	1716	0.067	2016	11	06
W	Rr	1564	0.061	2016	10	30
W	Rr	1362	0.053	2016	10	23
W	Rr	1707	0.067	2016	10	16
W	Rr	1696	0.067	2016	10	09
W	Rr	36	0.001	2016	10	02
W	Rr	2002	0.079	2016	09	25
W	Rr	1399	0.055	2016	09	18
W	Rr	1199	0.047	2016	09	11
W	Rr	1326	0.052	2016	09	04
W	Rr	1316	0.052	2016	08	28
W	Rr	1257	0.049	2016	08	21
W	Rr	1208	0.047	2016	08	14
W	Rr	1602	0.063	2016	08	07
W	Rr	1319	0.052	2016	07	31
W	Rr	1796	0.071	2016	07	24
W	Rr	1171	0.046	2016	07	17
W	Rr	1167	0.046	2016	07	10
W	Rr	917	0.036	2016	07	03
W	Rr	920	0.036	2016	06	26
W	Rr	1179	0.046	2016	06	19
W	Rr	1288	0.051	2016	06	12
W	Rr	1237	0.049	2016	06	05
W	Rr	1263	0.050	2016	05	29
W	Rr	1338	0.053	2016	05	22
W	Rr	1184	0.047	2016	05	15
W	Rr	1365	0.054	2016	05	08
W	Rr	974	0.038	2016	05	01
W	Rr	1311	0.051	2016	04	24
W	Rr	1127	0.044	2016	04	17
W	Rr	1248	0.049	2016	04	10
W	Rr	1451	0.057	2016	04	03
W	Rr	987	0.039	2016	03	27
W	Rr	1233	0.048	2016	03	20
W	Rr	1347	0.053	2016	03	13
W	Rr	1347	0.053	2016	03	06
W	Rr	1236	0.049	2016	02	28
W	Rr	1422	0.056	2016	02	21
W	Rr	1085	0.043	2016	02	14
W	Rr	1427	0.056	2016	02	07
W	Rr	1359	0.053	2016	01	31
W	Rr	1708	0.067	2016	01	24
W	Rr	1476	0.058	2016	01	17
W	Rr	1563	0.061	2016	01	10
W	Rr	1381	0.054	2016	01	03
W	Rr	1273	0.050	2015	12	27
W	Rr	1084	0.043	2015	12	20
W	Rr	1344	0.053	2015	12	13
W	Rr	1336	0.052	2015	12	06
W	Rr	1123	0.044	2015	11	29
W	Rr	960	0.038	2015	11	22
W	Rr	1337	0.053	2015	11	15
W	Rr	1400	0.055	2015	11	08
W	Rr	1383	0.054	2015	11	01
W	Rr	1250	0.049	2015	10	25
W	Rr	1366	0.054	2015	10	18
W	Rr	1367	0.054	2015	10	11
W	Rr	1214	0.048	2015	10	04
W	Rr	1152	0.045	2015	09	27
W	Rr	1387	0.054	2015	09	20
W	Rr	1655	0.065	2015	09	13
W	Rr	1526	0.060	2015	09	06
W	Rr	1242	0.049	2015	08	30
W	Rr	1800	0.071	2015	08	23
W	Rr	1527	0.060	2015	08	16
W	Rr	1386	0.054	2015	08	09
W	Rr	1593	0.063	2015	08	02
W	Rr	1567	0.062	2015	07	26
W	Rr	1980	0.078	2015	07	19
W	Rr	2180	0.086	2015	07	12
W	Rr	2008	0.079	2015	07	05
W	Rr	2297	0.090	2015	06	28
W	Rr	1556	0.061	2015	06	21
W	Rr	1380	0.054	2015	06	14
W	Rr	2013	0.079	2015	06	07
W	Rr	1651	0.065	2015	05	31
W	Rr	1224	0.048	2015	05	24
W	Rr	1355	0.053	2015	05	17
W	Rr	1179	0.046	2015	05	10
W	Rr	1436	0.056	2015	05	03
W	Rr	1671	0.066	2015	04	26
W	Rr	1878	0.074	2015	04	19
W	Rr	2326	0.091	2015	04	12
W	Rr	2636	0.104	2015	04	05
W	Rr	2297	0.090	2015	03	29
W	Rr	1237	0.049	2015	03	22
W	Rr	1453	0.057	2015	03	15
W	Rr	1399	0.055	2015	03	08
W	Rr	1287	0.051	2015	03	01
W	Rr	1249	0.049	2015	02	22
W	Rr	1373	0.054	2015	02	15
W	Rr	1790	0.070	2015	02	08
W	Rr	1672	0.066	2015	02	01
W	Rr	1543	0.061	2015	01	25
W	Rr	1463	0.057	2015	01	18
W	Rr	1696	0.067	2015	01	11
W	Rr	1707	0.067	2015	01	04
W	Rr	1833	0.072	2014	12	28
W	Rr	1335	0.052	2014	12	21
W	Rr	1644	0.065	2014	12	14
W	Rr	1541	0.061	2014	12	07
W	Rr	1335	0.052	2014	11	30
W	Rr	1262	0.050	2014	11	23
W	Rr	2009	0.079	2014	11	16
W	Rr	1566	0.062	2014	11	09
W	Rr	1814	0.071	2014	11	02
W	Rr	1452	0.057	2014	10	26
W	Rr	1642	0.064	2014	10	19
W	Rr	1795	0.071	2014	10	12
W	Rr	1836	0.072	2014	10	05
W	Rr	1662	0.065	2014	09	28
W	Rr	1843	0.072	2014	09	21
W	Rr	1678	0.066	2014	09	14
W	Rr	1598	0.063	2014	09	07
W	Rr	1418	0.056	2014	08	31
W	Rr	1584	0.062	2014	08	24
W	Rr	1571	0.062	2014	08	17
W	Rr	1727	0.068	2014	08	10
W	Rr	1927	0.076	2014	08	03
W	Rr	1691	0.066	2014	07	27
W	Rr	1702	0.067	2014	07	20
W	Rr	1624	0.064	2014	07	13
W	Rr	1831	0.072	2014	07	06
W	Rr	1867	0.073	2014	06	29
W	Rr	1927	0.076	2014	06	22
W	Rr	2134	0.084	2014	06	15
W	Rr	4851	0.191	2014	06	08
W	Rr	2293	0.090	2014	06	01
W	Rr	3180	0.125	2014	05	25
W	Rr	1468	0.058	2014	05	18
W	Rr	1808	0.071	2014	05	11
W	Rr	1998	0.078	2014	05	04
W	Rr	1876	0.074	2014	04	27
W	Rr	2330	0.092	2014	04	20
W	Rr	2565	0.101	2014	04	13
W	Rr	2652	0.104	2014	04	06
W	Rr	2574	0.101	2014	03	30
W	Rr	1186	0.047	2014	03	23
W	Rr	1305	0.051	2014	03	16
W	Rr	2273	0.089	2014	03	09
W	Rr	2231	0.088	2014	03	02
W	Rr	1925	0.076	2014	02	23
W	Rr	7060	0.277	2014	02	16
W	Rr	2854	0.112	2014	02	09
W	Rr	3190	0.125	2014	02	02
W	Rr	3743	0.147	2014	01	26
W	Rr	3643	0.143	2014	01	19
W	Rr	2961	0.116	2014	01	12
W	Rr	2319	0.091	2014	01	05
W	Rr	981	0.039	2013	12	29
W	Rr	1108	0.044	2013	12	22
W	Rr	1226	0.048	2013	12	15
W	Rr	1285	0.050	2013	12	08
W	Rr	1289	0.051	2013	12	01
W	Rr	1404	0.055	2013	11	24
W	Rr	1142	0.045	2013	11	17
W	Rr	1334	0.052	2013	11	10
W	Rr	1277	0.050	2013	11	03
W	Rr	1035	0.041	2013	10	27
W	Rr	1309	0.051	2013	10	20
W	Rr	1302	0.051	2013	10	13
W	Rr	1432	0.056	2013	10	06
W	Rr	1178	0.046	2013	09	29
W	Rr	947	0.037	2013	09	22
W	Rr	1254	0.049	2013	09	15
W	Rr	1099	0.043	2013	09	08
W	Rr	1053	0.041	2013	09	01
W	Rr	1010	0.040	2013	08	25
W	Rr	1102	0.043	2013	08	18
W	Rr	1063	0.042	2013	08	11
W	Rr	1105	0.043	2013	08	04
W	Rr	1377	0.054	2013	07	28
W	Rr	1498	0.059	2013	07	21
W	Rr	1295	0.051	2013	07	14
W	Rr	1237	0.049	2013	07	07
W	Rr	1003	0.039	2013	06	30
W	Rr	1275	0.050	2013	06	23
W	Rr	1072	0.042	2013	06	16
W	Rr	1249	0.049	2013	06	09
W	Rr	1521	0.060	2013	06	02
W	Rr	1256	0.049	2013	05	26
W	Rr	1091	0.043	2013	05	19
W	Rr	1359	0.053	2013	05	12
W	Rr	1130	0.044	2013	05	05
W	Rr	1215	0.048	2013	04	28
W	Rr	1368	0.054	2013	04	21
W	Rr	1318	0.052	2013	04	14
W	Rr	1408	0.055	2013	04	07
W	Rr	1277	0.050	2013	03	31
W	Rr	1452	0.057	2013	03	24
W	Rr	1418	0.056	2013	03	17
W	Rr	1217	0.048	2013	03	10
W	Rr	1490	0.059	2013	03	03
W	Rr	1353	0.053	2013	02	24
W	Rr	1268	0.050	2013	02	17
W	Rr	1274	0.050	2013	02	10
W	Rr	1153	0.045	2013	02	03
W	Rr	1266	0.050	2013	01	27
W	Rr	1271	0.050	2013	01	20
W	Rr	1449	0.057	2013	01	13
W	Rr	1253	0.049	2013	01	06
W	Rr	1309	0.051	2012	12	30
W	Rr	1156	0.045	2012	12	23
W	Rr	1336	0.052	2012	12	16
W	Rr	1575	0.062	2012	12	09
W	Rr	1087	0.043	2012	12	02
W	Rr	1376	0.054	2012	11	25
W	Rr	1136	0.045	2012	11	18
W	Rr	1341	0.053	2012	11	11
W	Rr	1418	0.056	2012	11	04
W	Rr	1103	0.043	2012	10	28
W	Rr	1200	0.047	2012	10	21
W	Rr	1382	0.054	2012	10	14
W	Rr	1127	0.044	2012	10	07
W	Rr	1187	0.047	2012	09	30
W	Rr	1172	0.046	2012	09	23
W	Rr	1034	0.041	2012	09	16
W	Rr	944	0.037	2012	09	09
W	Rr	958	0.038	2012	09	02
W	Rr	734	0.029	2012	08	26
W	Rr	881	0.035	2012	08	19
W	Rr	874	0.034	2012	08	12
W	Rr	973	0.038	2012	08	05
W	Rr	1010	0.040	2012	07	29
W	Rr	943	0.037	2012	07	22
W	Rr	1089	0.043	2012	07	15
W	Rr	888	0.035	2012	07	08
W	Rr	845	0.033	2012	07	01
W	Rr	1070	0.042	2012	06	24
W	Rr	1050	0.041	2012	06	17
W	Rr	1271	0.050	2012	06	10
W	Rr	957	0.038	2012	06	03
W	Rr	1249	0.049	2012	05	27
W	Rr	1055	0.041	2012	05	20
W	Rr	1392	0.055	2012	05	13
W	Rr	1140	0.045	2012	05	06
W	Rr	1807	0.071	2012	04	29
W	Rr	1225	0.048	2012	04	22
W	Rr	1264	0.050	2012	04	15
W	Rr	1075	0.042	2012	04	08
W	Rr	1261	0.050	2012	04	01
W	Rr	1345	0.053	2012	03	25
W	Rr	1254	0.049	2012	03	18
W	Rr	1478	0.058	2012	03	11
W	Rr	1503	0.059	2012	03	04
W	Rr	1532	0.060	2012	02	26
W	Rr	1464	0.058	2012	02	19
W	Rr	1154	0.045	2012	02	12
W	Rr	1240	0.049	2012	02	05
W	Rr	1088	0.043	2012	01	29
W	Rr	1125	0.044	2012	01	22
W	Rr	60	0.002	2012	01	15
W	Rr	1472	0.058	2012	01	08
W	Rr	1122	0.044	2012	01	01
W	Rr	888	0.035	2011	12	25
W	Rr	1360	0.053	2011	12	18
W	Rr	1486	0.058	2011	12	11
W	Rr	1330	0.052	2011	12	04
W	Rr	1094	0.043	2011	11	27
W	Rr	1062	0.042	2011	11	20
W	Rr	1123	0.044	2011	11	13
W	Rr	975	0.038	2011	11	06
W	Rr	1264	0.050	2011	10	30
W	Rr	1140	0.045	2011	10	23
W	Rr	1211	0.048	2011	10	16
W	Rr	1236	0.049	2011	10	09
W	Rr	1128	0.044	2011	10	02
W	Rr	1083	0.043	2011	09	25
W	Rr	1451	0.057	2011	09	18
W	Rr	1278	0.050	2011	09	11
W	Rr	1219	0.048	2011	09	04
W	Rr	1316	0.052	2011	08	28
W	Rr	1119	0.044	2011	08	21
W	Rr	1484	0.058	2011	08	14
W	Rr	1671	0.066	2011	08	07
W	Rr	1319	0.052	2011	07	31
W	Rr	1197	0.047	2011	07	24
W	Rr	1504	0.059	2011	07	17
W	Rr	1367	0.054	2011	07	10
W	Rr	1205	0.047	2011	07	03
W	Rr	1333	0.052	2011	06	26
W	Rr	1059	0.042	2011	06	19
W	Rr	1353	0.053	2011	06	12
W	Rr	1275	0.050	2011	06	05
W	Rr	983	0.039	2011	05	29
W	Rr	1262	0.050	2011	05	22
W	Rr	1374	0.054	2011	05	15
W	Rr	1076	0.042	2011	05	08
W	Rr	0	0.000	2011	05	01
W	Rr	0	0.000	2011	04	24
W	Rr	0	0.000	2011	04	17
W	Rr	0	0.000	2011	04	10
W	Rr	0	0.000	2011	04	03
W	Rr	0	0.000	2011	03	27
W	Rr	24	0.001	2011	03	20
W	Rr	1317	0.052	2011	03	13
W	Rr	1258	0.049	2011	03	06
W	Rr	1372	0.054	2011	02	27
W	Rr	1226	0.048	2011	02	20
W	Rr	1524	0.060	2011	02	13
W	Rr	1366	0.054	2011	02	06
W	Rr	958	0.038	2011	01	30
W	Rr	1273	0.050	2011	01	23
W	Rr	1560	0.061	2011	01	16
W	Rr	1472	0.058	2011	01	09
W	Rr	1310	0.051	2011	01	02
W	Rr	798	0.031	2010	12	26
W	Rr	935	0.037	2010	12	19
W	Rr	0	0.000	2010	12	12
W	Rr	0	0.000	2010	12	05
W	Rr	0	0.000	2010	11	28
W	Rr	0	0.000	2010	11	21
W	Rr	0	0.000	2010	11	14
W	Rr	0	0.000	2010	11	07
W	Rr	0	0.000	2010	10	31
W	Rr	0	0.000	2010	10	24
W	Rr	0	0.000	2010	10	17
W	Rr	0	0.000	2010	10	10
W	Rr	0	0.000	2010	10	03
W	Rr	0	0.000	2010	09	26
W	Rr	0	0.000	2010	09	19
W	Rr	0	0.000	2010	09	12
W	Rr	0	0.000	2010	09	05
W	Rr	0	0.000	2010	08	29
W	Rr	0	0.000	2010	08	22
W	Rr	0	0.000	2010	08	15
W	Rr	0	0.000	2010	08	08
W	Rr	0	0.000	2010	08	01
W	Rr	0	0.000	2010	07	25
W	Rr	0	0.000	2010	07	18
W	Rr	0	0.000	2010	07	11
W	Rr	0	0.000	2010	07	04
W	Rr	15	0.001	2010	06	27
W	Rr	914	0.036	2010	06	20
W	Rr	1104	0.043	2010	06	13
W	Rr	1096	0.043	2010	06	06
W	Rr	1171	0.046	2010	05	30
W	Rr	1115	0.044	2010	05	23
W	Rr	1170	0.046	2010	05	16
W	Rr	1334	0.052	2010	05	09
W	Rr	1109	0.044	2010	05	02
W	Rr	1067	0.042	2010	04	25
W	Rr	1212	0.048	2010	04	18
W	Rr	1054	0.041	2010	04	11
W	Rr	1325	0.052	2010	04	04
W	Rr	811	0.032	2010	03	28
W	Rr	1195	0.047	2010	03	21
W	Rr	1338	0.053	2010	03	14
W	Rr	1113	0.044	2010	03	07
W	Rr	1103	0.043	2010	02	28
W	Rr	1290	0.051	2010	02	21
W	Rr	0	0.000	2010	02	14
W	Rr	0	0.000	2010	02	07
W	Rr	0	0.000	2010	01	31
W	Rr	0	0.000	2010	01	24
W	Rr	0	0.000	2010	01	17
W	Rr	0	0.000	2010	01	10
W	Rr	0	0.000	2010	01	03
W	Rr	78	0.003	2009	12	27
W	Rr	945	0.037	2009	12	20
W	Rr	1140	0.045	2009	12	13
W	Rr	1323	0.052	2009	12	06
W	Rr	1518	0.060	2009	11	29
W	Rr	1352	0.053	2009	11	22
W	Rr	1346	0.053	2009	11	15
W	Rr	1416	0.056	2009	11	08
W	Rr	1734	0.068	2009	11	01
W	Rr	1035	0.041	2009	10	25
W	Rr	1297	0.051	2009	10	18
W	Rr	1267	0.050	2009	10	11
W	Rr	1440	0.057	2009	10	04
W	Rr	1521	0.060	2009	09	27
W	Rr	1121	0.044	2009	09	20
W	Rr	875	0.034	2009	09	13
W	Rr	1032	0.041	2009	09	06
W	Rr	1283	0.050	2009	08	30
W	Rr	1214	0.048	2009	08	23
W	Rr	1402	0.055	2009	08	16
W	Rr	1260	0.049	2009	08	09
W	Rr	1404	0.055	2009	08	02
W	Rr	1380	0.054	2009	07	26
W	Rr	1470	0.058	2009	07	19
W	Rr	1750	0.069	2009	07	12
W	Rr	1847	0.073	2009	07	05
W	Rr	1889	0.074	2009	06	28
W	Rr	1312	0.052	2009	06	21
W	Rr	1093	0.043	2009	06	14
W	Rr	1363	0.054	2009	06	07
W	Rr	1251	0.049	2009	05	31
W	Rr	1352	0.053	2009	05	24
W	Rr	1133	0.045	2009	05	17
W	Rr	1887	0.074	2009	05	10
W	Rr	1369	0.054	2009	05	03
W	Rr	1089	0.043	2009	04	26
W	Rr	1160	0.046	2009	04	19
W	Rr	1189	0.047	2009	04	12
W	Rr	1529	0.060	2009	04	05
W	Rr	1155	0.045	2009	03	29
W	Rr	1230	0.048	2009	03	22
W	Rr	1029	0.040	2009	03	15
W	Rr	1234	0.048	2009	03	08
W	Rr	1486	0.058	2009	03	01
W	Rr	1470	0.058	2009	02	22
W	Rr	1198	0.047	2009	02	15
W	Rr	1802	0.071	2009	02	08
W	Rr	1653	0.065	2009	02	01
W	Rr	1346	0.053	2009	01	25
W	Rr	1431	0.056	2009	01	18
W	Rr	1678	0.066	2009	01	11
W	Rr	1591	0.062	2009	01	04
W	Rr	886	0.035	2008	12	28
W	Rr	1148	0.045	2008	12	21
W	Rr	1428	0.056	2008	12	14
W	Rr	1508	0.059	2008	12	07
W	Rr	1194	0.047	2008	11	30
W	Rr	1070	0.042	2008	11	23
W	Rr	1396	0.055	2008	11	16
W	Rr	1255	0.049	2008	11	09
W	Rr	1314	0.052	2008	11	02
W	Rr	1397	0.055	2008	10	26
W	Rr	1638	0.064	2008	10	19
W	Rr	1298	0.051	2008	10	12
W	Rr	430	0.017	2008	10	05
W	Rr	723	0.028	2008	09	28
W	Rr	1308	0.051	2008	09	21
W	Rr	1242	0.049	2008	09	14
W	Rr	1409	0.055	2008	09	07
W	Rr	1142	0.045	2008	08	31
W	Rr	1022	0.040	2008	08	24
W	Rr	1062	0.042	2008	08	17
W	Rr	1188	0.047	2008	08	10
W	Rr	1232	0.048	2008	08	03
W	Rr	1050	0.041	2008	07	27
W	Rr	1272	0.050	2008	07	20
W	Rr	1305	0.051	2008	07	13
W	Rr	1093	0.043	2008	07	06
W	Rr	1182	0.046	2008	06	29
W	Rr	1937	0.076	2008	06	22
W	Rr	1493	0.059	2008	06	15
W	Rr	1083	0.043	2008	06	08
W	Rr	1283	0.050	2008	06	01
W	Rr	1432	0.056	2008	05	25
W	Rr	1726	0.068	2008	05	18
W	Rr	1580	0.062	2008	05	11
W	Rr	2661	0.105	2008	05	04
W	Rr	3648	0.143	2008	04	27
W	Rr	1400	0.055	2008	04	20
W	Rr	1365	0.054	2008	04	13
W	Rr	1213	0.048	2008	04	06
W	Rr	1670	0.066	2008	03	30
W	Rr	1211	0.048	2008	03	23
W	Rr	1144	0.045	2008	03	16
W	Rr	1301	0.051	2008	03	09
W	Rr	1292	0.051	2008	03	02
W	Rr	1427	0.056	2008	02	24
W	Rr	2207	0.087	2008	02	17
W	Rr	1124	0.044	2008	02	10
W	Rr	1561	0.061	2008	02	03
W	Rr	1533	0.060	2008	01	27
W	Rr	1389	0.055	2008	01	20
W	Rr	1133	0.045	2008	01	13
W	Rr	1404	0.055	2008	01	06
W	Rr	976	0.038	2007	12	30
W	Rr	801	0.031	2007	12	23
W	Rr	675	0.027	2007	12	16
W	*BT	R	26220	2024	01	28
D	Rr	147	0.006	2025	02	18
D	Rr	507	0.020	2025	02	17
D	Rr	694	0.027	2025	02	16
D	Rr	515	0.020	2025	02	15
D	Rr	1198	0.047	2025	02	14
D	Rr	1753	0.069	2025	02	13
D	Rr	2090	0.082	2025	02	12
D	Rr	1765	0.069	2025	02	11
D	Rr	936	0.037	2025	02	10
D	Rr	924	0.036	2025	02	09
D	Rr	2274	0.089	2025	02	08
D	Rr	2172	0.085	2025	02	07
D	Rr	2226	0.087	2025	02	06
D	Rr	2280	0.090	2025	02	05
D	Rr	2928	0.115	2025	02	04
D	Rr	2442	0.096	2025	02	03
D	Rr	1848	0.073	2025	02	02
D	Rr	1350	0.053	2025	02	01
D	Rr	2262	0.089	2025	01	31
D	Rr	3372	0.132	2025	01	30
D	Rr	1896	0.074	2025	01	29
D	Rr	2340	0.092	2025	01	28
D	Rr	3162	0.124	2025	01	27
D	Rr	3636	0.143	2025	01	26
D	Rr	2568	0.101	2025	01	25
D	Rr	3246	0.127	2025	01	24
D	Rr	3642	0.143	2025	01	23
D	Rr	2280	0.090	2025	01	22
D	Rr	2370	0.093	2025	01	21
D	Rr	1776	0.070	2025	01	20
D	Rr	2328	0.091	2025	01	19
D	Rr	1740	0.068	2025	01	18
D	Rr	2592	0.102	2025	01	17
D	Rr	1776	0.070	2025	01	16
D	Rr	2844	0.112	2025	01	15
D	Rr	4032	0.158	2025	01	14
D	Rr	2376	0.093	2025	01	13
D	Rr	3366	0.132	2025	01	12
D	Rr	2172	0.085	2025	01	11
D	Rr	2172	0.085	2025	01	10
D	Rr	2335	0.092	2025	01	09
D	Rr	2155	0.085	2025	01	08
D	*BT	R	9912	2024	01	29
d	Rr	307096	12.062	Sun
d	Rr	411371	16.158	Mon
d	Rr	407715	16.014	Tue
d	Rr	405036	15.909	Wed
d	Rr	394562	15.497	Thu
d	Rr	372770	14.641	Fri
d	Rr	247448	9.719	Sat
H	Rr	12	0.000	2025	02	18	05
H	Rr	2	0.000	2025	02	18	04
H	Rr	67	0.003	2025	02	18	03
H	Rr	42	0.002	2025	02	18	02
H	Rr	4	0.000	2025	02	18	01
H	Rr	20	0.001	2025	02	18	00
H	Rr	7	0.000	2025	02	17	23
H	Rr	21	0.001	2025	02	17	22
H	Rr	4	0.000	2025	02	17	21
H	Rr	74	0.003	2025	02	17	20
H	Rr	7	0.000	2025	02	17	19
H	Rr	8	0.000	2025	02	17	18
H	Rr	43	0.002	2025	02	17	17
H	Rr	38	0.001	2025	02	17	16
H	Rr	37	0.001	2025	02	17	15
H	Rr	11	0.000	2025	02	17	14
H	Rr	32	0.001	2025	02	17	13
H	Rr	3	0.000	2025	02	17	12
H	Rr	7	0.000	2025	02	17	11
H	Rr	2	0.000	2025	02	17	10
H	Rr	3	0.000	2025	02	17	09
H	Rr	5	0.000	2025	02	17	08
H	Rr	3	0.000	2025	02	17	07
H	Rr	2	0.000	2025	02	17	06
H	Rr	38	0.001	2025	02	17	05
H	Rr	70	0.003	2025	02	17	04
H	Rr	2	0.000	2025	02	17	03
H	Rr	4	0.000	2025	02	17	02
H	Rr	16	0.001	2025	02	17	01
H	Rr	70	0.003	2025	02	17	00
H	Rr	4	0.000	2025	02	16	23
H	Rr	10	0.000	2025	02	16	22
H	Rr	2	0.000	2025	02	16	21
H	Rr	12	0.000	2025	02	16	20
H	Rr	8	0.000	2025	02	16	19
H	Rr	86	0.003	2025	02	16	18
H	Rr	24	0.001	2025	02	16	17
H	Rr	74	0.003	2025	02	16	16
H	Rr	12	0.000	2025	02	16	15
H	Rr	8	0.000	2025	02	16	14
H	Rr	16	0.001	2025	02	16	13
H	Rr	12	0.000	2025	02	16	12
H	Rr	6	0.000	2025	02	16	11
H	Rr	8	0.000	2025	02	16	10
H	Rr	10	0.000	2025	02	16	09
H	Rr	162	0.006	2025	02	16	08
H	Rr	28	0.001	2025	02	16	07
H	Rr	4	0.000	2025	02	16	06
H	Rr	10	0.000	2025	02	16	05
H	Rr	76	0.003	2025	02	16	04
H	Rr	16	0.001	2025	02	16	03
H	Rr	22	0.001	2025	02	16	02
H	Rr	8	0.000	2025	02	16	01
H	Rr	76	0.003	2025	02	16	00
H	Rr	4	0.000	2025	02	15	23
H	Rr	10	0.000	2025	02	15	22
H	Rr	2	0.000	2025	02	15	21
H	Rr	12	0.000	2025	02	15	20
H	Rr	30	0.001	2025	02	15	19
H	Rr	12	0.000	2025	02	15	18
H	Rr	4	0.000	2025	02	15	17
H	Rr	4	0.000	2025	02	15	16
H	Rr	6	0.000	2025	02	15	15
H	Rr	6	0.000	2025	02	15	14
H	Rr	8	0.000	2025	02	15	13
H	Rr	12	0.000	2025	02	15	12
H	Rr	18	0.001	2025	02	15	11
H	Rr	20	0.001	2025	02	15	10
H	Rr	16	0.001	2025	02	15	09
H	Rr	2	0.000	2025	02	15	08
H	Rr	32	0.001	2025	02	15	07
H	Rr	2	0.000	2025	02	15	06
H	*BT	R	1638	2024	01	29	20
h	Rr	98066	3.852	00
h	Rr	90561	3.557	01
h	Rr	93500	3.672	02
h	Rr	106609	4.187	03
h	Rr	101187	3.974	04
h	Rr	99118	3.893	05
h	Rr	88427	3.473	06
h	Rr	88681	3.483	07
h	Rr	80252	3.152	08
h	Rr	79018	3.104	09
h	Rr	81880	3.216	10
h	Rr	86243	3.387	11
h	Rr	85595	3.362	12
h	Rr	90995	3.574	13
h	Rr	113868	4.472	14
h	Rr	130851	5.139	15
h	Rr	150086	5.895	16
h	Rr	140152	5.505	17
h	Rr	142538	5.599	18
h	Rr	132451	5.202	19
h	Rr	128333	5.041	20
h	Rr	119694	4.701	21
h	Rr	114016	4.478	22
h	Rr	103877	4.080	23
4	Rr	1	0.000	2025	02	18	05	45
4	Rr	0	0.000	2025	02	18	05	30
4	Rr	0	0.000	2025	02	18	05	15
4	Rr	11	0.000	2025	02	18	05	00
4	Rr	0	0.000	2025	02	18	04	45
4	Rr	2	0.000	2025	02	18	04	30
4	Rr	0	0.000	2025	02	18	04	15
4	Rr	0	0.000	2025	02	18	04	00
4	Rr	31	0.001	2025	02	18	03	45
4	Rr	0	0.000	2025	02	18	03	30
4	Rr	1	0.000	2025	02	18	03	15
4	Rr	35	0.001	2025	02	18	03	00
4	Rr	38	0.001	2025	02	18	02	45
4	Rr	2	0.000	2025	02	18	02	30
4	Rr	0	0.000	2025	02	18	02	15
4	Rr	2	0.000	2025	02	18	02	00
4	Rr	0	0.000	2025	02	18	01	45
4	Rr	1	0.000	2025	02	18	01	30
4	Rr	1	0.000	2025	02	18	01	15
4	Rr	2	0.000	2025	02	18	01	00
4	Rr	18	0.001	2025	02	18	00	45
4	Rr	1	0.000	2025	02	18	00	30
4	Rr	1	0.000	2025	02	18	00	15
4	Rr	0	0.000	2025	02	18	00	00
4	Rr	0	0.000	2025	02	17	23	45
4	Rr	2	0.000	2025	02	17	23	30
4	Rr	1	0.000	2025	02	17	23	15
4	Rr	4	0.000	2025	02	17	23	00
4	Rr	2	0.000	2025	02	17	22	45
4	Rr	18	0.001	2025	02	17	22	30
4	Rr	1	0.000	2025	02	17	22	15
4	Rr	0	0.000	2025	02	17	22	00
4	Rr	0	0.000	2025	02	17	21	45
4	Rr	2	0.000	2025	02	17	21	30
4	Rr	0	0.000	2025	02	17	21	15
4	Rr	2	0.000	2025	02	17	21	00
4	Rr	2	0.000	2025	02	17	20	45
4	Rr	1	0.000	2025	02	17	20	30
4	Rr	3	0.000	2025	02	17	20	15
4	Rr	68	0.003	2025	02	17	20	00
4	Rr	0	0.000	2025	02	17	19	45
4	Rr	1	0.000	2025	02	17	19	30
4	Rr	5	0.000	2025	02	17	19	15
4	Rr	1	0.000	2025	02	17	19	00
4	Rr	1	0.000	2025	02	17	18	45
4	Rr	1	0.000	2025	02	17	18	30
4	Rr	0	0.000	2025	02	17	18	15
4	Rr	6	0.000	2025	02	17	18	00
4	Rr	39	0.002	2025	02	17	17	45
4	Rr	1	0.000	2025	02	17	17	30
4	Rr	1	0.000	2025	02	17	17	15
4	Rr	2	0.000	2025	02	17	17	00
4	Rr	0	0.000	2025	02	17	16	45
4	Rr	2	0.000	2025	02	17	16	30
4	Rr	36	0.001	2025	02	17	16	15
4	Rr	0	0.000	2025	02	17	16	00
4	Rr	4	0.000	2025	02	17	15	45
4	Rr	32	0.001	2025	02	17	15	30
4	Rr	1	0.000	2025	02	17	15	15
4	Rr	0	0.000	2025	02	17	15	00
4	Rr	1	0.000	2025	02	17	14	45
4	Rr	1	0.000	2025	02	17	14	30
4	Rr	4	0.000	2025	02	17	14	15
4	Rr	5	0.000	2025	02	17	14	00
4	Rr	1	0.000	2025	02	17	13	45
4	Rr	1	0.000	2025	02	17	13	30
4	Rr	0	0.000	2025	02	17	13	15
4	Rr	30	0.001	2025	02	17	13	00
4	Rr	1	0.000	2025	02	17	12	45
4	Rr	0	0.000	2025	02	17	12	30
4	Rr	0	0.000	2025	02	17	12	15
4	Rr	2	0.000	2025	02	17	12	00
4	Rr	1	0.000	2025	02	17	11	45
4	Rr	5	0.000	2025	02	17	11	30
4	Rr	1	0.000	2025	02	17	11	15
4	Rr	0	0.000	2025	02	17	11	00
4	Rr	2	0.000	2025	02	17	10	45
4	Rr	0	0.000	2025	02	17	10	30
4	Rr	0	0.000	2025	02	17	10	15
4	Rr	0	0.000	2025	02	17	10	00
4	Rr	1	0.000	2025	02	17	09	45
4	Rr	1	0.000	2025	02	17	09	30
4	Rr	0	0.000	2025	02	17	09	15
4	Rr	1	0.000	2025	02	17	09	00
4	Rr	1	0.000	2025	02	17	08	45
4	Rr	0	0.000	2025	02	17	08	30
4	Rr	2	0.000	2025	02	17	08	15
4	Rr	2	0.000	2025	02	17	08	00
4	Rr	2	0.000	2025	02	17	07	45
4	Rr	1	0.000	2025	02	17	07	30
4	Rr	0	0.000	2025	02	17	07	15
4	Rr	0	0.000	2025	02	17	07	00
4	Rr	0	0.000	2025	02	17	06	45
4	Rr	0	0.000	2025	02	17	06	30
4	Rr	0	0.000	2025	02	17	06	15
4	Rr	2	0.000	2025	02	17	06	00
4	*BT	R	1092	2025	01	14	01	00
6	Rr	26470	1.040	00	00
6	Rr	23756	0.933	00	15
6	Rr	24869	0.977	00	30
6	Rr	22971	0.902	00	45
6	Rr	21513	0.845	01	00
6	Rr	22750	0.894	01	15
6	Rr	22077	0.867	01	30
6	Rr	24221	0.951	01	45
6	Rr	20798	0.817	02	00
6	Rr	26125	1.026	02	15
6	Rr	23289	0.915	02	30
6	Rr	23288	0.915	02	45
6	Rr	24149	0.949	03	00
6	Rr	24265	0.953	03	15
6	Rr	25428	0.999	03	30
6	Rr	32767	1.287	03	45
6	Rr	30465	1.197	04	00
6	Rr	21838	0.858	04	15
6	Rr	24207	0.951	04	30
6	Rr	24677	0.969	04	45
6	Rr	22237	0.873	05	00
6	Rr	25926	1.018	05	15
6	Rr	24281	0.954	05	30
6	Rr	26674	1.048	05	45
6	Rr	23544	0.925	06	00
6	Rr	21120	0.830	06	15
6	Rr	23680	0.930	06	30
6	Rr	20083	0.789	06	45
6	Rr	21734	0.854	07	00
6	Rr	23587	0.926	07	15
6	Rr	21730	0.853	07	30
6	Rr	21630	0.850	07	45
6	Rr	19450	0.764	08	00
6	Rr	20240	0.795	08	15
6	Rr	21799	0.856	08	30
6	Rr	18763	0.737	08	45
6	Rr	19659	0.772	09	00
6	Rr	19996	0.785	09	15
6	Rr	20662	0.812	09	30
6	Rr	18701	0.735	09	45
6	Rr	19315	0.759	10	00
6	Rr	19555	0.768	10	15
6	Rr	22099	0.868	10	30
6	Rr	20911	0.821	10	45
6	Rr	22252	0.874	11	00
6	Rr	22453	0.882	11	15
6	Rr	21131	0.830	11	30
6	Rr	20407	0.802	11	45
6	Rr	22230	0.873	12	00
6	Rr	20773	0.816	12	15
6	Rr	20579	0.808	12	30
6	Rr	22013	0.865	12	45
6	Rr	21902	0.860	13	00
6	Rr	22750	0.894	13	15
6	Rr	23376	0.918	13	30
6	Rr	22967	0.902	13	45
6	Rr	27385	1.076	14	00
6	Rr	29234	1.148	14	15
6	Rr	28378	1.115	14	30
6	Rr	28871	1.134	14	45
6	Rr	28436	1.117	15	00
6	Rr	30788	1.209	15	15
6	Rr	34635	1.360	15	30
6	Rr	36992	1.453	15	45
6	Rr	43446	1.706	16	00
6	Rr	35696	1.402	16	15
6	Rr	34748	1.365	16	30
6	Rr	36196	1.422	16	45
6	Rr	35772	1.405	17	00
6	Rr	34649	1.361	17	15
6	Rr	34604	1.359	17	30
6	Rr	35127	1.380	17	45
6	Rr	38199	1.500	18	00
6	Rr	32564	1.279	18	15
6	Rr	35195	1.382	18	30
6	Rr	36580	1.437	18	45
6	Rr	34927	1.372	19	00
6	Rr	30141	1.184	19	15
6	Rr	32237	1.266	19	30
6	Rr	35146	1.380	19	45
6	Rr	31975	1.256	20	00
6	Rr	32565	1.279	20	15
6	Rr	32667	1.283	20	30
6	Rr	31126	1.223	20	45
6	Rr	31392	1.233	21	00
6	Rr	30203	1.186	21	15
6	Rr	28690	1.127	21	30
6	Rr	29409	1.155	21	45
6	Rr	28161	1.106	22	00
6	Rr	29766	1.169	22	15
6	Rr	28674	1.126	22	30
6	Rr	27415	1.077	22	45
6	Rr	27748	1.090	23	00
6	Rr	29149	1.145	23	15
6	Rr	21454	0.843	23	30
6	Rr	25526	1.003	23	45
5	Rr	1	0.000	2025	02	18	05	50
5	Rr	0	0.000	2025	02	18	05	45
5	Rr	0	0.000	2025	02	18	05	40
5	Rr	0	0.000	2025	02	18	05	35
5	Rr	0	0.000	2025	02	18	05	30
5	Rr	0	0.000	2025	02	18	05	25
5	Rr	0	0.000	2025	02	18	05	20
5	Rr	0	0.000	2025	02	18	05	15
5	Rr	0	0.000	2025	02	18	05	10
5	Rr	3	0.000	2025	02	18	05	05
5	Rr	8	0.000	2025	02	18	05	00
5	Rr	0	0.000	2025	02	18	04	55
5	Rr	0	0.000	2025	02	18	04	50
5	Rr	0	0.000	2025	02	18	04	45
5	Rr	1	0.000	2025	02	18	04	40
5	Rr	1	0.000	2025	02	18	04	35
5	Rr	0	0.000	2025	02	18	04	30
5	Rr	0	0.000	2025	02	18	04	25
5	Rr	0	0.000	2025	02	18	04	20
5	Rr	0	0.000	2025	02	18	04	15
5	Rr	0	0.000	2025	02	18	04	10
5	Rr	0	0.000	2025	02	18	04	05
5	Rr	0	0.000	2025	02	18	04	00
5	Rr	0	0.000	2025	02	18	03	55
5	Rr	0	0.000	2025	02	18	03	50
5	Rr	31	0.001	2025	02	18	03	45
5	Rr	0	0.000	2025	02	18	03	40
5	Rr	0	0.000	2025	02	18	03	35
5	Rr	0	0.000	2025	02	18	03	30
5	Rr	0	0.000	2025	02	18	03	25
5	Rr	0	0.000	2025	02	18	03	20
5	Rr	1	0.000	2025	02	18	03	15
5	Rr	0	0.000	2025	02	18	03	10
5	Rr	35	0.001	2025	02	18	03	05
5	Rr	0	0.000	2025	02	18	03	00
5	Rr	36	0.001	2025	02	18	02	55
5	Rr	0	0.000	2025	02	18	02	50
5	Rr	2	0.000	2025	02	18	02	45
5	Rr	1	0.000	2025	02	18	02	40
5	Rr	0	0.000	2025	02	18	02	35
5	Rr	1	0.000	2025	02	18	02	30
5	Rr	0	0.000	2025	02	18	02	25
5	Rr	0	0.000	2025	02	18	02	20
5	Rr	0	0.000	2025	02	18	02	15
5	Rr	0	0.000	2025	02	18	02	10
5	Rr	1	0.000	2025	02	18	02	05
5	Rr	1	0.000	2025	02	18	02	00
5	Rr	0	0.000	2025	02	18	01	55
5	Rr	0	0.000	2025	02	18	01	50
5	Rr	0	0.000	2025	02	18	01	45
5	Rr	1	0.000	2025	02	18	01	40
5	Rr	0	0.000	2025	02	18	01	35
5	Rr	0	0.000	2025	02	18	01	30
5	Rr	1	0.000	2025	02	18	01	25
5	Rr	0	0.000	2025	02	18	01	20
5	Rr	0	0.000	2025	02	18	01	15
5	Rr	0	0.000	2025	02	18	01	10
5	Rr	2	0.000	2025	02	18	01	05
5	Rr	0	0.000	2025	02	18	01	00
5	Rr	0	0.000	2025	02	18	00	55
5	Rr	1	0.000	2025	02	18	00	50
5	Rr	17	0.001	2025	02	18	00	45
5	Rr	0	0.000	2025	02	18	00	40
5	Rr	0	0.000	2025	02	18	00	35
5	Rr	1	0.000	2025	02	18	00	30
5	Rr	0	0.000	2025	02	18	00	25
5	Rr	1	0.000	2025	02	18	00	20
5	Rr	0	0.000	2025	02	18	00	15
5	Rr	0	0.000	2025	02	18	00	10
5	Rr	0	0.000	2025	02	18	00	05
5	Rr	0	0.000	2025	02	18	00	00
5	Rr	0	0.000	2025	02	17	23	55
5	Rr	0	0.000	2025	02	17	23	50
5	Rr	0	0.000	2025	02	17	23	45
5	Rr	2	0.000	2025	02	17	23	40
5	Rr	0	0.000	2025	02	17	23	35
5	Rr	0	0.000	2025	02	17	23	30
5	Rr	0	0.000	2025	02	17	23	25
5	Rr	0	0.000	2025	02	17	23	20
5	Rr	1	0.000	2025	02	17	23	15
5	Rr	4	0.000	2025	02	17	23	10
5	Rr	0	0.000	2025	02	17	23	05
5	Rr	0	0.000	2025	02	17	23	00
5	Rr	0	0.000	2025	02	17	22	55
5	Rr	0	0.000	2025	02	17	22	50
5	Rr	2	0.000	2025	02	17	22	45
5	Rr	18	0.001	2025	02	17	22	40
5	Rr	0	0.000	2025	02	17	22	35
5	Rr	0	0.000	2025	02	17	22	30
5	Rr	1	0.000	2025	02	17	22	25
5	Rr	0	0.000	2025	02	17	22	20
5	Rr	0	0.000	2025	02	17	22	15
5	Rr	0	0.000	2025	02	17	22	10
5	Rr	0	0.000	2025	02	17	22	05
5	Rr	0	0.000	2025	02	17	22	00
5	Rr	0	0.000	2025	02	17	21	55
5	Rr	0	0.000	2025	02	17	21	50
5	Rr	0	0.000	2025	02	17	21	45
5	Rr	0	0.000	2025	02	17	21	40
5	Rr	0	0.000	2025	02	17	21	35
5	Rr	2	0.000	2025	02	17	21	30
5	Rr	0	0.000	2025	02	17	21	25
5	Rr	0	0.000	2025	02	17	21	20
5	Rr	0	0.000	2025	02	17	21	15
5	Rr	0	0.000	2025	02	17	21	10
5	Rr	0	0.000	2025	02	17	21	05
5	Rr	2	0.000	2025	02	17	21	00
5	Rr	2	0.000	2025	02	17	20	55
5	Rr	0	0.000	2025	02	17	20	50
5	Rr	0	0.000	2025	02	17	20	45
5	Rr	0	0.000	2025	02	17	20	40
5	Rr	0	0.000	2025	02	17	20	35
5	Rr	1	0.000	2025	02	17	20	30
5	Rr	2	0.000	2025	02	17	20	25
5	Rr	0	0.000	2025	02	17	20	20
5	Rr	1	0.000	2025	02	17	20	15
5	Rr	13	0.001	2025	02	17	20	10
5	Rr	33	0.001	2025	02	17	20	05
5	Rr	22	0.001	2025	02	17	20	00
5	Rr	0	0.000	2025	02	17	19	55
5	Rr	0	0.000	2025	02	17	19	50
5	Rr	0	0.000	2025	02	17	19	45
5	Rr	1	0.000	2025	02	17	19	40
5	Rr	0	0.000	2025	02	17	19	35
5	Rr	0	0.000	2025	02	17	19	30
5	Rr	0	0.000	2025	02	17	19	25
5	Rr	1	0.000	2025	02	17	19	20
5	Rr	4	0.000	2025	02	17	19	15
5	Rr	0	0.000	2025	02	17	19	10
5	Rr	1	0.000	2025	02	17	19	05
5	Rr	0	0.000	2025	02	17	19	00
5	Rr	1	0.000	2025	02	17	18	55
5	Rr	0	0.000	2025	02	17	18	50
5	Rr	0	0.000	2025	02	17	18	45
5	Rr	0	0.000	2025	02	17	18	40
5	Rr	1	0.000	2025	02	17	18	35
5	Rr	0	0.000	2025	02	17	18	30
5	Rr	0	0.000	2025	02	17	18	25
5	Rr	0	0.000	2025	02	17	18	20
5	Rr	0	0.000	2025	02	17	18	15
5	Rr	1	0.000	2025	02	17	18	10
5	Rr	5	0.000	2025	02	17	18	05
5	Rr	0	0.000	2025	02	17	18	00
5	Rr	35	0.001	2025	02	17	17	55
5	Rr	4	0.000	2025	02	17	17	50
5	Rr	0	0.000	2025	02	17	17	45
5	Rr	0	0.000	2025	02	17	17	40
5	Rr	0	0.000	2025	02	17	17	35
5	Rr	1	0.000	2025	02	17	17	30
5	Rr	1	0.000	2025	02	17	17	25
5	Rr	0	0.000	2025	02	17	17	20
5	Rr	0	0.000	2025	02	17	17	15
5	Rr	2	0.000	2025	02	17	17	10
5	Rr	0	0.000	2025	02	17	17	05
5	Rr	0	0.000	2025	02	17	17	00
5	Rr	0	0.000	2025	02	17	16	55
5	Rr	0	0.000	2025	02	17	16	50
5	Rr	0	0.000	2025	02	17	16	45
5	Rr	0	0.000	2025	02	17	16	40
5	Rr	0	0.000	2025	02	17	16	35
5	Rr	2	0.000	2025	02	17	16	30
5	Rr	0	0.000	2025	02	17	16	25
5	Rr	0	0.000	2025	02	17	16	20
5	Rr	36	0.001	2025	02	17	16	15
5	Rr	0	0.000	2025	02	17	16	10
5	Rr	0	0.000	2025	02	17	16	05
5	Rr	0	0.000	2025	02	17	16	00
5	Rr	0	0.000	2025	02	17	15	55
5	Rr	0	0.000	2025	02	17	15	50
5	Rr	4	0.000	2025	02	17	15	45
5	Rr	31	0.001	2025	02	17	15	40
5	Rr	1	0.000	2025	02	17	15	35
5	Rr	0	0.000	2025	02	17	15	30
5	Rr	1	0.000	2025	02	17	15	25
5	Rr	0	0.000	2025	02	17	15	20
5	Rr	0	0.000	2025	02	17	15	15
5	Rr	0	0.000	2025	02	17	15	10
5	Rr	0	0.000	2025	02	17	15	05
5	Rr	0	0.000	2025	02	17	15	00
5	Rr	0	0.000	2025	02	17	14	55
5	Rr	0	0.000	2025	02	17	14	50
5	Rr	1	0.000	2025	02	17	14	45
5	Rr	1	0.000	2025	02	17	14	40
5	Rr	0	0.000	2025	02	17	14	35
5	Rr	0	0.000	2025	02	17	14	30
5	Rr	0	0.000	2025	02	17	14	25
5	Rr	4	0.000	2025	02	17	14	20
5	Rr	0	0.000	2025	02	17	14	15
5	Rr	5	0.000	2025	02	17	14	10
5	Rr	0	0.000	2025	02	17	14	05
5	Rr	0	0.000	2025	02	17	14	00
5	Rr	0	0.000	2025	02	17	13	55
5	Rr	0	0.000	2025	02	17	13	50
5	Rr	1	0.000	2025	02	17	13	45
5	Rr	0	0.000	2025	02	17	13	40
5	Rr	0	0.000	2025	02	17	13	35
5	Rr	1	0.000	2025	02	17	13	30
5	Rr	0	0.000	2025	02	17	13	25
5	Rr	0	0.000	2025	02	17	13	20
5	Rr	0	0.000	2025	02	17	13	15
5	Rr	1	0.000	2025	02	17	13	10
5	Rr	20	0.001	2025	02	17	13	05
5	Rr	9	0.000	2025	02	17	13	00
5	Rr	1	0.000	2025	02	17	12	55
5	Rr	0	0.000	2025	02	17	12	50
5	Rr	0	0.000	2025	02	17	12	45
5	Rr	0	0.000	2025	02	17	12	40
5	Rr	0	0.000	2025	02	17	12	35
5	Rr	0	0.000	2025	02	17	12	30
5	Rr	0	0.000	2025	02	17	12	25
5	Rr	0	0.000	2025	02	17	12	20
5	Rr	0	0.000	2025	02	17	12	15
5	Rr	1	0.000	2025	02	17	12	10
5	Rr	0	0.000	2025	02	17	12	05
5	Rr	1	0.000	2025	02	17	12	00
5	Rr	0	0.000	2025	02	17	11	55
5	Rr	1	0.000	2025	02	17	11	50
5	Rr	0	0.000	2025	02	17	11	45
5	Rr	0	0.000	2025	02	17	11	40
5	Rr	3	0.000	2025	02	17	11	35
5	Rr	2	0.000	2025	02	17	11	30
5	Rr	0	0.000	2025	02	17	11	25
5	Rr	1	0.000	2025	02	17	11	20
5	Rr	0	0.000	2025	02	17	11	15
5	Rr	0	0.000	2025	02	17	11	10
5	Rr	0	0.000	2025	02	17	11	05
5	Rr	0	0.000	2025	02	17	11	00
5	Rr	1	0.000	2025	02	17	10	55
5	Rr	0	0.000	2025	02	17	10	50
5	Rr	1	0.000	2025	02	17	10	45
5	Rr	0	0.000	2025	02	17	10	40
5	Rr	0	0.000	2025	02	17	10	35
5	Rr	0	0.000	2025	02	17	10	30
5	Rr	0	0.000	2025	02	17	10	25
5	Rr	0	0.000	2025	02	17	10	20
5	Rr	0	0.000	2025	02	17	10	15
5	Rr	0	0.000	2025	02	17	10	10
5	Rr	0	0.000	2025	02	17	10	05
5	Rr	0	0.000	2025	02	17	10	00
5	Rr	0	0.000	2025	02	17	09	55
5	Rr	1	0.000	2025	02	17	09	50
5	Rr	0	0.000	2025	02	17	09	45
5	Rr	0	0.000	2025	02	17	09	40
5	Rr	1	0.000	2025	02	17	09	35
5	Rr	0	0.000	2025	02	17	09	30
5	Rr	0	0.000	2025	02	17	09	25
5	Rr	0	0.000	2025	02	17	09	20
5	Rr	0	0.000	2025	02	17	09	15
5	Rr	0	0.000	2025	02	17	09	10
5	Rr	1	0.000	2025	02	17	09	05
5	Rr	0	0.000	2025	02	17	09	00
5	Rr	0	0.000	2025	02	17	08	55
5	Rr	0	0.000	2025	02	17	08	50
5	Rr	1	0.000	2025	02	17	08	45
5	Rr	0	0.000	2025	02	17	08	40
5	Rr	0	0.000	2025	02	17	08	35
5	Rr	0	0.000	2025	02	17	08	30
5	Rr	0	0.000	2025	02	17	08	25
5	Rr	0	0.000	2025	02	17	08	20
5	Rr	2	0.000	2025	02	17	08	15
5	Rr	0	0.000	2025	02	17	08	10
5	Rr	0	0.000	2025	02	17	08	05
5	Rr	2	0.000	2025	02	17	08	00
5	Rr	0	0.000	2025	02	17	07	55
5	Rr	0	0.000	2025	02	17	07	50
5	Rr	2	0.000	2025	02	17	07	45
5	Rr	1	0.000	2025	02	17	07	40
5	Rr	0	0.000	2025	02	17	07	35
5	Rr	0	0.000	2025	02	17	07	30
5	Rr	0	0.000	2025	02	17	07	25
5	Rr	0	0.000	2025	02	17	07	20
5	Rr	0	0.000	2025	02	17	07	15
5	Rr	0	0.000	2025	02	17	07	10
5	Rr	0	0.000	2025	02	17	07	05
5	Rr	0	0.000	2025	02	17	07	00
5	Rr	0	0.000	2025	02	17	06	55
5	Rr	0	0.000	2025	02	17	06	50
5	Rr	0	0.000	2025	02	17	06	45
5	Rr	0	0.000	2025	02	17	06	40
5	Rr	0	0.000	2025	02	17	06	35
5	Rr	0	0.000	2025	02	17	06	30
5	Rr	0	0.000	2025	02	17	06	25
5	Rr	0	0.000	2025	02	17	06	20
5	Rr	0	0.000	2025	02	17	06	15
5	Rr	1	0.000	2025	02	17	06	10
5	Rr	1	0.000	2025	02	17	06	05
5	Rr	0	0.000	2025	02	17	06	00
5	Rr	0	0.000	2025	02	17	05	55
5	*BT	R	1092	2025	01	14	01	05
7	Rr	8490	0.333	00	00
7	Rr	8492	0.334	00	05
7	Rr	9488	0.373	00	10
7	Rr	6101	0.240	00	15
7	Rr	7369	0.289	00	20
7	Rr	10286	0.404	00	25
7	Rr	8222	0.323	00	30
7	Rr	8932	0.351	00	35
7	Rr	7715	0.303	00	40
7	Rr	7326	0.288	00	45
7	Rr	7444	0.292	00	50
7	Rr	8201	0.322	00	55
7	Rr	6877	0.270	01	00
7	Rr	7954	0.312	01	05
7	Rr	6682	0.262	01	10
7	Rr	7373	0.290	01	15
7	Rr	8324	0.327	01	20
7	Rr	7053	0.277	01	25
7	Rr	7317	0.287	01	30
7	Rr	7030	0.276	01	35
7	Rr	7730	0.304	01	40
7	Rr	7569	0.297	01	45
7	Rr	9234	0.363	01	50
7	Rr	7418	0.291	01	55
7	Rr	6753	0.265	02	00
7	Rr	7500	0.295	02	05
7	Rr	6545	0.257	02	10
7	Rr	9071	0.356	02	15
7	Rr	7858	0.309	02	20
7	Rr	9196	0.361	02	25
7	Rr	8369	0.329	02	30
7	Rr	6867	0.270	02	35
7	Rr	8053	0.316	02	40
7	Rr	7801	0.306	02	45
7	Rr	7567	0.297	02	50
7	Rr	7920	0.311	02	55
7	Rr	8984	0.353	03	00
7	Rr	6929	0.272	03	05
7	Rr	8236	0.323	03	10
7	Rr	8007	0.314	03	15
7	Rr	7432	0.292	03	20
7	Rr	8826	0.347	03	25
7	Rr	8722	0.343	03	30
7	Rr	7625	0.299	03	35
7	Rr	9081	0.357	03	40
7	Rr	8539	0.335	03	45
7	Rr	11858	0.466	03	50
7	Rr	12370	0.486	03	55
7	Rr	11978	0.470	04	00
7	Rr	9750	0.383	04	05
7	Rr	8737	0.343	04	10
7	Rr	7776	0.305	04	15
7	Rr	6763	0.266	04	20
7	Rr	7299	0.287	04	25
7	Rr	7678	0.302	04	30
7	Rr	7876	0.309	04	35
7	Rr	8653	0.340	04	40
7	Rr	8172	0.321	04	45
7	Rr	8467	0.333	04	50
7	Rr	8038	0.316	04	55
7	Rr	8073	0.317	05	00
7	Rr	6918	0.272	05	05
7	Rr	7246	0.285	05	10
7	Rr	9490	0.373	05	15
7	Rr	8151	0.320	05	20
7	Rr	8285	0.325	05	25
7	Rr	6894	0.271	05	30
7	Rr	8665	0.340	05	35
7	Rr	8722	0.343	05	40
7	Rr	9918	0.390	05	45
7	Rr	8708	0.342	05	50
7	Rr	8048	0.316	05	55
7	Rr	7234	0.284	06	00
7	Rr	8775	0.345	06	05
7	Rr	7535	0.296	06	10
7	Rr	7781	0.306	06	15
7	Rr	5719	0.225	06	20
7	Rr	7620	0.299	06	25
7	Rr	8229	0.323	06	30
7	Rr	8013	0.315	06	35
7	Rr	7438	0.292	06	40
7	Rr	7101	0.279	06	45
7	Rr	6898	0.271	06	50
7	Rr	6084	0.239	06	55
7	Rr	8729	0.343	07	00
7	Rr	6345	0.249	07	05
7	Rr	6660	0.262	07	10
7	Rr	7297	0.287	07	15
7	Rr	7741	0.304	07	20
7	Rr	8549	0.336	07	25
7	Rr	8709	0.342	07	30
7	Rr	6657	0.261	07	35
7	Rr	6364	0.250	07	40
7	Rr	9377	0.368	07	45
7	Rr	5496	0.216	07	50
7	Rr	6757	0.265	07	55
7	Rr	6364	0.250	08	00
7	Rr	6087	0.239	08	05
7	Rr	6999	0.275	08	10
7	Rr	6496	0.255	08	15
7	Rr	6720	0.264	08	20
7	Rr	7024	0.276	08	25
7	Rr	6625	0.260	08	30
7	Rr	7060	0.277	08	35
7	Rr	8114	0.319	08	40
7	Rr	6848	0.269	08	45
7	Rr	5798	0.228	08	50
7	Rr	6117	0.240	08	55
7	Rr	6189	0.243	09	00
7	Rr	6783	0.266	09	05
7	Rr	6687	0.263	09	10
7	Rr	5532	0.217	09	15
7	Rr	6348	0.249	09	20
7	Rr	8116	0.319	09	25
7	Rr	6441	0.253	09	30
7	Rr	7154	0.281	09	35
7	Rr	7067	0.278	09	40
7	Rr	7397	0.291	09	45
7	Rr	5676	0.223	09	50
7	Rr	5628	0.221	09	55
7	Rr	6789	0.267	10	00
7	Rr	5886	0.231	10	05
7	Rr	6640	0.261	10	10
7	Rr	6258	0.246	10	15
7	Rr	6489	0.255	10	20
7	Rr	6808	0.267	10	25
7	Rr	7166	0.281	10	30
7	Rr	7431	0.292	10	35
7	Rr	7502	0.295	10	40
7	Rr	6888	0.271	10	45
7	Rr	7621	0.299	10	50
7	Rr	6402	0.251	10	55
7	Rr	8420	0.331	11	00
7	Rr	6913	0.272	11	05
7	Rr	6919	0.272	11	10
7	Rr	6854	0.269	11	15
7	Rr	7310	0.287	11	20
7	Rr	8289	0.326	11	25
7	Rr	8001	0.314	11	30
7	Rr	6254	0.246	11	35
7	Rr	6876	0.270	11	40
7	Rr	6657	0.261	11	45
7	Rr	6970	0.274	11	50
7	Rr	6780	0.266	11	55
7	Rr	6923	0.272	12	00
7	Rr	7532	0.296	12	05
7	Rr	7775	0.305	12	10
7	Rr	7496	0.294	12	15
7	Rr	6625	0.260	12	20
7	Rr	6652	0.261	12	25
7	Rr	7469	0.293	12	30
7	Rr	6694	0.263	12	35
7	Rr	6416	0.252	12	40
7	Rr	6428	0.252	12	45
7	Rr	8027	0.315	12	50
7	Rr	7558	0.297	12	55
7	Rr	7787	0.306	13	00
7	Rr	6608	0.260	13	05
7	Rr	7507	0.295	13	10
7	Rr	7679	0.302	13	15
7	Rr	7598	0.298	13	20
7	Rr	7473	0.294	13	25
7	Rr	7504	0.295	13	30
7	Rr	7617	0.299	13	35
7	Rr	8255	0.324	13	40
7	Rr	7170	0.282	13	45
7	Rr	8446	0.332	13	50
7	Rr	7351	0.289	13	55
7	Rr	10089	0.396	14	00
7	Rr	8745	0.343	14	05
7	Rr	8551	0.336	14	10
7	Rr	9601	0.377	14	15
7	Rr	10225	0.402	14	20
7	Rr	9408	0.370	14	25
7	Rr	9019	0.354	14	30
7	Rr	9751	0.383	14	35
7	Rr	9608	0.377	14	40
7	Rr	9521	0.374	14	45
7	Rr	8897	0.349	14	50
7	Rr	10453	0.411	14	55
7	Rr	9745	0.383	15	00
7	Rr	8724	0.343	15	05
7	Rr	9967	0.391	15	10
7	Rr	8751	0.344	15	15
7	Rr	12198	0.479	15	20
7	Rr	9839	0.386	15	25
7	Rr	11938	0.469	15	30
7	Rr	10637	0.418	15	35
7	Rr	12060	0.474	15	40
7	Rr	8511	0.334	15	45
7	Rr	10943	0.430	15	50
7	Rr	17538	0.689	15	55
7	Rr	15832	0.622	16	00
7	Rr	13662	0.537	16	05
7	Rr	13952	0.548	16	10
7	Rr	11922	0.468	16	15
7	Rr	11631	0.457	16	20
7	Rr	12143	0.477	16	25
7	Rr	11162	0.438	16	30
7	Rr	11239	0.441	16	35
7	Rr	12347	0.485	16	40
7	Rr	12919	0.507	16	45
7	Rr	12190	0.479	16	50
7	Rr	11087	0.435	16	55
7	Rr	12131	0.476	17	00
7	Rr	12879	0.506	17	05
7	Rr	10762	0.423	17	10
7	Rr	12298	0.483	17	15
7	Rr	11389	0.447	17	20
7	Rr	10962	0.431	17	25
7	Rr	11240	0.441	17	30
7	Rr	11930	0.469	17	35
7	Rr	11434	0.449	17	40
7	Rr	11857	0.466	17	45
7	Rr	11658	0.458	17	50
7	Rr	11612	0.456	17	55
7	Rr	14107	0.554	18	00
7	Rr	13060	0.513	18	05
7	Rr	11032	0.433	18	10
7	Rr	11363	0.446	18	15
7	Rr	10949	0.430	18	20
7	Rr	10252	0.403	18	25
7	Rr	12142	0.477	18	30
7	Rr	9991	0.392	18	35
7	Rr	13062	0.513	18	40
7	Rr	11067	0.435	18	45
7	Rr	13401	0.526	18	50
7	Rr	12112	0.476	18	55
7	Rr	11940	0.469	19	00
7	Rr	10709	0.421	19	05
7	Rr	12278	0.482	19	10
7	Rr	9904	0.389	19	15
7	Rr	10089	0.396	19	20
7	Rr	10148	0.399	19	25
7	Rr	10612	0.417	19	30
7	Rr	11979	0.471	19	35
7	Rr	9646	0.379	19	40
7	Rr	11937	0.469	19	45
7	Rr	10710	0.421	19	50
7	Rr	12499	0.491	19	55
7	Rr	11884	0.467	20	00
7	Rr	10040	0.394	20	05
7	Rr	10051	0.395	20	10
7	Rr	9458	0.371	20	15
7	Rr	11701	0.460	20	20
7	Rr	11406	0.448	20	25
7	Rr	11215	0.440	20	30
7	Rr	11887	0.467	20	35
7	Rr	9565	0.376	20	40
7	Rr	11017	0.433	20	45
7	Rr	11247	0.442	20	50
7	Rr	8862	0.348	20	55
7	Rr	10063	0.395	21	00
7	Rr	10347	0.406	21	05
7	Rr	10982	0.431	21	10
7	Rr	10325	0.406	21	15
7	Rr	10076	0.396	21	20
7	Rr	9802	0.385	21	25
7	Rr	9917	0.390	21	30
7	Rr	9586	0.377	21	35
7	Rr	9187	0.361	21	40
7	Rr	11242	0.442	21	45
7	Rr	10013	0.393	21	50
7	Rr	8154	0.320	21	55
7	Rr	9623	0.378	22	00
7	Rr	8401	0.330	22	05
7	Rr	10137	0.398	22	10
7	Rr	10057	0.395	22	15
7	Rr	10190	0.400	22	20
7	Rr	9519	0.374	22	25
7	Rr	10732	0.422	22	30
7	Rr	9372	0.368	22	35
7	Rr	8570	0.337	22	40
7	Rr	9550	0.375	22	45
7	Rr	8863	0.348	22	50
7	Rr	9002	0.354	22	55
7	Rr	9124	0.358	23	00
7	Rr	8675	0.341	23	05
7	Rr	9949	0.391	23	10
7	Rr	9410	0.370	23	15
7	Rr	11629	0.457	23	20
7	Rr	8110	0.319	23	25
7	Rr	7305	0.287	23	30
7	Rr	6358	0.250	23	35
7	Rr	7791	0.306	23	40
7	Rr	7950	0.312	23	45
7	Rr	9126	0.358	23	50
7	Rr	8450	0.332	23	55
o	*f	0R	r
o	lRQ	1	2545998	362173936	[unresolved numerical addresses]
Z	*f	-20R	r
Z	lRb	1	133270	2.566	66.249
Z	lRb	1	90800	1.794	34
Z	lRb	1	87307	3.582	98
Z	lRb	1	70708	2.524	51
Z	lRb	1	66890	2.025	35
Z	lRb	1	58096	0.003	205.254
Z	lRb	1	47847	1.401	69
Z	lRb	1	45921	1.170	104
Z	lRb	1	43817	2.897	54
Z	lRb	1	41614	0.000	216.147
Z	lRb	1	41133	0.506	49
Z	lRb	1	35237	2.331	40
Z	lRb	1	35217	0.734	47
Z	lRb	1	34544	1.032	52
Z	lRb	1	33972	0.945	123
Z	lRb	1	33416	0.001	66.9
Z	lRb	1	29533	0.344	45
Z	lRb	1	29022	1.160	76
Z	lRb	1	27067	2.469	157.55
Z	lRb	1	27015	0.641	46
Z	lRb	1	1533572	71.874	[not listed: 9534]
S	*f	-50P	r
S	Rb	9523	0.003	66.249.66.195
S	Rb	8842	0.000	66.249.66.196
S	Rb	7248	0.000	66.249.66.197
S	Rb	6424	0.000	66.249.66.72
S	Rb	5348	0.222	216.244.66.229
S	Rb	5335	0.000	66.249.66.73
S	Rb	5153	0.001	66.249.66.74
S	Rb	4702	0.294	14.33.246.211
S	Rb	4429	0.027	162.55.85.223
S	Rb	4313	0.107	68.66.226.98
S	Rb	3517	0.000	66.249.66.166
S	Rb	3383	0.097	51.222.253.16
S	Rb	3365	0.120	51.222.253.7
S	Rb	3248	0.184	192.99.15.146
S	Rb	3189	0.121	51.222.253.1
S	Rb	3180	0.121	51.222.253.18
S	Rb	3171	0.106	51.222.253.6
S	Rb	3130	0.107	51.222.253.14
S	Rb	3123	0.117	51.222.253.5
S	Rb	2648	0.076	40.88.21.235
S	Rb	2542	0.020	49.7.20.111
S	Rb	2489	0.009	49.7.20.105
S	Rb	2232	0.000	66.249.66.164
S	Rb	2216	0.000	82.16.45.40
S	Rb	2129	0.009	78.129.149.5
S	Rb	2091	0.000	66.249.66.165
S	Rb	1992	0.051	66.249.75.109
S	Rb	1829	0.111	37.59.14.116
S	Rb	1783	0.014	52.35.20.1
S	Rb	1781	0.161	75.98.173.33
S	Rb	1736	0.215	79.125.27.96
S	Rb	1703	0.028	212.99.44.81
S	Rb	1597	0.097	78.155.138.20
S	Rb	1566	0.000	62.194.247.203
S	Rb	1543	0.055	199.21.99.79
S	Rb	1534	0.016	52.35.117.102
S	Rb	1467	0.000	49.7.20.135
S	Rb	1459	0.008	92.249.127.111
S	Rb	1373	0.003	34.73.206.133
S	Rb	1352	0.045	49.7.20.102
S	Rb	1330	0.014	109.102.111.58
S	Rb	1304	0.144	5.196.13.127
S	Rb	1285	0.033	144.76.27.118
S	Rb	1276	0.089	208.115.113.82
S	Rb	1270	0.048	95.108.248.29
S	Rb	1206	0.011	195.191.219.132
S	Rb	1199	0.000	35.196.21.185
S	Rb	1188	0.009	195.191.219.131
S	Rb	1155	0.173	75.98.173.84
S	Rb	1142	0.001	91.207.9.226
S	Rb	2403958	96.933	[not listed: 122871]
s	*FR	2013	12	18	21	53
s	*LR	2025	02	18	05	05
s	*f	-20R	s
s	lRS	1	842333	879	http://www.gtaeronautics.com/
s	lRS	1	294394	534	http://gtaeronautics.com/
s	lRS	1	14107	12	https://www.google.com/
s	lRS	1	1969	4	http://www.google.com/
s	lRS	1	405	2	https://www.thomasnet.com/
s	lRS	1	473	1	https://www.griffinarchitectspa.com/
s	lRS	1	1407	0	http://www.baidu.com/
s	lRS	1	1281	0	https://m.baidu.com/
s	lRS	1	1159	0	http://www.trainingindustry.com/
s	lRS	1	783	0	https://www.bing.com/
s	lRS	1	613	0	https://quark.sm.cn/
s	lRS	1	609	0	http://www.mfgpages.com/
s	lRS	1	604	0	http://www.openfos.com/
s	lRS	1	580	0	http://baidu.com/
s	lRS	1	517	0	http://www.topicway.com/
s	lRS	1	482	0	https://google.com/
s	lRS	1	462	0	http://anti-crisis-seo.com/
s	lRS	1	420	0	http://122.144.179.12/
s	lRS	1	395	0	http://uptime.com/
s	lRS	1	362	0	http://semalt.semalt.com/
s	lRS	1	53262	7	[not listed: 4474]
f	*FR	2013	12	18	21	53
f	*LR	2025	02	18	05	05
f	*f	-30R	s
f	lRS	1	646155	741	http://www.gtaeronautics.com/
f	lRS	1	74635	321	http://gtaeronautics.com/CompNews.html
f	lRS	1	141450	161	http://gtaeronautics.com/
f	lRS	1	9176	30	http://www.gtaeronautics.com/CompNews.html
f	lRS	1	27712	23	http://www.gtaeronautics.com/aboutus.html
f	lRS	1	9328	19	http://www.gtaeronautics.com/contactus.html
f	lRS	1	4316	15	http://www.gtaeronautics.com/consultinga.html
f	lRS	1	13214	11	https://www.google.com/
f	lRS	1	8501	10	http://www.gtaeronautics.com/GT380 RPAS.html
f	lRS	1	5118	9	http://www.gtaeronautics.com/IndNews.html
f	lRS	1	6905	8	http://www.gtaeronautics.com/SRU.html
f	lRS	1	7092	7	http://gtaeronautics.com/contactus.html
f	lRS	1	5978	5	http://gtaeronautics.com/index.html
f	lRS	1	4388	4	http://gtaeronautics.com/ConsultingA.html
f	lRS	1	23742	2	http://gtaeronautics.com/links.html
f	lRS	1	5925	2	http://gtaeronautics.com/aboutus.html
f	lRS	1	4356	2	http://gtaeronautics.com/CCT&M.html
f	lRS	1	23054	0	http://www.gtaeronautics.com/index.html
f	lRS	1	13702	0	http://www.gtaeronautics.com/CCT&M.html
f	lRS	1	12220	0	http://www.gtaeronautics.com/UASFC.html
f	lRS	1	8969	0	http://www.gtaeronautics.com/ConsultingA.html
f	lRS	1	8186	0	http://www.gtaeronautics.com/compnews.html
f	lRS	1	6363	0	http://www.gtaeronautics.com/GT50T RPAS.html
f	lRS	1	6283	0	http://gtaeronautics.com/IndNews.html
f	lRS	1	6092	0	http://www.gtaeronautics.com/GT1500 RPAS.html
f	lRS	1	5837	0	http://www.gtaeronautics.com/RD.html
f	lRS	1	5695	0	http://www.gtaeronautics.com/pna.html
f	lRS	1	4788	0	http://www.gtaeronautics.com/GT100HL RPAS.html
f	lRS	1	4263	0	http://www.gtaeronautics.com/CFMT.html
f	lRS	1	3144	0	http://www.gtaeronautics.com/uasfc.html
f	lRS	1	110030	69	[not listed: 5225]
n	*FR	2013	12	19	00	28
n	*LR	2020	10	14	09	11
n	*f	0.500000%Q	s
n	Rq	1	266.385	kit
n	Rq	2	27.067	crew
n	Rq	1	266.385	method
n	Rq	28	297.733	aeronautical
n	Rq	1	266.385	airplane.com
n	Rq	5	320.518	faa
n	Rq	40	378.932	gt
n	Rq	1	266.385	moldings
n	Rq	1	266.385	taranis
n	Rq	1	266.385	twin
n	Rq	2	266.385	installerex
n	Rq	2	266.385	http://gtaeronautics.com/
n	Rq	20	135.333	in
n	Rq	1	266.385	scale
n	Rq	1	266.385	observer
n	Rq	1	266.385	drawing?
n	Rq	2	266.385	is
n	Rq	1	266.385	making
n	Rq	2	27.067	fiber
n	Rq	1	266.385	mitsubishi
n	Rq	1	266.385	fuze
n	Rq	1	266.385	http://www.gtaeronautics.com/indnews.html
n	Rq	1	266.385	consultant
n	Rq	92	266.385	semalt.com
n	Rq	15	54.133	manufacturing
n	Rq	1	266.385	2
n	Rq	1	266.385	base
n	Rq	14	189.466	6
n	Rq	1	266.385	http://gtaeronautics.com/indnews.html
n	Rq	1	266.385	always
n	Rq	28	85.481	engineering
n	Rq	1	266.385	northrop
n	Rq	1	266.385	bandwidth
n	Rq	1	266.385	vegas
n	Rq	3	27.067	basic
n	Rq	1	266.385	qinetiq
n	Rq	1	266.385	tooling
n	Rq	1	266.385	heavy
n	Rq	1	266.385	on
n	Rq	9	108.266	drawings
n	Rq	1	266.385	fia
n	Rq	4	266.385	louis%20vuitton%20fashion%20valley%20phone%20number
n	Rq	3	293.451	rullman
n	Rq	3	266.385	llc
n	Rq	1	266.385	cowling
n	Rq	32	293.451	sale
n	Rq	64	81.200	outlet
n	Rq	1	266.385	rotax
n	Rq	1	266.385	ucav
n	Rq	28	324.799	texan
n	Rq	1	266.385	a
n	Rq	2	266.385	customer
n	Rq	1	266.385	rpa
n	Rq	2	27.067	110cc
n	Rq	30	266.385	designer
n	Rq	20	320.518	www.gtaeronautics.com
n	Rq	1	266.385	work
n	Rq	1	266.385	thomas
n	Rq	1	266.385	engie
n	Rq	1	266.385	qualification
n	Rq	1	266.385	custom
n	Rq	1	266.385	mk3
n	Rq	1	266.385	t
n	Rq	1	266.385	w
n	Rq	1	266.385	uavs
n	Rq	2	266.385	satisfaction
n	Rq	2	27.067	x
n	Rq	1	266.385	crews
n	Rq	3	266.385	photos
n	Rq	1	266.385	finnemeccia
n	Rq	2	27.067	glass
n	Rq	1	293.451	to
n	Rq	5	320.518	engineer
n	Rq	1	266.385	government
n	Rq	1	266.385	gcs
n	Rq	1	266.385	operator
n	Rq	1	266.385	with
n	Rq	6	81.200	aircraft
n	Rq	97	27.067	number
n	Rq	4	293.451	for
n	Rq	2	27.067	aero
n	Rq	1	266.385	december
n	Rq	9	27.067	equipment
n	Rq	2	27.067	engine
n	Rq	1	266.385	mq1
n	Rq	2	27.067	wy
n	Rq	1	266.385	custum
n	Rq	1	266.385	g.t
n	Rq	1	266.385	mechanics
n	Rq	1	27.067	motors
n	Rq	1	266.385	tdw
n	Rq	32	320.518	luggage
n	Rq	1	266.385	opportunities
n	Rq	175	482.917	vuitton
n	Rq	1	293.451	the
n	Rq	1	266.385	show
n	Rq	1	266.385	luggages
n	Rq	1	266.385	stroke
n	Rq	2	266.385	explore
n	Rq	39	27.067	handbags
n	Rq	2	27.067	electric
n	Rq	1	27.067	air
n	Rq	1	266.385	space
n	Rq	1	266.385	quote
n	Rq	1	266.385	require
n	Rq	1	266.385	mpp
n	Rq	4	27.067	jobs
n	Rq	5	320.518	uas
n	Rq	1	266.385	anything
n	Rq	1	266.385	china
n	Rq	1	266.385	airplane
n	Rq	10	135.333	uav
n	Rq	2	266.385	wmaid.com
n	Rq	3	54.133	drone
n	Rq	2	266.385	facebook
n	Rq	7	347.584	fiberglass
n	Rq	1	266.385	college
n	Rq	4	54.133	onboard
n	Rq	3	27.067	gtaeronautics.com
n	Rq	1	266.385	qulificationa
n	Rq	21	428.784	simi
n	Rq	1	266.385	and
n	Rq	5	293.451	flight
n	Rq	17	428.784	at6
n	Rq	1	266.385	xtreme
n	Rq	1	266.385	maintenance
n	Rq	1	266.385	cody
n	Rq	1	266.385	any
n	Rq	1	266.385	tom
n	Rq	1	266.385	systems
n	Rq	1	266.385	payload
n	Rq	2	27.067	gta
n	Rq	2	266.385	granger
n	Rq	8	347.584	extreme
n	Rq	6	320.518	molding
n	Rq	2	266.385	easylifeapp
n	Rq	1	266.385	rating
n	Rq	2	266.385	whitelaw
n	Rq	126	347.584	fashion
n	Rq	2	27.067	ice
n	Rq	2	266.385	http://www.gtaeronautics.com/compnews.html
n	Rq	5	27.067	engineers
n	Rq	3	27.067	composite
n	Rq	1	266.385	skyforce
n	Rq	1	266.385	eengineer
n	Rq	175	482.917	louis
n	Rq	4	54.133	starter
n	Rq	8	266.385	store
n	Rq	14	54.133	cheap
n	Rq	10	374.651	bme
n	Rq	1	266.385	diamond
n	Rq	1	266.385	america2009
n	Rq	7	266.385	content
n	Rq	2	27.067	aeronautic
n	Rq	1	266.385	challenge
n	Rq	1	266.385	piece
n	Rq	1	266.385	how
n	Rq	1	266.385	male
n	Rq	2	27.067	design
n	Rq	2	27.067	flying
n	Rq	1	266.385	carbon
n	Rq	1	266.385	operation
n	Rq	2	266.385	profile
n	Rq	1	266.385	tomas
n	Rq	1	266.385	cia
n	Rq	1	266.385	hummingbird
n	Rq	1	266.385	iron
n	Rq	1	266.385	california
n	Rq	1	266.385	amphibian
n	Rq	1	266.385	110
n	Rq	1	266.385	mentioned
n	Rq	1	266.385	111
n	Rq	1	266.385	over
n	Rq	25	297.733	http://www.gtaeronautics.com/
n	Rq	1	266.385	google.com
n	Rq	1	266.385	fuel
n	Rq	2	266.385	inc
n	Rq	1	266.385	handbag.com
n	Rq	1	266.385	da42
n	Rq	2	27.067	certification
n	Rq	1	266.385	2015
n	Rq	1	266.385	timing
n	Rq	1	266.385	home
n	Rq	1	266.385	aerospacecompanies
n	Rq	1	266.385	anti
n	Rq	1	266.385	ziroli
n	Rq	1	266.385	sketches
n	Rq	5	266.385	purses
n	Rq	1	266.385	downlink
n	Rq	3	266.385	aeronotics
n	Rq	1	266.385	nanotechnology
n	Rq	1	266.385	zephyr
n	Rq	4	266.385	wyoming
n	Rq	2	266.385	technology
n	Rq	3	293.451	companies
n	Rq	1	266.385	muffler
n	Rq	2	266.385	avia
n	Rq	2	266.385	what
n	Rq	145	4.281	valley
n	Rq	1	266.385	microwave
n	Rq	1	266.385	mold
n	Rq	5	54.133	pglm
n	Rq	1	266.385	specialist
n	Rq	23	270.666	drawing
n	Rq	1	266.385	tool
n	Rq	1	266.385	security
n	Rq	6	27.067	prototypes
n	Rq	1	266.385	giant
n	Rq	1	266.385	powell
n	Rq	8	347.584	aerospace
n	Rq	34	351.866	aeronautics
n	Rq	4	54.133	unmanned
n	Rq	1	266.385	radius
n	Rq	1	266.385	zero
n	Rq	1	266.385	tobbot
n	Rq	2	27.067	neverfull
n	Rq	2	27.067	job
n	Rq	1	266.385	onbordstarter
n	Rq	1	27.067	as
n	Rq	20	54.133	ca
n	Rq	13	428.784	at
n	Rq	5	320.518	techniques
n	Rq	1	266.385	does
n	Rq	1	266.385	commercial
n	Rq	1	266.385	www.gt
n	Rq	1	266.385	de
n	Rq	1	266.385	co
n	Rq	1	266.385	speedy
n	Rq	1	266.385	rpas
n	Rq	2	27.067	instrument
n	Rq	1	266.385	do
n	Rq	1	266.385	efi
n	Rq	3	293.451	training
n	Rq	1	266.385	quotation
n	Rq	1	266.385	careers
n	Rq	3	293.451	pilot
n	Rq	9	108.266	bandito
n	Rq	4	54.133	quotes
n	Rq	107	54.133	phone
n	Rq	1	266.385	stations
n	Rq	1	266.385	traing
N	*FR	2013	12	19	00	28
N	*LR	2020	10	14	09	11
N	*f	-200Q	s
N	RQ	9	3181937276	at 6 texan
N	RQ	20	2722180108	www.gtaeronautics.com
N	RQ	25	2528664424	http://www.gtaeronautics.com/
N	RQ	3	2492301524	bandito uav
N	RQ	3	2492301524	onboard starter
N	RQ	1	2262422940	uavs flying over simi valley ca
N	RQ	1	2262422940	gt aeronautics simi valley california
N	RQ	1	2262422940	aeronautical engineer quote
N	RQ	1	2262422940	does aeronautical engineering require drawing?
N	RQ	1	2262422940	how to do gt in engineering drawing
N	RQ	2	2262422940	http://gtaeronautics.com/
N	RQ	1	2262422940	the government college g.t aeronautics
N	RQ	1	2262422940	bme engine
N	RQ	1	2262422940	uas gcs
N	RQ	1	2262422940	http://www.gtaeronautics.com/indnews.html
N	RQ	92	2262422940	semalt.com
N	RQ	1	2262422940	aero iron mentioned nanotechnology hummingbird uav
N	RQ	1	2262422940	basic fiberglass techniques
N	RQ	1	2262422940	http://gtaeronautics.com/indnews.html
N	RQ	1	2262422940	finnemeccia co
N	RQ	2	2262422940	drawing for customer satisfaction
N	RQ	1	2262422940	cheap louis vuitton speedy handbag.com
N	RQ	1	2262422940	at 6
N	RQ	1	2262422940	quotation specialist engineer drawings
N	RQ	1	2262422940	challenge xtreme 111 piece mechanics tool kit
N	RQ	1	2262422940	uav commercial crew stations
N	RQ	1	2262422940	da42 mpp microwave downlink bandwidth
N	RQ	1	2262422940	anti ice de ice qinetiq zephyr
N	RQ	4	2262422940	louis%20vuitton%20fashion%20valley%20phone%20number
N	RQ	1	2262422940	faa uas pilot certification
N	RQ	1	2262422940	any flying crews in gta
N	RQ	1	2262422940	fiber glass molding job
N	RQ	1	2262422940	aerospace drawing
N	RQ	1	2262422940	aircraft design consultant
N	RQ	1	2262422940	www.gt airplane.com
N	RQ	3	2262422940	gt in aeronotics
N	RQ	1	2262422940	tom rullman
N	RQ	1	2262422940	gt aeronautics simi valley ca
N	RQ	1	2262422940	drone base in simi valley
N	RQ	1	2262422940	fiberglass mold making techniques
N	RQ	1	2262422940	rpa instrument qualification faa instrument rating
N	RQ	1	2262422940	extreme bme
N	RQ	1	2262422940	uas faa maintenance
N	RQ	1	2262422940	louis vuitton neverfull
N	RQ	1	2262422940	fiberglass techniques
N	RQ	1	2262422940	aircraft companies in simi valley
N	RQ	1	2262422940	custom fiberglass moldings
N	RQ	1	2262422940	anything
N	RQ	11	2262422940	louis vuitton luggage cheap
N	RQ	1	2262422940	aeronautical engineering sketches
N	RQ	1	2262422940	gtaeronautics.com
N	RQ	1	2262422940	giant scale ziroli at 6
N	RQ	9	2262422940	outlet louis vuitton handbags
N	RQ	1	2262422940	cowling drawing
N	RQ	1	2262422940	mitsubishi zero
N	RQ	1	2262422940	powell wy gt aeronautics
N	RQ	2	2262422940	what is gt in basic engineering drawing
N	RQ	2	2262422940	composite molding
N	RQ	1	2262422940	aeronautics in simi valley and security work
N	RQ	3	2262422940	gt aeronautics llc jobs
N	RQ	1	2262422940	crew flight gta
N	RQ	1	2262422940	110cc engine timing
N	RQ	1	2262422940	aeronautical engineer quotes
N	RQ	2	2262422940	http://www.gtaeronautics.com/compnews.html
N	RQ	4	2262422940	wyoming flight engineers
N	RQ	1	2262422940	a t 6
N	RQ	1	2262422940	gt aeronautics unmanned air
N	RQ	1	2262422940	fia gt composite tooling
N	RQ	1	2262422940	uas pilot certification
N	RQ	1	2262422940	quotes on aeronautical engineers
N	RQ	1	2262422940	payload for diamond northrop twin engie aircraft
N	RQ	7	2262422940	content
N	RQ	1	2262422940	bme 110
N	RQ	1	2262422940	thomas w rullman gt aeronautics
N	RQ	1	2262422940	luggages for sale
N	RQ	2	2262422940	easylifeapp profile
N	RQ	2	2262422940	simi gt
N	RQ	1	2262422940	mq1 design fuel
N	RQ	1	2262422940	airplane as always cia america2009
N	RQ	1	2262422940	heavy equipment operator jobs
N	RQ	1	2262422940	eengineer drawing home
N	RQ	1	2262422940	cheap louis vuitton luggage
N	RQ	1	2262422940	aero space drone simi valley
N	RQ	1	2262422940	2 stroke electric onboard starter
N	RQ	1	2262422940	simi valley unmanned aircraft
N	RQ	1	2262422940	skyforce observer mk3
N	RQ	2	2262422940	granger whitelaw avia
N	RQ	1	2262422940	louis vuitton fashion valley neverfull
N	RQ	1	2262422940	louis vuitton job opportunities
N	RQ	1	2262422940	google.com
N	RQ	1	2262422940	uas operation training method
N	RQ	2	2262422940	wmaid.com explore gtaeronautics.com
N	RQ	1	2262422940	custum muffler 110cc
N	RQ	1	2262422940	glass manufacturing drawings
N	RQ	1	2262422940	electric motors x male uav x sale
N	RQ	1	2262422940	aerospacecompanies in simi valley
N	RQ	1	2262422940	fiberglass molding
N	RQ	2	2262422940	aeronautical technology inc
N	RQ	1	2262422940	taranis ucav
N	RQ	1	2262422940	vegas drone uav show december 2015
N	RQ	1	2262422940	uav companies in simi valley
N	RQ	1	2262422940	unmanned aircraft systems pilot training
N	RQ	2	2262422940	installerex facebook
N	RQ	3	2262422940	texan at6 photos
N	RQ	1	2262422940	aeronautic engineer
N	RQ	30	2262422940	designer handbags outlet sale
N	RQ	1	2262422940	rpas qulificationa traing with faa
N	RQ	1	2262422940	faa uav training
N	RQ	1	2262422940	uav companies simi valley
N	RQ	5	2262422940	louis vuitton purses outlet
N	RQ	1	2262422940	aeronautics
N	RQ	1	2262422940	cheap louis vuitton luggage outlet
N	RQ	1	2262422940	gt aeronautics tomas rullman
N	RQ	1	2262422940	tobbot
N	RQ	1	2262422940	radius tdw efi fuze
N	RQ	8	2262422940	manufacturing equipment store in simi valley
N	RQ	1	2262422940	onbordstarter
N	RQ	1	2262422940	aeronautic engineer quotes
N	RQ	1	2262422940	rotax amphibian unmanned china
N	RQ	1	2262422940	aeronautical engineering quotes
N	RQ	1	2262422940	drawing aircraft engineering
N	RQ	1	2262422940	gt aeronautics careers
N	RQ	1	2262422940	gt aeronautics bandito
N	RQ	1	2262422940	cody wy carbon fiber
N	RQ	20	1609150088	gt aeronautics
N	RQ	14	1379271504	aeronautical engineering drawing
N	RQ	8	919514336	at6 texan
N	RQ	7	689635752	bme extreme
N	RQ	7	689635752	aerospace engineering drawings
N	RQ	6	459757168	texan at6
N	RQ	5	459757168	bandito pglm
N	RQ	2	229878584	fiberglass molding techniques
N	RQ	6	229878584	manufacturing aeronautical prototypes
N	RQ	19	229878584	louis vuitton luggage outlet
N	RQ	10	229878584	louis vuitton fashion valley phone
N	RQ	97	229878584	louis vuitton fashion valley phone number
N	RQ	2	229878584	texan at 6
N	RQ	18	229878584	louis vuitton fashion valley ca
B	*f	-40R	r
B	Rb	150290	0.000	Mozilla/5.0 (Windows NT 6.1; Win64; x64; rv:109.0) Gecko/20100101 Firefox/115.0
B	Rb	88892	2.898	Mozilla/5.0 (compatible; AhrefsBot/7.0;  http://ahrefs.com/robot/)
B	Rb	71832	1.116	Sogou web spider/4.0( http://www.sogou.com/docs/help/webmasters.htm#07)
B	Rb	71826	1.638	ZoominfoBot (zoominfobot at zoominfo dot com)
B	Rb	62482	1.266	Mozilla/5.0 (compatible; Googlebot/2.1;  http://www.google.com/bot.html)
B	Rb	40898	4.266	Mozilla/5.0 (compatible; bingbot/2.0;  http://www.bing.com/bingbot.htm)
B	Rb	27696	2.168	Mozilla/5.0 (Windows NT 6.3; WOW64) AppleWebKit/537.36 (KHTML, like Gecko) Chrome/33.0.1736.0 Safari/537.36
B	Rb	26373	0.266	Googlebot-Image/1.0
B	Rb	17219	0.000	Mozilla/5.0 AppleWebKit/537.36 (KHTML, like Gecko; compatible; bingbot/2.0;  http://www.bing.com/bingbot.htm) Chrome/116.0.1938.76 Safari/537.36
B	Rb	16344	0.000	Mozilla/5.0 (Linux; Android 5.0) AppleWebKit/537.36 (KHTML, like Gecko) Mobile Safari/537.36 (compatible; Bytespider; spider-feedback@bytedance.com)
B	Rb	16326	0.954	Mozilla/4.0 (compatible; MSIE 6.0; Windows NT 5.1; SV1)
B	Rb	15322	0.333	Mozilla/5.0 (Macintosh; Intel Mac OS X 10_15_5) AppleWebKit/605.1.15 (KHTML, like Gecko) Version/13.1.1 Safari/605.1.15 (Applebot/0.1;  http://www.apple.com/go/applebot)
B	Rb	14319	0.000	Mozilla/5.0 (Windows NT 10.0; Win64; x64) AppleWebKit/537.36 (KHTML, like Gecko) Chrome/120.0.0.0 Safari/537.36
B	Rb	14285	1.399	Mozilla/5.0 (compatible; YandexBot/3.0;  http://yandex.com/bots)
B	Rb	13947	0.000	Mozilla/5.0 (compatible; Bytespider; spider-feedback@bytedance.com) AppleWebKit/537.36 (KHTML, like Gecko) Chrome/70.0.0.0 Safari/537.36
B	Rb	13444	0.000	Mozilla/5.0 (Windows NT 10.0; Win64; x64) AppleWebKit/537.36 (KHTML, like Gecko) Chrome/114.0.0.0 Safari/537.36
B	Rb	12964	1.355	Mozilla/5.0 (iPhone; CPU iPhone OS 7_0 like Mac OS X) AppleWebKit/537.51.1 (KHTML, like Gecko) Version/7.0 Mobile/11A465 Safari/9537.53 (compatible; bingbot/2.0;  http://www.bing.com/bingbot.htm)
B	Rb	12179	0.689	Mozilla/5.0 (compatible; Baiduspider/2.0;  http://www.baidu.com/search/spider.html)
B	Rb	11180	0.026	Mozilla/5.0 (iPhone; CPU iPhone OS 13_2_3 like Mac OS X) AppleWebKit/605.1.15 (KHTML, like Gecko) Version/13.0.3 Mobile/15E148 Safari/604.1
B	Rb	11156	0.000	Mozilla/5.0 (Windows NT 10.0; Win64; x64) AppleWebKit/537.36 (KHTML, like Gecko) Chrome/124.0.0.0 Safari/537.36
B	Rb	11083	0.424	Mozilla/5.0 (Macintosh; Intel Mac OS X 10.11; rv:52.0) Gecko/20100101 Firefox/52.0
B	Rb	10448	0.000	Mozilla/5.0 (Windows NT 10.0; Win64; x64) AppleWebKit/537.36 (KHTML, like Gecko) Chrome/122.0.0.0 Safari/537.36
B	Rb	10416	0.616	Mozilla/5.0 (Windows NT 6.1; WOW64; Trident/7.0; rv:11.0) like Gecko
B	Rb	9938	0.000	Mozilla/5.0 (Windows NT 10.0; Win64; x64) AppleWebKit/537.36 (KHTML, like Gecko) Chrome/121.0.0.0 Safari/537.36
B	Rb	9908	0.400	Mozilla/5.0 (Windows NT 5.1; rv:17.0) Gecko/20100101 Firefox/17.0
B	Rb	9648	0.435	Mozilla/5.0 AppleWebKit/537.36 (KHTML, like Gecko; compatible; bingbot/2.0;  http://www.bing.com/bingbot.htm) Chrome/103.0.5060.134 Safari/537.36
B	Rb	9544	0.000	Mozilla/5.0 (Windows NT 10.0; Win64; x64) AppleWebKit/537.36 (KHTML, like Gecko) Chrome/131.0.0.0 Safari/537.36
B	Rb	8371	0.067	Mozilla/5.0 (Windows NT 10.0; Win64; x64) AppleWebKit/537.36 (KHTML, like Gecko) Chrome/113.0.0.0 Safari/537.36
B	Rb	8326	0.220	Mozilla/5.0 (Linux; Android 6.0.1; Nexus 5 Build/MRA58N) AppleWebKit/537.36(KHTML, like Gecko) Chrome/66.0.3359.30 Mobile Safari/537.36
B	Rb	8220	0.246	Mozilla/5.0 (compatible; MJ12bot/v1.4.8; http://mj12bot.com/)
B	Rb	8061	0.886	Mozilla/4.0 (compatible; MSIE 7.0; Windows NT 5.1; .NET CLR 1.1.4322; .NET CLR 2.0.50727)
B	Rb	7887	0.190	Mozilla/5.0 (compatible; BLEXBot/1.0;  http://webmeup-crawler.com/)
B	Rb	7871	0.000	Mozilla/5.0 (Windows NT 10.0; Win64; x64) AppleWebKit/537.36 (KHTML, like Gecko) Chrome/116.0.0.0 Safari/537.36
B	Rb	7717	0.479	PRurl
B	Rb	7654	0.000	Mozilla/5.0 (Windows NT 10.0; Win64; x64) AppleWebKit/537.36 (KHTML, like Gecko) Chrome/126.0.0.0 Safari/537.36
B	Rb	7614	0.000	Mozilla/5.0 (Windows NT 10.0; Win64; x64) AppleWebKit/537.36 (KHTML, like Gecko) HeadlessChrome/128.0.0.0 Safari/537.36
B	Rb	7552	0.408	Mozilla/5.0 (compatible; Yahoo! Slurp; http://help.yahoo.com/help/us/ysearch/slurp)
B	Rb	7412	0.013	Mozilla/5.0 (Windows NT 10.0; Win64; x64; rv:109.0) Gecko/20100101 Firefox/111.0
B	Rb	7233	0.000	Mozilla/5.0 (Macintosh; Intel Mac OS X 10_15_7) AppleWebKit/605.1.15 (KHTML, like Gecko) Version/17.4 Safari/605.1.15 (Applebot/0.1;  http://www.apple.com/go/applebot)
B	Rb	7221	0.210	Mozilla/4.0 (compatible; MSIE 6.0; Windows NT 5.1; SV1; .NET CLR 2.0.50727)
B	Rb	1649014	77.031	[not listed: 23965]
b	*f	-15Q	s
b	lRQq	1	1073	4174177414	140.818	curl
b	lRQq	2	976	3484541662	117.553	curl/7
b	lRQq	2	18	2262422940	76.324	curl/479488
b	lRQq	2	78	459757168	15.510	curl/8
b	lRQq	1	684	4137814512	139.591	Screaming Frog SEO Spider
b	lRQq	2	65	2722180108	91.834	Screaming Frog SEO Spider/20
b	lRQq	2	370	2492301524	84.079	Screaming Frog SEO Spider/21
b	lRQq	2	15	2492301524	84.079	Screaming Frog SEO Spider/13
b	lRQq	2	68	2492301524	84.079	Screaming Frog SEO Spider/9
b	lRQq	2	29	2492301524	84.079	Screaming Frog SEO Spider/18
b	lRQq	2	69	2492301524	84.079	Screaming Frog SEO Spider/19
b	lRQq	2	6	2262422940	76.324	Screaming Frog SEO Spider/10
b	lRQq	2	1	2262422940	76.324	Screaming Frog SEO Spider/2
b	lRQq	2	2	2262422940	76.324	Screaming Frog SEO Spider/3
b	lRQq	2	1	2262422940	76.324	Screaming Frog SEO Spider/4
b	lRQq	2	2	2262422940	76.324	Screaming Frog SEO Spider/14
b	lRQq	2	3	2262422940	76.324	Screaming Frog SEO Spider/5
b	lRQq	2	1	2262422940	76.324	Screaming Frog SEO Spider/6
b	lRQq	2	2	2262422940	76.324	Screaming Frog SEO Spider/7
b	lRQq	2	39	229878584	7.755	Screaming Frog SEO Spider/12
b	lRQq	2	3	229878584	7.755	Screaming Frog SEO Spider/16
b	lRQq	2	4	229878584	7.755	Screaming Frog SEO Spider/17
b	lRQq	2	4	229878584	7.755	Screaming Frog SEO Spider/8
b	lRQq	1	2126	4101451612	138.365	axios
b	lRQq	2	1999	2722180108	91.834	axios/0
b	lRQq	2	127	1379271504	46.530	axios/1
b	lRQq	1	862	4101451612	138.365	Python-urllib
b	lRQq	2	129	3181937276	107.344	Python-urllib/3
b	lRQq	2	728	689635752	23.265	Python-urllib/2
b	lRQq	2	5	229878584	7.755	Python-urllib/1
b	lRQq	1	20	3871573028	130.610	com.google.GoogleMobile
b	lRQq	2	3	2492301524	84.079	com.google.GoogleMobile/42
b	lRQq	2	3	2262422940	76.324	com.google.GoogleMobile/60
b	lRQq	2	2	2262422940	76.324	com.google.GoogleMobile/34
b	lRQq	2	1	2262422940	76.324	com.google.GoogleMobile/61
b	lRQq	2	1	2262422940	76.324	com.google.GoogleMobile/72
b	lRQq	2	3	2262422940	76.324	com.google.GoogleMobile/38
b	lRQq	2	1	2262422940	76.324	com.google.GoogleMobile/65
b	lRQq	2	2	229878584	7.755	com.google.GoogleMobile/41
b	lRQq	2	2	229878584	7.755	com.google.GoogleMobile/62
b	lRQq	2	2	229878584	7.755	com.google.GoogleMobile/67
b	lRQq	1	260	3871573028	130.610	AppEngine-Google; ( http:
b	lRQq	2	260	3871573028	130.610	AppEngine-Google; ( http://code
b	lRQq	1	197	3641694444	122.854	PHP-Curl-Class
b	lRQq	2	11	2492301524	84.079	PHP-Curl-Class/8
b	lRQq	2	186	1149392920	38.775	PHP-Curl-Class/9
b	lRQq	1	254	3641694444	122.854	com.apple.WebKit.Networking
b	lRQq	2	30	2262422940	76.324	com.apple.WebKit.Networking/20620
b	lRQq	2	4	2262422940	76.324	com.apple.WebKit.Networking/18614
b	lRQq	2	60	2262422940	76.324	com.apple.WebKit.Networking/8616
b	lRQq	2	54	459757168	15.510	com.apple.WebKit.Networking/8614
b	lRQq	2	70	459757168	15.510	com.apple.WebKit.Networking/8615
b	lRQq	2	36	229878584	7.755	com.apple.WebKit.Networking/8617
b	lRQq	1	54	3641694444	122.854	Google
b	lRQq	2	50	3411815860	115.099	Google/2
b	lRQq	2	4	229878584	7.755	Google/1
b	lRQq	1	105	3411815860	115.099	GuzzleHttp
b	lRQq	2	7	2262422940	76.324	GuzzleHttp/7
b	lRQq	2	98	1149392920	38.775	GuzzleHttp/6
b	lRQq	1	139	3411815860	115.099	Lynx
b	lRQq	2	139	3411815860	115.099	Lynx/2
b	lRQq	1	30	3181937276	107.344	LWP::Simple
b	lRQq	2	17	2722180108	91.834	LWP::Simple/6
b	lRQq	2	13	459757168	15.510	LWP::Simple/5
b	lRQq	1	253	3181937276	107.344	"Mozilla
b	lRQq	2	253	3181937276	107.344	"Mozilla/5
b	lRQq	1	363	3181937276	107.344	Googlebot
b	lRQq	2	165	689635752	23.265	Googlebot/2
b	lRQq	2	7	229878584	7.755	Googlebot/Nutch-2
b	lRQq	1	4238	3097510292	104.496	Java
b	lRQq	2	6	2262422940	76.324	Java/17
b	lRQq	2	46	459757168	15.510	Java/11
b	lRQq	2	4186	375330184	12.662	Java/1
b	lRQq	1	2519454	4148731683	139.960	[not listed: 968]
p	*f	0Q	s
p	lR	1	1222302	Windows
p	lR	2	470600	Windows NT
p	lR	2	478311	Unknown Windows
p	lR	2	256894	Windows XP
p	lR	2	2238	Windows 95
p	lR	2	425	Windows CE
p	lR	2	2391	Windows 98
p	lR	2	9613	Windows 2000
p	lR	2	389	Windows 3.1
p	lR	2	1441	Windows ME
p	lR	1	474002	OS unknown
p	lR	1	285995	Macintosh
p	lR	2	275529	Unknown Macintosh
p	lR	2	7188	Macintosh 68k
p	lR	2	3278	Macintosh PowerPC
p	lR	1	310870	Known robots
p	lR	1	236860	Unix
p	lR	2	232045	Linux
p	lR	2	22	SunOS
p	lR	2	78	BSD
p	lR	2	4712	Other Unix
p	lR	2	3	HP-UX
p	lR	1	16	WebTV
p	lR	1	13	BeOS
p	lR	1	47	OS/2
p	lR	1	7	Amiga
i	*f	0R	s
i	lRc	1	1006476	0.000	/images/
i	lRc	1	1184871	0.000	[root directory]
i	lRc	1	218451	0.000	/js/
i	lRc	1	112338	0.000	/css/
i	lRc	1	22077	0.000	/uploads/
i	lRc	1	297	0.000	/dev/
i	lRc	2	24	0.000	/dev/css/
i	lRc	2	46	0.000	/dev/js/
i	lRc	2	81	0.000	/dev/images/
i	lRc	1	865	0.000	/videos/
i	lRc	1	541	0.000	/client/
i	lRc	1	1	0.000	/cgi-bin/
i	lRc	1	6	0.000	/databases/
i	lRc	1	1	0.000	/secure/
i	lRc	1	74	0.000	/stats/
r	*f	0.050000%S	s
r	lRSc	1	37340	35	0.000	/contactus.html
r	lRSc	1	48467	35	0.000	/aboutus.html
r	lRSc	1	49078	32	0.000	/compnews.html
r	lRSc	1	49137	30	0.000	/links.html
r	lRSc	1	35639	25	0.000	/uasfc.html
r	lRSc	1	30192	24	0.000	/cfmt.html
r	lRSc	1	24130	24	0.000	/faq.html
r	lRSc	1	28470	23	0.000	/pna.html
r	lRSc	1	32801	22	0.000	/consultinga.html
r	lRSc	1	22122	20	0.000	/sru.html
r	lRSc	1	27839	19	0.000	/indevents.html
r	lRSc	1	17481	16	0.000	/gt380+rpas.html
r	lRSc	1	31664	16	0.000	/cct&m.html
r	lRSc	1	24523	16	0.000	/employment.html
r	lRSc	1	13044	14	0.000	/gt100hl+rpas.html
r	lRSc	1	16641	13	0.000	/rd.html
r	lRSc	1	17168	13	0.000	/gt1500+rpas.html
r	lRSc	1	16476	12	0.000	/gt50t+rpas.html
r	lRSc	1	2124	10	0.000	/uploads/bighornbasindronefestivalflyer-v2-220110.pdf
r	lRSc	1	33733	8	0.000	/indnews.html
r	lRSc	2	141	0	0.000	/indnews.html?referer=www.clickfind.com.au/wp-login.php
r	lRSc	2	1	0	0.000	/indnews.html?referer=top1.co.pl
r	lRSc	2	1	0	0.000	/indnews.html?referer=www.clickfind.com.au//wp-content/themes/busybee/thumb.php?src=http://blogger.com.opontodaarte.com.br/java.php
r	lRSc	1	3070	8	0.000	/uploads/idrone-pressrelease-powell-version220119.pdf
r	lRSc	1	2106	7	0.000	/uploads/droneexpojan2022+(1).pdf
r	lRSc	1	1669	7	0.000	/uploads/2022wydronefestflyer+rev2.pdf
r	lRSc	1	2190	5	0.000	/uploads/big+horn+basin+drone+festival+event+schedule.pdf
r	lRSc	1	5014	2	0.000	/banditomav.html
r	lRSc	1	4829	2	0.000	/gtatexan.html
r	lRSc	1	5147	1	0.000	/uavengines.html
r	lRSc	1	2	0	0.000	/client/bandit+timeline2004.html
r	lRSc	1	1	0	0.000	/404.htm
r	lRSc	1	12	0	0.000	/client/gta010707002.html
r	lRSc	1	72	0	0.000	/client/bandito+development.html
r	lRSc	1	1	0	0.000	/stats/browserrep.html
r	lRSc	1	741	0	0.000	/gt50t rpas.html
r	lRSc	1	2	0	0.000	/dev/contactus.html
r	lRSc	1	1	0	0.000	/dev/aboutus.html
r	lRSc	1	18	0	0.000	/client/tacamo+development.html
r	lRSc	1	11	0	0.000	/client/rq2+outlaw.html
r	lRSc	1	1	0	0.000	/client/bandit timeline2008.html
r	lRSc	1	15	0	0.000	/client/bandit.html
r	lRSc	1	987	0	0.000	/gtamt.html
r	lRSc	1	2253	0	0.000	/gt1500 rpas.html
r	lRSc	1	4	0	0.000	/client/gta121004001.html
r	lRSc	1	1	0	0.000	/dev/client.cgi
r	lRSc	1	71	0	0.000	/client/bandit+development.html
r	lRSc	1	2	0	0.000	/client/bandito development.html
r	lRSc	1	2	0	0.000	/stats/domain.html
r	lRSc	1	2	0	0.000	/stats/weekly.html
r	lRSc	1	6356	0	0.000	/pridpass.html
r	lRSc	1	1	0	0.000	/dev/pna.html
r	lRSc	1	1	0	0.000	/client/tacamo development.html
r	lRSc	1	4	0	0.000	/stats/index.htm
r	lRSc	1	4	0	0.000	/stats/nav.html
r	lRSc	1	4278	0	0.000	/bandituas.html
r	lRSc	1	2	0	0.000	/stats/directory.html
r	lRSc	1	2	0	0.000	/stats/organisation.html
r	lRSc	1	7	0	0.000	/client/bandit+timeline2007.html
r	lRSc	1	1	0	0.000	/dev/pridpass.html
r	lRSc	1	1	0	0.000	/client/bandito timeline2007.html
r	lRSc	1	1	0	0.000	/stats/quick.html
r	lRSc	1	135	0	0.000	/client/welcome.html
r	lRSc	1	3	0	0.000	/client/gta021305001.html
r	lRSc	1	5	0	0.000	/client/gta012405001.html
r	lRSc	1	4	0	0.000	/stats/general.html
r	lRSc	1	1	0	0.000	/stats/dailyrep.html
r	lRSc	1	1	0	0.000	/client/bandit development.html
r	lRSc	1	17	0	0.000	/client/bandit+timeline2008.html
r	lRSc	1	1	0	0.000	/client/bandito+timeline2005.html
r	lRSc	1	23	0	0.000	/client/projectbids.html
r	lRSc	1	1	0	0.000	/stats/host.html
r	lRSc	1	20	0	0.000	/client/clientpna.html
r	lRSc	1	2	0	0.000	/stats/default.asp
r	lRSc	1	21	0	0.000	/index.htm
r	lRSc	1	1	0	0.000	/cgi-bin/testms.pl
r	lRSc	1	14	0	0.000	/client/rq1+bandit.html
r	lRSc	1	6	0	0.000	/client/gta021305002.html
r	lRSc	1	24	0	0.000	/client/tacamo.html
r	lRSc	1	30	0	0.000	/client/mgqgcyat.asp
r	lRSc	1	18702	0	0.000	/default.asp
r	lRSc	1	1666	0	0.000	/gt380 rpas.html
r	lRSc	1	1	0	0.000	/client/bandito+timeline2006.html
r	lRSc	1	16	0	0.000	/client/rq3+bandito.html
r	lRSc	1	1	0	0.000	/dev/uasfc.html
r	lRSc	1	229	0	0.000	/client.cgi
r	lRSc	1	2	0	0.000	/stats/yearly.html
r	lRSc	1	1	0	0.000	/stats/monthly.html
r	lRSc	1	8	0	0.000	/client/gta010707001.html
r	lRSc	1	3749	0	0.000	/bidspridpass.html
r	lRSc	1	12	0	0.000	/client/bandito.html
r	lRSc	1	1	0	0.000	/stats/quarterly.html
r	lRSc	1	8	0	0.000	/client/bandito+timeline2007.html
t	*f	0.100000%B	b
t	lRb	1	912778	43.756	.jpg  [JPEG graphics]
t	lRb	1	591506	26.229	.html [Hypertext Markup Language]
t	lRb	1	529307	18.517	[directories]
t	lRb	1	10918	5.242	.mp4
t	lRb	1	778	2.157	.wmv
t	lRb	1	87	2.118	.mpg  [MPEG movie]
t	lRb	1	18734	0.911	.asp  [Active Server REQUESTS]
t	lRb	1	93803	0.296	.gif  [GIF graphics]
t	lRb	1	218497	0.254	.js  [JavaScript code]
t	lRb	1	112354	0.225	.css  [Cascading Style Sheets]
t	lRb	1	11159	0.210	.pdf  [Adobe Portable Document Format]
t	lRb	1	46077	0.084	[not listed: 7]
z	*FR	2023	04	05	20	41
z	*LR	2023	05	09	10	03
z	ScR	0	0.000	84837	0
z	ScR	0	0.000	0	1b-  10b
z	ScR	0	0.000	0	11b- 100b
z	ScR	0	0.000	85122	101b-  1kb
z	ScR	0	0.000	509907	1kb- 10kb
z	ScR	0	0.000	352085	10kb-100kb
z	ScR	0	0.000	104639	100kb-  1Mb
z	ScR	0	0.000	4584	1Mb- 10Mb
z	ScR	0	0.000	55	10Mb-100Mb
z	ScR	0	0.000	13	100Mb-  1Gb
c	*FR	2014	03	02	13	52
c	*LR	2025	02	18	05	55
c	*f	0R	a
c	R	2388564	200 OK
c	R	26271	206 Partial content
c	R	214	301 Document moved permanently
c	R	77	302 Document found elsewhere
c	R	131163	304 Not modified since last retrieval
c	R	2014	400 Bad request
c	R	207	401 Authentication required
c	R	1495	403 Access forbidden
c	R	1183080	404 Document not found
c	R	3054	405 Method not allowed
c	R	1387	406 Document not acceptable to client
c	R	141	416 Requested range not valid
c	R	624	500 Internal server error
c	R	128	501 Request type not supported
I	*FR	2007	12	11	00	52
I	*LR	2025	02	18	05	55
I	*f	-30S	s
I	lRS	1	223559	171	/robots.txt
I	lRS	1	13133	18	/ads.txt
I	lRS	1	2555	9	/backup
I	lRS	1	3148	9	/wordpress
I	lRS	1	2768	9	/home
I	lRS	1	222	9	/media/system/js/core.js
I	lRS	1	3033	9	/new
I	lRS	1	3063	9	/old
I	lRS	1	3061	9	/wp
I	lRS	1	2516	9	/main
I	lRS	1	309	8	/wp-includes/js/jquery/jquery.js
I	lRS	1	2356	8	/bc
I	lRS	1	2357	8	/bk
I	lRS	1	806	4	/images/gta2+at-6+photo.jpg
I	lRS	1	336	4	/videos/bandito
I	lRS	1	5388	4	/.env
I	lRS	1	177	4	/gt50t
I	lRS	1	828	4	/images/at-6+kit+contents+1+small.jpg
I	lRS	1	50	3	/images/mpglc
I	lRS	1	172	3	/images/bandito
I	lRS	1	536	3	/sitemap.html
I	lRS	1	230	3	/images/ad
I	lRS	1	28	3	/images/flt
I	lRS	1	788	3	/images/at-6+kit+contents+2+small.jpg
I	lRS	1	2534	3	/videos/bandito+004+flt+8+clip+092508.wmv
I	lRS	1	11067	3	/wp-login.php
I	lRS	1	110	3	/uploads/gt100hl
I	lRS	1	301	3	/gt380
I	lRS	1	78	2	/wp-includes/css/buttons.css
I	lRS	1	491	2	/admin/controller/extension/extension/
I	lRS	1	905933	159	[not listed: 34116]
L	*FR	2007	12	11	00	52
L	*LR	2025	02	18	05	55
L	*f	-20S	s
L	RS	126	27	3.85.184.194
L	RS	72	27	18.191.155.131
L	RS	21	21	54.255.165.120
L	RS	38	19	196.251.89.9
L	RS	38	19	176.65.144.76
L	RS	68	17	34.173.104.76
L	RS	75	15	115.215.246.2
L	RS	40	10	159.89.171.244
L	RS	135	9	52.201.245.228
L	RS	36	9	44.222.114.217
L	RS	1178	8	35.173.236.178
L	RS	1049	7	145.239.10.137
L	RS	13	6	4.227.36.16
L	RS	2142	6	156.59.198.135
L	RS	1954	6	156.59.198.136
L	RS	136	5	40.77.167.184
L	RS	124	4	77.75.77.95
L	RS	47	3	172.203.190.130
L	RS	9	3	20.197.54.238
L	RS	23	3	4.227.36.113
L	RS	1184806	274	[not listed: 92990]
K	*FR	2013	12	22	04	20
K	*LR	2025	02	18	05	24
K	*f	-30S	s
K	lRS	1	1779	8	https://www.google.com/
K	lRS	1	1358	3	http://www.gtaeronautics.com/gtaTexan.html
K	lRS	1	1	1	http://gtaeronautics.com/configuration.php
K	lRS	1	19	1	http://www.gtaeronautics.com/1234.php
K	lRS	1	5	1	http://gtaeronautics.com/g383er.php
K	lRS	1	24	1	http://www.gtaeronautics.com/ueditor/dialogs/internal.js
K	lRS	1	11	1	http://gtaeronautics.com/test.php
K	lRS	1	5	1	http://gtaeronautics.com/1p.php
K	lRS	1	3	1	http://gtaeronautics.com/f3l.php
K	lRS	1	1	1	http://gtaeronautics.com/gecko.php
K	lRS	1	46	1	http://gtaeronautics.com/archivarix.cms.php
K	lRS	1	3	1	http://gtaeronautics.com/f3.php
K	lRS	1	2	1	http://gtaeronautics.com/ucms/img/loading.gif
K	lRS	1	2	1	http://www.gtaeronautics.com/ucms/img/loading.gif
K	lRS	1	23563	1	http://www.gtaeronautics.com/
K	lRS	1	2	1	http://gtaeronautics.com/1234.php
K	lRS	1	97218	0	[not listed: 8001]
E	*FR	2008	01	06	10	12
E	*LR	2025	02	16	22	04
E	*f	-30S	s
E	lSR	1	1	111	/dev
E	lSR	1	0	180	[not listed: 6]
l	*FR	2008	01	06	10	12
l	*LR	2025	02	16	22	04
l	*f	-20S	s
l	SR	1	2	196.251.89.9
l	SR	0	289	[not listed: 121]
v	*f	-20B	b
v	Rb	1888583	65.103	64.41.87.40
v	Rb	657415	34.897	66.113.131.59
R	*FR	2008	01	06	10	12
R	*LR	2025	02	16	22	04
R	*f	-20R	r
R	R	178	66.113.131.59
R	R	113	64.41.87.40
M	*FR	2007	12	11	00	52
M	*LR	2025	02	18	05	55
M	*f	-20R	r
M	R	889524	64.41.87.40
M	R	302606	66.113.131.59
J	*FR	2007	12	11	00	53
J	*LR	2017	03	17	18	30
J	*f	-20R	r
J	R	9	gtaeronautics
J	R	5	lorrigkj
J	R	1	rullma2063
J	R	1	administrator
J	R	1	satish
J	R	1	nnnnn
P	*FR	2024	04	17	09	27
P	*LR	2025	02	18	05	51
P	R	230	0
P	R	345	<= 0.01
P	R	5593	0.01-0.02
P	R	246086	0.02-0.05
P	R	290362	0.05-0.1 
P	R	394242	0.1 -0.2 
P	R	452229	0.2 -0.5 
P	R	223660	0.5 -1   
P	R	124450	1-  2 
P	R	49633	2-  5 
P	R	20159	5- 10 
P	R	10696	10- 20 
P	R	49397	20- 60 
P	R	4589	60-120 
P	R	16796	120-300 
