x	VE	analog 5.24
x	HN	gtaeronautics.com
x	PS	2025	12	20	02	47
x	FR	2007	12	18	17	05
x	LR	2025	12	19	05	57
x	E7	2025	12	20	02	47
x	SR	3274509
x	S7	8961
x	NC	939885
x	C7	0
x	FL	2418460
x	F7	5446
x	RR	430
x	R7	0
x	NH	138684
x	H7	863
x	BT	57520368399
x	B7	0
1	Rr	833936	25.468	2025
1	Rr	836367	25.542	2024
1	Rr	511208	15.612	2023
1	Rr	82334	2.514	2022
1	Rr	98917	3.021	2021
1	Rr	89380	2.730	2020
1	Rr	80088	2.446	2019
1	Rr	68927	2.105	2018
1	Rr	60168	1.837	2017
1	Rr	73316	2.239	2016
1	Rr	80796	2.467	2015
1	Rr	110773	3.383	2014
1	Rr	65173	1.990	2013
1	Rr	60742	1.855	2012
1	Rr	57015	1.741	2011
1	Rr	22139	0.676	2010
1	Rr	69710	2.129	2009
1	Rr	71820	2.193	2008
1	Rr	1700	0.052	2007
1	*BT	R	836367	2024
Q	Rr	206193	6.297	2025	4
Q	Rr	205969	6.290	2025	3
Q	Rr	216126	6.600	2025	2
Q	Rr	205648	6.280	2025	1
Q	Rr	202145	6.173	2024	4
Q	Rr	220334	6.729	2024	3
Q	Rr	204456	6.244	2024	2
Q	Rr	209432	6.396	2024	1
Q	Rr	182268	5.566	2023	4
Q	Rr	165939	5.068	2023	3
Q	Rr	135306	4.132	2023	2
Q	Rr	27695	0.846	2023	1
Q	Rr	20307	0.620	2022	4
Q	Rr	20362	0.622	2022	3
Q	Rr	21795	0.666	2022	2
Q	Rr	19870	0.607	2022	1
Q	Rr	21154	0.646	2021	4
Q	Rr	26826	0.819	2021	3
Q	Rr	30675	0.937	2021	2
Q	Rr	20262	0.619	2021	1
Q	Rr	22199	0.678	2020	4
Q	Rr	23882	0.729	2020	3
Q	Rr	21656	0.661	2020	2
Q	Rr	21643	0.661	2020	1
Q	Rr	19098	0.583	2019	4
Q	Rr	19668	0.601	2019	3
Q	Rr	19827	0.605	2019	2
Q	Rr	21495	0.656	2019	1
Q	Rr	18129	0.554	2018	4
Q	Rr	17138	0.523	2018	3
Q	Rr	16928	0.517	2018	2
Q	Rr	16732	0.511	2018	1
Q	Rr	15937	0.487	2017	4
Q	Rr	0	0.000	2017	3
Q	Rr	16831	0.514	2017	2
Q	Rr	27400	0.837	2017	1
Q	Rr	22114	0.675	2016	4
Q	Rr	17621	0.538	2016	3
Q	Rr	15878	0.485	2016	2
Q	Rr	17703	0.541	2016	1
Q	Rr	16575	0.506	2015	4
Q	Rr	22104	0.675	2015	3
Q	Rr	22485	0.687	2015	2
Q	Rr	19632	0.600	2015	1
Q	Rr	21142	0.646	2014	4
Q	Rr	22272	0.680	2014	3
Q	Rr	31453	0.961	2014	2
Q	Rr	35906	1.097	2014	1
Q	Rr	16436	0.502	2013	4
Q	Rr	15216	0.465	2013	3
Q	Rr	16545	0.505	2013	2
Q	Rr	16976	0.518	2013	1
Q	Rr	16578	0.506	2012	4
Q	Rr	12511	0.382	2012	3
Q	Rr	15816	0.483	2012	2
Q	Rr	15837	0.484	2012	1
Q	Rr	15444	0.472	2011	4
Q	Rr	17386	0.531	2011	3
Q	Rr	9395	0.287	2011	2
Q	Rr	14790	0.452	2011	1
Q	Rr	1603	0.049	2010	4
Q	Rr	0	0.000	2010	3
Q	Rr	14047	0.429	2010	2
Q	Rr	6489	0.198	2010	1
Q	Rr	16350	0.499	2009	4
Q	Rr	18220	0.556	2009	3
Q	Rr	17115	0.523	2009	2
Q	Rr	18025	0.550	2009	1
Q	Rr	15905	0.486	2008	4
Q	Rr	15660	0.478	2008	3
Q	Rr	22448	0.686	2008	2
Q	Rr	17807	0.544	2008	1
Q	Rr	1700	0.052	2007	4
Q	*BT	R	220334	2024	3
m	Rr	46191	1.411	2025	12
m	Rr	77712	2.373	2025	11
m	Rr	82290	2.513	2025	10
m	Rr	74076	2.262	2025	09
m	Rr	63909	1.952	2025	08
m	Rr	67984	2.076	2025	07
m	Rr	77454	2.365	2025	06
m	Rr	66558	2.033	2025	05
m	Rr	72114	2.202	2025	04
m	Rr	70528	2.154	2025	03
m	Rr	57744	1.763	2025	02
m	Rr	77376	2.363	2025	01
m	Rr	57890	1.768	2024	12
m	Rr	63975	1.954	2024	11
m	Rr	80280	2.452	2024	10
m	Rr	73644	2.249	2024	09
m	Rr	72041	2.200	2024	08
m	Rr	74649	2.280	2024	07
m	Rr	69378	2.119	2024	06
m	Rr	72365	2.210	2024	05
m	Rr	62713	1.915	2024	04
m	Rr	66782	2.039	2024	03
m	Rr	68592	2.095	2024	02
m	Rr	74058	2.262	2024	01
m	Rr	54270	1.657	2023	12
m	Rr	61278	1.871	2023	11
m	Rr	66720	2.038	2023	10
m	Rr	51132	1.562	2023	09
m	Rr	54561	1.666	2023	08
m	Rr	60246	1.840	2023	07
m	Rr	66204	2.022	2023	06
m	Rr	60120	1.836	2023	05
m	Rr	8982	0.274	2023	04
m	Rr	10848	0.331	2023	03
m	Rr	8360	0.255	2023	02
m	Rr	8487	0.259	2023	01
m	Rr	6950	0.212	2022	12
m	Rr	6349	0.194	2022	11
m	Rr	7008	0.214	2022	10
m	Rr	6740	0.206	2022	09
m	Rr	6863	0.210	2022	08
m	Rr	6759	0.206	2022	07
m	Rr	6567	0.201	2022	06
m	Rr	8427	0.257	2022	05
m	Rr	6801	0.208	2022	04
m	Rr	6380	0.195	2022	03
m	Rr	6175	0.189	2022	02
m	Rr	7315	0.223	2022	01
m	Rr	7667	0.234	2021	12
m	Rr	7097	0.217	2021	11
m	Rr	6390	0.195	2021	10
m	Rr	6059	0.185	2021	09
m	Rr	9092	0.278	2021	08
m	Rr	11675	0.357	2021	07
m	Rr	10152	0.310	2021	06
m	Rr	10231	0.312	2021	05
m	Rr	10292	0.314	2021	04
m	Rr	7948	0.243	2021	03
m	Rr	5800	0.177	2021	02
m	Rr	6514	0.199	2021	01
m	Rr	8069	0.246	2020	12
m	Rr	6579	0.201	2020	11
m	Rr	7551	0.231	2020	10
m	Rr	8028	0.245	2020	09
m	Rr	7741	0.236	2020	08
m	Rr	8113	0.248	2020	07
m	Rr	7317	0.223	2020	06
m	Rr	6898	0.211	2020	05
m	Rr	7441	0.227	2020	04
m	Rr	7524	0.230	2020	03
m	Rr	7322	0.224	2020	02
m	Rr	6797	0.208	2020	01
m	Rr	6573	0.201	2019	12
m	Rr	5917	0.181	2019	11
m	Rr	6608	0.202	2019	10
m	Rr	6791	0.207	2019	09
m	Rr	6597	0.201	2019	08
m	Rr	6280	0.192	2019	07
m	Rr	6317	0.193	2019	06
m	Rr	6847	0.209	2019	05
m	Rr	6663	0.203	2019	04
m	Rr	7059	0.216	2019	03
m	Rr	6374	0.195	2019	02
m	Rr	8062	0.246	2019	01
m	Rr	6957	0.212	2018	12
m	Rr	5422	0.166	2018	11
m	Rr	5750	0.176	2018	10
m	Rr	5458	0.167	2018	09
m	Rr	5735	0.175	2018	08
m	Rr	5945	0.182	2018	07
m	Rr	7110	0.217	2018	06
m	Rr	6440	0.197	2018	05
m	Rr	3378	0.103	2018	04
m	Rr	5789	0.177	2018	03
m	Rr	5369	0.164	2018	02
m	Rr	5574	0.170	2018	01
m	Rr	3906	0.119	2017	12
m	Rr	6533	0.200	2017	11
m	Rr	5498	0.168	2017	10
m	Rr	0	0.000	2017	09
m	Rr	0	0.000	2017	08
m	Rr	0	0.000	2017	07
m	Rr	0	0.000	2017	06
m	Rr	6832	0.209	2017	05
m	Rr	9999	0.305	2017	04
m	Rr	11887	0.363	2017	03
m	Rr	7941	0.243	2017	02
m	Rr	7572	0.231	2017	01
m	Rr	9483	0.290	2016	12
m	Rr	7121	0.217	2016	11
m	Rr	5510	0.168	2016	10
m	Rr	6288	0.192	2016	09
m	Rr	5888	0.180	2016	08
m	Rr	5445	0.166	2016	07
m	Rr	5042	0.154	2016	06
m	Rr	5495	0.168	2016	05
m	Rr	5341	0.163	2016	04
m	Rr	5558	0.170	2016	03
m	Rr	5548	0.169	2016	02
m	Rr	6597	0.201	2016	01
m	Rr	5574	0.170	2015	12
m	Rr	5330	0.163	2015	11
m	Rr	5671	0.173	2015	10
m	Rr	6196	0.189	2015	09
m	Rr	6788	0.207	2015	08
m	Rr	9120	0.279	2015	07
m	Rr	7156	0.219	2015	06
m	Rr	5694	0.174	2015	05
m	Rr	9635	0.294	2015	04
m	Rr	6215	0.190	2015	03
m	Rr	6084	0.186	2015	02
m	Rr	7333	0.224	2015	01
m	Rr	6608	0.202	2014	12
m	Rr	6997	0.214	2014	11
m	Rr	7537	0.230	2014	10
m	Rr	7043	0.215	2014	09
m	Rr	7324	0.224	2014	08
m	Rr	7905	0.241	2014	07
m	Rr	11654	0.356	2014	06
m	Rr	9211	0.281	2014	05
m	Rr	10588	0.323	2014	04
m	Rr	7817	0.239	2014	03
m	Rr	15229	0.465	2014	02
m	Rr	12860	0.393	2014	01
m	Rr	5325	0.163	2013	12
m	Rr	5513	0.168	2013	11
m	Rr	5598	0.171	2013	10
m	Rr	4655	0.142	2013	09
m	Rr	4938	0.151	2013	08
m	Rr	5623	0.172	2013	07
m	Rr	5492	0.168	2013	06
m	Rr	5211	0.159	2013	05
m	Rr	5842	0.178	2013	04
m	Rr	6068	0.185	2013	03
m	Rr	5055	0.154	2013	02
m	Rr	5853	0.179	2013	01
m	Rr	5688	0.174	2012	12
m	Rr	5477	0.167	2012	11
m	Rr	5413	0.165	2012	10
m	Rr	4331	0.132	2012	09
m	Rr	3866	0.118	2012	08
m	Rr	4314	0.132	2012	07
m	Rr	4655	0.142	2012	06
m	Rr	6047	0.185	2012	05
m	Rr	5114	0.156	2012	04
m	Rr	6128	0.187	2012	03
m	Rr	5430	0.166	2012	02
m	Rr	4279	0.131	2012	01
m	Rr	5548	0.169	2011	12
m	Rr	4779	0.146	2011	11
m	Rr	5117	0.156	2011	10
m	Rr	5431	0.166	2011	09
m	Rr	6256	0.191	2011	08
m	Rr	5699	0.174	2011	07
m	Rr	5420	0.166	2011	06
m	Rr	3975	0.121	2011	05
m	Rr	0	0.000	2011	04
m	Rr	3608	0.110	2011	03
m	Rr	5171	0.158	2011	02
m	Rr	6011	0.184	2011	01
m	Rr	1603	0.049	2010	12
m	Rr	0	0.000	2010	11
m	Rr	0	0.000	2010	10
m	Rr	0	0.000	2010	09
m	Rr	0	0.000	2010	08
m	Rr	0	0.000	2010	07
m	Rr	4101	0.125	2010	06
m	Rr	5018	0.153	2010	05
m	Rr	4928	0.150	2010	04
m	Rr	5095	0.156	2010	03
m	Rr	1394	0.043	2010	02
m	Rr	0	0.000	2010	01
m	Rr	4665	0.142	2009	12
m	Rr	6187	0.189	2009	11
m	Rr	5498	0.168	2009	10
m	Rr	5066	0.155	2009	09
m	Rr	5718	0.175	2009	08
m	Rr	7436	0.227	2009	07
m	Rr	5685	0.174	2009	06
m	Rr	6120	0.187	2009	05
m	Rr	5310	0.162	2009	04
m	Rr	5515	0.168	2009	03
m	Rr	6123	0.187	2009	02
m	Rr	6387	0.195	2009	01
m	Rr	5763	0.176	2008	12
m	Rr	5420	0.166	2008	11
m	Rr	4722	0.144	2008	10
m	Rr	5435	0.166	2008	09
m	Rr	4843	0.148	2008	08
m	Rr	5382	0.164	2008	07
m	Rr	6082	0.186	2008	06
m	Rr	9946	0.304	2008	05
m	Rr	6420	0.196	2008	04
m	Rr	5431	0.166	2008	03
m	Rr	6469	0.198	2008	02
m	Rr	5907	0.180	2008	01
m	Rr	1700	0.052	2007	12
m	*BT	R	82290	2025	10
W	Rr	7155	0.219	2025	12	14
W	Rr	19134	0.584	2025	12	07
W	Rr	22914	0.700	2025	11	30
W	Rr	15396	0.470	2025	11	23
W	Rr	18566	0.567	2025	11	16
W	Rr	18382	0.561	2025	11	09
W	Rr	21042	0.643	2025	11	02
W	Rr	18576	0.567	2025	10	26
W	Rr	19032	0.581	2025	10	19
W	Rr	20160	0.616	2025	10	12
W	Rr	15738	0.481	2025	10	05
W	Rr	16980	0.519	2025	09	28
W	Rr	15936	0.487	2025	09	21
W	Rr	18606	0.568	2025	09	14
W	Rr	18696	0.571	2025	09	07
W	Rr	15443	0.472	2025	08	31
W	Rr	14811	0.452	2025	08	24
W	Rr	14154	0.432	2025	08	17
W	Rr	16740	0.511	2025	08	10
W	Rr	11673	0.356	2025	08	03
W	Rr	13621	0.416	2025	07	27
W	Rr	15799	0.482	2025	07	20
W	Rr	16620	0.508	2025	07	13
W	Rr	17442	0.533	2025	07	06
W	Rr	13284	0.406	2025	06	29
W	Rr	18606	0.568	2025	06	22
W	Rr	23286	0.711	2025	06	15
W	Rr	14754	0.451	2025	06	08
W	Rr	17070	0.521	2025	06	01
W	Rr	15198	0.464	2025	05	25
W	Rr	16746	0.511	2025	05	18
W	Rr	14580	0.445	2025	05	11
W	Rr	13488	0.412	2025	05	04
W	Rr	15054	0.460	2025	04	27
W	Rr	16902	0.516	2025	04	20
W	Rr	18834	0.575	2025	04	13
W	Rr	15738	0.481	2025	04	06
W	Rr	16944	0.517	2025	03	30
W	Rr	15846	0.484	2025	03	23
W	Rr	14881	0.454	2025	03	16
W	Rr	13983	0.427	2025	03	09
W	Rr	18684	0.571	2025	03	02
W	Rr	15570	0.475	2025	02	23
W	Rr	16366	0.500	2025	02	16
W	Rr	10610	0.324	2025	02	09
W	Rr	16170	0.494	2025	02	02
W	Rr	18018	0.550	2025	01	26
W	Rr	18210	0.556	2025	01	19
W	Rr	18726	0.572	2025	01	12
W	Rr	16789	0.513	2025	01	05
W	Rr	12005	0.367	2024	12	29
W	Rr	11414	0.349	2024	12	22
W	Rr	15924	0.486	2024	12	15
W	Rr	12318	0.376	2024	12	08
W	Rr	13212	0.403	2024	12	01
W	Rr	14492	0.443	2024	11	24
W	Rr	14773	0.451	2024	11	17
W	Rr	15900	0.486	2024	11	10
W	Rr	15042	0.459	2024	11	03
W	Rr	14430	0.441	2024	10	27
W	Rr	20382	0.622	2024	10	20
W	Rr	20310	0.620	2024	10	13
W	Rr	17544	0.536	2024	10	06
W	Rr	16788	0.513	2024	09	29
W	Rr	16014	0.489	2024	09	22
W	Rr	17958	0.548	2024	09	15
W	Rr	18306	0.559	2024	09	08
W	Rr	15960	0.487	2024	09	01
W	Rr	18348	0.560	2024	08	25
W	Rr	15726	0.480	2024	08	18
W	Rr	14490	0.443	2024	08	11
W	Rr	15707	0.480	2024	08	04
W	Rr	17598	0.537	2024	07	28
W	Rr	15120	0.462	2024	07	21
W	Rr	14667	0.448	2024	07	14
W	Rr	18810	0.574	2024	07	07
W	Rr	18384	0.561	2024	06	30
W	Rr	16152	0.493	2024	06	23
W	Rr	16674	0.509	2024	06	16
W	Rr	13122	0.401	2024	06	09
W	Rr	18264	0.558	2024	06	02
W	Rr	17766	0.543	2024	05	26
W	Rr	14970	0.457	2024	05	19
W	Rr	14346	0.438	2024	05	12
W	Rr	17520	0.535	2024	05	05
W	Rr	17624	0.538	2024	04	28
W	Rr	15605	0.477	2024	04	21
W	Rr	14394	0.440	2024	04	14
W	Rr	13500	0.412	2024	04	07
W	Rr	13599	0.415	2024	03	31
W	Rr	16024	0.489	2024	03	24
W	Rr	14040	0.429	2024	03	17
W	Rr	16854	0.515	2024	03	10
W	Rr	15624	0.477	2024	03	03
W	Rr	17778	0.543	2024	02	25
W	Rr	13428	0.410	2024	02	18
W	Rr	16572	0.506	2024	02	11
W	Rr	17070	0.521	2024	02	04
W	Rr	26220	0.801	2024	01	28
W	Rr	14730	0.450	2024	01	21
W	Rr	13098	0.400	2024	01	14
W	Rr	15324	0.468	2024	01	07
W	Rr	12552	0.383	2023	12	31
W	Rr	11406	0.348	2023	12	24
W	Rr	11184	0.342	2023	12	17
W	Rr	13956	0.426	2023	12	10
W	Rr	13644	0.417	2023	12	03
W	Rr	12390	0.378	2023	11	26
W	Rr	11682	0.357	2023	11	19
W	Rr	15756	0.481	2023	11	12
W	Rr	16596	0.507	2023	11	05
W	Rr	16104	0.492	2023	10	29
W	Rr	13980	0.427	2023	10	22
W	Rr	15450	0.472	2023	10	15
W	Rr	14713	0.449	2023	10	08
W	Rr	14285	0.436	2023	10	01
W	Rr	14478	0.442	2023	09	24
W	Rr	11904	0.364	2023	09	17
W	Rr	10968	0.335	2023	09	10
W	Rr	10482	0.320	2023	09	03
W	Rr	10800	0.330	2023	08	27
W	Rr	14568	0.445	2023	08	20
W	Rr	12504	0.382	2023	08	13
W	Rr	12076	0.369	2023	08	06
W	Rr	10997	0.336	2023	07	30
W	Rr	13392	0.409	2023	07	23
W	Rr	13224	0.404	2023	07	16
W	Rr	16128	0.493	2023	07	09
W	Rr	13356	0.408	2023	07	02
W	Rr	12558	0.384	2023	06	25
W	Rr	17082	0.522	2023	06	18
W	Rr	16452	0.502	2023	06	11
W	Rr	15336	0.468	2023	06	04
W	Rr	13482	0.412	2023	05	28
W	Rr	16248	0.496	2023	05	21
W	Rr	15078	0.460	2023	05	14
W	Rr	17181	0.525	2023	05	07
W	Rr	4282	0.131	2023	04	30
W	Rr	2458	0.075	2023	04	23
W	Rr	2269	0.069	2023	04	16
W	Rr	1553	0.047	2023	04	09
W	Rr	2389	0.073	2023	04	02
W	Rr	1701	0.052	2023	03	26
W	Rr	1943	0.059	2023	03	19
W	Rr	2225	0.068	2023	03	12
W	Rr	2192	0.067	2023	03	05
W	Rr	4055	0.124	2023	02	26
W	Rr	2406	0.073	2023	02	19
W	Rr	1898	0.058	2023	02	12
W	Rr	1890	0.058	2023	02	05
W	Rr	1861	0.057	2023	01	29
W	Rr	1686	0.051	2023	01	22
W	Rr	1779	0.054	2023	01	15
W	Rr	1833	0.056	2023	01	08
W	Rr	2226	0.068	2023	01	01
W	Rr	1280	0.039	2022	12	25
W	Rr	1806	0.055	2022	12	18
W	Rr	1773	0.054	2022	12	11
W	Rr	1532	0.047	2022	12	04
W	Rr	1586	0.048	2022	11	27
W	Rr	1093	0.033	2022	11	20
W	Rr	1366	0.042	2022	11	13
W	Rr	1972	0.060	2022	11	06
W	Rr	1396	0.043	2022	10	30
W	Rr	1547	0.047	2022	10	23
W	Rr	1641	0.050	2022	10	16
W	Rr	1747	0.053	2022	10	09
W	Rr	1568	0.048	2022	10	02
W	Rr	1379	0.042	2022	09	25
W	Rr	1695	0.052	2022	09	18
W	Rr	1701	0.052	2022	09	11
W	Rr	1568	0.048	2022	09	04
W	Rr	1562	0.048	2022	08	28
W	Rr	1488	0.045	2022	08	21
W	Rr	1646	0.050	2022	08	14
W	Rr	1430	0.044	2022	08	07
W	Rr	1446	0.044	2022	07	31
W	Rr	1383	0.042	2022	07	24
W	Rr	1661	0.051	2022	07	17
W	Rr	1478	0.045	2022	07	10
W	Rr	1711	0.052	2022	07	03
W	Rr	1804	0.055	2022	06	26
W	Rr	1298	0.040	2022	06	19
W	Rr	1407	0.043	2022	06	12
W	Rr	1396	0.043	2022	06	05
W	Rr	1638	0.050	2022	05	29
W	Rr	1724	0.053	2022	05	22
W	Rr	2427	0.074	2022	05	15
W	Rr	2100	0.064	2022	05	08
W	Rr	1414	0.043	2022	05	01
W	Rr	1865	0.057	2022	04	24
W	Rr	1381	0.042	2022	04	17
W	Rr	1630	0.050	2022	04	10
W	Rr	1670	0.051	2022	04	03
W	Rr	1588	0.048	2022	03	27
W	Rr	1204	0.037	2022	03	20
W	Rr	1350	0.041	2022	03	13
W	Rr	1488	0.045	2022	03	06
W	Rr	1368	0.042	2022	02	27
W	Rr	1481	0.045	2022	02	20
W	Rr	1657	0.051	2022	02	13
W	Rr	1518	0.046	2022	02	06
W	Rr	1787	0.055	2022	01	30
W	Rr	2021	0.062	2022	01	23
W	Rr	1429	0.044	2022	01	16
W	Rr	1693	0.052	2022	01	09
W	Rr	1541	0.047	2022	01	02
W	Rr	1311	0.040	2021	12	26
W	Rr	1839	0.056	2021	12	19
W	Rr	1732	0.053	2021	12	12
W	Rr	2001	0.061	2021	12	05
W	Rr	1641	0.050	2021	11	28
W	Rr	1615	0.049	2021	11	21
W	Rr	1673	0.051	2021	11	14
W	Rr	1625	0.050	2021	11	07
W	Rr	1523	0.047	2021	10	31
W	Rr	1562	0.048	2021	10	24
W	Rr	1474	0.045	2021	10	17
W	Rr	1349	0.041	2021	10	10
W	Rr	1615	0.049	2021	10	03
W	Rr	1598	0.049	2021	09	26
W	Rr	1646	0.050	2021	09	19
W	Rr	1203	0.037	2021	09	12
W	Rr	1106	0.034	2021	09	05
W	Rr	1383	0.042	2021	08	29
W	Rr	1685	0.051	2021	08	22
W	Rr	2071	0.063	2021	08	15
W	Rr	2279	0.070	2021	08	08
W	Rr	2374	0.072	2021	08	01
W	Rr	2543	0.078	2021	07	25
W	Rr	2843	0.087	2021	07	18
W	Rr	2777	0.085	2021	07	11
W	Rr	2756	0.084	2021	07	04
W	Rr	2524	0.077	2021	06	27
W	Rr	2466	0.075	2021	06	20
W	Rr	2262	0.069	2021	06	13
W	Rr	2264	0.069	2021	06	06
W	Rr	2101	0.064	2021	05	30
W	Rr	3009	0.092	2021	05	23
W	Rr	1989	0.061	2021	05	16
W	Rr	2386	0.073	2021	05	09
W	Rr	2138	0.065	2021	05	02
W	Rr	1668	0.051	2021	04	25
W	Rr	2413	0.074	2021	04	18
W	Rr	3035	0.093	2021	04	11
W	Rr	2709	0.083	2021	04	04
W	Rr	1942	0.059	2021	03	28
W	Rr	1666	0.051	2021	03	21
W	Rr	1476	0.045	2021	03	14
W	Rr	1713	0.052	2021	03	07
W	Rr	1777	0.054	2021	02	28
W	Rr	1173	0.036	2021	02	21
W	Rr	1101	0.034	2021	02	14
W	Rr	1699	0.052	2021	02	07
W	Rr	1867	0.057	2021	01	31
W	Rr	1404	0.043	2021	01	24
W	Rr	1564	0.048	2021	01	17
W	Rr	1431	0.044	2021	01	10
W	Rr	1666	0.051	2021	01	03
W	Rr	1926	0.059	2020	12	27
W	Rr	1572	0.048	2020	12	20
W	Rr	1404	0.043	2020	12	13
W	Rr	2272	0.069	2020	12	06
W	Rr	1522	0.046	2020	11	29
W	Rr	1722	0.053	2020	11	22
W	Rr	1580	0.048	2020	11	15
W	Rr	1401	0.043	2020	11	08
W	Rr	1499	0.046	2020	11	01
W	Rr	1470	0.045	2020	10	25
W	Rr	2379	0.073	2020	10	18
W	Rr	1559	0.048	2020	10	11
W	Rr	1729	0.053	2020	10	04
W	Rr	1674	0.051	2020	09	27
W	Rr	1786	0.055	2020	09	20
W	Rr	2200	0.067	2020	09	13
W	Rr	1677	0.051	2020	09	06
W	Rr	1596	0.049	2020	08	30
W	Rr	1833	0.056	2020	08	23
W	Rr	1814	0.055	2020	08	16
W	Rr	2206	0.067	2020	08	09
W	Rr	1397	0.043	2020	08	02
W	Rr	1816	0.055	2020	07	26
W	Rr	1949	0.060	2020	07	19
W	Rr	1532	0.047	2020	07	12
W	Rr	1976	0.060	2020	07	05
W	Rr	1600	0.049	2020	06	28
W	Rr	1627	0.050	2020	06	21
W	Rr	2101	0.064	2020	06	14
W	Rr	1590	0.049	2020	06	07
W	Rr	1492	0.046	2020	05	31
W	Rr	1556	0.048	2020	05	24
W	Rr	1756	0.054	2020	05	17
W	Rr	1568	0.048	2020	05	10
W	Rr	1567	0.048	2020	05	03
W	Rr	1734	0.053	2020	04	26
W	Rr	1675	0.051	2020	04	19
W	Rr	1702	0.052	2020	04	12
W	Rr	1965	0.060	2020	04	05
W	Rr	1329	0.041	2020	03	29
W	Rr	1818	0.056	2020	03	22
W	Rr	1345	0.041	2020	03	15
W	Rr	1581	0.048	2020	03	08
W	Rr	2014	0.062	2020	03	01
W	Rr	1942	0.059	2020	02	23
W	Rr	1748	0.053	2020	02	16
W	Rr	1949	0.060	2020	02	09
W	Rr	1683	0.051	2020	02	02
W	Rr	1436	0.044	2020	01	26
W	Rr	1792	0.055	2020	01	19
W	Rr	1519	0.046	2020	01	12
W	Rr	1420	0.043	2020	01	05
W	Rr	1109	0.034	2019	12	29
W	Rr	1023	0.031	2019	12	22
W	Rr	1584	0.048	2019	12	15
W	Rr	1783	0.054	2019	12	08
W	Rr	1704	0.052	2019	12	01
W	Rr	1178	0.036	2019	11	24
W	Rr	1697	0.052	2019	11	17
W	Rr	1510	0.046	2019	11	10
W	Rr	1383	0.042	2019	11	03
W	Rr	1309	0.040	2019	10	27
W	Rr	1473	0.045	2019	10	20
W	Rr	1519	0.046	2019	10	13
W	Rr	1485	0.045	2019	10	06
W	Rr	1416	0.043	2019	09	29
W	Rr	1499	0.046	2019	09	22
W	Rr	1652	0.050	2019	09	15
W	Rr	1710	0.052	2019	09	08
W	Rr	1485	0.045	2019	09	01
W	Rr	1689	0.052	2019	08	25
W	Rr	1315	0.040	2019	08	18
W	Rr	1619	0.049	2019	08	11
W	Rr	1558	0.048	2019	08	04
W	Rr	1360	0.042	2019	07	28
W	Rr	1191	0.036	2019	07	21
W	Rr	1730	0.053	2019	07	14
W	Rr	1299	0.040	2019	07	07
W	Rr	1339	0.041	2019	06	30
W	Rr	1592	0.049	2019	06	23
W	Rr	1497	0.046	2019	06	16
W	Rr	1450	0.044	2019	06	09
W	Rr	1555	0.047	2019	06	02
W	Rr	1289	0.039	2019	05	26
W	Rr	1863	0.057	2019	05	19
W	Rr	1385	0.042	2019	05	12
W	Rr	1553	0.047	2019	05	05
W	Rr	1655	0.051	2019	04	28
W	Rr	1282	0.039	2019	04	21
W	Rr	1503	0.046	2019	04	14
W	Rr	1623	0.050	2019	04	07
W	Rr	1715	0.052	2019	03	31
W	Rr	1882	0.057	2019	03	24
W	Rr	1464	0.045	2019	03	17
W	Rr	1381	0.042	2019	03	10
W	Rr	1627	0.050	2019	03	03
W	Rr	1773	0.054	2019	02	24
W	Rr	1669	0.051	2019	02	17
W	Rr	1483	0.045	2019	02	10
W	Rr	1391	0.042	2019	02	03
W	Rr	1797	0.055	2019	01	27
W	Rr	1963	0.060	2019	01	20
W	Rr	2029	0.062	2019	01	13
W	Rr	1696	0.052	2019	01	06
W	Rr	1526	0.047	2018	12	30
W	Rr	1226	0.037	2018	12	23
W	Rr	1442	0.044	2018	12	16
W	Rr	1936	0.059	2018	12	09
W	Rr	1809	0.055	2018	12	02
W	Rr	1295	0.040	2018	11	25
W	Rr	1820	0.056	2018	11	18
W	Rr	1802	0.055	2018	11	11
W	Rr	0	0.000	2018	11	04
W	Rr	1473	0.045	2018	10	28
W	Rr	1106	0.034	2018	10	21
W	Rr	1427	0.044	2018	10	14
W	Rr	1214	0.037	2018	10	07
W	Rr	1168	0.036	2018	09	30
W	Rr	1420	0.043	2018	09	23
W	Rr	1197	0.037	2018	09	16
W	Rr	1388	0.042	2018	09	09
W	Rr	1320	0.040	2018	09	02
W	Rr	1246	0.038	2018	08	26
W	Rr	1214	0.037	2018	08	19
W	Rr	1366	0.042	2018	08	12
W	Rr	1195	0.036	2018	08	05
W	Rr	1346	0.041	2018	07	29
W	Rr	1374	0.042	2018	07	22
W	Rr	1508	0.046	2018	07	15
W	Rr	1522	0.046	2018	07	08
W	Rr	909	0.028	2018	07	01
W	Rr	1444	0.044	2018	06	24
W	Rr	2682	0.082	2018	06	17
W	Rr	1365	0.042	2018	06	10
W	Rr	1329	0.041	2018	06	03
W	Rr	1275	0.039	2018	05	27
W	Rr	1392	0.043	2018	05	20
W	Rr	1321	0.040	2018	05	13
W	Rr	1527	0.047	2018	05	06
W	Rr	1517	0.046	2018	04	29
W	Rr	0	0.000	2018	04	22
W	Rr	1364	0.042	2018	04	15
W	Rr	1712	0.052	2018	04	08
W	Rr	0	0.000	2018	04	01
W	Rr	1543	0.047	2018	03	25
W	Rr	1342	0.041	2018	03	18
W	Rr	2429	0.074	2018	03	11
W	Rr	0	0.000	2018	03	04
W	Rr	1366	0.042	2018	02	25
W	Rr	1308	0.040	2018	02	18
W	Rr	1439	0.044	2018	02	11
W	Rr	1731	0.053	2018	02	04
W	Rr	0	0.000	2018	01	28
W	Rr	1434	0.044	2018	01	21
W	Rr	1578	0.048	2018	01	14
W	Rr	1471	0.045	2018	01	07
W	Rr	1246	0.038	2017	12	31
W	Rr	1033	0.032	2017	12	24
W	Rr	1103	0.034	2017	12	17
W	Rr	1406	0.043	2017	12	10
W	Rr	0	0.000	2017	12	03
W	Rr	1335	0.041	2017	11	26
W	Rr	1427	0.044	2017	11	19
W	Rr	1662	0.051	2017	11	12
W	Rr	1414	0.043	2017	11	05
W	Rr	1349	0.041	2017	10	29
W	Rr	1208	0.037	2017	10	22
W	Rr	2013	0.061	2017	10	15
W	Rr	1832	0.056	2017	10	08
W	Rr	0	0.000	2017	10	01
W	Rr	0	0.000	2017	09	24
W	Rr	0	0.000	2017	09	17
W	Rr	0	0.000	2017	09	10
W	Rr	0	0.000	2017	09	03
W	Rr	0	0.000	2017	08	27
W	Rr	0	0.000	2017	08	20
W	Rr	0	0.000	2017	08	13
W	Rr	0	0.000	2017	08	06
W	Rr	0	0.000	2017	07	30
W	Rr	0	0.000	2017	07	23
W	Rr	0	0.000	2017	07	16
W	Rr	0	0.000	2017	07	09
W	Rr	0	0.000	2017	07	02
W	Rr	0	0.000	2017	06	25
W	Rr	0	0.000	2017	06	18
W	Rr	0	0.000	2017	06	11
W	Rr	0	0.000	2017	06	04
W	Rr	25	0.001	2017	05	28
W	Rr	1838	0.056	2017	05	21
W	Rr	1915	0.058	2017	05	14
W	Rr	1676	0.051	2017	05	07
W	Rr	1677	0.051	2017	04	30
W	Rr	2071	0.063	2017	04	23
W	Rr	1978	0.060	2017	04	16
W	Rr	1874	0.057	2017	04	09
W	Rr	3435	0.105	2017	04	02
W	Rr	2619	0.080	2017	03	26
W	Rr	2633	0.080	2017	03	19
W	Rr	2413	0.074	2017	03	12
W	Rr	3092	0.094	2017	03	05
W	Rr	2295	0.070	2017	02	26
W	Rr	2204	0.067	2017	02	19
W	Rr	1869	0.057	2017	02	12
W	Rr	1973	0.060	2017	02	05
W	Rr	1783	0.054	2017	01	29
W	Rr	1768	0.054	2017	01	22
W	Rr	1585	0.048	2017	01	15
W	Rr	1768	0.054	2017	01	08
W	Rr	1740	0.053	2017	01	01
W	Rr	1549	0.047	2016	12	25
W	Rr	2202	0.067	2016	12	18
W	Rr	1812	0.055	2016	12	11
W	Rr	2648	0.081	2016	12	04
W	Rr	2236	0.068	2016	11	27
W	Rr	1321	0.040	2016	11	20
W	Rr	1996	0.061	2016	11	13
W	Rr	1716	0.052	2016	11	06
W	Rr	1564	0.048	2016	10	30
W	Rr	1362	0.042	2016	10	23
W	Rr	1707	0.052	2016	10	16
W	Rr	1696	0.052	2016	10	09
W	Rr	36	0.001	2016	10	02
W	Rr	2002	0.061	2016	09	25
W	Rr	1399	0.043	2016	09	18
W	Rr	1199	0.037	2016	09	11
W	Rr	1326	0.040	2016	09	04
W	Rr	1316	0.040	2016	08	28
W	Rr	1257	0.038	2016	08	21
W	Rr	1208	0.037	2016	08	14
W	Rr	1602	0.049	2016	08	07
W	Rr	1319	0.040	2016	07	31
W	Rr	1796	0.055	2016	07	24
W	Rr	1171	0.036	2016	07	17
W	Rr	1167	0.036	2016	07	10
W	Rr	917	0.028	2016	07	03
W	Rr	920	0.028	2016	06	26
W	Rr	1179	0.036	2016	06	19
W	Rr	1288	0.039	2016	06	12
W	Rr	1237	0.038	2016	06	05
W	Rr	1263	0.039	2016	05	29
W	Rr	1338	0.041	2016	05	22
W	Rr	1184	0.036	2016	05	15
W	Rr	1365	0.042	2016	05	08
W	Rr	974	0.030	2016	05	01
W	Rr	1311	0.040	2016	04	24
W	Rr	1127	0.034	2016	04	17
W	Rr	1248	0.038	2016	04	10
W	Rr	1451	0.044	2016	04	03
W	Rr	987	0.030	2016	03	27
W	Rr	1233	0.038	2016	03	20
W	Rr	1347	0.041	2016	03	13
W	Rr	1347	0.041	2016	03	06
W	Rr	1236	0.038	2016	02	28
W	Rr	1422	0.043	2016	02	21
W	Rr	1085	0.033	2016	02	14
W	Rr	1427	0.044	2016	02	07
W	Rr	1359	0.042	2016	01	31
W	Rr	1708	0.052	2016	01	24
W	Rr	1476	0.045	2016	01	17
W	Rr	1563	0.048	2016	01	10
W	Rr	1381	0.042	2016	01	03
W	Rr	1273	0.039	2015	12	27
W	Rr	1084	0.033	2015	12	20
W	Rr	1344	0.041	2015	12	13
W	Rr	1336	0.041	2015	12	06
W	Rr	1123	0.034	2015	11	29
W	Rr	960	0.029	2015	11	22
W	Rr	1337	0.041	2015	11	15
W	Rr	1400	0.043	2015	11	08
W	Rr	1383	0.042	2015	11	01
W	Rr	1250	0.038	2015	10	25
W	Rr	1366	0.042	2015	10	18
W	Rr	1367	0.042	2015	10	11
W	Rr	1214	0.037	2015	10	04
W	Rr	1152	0.035	2015	09	27
W	Rr	1387	0.042	2015	09	20
W	Rr	1655	0.051	2015	09	13
W	Rr	1526	0.047	2015	09	06
W	Rr	1242	0.038	2015	08	30
W	Rr	1800	0.055	2015	08	23
W	Rr	1527	0.047	2015	08	16
W	Rr	1386	0.042	2015	08	09
W	Rr	1593	0.049	2015	08	02
W	Rr	1567	0.048	2015	07	26
W	Rr	1980	0.060	2015	07	19
W	Rr	2180	0.067	2015	07	12
W	Rr	2008	0.061	2015	07	05
W	Rr	2297	0.070	2015	06	28
W	Rr	1556	0.048	2015	06	21
W	Rr	1380	0.042	2015	06	14
W	Rr	2013	0.061	2015	06	07
W	Rr	1651	0.050	2015	05	31
W	Rr	1224	0.037	2015	05	24
W	Rr	1355	0.041	2015	05	17
W	Rr	1179	0.036	2015	05	10
W	Rr	1436	0.044	2015	05	03
W	Rr	1671	0.051	2015	04	26
W	Rr	1878	0.057	2015	04	19
W	Rr	2326	0.071	2015	04	12
W	Rr	2636	0.081	2015	04	05
W	Rr	2297	0.070	2015	03	29
W	Rr	1237	0.038	2015	03	22
W	Rr	1453	0.044	2015	03	15
W	Rr	1399	0.043	2015	03	08
W	Rr	1287	0.039	2015	03	01
W	Rr	1249	0.038	2015	02	22
W	Rr	1373	0.042	2015	02	15
W	Rr	1790	0.055	2015	02	08
W	Rr	1672	0.051	2015	02	01
W	Rr	1543	0.047	2015	01	25
W	Rr	1463	0.045	2015	01	18
W	Rr	1696	0.052	2015	01	11
W	Rr	1707	0.052	2015	01	04
W	Rr	1833	0.056	2014	12	28
W	Rr	1335	0.041	2014	12	21
W	Rr	1644	0.050	2014	12	14
W	Rr	1541	0.047	2014	12	07
W	Rr	1335	0.041	2014	11	30
W	Rr	1262	0.039	2014	11	23
W	Rr	2009	0.061	2014	11	16
W	Rr	1566	0.048	2014	11	09
W	Rr	1814	0.055	2014	11	02
W	Rr	1452	0.044	2014	10	26
W	Rr	1642	0.050	2014	10	19
W	Rr	1795	0.055	2014	10	12
W	Rr	1836	0.056	2014	10	05
W	Rr	1662	0.051	2014	09	28
W	Rr	1843	0.056	2014	09	21
W	Rr	1678	0.051	2014	09	14
W	Rr	1598	0.049	2014	09	07
W	Rr	1418	0.043	2014	08	31
W	Rr	1584	0.048	2014	08	24
W	Rr	1571	0.048	2014	08	17
W	Rr	1727	0.053	2014	08	10
W	Rr	1927	0.059	2014	08	03
W	Rr	1691	0.052	2014	07	27
W	Rr	1702	0.052	2014	07	20
W	Rr	1624	0.050	2014	07	13
W	Rr	1831	0.056	2014	07	06
W	Rr	1867	0.057	2014	06	29
W	Rr	1927	0.059	2014	06	22
W	Rr	2134	0.065	2014	06	15
W	Rr	4851	0.148	2014	06	08
W	Rr	2293	0.070	2014	06	01
W	Rr	3180	0.097	2014	05	25
W	Rr	1468	0.045	2014	05	18
W	Rr	1808	0.055	2014	05	11
W	Rr	1998	0.061	2014	05	04
W	Rr	1876	0.057	2014	04	27
W	Rr	2330	0.071	2014	04	20
W	Rr	2565	0.078	2014	04	13
W	Rr	2652	0.081	2014	04	06
W	Rr	2574	0.079	2014	03	30
W	Rr	1186	0.036	2014	03	23
W	Rr	1305	0.040	2014	03	16
W	Rr	2273	0.069	2014	03	09
W	Rr	2231	0.068	2014	03	02
W	Rr	1925	0.059	2014	02	23
W	Rr	7060	0.216	2014	02	16
W	Rr	2854	0.087	2014	02	09
W	Rr	3190	0.097	2014	02	02
W	Rr	3743	0.114	2014	01	26
W	Rr	3643	0.111	2014	01	19
W	Rr	2961	0.090	2014	01	12
W	Rr	2319	0.071	2014	01	05
W	Rr	981	0.030	2013	12	29
W	Rr	1108	0.034	2013	12	22
W	Rr	1226	0.037	2013	12	15
W	Rr	1285	0.039	2013	12	08
W	Rr	1289	0.039	2013	12	01
W	Rr	1404	0.043	2013	11	24
W	Rr	1142	0.035	2013	11	17
W	Rr	1334	0.041	2013	11	10
W	Rr	1277	0.039	2013	11	03
W	Rr	1035	0.032	2013	10	27
W	Rr	1309	0.040	2013	10	20
W	Rr	1302	0.040	2013	10	13
W	Rr	1432	0.044	2013	10	06
W	Rr	1178	0.036	2013	09	29
W	Rr	947	0.029	2013	09	22
W	Rr	1254	0.038	2013	09	15
W	Rr	1099	0.034	2013	09	08
W	Rr	1053	0.032	2013	09	01
W	Rr	1010	0.031	2013	08	25
W	Rr	1102	0.034	2013	08	18
W	Rr	1063	0.032	2013	08	11
W	Rr	1105	0.034	2013	08	04
W	Rr	1377	0.042	2013	07	28
W	Rr	1498	0.046	2013	07	21
W	Rr	1295	0.040	2013	07	14
W	Rr	1237	0.038	2013	07	07
W	Rr	1003	0.031	2013	06	30
W	Rr	1275	0.039	2013	06	23
W	Rr	1072	0.033	2013	06	16
W	Rr	1249	0.038	2013	06	09
W	Rr	1521	0.046	2013	06	02
W	Rr	1256	0.038	2013	05	26
W	Rr	1091	0.033	2013	05	19
W	Rr	1359	0.042	2013	05	12
W	Rr	1130	0.035	2013	05	05
W	Rr	1215	0.037	2013	04	28
W	Rr	1368	0.042	2013	04	21
W	Rr	1318	0.040	2013	04	14
W	Rr	1408	0.043	2013	04	07
W	Rr	1277	0.039	2013	03	31
W	Rr	1452	0.044	2013	03	24
W	Rr	1418	0.043	2013	03	17
W	Rr	1217	0.037	2013	03	10
W	Rr	1490	0.046	2013	03	03
W	Rr	1353	0.041	2013	02	24
W	Rr	1268	0.039	2013	02	17
W	Rr	1274	0.039	2013	02	10
W	Rr	1153	0.035	2013	02	03
W	Rr	1266	0.039	2013	01	27
W	Rr	1271	0.039	2013	01	20
W	Rr	1449	0.044	2013	01	13
W	Rr	1253	0.038	2013	01	06
W	Rr	1309	0.040	2012	12	30
W	Rr	1156	0.035	2012	12	23
W	Rr	1336	0.041	2012	12	16
W	Rr	1575	0.048	2012	12	09
W	Rr	1087	0.033	2012	12	02
W	Rr	1376	0.042	2012	11	25
W	Rr	1136	0.035	2012	11	18
W	Rr	1341	0.041	2012	11	11
W	Rr	1418	0.043	2012	11	04
W	Rr	1103	0.034	2012	10	28
W	Rr	1200	0.037	2012	10	21
W	Rr	1382	0.042	2012	10	14
W	Rr	1127	0.034	2012	10	07
W	Rr	1187	0.036	2012	09	30
W	Rr	1172	0.036	2012	09	23
W	Rr	1034	0.032	2012	09	16
W	Rr	944	0.029	2012	09	09
W	Rr	958	0.029	2012	09	02
W	Rr	734	0.022	2012	08	26
W	Rr	881	0.027	2012	08	19
W	Rr	874	0.027	2012	08	12
W	Rr	973	0.030	2012	08	05
W	Rr	1010	0.031	2012	07	29
W	Rr	943	0.029	2012	07	22
W	Rr	1089	0.033	2012	07	15
W	Rr	888	0.027	2012	07	08
W	Rr	845	0.026	2012	07	01
W	Rr	1070	0.033	2012	06	24
W	Rr	1050	0.032	2012	06	17
W	Rr	1271	0.039	2012	06	10
W	Rr	957	0.029	2012	06	03
W	Rr	1249	0.038	2012	05	27
W	Rr	1055	0.032	2012	05	20
W	Rr	1392	0.043	2012	05	13
W	Rr	1140	0.035	2012	05	06
W	Rr	1807	0.055	2012	04	29
W	Rr	1225	0.037	2012	04	22
W	Rr	1264	0.039	2012	04	15
W	Rr	1075	0.033	2012	04	08
W	Rr	1261	0.039	2012	04	01
W	Rr	1345	0.041	2012	03	25
W	Rr	1254	0.038	2012	03	18
W	Rr	1478	0.045	2012	03	11
W	Rr	1503	0.046	2012	03	04
W	Rr	1532	0.047	2012	02	26
W	Rr	1464	0.045	2012	02	19
W	Rr	1154	0.035	2012	02	12
W	Rr	1240	0.038	2012	02	05
W	Rr	1088	0.033	2012	01	29
W	Rr	1125	0.034	2012	01	22
W	Rr	60	0.002	2012	01	15
W	Rr	1472	0.045	2012	01	08
W	Rr	1122	0.034	2012	01	01
W	Rr	888	0.027	2011	12	25
W	Rr	1360	0.042	2011	12	18
W	Rr	1486	0.045	2011	12	11
W	Rr	1330	0.041	2011	12	04
W	Rr	1094	0.033	2011	11	27
W	Rr	1062	0.032	2011	11	20
W	Rr	1123	0.034	2011	11	13
W	Rr	975	0.030	2011	11	06
W	Rr	1264	0.039	2011	10	30
W	Rr	1140	0.035	2011	10	23
W	Rr	1211	0.037	2011	10	16
W	Rr	1236	0.038	2011	10	09
W	Rr	1128	0.034	2011	10	02
W	Rr	1083	0.033	2011	09	25
W	Rr	1451	0.044	2011	09	18
W	Rr	1278	0.039	2011	09	11
W	Rr	1219	0.037	2011	09	04
W	Rr	1316	0.040	2011	08	28
W	Rr	1119	0.034	2011	08	21
W	Rr	1484	0.045	2011	08	14
W	Rr	1671	0.051	2011	08	07
W	Rr	1319	0.040	2011	07	31
W	Rr	1197	0.037	2011	07	24
W	Rr	1504	0.046	2011	07	17
W	Rr	1367	0.042	2011	07	10
W	Rr	1205	0.037	2011	07	03
W	Rr	1333	0.041	2011	06	26
W	Rr	1059	0.032	2011	06	19
W	Rr	1353	0.041	2011	06	12
W	Rr	1275	0.039	2011	06	05
W	Rr	983	0.030	2011	05	29
W	Rr	1262	0.039	2011	05	22
W	Rr	1374	0.042	2011	05	15
W	Rr	1076	0.033	2011	05	08
W	Rr	0	0.000	2011	05	01
W	Rr	0	0.000	2011	04	24
W	Rr	0	0.000	2011	04	17
W	Rr	0	0.000	2011	04	10
W	Rr	0	0.000	2011	04	03
W	Rr	0	0.000	2011	03	27
W	Rr	24	0.001	2011	03	20
W	Rr	1317	0.040	2011	03	13
W	Rr	1258	0.038	2011	03	06
W	Rr	1372	0.042	2011	02	27
W	Rr	1226	0.037	2011	02	20
W	Rr	1524	0.047	2011	02	13
W	Rr	1366	0.042	2011	02	06
W	Rr	958	0.029	2011	01	30
W	Rr	1273	0.039	2011	01	23
W	Rr	1560	0.048	2011	01	16
W	Rr	1472	0.045	2011	01	09
W	Rr	1310	0.040	2011	01	02
W	Rr	798	0.024	2010	12	26
W	Rr	935	0.029	2010	12	19
W	Rr	0	0.000	2010	12	12
W	Rr	0	0.000	2010	12	05
W	Rr	0	0.000	2010	11	28
W	Rr	0	0.000	2010	11	21
W	Rr	0	0.000	2010	11	14
W	Rr	0	0.000	2010	11	07
W	Rr	0	0.000	2010	10	31
W	Rr	0	0.000	2010	10	24
W	Rr	0	0.000	2010	10	17
W	Rr	0	0.000	2010	10	10
W	Rr	0	0.000	2010	10	03
W	Rr	0	0.000	2010	09	26
W	Rr	0	0.000	2010	09	19
W	Rr	0	0.000	2010	09	12
W	Rr	0	0.000	2010	09	05
W	Rr	0	0.000	2010	08	29
W	Rr	0	0.000	2010	08	22
W	Rr	0	0.000	2010	08	15
W	Rr	0	0.000	2010	08	08
W	Rr	0	0.000	2010	08	01
W	Rr	0	0.000	2010	07	25
W	Rr	0	0.000	2010	07	18
W	Rr	0	0.000	2010	07	11
W	Rr	0	0.000	2010	07	04
W	Rr	15	0.000	2010	06	27
W	Rr	914	0.028	2010	06	20
W	Rr	1104	0.034	2010	06	13
W	Rr	1096	0.033	2010	06	06
W	Rr	1171	0.036	2010	05	30
W	Rr	1115	0.034	2010	05	23
W	Rr	1170	0.036	2010	05	16
W	Rr	1334	0.041	2010	05	09
W	Rr	1109	0.034	2010	05	02
W	Rr	1067	0.033	2010	04	25
W	Rr	1212	0.037	2010	04	18
W	Rr	1054	0.032	2010	04	11
W	Rr	1325	0.040	2010	04	04
W	Rr	811	0.025	2010	03	28
W	Rr	1195	0.036	2010	03	21
W	Rr	1338	0.041	2010	03	14
W	Rr	1113	0.034	2010	03	07
W	Rr	1103	0.034	2010	02	28
W	Rr	1290	0.039	2010	02	21
W	Rr	0	0.000	2010	02	14
W	Rr	0	0.000	2010	02	07
W	Rr	0	0.000	2010	01	31
W	Rr	0	0.000	2010	01	24
W	Rr	0	0.000	2010	01	17
W	Rr	0	0.000	2010	01	10
W	Rr	0	0.000	2010	01	03
W	Rr	78	0.002	2009	12	27
W	Rr	945	0.029	2009	12	20
W	Rr	1140	0.035	2009	12	13
W	Rr	1323	0.040	2009	12	06
W	Rr	1518	0.046	2009	11	29
W	Rr	1352	0.041	2009	11	22
W	Rr	1346	0.041	2009	11	15
W	Rr	1416	0.043	2009	11	08
W	Rr	1734	0.053	2009	11	01
W	Rr	1035	0.032	2009	10	25
W	Rr	1297	0.040	2009	10	18
W	Rr	1267	0.039	2009	10	11
W	Rr	1440	0.044	2009	10	04
W	Rr	1521	0.046	2009	09	27
W	Rr	1121	0.034	2009	09	20
W	Rr	875	0.027	2009	09	13
W	Rr	1032	0.032	2009	09	06
W	Rr	1283	0.039	2009	08	30
W	Rr	1214	0.037	2009	08	23
W	Rr	1402	0.043	2009	08	16
W	Rr	1260	0.038	2009	08	09
W	Rr	1404	0.043	2009	08	02
W	Rr	1380	0.042	2009	07	26
W	Rr	1470	0.045	2009	07	19
W	Rr	1750	0.053	2009	07	12
W	Rr	1847	0.056	2009	07	05
W	Rr	1889	0.058	2009	06	28
W	Rr	1312	0.040	2009	06	21
W	Rr	1093	0.033	2009	06	14
W	Rr	1363	0.042	2009	06	07
W	Rr	1251	0.038	2009	05	31
W	Rr	1352	0.041	2009	05	24
W	Rr	1133	0.035	2009	05	17
W	Rr	1887	0.058	2009	05	10
W	Rr	1369	0.042	2009	05	03
W	Rr	1089	0.033	2009	04	26
W	Rr	1160	0.035	2009	04	19
W	Rr	1189	0.036	2009	04	12
W	Rr	1529	0.047	2009	04	05
W	Rr	1155	0.035	2009	03	29
W	Rr	1230	0.038	2009	03	22
W	Rr	1029	0.031	2009	03	15
W	Rr	1234	0.038	2009	03	08
W	Rr	1486	0.045	2009	03	01
W	Rr	1470	0.045	2009	02	22
W	Rr	1198	0.037	2009	02	15
W	Rr	1802	0.055	2009	02	08
W	Rr	1653	0.050	2009	02	01
W	Rr	1346	0.041	2009	01	25
W	Rr	1431	0.044	2009	01	18
W	Rr	1678	0.051	2009	01	11
W	Rr	1591	0.049	2009	01	04
W	Rr	886	0.027	2008	12	28
W	Rr	1148	0.035	2008	12	21
W	Rr	1428	0.044	2008	12	14
W	Rr	1508	0.046	2008	12	07
W	Rr	1194	0.036	2008	11	30
W	Rr	1070	0.033	2008	11	23
W	Rr	1396	0.043	2008	11	16
W	Rr	1255	0.038	2008	11	09
W	Rr	1314	0.040	2008	11	02
W	Rr	1397	0.043	2008	10	26
W	Rr	1638	0.050	2008	10	19
W	Rr	1298	0.040	2008	10	12
W	Rr	430	0.013	2008	10	05
W	Rr	723	0.022	2008	09	28
W	Rr	1308	0.040	2008	09	21
W	Rr	1242	0.038	2008	09	14
W	Rr	1409	0.043	2008	09	07
W	Rr	1142	0.035	2008	08	31
W	Rr	1022	0.031	2008	08	24
W	Rr	1062	0.032	2008	08	17
W	Rr	1188	0.036	2008	08	10
W	Rr	1232	0.038	2008	08	03
W	Rr	1050	0.032	2008	07	27
W	Rr	1272	0.039	2008	07	20
W	Rr	1305	0.040	2008	07	13
W	Rr	1093	0.033	2008	07	06
W	Rr	1182	0.036	2008	06	29
W	Rr	1937	0.059	2008	06	22
W	Rr	1493	0.046	2008	06	15
W	Rr	1083	0.033	2008	06	08
W	Rr	1283	0.039	2008	06	01
W	Rr	1432	0.044	2008	05	25
W	Rr	1726	0.053	2008	05	18
W	Rr	1580	0.048	2008	05	11
W	Rr	2661	0.081	2008	05	04
W	Rr	3648	0.111	2008	04	27
W	Rr	1400	0.043	2008	04	20
W	Rr	1365	0.042	2008	04	13
W	Rr	1213	0.037	2008	04	06
W	Rr	1670	0.051	2008	03	30
W	Rr	1211	0.037	2008	03	23
W	Rr	1144	0.035	2008	03	16
W	Rr	1301	0.040	2008	03	09
W	Rr	1292	0.039	2008	03	02
W	Rr	1427	0.044	2008	02	24
W	Rr	2207	0.067	2008	02	17
W	Rr	1124	0.034	2008	02	10
W	Rr	1561	0.048	2008	02	03
W	Rr	1533	0.047	2008	01	27
W	Rr	1389	0.042	2008	01	20
W	Rr	1133	0.035	2008	01	13
W	Rr	1404	0.043	2008	01	06
W	Rr	976	0.030	2007	12	30
W	Rr	801	0.024	2007	12	23
W	Rr	675	0.021	2007	12	16
W	*BT	R	26220	2024	01	28
D	Rr	85	0.003	2025	12	19
D	Rr	695	0.021	2025	12	18
D	Rr	1200	0.037	2025	12	17
D	Rr	1703	0.052	2025	12	16
D	Rr	2267	0.069	2025	12	15
D	Rr	1205	0.037	2025	12	14
D	Rr	1902	0.058	2025	12	13
D	Rr	2586	0.079	2025	12	12
D	Rr	2808	0.086	2025	12	11
D	Rr	4482	0.137	2025	12	10
D	Rr	2922	0.089	2025	12	09
D	Rr	2712	0.083	2025	12	08
D	Rr	1722	0.053	2025	12	07
D	Rr	1872	0.057	2025	12	06
D	Rr	3978	0.121	2025	12	05
D	Rr	4416	0.135	2025	12	04
D	Rr	3156	0.096	2025	12	03
D	Rr	2856	0.087	2025	12	02
D	Rr	3624	0.111	2025	12	01
D	Rr	3012	0.092	2025	11	30
D	Rr	1974	0.060	2025	11	29
D	Rr	2184	0.067	2025	11	28
D	Rr	1410	0.043	2025	11	27
D	Rr	3240	0.099	2025	11	26
D	Rr	1890	0.058	2025	11	25
D	Rr	2952	0.090	2025	11	24
D	Rr	1746	0.053	2025	11	23
D	Rr	2160	0.066	2025	11	22
D	Rr	3510	0.107	2025	11	21
D	Rr	2274	0.069	2025	11	20
D	Rr	1992	0.061	2025	11	19
D	Rr	3455	0.106	2025	11	18
D	Rr	3670	0.112	2025	11	17
D	Rr	1505	0.046	2025	11	16
D	Rr	1505	0.046	2025	11	15
D	Rr	2955	0.090	2025	11	14
D	Rr	2436	0.074	2025	11	13
D	Rr	2051	0.063	2025	11	12
D	Rr	3195	0.098	2025	11	11
D	Rr	4515	0.138	2025	11	10
D	Rr	1725	0.053	2025	11	09
D	Rr	1635	0.050	2025	11	08
D	*BT	R	9912	2024	01	29
d	Rr	385119	11.761	Sun
d	Rr	520267	15.888	Mon
d	Rr	517200	15.795	Tue
d	Rr	526004	16.064	Wed
d	Rr	506393	15.465	Thu
d	Rr	484266	14.789	Fri
d	Rr	335260	10.238	Sat
H	Rr	32	0.001	2025	12	19	05
H	Rr	9	0.000	2025	12	19	04
H	Rr	13	0.000	2025	12	19	03
H	Rr	10	0.000	2025	12	19	02
H	Rr	14	0.000	2025	12	19	01
H	Rr	7	0.000	2025	12	19	00
H	Rr	40	0.001	2025	12	18	23
H	Rr	40	0.001	2025	12	18	22
H	Rr	7	0.000	2025	12	18	21
H	Rr	43	0.001	2025	12	18	20
H	Rr	6	0.000	2025	12	18	19
H	Rr	11	0.000	2025	12	18	18
H	Rr	6	0.000	2025	12	18	17
H	Rr	144	0.004	2025	12	18	16
H	Rr	131	0.004	2025	12	18	15
H	Rr	1	0.000	2025	12	18	14
H	Rr	6	0.000	2025	12	18	13
H	Rr	9	0.000	2025	12	18	12
H	Rr	5	0.000	2025	12	18	11
H	Rr	15	0.000	2025	12	18	10
H	Rr	15	0.000	2025	12	18	09
H	Rr	4	0.000	2025	12	18	08
H	Rr	13	0.000	2025	12	18	07
H	Rr	3	0.000	2025	12	18	06
H	Rr	14	0.000	2025	12	18	05
H	Rr	58	0.002	2025	12	18	04
H	Rr	50	0.002	2025	12	18	03
H	Rr	22	0.001	2025	12	18	02
H	Rr	32	0.001	2025	12	18	01
H	Rr	20	0.001	2025	12	18	00
H	Rr	10	0.000	2025	12	17	23
H	Rr	10	0.000	2025	12	17	22
H	Rr	10	0.000	2025	12	17	21
H	Rr	14	0.000	2025	12	17	20
H	Rr	16	0.000	2025	12	17	19
H	Rr	8	0.000	2025	12	17	18
H	Rr	20	0.001	2025	12	17	17
H	Rr	18	0.001	2025	12	17	16
H	Rr	98	0.003	2025	12	17	15
H	Rr	34	0.001	2025	12	17	14
H	Rr	10	0.000	2025	12	17	13
H	Rr	6	0.000	2025	12	17	12
H	Rr	10	0.000	2025	12	17	11
H	Rr	32	0.001	2025	12	17	10
H	Rr	20	0.001	2025	12	17	09
H	Rr	12	0.000	2025	12	17	08
H	Rr	14	0.000	2025	12	17	07
H	Rr	96	0.003	2025	12	17	06
H	Rr	51	0.002	2025	12	17	05
H	Rr	24	0.001	2025	12	17	04
H	Rr	123	0.004	2025	12	17	03
H	Rr	282	0.009	2025	12	17	02
H	Rr	21	0.001	2025	12	17	01
H	Rr	261	0.008	2025	12	17	00
H	Rr	288	0.009	2025	12	16	23
H	Rr	18	0.001	2025	12	16	22
H	Rr	18	0.001	2025	12	16	21
H	Rr	27	0.001	2025	12	16	20
H	Rr	276	0.008	2025	12	16	19
H	Rr	435	0.013	2025	12	16	18
H	Rr	21	0.001	2025	12	16	17
H	Rr	30	0.001	2025	12	16	16
H	Rr	87	0.003	2025	12	16	15
H	Rr	39	0.001	2025	12	16	14
H	Rr	42	0.001	2025	12	16	13
H	Rr	27	0.001	2025	12	16	12
H	Rr	30	0.001	2025	12	16	11
H	Rr	102	0.003	2025	12	16	10
H	Rr	15	0.000	2025	12	16	09
H	Rr	21	0.001	2025	12	16	08
H	Rr	3	0.000	2025	12	16	07
H	Rr	12	0.000	2025	12	16	06
H	*BT	R	2385	2025	07	26	02
h	Rr	129642	3.959	00
h	Rr	114314	3.491	01
h	Rr	127849	3.904	02
h	Rr	144830	4.423	03
h	Rr	122181	3.731	04
h	Rr	122044	3.727	05
h	Rr	111494	3.405	06
h	Rr	110802	3.384	07
h	Rr	101974	3.114	08
h	Rr	101489	3.099	09
h	Rr	103549	3.162	10
h	Rr	108341	3.309	11
h	Rr	109578	3.346	12
h	Rr	116293	3.551	13
h	Rr	143868	4.394	14
h	Rr	174027	5.315	15
h	Rr	191718	5.855	16
h	Rr	180899	5.524	17
h	Rr	184107	5.622	18
h	Rr	181264	5.536	19
h	Rr	167323	5.110	20
h	Rr	148828	4.545	21
h	Rr	145159	4.433	22
h	Rr	132936	4.060	23
4	Rr	2	0.000	2025	12	19	05	45
4	Rr	2	0.000	2025	12	19	05	30
4	Rr	27	0.001	2025	12	19	05	15
4	Rr	1	0.000	2025	12	19	05	00
4	Rr	4	0.000	2025	12	19	04	45
4	Rr	0	0.000	2025	12	19	04	30
4	Rr	3	0.000	2025	12	19	04	15
4	Rr	2	0.000	2025	12	19	04	00
4	Rr	4	0.000	2025	12	19	03	45
4	Rr	8	0.000	2025	12	19	03	30
4	Rr	0	0.000	2025	12	19	03	15
4	Rr	1	0.000	2025	12	19	03	00
4	Rr	5	0.000	2025	12	19	02	45
4	Rr	2	0.000	2025	12	19	02	30
4	Rr	2	0.000	2025	12	19	02	15
4	Rr	1	0.000	2025	12	19	02	00
4	Rr	3	0.000	2025	12	19	01	45
4	Rr	6	0.000	2025	12	19	01	30
4	Rr	4	0.000	2025	12	19	01	15
4	Rr	1	0.000	2025	12	19	01	00
4	Rr	1	0.000	2025	12	19	00	45
4	Rr	2	0.000	2025	12	19	00	30
4	Rr	2	0.000	2025	12	19	00	15
4	Rr	2	0.000	2025	12	19	00	00
4	Rr	0	0.000	2025	12	18	23	45
4	Rr	2	0.000	2025	12	18	23	30
4	Rr	38	0.001	2025	12	18	23	15
4	Rr	0	0.000	2025	12	18	23	00
4	Rr	33	0.001	2025	12	18	22	45
4	Rr	1	0.000	2025	12	18	22	30
4	Rr	5	0.000	2025	12	18	22	15
4	Rr	1	0.000	2025	12	18	22	00
4	Rr	2	0.000	2025	12	18	21	45
4	Rr	0	0.000	2025	12	18	21	30
4	Rr	3	0.000	2025	12	18	21	15
4	Rr	2	0.000	2025	12	18	21	00
4	Rr	0	0.000	2025	12	18	20	45
4	Rr	2	0.000	2025	12	18	20	30
4	Rr	37	0.001	2025	12	18	20	15
4	Rr	4	0.000	2025	12	18	20	00
4	Rr	0	0.000	2025	12	18	19	45
4	Rr	1	0.000	2025	12	18	19	30
4	Rr	4	0.000	2025	12	18	19	15
4	Rr	1	0.000	2025	12	18	19	00
4	Rr	0	0.000	2025	12	18	18	45
4	Rr	3	0.000	2025	12	18	18	30
4	Rr	2	0.000	2025	12	18	18	15
4	Rr	6	0.000	2025	12	18	18	00
4	Rr	2	0.000	2025	12	18	17	45
4	Rr	1	0.000	2025	12	18	17	30
4	Rr	3	0.000	2025	12	18	17	15
4	Rr	0	0.000	2025	12	18	17	00
4	Rr	105	0.003	2025	12	18	16	45
4	Rr	0	0.000	2025	12	18	16	30
4	Rr	2	0.000	2025	12	18	16	15
4	Rr	37	0.001	2025	12	18	16	00
4	Rr	126	0.004	2025	12	18	15	45
4	Rr	1	0.000	2025	12	18	15	30
4	Rr	0	0.000	2025	12	18	15	15
4	Rr	4	0.000	2025	12	18	15	00
4	Rr	0	0.000	2025	12	18	14	45
4	Rr	1	0.000	2025	12	18	14	30
4	Rr	0	0.000	2025	12	18	14	15
4	Rr	0	0.000	2025	12	18	14	00
4	Rr	3	0.000	2025	12	18	13	45
4	Rr	1	0.000	2025	12	18	13	30
4	Rr	1	0.000	2025	12	18	13	15
4	Rr	1	0.000	2025	12	18	13	00
4	Rr	1	0.000	2025	12	18	12	45
4	Rr	6	0.000	2025	12	18	12	30
4	Rr	1	0.000	2025	12	18	12	15
4	Rr	1	0.000	2025	12	18	12	00
4	Rr	2	0.000	2025	12	18	11	45
4	Rr	1	0.000	2025	12	18	11	30
4	Rr	2	0.000	2025	12	18	11	15
4	Rr	0	0.000	2025	12	18	11	00
4	Rr	3	0.000	2025	12	18	10	45
4	Rr	2	0.000	2025	12	18	10	30
4	Rr	3	0.000	2025	12	18	10	15
4	Rr	7	0.000	2025	12	18	10	00
4	Rr	2	0.000	2025	12	18	09	45
4	Rr	2	0.000	2025	12	18	09	30
4	Rr	5	0.000	2025	12	18	09	15
4	Rr	6	0.000	2025	12	18	09	00
4	Rr	1	0.000	2025	12	18	08	45
4	Rr	2	0.000	2025	12	18	08	30
4	Rr	1	0.000	2025	12	18	08	15
4	Rr	0	0.000	2025	12	18	08	00
4	Rr	0	0.000	2025	12	18	07	45
4	Rr	0	0.000	2025	12	18	07	30
4	Rr	12	0.000	2025	12	18	07	15
4	Rr	1	0.000	2025	12	18	07	00
4	Rr	1	0.000	2025	12	18	06	45
4	Rr	1	0.000	2025	12	18	06	30
4	Rr	1	0.000	2025	12	18	06	15
4	Rr	0	0.000	2025	12	18	06	00
4	*BT	R	2260	2025	07	26	02	30
6	Rr	33478	1.022	00	00
6	Rr	32499	0.992	00	15
6	Rr	31665	0.967	00	30
6	Rr	32000	0.977	00	45
6	Rr	26951	0.823	01	00
6	Rr	29259	0.894	01	15
6	Rr	28276	0.864	01	30
6	Rr	29828	0.911	01	45
6	Rr	28284	0.864	02	00
6	Rr	32857	1.003	02	15
6	Rr	35292	1.078	02	30
6	Rr	31416	0.959	02	45
6	Rr	34887	1.065	03	00
6	Rr	32463	0.991	03	15
6	Rr	35778	1.093	03	30
6	Rr	41702	1.274	03	45
6	Rr	36524	1.115	04	00
6	Rr	26679	0.815	04	15
6	Rr	28468	0.869	04	30
6	Rr	30510	0.932	04	45
6	Rr	28377	0.867	05	00
6	Rr	31542	0.963	05	15
6	Rr	29886	0.913	05	30
6	Rr	32239	0.985	05	45
6	Rr	30021	0.917	06	00
6	Rr	26320	0.804	06	15
6	Rr	30026	0.917	06	30
6	Rr	25127	0.767	06	45
6	Rr	29014	0.886	07	00
6	Rr	29746	0.908	07	15
6	Rr	25947	0.792	07	30
6	Rr	26095	0.797	07	45
6	Rr	24734	0.755	08	00
6	Rr	26680	0.815	08	15
6	Rr	26559	0.811	08	30
6	Rr	24001	0.733	08	45
6	Rr	24856	0.759	09	00
6	Rr	26164	0.799	09	15
6	Rr	27340	0.835	09	30
6	Rr	23129	0.706	09	45
6	Rr	23276	0.711	10	00
6	Rr	24508	0.748	10	15
6	Rr	28628	0.874	10	30
6	Rr	27137	0.829	10	45
6	Rr	26878	0.821	11	00
6	Rr	27018	0.825	11	15
6	Rr	27082	0.827	11	30
6	Rr	27363	0.836	11	45
6	Rr	28869	0.882	12	00
6	Rr	25348	0.774	12	15
6	Rr	28635	0.874	12	30
6	Rr	26726	0.816	12	45
6	Rr	29337	0.896	13	00
6	Rr	27585	0.842	13	15
6	Rr	29850	0.912	13	30
6	Rr	29521	0.902	13	45
6	Rr	35006	1.069	14	00
6	Rr	35026	1.070	14	15
6	Rr	37079	1.132	14	30
6	Rr	36757	1.123	14	45
6	Rr	40552	1.238	15	00
6	Rr	40086	1.224	15	15
6	Rr	46065	1.407	15	30
6	Rr	47324	1.445	15	45
6	Rr	54640	1.669	16	00
6	Rr	43733	1.336	16	15
6	Rr	45939	1.403	16	30
6	Rr	47406	1.448	16	45
6	Rr	45153	1.379	17	00
6	Rr	45630	1.393	17	15
6	Rr	44591	1.362	17	30
6	Rr	45525	1.390	17	45
6	Rr	46679	1.426	18	00
6	Rr	43169	1.318	18	15
6	Rr	45953	1.403	18	30
6	Rr	48306	1.475	18	45
6	Rr	49816	1.521	19	00
6	Rr	42477	1.297	19	15
6	Rr	41195	1.258	19	30
6	Rr	47776	1.459	19	45
6	Rr	42449	1.296	20	00
6	Rr	42622	1.302	20	15
6	Rr	41749	1.275	20	30
6	Rr	40503	1.237	20	45
6	Rr	39079	1.193	21	00
6	Rr	37324	1.140	21	15
6	Rr	37270	1.138	21	30
6	Rr	35155	1.074	21	45
6	Rr	35097	1.072	22	00
6	Rr	38631	1.180	22	15
6	Rr	37018	1.130	22	30
6	Rr	34413	1.051	22	45
6	Rr	34648	1.058	23	00
6	Rr	36649	1.119	23	15
6	Rr	29276	0.894	23	30
6	Rr	32363	0.988	23	45
5	Rr	1	0.000	2025	12	19	05	55
5	Rr	0	0.000	2025	12	19	05	50
5	Rr	1	0.000	2025	12	19	05	45
5	Rr	0	0.000	2025	12	19	05	40
5	Rr	1	0.000	2025	12	19	05	35
5	Rr	1	0.000	2025	12	19	05	30
5	Rr	0	0.000	2025	12	19	05	25
5	Rr	25	0.001	2025	12	19	05	20
5	Rr	2	0.000	2025	12	19	05	15
5	Rr	0	0.000	2025	12	19	05	10
5	Rr	0	0.000	2025	12	19	05	05
5	Rr	1	0.000	2025	12	19	05	00
5	Rr	0	0.000	2025	12	19	04	55
5	Rr	4	0.000	2025	12	19	04	50
5	Rr	0	0.000	2025	12	19	04	45
5	Rr	0	0.000	2025	12	19	04	40
5	Rr	0	0.000	2025	12	19	04	35
5	Rr	0	0.000	2025	12	19	04	30
5	Rr	3	0.000	2025	12	19	04	25
5	Rr	0	0.000	2025	12	19	04	20
5	Rr	0	0.000	2025	12	19	04	15
5	Rr	0	0.000	2025	12	19	04	10
5	Rr	0	0.000	2025	12	19	04	05
5	Rr	2	0.000	2025	12	19	04	00
5	Rr	4	0.000	2025	12	19	03	55
5	Rr	0	0.000	2025	12	19	03	50
5	Rr	0	0.000	2025	12	19	03	45
5	Rr	2	0.000	2025	12	19	03	40
5	Rr	1	0.000	2025	12	19	03	35
5	Rr	5	0.000	2025	12	19	03	30
5	Rr	0	0.000	2025	12	19	03	25
5	Rr	0	0.000	2025	12	19	03	20
5	Rr	0	0.000	2025	12	19	03	15
5	Rr	0	0.000	2025	12	19	03	10
5	Rr	0	0.000	2025	12	19	03	05
5	Rr	1	0.000	2025	12	19	03	00
5	Rr	0	0.000	2025	12	19	02	55
5	Rr	3	0.000	2025	12	19	02	50
5	Rr	2	0.000	2025	12	19	02	45
5	Rr	0	0.000	2025	12	19	02	40
5	Rr	1	0.000	2025	12	19	02	35
5	Rr	1	0.000	2025	12	19	02	30
5	Rr	1	0.000	2025	12	19	02	25
5	Rr	0	0.000	2025	12	19	02	20
5	Rr	1	0.000	2025	12	19	02	15
5	Rr	0	0.000	2025	12	19	02	10
5	Rr	1	0.000	2025	12	19	02	05
5	Rr	0	0.000	2025	12	19	02	00
5	Rr	1	0.000	2025	12	19	01	55
5	Rr	2	0.000	2025	12	19	01	50
5	Rr	0	0.000	2025	12	19	01	45
5	Rr	1	0.000	2025	12	19	01	40
5	Rr	1	0.000	2025	12	19	01	35
5	Rr	4	0.000	2025	12	19	01	30
5	Rr	0	0.000	2025	12	19	01	25
5	Rr	2	0.000	2025	12	19	01	20
5	Rr	2	0.000	2025	12	19	01	15
5	Rr	1	0.000	2025	12	19	01	10
5	Rr	0	0.000	2025	12	19	01	05
5	Rr	0	0.000	2025	12	19	01	00
5	Rr	0	0.000	2025	12	19	00	55
5	Rr	0	0.000	2025	12	19	00	50
5	Rr	1	0.000	2025	12	19	00	45
5	Rr	1	0.000	2025	12	19	00	40
5	Rr	1	0.000	2025	12	19	00	35
5	Rr	0	0.000	2025	12	19	00	30
5	Rr	1	0.000	2025	12	19	00	25
5	Rr	0	0.000	2025	12	19	00	20
5	Rr	1	0.000	2025	12	19	00	15
5	Rr	0	0.000	2025	12	19	00	10
5	Rr	0	0.000	2025	12	19	00	05
5	Rr	2	0.000	2025	12	19	00	00
5	Rr	0	0.000	2025	12	18	23	55
5	Rr	0	0.000	2025	12	18	23	50
5	Rr	0	0.000	2025	12	18	23	45
5	Rr	2	0.000	2025	12	18	23	40
5	Rr	0	0.000	2025	12	18	23	35
5	Rr	0	0.000	2025	12	18	23	30
5	Rr	1	0.000	2025	12	18	23	25
5	Rr	2	0.000	2025	12	18	23	20
5	Rr	35	0.001	2025	12	18	23	15
5	Rr	0	0.000	2025	12	18	23	10
5	Rr	0	0.000	2025	12	18	23	05
5	Rr	0	0.000	2025	12	18	23	00
5	Rr	1	0.000	2025	12	18	22	55
5	Rr	32	0.001	2025	12	18	22	50
5	Rr	0	0.000	2025	12	18	22	45
5	Rr	0	0.000	2025	12	18	22	40
5	Rr	0	0.000	2025	12	18	22	35
5	Rr	1	0.000	2025	12	18	22	30
5	Rr	0	0.000	2025	12	18	22	25
5	Rr	2	0.000	2025	12	18	22	20
5	Rr	3	0.000	2025	12	18	22	15
5	Rr	0	0.000	2025	12	18	22	10
5	Rr	0	0.000	2025	12	18	22	05
5	Rr	1	0.000	2025	12	18	22	00
5	Rr	1	0.000	2025	12	18	21	55
5	Rr	0	0.000	2025	12	18	21	50
5	Rr	1	0.000	2025	12	18	21	45
5	Rr	0	0.000	2025	12	18	21	40
5	Rr	0	0.000	2025	12	18	21	35
5	Rr	0	0.000	2025	12	18	21	30
5	Rr	2	0.000	2025	12	18	21	25
5	Rr	1	0.000	2025	12	18	21	20
5	Rr	0	0.000	2025	12	18	21	15
5	Rr	2	0.000	2025	12	18	21	10
5	Rr	0	0.000	2025	12	18	21	05
5	Rr	0	0.000	2025	12	18	21	00
5	Rr	0	0.000	2025	12	18	20	55
5	Rr	0	0.000	2025	12	18	20	50
5	Rr	0	0.000	2025	12	18	20	45
5	Rr	2	0.000	2025	12	18	20	40
5	Rr	0	0.000	2025	12	18	20	35
5	Rr	0	0.000	2025	12	18	20	30
5	Rr	36	0.001	2025	12	18	20	25
5	Rr	1	0.000	2025	12	18	20	20
5	Rr	0	0.000	2025	12	18	20	15
5	Rr	0	0.000	2025	12	18	20	10
5	Rr	4	0.000	2025	12	18	20	05
5	Rr	0	0.000	2025	12	18	20	00
5	Rr	0	0.000	2025	12	18	19	55
5	Rr	0	0.000	2025	12	18	19	50
5	Rr	0	0.000	2025	12	18	19	45
5	Rr	0	0.000	2025	12	18	19	40
5	Rr	1	0.000	2025	12	18	19	35
5	Rr	0	0.000	2025	12	18	19	30
5	Rr	0	0.000	2025	12	18	19	25
5	Rr	2	0.000	2025	12	18	19	20
5	Rr	2	0.000	2025	12	18	19	15
5	Rr	0	0.000	2025	12	18	19	10
5	Rr	1	0.000	2025	12	18	19	05
5	Rr	0	0.000	2025	12	18	19	00
5	Rr	0	0.000	2025	12	18	18	55
5	Rr	0	0.000	2025	12	18	18	50
5	Rr	0	0.000	2025	12	18	18	45
5	Rr	0	0.000	2025	12	18	18	40
5	Rr	1	0.000	2025	12	18	18	35
5	Rr	2	0.000	2025	12	18	18	30
5	Rr	0	0.000	2025	12	18	18	25
5	Rr	2	0.000	2025	12	18	18	20
5	Rr	0	0.000	2025	12	18	18	15
5	Rr	1	0.000	2025	12	18	18	10
5	Rr	1	0.000	2025	12	18	18	05
5	Rr	4	0.000	2025	12	18	18	00
5	Rr	0	0.000	2025	12	18	17	55
5	Rr	2	0.000	2025	12	18	17	50
5	Rr	0	0.000	2025	12	18	17	45
5	Rr	1	0.000	2025	12	18	17	40
5	Rr	0	0.000	2025	12	18	17	35
5	Rr	0	0.000	2025	12	18	17	30
5	Rr	1	0.000	2025	12	18	17	25
5	Rr	0	0.000	2025	12	18	17	20
5	Rr	2	0.000	2025	12	18	17	15
5	Rr	0	0.000	2025	12	18	17	10
5	Rr	0	0.000	2025	12	18	17	05
5	Rr	0	0.000	2025	12	18	17	00
5	Rr	29	0.001	2025	12	18	16	55
5	Rr	39	0.001	2025	12	18	16	50
5	Rr	37	0.001	2025	12	18	16	45
5	Rr	0	0.000	2025	12	18	16	40
5	Rr	0	0.000	2025	12	18	16	35
5	Rr	0	0.000	2025	12	18	16	30
5	Rr	0	0.000	2025	12	18	16	25
5	Rr	0	0.000	2025	12	18	16	20
5	Rr	2	0.000	2025	12	18	16	15
5	Rr	1	0.000	2025	12	18	16	10
5	Rr	36	0.001	2025	12	18	16	05
5	Rr	0	0.000	2025	12	18	16	00
5	Rr	123	0.004	2025	12	18	15	55
5	Rr	0	0.000	2025	12	18	15	50
5	Rr	3	0.000	2025	12	18	15	45
5	Rr	0	0.000	2025	12	18	15	40
5	Rr	1	0.000	2025	12	18	15	35
5	Rr	0	0.000	2025	12	18	15	30
5	Rr	0	0.000	2025	12	18	15	25
5	Rr	0	0.000	2025	12	18	15	20
5	Rr	0	0.000	2025	12	18	15	15
5	Rr	0	0.000	2025	12	18	15	10
5	Rr	0	0.000	2025	12	18	15	05
5	Rr	4	0.000	2025	12	18	15	00
5	Rr	0	0.000	2025	12	18	14	55
5	Rr	0	0.000	2025	12	18	14	50
5	Rr	0	0.000	2025	12	18	14	45
5	Rr	1	0.000	2025	12	18	14	40
5	Rr	0	0.000	2025	12	18	14	35
5	Rr	0	0.000	2025	12	18	14	30
5	Rr	0	0.000	2025	12	18	14	25
5	Rr	0	0.000	2025	12	18	14	20
5	Rr	0	0.000	2025	12	18	14	15
5	Rr	0	0.000	2025	12	18	14	10
5	Rr	0	0.000	2025	12	18	14	05
5	Rr	0	0.000	2025	12	18	14	00
5	Rr	0	0.000	2025	12	18	13	55
5	Rr	1	0.000	2025	12	18	13	50
5	Rr	2	0.000	2025	12	18	13	45
5	Rr	1	0.000	2025	12	18	13	40
5	Rr	0	0.000	2025	12	18	13	35
5	Rr	0	0.000	2025	12	18	13	30
5	Rr	1	0.000	2025	12	18	13	25
5	Rr	0	0.000	2025	12	18	13	20
5	Rr	0	0.000	2025	12	18	13	15
5	Rr	0	0.000	2025	12	18	13	10
5	Rr	0	0.000	2025	12	18	13	05
5	Rr	1	0.000	2025	12	18	13	00
5	Rr	1	0.000	2025	12	18	12	55
5	Rr	0	0.000	2025	12	18	12	50
5	Rr	0	0.000	2025	12	18	12	45
5	Rr	5	0.000	2025	12	18	12	40
5	Rr	1	0.000	2025	12	18	12	35
5	Rr	0	0.000	2025	12	18	12	30
5	Rr	0	0.000	2025	12	18	12	25
5	Rr	0	0.000	2025	12	18	12	20
5	Rr	1	0.000	2025	12	18	12	15
5	Rr	0	0.000	2025	12	18	12	10
5	Rr	0	0.000	2025	12	18	12	05
5	Rr	1	0.000	2025	12	18	12	00
5	Rr	2	0.000	2025	12	18	11	55
5	Rr	0	0.000	2025	12	18	11	50
5	Rr	0	0.000	2025	12	18	11	45
5	Rr	1	0.000	2025	12	18	11	40
5	Rr	0	0.000	2025	12	18	11	35
5	Rr	0	0.000	2025	12	18	11	30
5	Rr	1	0.000	2025	12	18	11	25
5	Rr	1	0.000	2025	12	18	11	20
5	Rr	0	0.000	2025	12	18	11	15
5	Rr	0	0.000	2025	12	18	11	10
5	Rr	0	0.000	2025	12	18	11	05
5	Rr	0	0.000	2025	12	18	11	00
5	Rr	2	0.000	2025	12	18	10	55
5	Rr	1	0.000	2025	12	18	10	50
5	Rr	0	0.000	2025	12	18	10	45
5	Rr	1	0.000	2025	12	18	10	40
5	Rr	0	0.000	2025	12	18	10	35
5	Rr	1	0.000	2025	12	18	10	30
5	Rr	0	0.000	2025	12	18	10	25
5	Rr	3	0.000	2025	12	18	10	20
5	Rr	0	0.000	2025	12	18	10	15
5	Rr	3	0.000	2025	12	18	10	10
5	Rr	2	0.000	2025	12	18	10	05
5	Rr	2	0.000	2025	12	18	10	00
5	Rr	0	0.000	2025	12	18	09	55
5	Rr	1	0.000	2025	12	18	09	50
5	Rr	1	0.000	2025	12	18	09	45
5	Rr	1	0.000	2025	12	18	09	40
5	Rr	0	0.000	2025	12	18	09	35
5	Rr	1	0.000	2025	12	18	09	30
5	Rr	4	0.000	2025	12	18	09	25
5	Rr	0	0.000	2025	12	18	09	20
5	Rr	1	0.000	2025	12	18	09	15
5	Rr	0	0.000	2025	12	18	09	10
5	Rr	0	0.000	2025	12	18	09	05
5	Rr	6	0.000	2025	12	18	09	00
5	Rr	0	0.000	2025	12	18	08	55
5	Rr	0	0.000	2025	12	18	08	50
5	Rr	1	0.000	2025	12	18	08	45
5	Rr	1	0.000	2025	12	18	08	40
5	Rr	1	0.000	2025	12	18	08	35
5	Rr	0	0.000	2025	12	18	08	30
5	Rr	0	0.000	2025	12	18	08	25
5	Rr	0	0.000	2025	12	18	08	20
5	Rr	1	0.000	2025	12	18	08	15
5	Rr	0	0.000	2025	12	18	08	10
5	Rr	0	0.000	2025	12	18	08	05
5	Rr	0	0.000	2025	12	18	08	00
5	Rr	0	0.000	2025	12	18	07	55
5	Rr	0	0.000	2025	12	18	07	50
5	Rr	0	0.000	2025	12	18	07	45
5	Rr	0	0.000	2025	12	18	07	40
5	Rr	0	0.000	2025	12	18	07	35
5	Rr	0	0.000	2025	12	18	07	30
5	Rr	12	0.000	2025	12	18	07	25
5	Rr	0	0.000	2025	12	18	07	20
5	Rr	0	0.000	2025	12	18	07	15
5	Rr	0	0.000	2025	12	18	07	10
5	Rr	1	0.000	2025	12	18	07	05
5	Rr	0	0.000	2025	12	18	07	00
5	Rr	1	0.000	2025	12	18	06	55
5	Rr	0	0.000	2025	12	18	06	50
5	Rr	0	0.000	2025	12	18	06	45
5	Rr	0	0.000	2025	12	18	06	40
5	Rr	0	0.000	2025	12	18	06	35
5	Rr	1	0.000	2025	12	18	06	30
5	Rr	1	0.000	2025	12	18	06	25
5	Rr	0	0.000	2025	12	18	06	20
5	Rr	0	0.000	2025	12	18	06	15
5	Rr	0	0.000	2025	12	18	06	10
5	Rr	0	0.000	2025	12	18	06	05
5	Rr	0	0.000	2025	12	18	06	00
5	*BT	R	1728	2025	12	10	17	25
7	Rr	10103	0.309	00	00
7	Rr	10945	0.334	00	05
7	Rr	12430	0.380	00	10
7	Rr	9271	0.283	00	15
7	Rr	10323	0.315	00	20
7	Rr	12905	0.394	00	25
7	Rr	10968	0.335	00	30
7	Rr	11093	0.339	00	35
7	Rr	9604	0.293	00	40
7	Rr	11266	0.344	00	45
7	Rr	9112	0.278	00	50
7	Rr	11622	0.355	00	55
7	Rr	8049	0.246	01	00
7	Rr	9998	0.305	01	05
7	Rr	8904	0.272	01	10
7	Rr	9379	0.286	01	15
7	Rr	10888	0.333	01	20
7	Rr	8992	0.275	01	25
7	Rr	8807	0.269	01	30
7	Rr	9481	0.290	01	35
7	Rr	9988	0.305	01	40
7	Rr	9144	0.279	01	45
7	Rr	11625	0.355	01	50
7	Rr	9059	0.277	01	55
7	Rr	8404	0.257	02	00
7	Rr	10664	0.326	02	05
7	Rr	9216	0.281	02	10
7	Rr	11695	0.357	02	15
7	Rr	10208	0.312	02	20
7	Rr	10954	0.335	02	25
7	Rr	11496	0.351	02	30
7	Rr	11458	0.350	02	35
7	Rr	12338	0.377	02	40
7	Rr	10515	0.321	02	45
7	Rr	10061	0.307	02	50
7	Rr	10840	0.331	02	55
7	Rr	12027	0.367	03	00
7	Rr	9582	0.293	03	05
7	Rr	13278	0.405	03	10
7	Rr	11050	0.337	03	15
7	Rr	10631	0.325	03	20
7	Rr	10782	0.329	03	25
7	Rr	11242	0.343	03	30
7	Rr	11130	0.340	03	35
7	Rr	13406	0.409	03	40
7	Rr	12531	0.383	03	45
7	Rr	14898	0.455	03	50
7	Rr	14273	0.436	03	55
7	Rr	14428	0.441	04	00
7	Rr	11603	0.354	04	05
7	Rr	10493	0.320	04	10
7	Rr	9537	0.291	04	15
7	Rr	8445	0.258	04	20
7	Rr	8697	0.266	04	25
7	Rr	9177	0.280	04	30
7	Rr	9112	0.278	04	35
7	Rr	10179	0.311	04	40
7	Rr	9805	0.299	04	45
7	Rr	10914	0.333	04	50
7	Rr	9791	0.299	04	55
7	Rr	9954	0.304	05	00
7	Rr	9154	0.280	05	05
7	Rr	9269	0.283	05	10
7	Rr	11510	0.352	05	15
7	Rr	9887	0.302	05	20
7	Rr	10145	0.310	05	25
7	Rr	8683	0.265	05	30
7	Rr	10465	0.320	05	35
7	Rr	10738	0.328	05	40
7	Rr	12454	0.380	05	45
7	Rr	10158	0.310	05	50
7	Rr	9627	0.294	05	55
7	Rr	8779	0.268	06	00
7	Rr	11394	0.348	06	05
7	Rr	9848	0.301	06	10
7	Rr	9897	0.302	06	15
7	Rr	7081	0.216	06	20
7	Rr	9342	0.285	06	25
7	Rr	10697	0.327	06	30
7	Rr	10329	0.315	06	35
7	Rr	9000	0.275	06	40
7	Rr	8371	0.256	06	45
7	Rr	9199	0.281	06	50
7	Rr	7557	0.231	06	55
7	Rr	11045	0.337	07	00
7	Rr	8797	0.269	07	05
7	Rr	9172	0.280	07	10
7	Rr	9398	0.287	07	15
7	Rr	9196	0.281	07	20
7	Rr	11152	0.341	07	25
7	Rr	10065	0.307	07	30
7	Rr	8075	0.247	07	35
7	Rr	7807	0.238	07	40
7	Rr	10976	0.335	07	45
7	Rr	6981	0.213	07	50
7	Rr	8138	0.249	07	55
7	Rr	8221	0.251	08	00
7	Rr	7618	0.233	08	05
7	Rr	8895	0.272	08	10
7	Rr	8323	0.254	08	15
7	Rr	9160	0.280	08	20
7	Rr	9197	0.281	08	25
7	Rr	8188	0.250	08	30
7	Rr	8174	0.250	08	35
7	Rr	10197	0.311	08	40
7	Rr	8738	0.267	08	45
7	Rr	6927	0.212	08	50
7	Rr	8336	0.255	08	55
7	Rr	7501	0.229	09	00
7	Rr	8095	0.247	09	05
7	Rr	9260	0.283	09	10
7	Rr	6650	0.203	09	15
7	Rr	9262	0.283	09	20
7	Rr	10252	0.313	09	25
7	Rr	8364	0.255	09	30
7	Rr	9529	0.291	09	35
7	Rr	9447	0.289	09	40
7	Rr	9260	0.283	09	45
7	Rr	7039	0.215	09	50
7	Rr	6830	0.209	09	55
7	Rr	7950	0.243	10	00
7	Rr	7017	0.214	10	05
7	Rr	8309	0.254	10	10
7	Rr	7731	0.236	10	15
7	Rr	8116	0.248	10	20
7	Rr	8661	0.264	10	25
7	Rr	9400	0.287	10	30
7	Rr	10168	0.311	10	35
7	Rr	9060	0.277	10	40
7	Rr	8993	0.275	10	45
7	Rr	9527	0.291	10	50
7	Rr	8617	0.263	10	55
7	Rr	10244	0.313	11	00
7	Rr	8036	0.245	11	05
7	Rr	8598	0.263	11	10
7	Rr	8055	0.246	11	15
7	Rr	9112	0.278	11	20
7	Rr	9851	0.301	11	25
7	Rr	9692	0.296	11	30
7	Rr	8844	0.270	11	35
7	Rr	8546	0.261	11	40
7	Rr	8808	0.269	11	45
7	Rr	9367	0.286	11	50
7	Rr	9188	0.281	11	55
7	Rr	9316	0.285	12	00
7	Rr	9687	0.296	12	05
7	Rr	9866	0.301	12	10
7	Rr	9104	0.278	12	15
7	Rr	7759	0.237	12	20
7	Rr	8485	0.259	12	25
7	Rr	10161	0.310	12	30
7	Rr	8090	0.247	12	35
7	Rr	10384	0.317	12	40
7	Rr	8117	0.248	12	45
7	Rr	9838	0.300	12	50
7	Rr	8771	0.268	12	55
7	Rr	9657	0.295	13	00
7	Rr	9538	0.291	13	05
7	Rr	10142	0.310	13	10
7	Rr	9455	0.289	13	15
7	Rr	8878	0.271	13	20
7	Rr	9252	0.283	13	25
7	Rr	9808	0.300	13	30
7	Rr	9725	0.297	13	35
7	Rr	10317	0.315	13	40
7	Rr	9416	0.288	13	45
7	Rr	10438	0.319	13	50
7	Rr	9667	0.295	13	55
7	Rr	12528	0.383	14	00
7	Rr	11526	0.352	14	05
7	Rr	10952	0.334	14	10
7	Rr	11168	0.341	14	15
7	Rr	12264	0.375	14	20
7	Rr	11594	0.354	14	25
7	Rr	11478	0.351	14	30
7	Rr	13196	0.403	14	35
7	Rr	12405	0.379	14	40
7	Rr	11944	0.365	14	45
7	Rr	11392	0.348	14	50
7	Rr	13421	0.410	14	55
7	Rr	12108	0.370	15	00
7	Rr	13637	0.416	15	05
7	Rr	14807	0.452	15	10
7	Rr	11532	0.352	15	15
7	Rr	15851	0.484	15	20
7	Rr	12703	0.388	15	25
7	Rr	15044	0.459	15	30
7	Rr	15132	0.462	15	35
7	Rr	15889	0.485	15	40
7	Rr	12363	0.378	15	45
7	Rr	14632	0.447	15	50
7	Rr	20329	0.621	15	55
7	Rr	18638	0.569	16	00
7	Rr	18037	0.551	16	05
7	Rr	17965	0.549	16	10
7	Rr	15415	0.471	16	15
7	Rr	13768	0.420	16	20
7	Rr	14550	0.444	16	25
7	Rr	15585	0.476	16	30
7	Rr	14787	0.452	16	35
7	Rr	15567	0.475	16	40
7	Rr	17087	0.522	16	45
7	Rr	15285	0.467	16	50
7	Rr	15034	0.459	16	55
7	Rr	15158	0.463	17	00
7	Rr	15963	0.487	17	05
7	Rr	14032	0.429	17	10
7	Rr	15311	0.468	17	15
7	Rr	14770	0.451	17	20
7	Rr	15549	0.475	17	25
7	Rr	14841	0.453	17	30
7	Rr	14807	0.452	17	35
7	Rr	14943	0.456	17	40
7	Rr	15194	0.464	17	45
7	Rr	14936	0.456	17	50
7	Rr	15395	0.470	17	55
7	Rr	16574	0.506	18	00
7	Rr	16245	0.496	18	05
7	Rr	13860	0.423	18	10
7	Rr	15827	0.483	18	15
7	Rr	14217	0.434	18	20
7	Rr	13125	0.401	18	25
7	Rr	15395	0.470	18	30
7	Rr	13942	0.426	18	35
7	Rr	16616	0.507	18	40
7	Rr	14617	0.446	18	45
7	Rr	17471	0.534	18	50
7	Rr	16218	0.495	18	55
7	Rr	16162	0.494	19	00
7	Rr	15444	0.472	19	05
7	Rr	18210	0.556	19	10
7	Rr	14020	0.428	19	15
7	Rr	13985	0.427	19	20
7	Rr	14472	0.442	19	25
7	Rr	12455	0.380	19	30
7	Rr	15180	0.464	19	35
7	Rr	13560	0.414	19	40
7	Rr	15695	0.479	19	45
7	Rr	13821	0.422	19	50
7	Rr	18260	0.558	19	55
7	Rr	14643	0.447	20	00
7	Rr	13328	0.407	20	05
7	Rr	14478	0.442	20	10
7	Rr	13161	0.402	20	15
7	Rr	14859	0.454	20	20
7	Rr	14602	0.446	20	25
7	Rr	15203	0.464	20	30
7	Rr	14165	0.433	20	35
7	Rr	12381	0.378	20	40
7	Rr	14027	0.428	20	45
7	Rr	14153	0.432	20	50
7	Rr	12323	0.376	20	55
7	Rr	12314	0.376	21	00
7	Rr	13107	0.400	21	05
7	Rr	13658	0.417	21	10
7	Rr	12858	0.393	21	15
7	Rr	11772	0.360	21	20
7	Rr	12694	0.388	21	25
7	Rr	13519	0.413	21	30
7	Rr	12486	0.381	21	35
7	Rr	11265	0.344	21	40
7	Rr	13096	0.400	21	45
7	Rr	11752	0.359	21	50
7	Rr	10307	0.315	21	55
7	Rr	11291	0.345	22	00
7	Rr	11563	0.353	22	05
7	Rr	12243	0.374	22	10
7	Rr	13970	0.427	22	15
7	Rr	12177	0.372	22	20
7	Rr	12484	0.381	22	25
7	Rr	12924	0.395	22	30
7	Rr	12125	0.370	22	35
7	Rr	11969	0.366	22	40
7	Rr	11194	0.342	22	45
7	Rr	11104	0.339	22	50
7	Rr	12115	0.370	22	55
7	Rr	11892	0.363	23	00
7	Rr	10760	0.329	23	05
7	Rr	11996	0.366	23	10
7	Rr	11632	0.355	23	15
7	Rr	13287	0.406	23	20
7	Rr	11730	0.358	23	25
7	Rr	9678	0.296	23	30
7	Rr	9372	0.286	23	35
7	Rr	10226	0.312	23	40
7	Rr	10411	0.318	23	45
7	Rr	11405	0.348	23	50
7	Rr	10547	0.322	23	55
o	*f	0R	r
o	lRQ	1	3274509	1058420635	[unresolved numerical addresses]
Z	*f	-20R	r
Z	lRb	1	157063	2.566	66.249
Z	lRb	1	126979	1.794	34
Z	lRb	1	91609	3.582	98
Z	lRb	1	82835	2.025	35
Z	lRb	1	81082	2.524	51
Z	lRb	1	64491	0.050	129.222
Z	lRb	1	60235	0.003	205.254
Z	lRb	1	58242	1.170	104
Z	lRb	1	56880	2.897	54
Z	lRb	1	55719	0.734	47
Z	lRb	1	53529	1.401	69
Z	lRb	1	49910	1.032	52
Z	lRb	1	48208	0.506	49
Z	lRb	1	47059	0.001	66.9
Z	lRb	1	44360	2.331	40
Z	lRb	1	41614	0.000	216.147
Z	lRb	1	39417	0.344	45
Z	lRb	1	39055	0.945	123
Z	lRb	1	37830	0.051	43
Z	lRb	1	35654	2.596	70
Z	lRb	1	2002738	73.447	[not listed: 9954]
S	*f	-50P	r
S	Rb	11742	0.003	66.249.66.195
S	Rb	8854	0.000	66.249.66.196
S	Rb	8123	0.222	216.244.66.229
S	Rb	7534	0.000	70.121.167.44
S	Rb	7266	0.000	66.249.66.197
S	Rb	6736	0.000	66.249.66.72
S	Rb	6045	0.107	68.66.226.98
S	Rb	5690	0.000	66.249.66.73
S	Rb	5451	0.001	66.249.66.74
S	Rb	4702	0.294	14.33.246.211
S	Rb	4429	0.027	162.55.85.223
S	Rb	4334	0.076	40.88.21.235
S	Rb	3684	0.000	66.249.66.166
S	Rb	3576	0.120	51.222.253.7
S	Rb	3572	0.097	51.222.253.16
S	Rb	3482	0.093	51.222.253.19
S	Rb	3405	0.121	51.222.253.1
S	Rb	3357	0.106	51.222.253.6
S	Rb	3353	0.115	51.222.253.15
S	Rb	3350	0.117	51.222.253.5
S	Rb	3343	0.121	51.222.253.18
S	Rb	3307	0.107	51.222.253.14
S	Rb	3292	0.121	51.222.253.11
S	Rb	3248	0.184	192.99.15.146
S	Rb	3116	0.009	78.129.149.5
S	Rb	2955	0.014	52.35.20.1
S	Rb	2863	0.028	212.99.44.81
S	Rb	2542	0.020	49.7.20.111
S	Rb	2489	0.009	49.7.20.105
S	Rb	2480	0.000	82.16.45.40
S	Rb	2303	0.000	66.249.66.164
S	Rb	2278	0.000	185.177.72.144
S	Rb	2175	0.000	66.249.66.165
S	Rb	2144	0.016	52.35.117.102
S	Rb	1992	0.051	66.249.75.109
S	Rb	1829	0.111	37.59.14.116
S	Rb	1781	0.161	75.98.173.33
S	Rb	1736	0.215	79.125.27.96
S	Rb	1597	0.097	78.155.138.20
S	Rb	1566	0.000	62.194.247.203
S	Rb	1551	0.011	195.191.219.132
S	Rb	1543	0.055	199.21.99.79
S	Rb	1489	0.009	195.191.219.131
S	Rb	1467	0.000	49.7.20.135
S	Rb	1459	0.008	92.249.127.111
S	Rb	1457	0.000	35.173.236.178
S	Rb	1373	0.003	34.73.206.133
S	Rb	1352	0.045	49.7.20.102
S	Rb	1330	0.014	109.102.111.58
S	Rb	1304	0.144	5.196.13.127
S	Rb	3102463	96.948	[not listed: 138634]
s	*FR	2013	12	18	21	53
s	*LR	2025	12	19	04	50
s	*f	-20R	s
s	lRS	1	1146966	1208	http://www.gtaeronautics.com/
s	lRS	1	406929	296	http://gtaeronautics.com/
s	lRS	1	1233	19	https://google.com/
s	lRS	1	18374	11	https://www.google.com/
s	lRS	1	1153	2	https://www.bing.com/
s	lRS	1	2221	0	http://www.google.com/
s	lRS	1	1477	0	https://m.baidu.com/
s	lRS	1	1419	0	http://www.baidu.com/
s	lRS	1	1159	0	http://www.trainingindustry.com/
s	lRS	1	668	0	http://google.com/
s	lRS	1	613	0	https://quark.sm.cn/
s	lRS	1	609	0	http://www.mfgpages.com/
s	lRS	1	604	0	http://www.openfos.com/
s	lRS	1	580	0	http://baidu.com/
s	lRS	1	549	0	https://www.griffinarchitectspa.com/
s	lRS	1	517	0	http://www.topicway.com/
s	lRS	1	476	0	https://duckduckgo.com/
s	lRS	1	462	0	http://anti-crisis-seo.com/
s	lRS	1	427	0	https://www.thomasnet.com/
s	lRS	1	420	0	http://122.144.179.12/
s	lRS	1	55327	3	[not listed: 4517]
f	*FR	2013	12	18	21	53
f	*LR	2025	12	19	04	50
f	*f	-30R	s
f	lRS	1	890298	993	http://www.gtaeronautics.com/
f	lRS	1	208900	176	http://gtaeronautics.com/
f	lRS	1	8595	36	http://gtaeronautics.com/index.html
f	lRS	1	16944	33	http://www.gtaeronautics.com/CCT&M.html
f	lRS	1	36442	30	http://www.gtaeronautics.com/aboutus.html
f	lRS	1	13315	27	http://www.gtaeronautics.com/CompNews.html
f	lRS	1	6850	26	http://www.gtaeronautics.com/IndNews.html
f	lRS	1	7875	15	http://www.gtaeronautics.com/GT50T RPAS.html
f	lRS	1	14817	12	http://www.gtaeronautics.com/UASFC.html
f	lRS	1	17174	11	https://www.google.com/
f	lRS	1	11300	11	http://www.gtaeronautics.com/ConsultingA.html
f	lRS	1	7321	10	http://www.gtaeronautics.com/RD.html
f	lRS	1	11623	7	http://gtaeronautics.com/contactus.html
f	lRS	1	7263	7	http://www.gtaeronautics.com/GT100HL RPAS.html
f	lRS	1	8720	5	http://www.gtaeronautics.com/SRU.html
f	lRS	1	7525	5	http://www.gtaeronautics.com/GT1500 RPAS.html
f	lRS	1	10605	4	http://www.gtaeronautics.com/GT380 RPAS.html
f	lRS	1	6816	4	http://www.gtaeronautics.com/pna.html
f	lRS	1	5151	4	http://www.gtaeronautics.com/CFMT.html
f	lRS	1	24641	3	http://gtaeronautics.com/links.html
f	lRS	1	34024	2	http://www.gtaeronautics.com/index.html
f	lRS	1	15205	2	http://www.gtaeronautics.com/contactus.html
f	lRS	1	8107	2	http://gtaeronautics.com/aboutus.html
f	lRS	1	5519	2	http://gtaeronautics.com/CCT&M.html
f	lRS	1	5366	2	http://gtaeronautics.com/ConsultingA.html
f	lRS	1	3963	2	http://gtaeronautics.com/UASFC.html
f	lRS	1	8822	1	http://www.gtaeronautics.com/compnews.html
f	lRS	1	96271	0	http://gtaeronautics.com/CompNews.html
f	lRS	1	6328	0	http://gtaeronautics.com/IndNews.html
f	lRS	1	5980	0	http://www.gtaeronautics.com/consultinga.html
f	lRS	1	130423	107	[not listed: 5336]
n	*FR	2013	12	19	00	28
n	*LR	2020	10	14	09	11
n	*f	0.500000%Q	s
n	Rq	1	78.326	kit
n	Rq	2	156.653	crew
n	Rq	1	78.326	method
n	Rq	28	239.591	aeronautical
n	Rq	1	78.326	airplane.com
n	Rq	5	144.367	faa
n	Rq	40	215.020	gt
n	Rq	1	78.326	moldings
n	Rq	1	78.326	taranis
n	Rq	1	78.326	twin
n	Rq	2	78.326	installerex
n	Rq	2	78.326	http://gtaeronautics.com/
n	Rq	20	41.469	in
n	Rq	1	78.326	scale
n	Rq	1	78.326	observer
n	Rq	1	78.326	drawing?
n	Rq	2	78.326	is
n	Rq	1	78.326	making
n	Rq	2	156.653	fiber
n	Rq	1	78.326	mitsubishi
n	Rq	1	78.326	fuze
n	Rq	1	78.326	http://www.gtaeronautics.com/indnews.html
n	Rq	1	78.326	consultant
n	Rq	92	78.326	semalt.com
n	Rq	15	66.041	manufacturing
n	Rq	1	78.326	2
n	Rq	1	78.326	base
n	Rq	14	107.510	6
n	Rq	1	78.326	http://gtaeronautics.com/indnews.html
n	Rq	1	78.326	always
n	Rq	28	227.306	engineering
n	Rq	1	78.326	northrop
n	Rq	1	78.326	bandwidth
n	Rq	1	78.326	vegas
n	Rq	3	156.653	basic
n	Rq	1	78.326	qinetiq
n	Rq	1	78.326	tooling
n	Rq	1	78.326	heavy
n	Rq	1	78.326	on
n	Rq	9	132.081	drawings
n	Rq	1	78.326	fia
n	Rq	4	78.326	louis%20vuitton%20fashion%20valley%20phone%20number
n	Rq	3	234.979	rullman
n	Rq	3	78.326	llc
n	Rq	1	78.326	cowling
n	Rq	32	234.979	sale
n	Rq	64	222.693	outlet
n	Rq	1	78.326	rotax
n	Rq	1	78.326	ucav
n	Rq	28	148.979	texan
n	Rq	1	78.326	a
n	Rq	2	78.326	customer
n	Rq	1	78.326	rpa
n	Rq	2	156.653	110cc
n	Rq	30	78.326	designer
n	Rq	20	144.367	www.gtaeronautics.com
n	Rq	1	78.326	work
n	Rq	1	78.326	thomas
n	Rq	1	78.326	engie
n	Rq	1	78.326	qualification
n	Rq	1	78.326	custom
n	Rq	1	78.326	mk3
n	Rq	1	78.326	t
n	Rq	1	78.326	w
n	Rq	1	78.326	uavs
n	Rq	2	78.326	satisfaction
n	Rq	2	156.653	x
n	Rq	1	78.326	crews
n	Rq	3	78.326	photos
n	Rq	1	78.326	finnemeccia
n	Rq	2	156.653	glass
n	Rq	1	234.979	to
n	Rq	5	144.367	engineer
n	Rq	1	78.326	government
n	Rq	1	78.326	gcs
n	Rq	1	78.326	operator
n	Rq	1	78.326	with
n	Rq	6	222.693	aircraft
n	Rq	97	156.653	number
n	Rq	4	234.979	for
n	Rq	2	156.653	aero
n	Rq	1	78.326	december
n	Rq	9	156.653	equipment
n	Rq	2	156.653	engine
n	Rq	1	78.326	mq1
n	Rq	2	156.653	wy
n	Rq	1	78.326	custum
n	Rq	1	78.326	g.t
n	Rq	1	78.326	mechanics
n	Rq	1	156.653	motors
n	Rq	1	78.326	tdw
n	Rq	32	144.367	luggage
n	Rq	1	78.326	opportunities
n	Rq	175	95.224	vuitton
n	Rq	1	234.979	the
n	Rq	1	78.326	show
n	Rq	1	78.326	luggages
n	Rq	1	78.326	stroke
n	Rq	2	78.326	explore
n	Rq	39	156.653	handbags
n	Rq	2	156.653	electric
n	Rq	1	156.653	air
n	Rq	1	78.326	space
n	Rq	1	78.326	quote
n	Rq	1	78.326	require
n	Rq	1	78.326	mpp
n	Rq	4	156.653	jobs
n	Rq	5	144.367	uas
n	Rq	1	78.326	anything
n	Rq	1	78.326	china
n	Rq	1	78.326	airplane
n	Rq	10	41.469	uav
n	Rq	2	78.326	wmaid.com
n	Rq	3	66.041	drone
n	Rq	2	78.326	facebook
n	Rq	7	53.755	fiberglass
n	Rq	1	78.326	college
n	Rq	4	66.041	onboard
n	Rq	3	156.653	gtaeronautics.com
n	Rq	1	78.326	qulificationa
n	Rq	21	29.184	simi
n	Rq	1	78.326	and
n	Rq	5	234.979	flight
n	Rq	17	29.184	at6
n	Rq	1	78.326	xtreme
n	Rq	1	78.326	maintenance
n	Rq	1	78.326	cody
n	Rq	1	78.326	any
n	Rq	1	78.326	tom
n	Rq	1	78.326	systems
n	Rq	1	78.326	payload
n	Rq	2	156.653	gta
n	Rq	2	78.326	granger
n	Rq	8	53.755	extreme
n	Rq	6	144.367	molding
n	Rq	2	78.326	easylifeapp
n	Rq	1	78.326	rating
n	Rq	2	78.326	whitelaw
n	Rq	126	53.755	fashion
n	Rq	2	156.653	ice
n	Rq	2	78.326	http://www.gtaeronautics.com/compnews.html
n	Rq	5	156.653	engineers
n	Rq	3	156.653	composite
n	Rq	1	78.326	skyforce
n	Rq	1	78.326	eengineer
n	Rq	175	95.224	louis
n	Rq	4	66.041	starter
n	Rq	8	78.326	store
n	Rq	14	66.041	cheap
n	Rq	10	210.408	bme
n	Rq	1	78.326	diamond
n	Rq	1	78.326	america2009
n	Rq	7	78.326	content
n	Rq	2	156.653	aeronautic
n	Rq	1	78.326	challenge
n	Rq	1	78.326	piece
n	Rq	1	78.326	how
n	Rq	1	78.326	male
n	Rq	2	156.653	design
n	Rq	2	156.653	flying
n	Rq	1	78.326	carbon
n	Rq	1	78.326	operation
n	Rq	2	78.326	profile
n	Rq	1	78.326	tomas
n	Rq	1	78.326	cia
n	Rq	1	78.326	hummingbird
n	Rq	1	78.326	iron
n	Rq	1	78.326	california
n	Rq	1	78.326	amphibian
n	Rq	1	78.326	110
n	Rq	1	78.326	mentioned
n	Rq	1	78.326	111
n	Rq	1	78.326	over
n	Rq	25	239.591	http://www.gtaeronautics.com/
n	Rq	1	78.326	google.com
n	Rq	1	78.326	fuel
n	Rq	2	78.326	inc
n	Rq	1	78.326	handbag.com
n	Rq	1	78.326	da42
n	Rq	2	156.653	certification
n	Rq	1	78.326	2015
n	Rq	1	78.326	timing
n	Rq	1	78.326	home
n	Rq	1	78.326	aerospacecompanies
n	Rq	1	78.326	anti
n	Rq	1	78.326	ziroli
n	Rq	1	78.326	sketches
n	Rq	5	78.326	purses
n	Rq	1	78.326	downlink
n	Rq	3	78.326	aeronotics
n	Rq	1	78.326	nanotechnology
n	Rq	1	78.326	zephyr
n	Rq	4	78.326	wyoming
n	Rq	2	78.326	technology
n	Rq	3	234.979	companies
n	Rq	1	78.326	muffler
n	Rq	2	78.326	avia
n	Rq	2	78.326	what
n	Rq	145	4.612	valley
n	Rq	1	78.326	microwave
n	Rq	1	78.326	mold
n	Rq	5	66.041	pglm
n	Rq	1	78.326	specialist
n	Rq	23	82.939	drawing
n	Rq	1	78.326	tool
n	Rq	1	78.326	security
n	Rq	6	156.653	prototypes
n	Rq	1	78.326	giant
n	Rq	1	78.326	powell
n	Rq	8	53.755	aerospace
n	Rq	34	58.367	aeronautics
n	Rq	4	66.041	unmanned
n	Rq	1	78.326	radius
n	Rq	1	78.326	zero
n	Rq	1	78.326	tobbot
n	Rq	2	156.653	neverfull
n	Rq	2	156.653	job
n	Rq	1	78.326	onbordstarter
n	Rq	1	156.653	as
n	Rq	20	66.041	ca
n	Rq	13	29.184	at
n	Rq	5	144.367	techniques
n	Rq	1	78.326	does
n	Rq	1	78.326	commercial
n	Rq	1	78.326	www.gt
n	Rq	1	78.326	de
n	Rq	1	78.326	co
n	Rq	1	78.326	speedy
n	Rq	1	78.326	rpas
n	Rq	2	156.653	instrument
n	Rq	1	78.326	do
n	Rq	1	78.326	efi
n	Rq	3	234.979	training
n	Rq	1	78.326	quotation
n	Rq	1	78.326	careers
n	Rq	3	234.979	pilot
n	Rq	9	132.081	bandito
n	Rq	4	66.041	quotes
n	Rq	107	66.041	phone
n	Rq	1	78.326	stations
n	Rq	1	78.326	traing
N	*FR	2013	12	19	00	28
N	*LR	2020	10	14	09	11
N	*f	-200Q	s
N	RQ	25	4161680246	http://www.gtaeronautics.com/
N	RQ	3	4081566003	bandito uav
N	RQ	3	4081566003	onboard starter
N	RQ	7	3868164710	bme extreme
N	RQ	7	3868164710	aerospace engineering drawings
N	RQ	9	3654763417	at 6 texan
N	RQ	14	3441362124	aeronautical engineering drawing
N	RQ	2	2721044002	fiberglass molding techniques
N	RQ	6	2721044002	manufacturing aeronautical prototypes
N	RQ	19	2721044002	louis vuitton luggage outlet
N	RQ	10	2721044002	louis vuitton fashion valley phone
N	RQ	97	2721044002	louis vuitton fashion valley phone number
N	RQ	2	2721044002	texan at 6
N	RQ	18	2721044002	louis vuitton fashion valley ca
N	RQ	20	2507642709	www.gtaeronautics.com
N	RQ	8	2294241416	at6 texan
N	RQ	20	1867438830	gt aeronautics
N	RQ	1	1360522001	uavs flying over simi valley ca
N	RQ	1	1360522001	gt aeronautics simi valley california
N	RQ	1	1360522001	aeronautical engineer quote
N	RQ	1	1360522001	does aeronautical engineering require drawing?
N	RQ	1	1360522001	how to do gt in engineering drawing
N	RQ	2	1360522001	http://gtaeronautics.com/
N	RQ	1	1360522001	the government college g.t aeronautics
N	RQ	1	1360522001	bme engine
N	RQ	1	1360522001	uas gcs
N	RQ	1	1360522001	http://www.gtaeronautics.com/indnews.html
N	RQ	92	1360522001	semalt.com
N	RQ	1	1360522001	aero iron mentioned nanotechnology hummingbird uav
N	RQ	1	1360522001	basic fiberglass techniques
N	RQ	1	1360522001	http://gtaeronautics.com/indnews.html
N	RQ	1	1360522001	finnemeccia co
N	RQ	2	1360522001	drawing for customer satisfaction
N	RQ	1	1360522001	cheap louis vuitton speedy handbag.com
N	RQ	1	1360522001	at 6
N	RQ	1	1360522001	quotation specialist engineer drawings
N	RQ	1	1360522001	challenge xtreme 111 piece mechanics tool kit
N	RQ	1	1360522001	uav commercial crew stations
N	RQ	1	1360522001	da42 mpp microwave downlink bandwidth
N	RQ	1	1360522001	anti ice de ice qinetiq zephyr
N	RQ	4	1360522001	louis%20vuitton%20fashion%20valley%20phone%20number
N	RQ	1	1360522001	faa uas pilot certification
N	RQ	1	1360522001	any flying crews in gta
N	RQ	1	1360522001	fiber glass molding job
N	RQ	1	1360522001	aerospace drawing
N	RQ	1	1360522001	aircraft design consultant
N	RQ	1	1360522001	www.gt airplane.com
N	RQ	3	1360522001	gt in aeronotics
N	RQ	1	1360522001	tom rullman
N	RQ	1	1360522001	gt aeronautics simi valley ca
N	RQ	1	1360522001	drone base in simi valley
N	RQ	1	1360522001	fiberglass mold making techniques
N	RQ	1	1360522001	rpa instrument qualification faa instrument rating
N	RQ	1	1360522001	extreme bme
N	RQ	1	1360522001	uas faa maintenance
N	RQ	1	1360522001	louis vuitton neverfull
N	RQ	1	1360522001	fiberglass techniques
N	RQ	1	1360522001	aircraft companies in simi valley
N	RQ	1	1360522001	custom fiberglass moldings
N	RQ	1	1360522001	anything
N	RQ	11	1360522001	louis vuitton luggage cheap
N	RQ	1	1360522001	aeronautical engineering sketches
N	RQ	1	1360522001	gtaeronautics.com
N	RQ	1	1360522001	giant scale ziroli at 6
N	RQ	9	1360522001	outlet louis vuitton handbags
N	RQ	1	1360522001	cowling drawing
N	RQ	1	1360522001	mitsubishi zero
N	RQ	1	1360522001	powell wy gt aeronautics
N	RQ	2	1360522001	what is gt in basic engineering drawing
N	RQ	2	1360522001	composite molding
N	RQ	1	1360522001	aeronautics in simi valley and security work
N	RQ	3	1360522001	gt aeronautics llc jobs
N	RQ	1	1360522001	crew flight gta
N	RQ	1	1360522001	110cc engine timing
N	RQ	1	1360522001	aeronautical engineer quotes
N	RQ	2	1360522001	http://www.gtaeronautics.com/compnews.html
N	RQ	4	1360522001	wyoming flight engineers
N	RQ	1	1360522001	a t 6
N	RQ	1	1360522001	gt aeronautics unmanned air
N	RQ	1	1360522001	fia gt composite tooling
N	RQ	1	1360522001	uas pilot certification
N	RQ	1	1360522001	quotes on aeronautical engineers
N	RQ	1	1360522001	payload for diamond northrop twin engie aircraft
N	RQ	7	1360522001	content
N	RQ	1	1360522001	bme 110
N	RQ	1	1360522001	thomas w rullman gt aeronautics
N	RQ	1	1360522001	luggages for sale
N	RQ	2	1360522001	easylifeapp profile
N	RQ	2	1360522001	simi gt
N	RQ	1	1360522001	mq1 design fuel
N	RQ	1	1360522001	airplane as always cia america2009
N	RQ	1	1360522001	heavy equipment operator jobs
N	RQ	1	1360522001	eengineer drawing home
N	RQ	1	1360522001	cheap louis vuitton luggage
N	RQ	1	1360522001	aero space drone simi valley
N	RQ	1	1360522001	2 stroke electric onboard starter
N	RQ	1	1360522001	simi valley unmanned aircraft
N	RQ	1	1360522001	skyforce observer mk3
N	RQ	2	1360522001	granger whitelaw avia
N	RQ	1	1360522001	louis vuitton fashion valley neverfull
N	RQ	1	1360522001	louis vuitton job opportunities
N	RQ	1	1360522001	google.com
N	RQ	1	1360522001	uas operation training method
N	RQ	2	1360522001	wmaid.com explore gtaeronautics.com
N	RQ	1	1360522001	custum muffler 110cc
N	RQ	1	1360522001	glass manufacturing drawings
N	RQ	1	1360522001	electric motors x male uav x sale
N	RQ	1	1360522001	aerospacecompanies in simi valley
N	RQ	1	1360522001	fiberglass molding
N	RQ	2	1360522001	aeronautical technology inc
N	RQ	1	1360522001	taranis ucav
N	RQ	1	1360522001	vegas drone uav show december 2015
N	RQ	1	1360522001	uav companies in simi valley
N	RQ	1	1360522001	unmanned aircraft systems pilot training
N	RQ	2	1360522001	installerex facebook
N	RQ	3	1360522001	texan at6 photos
N	RQ	1	1360522001	aeronautic engineer
N	RQ	30	1360522001	designer handbags outlet sale
N	RQ	1	1360522001	rpas qulificationa traing with faa
N	RQ	1	1360522001	faa uav training
N	RQ	1	1360522001	uav companies simi valley
N	RQ	5	1360522001	louis vuitton purses outlet
N	RQ	1	1360522001	aeronautics
N	RQ	1	1360522001	cheap louis vuitton luggage outlet
N	RQ	1	1360522001	gt aeronautics tomas rullman
N	RQ	1	1360522001	tobbot
N	RQ	1	1360522001	radius tdw efi fuze
N	RQ	8	1360522001	manufacturing equipment store in simi valley
N	RQ	1	1360522001	onbordstarter
N	RQ	1	1360522001	aeronautic engineer quotes
N	RQ	1	1360522001	rotax amphibian unmanned china
N	RQ	1	1360522001	aeronautical engineering quotes
N	RQ	1	1360522001	drawing aircraft engineering
N	RQ	1	1360522001	gt aeronautics careers
N	RQ	1	1360522001	gt aeronautics bandito
N	RQ	1	1360522001	cody wy carbon fiber
N	RQ	6	1147120708	texan at6
N	RQ	5	1147120708	bandito pglm
B	*f	-40R	r
B	Rb	217259	0.000	Mozilla/5.0 (Windows NT 6.1; Win64; x64; rv:109.0) Gecko/20100101 Firefox/115.0
B	Rb	101492	2.898	Mozilla/5.0 (compatible; AhrefsBot/7.0;  http://ahrefs.com/robot/)
B	Rb	80553	1.116	Sogou web spider/4.0( http://www.sogou.com/docs/help/webmasters.htm#07)
B	Rb	80303	1.638	ZoominfoBot (zoominfobot at zoominfo dot com)
B	Rb	66284	1.266	Mozilla/5.0 (compatible; Googlebot/2.1;  http://www.google.com/bot.html)
B	Rb	50254	0.026	Mozilla/5.0 (iPhone; CPU iPhone OS 13_2_3 like Mac OS X) AppleWebKit/605.1.15 (KHTML, like Gecko) Version/13.0.3 Mobile/15E148 Safari/604.1
B	Rb	40927	4.266	Mozilla/5.0 (compatible; bingbot/2.0;  http://www.bing.com/bingbot.htm)
B	Rb	37682	2.168	Mozilla/5.0 (Windows NT 6.3; WOW64) AppleWebKit/537.36 (KHTML, like Gecko) Chrome/33.0.1736.0 Safari/537.36
B	Rb	32148	0.266	Googlebot-Image/1.0
B	Rb	30320	0.000	Mozilla/5.0 AppleWebKit/537.36 (KHTML, like Gecko; compatible; bingbot/2.0;  http://www.bing.com/bingbot.htm) Chrome/116.0.1938.76 Safari/537.36
B	Rb	26884	0.013	Mozilla/5.0 (Windows NT 10.0; Win64; x64; rv:109.0) Gecko/20100101 Firefox/111.0
B	Rb	20673	0.000	Mozilla/5.0 (Linux; Android 5.0) AppleWebKit/537.36 (KHTML, like Gecko) Mobile Safari/537.36 (compatible; Bytespider; spider-feedback@bytedance.com)
B	Rb	16331	0.954	Mozilla/4.0 (compatible; MSIE 6.0; Windows NT 5.1; SV1)
B	Rb	15498	1.399	Mozilla/5.0 (compatible; YandexBot/3.0;  http://yandex.com/bots)
B	Rb	15322	0.333	Mozilla/5.0 (Macintosh; Intel Mac OS X 10_15_5) AppleWebKit/605.1.15 (KHTML, like Gecko) Version/13.1.1 Safari/605.1.15 (Applebot/0.1;  http://www.apple.com/go/applebot)
B	Rb	15064	0.000	Mozilla/5.0 (Windows NT 10.0; Win64; x64) AppleWebKit/537.36 (KHTML, like Gecko) Chrome/120.0.0.0 Safari/537.36
B	Rb	14683	0.000	Mozilla/5.0 (Windows NT 10.0; Win64; x64) AppleWebKit/537.36 (KHTML, like Gecko) Chrome/114.0.0.0 Safari/537.36
B	Rb	13947	0.000	Mozilla/5.0 (compatible; Bytespider; spider-feedback@bytedance.com) AppleWebKit/537.36 (KHTML, like Gecko) Chrome/70.0.0.0 Safari/537.36
B	Rb	13838	0.400	Mozilla/5.0 (Windows NT 5.1; rv:17.0) Gecko/20100101 Firefox/17.0
B	Rb	13498	0.689	Mozilla/5.0 (compatible; Baiduspider/2.0;  http://www.baidu.com/search/spider.html)
B	Rb	13168	0.424	Mozilla/5.0 (Macintosh; Intel Mac OS X 10.11; rv:52.0) Gecko/20100101 Firefox/52.0
B	Rb	12964	1.355	Mozilla/5.0 (iPhone; CPU iPhone OS 7_0 like Mac OS X) AppleWebKit/537.51.1 (KHTML, like Gecko) Version/7.0 Mobile/11A465 Safari/9537.53 (compatible; bingbot/2.0;  http://www.bing.com/bingbot.htm)
B	Rb	12902	0.000	Mozilla/5.0 (Windows NT 10.0; Win64; x64) AppleWebKit/537.36 (KHTML, like Gecko) Chrome/134.0.0.0 Safari/537.36
B	Rb	12625	0.000	Mozilla/5.0 (Windows NT 10.0; Win64; x64) AppleWebKit/537.36 (KHTML, like Gecko) Chrome/131.0.0.0 Safari/537.36
B	Rb	12321	0.220	Mozilla/5.0 (Linux; Android 6.0.1; Nexus 5 Build/MRA58N) AppleWebKit/537.36(KHTML, like Gecko) Chrome/66.0.3359.30 Mobile Safari/537.36
B	Rb	11718	0.000	Mozilla/5.0 (Macintosh; Intel Mac OS X 10_15_7) AppleWebKit/605.1.15 (KHTML, like Gecko) Version/17.4 Safari/605.1.15 (Applebot/0.1;  http://www.apple.com/go/applebot)
B	Rb	11708	0.000	Mozilla/5.0 (Windows NT 10.0; Win64; x64) AppleWebKit/537.36 (KHTML, like Gecko) Chrome/124.0.0.0 Safari/537.36
B	Rb	11308	0.000	Mozilla/5.0 (Windows NT 10.0; Win64; x64) AppleWebKit/537.36 (KHTML, like Gecko) Chrome/122.0.0.0 Safari/537.36
B	Rb	11180	0.067	Mozilla/5.0 (Windows NT 10.0; Win64; x64) AppleWebKit/537.36 (KHTML, like Gecko) Chrome/113.0.0.0 Safari/537.36
B	Rb	10644	0.616	Mozilla/5.0 (Windows NT 6.1; WOW64; Trident/7.0; rv:11.0) like Gecko
B	Rb	10631	0.170	Mozilla/5.0 (compatible; Dataprovider.com)
B	Rb	10580	0.000	Mozilla/5.0 (Windows NT 10.0; Win64; x64) AppleWebKit/537.36 (KHTML, like Gecko) Chrome/121.0.0.0 Safari/537.36
B	Rb	10520	0.162	Mozilla/5.0 (Linux; Android 7.0;) AppleWebKit/537.36 (KHTML, like Gecko) Mobile Safari/537.36 (compatible; PetalBot; https://webmaster.petalsearch.com/site/petalbot)
B	Rb	9828	0.286	Mozilla/5.0 (Windows NT 10.0; Win64; x64) AppleWebKit/537.36 (KHTML, like Gecko) Chrome/109.0.0.0 Safari/537.36
B	Rb	9765	0.246	Mozilla/5.0 (compatible; MJ12bot/v1.4.8; http://mj12bot.com/)
B	Rb	9648	0.435	Mozilla/5.0 AppleWebKit/537.36 (KHTML, like Gecko; compatible; bingbot/2.0;  http://www.bing.com/bingbot.htm) Chrome/103.0.5060.134 Safari/537.36
B	Rb	9443	0.479	PRurl
B	Rb	9350	0.003	Mozilla/5.0 (compatible; MatchorySearch/1.3;  https://www.matchory.com)
B	Rb	9161	0.000	Mozilla/5.0 (Windows NT 10.0; Win64; x64) AppleWebKit/537.36 (KHTML, like Gecko) Chrome/138.0.0.0 Safari/537.36
B	Rb	8508	0.000	Mozilla/5.0 (Windows NT 10.0; Win64; x64) AppleWebKit/537.36 (KHTML, like Gecko) Chrome/116.0.0.0 Safari/537.36
B	Rb	2134873	78.105	[not listed: 25436]
b	*f	-15Q	s
b	lRQq	1	980	4081566005	105.724	Mozlila
b	lRQq	2	980	4081566005	105.724	Mozlila/5
b	lRQq	1	10194	4268735925	110.572	Netscape
b	lRQq	2	25	3227960831	83.613	Netscape/6
b	lRQq	2	808	2721044002	70.482	Netscape/0
b	lRQq	2	8	2721044002	70.482	Netscape/5
b	lRQq	2	357	2294241416	59.427	Netscape/3
b	lRQq	2	124	2294241416	59.427	Netscape/8
b	lRQq	2	5530	2080840123	53.899	Netscape/7
b	lRQq	2	2461	1520750487	39.392	Netscape/4
b	lRQq	2	2	1360522001	35.241	Netscape/Nutch-1
b	lRQq	2	73	1360522001	35.241	Netscape/%2F4
b	lRQq	2	1	1360522001	35.241	Netscape/10
b	lRQq	2	1	1360522001	35.241	Netscape/2
b	lRQq	2	9	1360522001	35.241	Netscape/Firefox
b	lRQq	2	1	1360522001	35.241	Netscape/35
b	lRQq	2	3	1360522001	35.241	Netscape/9
b	lRQq	1	123	4161680246	107.799	WordPress
b	lRQq	2	90	1360522001	35.241	WordPress/5
b	lRQq	2	1	1147120708	29.714	WordPress/6
b	lRQq	2	13	1147120708	29.714	WordPress/3
b	lRQq	2	19	506916829	13.131	WordPress/4
b	lRQq	1	113	4081566003	105.724	woobot
b	lRQq	2	59	1360522001	35.241	woobot/2
b	lRQq	2	53	1360522001	35.241	woobot/1
b	lRQq	1	2	4081566003	105.724	<a href='http:
b	lRQq	2	2	4081566003	105.724	<a href='http://www
b	lRQq	1	4	4081566003	105.724	GoogleEarth
b	lRQq	2	2	1360522001	35.241	GoogleEarth/6
b	lRQq	2	1	1360522001	35.241	GoogleEarth/4
b	lRQq	2	1	1360522001	35.241	GoogleEarth/7
b	lRQq	1	1158	4081566003	105.724	Yandex
b	lRQq	2	1158	4081566003	105.724	Yandex/1
b	lRQq	1	13	4081566003	105.724	trafilatura
b	lRQq	2	13	4081566003	105.724	trafilatura/1
b	lRQq	1	6	4081566003	105.724	${${lower:j}${lower:n}${lower:d}i:${lower:rmi}:
b	lRQq	2	2	1360522001	35.241	${${lower:j}${lower:n}${lower:d}i:${lower:rmi}://144
b	lRQq	2	2	1360522001	35.241	${${lower:j}${lower:n}${lower:d}i:${lower:rmi}://167
b	lRQq	2	2	1360522001	35.241	${${lower:j}${lower:n}${lower:d}i:${lower:rmi}://51
b	lRQq	1	203	4081566003	105.724	Re-re Studio ( http:
b	lRQq	2	169	1360522001	35.241	Re-re Studio ( http://vip0
b	lRQq	2	2	1360522001	35.241	Re-re Studio ( http://re-re
b	lRQq	2	32	1360522001	35.241	Re-re Studio ( http://2re
b	lRQq	1	916	4081566003	105.724	DoCoMo
b	lRQq	2	916	4081566003	105.724	DoCoMo/2
b	lRQq	1	668	4081566003	105.724	Yeti
b	lRQq	2	668	4081566003	105.724	Yeti/1
b	lRQq	1	1	4081566003	105.724	ddg_android
b	lRQq	2	1	4081566003	105.724	ddg_android/5
b	lRQq	1	3	4081566003	105.724	Playwright
b	lRQq	2	3	4081566003	105.724	Playwright/1
b	lRQq	1	259	4081566003	105.724	LinkedInBot
b	lRQq	2	259	4081566003	105.724	LinkedInBot/1
b	lRQq	1	3241162	2499369079	64.740	[not listed: 1006]
p	*f	0Q	s
p	lR	1	1558513	Windows
p	lR	2	709781	Windows NT
p	lR	2	568646	Unknown Windows
p	lR	2	263481	Windows XP
p	lR	2	2238	Windows 95
p	lR	2	437	Windows CE
p	lR	2	2415	Windows 98
p	lR	2	9685	Windows 2000
p	lR	2	389	Windows 3.1
p	lR	2	1441	Windows ME
p	lR	1	576649	OS unknown
p	lR	1	411237	Macintosh
p	lR	2	399287	Unknown Macintosh
p	lR	2	8638	Macintosh 68k
p	lR	2	3312	Macintosh PowerPC
p	lR	1	381374	Known robots
p	lR	1	327779	Unix
p	lR	2	321513	Linux
p	lR	2	91	BSD
p	lR	2	22	SunOS
p	lR	2	6150	Other Unix
p	lR	2	3	HP-UX
p	lR	1	16	WebTV
p	lR	1	13	BeOS
p	lR	1	217	OS/2
p	lR	1	7	Amiga
i	*f	0R	s
i	lRc	1	1347472	0.000	/images/
i	lRc	1	1492203	0.000	[root directory]
i	lRc	1	259968	0.000	/js/
i	lRc	1	131603	0.000	/css/
i	lRc	1	41341	0.000	/uploads/
i	lRc	1	865	0.000	/videos/
i	lRc	1	541	0.000	/client/
i	lRc	1	6	0.000	/databases/
i	lRc	1	1	0.000	/cgi-bin/
i	lRc	1	429	0.000	/dev/
i	lRc	2	81	0.000	/dev/images/
i	lRc	2	24	0.000	/dev/css/
i	lRc	2	46	0.000	/dev/js/
i	lRc	1	1	0.000	/secure/
i	lRc	1	79	0.000	/stats/
r	*f	0.050000%S	s
r	lRSc	1	38718	52	0.000	/indnews.html
r	lRSc	2	141	0	0.000	/indnews.html?referer=www.clickfind.com.au/wp-login.php
r	lRSc	2	1	0	0.000	/indnews.html?referer=top1.co.pl
r	lRSc	2	1	0	0.000	/indnews.html?referer=www.clickfind.com.au//wp-content/themes/busybee/thumb.php?src=http://blogger.com.opontodaarte.com.br/java.php
r	lRSc	1	62623	51	0.000	/compnews.html
r	lRSc	1	24459	34	0.000	/gt1500+rpas.html
r	lRSc	1	39544	33	0.000	/cct&m.html
r	lRSc	1	57156	29	0.000	/links.html
r	lRSc	1	59595	29	0.000	/aboutus.html
r	lRSc	1	36389	26	0.000	/pna.html
r	lRSc	1	41289	24	0.000	/consultinga.html
r	lRSc	1	22648	23	0.000	/gt50t+rpas.html
r	lRSc	1	47968	23	0.000	/contactus.html
r	lRSc	1	35937	22	0.000	/indevents.html
r	lRSc	1	30191	22	0.000	/sru.html
r	lRSc	1	43056	21	0.000	/uasfc.html
r	lRSc	1	37826	21	0.000	/cfmt.html
r	lRSc	1	19611	21	0.000	/gt100hl+rpas.html
r	lRSc	1	23718	19	0.000	/gt380+rpas.html
r	lRSc	1	30624	17	0.000	/faq.html
r	lRSc	1	20701	14	0.000	/rd.html
r	lRSc	1	3808	12	0.000	/uploads/droneexpojan2022+(1).pdf
r	lRSc	1	29854	11	0.000	/employment.html
r	lRSc	1	3321	7	0.000	/uploads/2022wydronefestflyer+rev2.pdf
r	lRSc	1	4967	5	0.000	/uploads/idrone-pressrelease-powell-version220119.pdf
r	lRSc	1	4039	4	0.000	/uploads/big+horn+basin+drone+festival+event+schedule.pdf
r	lRSc	1	4152	4	0.000	/uploads/bighornbasindronefestivalflyer-v2-220110.pdf
r	lRSc	1	5966	3	0.000	/uavengines.html
r	lRSc	1	4802	2	0.000	/bandituas.html
r	lRSc	1	5525	1	0.000	/banditomav.html
r	lRSc	1	5619	1	0.000	/gtatexan.html
r	lRSc	1	2	0	0.000	/client/bandit+timeline2004.html
r	lRSc	1	1	0	0.000	/404.htm
r	lRSc	1	12	0	0.000	/client/gta010707002.html
r	lRSc	1	72	0	0.000	/client/bandito+development.html
r	lRSc	1	1	0	0.000	/stats/browserrep.html
r	lRSc	1	741	0	0.000	/gt50t rpas.html
r	lRSc	1	2	0	0.000	/dev/contactus.html
r	lRSc	1	1	0	0.000	/dev/aboutus.html
r	lRSc	1	18	0	0.000	/client/tacamo+development.html
r	lRSc	1	11	0	0.000	/client/rq2+outlaw.html
r	lRSc	1	1	0	0.000	/client/bandit timeline2008.html
r	lRSc	1	15	0	0.000	/client/bandit.html
r	lRSc	1	993	0	0.000	/gtamt.html
r	lRSc	1	2253	0	0.000	/gt1500 rpas.html
r	lRSc	1	4	0	0.000	/client/gta121004001.html
r	lRSc	1	1	0	0.000	/dev/client.cgi
r	lRSc	1	71	0	0.000	/client/bandit+development.html
r	lRSc	1	2	0	0.000	/client/bandito development.html
r	lRSc	1	2	0	0.000	/stats/domain.html
r	lRSc	1	2	0	0.000	/stats/weekly.html
r	lRSc	1	6356	0	0.000	/pridpass.html
r	lRSc	1	1	0	0.000	/dev/pna.html
r	lRSc	1	1	0	0.000	/client/tacamo development.html
r	lRSc	1	4	0	0.000	/stats/index.htm
r	lRSc	1	4	0	0.000	/stats/nav.html
r	lRSc	1	2	0	0.000	/stats/directory.html
r	lRSc	1	2	0	0.000	/stats/organisation.html
r	lRSc	1	7	0	0.000	/client/bandit+timeline2007.html
r	lRSc	1	1	0	0.000	/dev/pridpass.html
r	lRSc	1	1	0	0.000	/client/bandito timeline2007.html
r	lRSc	1	1	0	0.000	/stats/quick.html
r	lRSc	1	135	0	0.000	/client/welcome.html
r	lRSc	1	3	0	0.000	/client/gta021305001.html
r	lRSc	1	5	0	0.000	/client/gta012405001.html
r	lRSc	1	4	0	0.000	/stats/general.html
r	lRSc	1	1	0	0.000	/stats/dailyrep.html
r	lRSc	1	1	0	0.000	/client/bandit development.html
r	lRSc	1	17	0	0.000	/client/bandit+timeline2008.html
r	lRSc	1	1	0	0.000	/client/bandito+timeline2005.html
r	lRSc	1	23	0	0.000	/client/projectbids.html
r	lRSc	1	1	0	0.000	/stats/host.html
r	lRSc	1	20	0	0.000	/client/clientpna.html
r	lRSc	1	2	0	0.000	/stats/default.asp
r	lRSc	1	21	0	0.000	/index.htm
r	lRSc	1	1	0	0.000	/cgi-bin/testms.pl
r	lRSc	1	14	0	0.000	/client/rq1+bandit.html
r	lRSc	1	6	0	0.000	/client/gta021305002.html
r	lRSc	1	24	0	0.000	/client/tacamo.html
r	lRSc	1	30	0	0.000	/client/mgqgcyat.asp
r	lRSc	1	18702	0	0.000	/default.asp
r	lRSc	1	1666	0	0.000	/gt380 rpas.html
r	lRSc	1	1	0	0.000	/client/bandito+timeline2006.html
r	lRSc	1	16	0	0.000	/client/rq3+bandito.html
r	lRSc	1	1	0	0.000	/dev/uasfc.html
r	lRSc	1	229	0	0.000	/client.cgi
r	lRSc	1	2	0	0.000	/stats/yearly.html
r	lRSc	1	1	0	0.000	/stats/monthly.html
r	lRSc	1	8	0	0.000	/client/gta010707001.html
r	lRSc	1	3749	0	0.000	/bidspridpass.html
r	lRSc	1	12	0	0.000	/client/bandito.html
r	lRSc	1	1	0	0.000	/stats/quarterly.html
r	lRSc	1	8	0	0.000	/client/bandito+timeline2007.html
t	*f	0.100000%B	b
t	lRb	1	1240695	43.756	.jpg  [JPEG graphics]
t	lRb	1	740118	26.229	.html [Hypertext Markup Language]
t	lRb	1	673696	18.517	[directories]
t	lRb	1	21054	5.242	.mp4
t	lRb	1	778	2.157	.wmv
t	lRb	1	87	2.118	.mpg  [MPEG movie]
t	lRb	1	18734	0.911	.asp  [Active Server REQUESTS]
t	lRb	1	106882	0.296	.gif  [GIF graphics]
t	lRb	1	260014	0.254	.js  [JavaScript code]
t	lRb	1	131619	0.225	.css  [Cascading Style Sheets]
t	lRb	1	20287	0.210	.pdf  [Adobe Portable Document Format]
t	lRb	1	60545	0.084	[not listed: 7]
z	*FR	2023	04	05	20	41
z	*LR	2023	05	09	10	03
z	ScR	0	0.000	84837	0
z	ScR	0	0.000	0	1b-  10b
z	ScR	0	0.000	0	11b- 100b
z	ScR	0	0.000	85122	101b-  1kb
z	ScR	0	0.000	509907	1kb- 10kb
z	ScR	0	0.000	352085	10kb-100kb
z	ScR	0	0.000	104639	100kb-  1Mb
z	ScR	0	0.000	4584	1Mb- 10Mb
z	ScR	0	0.000	55	10Mb-100Mb
z	ScR	0	0.000	13	100Mb-  1Gb
c	*FR	2014	03	02	13	52
c	*LR	2025	12	19	05	57
c	*f	0R	a
c	R	3081983	200 OK
c	R	42081	206 Partial content
c	R	353	301 Document moved permanently
c	R	77	302 Document found elsewhere
c	R	150445	304 Not modified since last retrieval
c	R	3452	400 Bad request
c	R	207	401 Authentication required
c	R	5078	403 Access forbidden
c	R	2403457	404 Document not found
c	R	3691	405 Method not allowed
c	R	1681	406 Document not acceptable to client
c	R	141	416 Requested range not valid
c	R	625	500 Internal server error
c	R	128	501 Request type not supported
I	*FR	2007	12	11	00	52
I	*LR	2025	12	19	05	21
I	*f	-30S	s
I	lRS	1	305643	347	/robots.txt
I	lRS	1	5523	29	/admin.php
I	lRS	1	1886	25	/ioxi-o.php
I	lRS	1	3694	25	/file.php
I	lRS	1	1344	24	/bless.php
I	lRS	1	4655	23	/about.php
I	lRS	1	1043	22	/k.php
I	lRS	1	1277	21	/abcd.php
I	lRS	1	2471	21	/info.php
I	lRS	1	3797	21	/chosen.php
I	lRS	1	3066	21	/alfa.php
I	lRS	1	2913	21	/classwithtostring.php
I	lRS	1	3178	21	/wp.php
I	lRS	1	2001	20	/404.php
I	lRS	1	13276	20	/wp-login.php
I	lRS	1	1615	20	/new.php
I	lRS	1	476	20	/222.php
I	lRS	1	1591	19	/manager.php
I	lRS	1	1704	19	/wp-content/admin.php
I	lRS	1	1016	17	/wp-good.php
I	lRS	1	1152	17	/adminfuns.php
I	lRS	1	1343	17	/wp-content/plugins/admin.php
I	lRS	1	891	17	/akcc.php
I	lRS	1	1861	17	/wp-content/themes/about.php
I	lRS	1	369	17	/gg.php
I	lRS	1	2721	16	/1.php
I	lRS	1	1874	16	/buy.php
I	lRS	1	1785	16	/goods.php
I	lRS	1	3046	15	/wp-content/plugins/hellopress/wp_filemanager.php
I	lRS	1	311	15	/num.php
I	lRS	1	2040682	4527	[not listed: 45753]
L	*FR	2007	12	11	00	52
L	*LR	2025	12	19	05	21
L	*f	-20S	s
L	RS	5900	1180	85.203.15.217
L	RS	1672	420	20.78.177.7
L	RS	1430	326	20.196.91.230
L	RS	652	326	4.241.241.191
L	RS	1012	268	52.230.92.201
L	RS	1000	250	20.214.242.147
L	RS	633	211	104.215.28.140
L	RS	660	165	172.207.12.118
L	RS	459	157	52.178.176.146
L	RS	1813	151	52.178.223.71
L	RS	149	149	4.218.14.157
L	RS	864	144	4.214.48.19
L	RS	540	135	52.147.67.155
L	RS	250	125	4.190.206.155
L	RS	230	115	68.218.100.126
L	RS	98	98	4.189.96.146
L	RS	196	98	4.197.173.61
L	RS	98	98	4.217.196.110
L	RS	98	98	4.196.109.118
L	RS	1473	77	13.74.149.244
L	RS	2399233	855	[not listed: 100897]
K	*FR	2013	12	22	04	20
K	*LR	2025	12	18	21	29
K	*f	-30S	s
K	lRS	1	8892	172	https://www.bing.com/
K	lRS	1	8615	164	https://www.google.fr/
K	lRS	1	8501	162	https://duckduckgo.com/
K	lRS	1	11403	148	https://www.google.com/
K	lRS	1	8751	147	https://www.google.co.uk/
K	lRS	1	8565	146	https://www.yahoo.com/
K	lRS	1	8404	144	https://www.google.de/
K	lRS	1	5	1	http://gtaeronautics.com/tinyfilemanager.php
K	lRS	1	5	1	http://gtaeronautics.com/goods.php
K	lRS	1	10	1	http://gtaeronautics.com/menu.php
K	lRS	1	132368	0	[not listed: 8313]
E	*FR	2008	01	06	10	12
E	*LR	2025	12	03	13	13
E	*f	-30S	s
E	lSR	1	0	430	[not listed: 9]
l	*FR	2008	01	06	10	12
l	*LR	2025	12	03	13	13
l	*f	-20S	s
l	SR	0	430	[not listed: 141]
v	*f	-20B	b
v	Rb	2617094	65.103	64.41.87.40
v	Rb	657415	34.897	66.113.131.59
R	*FR	2008	01	06	10	12
R	*LR	2025	12	03	13	13
R	*f	-20R	r
R	R	252	64.41.87.40
R	R	178	66.113.131.59
M	*FR	2007	12	11	00	52
M	*LR	2025	12	19	05	21
M	*f	-20R	r
M	R	2115854	64.41.87.40
M	R	302606	66.113.131.59
J	*FR	2007	12	11	00	53
J	*LR	2017	03	17	18	30
J	*f	-20R	r
J	R	9	gtaeronautics
J	R	5	lorrigkj
J	R	1	rullma2063
J	R	1	administrator
J	R	1	satish
J	R	1	nnnnn
P	*FR	2024	04	17	09	27
P	*LR	2025	12	19	05	57
P	R	230	0
P	R	444	<= 0.01
P	R	8026	0.01-0.02
P	R	352451	0.02-0.05
P	R	402205	0.05-0.1 
P	R	544122	0.1 -0.2 
P	R	630684	0.2 -0.5 
P	R	307638	0.5 -1   
P	R	173166	1-  2 
P	R	71953	2-  5 
P	R	29287	5- 10 
P	R	14583	10- 20 
P	R	58896	20- 60 
P	R	5586	60-120 
P	R	17635	120-300 
P	R	1	300-600 
