x	VE	analog 5.24
x	HN	gtaeronautics.com
x	PS	2023	01	01	05	52
x	FR	2007	12	18	17	05
x	LR	2022	12	30	23	53
x	E7	2023	01	01	05	52
x	SR	1092998
x	S7	1257
x	NC	430170
x	C7	0
x	FL	440322
x	F7	500
x	RR	194
x	R7	0
x	NH	96763
x	H7	339
x	BT	50429287417
x	B7	138830651
1	Rr	82334	7.533	2022
1	Rr	98917	9.050	2021
1	Rr	89380	8.178	2020
1	Rr	80088	7.327	2019
1	Rr	68927	6.306	2018
1	Rr	60168	5.505	2017
1	Rr	73316	6.708	2016
1	Rr	80796	7.392	2015
1	Rr	110773	10.135	2014
1	Rr	65173	5.963	2013
1	Rr	60742	5.557	2012
1	Rr	57015	5.216	2011
1	Rr	22139	2.026	2010
1	Rr	69710	6.378	2009
1	Rr	71820	6.571	2008
1	Rr	1700	0.156	2007
1	*BT	R	110773	2014
Q	Rr	20307	1.858	2022	4
Q	Rr	20362	1.863	2022	3
Q	Rr	21795	1.994	2022	2
Q	Rr	19870	1.818	2022	1
Q	Rr	21154	1.935	2021	4
Q	Rr	26826	2.454	2021	3
Q	Rr	30675	2.807	2021	2
Q	Rr	20262	1.854	2021	1
Q	Rr	22199	2.031	2020	4
Q	Rr	23882	2.185	2020	3
Q	Rr	21656	1.981	2020	2
Q	Rr	21643	1.980	2020	1
Q	Rr	19098	1.747	2019	4
Q	Rr	19668	1.799	2019	3
Q	Rr	19827	1.814	2019	2
Q	Rr	21495	1.967	2019	1
Q	Rr	18129	1.659	2018	4
Q	Rr	17138	1.568	2018	3
Q	Rr	16928	1.549	2018	2
Q	Rr	16732	1.531	2018	1
Q	Rr	15937	1.458	2017	4
Q	Rr	0	0.000	2017	3
Q	Rr	16831	1.540	2017	2
Q	Rr	27400	2.507	2017	1
Q	Rr	22114	2.023	2016	4
Q	Rr	17621	1.612	2016	3
Q	Rr	15878	1.453	2016	2
Q	Rr	17703	1.620	2016	1
Q	Rr	16575	1.516	2015	4
Q	Rr	22104	2.022	2015	3
Q	Rr	22485	2.057	2015	2
Q	Rr	19632	1.796	2015	1
Q	Rr	21142	1.934	2014	4
Q	Rr	22272	2.038	2014	3
Q	Rr	31453	2.878	2014	2
Q	Rr	35906	3.285	2014	1
Q	Rr	16436	1.504	2013	4
Q	Rr	15216	1.392	2013	3
Q	Rr	16545	1.514	2013	2
Q	Rr	16976	1.553	2013	1
Q	Rr	16578	1.517	2012	4
Q	Rr	12511	1.145	2012	3
Q	Rr	15816	1.447	2012	2
Q	Rr	15837	1.449	2012	1
Q	Rr	15444	1.413	2011	4
Q	Rr	17386	1.591	2011	3
Q	Rr	9395	0.860	2011	2
Q	Rr	14790	1.353	2011	1
Q	Rr	1603	0.147	2010	4
Q	Rr	0	0.000	2010	3
Q	Rr	14047	1.285	2010	2
Q	Rr	6489	0.594	2010	1
Q	Rr	16350	1.496	2009	4
Q	Rr	18220	1.667	2009	3
Q	Rr	17115	1.566	2009	2
Q	Rr	18025	1.649	2009	1
Q	Rr	15905	1.455	2008	4
Q	Rr	15660	1.433	2008	3
Q	Rr	22448	2.054	2008	2
Q	Rr	17807	1.629	2008	1
Q	Rr	1700	0.156	2007	4
Q	*BT	R	35906	2014	1
m	Rr	6950	0.636	2022	12
m	Rr	6349	0.581	2022	11
m	Rr	7008	0.641	2022	10
m	Rr	6740	0.617	2022	09
m	Rr	6863	0.628	2022	08
m	Rr	6759	0.618	2022	07
m	Rr	6567	0.601	2022	06
m	Rr	8427	0.771	2022	05
m	Rr	6801	0.622	2022	04
m	Rr	6380	0.584	2022	03
m	Rr	6175	0.565	2022	02
m	Rr	7315	0.669	2022	01
m	Rr	7667	0.701	2021	12
m	Rr	7097	0.649	2021	11
m	Rr	6390	0.585	2021	10
m	Rr	6059	0.554	2021	09
m	Rr	9092	0.832	2021	08
m	Rr	11675	1.068	2021	07
m	Rr	10152	0.929	2021	06
m	Rr	10231	0.936	2021	05
m	Rr	10292	0.942	2021	04
m	Rr	7948	0.727	2021	03
m	Rr	5800	0.531	2021	02
m	Rr	6514	0.596	2021	01
m	Rr	8069	0.738	2020	12
m	Rr	6579	0.602	2020	11
m	Rr	7551	0.691	2020	10
m	Rr	8028	0.734	2020	09
m	Rr	7741	0.708	2020	08
m	Rr	8113	0.742	2020	07
m	Rr	7317	0.669	2020	06
m	Rr	6898	0.631	2020	05
m	Rr	7441	0.681	2020	04
m	Rr	7524	0.688	2020	03
m	Rr	7322	0.670	2020	02
m	Rr	6797	0.622	2020	01
m	Rr	6573	0.601	2019	12
m	Rr	5917	0.541	2019	11
m	Rr	6608	0.605	2019	10
m	Rr	6791	0.621	2019	09
m	Rr	6597	0.604	2019	08
m	Rr	6280	0.575	2019	07
m	Rr	6317	0.578	2019	06
m	Rr	6847	0.626	2019	05
m	Rr	6663	0.610	2019	04
m	Rr	7059	0.646	2019	03
m	Rr	6374	0.583	2019	02
m	Rr	8062	0.738	2019	01
m	Rr	6957	0.637	2018	12
m	Rr	5422	0.496	2018	11
m	Rr	5750	0.526	2018	10
m	Rr	5458	0.499	2018	09
m	Rr	5735	0.525	2018	08
m	Rr	5945	0.544	2018	07
m	Rr	7110	0.651	2018	06
m	Rr	6440	0.589	2018	05
m	Rr	3378	0.309	2018	04
m	Rr	5789	0.530	2018	03
m	Rr	5369	0.491	2018	02
m	Rr	5574	0.510	2018	01
m	Rr	3906	0.357	2017	12
m	Rr	6533	0.598	2017	11
m	Rr	5498	0.503	2017	10
m	Rr	0	0.000	2017	09
m	Rr	0	0.000	2017	08
m	Rr	0	0.000	2017	07
m	Rr	0	0.000	2017	06
m	Rr	6832	0.625	2017	05
m	Rr	9999	0.915	2017	04
m	Rr	11887	1.088	2017	03
m	Rr	7941	0.727	2017	02
m	Rr	7572	0.693	2017	01
m	Rr	9483	0.868	2016	12
m	Rr	7121	0.652	2016	11
m	Rr	5510	0.504	2016	10
m	Rr	6288	0.575	2016	09
m	Rr	5888	0.539	2016	08
m	Rr	5445	0.498	2016	07
m	Rr	5042	0.461	2016	06
m	Rr	5495	0.503	2016	05
m	Rr	5341	0.489	2016	04
m	Rr	5558	0.509	2016	03
m	Rr	5548	0.508	2016	02
m	Rr	6597	0.604	2016	01
m	Rr	5574	0.510	2015	12
m	Rr	5330	0.488	2015	11
m	Rr	5671	0.519	2015	10
m	Rr	6196	0.567	2015	09
m	Rr	6788	0.621	2015	08
m	Rr	9120	0.834	2015	07
m	Rr	7156	0.655	2015	06
m	Rr	5694	0.521	2015	05
m	Rr	9635	0.882	2015	04
m	Rr	6215	0.569	2015	03
m	Rr	6084	0.557	2015	02
m	Rr	7333	0.671	2015	01
m	Rr	6608	0.605	2014	12
m	Rr	6997	0.640	2014	11
m	Rr	7537	0.690	2014	10
m	Rr	7043	0.644	2014	09
m	Rr	7324	0.670	2014	08
m	Rr	7905	0.723	2014	07
m	Rr	11654	1.066	2014	06
m	Rr	9211	0.843	2014	05
m	Rr	10588	0.969	2014	04
m	Rr	7817	0.715	2014	03
m	Rr	15229	1.393	2014	02
m	Rr	12860	1.177	2014	01
m	Rr	5325	0.487	2013	12
m	Rr	5513	0.504	2013	11
m	Rr	5598	0.512	2013	10
m	Rr	4655	0.426	2013	09
m	Rr	4938	0.452	2013	08
m	Rr	5623	0.514	2013	07
m	Rr	5492	0.502	2013	06
m	Rr	5211	0.477	2013	05
m	Rr	5842	0.534	2013	04
m	Rr	6068	0.555	2013	03
m	Rr	5055	0.462	2013	02
m	Rr	5853	0.535	2013	01
m	Rr	5688	0.520	2012	12
m	Rr	5477	0.501	2012	11
m	Rr	5413	0.495	2012	10
m	Rr	4331	0.396	2012	09
m	Rr	3866	0.354	2012	08
m	Rr	4314	0.395	2012	07
m	Rr	4655	0.426	2012	06
m	Rr	6047	0.553	2012	05
m	Rr	5114	0.468	2012	04
m	Rr	6128	0.561	2012	03
m	Rr	5430	0.497	2012	02
m	Rr	4279	0.391	2012	01
m	Rr	5548	0.508	2011	12
m	Rr	4779	0.437	2011	11
m	Rr	5117	0.468	2011	10
m	Rr	5431	0.497	2011	09
m	Rr	6256	0.572	2011	08
m	Rr	5699	0.521	2011	07
m	Rr	5420	0.496	2011	06
m	Rr	3975	0.364	2011	05
m	Rr	0	0.000	2011	04
m	Rr	3608	0.330	2011	03
m	Rr	5171	0.473	2011	02
m	Rr	6011	0.550	2011	01
m	Rr	1603	0.147	2010	12
m	Rr	0	0.000	2010	11
m	Rr	0	0.000	2010	10
m	Rr	0	0.000	2010	09
m	Rr	0	0.000	2010	08
m	Rr	0	0.000	2010	07
m	Rr	4101	0.375	2010	06
m	Rr	5018	0.459	2010	05
m	Rr	4928	0.451	2010	04
m	Rr	5095	0.466	2010	03
m	Rr	1394	0.128	2010	02
m	Rr	0	0.000	2010	01
m	Rr	4665	0.427	2009	12
m	Rr	6187	0.566	2009	11
m	Rr	5498	0.503	2009	10
m	Rr	5066	0.463	2009	09
m	Rr	5718	0.523	2009	08
m	Rr	7436	0.680	2009	07
m	Rr	5685	0.520	2009	06
m	Rr	6120	0.560	2009	05
m	Rr	5310	0.486	2009	04
m	Rr	5515	0.505	2009	03
m	Rr	6123	0.560	2009	02
m	Rr	6387	0.584	2009	01
m	Rr	5763	0.527	2008	12
m	Rr	5420	0.496	2008	11
m	Rr	4722	0.432	2008	10
m	Rr	5435	0.497	2008	09
m	Rr	4843	0.443	2008	08
m	Rr	5382	0.492	2008	07
m	Rr	6082	0.556	2008	06
m	Rr	9946	0.910	2008	05
m	Rr	6420	0.587	2008	04
m	Rr	5431	0.497	2008	03
m	Rr	6469	0.592	2008	02
m	Rr	5907	0.540	2008	01
m	Rr	1700	0.156	2007	12
m	*BT	R	15229	2014	02
W	Rr	1280	0.117	2022	12	25
W	Rr	1806	0.165	2022	12	18
W	Rr	1773	0.162	2022	12	11
W	Rr	1532	0.140	2022	12	04
W	Rr	1586	0.145	2022	11	27
W	Rr	1093	0.100	2022	11	20
W	Rr	1366	0.125	2022	11	13
W	Rr	1972	0.180	2022	11	06
W	Rr	1396	0.128	2022	10	30
W	Rr	1547	0.142	2022	10	23
W	Rr	1641	0.150	2022	10	16
W	Rr	1747	0.160	2022	10	09
W	Rr	1568	0.143	2022	10	02
W	Rr	1379	0.126	2022	09	25
W	Rr	1695	0.155	2022	09	18
W	Rr	1701	0.156	2022	09	11
W	Rr	1568	0.143	2022	09	04
W	Rr	1562	0.143	2022	08	28
W	Rr	1488	0.136	2022	08	21
W	Rr	1646	0.151	2022	08	14
W	Rr	1430	0.131	2022	08	07
W	Rr	1446	0.132	2022	07	31
W	Rr	1383	0.127	2022	07	24
W	Rr	1661	0.152	2022	07	17
W	Rr	1478	0.135	2022	07	10
W	Rr	1711	0.157	2022	07	03
W	Rr	1804	0.165	2022	06	26
W	Rr	1298	0.119	2022	06	19
W	Rr	1407	0.129	2022	06	12
W	Rr	1396	0.128	2022	06	05
W	Rr	1638	0.150	2022	05	29
W	Rr	1724	0.158	2022	05	22
W	Rr	2427	0.222	2022	05	15
W	Rr	2100	0.192	2022	05	08
W	Rr	1414	0.129	2022	05	01
W	Rr	1865	0.171	2022	04	24
W	Rr	1381	0.126	2022	04	17
W	Rr	1630	0.149	2022	04	10
W	Rr	1670	0.153	2022	04	03
W	Rr	1588	0.145	2022	03	27
W	Rr	1204	0.110	2022	03	20
W	Rr	1350	0.124	2022	03	13
W	Rr	1488	0.136	2022	03	06
W	Rr	1368	0.125	2022	02	27
W	Rr	1481	0.135	2022	02	20
W	Rr	1657	0.152	2022	02	13
W	Rr	1518	0.139	2022	02	06
W	Rr	1787	0.163	2022	01	30
W	Rr	2021	0.185	2022	01	23
W	Rr	1429	0.131	2022	01	16
W	Rr	1693	0.155	2022	01	09
W	Rr	1541	0.141	2022	01	02
W	Rr	1311	0.120	2021	12	26
W	Rr	1839	0.168	2021	12	19
W	Rr	1732	0.158	2021	12	12
W	Rr	2001	0.183	2021	12	05
W	Rr	1641	0.150	2021	11	28
W	Rr	1615	0.148	2021	11	21
W	Rr	1673	0.153	2021	11	14
W	Rr	1625	0.149	2021	11	07
W	Rr	1523	0.139	2021	10	31
W	Rr	1562	0.143	2021	10	24
W	Rr	1474	0.135	2021	10	17
W	Rr	1349	0.123	2021	10	10
W	Rr	1615	0.148	2021	10	03
W	Rr	1598	0.146	2021	09	26
W	Rr	1646	0.151	2021	09	19
W	Rr	1203	0.110	2021	09	12
W	Rr	1106	0.101	2021	09	05
W	Rr	1383	0.127	2021	08	29
W	Rr	1685	0.154	2021	08	22
W	Rr	2071	0.189	2021	08	15
W	Rr	2279	0.209	2021	08	08
W	Rr	2374	0.217	2021	08	01
W	Rr	2543	0.233	2021	07	25
W	Rr	2843	0.260	2021	07	18
W	Rr	2777	0.254	2021	07	11
W	Rr	2756	0.252	2021	07	04
W	Rr	2524	0.231	2021	06	27
W	Rr	2466	0.226	2021	06	20
W	Rr	2262	0.207	2021	06	13
W	Rr	2264	0.207	2021	06	06
W	Rr	2101	0.192	2021	05	30
W	Rr	3009	0.275	2021	05	23
W	Rr	1989	0.182	2021	05	16
W	Rr	2386	0.218	2021	05	09
W	Rr	2138	0.196	2021	05	02
W	Rr	1668	0.153	2021	04	25
W	Rr	2413	0.221	2021	04	18
W	Rr	3035	0.278	2021	04	11
W	Rr	2709	0.248	2021	04	04
W	Rr	1942	0.178	2021	03	28
W	Rr	1666	0.152	2021	03	21
W	Rr	1476	0.135	2021	03	14
W	Rr	1713	0.157	2021	03	07
W	Rr	1777	0.163	2021	02	28
W	Rr	1173	0.107	2021	02	21
W	Rr	1101	0.101	2021	02	14
W	Rr	1699	0.155	2021	02	07
W	Rr	1867	0.171	2021	01	31
W	Rr	1404	0.128	2021	01	24
W	Rr	1564	0.143	2021	01	17
W	Rr	1431	0.131	2021	01	10
W	Rr	1666	0.152	2021	01	03
W	Rr	1926	0.176	2020	12	27
W	Rr	1572	0.144	2020	12	20
W	Rr	1404	0.128	2020	12	13
W	Rr	2272	0.208	2020	12	06
W	Rr	1522	0.139	2020	11	29
W	Rr	1722	0.158	2020	11	22
W	Rr	1580	0.145	2020	11	15
W	Rr	1401	0.128	2020	11	08
W	Rr	1499	0.137	2020	11	01
W	Rr	1470	0.134	2020	10	25
W	Rr	2379	0.218	2020	10	18
W	Rr	1559	0.143	2020	10	11
W	Rr	1729	0.158	2020	10	04
W	Rr	1674	0.153	2020	09	27
W	Rr	1786	0.163	2020	09	20
W	Rr	2200	0.201	2020	09	13
W	Rr	1677	0.153	2020	09	06
W	Rr	1596	0.146	2020	08	30
W	Rr	1833	0.168	2020	08	23
W	Rr	1814	0.166	2020	08	16
W	Rr	2206	0.202	2020	08	09
W	Rr	1397	0.128	2020	08	02
W	Rr	1816	0.166	2020	07	26
W	Rr	1949	0.178	2020	07	19
W	Rr	1532	0.140	2020	07	12
W	Rr	1976	0.181	2020	07	05
W	Rr	1600	0.146	2020	06	28
W	Rr	1627	0.149	2020	06	21
W	Rr	2101	0.192	2020	06	14
W	Rr	1590	0.145	2020	06	07
W	Rr	1492	0.137	2020	05	31
W	Rr	1556	0.142	2020	05	24
W	Rr	1756	0.161	2020	05	17
W	Rr	1568	0.143	2020	05	10
W	Rr	1567	0.143	2020	05	03
W	Rr	1734	0.159	2020	04	26
W	Rr	1675	0.153	2020	04	19
W	Rr	1702	0.156	2020	04	12
W	Rr	1965	0.180	2020	04	05
W	Rr	1329	0.122	2020	03	29
W	Rr	1818	0.166	2020	03	22
W	Rr	1345	0.123	2020	03	15
W	Rr	1581	0.145	2020	03	08
W	Rr	2014	0.184	2020	03	01
W	Rr	1942	0.178	2020	02	23
W	Rr	1748	0.160	2020	02	16
W	Rr	1949	0.178	2020	02	09
W	Rr	1683	0.154	2020	02	02
W	Rr	1436	0.131	2020	01	26
W	Rr	1792	0.164	2020	01	19
W	Rr	1519	0.139	2020	01	12
W	Rr	1420	0.130	2020	01	05
W	Rr	1109	0.101	2019	12	29
W	Rr	1023	0.094	2019	12	22
W	Rr	1584	0.145	2019	12	15
W	Rr	1783	0.163	2019	12	08
W	Rr	1704	0.156	2019	12	01
W	Rr	1178	0.108	2019	11	24
W	Rr	1697	0.155	2019	11	17
W	Rr	1510	0.138	2019	11	10
W	Rr	1383	0.127	2019	11	03
W	Rr	1309	0.120	2019	10	27
W	Rr	1473	0.135	2019	10	20
W	Rr	1519	0.139	2019	10	13
W	Rr	1485	0.136	2019	10	06
W	Rr	1416	0.130	2019	09	29
W	Rr	1499	0.137	2019	09	22
W	Rr	1652	0.151	2019	09	15
W	Rr	1710	0.156	2019	09	08
W	Rr	1485	0.136	2019	09	01
W	Rr	1689	0.155	2019	08	25
W	Rr	1315	0.120	2019	08	18
W	Rr	1619	0.148	2019	08	11
W	Rr	1558	0.143	2019	08	04
W	Rr	1360	0.124	2019	07	28
W	Rr	1191	0.109	2019	07	21
W	Rr	1730	0.158	2019	07	14
W	Rr	1299	0.119	2019	07	07
W	Rr	1339	0.123	2019	06	30
W	Rr	1592	0.146	2019	06	23
W	Rr	1497	0.137	2019	06	16
W	Rr	1450	0.133	2019	06	09
W	Rr	1555	0.142	2019	06	02
W	Rr	1289	0.118	2019	05	26
W	Rr	1863	0.170	2019	05	19
W	Rr	1385	0.127	2019	05	12
W	Rr	1553	0.142	2019	05	05
W	Rr	1655	0.151	2019	04	28
W	Rr	1282	0.117	2019	04	21
W	Rr	1503	0.138	2019	04	14
W	Rr	1623	0.148	2019	04	07
W	Rr	1715	0.157	2019	03	31
W	Rr	1882	0.172	2019	03	24
W	Rr	1464	0.134	2019	03	17
W	Rr	1381	0.126	2019	03	10
W	Rr	1627	0.149	2019	03	03
W	Rr	1773	0.162	2019	02	24
W	Rr	1669	0.153	2019	02	17
W	Rr	1483	0.136	2019	02	10
W	Rr	1391	0.127	2019	02	03
W	Rr	1797	0.164	2019	01	27
W	Rr	1963	0.180	2019	01	20
W	Rr	2029	0.186	2019	01	13
W	Rr	1696	0.155	2019	01	06
W	Rr	1526	0.140	2018	12	30
W	Rr	1226	0.112	2018	12	23
W	Rr	1442	0.132	2018	12	16
W	Rr	1936	0.177	2018	12	09
W	Rr	1809	0.166	2018	12	02
W	Rr	1295	0.118	2018	11	25
W	Rr	1820	0.167	2018	11	18
W	Rr	1802	0.165	2018	11	11
W	Rr	0	0.000	2018	11	04
W	Rr	1473	0.135	2018	10	28
W	Rr	1106	0.101	2018	10	21
W	Rr	1427	0.131	2018	10	14
W	Rr	1214	0.111	2018	10	07
W	Rr	1168	0.107	2018	09	30
W	Rr	1420	0.130	2018	09	23
W	Rr	1197	0.110	2018	09	16
W	Rr	1388	0.127	2018	09	09
W	Rr	1320	0.121	2018	09	02
W	Rr	1246	0.114	2018	08	26
W	Rr	1214	0.111	2018	08	19
W	Rr	1366	0.125	2018	08	12
W	Rr	1195	0.109	2018	08	05
W	Rr	1346	0.123	2018	07	29
W	Rr	1374	0.126	2018	07	22
W	Rr	1508	0.138	2018	07	15
W	Rr	1522	0.139	2018	07	08
W	Rr	909	0.083	2018	07	01
W	Rr	1444	0.132	2018	06	24
W	Rr	2682	0.245	2018	06	17
W	Rr	1365	0.125	2018	06	10
W	Rr	1329	0.122	2018	06	03
W	Rr	1275	0.117	2018	05	27
W	Rr	1392	0.127	2018	05	20
W	Rr	1321	0.121	2018	05	13
W	Rr	1527	0.140	2018	05	06
W	Rr	1517	0.139	2018	04	29
W	Rr	0	0.000	2018	04	22
W	Rr	1364	0.125	2018	04	15
W	Rr	1712	0.157	2018	04	08
W	Rr	0	0.000	2018	04	01
W	Rr	1543	0.141	2018	03	25
W	Rr	1342	0.123	2018	03	18
W	Rr	2429	0.222	2018	03	11
W	Rr	0	0.000	2018	03	04
W	Rr	1366	0.125	2018	02	25
W	Rr	1308	0.120	2018	02	18
W	Rr	1439	0.132	2018	02	11
W	Rr	1731	0.158	2018	02	04
W	Rr	0	0.000	2018	01	28
W	Rr	1434	0.131	2018	01	21
W	Rr	1578	0.144	2018	01	14
W	Rr	1471	0.135	2018	01	07
W	Rr	1246	0.114	2017	12	31
W	Rr	1033	0.095	2017	12	24
W	Rr	1103	0.101	2017	12	17
W	Rr	1406	0.129	2017	12	10
W	Rr	0	0.000	2017	12	03
W	Rr	1335	0.122	2017	11	26
W	Rr	1427	0.131	2017	11	19
W	Rr	1662	0.152	2017	11	12
W	Rr	1414	0.129	2017	11	05
W	Rr	1349	0.123	2017	10	29
W	Rr	1208	0.111	2017	10	22
W	Rr	2013	0.184	2017	10	15
W	Rr	1832	0.168	2017	10	08
W	Rr	0	0.000	2017	10	01
W	Rr	0	0.000	2017	09	24
W	Rr	0	0.000	2017	09	17
W	Rr	0	0.000	2017	09	10
W	Rr	0	0.000	2017	09	03
W	Rr	0	0.000	2017	08	27
W	Rr	0	0.000	2017	08	20
W	Rr	0	0.000	2017	08	13
W	Rr	0	0.000	2017	08	06
W	Rr	0	0.000	2017	07	30
W	Rr	0	0.000	2017	07	23
W	Rr	0	0.000	2017	07	16
W	Rr	0	0.000	2017	07	09
W	Rr	0	0.000	2017	07	02
W	Rr	0	0.000	2017	06	25
W	Rr	0	0.000	2017	06	18
W	Rr	0	0.000	2017	06	11
W	Rr	0	0.000	2017	06	04
W	Rr	25	0.002	2017	05	28
W	Rr	1838	0.168	2017	05	21
W	Rr	1915	0.175	2017	05	14
W	Rr	1676	0.153	2017	05	07
W	Rr	1677	0.153	2017	04	30
W	Rr	2071	0.189	2017	04	23
W	Rr	1978	0.181	2017	04	16
W	Rr	1874	0.171	2017	04	09
W	Rr	3435	0.314	2017	04	02
W	Rr	2619	0.240	2017	03	26
W	Rr	2633	0.241	2017	03	19
W	Rr	2413	0.221	2017	03	12
W	Rr	3092	0.283	2017	03	05
W	Rr	2295	0.210	2017	02	26
W	Rr	2204	0.202	2017	02	19
W	Rr	1869	0.171	2017	02	12
W	Rr	1973	0.181	2017	02	05
W	Rr	1783	0.163	2017	01	29
W	Rr	1768	0.162	2017	01	22
W	Rr	1585	0.145	2017	01	15
W	Rr	1768	0.162	2017	01	08
W	Rr	1740	0.159	2017	01	01
W	Rr	1549	0.142	2016	12	25
W	Rr	2202	0.201	2016	12	18
W	Rr	1812	0.166	2016	12	11
W	Rr	2648	0.242	2016	12	04
W	Rr	2236	0.205	2016	11	27
W	Rr	1321	0.121	2016	11	20
W	Rr	1996	0.183	2016	11	13
W	Rr	1716	0.157	2016	11	06
W	Rr	1564	0.143	2016	10	30
W	Rr	1362	0.125	2016	10	23
W	Rr	1707	0.156	2016	10	16
W	Rr	1696	0.155	2016	10	09
W	Rr	36	0.003	2016	10	02
W	Rr	2002	0.183	2016	09	25
W	Rr	1399	0.128	2016	09	18
W	Rr	1199	0.110	2016	09	11
W	Rr	1326	0.121	2016	09	04
W	Rr	1316	0.120	2016	08	28
W	Rr	1257	0.115	2016	08	21
W	Rr	1208	0.111	2016	08	14
W	Rr	1602	0.147	2016	08	07
W	Rr	1319	0.121	2016	07	31
W	Rr	1796	0.164	2016	07	24
W	Rr	1171	0.107	2016	07	17
W	Rr	1167	0.107	2016	07	10
W	Rr	917	0.084	2016	07	03
W	Rr	920	0.084	2016	06	26
W	Rr	1179	0.108	2016	06	19
W	Rr	1288	0.118	2016	06	12
W	Rr	1237	0.113	2016	06	05
W	Rr	1263	0.116	2016	05	29
W	Rr	1338	0.122	2016	05	22
W	Rr	1184	0.108	2016	05	15
W	Rr	1365	0.125	2016	05	08
W	Rr	974	0.089	2016	05	01
W	Rr	1311	0.120	2016	04	24
W	Rr	1127	0.103	2016	04	17
W	Rr	1248	0.114	2016	04	10
W	Rr	1451	0.133	2016	04	03
W	Rr	987	0.090	2016	03	27
W	Rr	1233	0.113	2016	03	20
W	Rr	1347	0.123	2016	03	13
W	Rr	1347	0.123	2016	03	06
W	Rr	1236	0.113	2016	02	28
W	Rr	1422	0.130	2016	02	21
W	Rr	1085	0.099	2016	02	14
W	Rr	1427	0.131	2016	02	07
W	Rr	1359	0.124	2016	01	31
W	Rr	1708	0.156	2016	01	24
W	Rr	1476	0.135	2016	01	17
W	Rr	1563	0.143	2016	01	10
W	Rr	1381	0.126	2016	01	03
W	Rr	1273	0.116	2015	12	27
W	Rr	1084	0.099	2015	12	20
W	Rr	1344	0.123	2015	12	13
W	Rr	1336	0.122	2015	12	06
W	Rr	1123	0.103	2015	11	29
W	Rr	960	0.088	2015	11	22
W	Rr	1337	0.122	2015	11	15
W	Rr	1400	0.128	2015	11	08
W	Rr	1383	0.127	2015	11	01
W	Rr	1250	0.114	2015	10	25
W	Rr	1366	0.125	2015	10	18
W	Rr	1367	0.125	2015	10	11
W	Rr	1214	0.111	2015	10	04
W	Rr	1152	0.105	2015	09	27
W	Rr	1387	0.127	2015	09	20
W	Rr	1655	0.151	2015	09	13
W	Rr	1526	0.140	2015	09	06
W	Rr	1242	0.114	2015	08	30
W	Rr	1800	0.165	2015	08	23
W	Rr	1527	0.140	2015	08	16
W	Rr	1386	0.127	2015	08	09
W	Rr	1593	0.146	2015	08	02
W	Rr	1567	0.143	2015	07	26
W	Rr	1980	0.181	2015	07	19
W	Rr	2180	0.199	2015	07	12
W	Rr	2008	0.184	2015	07	05
W	Rr	2297	0.210	2015	06	28
W	Rr	1556	0.142	2015	06	21
W	Rr	1380	0.126	2015	06	14
W	Rr	2013	0.184	2015	06	07
W	Rr	1651	0.151	2015	05	31
W	Rr	1224	0.112	2015	05	24
W	Rr	1355	0.124	2015	05	17
W	Rr	1179	0.108	2015	05	10
W	Rr	1436	0.131	2015	05	03
W	Rr	1671	0.153	2015	04	26
W	Rr	1878	0.172	2015	04	19
W	Rr	2326	0.213	2015	04	12
W	Rr	2636	0.241	2015	04	05
W	Rr	2297	0.210	2015	03	29
W	Rr	1237	0.113	2015	03	22
W	Rr	1453	0.133	2015	03	15
W	Rr	1399	0.128	2015	03	08
W	Rr	1287	0.118	2015	03	01
W	Rr	1249	0.114	2015	02	22
W	Rr	1373	0.126	2015	02	15
W	Rr	1790	0.164	2015	02	08
W	Rr	1672	0.153	2015	02	01
W	Rr	1543	0.141	2015	01	25
W	Rr	1463	0.134	2015	01	18
W	Rr	1696	0.155	2015	01	11
W	Rr	1707	0.156	2015	01	04
W	Rr	1833	0.168	2014	12	28
W	Rr	1335	0.122	2014	12	21
W	Rr	1644	0.150	2014	12	14
W	Rr	1541	0.141	2014	12	07
W	Rr	1335	0.122	2014	11	30
W	Rr	1262	0.115	2014	11	23
W	Rr	2009	0.184	2014	11	16
W	Rr	1566	0.143	2014	11	09
W	Rr	1814	0.166	2014	11	02
W	Rr	1452	0.133	2014	10	26
W	Rr	1642	0.150	2014	10	19
W	Rr	1795	0.164	2014	10	12
W	Rr	1836	0.168	2014	10	05
W	Rr	1662	0.152	2014	09	28
W	Rr	1843	0.169	2014	09	21
W	Rr	1678	0.154	2014	09	14
W	Rr	1598	0.146	2014	09	07
W	Rr	1418	0.130	2014	08	31
W	Rr	1584	0.145	2014	08	24
W	Rr	1571	0.144	2014	08	17
W	Rr	1727	0.158	2014	08	10
W	Rr	1927	0.176	2014	08	03
W	Rr	1691	0.155	2014	07	27
W	Rr	1702	0.156	2014	07	20
W	Rr	1624	0.149	2014	07	13
W	Rr	1831	0.168	2014	07	06
W	Rr	1867	0.171	2014	06	29
W	Rr	1927	0.176	2014	06	22
W	Rr	2134	0.195	2014	06	15
W	Rr	4851	0.444	2014	06	08
W	Rr	2293	0.210	2014	06	01
W	Rr	3180	0.291	2014	05	25
W	Rr	1468	0.134	2014	05	18
W	Rr	1808	0.165	2014	05	11
W	Rr	1998	0.183	2014	05	04
W	Rr	1876	0.172	2014	04	27
W	Rr	2330	0.213	2014	04	20
W	Rr	2565	0.235	2014	04	13
W	Rr	2652	0.243	2014	04	06
W	Rr	2574	0.235	2014	03	30
W	Rr	1186	0.109	2014	03	23
W	Rr	1305	0.119	2014	03	16
W	Rr	2273	0.208	2014	03	09
W	Rr	2231	0.204	2014	03	02
W	Rr	1925	0.176	2014	02	23
W	Rr	7060	0.646	2014	02	16
W	Rr	2854	0.261	2014	02	09
W	Rr	3190	0.292	2014	02	02
W	Rr	3743	0.342	2014	01	26
W	Rr	3643	0.333	2014	01	19
W	Rr	2961	0.271	2014	01	12
W	Rr	2319	0.212	2014	01	05
W	Rr	981	0.090	2013	12	29
W	Rr	1108	0.101	2013	12	22
W	Rr	1226	0.112	2013	12	15
W	Rr	1285	0.118	2013	12	08
W	Rr	1289	0.118	2013	12	01
W	Rr	1404	0.128	2013	11	24
W	Rr	1142	0.104	2013	11	17
W	Rr	1334	0.122	2013	11	10
W	Rr	1277	0.117	2013	11	03
W	Rr	1035	0.095	2013	10	27
W	Rr	1309	0.120	2013	10	20
W	Rr	1302	0.119	2013	10	13
W	Rr	1432	0.131	2013	10	06
W	Rr	1178	0.108	2013	09	29
W	Rr	947	0.087	2013	09	22
W	Rr	1254	0.115	2013	09	15
W	Rr	1099	0.101	2013	09	08
W	Rr	1053	0.096	2013	09	01
W	Rr	1010	0.092	2013	08	25
W	Rr	1102	0.101	2013	08	18
W	Rr	1063	0.097	2013	08	11
W	Rr	1105	0.101	2013	08	04
W	Rr	1377	0.126	2013	07	28
W	Rr	1498	0.137	2013	07	21
W	Rr	1295	0.118	2013	07	14
W	Rr	1237	0.113	2013	07	07
W	Rr	1003	0.092	2013	06	30
W	Rr	1275	0.117	2013	06	23
W	Rr	1072	0.098	2013	06	16
W	Rr	1249	0.114	2013	06	09
W	Rr	1521	0.139	2013	06	02
W	Rr	1256	0.115	2013	05	26
W	Rr	1091	0.100	2013	05	19
W	Rr	1359	0.124	2013	05	12
W	Rr	1130	0.103	2013	05	05
W	Rr	1215	0.111	2013	04	28
W	Rr	1368	0.125	2013	04	21
W	Rr	1318	0.121	2013	04	14
W	Rr	1408	0.129	2013	04	07
W	Rr	1277	0.117	2013	03	31
W	Rr	1452	0.133	2013	03	24
W	Rr	1418	0.130	2013	03	17
W	Rr	1217	0.111	2013	03	10
W	Rr	1490	0.136	2013	03	03
W	Rr	1353	0.124	2013	02	24
W	Rr	1268	0.116	2013	02	17
W	Rr	1274	0.117	2013	02	10
W	Rr	1153	0.105	2013	02	03
W	Rr	1266	0.116	2013	01	27
W	Rr	1271	0.116	2013	01	20
W	Rr	1449	0.133	2013	01	13
W	Rr	1253	0.115	2013	01	06
W	Rr	1309	0.120	2012	12	30
W	Rr	1156	0.106	2012	12	23
W	Rr	1336	0.122	2012	12	16
W	Rr	1575	0.144	2012	12	09
W	Rr	1087	0.099	2012	12	02
W	Rr	1376	0.126	2012	11	25
W	Rr	1136	0.104	2012	11	18
W	Rr	1341	0.123	2012	11	11
W	Rr	1418	0.130	2012	11	04
W	Rr	1103	0.101	2012	10	28
W	Rr	1200	0.110	2012	10	21
W	Rr	1382	0.126	2012	10	14
W	Rr	1127	0.103	2012	10	07
W	Rr	1187	0.109	2012	09	30
W	Rr	1172	0.107	2012	09	23
W	Rr	1034	0.095	2012	09	16
W	Rr	944	0.086	2012	09	09
W	Rr	958	0.088	2012	09	02
W	Rr	734	0.067	2012	08	26
W	Rr	881	0.081	2012	08	19
W	Rr	874	0.080	2012	08	12
W	Rr	973	0.089	2012	08	05
W	Rr	1010	0.092	2012	07	29
W	Rr	943	0.086	2012	07	22
W	Rr	1089	0.100	2012	07	15
W	Rr	888	0.081	2012	07	08
W	Rr	845	0.077	2012	07	01
W	Rr	1070	0.098	2012	06	24
W	Rr	1050	0.096	2012	06	17
W	Rr	1271	0.116	2012	06	10
W	Rr	957	0.088	2012	06	03
W	Rr	1249	0.114	2012	05	27
W	Rr	1055	0.097	2012	05	20
W	Rr	1392	0.127	2012	05	13
W	Rr	1140	0.104	2012	05	06
W	Rr	1807	0.165	2012	04	29
W	Rr	1225	0.112	2012	04	22
W	Rr	1264	0.116	2012	04	15
W	Rr	1075	0.098	2012	04	08
W	Rr	1261	0.115	2012	04	01
W	Rr	1345	0.123	2012	03	25
W	Rr	1254	0.115	2012	03	18
W	Rr	1478	0.135	2012	03	11
W	Rr	1503	0.138	2012	03	04
W	Rr	1532	0.140	2012	02	26
W	Rr	1464	0.134	2012	02	19
W	Rr	1154	0.106	2012	02	12
W	Rr	1240	0.113	2012	02	05
W	Rr	1088	0.100	2012	01	29
W	Rr	1125	0.103	2012	01	22
W	Rr	60	0.005	2012	01	15
W	Rr	1472	0.135	2012	01	08
W	Rr	1122	0.103	2012	01	01
W	Rr	888	0.081	2011	12	25
W	Rr	1360	0.124	2011	12	18
W	Rr	1486	0.136	2011	12	11
W	Rr	1330	0.122	2011	12	04
W	Rr	1094	0.100	2011	11	27
W	Rr	1062	0.097	2011	11	20
W	Rr	1123	0.103	2011	11	13
W	Rr	975	0.089	2011	11	06
W	Rr	1264	0.116	2011	10	30
W	Rr	1140	0.104	2011	10	23
W	Rr	1211	0.111	2011	10	16
W	Rr	1236	0.113	2011	10	09
W	Rr	1128	0.103	2011	10	02
W	Rr	1083	0.099	2011	09	25
W	Rr	1451	0.133	2011	09	18
W	Rr	1278	0.117	2011	09	11
W	Rr	1219	0.112	2011	09	04
W	Rr	1316	0.120	2011	08	28
W	Rr	1119	0.102	2011	08	21
W	Rr	1484	0.136	2011	08	14
W	Rr	1671	0.153	2011	08	07
W	Rr	1319	0.121	2011	07	31
W	Rr	1197	0.110	2011	07	24
W	Rr	1504	0.138	2011	07	17
W	Rr	1367	0.125	2011	07	10
W	Rr	1205	0.110	2011	07	03
W	Rr	1333	0.122	2011	06	26
W	Rr	1059	0.097	2011	06	19
W	Rr	1353	0.124	2011	06	12
W	Rr	1275	0.117	2011	06	05
W	Rr	983	0.090	2011	05	29
W	Rr	1262	0.115	2011	05	22
W	Rr	1374	0.126	2011	05	15
W	Rr	1076	0.098	2011	05	08
W	Rr	0	0.000	2011	05	01
W	Rr	0	0.000	2011	04	24
W	Rr	0	0.000	2011	04	17
W	Rr	0	0.000	2011	04	10
W	Rr	0	0.000	2011	04	03
W	Rr	0	0.000	2011	03	27
W	Rr	24	0.002	2011	03	20
W	Rr	1317	0.120	2011	03	13
W	Rr	1258	0.115	2011	03	06
W	Rr	1372	0.126	2011	02	27
W	Rr	1226	0.112	2011	02	20
W	Rr	1524	0.139	2011	02	13
W	Rr	1366	0.125	2011	02	06
W	Rr	958	0.088	2011	01	30
W	Rr	1273	0.116	2011	01	23
W	Rr	1560	0.143	2011	01	16
W	Rr	1472	0.135	2011	01	09
W	Rr	1310	0.120	2011	01	02
W	Rr	798	0.073	2010	12	26
W	Rr	935	0.086	2010	12	19
W	Rr	0	0.000	2010	12	12
W	Rr	0	0.000	2010	12	05
W	Rr	0	0.000	2010	11	28
W	Rr	0	0.000	2010	11	21
W	Rr	0	0.000	2010	11	14
W	Rr	0	0.000	2010	11	07
W	Rr	0	0.000	2010	10	31
W	Rr	0	0.000	2010	10	24
W	Rr	0	0.000	2010	10	17
W	Rr	0	0.000	2010	10	10
W	Rr	0	0.000	2010	10	03
W	Rr	0	0.000	2010	09	26
W	Rr	0	0.000	2010	09	19
W	Rr	0	0.000	2010	09	12
W	Rr	0	0.000	2010	09	05
W	Rr	0	0.000	2010	08	29
W	Rr	0	0.000	2010	08	22
W	Rr	0	0.000	2010	08	15
W	Rr	0	0.000	2010	08	08
W	Rr	0	0.000	2010	08	01
W	Rr	0	0.000	2010	07	25
W	Rr	0	0.000	2010	07	18
W	Rr	0	0.000	2010	07	11
W	Rr	0	0.000	2010	07	04
W	Rr	15	0.001	2010	06	27
W	Rr	914	0.084	2010	06	20
W	Rr	1104	0.101	2010	06	13
W	Rr	1096	0.100	2010	06	06
W	Rr	1171	0.107	2010	05	30
W	Rr	1115	0.102	2010	05	23
W	Rr	1170	0.107	2010	05	16
W	Rr	1334	0.122	2010	05	09
W	Rr	1109	0.101	2010	05	02
W	Rr	1067	0.098	2010	04	25
W	Rr	1212	0.111	2010	04	18
W	Rr	1054	0.096	2010	04	11
W	Rr	1325	0.121	2010	04	04
W	Rr	811	0.074	2010	03	28
W	Rr	1195	0.109	2010	03	21
W	Rr	1338	0.122	2010	03	14
W	Rr	1113	0.102	2010	03	07
W	Rr	1103	0.101	2010	02	28
W	Rr	1290	0.118	2010	02	21
W	Rr	0	0.000	2010	02	14
W	Rr	0	0.000	2010	02	07
W	Rr	0	0.000	2010	01	31
W	Rr	0	0.000	2010	01	24
W	Rr	0	0.000	2010	01	17
W	Rr	0	0.000	2010	01	10
W	Rr	0	0.000	2010	01	03
W	Rr	78	0.007	2009	12	27
W	Rr	945	0.086	2009	12	20
W	Rr	1140	0.104	2009	12	13
W	Rr	1323	0.121	2009	12	06
W	Rr	1518	0.139	2009	11	29
W	Rr	1352	0.124	2009	11	22
W	Rr	1346	0.123	2009	11	15
W	Rr	1416	0.130	2009	11	08
W	Rr	1734	0.159	2009	11	01
W	Rr	1035	0.095	2009	10	25
W	Rr	1297	0.119	2009	10	18
W	Rr	1267	0.116	2009	10	11
W	Rr	1440	0.132	2009	10	04
W	Rr	1521	0.139	2009	09	27
W	Rr	1121	0.103	2009	09	20
W	Rr	875	0.080	2009	09	13
W	Rr	1032	0.094	2009	09	06
W	Rr	1283	0.117	2009	08	30
W	Rr	1214	0.111	2009	08	23
W	Rr	1402	0.128	2009	08	16
W	Rr	1260	0.115	2009	08	09
W	Rr	1404	0.128	2009	08	02
W	Rr	1380	0.126	2009	07	26
W	Rr	1470	0.134	2009	07	19
W	Rr	1750	0.160	2009	07	12
W	Rr	1847	0.169	2009	07	05
W	Rr	1889	0.173	2009	06	28
W	Rr	1312	0.120	2009	06	21
W	Rr	1093	0.100	2009	06	14
W	Rr	1363	0.125	2009	06	07
W	Rr	1251	0.114	2009	05	31
W	Rr	1352	0.124	2009	05	24
W	Rr	1133	0.104	2009	05	17
W	Rr	1887	0.173	2009	05	10
W	Rr	1369	0.125	2009	05	03
W	Rr	1089	0.100	2009	04	26
W	Rr	1160	0.106	2009	04	19
W	Rr	1189	0.109	2009	04	12
W	Rr	1529	0.140	2009	04	05
W	Rr	1155	0.106	2009	03	29
W	Rr	1230	0.113	2009	03	22
W	Rr	1029	0.094	2009	03	15
W	Rr	1234	0.113	2009	03	08
W	Rr	1486	0.136	2009	03	01
W	Rr	1470	0.134	2009	02	22
W	Rr	1198	0.110	2009	02	15
W	Rr	1802	0.165	2009	02	08
W	Rr	1653	0.151	2009	02	01
W	Rr	1346	0.123	2009	01	25
W	Rr	1431	0.131	2009	01	18
W	Rr	1678	0.154	2009	01	11
W	Rr	1591	0.146	2009	01	04
W	Rr	886	0.081	2008	12	28
W	Rr	1148	0.105	2008	12	21
W	Rr	1428	0.131	2008	12	14
W	Rr	1508	0.138	2008	12	07
W	Rr	1194	0.109	2008	11	30
W	Rr	1070	0.098	2008	11	23
W	Rr	1396	0.128	2008	11	16
W	Rr	1255	0.115	2008	11	09
W	Rr	1314	0.120	2008	11	02
W	Rr	1397	0.128	2008	10	26
W	Rr	1638	0.150	2008	10	19
W	Rr	1298	0.119	2008	10	12
W	Rr	430	0.039	2008	10	05
W	Rr	723	0.066	2008	09	28
W	Rr	1308	0.120	2008	09	21
W	Rr	1242	0.114	2008	09	14
W	Rr	1409	0.129	2008	09	07
W	Rr	1142	0.104	2008	08	31
W	Rr	1022	0.094	2008	08	24
W	Rr	1062	0.097	2008	08	17
W	Rr	1188	0.109	2008	08	10
W	Rr	1232	0.113	2008	08	03
W	Rr	1050	0.096	2008	07	27
W	Rr	1272	0.116	2008	07	20
W	Rr	1305	0.119	2008	07	13
W	Rr	1093	0.100	2008	07	06
W	Rr	1182	0.108	2008	06	29
W	Rr	1937	0.177	2008	06	22
W	Rr	1493	0.137	2008	06	15
W	Rr	1083	0.099	2008	06	08
W	Rr	1283	0.117	2008	06	01
W	Rr	1432	0.131	2008	05	25
W	Rr	1726	0.158	2008	05	18
W	Rr	1580	0.145	2008	05	11
W	Rr	2661	0.243	2008	05	04
W	Rr	3648	0.334	2008	04	27
W	Rr	1400	0.128	2008	04	20
W	Rr	1365	0.125	2008	04	13
W	Rr	1213	0.111	2008	04	06
W	Rr	1670	0.153	2008	03	30
W	Rr	1211	0.111	2008	03	23
W	Rr	1144	0.105	2008	03	16
W	Rr	1301	0.119	2008	03	09
W	Rr	1292	0.118	2008	03	02
W	Rr	1427	0.131	2008	02	24
W	Rr	2207	0.202	2008	02	17
W	Rr	1124	0.103	2008	02	10
W	Rr	1561	0.143	2008	02	03
W	Rr	1533	0.140	2008	01	27
W	Rr	1389	0.127	2008	01	20
W	Rr	1133	0.104	2008	01	13
W	Rr	1404	0.128	2008	01	06
W	Rr	976	0.089	2007	12	30
W	Rr	801	0.073	2007	12	23
W	Rr	675	0.062	2007	12	16
W	*BT	R	7060	2014	02	16
D	Rr	207	0.019	2022	12	30
D	Rr	195	0.018	2022	12	29
D	Rr	279	0.026	2022	12	28
D	Rr	238	0.022	2022	12	27
D	Rr	232	0.021	2022	12	26
D	Rr	129	0.012	2022	12	25
D	Rr	0	0.000	2022	12	24
D	Rr	344	0.031	2022	12	23
D	Rr	255	0.023	2022	12	22
D	Rr	374	0.034	2022	12	21
D	Rr	332	0.030	2022	12	20
D	Rr	323	0.030	2022	12	19
D	Rr	178	0.016	2022	12	18
D	Rr	0	0.000	2022	12	17
D	Rr	274	0.025	2022	12	16
D	Rr	577	0.053	2022	12	15
D	Rr	228	0.021	2022	12	14
D	Rr	271	0.025	2022	12	13
D	Rr	300	0.027	2022	12	12
D	Rr	123	0.011	2022	12	11
D	Rr	0	0.000	2022	12	10
D	Rr	128	0.012	2022	12	09
D	Rr	233	0.021	2022	12	08
D	Rr	353	0.032	2022	12	07
D	Rr	353	0.032	2022	12	06
D	Rr	131	0.012	2022	12	05
D	Rr	334	0.031	2022	12	04
D	Rr	0	0.000	2022	12	03
D	Rr	237	0.022	2022	12	02
D	Rr	322	0.029	2022	12	01
D	Rr	252	0.023	2022	11	30
D	Rr	279	0.026	2022	11	29
D	Rr	218	0.020	2022	11	28
D	Rr	278	0.025	2022	11	27
D	Rr	0	0.000	2022	11	26
D	Rr	242	0.022	2022	11	25
D	Rr	96	0.009	2022	11	24
D	Rr	238	0.022	2022	11	23
D	Rr	249	0.023	2022	11	22
D	Rr	166	0.015	2022	11	21
D	Rr	102	0.009	2022	11	20
D	Rr	0	0.000	2022	11	19
D	*BT	R	2131	2008	05	03
d	Rr	131687	12.048	Sun
d	Rr	176807	16.176	Mon
d	Rr	180181	16.485	Tue
d	Rr	179104	16.386	Wed
d	Rr	178941	16.372	Thu
d	Rr	169254	15.485	Fri
d	Rr	77024	7.047	Sat
H	Rr	3	0.000	2022	12	30	23
H	Rr	25	0.002	2022	12	30	22
H	Rr	6	0.001	2022	12	30	21
H	Rr	27	0.002	2022	12	30	20
H	Rr	2	0.000	2022	12	30	19
H	Rr	28	0.003	2022	12	30	18
H	Rr	3	0.000	2022	12	30	17
H	Rr	2	0.000	2022	12	30	16
H	Rr	6	0.001	2022	12	30	15
H	Rr	9	0.001	2022	12	30	14
H	Rr	18	0.002	2022	12	30	13
H	Rr	1	0.000	2022	12	30	12
H	Rr	4	0.000	2022	12	30	11
H	Rr	22	0.002	2022	12	30	10
H	Rr	5	0.000	2022	12	30	09
H	Rr	8	0.001	2022	12	30	08
H	Rr	4	0.000	2022	12	30	07
H	Rr	8	0.001	2022	12	30	06
H	Rr	5	0.000	2022	12	30	05
H	Rr	1	0.000	2022	12	30	04
H	Rr	4	0.000	2022	12	30	03
H	Rr	7	0.001	2022	12	30	02
H	Rr	7	0.001	2022	12	30	01
H	Rr	2	0.000	2022	12	30	00
H	Rr	0	0.000	2022	12	29	23
H	Rr	1	0.000	2022	12	29	22
H	Rr	3	0.000	2022	12	29	21
H	Rr	1	0.000	2022	12	29	20
H	Rr	0	0.000	2022	12	29	19
H	Rr	14	0.001	2022	12	29	18
H	Rr	12	0.001	2022	12	29	17
H	Rr	3	0.000	2022	12	29	16
H	Rr	1	0.000	2022	12	29	15
H	Rr	5	0.000	2022	12	29	14
H	Rr	3	0.000	2022	12	29	13
H	Rr	0	0.000	2022	12	29	12
H	Rr	4	0.000	2022	12	29	11
H	Rr	6	0.001	2022	12	29	10
H	Rr	0	0.000	2022	12	29	09
H	Rr	9	0.001	2022	12	29	08
H	Rr	2	0.000	2022	12	29	07
H	Rr	6	0.001	2022	12	29	06
H	Rr	3	0.000	2022	12	29	05
H	Rr	2	0.000	2022	12	29	04
H	Rr	5	0.000	2022	12	29	03
H	Rr	83	0.008	2022	12	29	02
H	Rr	32	0.003	2022	12	29	01
H	Rr	0	0.000	2022	12	29	00
H	Rr	3	0.000	2022	12	28	23
H	Rr	6	0.001	2022	12	28	22
H	Rr	17	0.002	2022	12	28	21
H	Rr	51	0.005	2022	12	28	20
H	Rr	6	0.001	2022	12	28	19
H	Rr	30	0.003	2022	12	28	18
H	Rr	18	0.002	2022	12	28	17
H	Rr	4	0.000	2022	12	28	16
H	Rr	9	0.001	2022	12	28	15
H	Rr	2	0.000	2022	12	28	14
H	Rr	29	0.003	2022	12	28	13
H	Rr	6	0.001	2022	12	28	12
H	Rr	15	0.001	2022	12	28	11
H	Rr	0	0.000	2022	12	28	10
H	Rr	3	0.000	2022	12	28	09
H	Rr	25	0.002	2022	12	28	08
H	Rr	2	0.000	2022	12	28	07
H	Rr	4	0.000	2022	12	28	06
H	Rr	7	0.001	2022	12	28	05
H	Rr	0	0.000	2022	12	28	04
H	Rr	6	0.001	2022	12	28	03
H	Rr	7	0.001	2022	12	28	02
H	Rr	3	0.000	2022	12	28	01
H	Rr	26	0.002	2022	12	28	00
H	*BT	R	750	2020	12	11	23
h	Rr	42466	3.885	00
h	Rr	41772	3.822	01
h	Rr	42848	3.920	02
h	Rr	42562	3.894	03
h	Rr	40976	3.749	04
h	Rr	38806	3.550	05
h	Rr	38058	3.482	06
h	Rr	37400	3.422	07
h	Rr	36046	3.298	08
h	Rr	34657	3.171	09
h	Rr	35194	3.220	10
h	Rr	38625	3.534	11
h	Rr	38543	3.526	12
h	Rr	41036	3.754	13
h	Rr	48265	4.416	14
h	Rr	53881	4.930	15
h	Rr	58540	5.356	16
h	Rr	58793	5.379	17
h	Rr	59580	5.451	18
h	Rr	58223	5.327	19
h	Rr	57075	5.222	20
h	Rr	53633	4.907	21
h	Rr	49243	4.505	22
h	Rr	46776	4.280	23
4	Rr	3	0.000	2022	12	30	23	45
4	Rr	0	0.000	2022	12	30	23	30
4	Rr	0	0.000	2022	12	30	23	15
4	Rr	0	0.000	2022	12	30	23	00
4	Rr	0	0.000	2022	12	30	22	45
4	Rr	0	0.000	2022	12	30	22	30
4	Rr	24	0.002	2022	12	30	22	15
4	Rr	1	0.000	2022	12	30	22	00
4	Rr	6	0.001	2022	12	30	21	45
4	Rr	0	0.000	2022	12	30	21	30
4	Rr	0	0.000	2022	12	30	21	15
4	Rr	0	0.000	2022	12	30	21	00
4	Rr	0	0.000	2022	12	30	20	45
4	Rr	0	0.000	2022	12	30	20	30
4	Rr	25	0.002	2022	12	30	20	15
4	Rr	2	0.000	2022	12	30	20	00
4	Rr	0	0.000	2022	12	30	19	45
4	Rr	0	0.000	2022	12	30	19	30
4	Rr	1	0.000	2022	12	30	19	15
4	Rr	1	0.000	2022	12	30	19	00
4	Rr	23	0.002	2022	12	30	18	45
4	Rr	4	0.000	2022	12	30	18	30
4	Rr	0	0.000	2022	12	30	18	15
4	Rr	1	0.000	2022	12	30	18	00
4	Rr	1	0.000	2022	12	30	17	45
4	Rr	0	0.000	2022	12	30	17	30
4	Rr	0	0.000	2022	12	30	17	15
4	Rr	2	0.000	2022	12	30	17	00
4	Rr	0	0.000	2022	12	30	16	45
4	Rr	0	0.000	2022	12	30	16	30
4	Rr	2	0.000	2022	12	30	16	15
4	Rr	0	0.000	2022	12	30	16	00
4	Rr	0	0.000	2022	12	30	15	45
4	Rr	3	0.000	2022	12	30	15	30
4	Rr	3	0.000	2022	12	30	15	15
4	Rr	0	0.000	2022	12	30	15	00
4	Rr	1	0.000	2022	12	30	14	45
4	Rr	8	0.001	2022	12	30	14	30
4	Rr	0	0.000	2022	12	30	14	15
4	Rr	0	0.000	2022	12	30	14	00
4	Rr	1	0.000	2022	12	30	13	45
4	Rr	0	0.000	2022	12	30	13	30
4	Rr	0	0.000	2022	12	30	13	15
4	Rr	17	0.002	2022	12	30	13	00
4	Rr	0	0.000	2022	12	30	12	45
4	Rr	0	0.000	2022	12	30	12	30
4	Rr	0	0.000	2022	12	30	12	15
4	Rr	1	0.000	2022	12	30	12	00
4	Rr	0	0.000	2022	12	30	11	45
4	Rr	2	0.000	2022	12	30	11	30
4	Rr	2	0.000	2022	12	30	11	15
4	Rr	0	0.000	2022	12	30	11	00
4	Rr	20	0.002	2022	12	30	10	45
4	Rr	1	0.000	2022	12	30	10	30
4	Rr	1	0.000	2022	12	30	10	15
4	Rr	0	0.000	2022	12	30	10	00
4	Rr	0	0.000	2022	12	30	09	45
4	Rr	1	0.000	2022	12	30	09	30
4	Rr	3	0.000	2022	12	30	09	15
4	Rr	1	0.000	2022	12	30	09	00
4	Rr	8	0.001	2022	12	30	08	45
4	Rr	0	0.000	2022	12	30	08	30
4	Rr	0	0.000	2022	12	30	08	15
4	Rr	0	0.000	2022	12	30	08	00
4	Rr	0	0.000	2022	12	30	07	45
4	Rr	1	0.000	2022	12	30	07	30
4	Rr	2	0.000	2022	12	30	07	15
4	Rr	1	0.000	2022	12	30	07	00
4	Rr	1	0.000	2022	12	30	06	45
4	Rr	0	0.000	2022	12	30	06	30
4	Rr	5	0.000	2022	12	30	06	15
4	Rr	2	0.000	2022	12	30	06	00
4	Rr	2	0.000	2022	12	30	05	45
4	Rr	0	0.000	2022	12	30	05	30
4	Rr	3	0.000	2022	12	30	05	15
4	Rr	0	0.000	2022	12	30	05	00
4	Rr	0	0.000	2022	12	30	04	45
4	Rr	0	0.000	2022	12	30	04	30
4	Rr	0	0.000	2022	12	30	04	15
4	Rr	1	0.000	2022	12	30	04	00
4	Rr	4	0.000	2022	12	30	03	45
4	Rr	0	0.000	2022	12	30	03	30
4	Rr	0	0.000	2022	12	30	03	15
4	Rr	0	0.000	2022	12	30	03	00
4	Rr	0	0.000	2022	12	30	02	45
4	Rr	6	0.001	2022	12	30	02	30
4	Rr	0	0.000	2022	12	30	02	15
4	Rr	1	0.000	2022	12	30	02	00
4	Rr	0	0.000	2022	12	30	01	45
4	Rr	1	0.000	2022	12	30	01	30
4	Rr	6	0.001	2022	12	30	01	15
4	Rr	0	0.000	2022	12	30	01	00
4	Rr	1	0.000	2022	12	30	00	45
4	Rr	1	0.000	2022	12	30	00	30
4	Rr	0	0.000	2022	12	30	00	15
4	Rr	0	0.000	2022	12	30	00	00
4	*BT	R	744	2021	04	12	15	00
6	Rr	10472	0.958	00	00
6	Rr	10493	0.960	00	15
6	Rr	10680	0.977	00	30
6	Rr	10821	0.990	00	45
6	Rr	10375	0.949	01	00
6	Rr	10470	0.958	01	15
6	Rr	10586	0.969	01	30
6	Rr	10341	0.946	01	45
6	Rr	10132	0.927	02	00
6	Rr	11150	1.020	02	15
6	Rr	10971	1.004	02	30
6	Rr	10595	0.969	02	45
6	Rr	10224	0.935	03	00
6	Rr	9874	0.903	03	15
6	Rr	10272	0.940	03	30
6	Rr	12192	1.115	03	45
6	Rr	10326	0.945	04	00
6	Rr	10831	0.991	04	15
6	Rr	9729	0.890	04	30
6	Rr	10090	0.923	04	45
6	Rr	9286	0.850	05	00
6	Rr	10282	0.941	05	15
6	Rr	9873	0.903	05	30
6	Rr	9365	0.857	05	45
6	Rr	10345	0.946	06	00
6	Rr	9411	0.861	06	15
6	Rr	9551	0.874	06	30
6	Rr	8751	0.801	06	45
6	Rr	9265	0.848	07	00
6	Rr	9677	0.885	07	15
6	Rr	9784	0.895	07	30
6	Rr	8674	0.794	07	45
6	Rr	9236	0.845	08	00
6	Rr	8847	0.809	08	15
6	Rr	9489	0.868	08	30
6	Rr	8474	0.775	08	45
6	Rr	8705	0.796	09	00
6	Rr	8718	0.798	09	15
6	Rr	8853	0.810	09	30
6	Rr	8381	0.767	09	45
6	Rr	8490	0.777	10	00
6	Rr	8360	0.765	10	15
6	Rr	8461	0.774	10	30
6	Rr	9883	0.904	10	45
6	Rr	10612	0.971	11	00
6	Rr	9136	0.836	11	15
6	Rr	9381	0.858	11	30
6	Rr	9496	0.869	11	45
6	Rr	10579	0.968	12	00
6	Rr	9175	0.839	12	15
6	Rr	9227	0.844	12	30
6	Rr	9562	0.875	12	45
6	Rr	10078	0.922	13	00
6	Rr	9989	0.914	13	15
6	Rr	10768	0.985	13	30
6	Rr	10201	0.933	13	45
6	Rr	11524	1.054	14	00
6	Rr	12274	1.123	14	15
6	Rr	12208	1.117	14	30
6	Rr	12259	1.122	14	45
6	Rr	13155	1.204	15	00
6	Rr	12744	1.166	15	15
6	Rr	13907	1.272	15	30
6	Rr	14075	1.288	15	45
6	Rr	14534	1.330	16	00
6	Rr	14386	1.316	16	15
6	Rr	14750	1.349	16	30
6	Rr	14870	1.360	16	45
6	Rr	14853	1.359	17	00
6	Rr	14336	1.312	17	15
6	Rr	15031	1.375	17	30
6	Rr	14573	1.333	17	45
6	Rr	14577	1.334	18	00
6	Rr	14976	1.370	18	15
6	Rr	15019	1.374	18	30
6	Rr	15008	1.373	18	45
6	Rr	15525	1.420	19	00
6	Rr	14080	1.288	19	15
6	Rr	14359	1.314	19	30
6	Rr	14259	1.305	19	45
6	Rr	14706	1.345	20	00
6	Rr	14249	1.304	20	15
6	Rr	13674	1.251	20	30
6	Rr	14446	1.322	20	45
6	Rr	14307	1.309	21	00
6	Rr	13227	1.210	21	15
6	Rr	12945	1.184	21	30
6	Rr	13154	1.203	21	45
6	Rr	12438	1.138	22	00
6	Rr	12483	1.142	22	15
6	Rr	12300	1.125	22	30
6	Rr	12022	1.100	22	45
6	Rr	12463	1.140	23	00
6	Rr	12545	1.148	23	15
6	Rr	11164	1.021	23	30
6	Rr	10604	0.970	23	45
5	Rr	3	0.000	2022	12	30	23	50
5	Rr	0	0.000	2022	12	30	23	45
5	Rr	0	0.000	2022	12	30	23	40
5	Rr	0	0.000	2022	12	30	23	35
5	Rr	0	0.000	2022	12	30	23	30
5	Rr	0	0.000	2022	12	30	23	25
5	Rr	0	0.000	2022	12	30	23	20
5	Rr	0	0.000	2022	12	30	23	15
5	Rr	0	0.000	2022	12	30	23	10
5	Rr	0	0.000	2022	12	30	23	05
5	Rr	0	0.000	2022	12	30	23	00
5	Rr	0	0.000	2022	12	30	22	55
5	Rr	0	0.000	2022	12	30	22	50
5	Rr	0	0.000	2022	12	30	22	45
5	Rr	0	0.000	2022	12	30	22	40
5	Rr	0	0.000	2022	12	30	22	35
5	Rr	0	0.000	2022	12	30	22	30
5	Rr	24	0.002	2022	12	30	22	25
5	Rr	0	0.000	2022	12	30	22	20
5	Rr	0	0.000	2022	12	30	22	15
5	Rr	0	0.000	2022	12	30	22	10
5	Rr	1	0.000	2022	12	30	22	05
5	Rr	0	0.000	2022	12	30	22	00
5	Rr	6	0.001	2022	12	30	21	55
5	Rr	0	0.000	2022	12	30	21	50
5	Rr	0	0.000	2022	12	30	21	45
5	Rr	0	0.000	2022	12	30	21	40
5	Rr	0	0.000	2022	12	30	21	35
5	Rr	0	0.000	2022	12	30	21	30
5	Rr	0	0.000	2022	12	30	21	25
5	Rr	0	0.000	2022	12	30	21	20
5	Rr	0	0.000	2022	12	30	21	15
5	Rr	0	0.000	2022	12	30	21	10
5	Rr	0	0.000	2022	12	30	21	05
5	Rr	0	0.000	2022	12	30	21	00
5	Rr	0	0.000	2022	12	30	20	55
5	Rr	0	0.000	2022	12	30	20	50
5	Rr	0	0.000	2022	12	30	20	45
5	Rr	0	0.000	2022	12	30	20	40
5	Rr	0	0.000	2022	12	30	20	35
5	Rr	0	0.000	2022	12	30	20	30
5	Rr	0	0.000	2022	12	30	20	25
5	Rr	0	0.000	2022	12	30	20	20
5	Rr	25	0.002	2022	12	30	20	15
5	Rr	0	0.000	2022	12	30	20	10
5	Rr	2	0.000	2022	12	30	20	05
5	Rr	0	0.000	2022	12	30	20	00
5	Rr	0	0.000	2022	12	30	19	55
5	Rr	0	0.000	2022	12	30	19	50
5	Rr	0	0.000	2022	12	30	19	45
5	Rr	0	0.000	2022	12	30	19	40
5	Rr	0	0.000	2022	12	30	19	35
5	Rr	0	0.000	2022	12	30	19	30
5	Rr	0	0.000	2022	12	30	19	25
5	Rr	0	0.000	2022	12	30	19	20
5	Rr	1	0.000	2022	12	30	19	15
5	Rr	1	0.000	2022	12	30	19	10
5	Rr	0	0.000	2022	12	30	19	05
5	Rr	0	0.000	2022	12	30	19	00
5	Rr	23	0.002	2022	12	30	18	55
5	Rr	0	0.000	2022	12	30	18	50
5	Rr	0	0.000	2022	12	30	18	45
5	Rr	2	0.000	2022	12	30	18	40
5	Rr	2	0.000	2022	12	30	18	35
5	Rr	0	0.000	2022	12	30	18	30
5	Rr	0	0.000	2022	12	30	18	25
5	Rr	0	0.000	2022	12	30	18	20
5	Rr	0	0.000	2022	12	30	18	15
5	Rr	1	0.000	2022	12	30	18	10
5	Rr	0	0.000	2022	12	30	18	05
5	Rr	0	0.000	2022	12	30	18	00
5	Rr	0	0.000	2022	12	30	17	55
5	Rr	0	0.000	2022	12	30	17	50
5	Rr	1	0.000	2022	12	30	17	45
5	Rr	0	0.000	2022	12	30	17	40
5	Rr	0	0.000	2022	12	30	17	35
5	Rr	0	0.000	2022	12	30	17	30
5	Rr	0	0.000	2022	12	30	17	25
5	Rr	0	0.000	2022	12	30	17	20
5	Rr	0	0.000	2022	12	30	17	15
5	Rr	0	0.000	2022	12	30	17	10
5	Rr	0	0.000	2022	12	30	17	05
5	Rr	2	0.000	2022	12	30	17	00
5	Rr	0	0.000	2022	12	30	16	55
5	Rr	0	0.000	2022	12	30	16	50
5	Rr	0	0.000	2022	12	30	16	45
5	Rr	0	0.000	2022	12	30	16	40
5	Rr	0	0.000	2022	12	30	16	35
5	Rr	0	0.000	2022	12	30	16	30
5	Rr	1	0.000	2022	12	30	16	25
5	Rr	1	0.000	2022	12	30	16	20
5	Rr	0	0.000	2022	12	30	16	15
5	Rr	0	0.000	2022	12	30	16	10
5	Rr	0	0.000	2022	12	30	16	05
5	Rr	0	0.000	2022	12	30	16	00
5	Rr	0	0.000	2022	12	30	15	55
5	Rr	0	0.000	2022	12	30	15	50
5	Rr	0	0.000	2022	12	30	15	45
5	Rr	0	0.000	2022	12	30	15	40
5	Rr	3	0.000	2022	12	30	15	35
5	Rr	0	0.000	2022	12	30	15	30
5	Rr	0	0.000	2022	12	30	15	25
5	Rr	1	0.000	2022	12	30	15	20
5	Rr	2	0.000	2022	12	30	15	15
5	Rr	0	0.000	2022	12	30	15	10
5	Rr	0	0.000	2022	12	30	15	05
5	Rr	0	0.000	2022	12	30	15	00
5	Rr	1	0.000	2022	12	30	14	55
5	Rr	0	0.000	2022	12	30	14	50
5	Rr	0	0.000	2022	12	30	14	45
5	Rr	7	0.001	2022	12	30	14	40
5	Rr	0	0.000	2022	12	30	14	35
5	Rr	1	0.000	2022	12	30	14	30
5	Rr	0	0.000	2022	12	30	14	25
5	Rr	0	0.000	2022	12	30	14	20
5	Rr	0	0.000	2022	12	30	14	15
5	Rr	0	0.000	2022	12	30	14	10
5	Rr	0	0.000	2022	12	30	14	05
5	Rr	0	0.000	2022	12	30	14	00
5	Rr	0	0.000	2022	12	30	13	55
5	Rr	0	0.000	2022	12	30	13	50
5	Rr	1	0.000	2022	12	30	13	45
5	Rr	0	0.000	2022	12	30	13	40
5	Rr	0	0.000	2022	12	30	13	35
5	Rr	0	0.000	2022	12	30	13	30
5	Rr	0	0.000	2022	12	30	13	25
5	Rr	0	0.000	2022	12	30	13	20
5	Rr	0	0.000	2022	12	30	13	15
5	Rr	0	0.000	2022	12	30	13	10
5	Rr	0	0.000	2022	12	30	13	05
5	Rr	17	0.002	2022	12	30	13	00
5	Rr	0	0.000	2022	12	30	12	55
5	Rr	0	0.000	2022	12	30	12	50
5	Rr	0	0.000	2022	12	30	12	45
5	Rr	0	0.000	2022	12	30	12	40
5	Rr	0	0.000	2022	12	30	12	35
5	Rr	0	0.000	2022	12	30	12	30
5	Rr	0	0.000	2022	12	30	12	25
5	Rr	0	0.000	2022	12	30	12	20
5	Rr	0	0.000	2022	12	30	12	15
5	Rr	1	0.000	2022	12	30	12	10
5	Rr	0	0.000	2022	12	30	12	05
5	Rr	0	0.000	2022	12	30	12	00
5	Rr	0	0.000	2022	12	30	11	55
5	Rr	0	0.000	2022	12	30	11	50
5	Rr	0	0.000	2022	12	30	11	45
5	Rr	1	0.000	2022	12	30	11	40
5	Rr	1	0.000	2022	12	30	11	35
5	Rr	0	0.000	2022	12	30	11	30
5	Rr	1	0.000	2022	12	30	11	25
5	Rr	0	0.000	2022	12	30	11	20
5	Rr	1	0.000	2022	12	30	11	15
5	Rr	0	0.000	2022	12	30	11	10
5	Rr	0	0.000	2022	12	30	11	05
5	Rr	0	0.000	2022	12	30	11	00
5	Rr	1	0.000	2022	12	30	10	55
5	Rr	1	0.000	2022	12	30	10	50
5	Rr	18	0.002	2022	12	30	10	45
5	Rr	1	0.000	2022	12	30	10	40
5	Rr	0	0.000	2022	12	30	10	35
5	Rr	0	0.000	2022	12	30	10	30
5	Rr	0	0.000	2022	12	30	10	25
5	Rr	0	0.000	2022	12	30	10	20
5	Rr	1	0.000	2022	12	30	10	15
5	Rr	0	0.000	2022	12	30	10	10
5	Rr	0	0.000	2022	12	30	10	05
5	Rr	0	0.000	2022	12	30	10	00
5	Rr	0	0.000	2022	12	30	09	55
5	Rr	0	0.000	2022	12	30	09	50
5	Rr	0	0.000	2022	12	30	09	45
5	Rr	0	0.000	2022	12	30	09	40
5	Rr	1	0.000	2022	12	30	09	35
5	Rr	0	0.000	2022	12	30	09	30
5	Rr	3	0.000	2022	12	30	09	25
5	Rr	0	0.000	2022	12	30	09	20
5	Rr	0	0.000	2022	12	30	09	15
5	Rr	0	0.000	2022	12	30	09	10
5	Rr	0	0.000	2022	12	30	09	05
5	Rr	1	0.000	2022	12	30	09	00
5	Rr	0	0.000	2022	12	30	08	55
5	Rr	0	0.000	2022	12	30	08	50
5	Rr	8	0.001	2022	12	30	08	45
5	Rr	0	0.000	2022	12	30	08	40
5	Rr	0	0.000	2022	12	30	08	35
5	Rr	0	0.000	2022	12	30	08	30
5	Rr	0	0.000	2022	12	30	08	25
5	Rr	0	0.000	2022	12	30	08	20
5	Rr	0	0.000	2022	12	30	08	15
5	Rr	0	0.000	2022	12	30	08	10
5	Rr	0	0.000	2022	12	30	08	05
5	Rr	0	0.000	2022	12	30	08	00
5	Rr	0	0.000	2022	12	30	07	55
5	Rr	0	0.000	2022	12	30	07	50
5	Rr	0	0.000	2022	12	30	07	45
5	Rr	0	0.000	2022	12	30	07	40
5	Rr	0	0.000	2022	12	30	07	35
5	Rr	1	0.000	2022	12	30	07	30
5	Rr	0	0.000	2022	12	30	07	25
5	Rr	0	0.000	2022	12	30	07	20
5	Rr	2	0.000	2022	12	30	07	15
5	Rr	0	0.000	2022	12	30	07	10
5	Rr	1	0.000	2022	12	30	07	05
5	Rr	0	0.000	2022	12	30	07	00
5	Rr	0	0.000	2022	12	30	06	55
5	Rr	1	0.000	2022	12	30	06	50
5	Rr	0	0.000	2022	12	30	06	45
5	Rr	0	0.000	2022	12	30	06	40
5	Rr	0	0.000	2022	12	30	06	35
5	Rr	0	0.000	2022	12	30	06	30
5	Rr	5	0.000	2022	12	30	06	25
5	Rr	0	0.000	2022	12	30	06	20
5	Rr	0	0.000	2022	12	30	06	15
5	Rr	2	0.000	2022	12	30	06	10
5	Rr	0	0.000	2022	12	30	06	05
5	Rr	0	0.000	2022	12	30	06	00
5	Rr	0	0.000	2022	12	30	05	55
5	Rr	0	0.000	2022	12	30	05	50
5	Rr	2	0.000	2022	12	30	05	45
5	Rr	0	0.000	2022	12	30	05	40
5	Rr	0	0.000	2022	12	30	05	35
5	Rr	0	0.000	2022	12	30	05	30
5	Rr	0	0.000	2022	12	30	05	25
5	Rr	0	0.000	2022	12	30	05	20
5	Rr	3	0.000	2022	12	30	05	15
5	Rr	0	0.000	2022	12	30	05	10
5	Rr	0	0.000	2022	12	30	05	05
5	Rr	0	0.000	2022	12	30	05	00
5	Rr	0	0.000	2022	12	30	04	55
5	Rr	0	0.000	2022	12	30	04	50
5	Rr	0	0.000	2022	12	30	04	45
5	Rr	0	0.000	2022	12	30	04	40
5	Rr	0	0.000	2022	12	30	04	35
5	Rr	0	0.000	2022	12	30	04	30
5	Rr	0	0.000	2022	12	30	04	25
5	Rr	0	0.000	2022	12	30	04	20
5	Rr	0	0.000	2022	12	30	04	15
5	Rr	0	0.000	2022	12	30	04	10
5	Rr	0	0.000	2022	12	30	04	05
5	Rr	1	0.000	2022	12	30	04	00
5	Rr	0	0.000	2022	12	30	03	55
5	Rr	1	0.000	2022	12	30	03	50
5	Rr	3	0.000	2022	12	30	03	45
5	Rr	0	0.000	2022	12	30	03	40
5	Rr	0	0.000	2022	12	30	03	35
5	Rr	0	0.000	2022	12	30	03	30
5	Rr	0	0.000	2022	12	30	03	25
5	Rr	0	0.000	2022	12	30	03	20
5	Rr	0	0.000	2022	12	30	03	15
5	Rr	0	0.000	2022	12	30	03	10
5	Rr	0	0.000	2022	12	30	03	05
5	Rr	0	0.000	2022	12	30	03	00
5	Rr	0	0.000	2022	12	30	02	55
5	Rr	0	0.000	2022	12	30	02	50
5	Rr	0	0.000	2022	12	30	02	45
5	Rr	4	0.000	2022	12	30	02	40
5	Rr	2	0.000	2022	12	30	02	35
5	Rr	0	0.000	2022	12	30	02	30
5	Rr	0	0.000	2022	12	30	02	25
5	Rr	0	0.000	2022	12	30	02	20
5	Rr	0	0.000	2022	12	30	02	15
5	Rr	0	0.000	2022	12	30	02	10
5	Rr	1	0.000	2022	12	30	02	05
5	Rr	0	0.000	2022	12	30	02	00
5	Rr	0	0.000	2022	12	30	01	55
5	Rr	0	0.000	2022	12	30	01	50
5	Rr	0	0.000	2022	12	30	01	45
5	Rr	0	0.000	2022	12	30	01	40
5	Rr	1	0.000	2022	12	30	01	35
5	Rr	0	0.000	2022	12	30	01	30
5	Rr	4	0.000	2022	12	30	01	25
5	Rr	2	0.000	2022	12	30	01	20
5	Rr	0	0.000	2022	12	30	01	15
5	Rr	0	0.000	2022	12	30	01	10
5	Rr	0	0.000	2022	12	30	01	05
5	Rr	0	0.000	2022	12	30	01	00
5	Rr	0	0.000	2022	12	30	00	55
5	Rr	0	0.000	2022	12	30	00	50
5	Rr	1	0.000	2022	12	30	00	45
5	Rr	0	0.000	2022	12	30	00	40
5	Rr	1	0.000	2022	12	30	00	35
5	Rr	0	0.000	2022	12	30	00	30
5	Rr	0	0.000	2022	12	30	00	25
5	Rr	0	0.000	2022	12	30	00	20
5	Rr	0	0.000	2022	12	30	00	15
5	Rr	0	0.000	2022	12	30	00	10
5	Rr	0	0.000	2022	12	30	00	05
5	Rr	0	0.000	2022	12	30	00	00
5	Rr	0	0.000	2022	12	29	23	55
5	*BT	R	715	2020	12	11	23	20
7	Rr	3231	0.296	00	00
7	Rr	3781	0.346	00	05
7	Rr	3460	0.317	00	10
7	Rr	2952	0.270	00	15
7	Rr	3547	0.325	00	20
7	Rr	3994	0.365	00	25
7	Rr	3568	0.326	00	30
7	Rr	3532	0.323	00	35
7	Rr	3580	0.328	00	40
7	Rr	3695	0.338	00	45
7	Rr	3797	0.347	00	50
7	Rr	3329	0.305	00	55
7	Rr	3199	0.293	01	00
7	Rr	3599	0.329	01	05
7	Rr	3577	0.327	01	10
7	Rr	3529	0.323	01	15
7	Rr	3675	0.336	01	20
7	Rr	3266	0.299	01	25
7	Rr	3461	0.317	01	30
7	Rr	3596	0.329	01	35
7	Rr	3529	0.323	01	40
7	Rr	3436	0.314	01	45
7	Rr	3271	0.299	01	50
7	Rr	3634	0.332	01	55
7	Rr	3386	0.310	02	00
7	Rr	3414	0.312	02	05
7	Rr	3332	0.305	02	10
7	Rr	3907	0.357	02	15
7	Rr	3598	0.329	02	20
7	Rr	3645	0.333	02	25
7	Rr	3634	0.332	02	30
7	Rr	3795	0.347	02	35
7	Rr	3542	0.324	02	40
7	Rr	3491	0.319	02	45
7	Rr	3277	0.300	02	50
7	Rr	3827	0.350	02	55
7	Rr	3616	0.331	03	00
7	Rr	3350	0.306	03	05
7	Rr	3258	0.298	03	10
7	Rr	3524	0.322	03	15
7	Rr	3181	0.291	03	20
7	Rr	3169	0.290	03	25
7	Rr	3330	0.305	03	30
7	Rr	3420	0.313	03	35
7	Rr	3522	0.322	03	40
7	Rr	3867	0.354	03	45
7	Rr	4652	0.426	03	50
7	Rr	3673	0.336	03	55
7	Rr	3410	0.312	04	00
7	Rr	3406	0.312	04	05
7	Rr	3510	0.321	04	10
7	Rr	3661	0.335	04	15
7	Rr	3747	0.343	04	20
7	Rr	3423	0.313	04	25
7	Rr	3340	0.306	04	30
7	Rr	3291	0.301	04	35
7	Rr	3098	0.283	04	40
7	Rr	3679	0.337	04	45
7	Rr	3212	0.294	04	50
7	Rr	3199	0.293	04	55
7	Rr	2941	0.269	05	00
7	Rr	2924	0.268	05	05
7	Rr	3421	0.313	05	10
7	Rr	3351	0.307	05	15
7	Rr	3526	0.323	05	20
7	Rr	3405	0.312	05	25
7	Rr	3521	0.322	05	30
7	Rr	3367	0.308	05	35
7	Rr	2985	0.273	05	40
7	Rr	3112	0.285	05	45
7	Rr	3058	0.280	05	50
7	Rr	3195	0.292	05	55
7	Rr	3171	0.290	06	00
7	Rr	3897	0.357	06	05
7	Rr	3277	0.300	06	10
7	Rr	3225	0.295	06	15
7	Rr	3027	0.277	06	20
7	Rr	3159	0.289	06	25
7	Rr	3044	0.279	06	30
7	Rr	3200	0.293	06	35
7	Rr	3307	0.303	06	40
7	Rr	3356	0.307	06	45
7	Rr	2695	0.247	06	50
7	Rr	2700	0.247	06	55
7	Rr	3328	0.304	07	00
7	Rr	2971	0.272	07	05
7	Rr	2966	0.271	07	10
7	Rr	2842	0.260	07	15
7	Rr	3267	0.299	07	20
7	Rr	3568	0.326	07	25
7	Rr	3663	0.335	07	30
7	Rr	3272	0.299	07	35
7	Rr	2849	0.261	07	40
7	Rr	2998	0.274	07	45
7	Rr	2766	0.253	07	50
7	Rr	2910	0.266	07	55
7	Rr	2947	0.270	08	00
7	Rr	3205	0.293	08	05
7	Rr	3084	0.282	08	10
7	Rr	2869	0.262	08	15
7	Rr	2958	0.271	08	20
7	Rr	3020	0.276	08	25
7	Rr	3362	0.308	08	30
7	Rr	3110	0.285	08	35
7	Rr	3017	0.276	08	40
7	Rr	2867	0.262	08	45
7	Rr	2833	0.259	08	50
7	Rr	2774	0.254	08	55
7	Rr	2794	0.256	09	00
7	Rr	3092	0.283	09	05
7	Rr	2819	0.258	09	10
7	Rr	2717	0.249	09	15
7	Rr	3098	0.283	09	20
7	Rr	2903	0.266	09	25
7	Rr	2964	0.271	09	30
7	Rr	2846	0.260	09	35
7	Rr	3043	0.278	09	40
7	Rr	2951	0.270	09	45
7	Rr	2572	0.235	09	50
7	Rr	2858	0.261	09	55
7	Rr	2902	0.266	10	00
7	Rr	2632	0.241	10	05
7	Rr	2956	0.270	10	10
7	Rr	2725	0.249	10	15
7	Rr	2620	0.240	10	20
7	Rr	3015	0.276	10	25
7	Rr	2740	0.251	10	30
7	Rr	2804	0.257	10	35
7	Rr	2917	0.267	10	40
7	Rr	2884	0.264	10	45
7	Rr	3575	0.327	10	50
7	Rr	3424	0.313	10	55
7	Rr	4313	0.395	11	00
7	Rr	3219	0.295	11	05
7	Rr	3080	0.282	11	10
7	Rr	3055	0.280	11	15
7	Rr	3167	0.290	11	20
7	Rr	2914	0.267	11	25
7	Rr	3228	0.295	11	30
7	Rr	3020	0.276	11	35
7	Rr	3133	0.287	11	40
7	Rr	3150	0.288	11	45
7	Rr	3093	0.283	11	50
7	Rr	3253	0.298	11	55
7	Rr	3765	0.344	12	00
7	Rr	3405	0.312	12	05
7	Rr	3409	0.312	12	10
7	Rr	2958	0.271	12	15
7	Rr	3126	0.286	12	20
7	Rr	3091	0.283	12	25
7	Rr	3102	0.284	12	30
7	Rr	2976	0.272	12	35
7	Rr	3149	0.288	12	40
7	Rr	3306	0.302	12	45
7	Rr	3022	0.276	12	50
7	Rr	3234	0.296	12	55
7	Rr	3290	0.301	13	00
7	Rr	3236	0.296	13	05
7	Rr	3552	0.325	13	10
7	Rr	3260	0.298	13	15
7	Rr	3271	0.299	13	20
7	Rr	3458	0.316	13	25
7	Rr	3450	0.316	13	30
7	Rr	3869	0.354	13	35
7	Rr	3449	0.316	13	40
7	Rr	3022	0.276	13	45
7	Rr	3653	0.334	13	50
7	Rr	3526	0.323	13	55
7	Rr	3692	0.338	14	00
7	Rr	3908	0.358	14	05
7	Rr	3924	0.359	14	10
7	Rr	4146	0.379	14	15
7	Rr	4094	0.375	14	20
7	Rr	4034	0.369	14	25
7	Rr	4419	0.404	14	30
7	Rr	4008	0.367	14	35
7	Rr	3781	0.346	14	40
7	Rr	3971	0.363	14	45
7	Rr	3964	0.363	14	50
7	Rr	4324	0.396	14	55
7	Rr	4471	0.409	15	00
7	Rr	4600	0.421	15	05
7	Rr	4084	0.374	15	10
7	Rr	4212	0.385	15	15
7	Rr	4022	0.368	15	20
7	Rr	4510	0.413	15	25
7	Rr	4956	0.453	15	30
7	Rr	4267	0.390	15	35
7	Rr	4684	0.429	15	40
7	Rr	4526	0.414	15	45
7	Rr	4615	0.422	15	50
7	Rr	4934	0.451	15	55
7	Rr	4776	0.437	16	00
7	Rr	5144	0.471	16	05
7	Rr	4614	0.422	16	10
7	Rr	5167	0.473	16	15
7	Rr	4832	0.442	16	20
7	Rr	4387	0.401	16	25
7	Rr	4776	0.437	16	30
7	Rr	5140	0.470	16	35
7	Rr	4834	0.442	16	40
7	Rr	5013	0.459	16	45
7	Rr	5042	0.461	16	50
7	Rr	4815	0.441	16	55
7	Rr	4924	0.451	17	00
7	Rr	4760	0.435	17	05
7	Rr	5169	0.473	17	10
7	Rr	4820	0.441	17	15
7	Rr	4757	0.435	17	20
7	Rr	4759	0.435	17	25
7	Rr	4970	0.455	17	30
7	Rr	5083	0.465	17	35
7	Rr	4978	0.455	17	40
7	Rr	5056	0.463	17	45
7	Rr	4696	0.430	17	50
7	Rr	4821	0.441	17	55
7	Rr	4336	0.397	18	00
7	Rr	4705	0.430	18	05
7	Rr	5536	0.506	18	10
7	Rr	5113	0.468	18	15
7	Rr	4762	0.436	18	20
7	Rr	5101	0.467	18	25
7	Rr	4997	0.457	18	30
7	Rr	5020	0.459	18	35
7	Rr	5002	0.458	18	40
7	Rr	4893	0.448	18	45
7	Rr	4999	0.457	18	50
7	Rr	5116	0.468	18	55
7	Rr	5401	0.494	19	00
7	Rr	5082	0.465	19	05
7	Rr	5042	0.461	19	10
7	Rr	4672	0.427	19	15
7	Rr	4848	0.444	19	20
7	Rr	4560	0.417	19	25
7	Rr	4568	0.418	19	30
7	Rr	4799	0.439	19	35
7	Rr	4992	0.457	19	40
7	Rr	5142	0.470	19	45
7	Rr	4508	0.412	19	50
7	Rr	4609	0.422	19	55
7	Rr	4543	0.416	20	00
7	Rr	5191	0.475	20	05
7	Rr	4972	0.455	20	10
7	Rr	4641	0.425	20	15
7	Rr	4952	0.453	20	20
7	Rr	4656	0.426	20	25
7	Rr	4379	0.401	20	30
7	Rr	4454	0.408	20	35
7	Rr	4841	0.443	20	40
7	Rr	5048	0.462	20	45
7	Rr	4532	0.415	20	50
7	Rr	4866	0.445	20	55
7	Rr	5191	0.475	21	00
7	Rr	4492	0.411	21	05
7	Rr	4624	0.423	21	10
7	Rr	4570	0.418	21	15
7	Rr	3996	0.366	21	20
7	Rr	4661	0.426	21	25
7	Rr	4168	0.381	21	30
7	Rr	4433	0.406	21	35
7	Rr	4344	0.397	21	40
7	Rr	4378	0.401	21	45
7	Rr	4670	0.427	21	50
7	Rr	4106	0.376	21	55
7	Rr	4142	0.379	22	00
7	Rr	4024	0.368	22	05
7	Rr	4272	0.391	22	10
7	Rr	3785	0.346	22	15
7	Rr	4311	0.394	22	20
7	Rr	4387	0.401	22	25
7	Rr	4027	0.368	22	30
7	Rr	4312	0.395	22	35
7	Rr	3961	0.362	22	40
7	Rr	3952	0.362	22	45
7	Rr	4199	0.384	22	50
7	Rr	3871	0.354	22	55
7	Rr	4332	0.396	23	00
7	Rr	4058	0.371	23	05
7	Rr	4073	0.373	23	10
7	Rr	4016	0.367	23	15
7	Rr	4773	0.437	23	20
7	Rr	3756	0.344	23	25
7	Rr	3602	0.330	23	30
7	Rr	3887	0.356	23	35
7	Rr	3675	0.336	23	40
7	Rr	3553	0.325	23	45
7	Rr	3644	0.333	23	50
7	Rr	3407	0.312	23	55
o	*f	0R	r
o	lRQ	1	1092998	1844598652	[unresolved numerical addresses]
Z	*f	-20R	r
Z	lRb	1	45664	2.648	66.249
Z	lRb	1	40933	1.532	69
Z	lRb	1	30947	2.073	35
Z	lRb	1	25143	0.728	46
Z	lRb	1	24066	2.793	157.55
Z	lRb	1	22753	1.655	34
Z	lRb	1	22280	2.944	70
Z	lRb	1	19998	2.810	54
Z	lRb	1	18936	2.175	207.46
Z	lRb	1	18139	2.419	40
Z	lRb	1	15972	1.247	76
Z	lRb	1	14134	1.516	72
Z	lRb	1	12741	1.101	5
Z	lRb	1	12710	2.469	98
Z	lRb	1	12268	0.972	75
Z	lRb	1	12128	0.982	123
Z	lRb	1	12111	0.077	178.137
Z	lRb	1	11172	0.776	74
Z	lRb	1	10324	1.080	104
Z	lRb	1	10310	0.622	71
Z	lRb	1	700269	67.379	[not listed: 8900]
S	*f	-50P	r
S	Rb	4702	0.335	14.33.246.211
S	Rb	3866	0.676	192.234.235.103
S	Rb	3248	0.210	192.99.15.146
S	Rb	2341	0.116	100.43.83.148
S	Rb	2000	0.022	49.7.20.111
S	Rb	1992	0.058	66.249.75.109
S	Rb	1829	0.127	37.59.14.116
S	Rb	1781	0.183	75.98.173.33
S	Rb	1597	0.111	78.155.138.20
S	Rb	1543	0.063	199.21.99.79
S	Rb	1459	0.009	92.249.127.111
S	Rb	1347	0.217	79.125.27.96
S	Rb	1330	0.007	49.7.20.105
S	Rb	1330	0.015	109.102.111.58
S	Rb	1316	0.047	49.7.20.102
S	Rb	1312	0.038	205.203.134.197
S	Rb	1304	0.164	5.196.13.127
S	Rb	1276	0.102	208.115.113.82
S	Rb	1270	0.055	95.108.248.29
S	Rb	1155	0.198	75.98.173.84
S	Rb	1142	0.001	91.207.9.226
S	Rb	1107	0.014	66.249.69.97
S	Rb	1081	0.016	66.249.69.81
S	Rb	1051	0.027	66.249.69.192
S	Rb	1048	0.073	157.90.182.26
S	Rb	1047	0.015	106.38.241.144
S	Rb	1039	0.013	66.249.69.89
S	Rb	1030	0.083	5.255.250.90
S	Rb	1027	0.186	216.244.66.229
S	Rb	1024	0.063	95.108.150.235
S	Rb	1012	0.070	192.99.6.132
S	Rb	985	0.035	144.76.27.118
S	Rb	957	0.155	199.21.99.197
S	Rb	951	0.053	66.249.73.133
S	Rb	815	0.025	178.63.23.80
S	Rb	812	0.079	66.249.64.90
S	Rb	808	0.155	149.202.211.239
S	Rb	791	0.055	192.99.7.55
S	Rb	786	0.099	66.11.128.152
S	Rb	777	0.001	193.150.120.14
S	Rb	760	0.043	208.115.113.92
S	Rb	744	0.008	109.102.111.20
S	Rb	739	0.008	109.102.111.50
S	Rb	721	0.003	106.38.241.177
S	Rb	708	0.046	49.7.20.108
S	Rb	704	0.001	109.120.157.179
S	Rb	698	0.022	220.181.125.162
S	Rb	694	0.033	78.155.138.30
S	Rb	686	0.017	66.249.65.212
S	Rb	664	0.046	94.23.59.173
S	Rb	1028592	95.802	[not listed: 96713]
s	*FR	2013	12	18	21	53
s	*LR	2022	12	30	22	29
s	*f	-20R	s
s	lRS	1	234674	434	http://www.gtaeronautics.com/
s	lRS	1	56870	102	http://gtaeronautics.com/
s	lRS	1	5539	19	https://www.google.com/
s	lRS	1	309	1	https://www.bing.com/
s	lRS	1	1560	0	http://www.google.com/
s	lRS	1	1275	0	http://www.baidu.com/
s	lRS	1	1159	0	http://www.trainingindustry.com/
s	lRS	1	609	0	http://www.mfgpages.com/
s	lRS	1	604	0	http://www.openfos.com/
s	lRS	1	517	0	http://www.topicway.com/
s	lRS	1	462	0	http://anti-crisis-seo.com/
s	lRS	1	395	0	http://uptime.com/
s	lRS	1	362	0	http://semalt.semalt.com/
s	lRS	1	328	0	http://www.bing.com/
s	lRS	1	306	0	https://www.thomasnet.com/
s	lRS	1	301	0	http://chimiver.info/
s	lRS	1	280	0	https://www.google.co.in/
s	lRS	1	262	0	http://google.co.jp/
s	lRS	1	244	0	http://baidu.com/
s	lRS	1	236	0	http://www.thomasnet.com/
s	lRS	1	49165	1	[not listed: 4398]
f	*FR	2013	12	18	21	53
f	*LR	2022	12	30	22	29
f	*f	-30R	s
f	lRS	1	161467	336	http://www.gtaeronautics.com/
f	lRS	1	39094	73	http://gtaeronautics.com/
f	lRS	1	1589	34	http://www.gtaeronautics.com/contactus.html
f	lRS	1	7590	11	http://www.gtaeronautics.com/CCT&M.html
f	lRS	1	6420	9	http://www.gtaeronautics.com/UASFC.html
f	lRS	1	1979	9	http://www.gtaeronautics.com/GT50T RPAS.html
f	lRS	1	2808	8	http://www.gtaeronautics.com/GT380 RPAS.html
f	lRS	1	5084	7	https://www.google.com/
f	lRS	1	2170	7	http://www.gtaeronautics.com/SRU.html
f	lRS	1	1720	4	http://gtaeronautics.com/aboutus.html
f	lRS	1	2507	3	http://www.gtaeronautics.com/GT1500 RPAS.html
f	lRS	1	2652	2	http://www.gtaeronautics.com/pna.html
f	lRS	1	1966	2	http://www.gtaeronautics.com/CFMT.html
f	lRS	1	1480	2	http://www.gtaeronautics.com/compnews.html
f	lRS	1	10712	1	http://www.gtaeronautics.com/aboutus.html
f	lRS	1	5676	1	http://gtaeronautics.com/IndNews.html
f	lRS	1	1099	1	http://gtaeronautics.com/contactus.html
f	lRS	1	5252	0	http://www.gtaeronautics.com/index.html
f	lRS	1	4584	0	http://www.gtaeronautics.com/ConsultingA.html
f	lRS	1	2378	0	http://www.gtaeronautics.com/CompNews.html
f	lRS	1	2145	0	http://www.gtaeronautics.com/RD.html
f	lRS	1	2070	0	http://www.gtaeronautics.com/uasfc.html
f	lRS	1	1872	0	http://www.gtaeronautics.com/consultinga.html
f	lRS	1	1843	0	http://www.gtaeronautics.com/IndNews.html
f	lRS	1	1604	0	http://www.gtaeronautics.com/EMPLOYMENT.html
f	lRS	1	1259	0	http://www.gtaeronautics.com/links.html
f	lRS	1	1209	0	http://gtaeronautics.com/index.html
f	lRS	1	1159	0	http://www.trainingindustry.com/
f	lRS	1	1080	0	http://www.baidu.com/s
f	lRS	1	973	0	http://www.gtaeronautics.com/FAQ.html
f	lRS	1	72016	47	[not listed: 5082]
n	*FR	2013	12	19	00	28
n	*LR	2020	10	14	09	11
n	*f	0.500000%Q	s
n	Rq	1	1408.425	kit
n	Rq	1	1408.425	method
n	Rq	2	2816.850	crew
n	Rq	28	94.092	aeronautical
n	Rq	1	1408.425	airplane.com
n	Rq	5	863.873	faa
n	Rq	40	2366.390	gt
n	Rq	1	1408.425	moldings
n	Rq	1	1408.425	twin
n	Rq	1	1408.425	taranis
n	Rq	2	1408.425	installerex
n	Rq	2	1408.425	http://gtaeronautics.com/
n	Rq	20	1727.747	in
n	Rq	1	1408.425	scale
n	Rq	1	1408.425	observer
n	Rq	1	1408.425	drawing?
n	Rq	2	1408.425	is
n	Rq	1	1408.425	making
n	Rq	2	2816.850	fiber
n	Rq	1	1408.425	mitsubishi
n	Rq	1	1408.425	fuze
n	Rq	1	1408.425	http://www.gtaeronautics.com/indnews.html
n	Rq	92	1408.425	semalt.com
n	Rq	1	1408.425	consultant
n	Rq	15	5633.700	manufacturing
n	Rq	1	1408.425	2
n	Rq	1	1408.425	base
n	Rq	14	1183.195	6
n	Rq	1	1408.425	http://gtaeronautics.com/indnews.html
n	Rq	1	1408.425	always
n	Rq	28	4319.367	engineering
n	Rq	1	1408.425	northrop
n	Rq	1	1408.425	bandwidth
n	Rq	1	1408.425	vegas
n	Rq	3	2816.850	basic
n	Rq	1	1408.425	qinetiq
n	Rq	1	1408.425	tooling
n	Rq	1	1408.425	on
n	Rq	1	1408.425	heavy
n	Rq	9	5089.148	drawings
n	Rq	1	1408.425	fia
n	Rq	4	1408.425	louis%20vuitton%20fashion%20valley%20phone%20number
n	Rq	3	1408.425	llc
n	Rq	3	4225.275	rullman
n	Rq	1	1408.425	cowling
n	Rq	32	4225.275	sale
n	Rq	64	2272.298	outlet
n	Rq	1	1408.425	rotax
n	Rq	1	1408.425	ucav
n	Rq	28	2910.942	texan
n	Rq	1	1408.425	a
n	Rq	2	1408.425	customer
n	Rq	1	1408.425	rpa
n	Rq	2	2816.850	110cc
n	Rq	30	1408.425	designer
n	Rq	20	863.873	www.gtaeronautics.com
n	Rq	1	1408.425	work
n	Rq	1	1408.425	thomas
n	Rq	1	1408.425	engie
n	Rq	1	1408.425	qualification
n	Rq	1	1408.425	custom
n	Rq	1	1408.425	mk3
n	Rq	1	1408.425	t
n	Rq	1	1408.425	uavs
n	Rq	1	1408.425	w
n	Rq	2	1408.425	satisfaction
n	Rq	2	2816.850	x
n	Rq	1	1408.425	crews
n	Rq	3	1408.425	photos
n	Rq	1	1408.425	finnemeccia
n	Rq	2	2816.850	glass
n	Rq	1	4225.275	to
n	Rq	1	1408.425	gcs
n	Rq	5	863.873	engineer
n	Rq	1	1408.425	government
n	Rq	1	1408.425	operator
n	Rq	6	2272.298	aircraft
n	Rq	1	1408.425	with
n	Rq	97	2816.850	number
n	Rq	4	4225.275	for
n	Rq	1	1408.425	december
n	Rq	2	2816.850	aero
n	Rq	9	2816.850	equipment
n	Rq	2	2816.850	engine
n	Rq	1	1408.425	mq1
n	Rq	2	2816.850	wy
n	Rq	1	1408.425	custum
n	Rq	1	1408.425	g.t
n	Rq	1	1408.425	mechanics
n	Rq	1	2816.850	motors
n	Rq	1	1408.425	tdw
n	Rq	32	863.873	luggage
n	Rq	1	1408.425	opportunities
n	Rq	175	5408.470	vuitton
n	Rq	1	1408.425	show
n	Rq	1	4225.275	the
n	Rq	1	1408.425	luggages
n	Rq	1	1408.425	stroke
n	Rq	2	1408.425	explore
n	Rq	39	2816.850	handbags
n	Rq	2	2816.850	electric
n	Rq	1	1408.425	space
n	Rq	1	2816.850	air
n	Rq	1	1408.425	quote
n	Rq	1	1408.425	require
n	Rq	1	1408.425	mpp
n	Rq	4	2816.850	jobs
n	Rq	5	863.873	uas
n	Rq	1	1408.425	anything
n	Rq	1	1408.425	china
n	Rq	1	1408.425	airplane
n	Rq	10	1727.747	uav
n	Rq	2	1408.425	wmaid.com
n	Rq	3	5633.700	drone
n	Rq	7	3680.723	fiberglass
n	Rq	2	1408.425	facebook
n	Rq	1	1408.425	college
n	Rq	4	5633.700	onboard
n	Rq	3	2816.850	gtaeronautics.com
n	Rq	1	1408.425	qulificationa
n	Rq	21	5953.022	simi
n	Rq	1	1408.425	and
n	Rq	5	4225.275	flight
n	Rq	17	5953.022	at6
n	Rq	1	1408.425	xtreme
n	Rq	1	1408.425	maintenance
n	Rq	1	1408.425	cody
n	Rq	1	1408.425	systems
n	Rq	1	1408.425	any
n	Rq	1	1408.425	tom
n	Rq	1	1408.425	payload
n	Rq	2	2816.850	gta
n	Rq	2	1408.425	granger
n	Rq	8	3680.723	extreme
n	Rq	6	863.873	molding
n	Rq	2	1408.425	easylifeapp
n	Rq	1	1408.425	rating
n	Rq	2	1408.425	whitelaw
n	Rq	126	3680.723	fashion
n	Rq	2	2816.850	ice
n	Rq	2	1408.425	http://www.gtaeronautics.com/compnews.html
n	Rq	5	2816.850	engineers
n	Rq	3	2816.850	composite
n	Rq	1	1408.425	skyforce
n	Rq	1	1408.425	eengineer
n	Rq	175	5408.470	louis
n	Rq	8	1408.425	store
n	Rq	4	5633.700	starter
n	Rq	14	5633.700	cheap
n	Rq	1	1408.425	diamond
n	Rq	10	319.322	bme
n	Rq	1	1408.425	america2009
n	Rq	7	1408.425	content
n	Rq	1	1408.425	challenge
n	Rq	2	2816.850	aeronautic
n	Rq	1	1408.425	piece
n	Rq	1	1408.425	how
n	Rq	1	1408.425	male
n	Rq	2	2816.850	design
n	Rq	2	2816.850	flying
n	Rq	1	1408.425	carbon
n	Rq	1	1408.425	operation
n	Rq	2	1408.425	profile
n	Rq	1	1408.425	tomas
n	Rq	1	1408.425	cia
n	Rq	1	1408.425	hummingbird
n	Rq	1	1408.425	iron
n	Rq	1	1408.425	california
n	Rq	1	1408.425	amphibian
n	Rq	1	1408.425	110
n	Rq	1	1408.425	mentioned
n	Rq	1	1408.425	111
n	Rq	1	1408.425	over
n	Rq	25	94.092	http://www.gtaeronautics.com/
n	Rq	1	1408.425	google.com
n	Rq	1	1408.425	fuel
n	Rq	2	1408.425	inc
n	Rq	1	1408.425	handbag.com
n	Rq	1	1408.425	da42
n	Rq	2	2816.850	certification
n	Rq	1	1408.425	timing
n	Rq	1	1408.425	2015
n	Rq	1	1408.425	home
n	Rq	1	1408.425	aerospacecompanies
n	Rq	1	1408.425	anti
n	Rq	1	1408.425	ziroli
n	Rq	1	1408.425	sketches
n	Rq	5	1408.425	purses
n	Rq	1	1408.425	downlink
n	Rq	3	1408.425	aeronotics
n	Rq	1	1408.425	nanotechnology
n	Rq	1	1408.425	zephyr
n	Rq	4	1408.425	wyoming
n	Rq	2	1408.425	technology
n	Rq	3	4225.275	companies
n	Rq	1	1408.425	muffler
n	Rq	2	1408.425	avia
n	Rq	2	1408.425	what
n	Rq	145	2047.069	valley
n	Rq	1	1408.425	microwave
n	Rq	1	1408.425	mold
n	Rq	5	5633.700	pglm
n	Rq	1	1408.425	specialist
n	Rq	23	3455.494	drawing
n	Rq	1	1408.425	tool
n	Rq	1	1408.425	security
n	Rq	6	2816.850	prototypes
n	Rq	1	1408.425	giant
n	Rq	1	1408.425	powell
n	Rq	8	3680.723	aerospace
n	Rq	4	5633.700	unmanned
n	Rq	34	5727.792	aeronautics
n	Rq	1	1408.425	radius
n	Rq	1	1408.425	zero
n	Rq	1	1408.425	tobbot
n	Rq	2	2816.850	job
n	Rq	2	2816.850	neverfull
n	Rq	1	1408.425	onbordstarter
n	Rq	20	5633.700	ca
n	Rq	1	2816.850	as
n	Rq	13	5953.022	at
n	Rq	5	863.873	techniques
n	Rq	1	1408.425	does
n	Rq	1	1408.425	commercial
n	Rq	1	1408.425	www.gt
n	Rq	1	1408.425	de
n	Rq	1	1408.425	co
n	Rq	1	1408.425	speedy
n	Rq	1	1408.425	rpas
n	Rq	2	2816.850	instrument
n	Rq	1	1408.425	do
n	Rq	1	1408.425	quotation
n	Rq	3	4225.275	training
n	Rq	1	1408.425	efi
n	Rq	1	1408.425	careers
n	Rq	3	4225.275	pilot
n	Rq	9	5089.148	bandito
n	Rq	4	5633.700	quotes
n	Rq	107	5633.700	phone
n	Rq	1	1408.425	stations
n	Rq	1	1408.425	traing
N	*FR	2013	12	19	00	28
N	*LR	2020	10	14	09	11
N	*f	-200Q	s
N	RQ	6	3916408520	texan at6
N	RQ	5	3916408520	bandito pglm
N	RQ	8	3537849744	at6 texan
N	RQ	14	3159290968	aeronautical engineering drawing
N	RQ	3	2937306390	bandito uav
N	RQ	3	2937306390	onboard starter
N	RQ	2	1958204260	fiberglass molding techniques
N	RQ	6	1958204260	manufacturing aeronautical prototypes
N	RQ	19	1958204260	louis vuitton luggage outlet
N	RQ	10	1958204260	louis vuitton fashion valley phone
N	RQ	97	1958204260	louis vuitton fashion valley phone number
N	RQ	2	1958204260	texan at 6
N	RQ	18	1958204260	louis vuitton fashion valley ca
N	RQ	7	1579645484	bme extreme
N	RQ	7	1579645484	aerospace engineering drawings
N	RQ	1	979102130	uavs flying over simi valley ca
N	RQ	1	979102130	gt aeronautics simi valley california
N	RQ	1	979102130	aeronautical engineer quote
N	RQ	1	979102130	does aeronautical engineering require drawing?
N	RQ	1	979102130	how to do gt in engineering drawing
N	RQ	2	979102130	http://gtaeronautics.com/
N	RQ	1	979102130	the government college g.t aeronautics
N	RQ	1	979102130	bme engine
N	RQ	1	979102130	uas gcs
N	RQ	1	979102130	http://www.gtaeronautics.com/indnews.html
N	RQ	92	979102130	semalt.com
N	RQ	1	979102130	aero iron mentioned nanotechnology hummingbird uav
N	RQ	1	979102130	basic fiberglass techniques
N	RQ	1	979102130	http://gtaeronautics.com/indnews.html
N	RQ	1	979102130	finnemeccia co
N	RQ	2	979102130	drawing for customer satisfaction
N	RQ	1	979102130	cheap louis vuitton speedy handbag.com
N	RQ	1	979102130	at 6
N	RQ	1	979102130	quotation specialist engineer drawings
N	RQ	1	979102130	challenge xtreme 111 piece mechanics tool kit
N	RQ	1	979102130	uav commercial crew stations
N	RQ	1	979102130	da42 mpp microwave downlink bandwidth
N	RQ	1	979102130	anti ice de ice qinetiq zephyr
N	RQ	4	979102130	louis%20vuitton%20fashion%20valley%20phone%20number
N	RQ	1	979102130	faa uas pilot certification
N	RQ	1	979102130	any flying crews in gta
N	RQ	1	979102130	aerospace drawing
N	RQ	1	979102130	fiber glass molding job
N	RQ	1	979102130	aircraft design consultant
N	RQ	1	979102130	www.gt airplane.com
N	RQ	3	979102130	gt in aeronotics
N	RQ	1	979102130	tom rullman
N	RQ	1	979102130	gt aeronautics simi valley ca
N	RQ	1	979102130	drone base in simi valley
N	RQ	1	979102130	fiberglass mold making techniques
N	RQ	1	979102130	rpa instrument qualification faa instrument rating
N	RQ	1	979102130	extreme bme
N	RQ	1	979102130	uas faa maintenance
N	RQ	1	979102130	louis vuitton neverfull
N	RQ	1	979102130	fiberglass techniques
N	RQ	1	979102130	aircraft companies in simi valley
N	RQ	1	979102130	custom fiberglass moldings
N	RQ	11	979102130	louis vuitton luggage cheap
N	RQ	1	979102130	anything
N	RQ	1	979102130	aeronautical engineering sketches
N	RQ	1	979102130	gtaeronautics.com
N	RQ	1	979102130	giant scale ziroli at 6
N	RQ	9	979102130	outlet louis vuitton handbags
N	RQ	1	979102130	cowling drawing
N	RQ	1	979102130	mitsubishi zero
N	RQ	1	979102130	powell wy gt aeronautics
N	RQ	2	979102130	what is gt in basic engineering drawing
N	RQ	2	979102130	composite molding
N	RQ	1	979102130	aeronautics in simi valley and security work
N	RQ	3	979102130	gt aeronautics llc jobs
N	RQ	1	979102130	crew flight gta
N	RQ	1	979102130	110cc engine timing
N	RQ	1	979102130	aeronautical engineer quotes
N	RQ	2	979102130	http://www.gtaeronautics.com/compnews.html
N	RQ	4	979102130	wyoming flight engineers
N	RQ	1	979102130	a t 6
N	RQ	1	979102130	gt aeronautics unmanned air
N	RQ	1	979102130	fia gt composite tooling
N	RQ	1	979102130	uas pilot certification
N	RQ	1	979102130	quotes on aeronautical engineers
N	RQ	1	979102130	payload for diamond northrop twin engie aircraft
N	RQ	7	979102130	content
N	RQ	1	979102130	bme 110
N	RQ	1	979102130	thomas w rullman gt aeronautics
N	RQ	1	979102130	luggages for sale
N	RQ	2	979102130	easylifeapp profile
N	RQ	2	979102130	simi gt
N	RQ	1	979102130	mq1 design fuel
N	RQ	1	979102130	airplane as always cia america2009
N	RQ	1	979102130	eengineer drawing home
N	RQ	1	979102130	heavy equipment operator jobs
N	RQ	1	979102130	aero space drone simi valley
N	RQ	1	979102130	cheap louis vuitton luggage
N	RQ	1	979102130	2 stroke electric onboard starter
N	RQ	1	979102130	skyforce observer mk3
N	RQ	1	979102130	simi valley unmanned aircraft
N	RQ	2	979102130	granger whitelaw avia
N	RQ	1	979102130	louis vuitton fashion valley neverfull
N	RQ	1	979102130	louis vuitton job opportunities
N	RQ	1	979102130	google.com
N	RQ	1	979102130	uas operation training method
N	RQ	2	979102130	wmaid.com explore gtaeronautics.com
N	RQ	1	979102130	custum muffler 110cc
N	RQ	1	979102130	glass manufacturing drawings
N	RQ	1	979102130	electric motors x male uav x sale
N	RQ	1	979102130	aerospacecompanies in simi valley
N	RQ	1	979102130	fiberglass molding
N	RQ	2	979102130	aeronautical technology inc
N	RQ	1	979102130	taranis ucav
N	RQ	1	979102130	vegas drone uav show december 2015
N	RQ	1	979102130	uav companies in simi valley
N	RQ	1	979102130	unmanned aircraft systems pilot training
N	RQ	2	979102130	installerex facebook
N	RQ	3	979102130	texan at6 photos
N	RQ	1	979102130	aeronautic engineer
N	RQ	30	979102130	designer handbags outlet sale
N	RQ	1	979102130	rpas qulificationa traing with faa
N	RQ	1	979102130	faa uav training
N	RQ	1	979102130	uav companies simi valley
N	RQ	5	979102130	louis vuitton purses outlet
N	RQ	1	979102130	aeronautics
N	RQ	1	979102130	cheap louis vuitton luggage outlet
N	RQ	1	979102130	gt aeronautics tomas rullman
N	RQ	1	979102130	tobbot
N	RQ	1	979102130	radius tdw efi fuze
N	RQ	8	979102130	manufacturing equipment store in simi valley
N	RQ	1	979102130	aeronautic engineer quotes
N	RQ	1	979102130	onbordstarter
N	RQ	1	979102130	rotax amphibian unmanned china
N	RQ	1	979102130	aeronautical engineering quotes
N	RQ	1	979102130	drawing aircraft engineering
N	RQ	1	979102130	gt aeronautics careers
N	RQ	1	979102130	gt aeronautics bandito
N	RQ	1	979102130	cody wy carbon fiber
N	RQ	20	822527932	gt aeronautics
N	RQ	20	600543354	www.gtaeronautics.com
N	RQ	9	221984578	at 6 texan
N	RQ	25	65410380	http://www.gtaeronautics.com/
B	*f	-40R	r
B	Rb	40806	4.849	Mozilla/5.0 (compatible; bingbot/2.0;  http://www.bing.com/bingbot.htm)
B	Rb	39290	1.825	ZoominfoBot (zoominfobot at zoominfo dot com)
B	Rb	26711	1.407	Mozilla/5.0 (compatible; Googlebot/2.1;  http://www.google.com/bot.html)
B	Rb	16903	1.011	Sogou web spider/4.0( http://www.sogou.com/docs/help/webmasters.htm#07)
B	Rb	16262	1.089	Mozilla/4.0 (compatible; MSIE 6.0; Windows NT 5.1; SV1)
B	Rb	14388	1.719	Mozilla/5.0 (compatible; AhrefsBot/7.0;  http://ahrefs.com/robot/)
B	Rb	12964	1.548	Mozilla/5.0 (iPhone; CPU iPhone OS 7_0 like Mac OS X) AppleWebKit/537.51.1 (KHTML, like Gecko) Version/7.0 Mobile/11A465 Safari/9537.53 (compatible; bingbot/2.0;  http://www.bing.com/bingbot.htm)
B	Rb	10313	1.170	Mozilla/5.0 (compatible; YandexBot/3.0;  http://yandex.com/bots)
B	Rb	10138	0.781	Mozilla/5.0 (compatible; Baiduspider/2.0;  http://www.baidu.com/search/spider.html)
B	Rb	10069	0.697	Mozilla/5.0 (Windows NT 6.1; WOW64; Trident/7.0; rv:11.0) like Gecko
B	Rb	8061	1.012	Mozilla/4.0 (compatible; MSIE 7.0; Windows NT 5.1; .NET CLR 1.1.4322; .NET CLR 2.0.50727)
B	Rb	7460	0.466	Mozilla/5.0 (compatible; Yahoo! Slurp; http://help.yahoo.com/help/us/ysearch/slurp)
B	Rb	7100	0.240	Mozilla/4.0 (compatible; MSIE 6.0; Windows NT 5.1; SV1; .NET CLR 2.0.50727)
B	Rb	6980	0.210	Mozilla/4.0 (compatible;)
B	Rb	6688	2.114	Mozilla/5.0 (Windows NT 6.3; WOW64) AppleWebKit/537.36 (KHTML, like Gecko) Chrome/33.0.1736.0 Safari/537.36
B	Rb	6449	0.349	Mozilla/4.0 (compatible; MSIE 6.0; Windows NT 5.1)
B	Rb	6164	0.050	Mozilla/4.0 (compatible; MSIE 7.0; Windows NT 5.1; .NET CLR 1.1.4322; .NET CLR 2.0.50727; .NET CLR 3.0.4506.2152; .NET CLR 3.5.30729)
B	Rb	6152	0.394	Mozilla/4.0 (compatible; MSIE 7.0; Windows NT 6.1; WOW64; Trident/5.0; SLCC2; .NET CLR 2.0.50727; .NET CLR 3.5.30729; .NET CLR 3.0.30729; Media Center PC 6.0; .NET4.0C; .NET4.0E)
B	Rb	6079	0.256	Mozilla/5.0 (Windows NT 6.1; WOW64) AppleWebKit/537.36 (KHTML, like Gecko) Chrome/36.0.1985.143 Safari/537.36
B	Rb	6056	0.232	Googlebot-Image/1.0
B	Rb	5848	0.297	Sosospider ( http://help.soso.com/webspider.htm)
B	Rb	5436	0.338	Mozilla/5.0 (Windows; U; Windows NT 5.1; en-US; rv:1.7.2) Gecko/20040804 Netscape/7.2 (ax)
B	Rb	5308	0.145	Mozilla/4.0 (compatible; MSIE 7.0; Windows NT 5.1; .NET CLR 1.1.4322; .NET CLR 2.0.50727; .NET CLR 3.0.04506.30)
B	Rb	5201	0.359	Mozilla/4.0 (compatible; MSIE 7.0; Windows NT 5.1)
B	Rb	4873	0.135	Mozilla/5.0 (compatible; MSIE 9.0; Windows NT 6.1; WOW64; Trident/5.0)
B	Rb	4446	0.198	Mozilla/5.0 (compatible; Yahoo! Slurp/3.0; http://help.yahoo.com/help/us/ysearch/slurp)
B	Rb	4368	0.039	Mozilla/4.0 (compatible; MSIE 7.0; Windows NT 5.1; .NET CLR 2.0.50727; .NET CLR 3.0.4506.2152; .NET CLR 3.5.30729)
B	Rb	4312	0.513	Mozilla/5.0 (iPhone; CPU iPhone OS 7_0 like Mac OS X) AppleWebKit/537.51.1 (KHTML, like Gecko) Version/7.0 Mobile/11A465 Safari/9537.53 BingPreview/1.0b
B	Rb	4114	0.416	Mozilla/5.0 (Linux; Android 6.0.1; Nexus 5X Build/MMB29P) AppleWebKit/537.36 (KHTML, like Gecko) Chrome/41.0.2272.96 Mobile Safari/537.36 (compatible; Googlebot/2.1;  http://www.google.com/bot.html)
B	Rb	3985	0.153	Mozilla/5.0 (compatible; SeznamBot/3.2;  http://napoveda.seznam.cz/en/seznambot-intro/)
B	Rb	3790	0.514	PRurl
B	Rb	3789	0.166	Mozilla/4.0 (compatible; MSIE 6.0; Windows NT 5.1; SV1; .NET CLR 1.1.4322)
B	Rb	3707	0.852	Mozilla/5.0 (Linux; U; Android 8.1.0; zh-CN; EML-AL00 Build/HUAWEIEML-AL00) AppleWebKit/537.36 (KHTML, like Gecko) Version/4.0 Chrome/57.0.2987.108 baidu.sogo.uc.UCBrowser/11.9.4.974 UWS/2.13.1.48 Mobile Safari/537.36 AliApp(DingTalk/4.5.11) com.alibaba.android.rimet/10487439 Channel/227200 language/zh-CN
B	Rb	3595	0.311	Mozilla/4.0 (compatible; MSIE 7.0; Windows NT 5.1; InfoPath.2; .NET CLR 2.0.50727; .NET CLR)
B	Rb	3493	0.201	Mozilla/5.0 (compatible; MJ12bot/v1.4.5; http://www.majestic12.co.uk/bot.php? )
B	Rb	3481	0.138	Mozilla/5.0 (X11; Datanyze; Linux x86_64) AppleWebKit/537.36 (KHTML, like Gecko) Chrome/65.0.3325.181 Safari/537.36
B	Rb	3206	0.605	Mozilla/4.0 (compatible; MSIE 7.0; Windows NT 5.1; .NET CLR 2.0.50727; .NET CLR 1.1.4322)
B	Rb	3189	0.194	Mozilla/5.0 (compatible; BLEXBot/1.0;  http://webmeup-crawler.com/)
B	Rb	3062	0.088	Mozilla/4.0 (compatible; MSIE 7.0; Windows NT 5.1; .NET CLR 1.1.4322)
B	Rb	3049	0.046	Mozilla/4.0 (compatible; MSIE 8.0; Windows NT 5.1; Trident/4.0; .NET CLR 2.0.50727; .NET CLR 3.0.4506.2152; .NET CLR 3.5.30729; .NET4.0C; .NET CLR 1.1.4322)
B	Rb	735521	72.875	[not listed: 20897]
b	*f	-15Q	s
b	lRQq	1	426294	4231914575	2084.685	Netscape
b	lRQq	2	5169	3224701371	1588.522	Mozilla/52
b	lRQq	2	1499	3537849744	1742.782	Mozilla/72
b	lRQq	2	290	3916408523	1929.264	Mozilla/85
b	lRQq	2	689	4138393098	2038.616	Mozilla/59
b	lRQq	2	1767	4138393098	2038.616	Mozilla/61
b	lRQq	2	797	4138393098	2038.616	Mozilla/35
b	lRQq	2	1890	3916408520	1929.264	Mozilla/69
b	lRQq	2	530	3916408520	1929.264	Mozilla/74
b	lRQq	2	1814	3916408520	1929.264	Mozilla/100
b	lRQq	2	68	3916408520	1929.264	Mozilla/82
b	lRQq	2	715	3916408520	1929.264	Mozilla/88
b	lRQq	2	1029	3759834322	1852.134	Mozilla/56
b	lRQq	2	1461	3759834322	1852.134	Mozilla/60
b	lRQq	2	342	3759834322	1852.134	Mozilla/37
b	lRQq	2	1165	3603260124	1775.004	Mozilla/10
b	lRQq	2	1145	3537849744	1742.782	Mozilla/64
b	lRQq	2	968	3537849744	1742.782	Mozilla/78
b	lRQq	2	1368	3537849744	1742.782	Mozilla/81
b	lRQq	2	796	3537849744	1742.782	Mozilla/84
b	lRQq	2	221	3159290968	1556.300	Mozilla/54
b	lRQq	1	200	3916408538	1929.264	serpstatbot
b	lRQq	2	120	1958204278	964.632	serpstatbot/2
b	lRQq	2	80	1958204260	964.632	serpstatbot/1
b	lRQq	1	569	3916408520	1929.264	facebookexternalhit
b	lRQq	2	569	3916408520	1929.264	facebookexternalhit/1
b	lRQq	1	54	4138393098	2038.616	Google
b	lRQq	2	50	2180188838	1073.984	Google/2
b	lRQq	2	4	1958204260	964.632	Google/1
b	lRQq	1	5	3916408520	1929.264	QuickTime
b	lRQq	2	5	3916408520	1929.264	QuickTime/7
b	lRQq	1	14	3916408520	1929.264	${jndi:ldap:
b	lRQq	2	4	979102130	482.316	${jndi:ldap://188
b	lRQq	2	2	979102130	482.316	${jndi:ldap://144
b	lRQq	2	4	979102130	482.316	${jndi:ldap://51
b	lRQq	2	4	979102130	482.316	${jndi:ldap://167
b	lRQq	1	42	3916408520	1929.264	CRAZYWEBCRAWLER
b	lRQq	2	42	3916408520	1929.264	CRAZYWEBCRAWLER/0
b	lRQq	1	243	3916408520	1929.264	Barkrowler
b	lRQq	2	243	3916408520	1929.264	Barkrowler/0
b	lRQq	1	54	3916408520	1929.264	rogerbot
b	lRQq	2	54	3916408520	1929.264	rogerbot/1
b	lRQq	1	4	3916408520	1929.264	yacybot (
b	lRQq	2	4	3916408520	1929.264	yacybot (/global;
b	lRQq	1	746	3916408520	1929.264	CCBot
b	lRQq	2	671	2937306390	1446.948	CCBot/2
b	lRQq	2	75	979102130	482.316	CCBot/1
b	lRQq	1	24	3916408520	1929.264	SheenBot
b	lRQq	2	24	3916408520	1929.264	SheenBot/SheenBot-1
b	lRQq	1	6	3916408520	1929.264	Mechanize
b	lRQq	2	6	3916408520	1929.264	Mechanize/2
b	lRQq	1	14	3916408520	1929.264	BlackBerry8520
b	lRQq	2	14	3916408520	1929.264	BlackBerry8520/5
b	lRQq	1	1	3916408520	1929.264	webcollage
b	lRQq	2	1	3916408520	1929.264	webcollage/1
b	lRQq	1	654536	1048923841	516.711	[not listed: 896]
p	*f	0Q	s
p	lR	1	98245	Known robots
p	lR	1	570066	Windows
p	lR	2	242239	Unknown Windows
p	lR	2	70565	Windows NT
p	lR	2	241046	Windows XP
p	lR	2	2221	Windows 95
p	lR	2	407	Windows CE
p	lR	2	2361	Windows 98
p	lR	2	9413	Windows 2000
p	lR	2	384	Windows 3.1
p	lR	2	1430	Windows ME
p	lR	1	250577	OS unknown
p	lR	1	68743	Unix
p	lR	2	67420	Linux
p	lR	2	22	SunOS
p	lR	2	60	BSD
p	lR	2	1238	Other Unix
p	lR	2	3	HP-UX
p	lR	1	95106	Macintosh
p	lR	2	90922	Unknown Macintosh
p	lR	2	1018	Macintosh 68k
p	lR	2	3166	Macintosh PowerPC
p	lR	1	16	WebTV
p	lR	1	13	BeOS
p	lR	1	33	OS/2
p	lR	1	7	Amiga
i	*f	0R	s
i	lRc	1	622673	21.827	[root directory]
i	lRc	1	303701	65.537	/images/
i	lRc	1	108001	0.081	/js/
i	lRc	1	56358	0.081	/css/
i	lRc	1	596	12.474	/uploads/
i	lRc	1	865	0.000	/videos/
i	lRc	1	541	0.000	/client/
i	lRc	1	1	0.000	/cgi-bin/
i	lRc	1	187	0.000	/dev/
i	lRc	2	23	0.000	/dev/css/
i	lRc	2	44	0.000	/dev/js/
i	lRc	2	59	0.000	/dev/images/
i	lRc	1	1	0.000	/secure/
i	lRc	1	74	0.000	/stats/
r	*FR	2007	12	18	17	11
r	*LR	2022	12	30	21	55
r	*f	0.050000%S	s
r	lRSc	1	24848	26	29.747	/compnews.html
r	lRSc	1	19849	26	1.474	/contactus.html
r	lRSc	1	6563	21	1.763	/gt380+rpas.html
r	lRSc	1	18980	21	2.534	/consultinga.html
r	lRSc	1	28828	21	1.675	/aboutus.html
r	lRSc	1	23105	20	2.517	/uasfc.html
r	lRSc	1	14893	18	2.192	/indevents.html
r	lRSc	1	14965	18	0.922	/pna.html
r	lRSc	1	1932	18	1.490	/gt100hl+rpas.html
r	lRSc	1	6603	18	1.538	/gt1500+rpas.html
r	lRSc	1	6193	16	1.399	/gt50t+rpas.html
r	lRSc	1	9889	16	1.352	/sru.html
r	lRSc	1	18193	15	1.545	/cct&m.html
r	lRSc	1	13667	15	1.590	/faq.html
r	lRSc	1	18318	14	1.066	/cfmt.html
r	lRSc	1	16289	9	0.524	/employment.html
r	lRSc	1	15499	8	0.735	/links.html
r	lRSc	1	10338	7	0.406	/rd.html
r	lRSc	1	114	5	10.111	/uploads/idrone-pressrelease-powell-version220119.pdf
r	lRSc	1	27803	3	17.565	/indnews.html
r	lRSc	2	141	0	0.000	/indnews.html?referer=www.clickfind.com.au/wp-login.php
r	lRSc	2	1	0	0.000	/indnews.html?referer=top1.co.pl
r	lRSc	2	1	0	0.000	/indnews.html?referer=www.clickfind.com.au//wp-content/themes/busybee/thumb.php?src=http://blogger.com.opontodaarte.com.br/java.php
r	lRSc	1	84	3	1.191	/uploads/big+horn+basin+drone+festival+event+schedule.pdf
r	lRSc	1	61	3	9.714	/uploads/2022wydronefestflyer+rev2.pdf
r	lRSc	1	3859	2	0.138	/banditomav.html
r	lRSc	1	74	2	6.811	/uploads/bighornbasindronefestivalflyer-v2-220110.pdf
r	lRSc	1	1	0	0.000	/client/bandito timeline2007.html
r	lRSc	1	2	0	0.000	/client/bandit+timeline2004.html
r	lRSc	1	1	0	0.000	/stats/quick.html
r	lRSc	1	1	0	0.000	/404.htm
r	lRSc	1	12	0	0.000	/client/gta010707002.html
r	lRSc	1	72	0	0.000	/client/bandito+development.html
r	lRSc	1	135	0	0.000	/client/welcome.html
r	lRSc	1	3	0	0.000	/client/gta021305001.html
r	lRSc	1	1	0	0.000	/stats/browserrep.html
r	lRSc	1	741	0	0.000	/gt50t rpas.html
r	lRSc	1	5	0	0.000	/client/gta012405001.html
r	lRSc	1	2	0	0.000	/dev/contactus.html
r	lRSc	1	4	0	0.000	/stats/general.html
r	lRSc	1	1	0	0.000	/stats/dailyrep.html
r	lRSc	1	1	0	0.000	/dev/aboutus.html
r	lRSc	1	18	0	0.000	/client/tacamo+development.html
r	lRSc	1	1	0	0.000	/client/bandit development.html
r	lRSc	1	17	0	0.000	/client/bandit+timeline2008.html
r	lRSc	1	1	0	0.000	/client/bandito+timeline2005.html
r	lRSc	1	23	0	0.000	/client/projectbids.html
r	lRSc	1	1	0	0.000	/stats/host.html
r	lRSc	1	11	0	0.000	/client/rq2+outlaw.html
r	lRSc	1	1	0	0.000	/client/bandit timeline2008.html
r	lRSc	1	20	0	0.000	/client/clientpna.html
r	lRSc	1	15	0	0.000	/client/bandit.html
r	lRSc	1	60	0	0.000	/uploads/droneexpojan2022+(1).pdf
r	lRSc	1	2	0	0.000	/stats/default.asp
r	lRSc	1	21	0	0.000	/index.htm
r	lRSc	1	1	0	0.000	/cgi-bin/testms.pl
r	lRSc	1	981	0	0.000	/gtamt.html
r	lRSc	1	14	0	0.000	/client/rq1+bandit.html
r	lRSc	1	2253	0	0.000	/gt1500 rpas.html
r	lRSc	1	6	0	0.000	/client/gta021305002.html
r	lRSc	1	4	0	0.000	/client/gta121004001.html
r	lRSc	1	24	0	0.000	/client/tacamo.html
r	lRSc	1	30	0	0.000	/client/mgqgcyat.asp
r	lRSc	1	1	0	0.000	/dev/client.cgi
r	lRSc	1	18702	0	0.000	/default.asp
r	lRSc	1	1666	0	0.000	/gt380 rpas.html
r	lRSc	1	1	0	0.000	/client/bandito+timeline2006.html
r	lRSc	1	16	0	0.000	/client/rq3+bandito.html
r	lRSc	1	1	0	0.000	/dev/uasfc.html
r	lRSc	1	229	0	0.000	/client.cgi
r	lRSc	1	71	0	0.000	/client/bandit+development.html
r	lRSc	1	2	0	0.000	/client/bandito development.html
r	lRSc	1	2	0	0.000	/stats/yearly.html
r	lRSc	1	2	0	0.000	/stats/domain.html
r	lRSc	1	1	0	0.000	/stats/monthly.html
r	lRSc	1	2	0	0.000	/stats/weekly.html
r	lRSc	1	8	0	0.000	/client/gta010707001.html
r	lRSc	1	4163	0	0.000	/uavengines.html
r	lRSc	1	3749	0	0.000	/bidspridpass.html
r	lRSc	1	6356	0	0.000	/pridpass.html
r	lRSc	1	12	0	0.000	/client/bandito.html
r	lRSc	1	3978	0	0.000	/gtatexan.html
r	lRSc	1	1	0	0.000	/dev/pna.html
r	lRSc	1	1	0	0.000	/client/tacamo development.html
r	lRSc	1	4	0	0.000	/stats/index.htm
r	lRSc	1	4	0	0.000	/stats/nav.html
r	lRSc	1	1	0	0.000	/stats/quarterly.html
r	lRSc	1	3716	0	0.000	/bandituas.html
r	lRSc	1	2	0	0.000	/stats/directory.html
r	lRSc	1	2	0	0.000	/stats/organisation.html
r	lRSc	1	8	0	0.000	/client/bandito+timeline2007.html
r	lRSc	1	7	0	0.000	/client/bandit+timeline2007.html
r	lRSc	1	1	0	0.000	/dev/pridpass.html
t	*f	0.100000%B	b
t	lRb	1	242996	40.255	.jpg  [JPEG graphics]
t	lRb	1	328758	29.540	.html [Hypertext Markup Language]
t	lRb	1	258346	19.834	[directories]
t	lRb	1	203	3.350	.mp4
t	lRb	1	778	2.460	.wmv
t	lRb	1	87	2.415	.mpg  [MPEG movie]
t	lRb	1	18734	1.039	.asp  [Active Server REQUESTS]
t	lRb	1	60788	0.330	.gif  [GIF graphics]
t	lRb	1	108045	0.280	.js  [JavaScript code]
t	lRb	1	56373	0.248	.css  [Cascading Style Sheets]
t	lRb	1	393	0.158	.pdf  [Adobe Portable Document Format]
t	lRb	1	17497	0.090	[not listed: 6]
z	*FR	2022	11	18	15	28
z	*LR	2022	12	30	23	53
z	ScR	39	0.000	81682	0
z	ScR	0	0.000	0	1b-  10b
z	ScR	0	0.000	0	11b- 100b
z	ScR	49	0.006	83978	101b-  1kb
z	ScR	475	1.682	493364	1kb- 10kb
z	ScR	221	4.517	342266	10kb-100kb
z	ScR	450	59.164	88340	100kb-  1Mb
z	ScR	23	34.631	3309	1Mb- 10Mb
z	ScR	0	0.000	50	10Mb-100Mb
z	ScR	0	0.000	9	100Mb-  1Gb
c	*FR	2014	03	02	13	52
c	*LR	2022	12	30	23	53
c	*f	0R	a
c	R	1007836	200 OK
c	R	7165	206 Partial content
c	R	117	301 Document moved permanently
c	R	77	302 Document found elsewhere
c	R	77997	304 Not modified since last retrieval
c	R	805	400 Bad request
c	R	207	401 Authentication required
c	R	256	403 Access forbidden
c	R	436425	404 Document not found
c	R	1264	405 Method not allowed
c	R	521	406 Document not acceptable to client
c	R	98	416 Requested range not valid
c	R	618	500 Internal server error
c	R	128	501 Request type not supported
I	*FR	2007	12	11	00	52
I	*LR	2022	12	30	23	53
I	*f	-30S	s
I	lRS	1	107234	108	/robots.txt
I	lRS	1	3763	15	/ads.txt
I	lRS	1	6554	8	/wp-login.php
I	lRS	1	1156	7	/.env
I	lRS	1	1398	6	/
I	lRS	1	295	6	/data/admin/allowurl.txt
I	lRS	1	25	5	/wp-admin/style.php
I	lRS	1	53	5	/style.php
I	lRS	1	36	4	/wp-load.php
I	lRS	1	43	4	/1index.php
I	lRS	1	360	4	/vendor/phpunit/phpunit/src/util/php/eval-stdin.php
I	lRS	1	40	4	/wikindex.php
I	lRS	1	27	4	/3index.php
I	lRS	1	95	3	/css/album.css
I	lRS	1	2452	3	/xmlrpc.php
I	lRS	1	20	3	/wp-content/mu-plugins-old/index.php
I	lRS	1	124	3	/e/data/js/ajax.js
I	lRS	1	170	3	/images/rq3b+005+006a.jpg
I	lRS	1	564	2	/wp1/wp-includes/wlwmanifest.xml
I	lRS	1	545	2	/shop/wp-includes/wlwmanifest.xml
I	lRS	1	20	2	/cgialfa
I	lRS	1	12	2	/xindex.php
I	lRS	1	39	2	/wp_wrong_datlib.php
I	lRS	1	444	2	/2019/wp-includes/wlwmanifest.xml
I	lRS	1	19	2	/beence.php
I	lRS	1	3	2	/admin/fileupload/server/php/index.php
I	lRS	1	27	2	/wp-content/plugins/wpconfig.bak.php
I	lRS	1	20	2	/.well-known/alfa_data
I	lRS	1	20	2	/wp-includes/alfacgiapi
I	lRS	1	20	2	/wp-content/uploads/cgialfa
I	lRS	1	314711	281	[not listed: 23514]
L	*FR	2007	12	11	00	52
L	*LR	2022	12	30	23	53
L	*f	-20S	s
L	RS	97	96	5.181.86.5
L	RS	96	95	185.190.24.74
L	RS	35	35	194.169.175.39
L	RS	17	17	206.189.146.170
L	RS	15	15	149.200.253.112
L	RS	30	12	192.3.101.140
L	RS	13	12	185.114.245.124
L	RS	10	10	20.7.152.37
L	RS	9	9	35.197.159.75
L	RS	20	8	65.21.237.125
L	RS	46	6	207.46.13.230
L	RS	4	4	20.196.218.8
L	RS	13	4	185.215.113.5
L	RS	4	4	34.73.172.180
L	RS	4	4	159.223.173.153
L	RS	135	4	66.249.70.96
L	RS	33	4	66.249.70.172
L	RS	4	4	35.189.197.20
L	RS	4	4	194.60.86.69
L	RS	56	3	147.78.47.249
L	RS	439677	150	[not listed: 79246]
K	*FR	2013	12	22	04	20
K	*LR	2022	12	30	13	04
K	*f	-30S	s
K	lRS	1	1068	8	http://gtaeronautics.com/
K	lRS	1	225	4	http://www.gtaeronautics.com/BANDITOMAV.html
K	lRS	1	20811	3	http://www.gtaeronautics.com/
K	lRS	1	86	2	https://www.google.com
K	lRS	1	2	1	http://www.gtaeronautics.com/zb_users/plugin/LinksManage/zbignore.txt
K	lRS	1	2	1	http://gtaeronautics.com/NewsType.asp
K	lRS	1	1	1	http://gtaeronautics.com/radminpass.php
K	lRS	1	1	1	http://gtaeronautics.com/nologin.php
K	lRS	1	3	1	http://www.gtaeronautics.com/d/js/acmsd/ecms_dialog.js
K	lRS	1	30809	0	[not listed: 4943]
E	*FR	2008	01	06	10	12
E	*LR	2022	11	30	18	20
E	*f	-30S	s
E	lSR	1	0	194	[not listed: 6]
l	*FR	2008	01	06	10	12
l	*LR	2022	11	30	18	20
l	*f	-20S	s
l	SR	0	194	[not listed: 107]
v	*f	-20B	b
v	Rb	435583	60.197	64.41.87.40
v	Rb	657415	39.803	66.113.131.59
R	*FR	2008	01	06	10	12
R	*LR	2022	11	30	18	20
R	*f	-20R	r
R	R	178	66.113.131.59
R	R	16	64.41.87.40
M	*FR	2007	12	11	00	52
M	*LR	2022	12	30	23	53
M	*f	-20R	r
M	R	302606	66.113.131.59
M	R	137716	64.41.87.40
J	*FR	2007	12	11	00	53
J	*LR	2017	03	17	18	30
J	*f	-20R	r
J	R	9	gtaeronautics
J	R	5	lorrigkj
J	R	1	rullma2063
J	R	1	administrator
J	R	1	satish
J	R	1	nnnnn
P	*FR	2022	12	05	09	50
P	*LR	2022	12	30	23	53
P	R	71	0
P	R	0	<= 0.01
P	R	888	0.01-0.02
P	R	36703	0.02-0.05
P	R	78688	0.05-0.1 
P	R	99818	0.1 -0.2 
P	R	102812	0.2 -0.5 
P	R	51211	0.5 -1   
P	R	29772	1-  2 
P	R	12855	2-  5 
P	R	7441	5- 10 
P	R	3251	10- 20 
P	R	10744	20- 60 
P	R	1083	60-120 
P	R	219	120-300 
