x	VE	analog 5.24
x	HN	gtaeronautics.com
x	PS	2021	10	03	05	44
x	FR	2007	12	18	17	05
x	LR	2021	10	01	23	54
x	E7	2021	10	03	05	44
x	SR	989704
x	S7	1567
x	NC	391788
x	C7	0
x	FL	407498
x	F7	742
x	RR	183
x	R7	0
x	NH	87420
x	H7	360
x	BT	37821149048
x	B7	133891846
1	Rr	77957	7.877	2021
1	Rr	89380	9.031	2020
1	Rr	80088	8.092	2019
1	Rr	68927	6.964	2018
1	Rr	60168	6.079	2017
1	Rr	73316	7.408	2016
1	Rr	80796	8.164	2015
1	Rr	110773	11.193	2014
1	Rr	65173	6.585	2013
1	Rr	60742	6.137	2012
1	Rr	57015	5.761	2011
1	Rr	22139	2.237	2010
1	Rr	69710	7.044	2009
1	Rr	71820	7.257	2008
1	Rr	1700	0.172	2007
1	*BT	R	110773	2014
Q	Rr	194	0.020	2021	4
Q	Rr	26826	2.711	2021	3
Q	Rr	30675	3.099	2021	2
Q	Rr	20262	2.047	2021	1
Q	Rr	22199	2.243	2020	4
Q	Rr	23882	2.413	2020	3
Q	Rr	21656	2.188	2020	2
Q	Rr	21643	2.187	2020	1
Q	Rr	19098	1.930	2019	4
Q	Rr	19668	1.987	2019	3
Q	Rr	19827	2.003	2019	2
Q	Rr	21495	2.172	2019	1
Q	Rr	18129	1.832	2018	4
Q	Rr	17138	1.732	2018	3
Q	Rr	16928	1.710	2018	2
Q	Rr	16732	1.691	2018	1
Q	Rr	15937	1.610	2017	4
Q	Rr	0	0.000	2017	3
Q	Rr	16831	1.701	2017	2
Q	Rr	27400	2.769	2017	1
Q	Rr	22114	2.234	2016	4
Q	Rr	17621	1.780	2016	3
Q	Rr	15878	1.604	2016	2
Q	Rr	17703	1.789	2016	1
Q	Rr	16575	1.675	2015	4
Q	Rr	22104	2.233	2015	3
Q	Rr	22485	2.272	2015	2
Q	Rr	19632	1.984	2015	1
Q	Rr	21142	2.136	2014	4
Q	Rr	22272	2.250	2014	3
Q	Rr	31453	3.178	2014	2
Q	Rr	35906	3.628	2014	1
Q	Rr	16436	1.661	2013	4
Q	Rr	15216	1.537	2013	3
Q	Rr	16545	1.672	2013	2
Q	Rr	16976	1.715	2013	1
Q	Rr	16578	1.675	2012	4
Q	Rr	12511	1.264	2012	3
Q	Rr	15816	1.598	2012	2
Q	Rr	15837	1.600	2012	1
Q	Rr	15444	1.560	2011	4
Q	Rr	17386	1.757	2011	3
Q	Rr	9395	0.949	2011	2
Q	Rr	14790	1.494	2011	1
Q	Rr	1603	0.162	2010	4
Q	Rr	0	0.000	2010	3
Q	Rr	14047	1.419	2010	2
Q	Rr	6489	0.656	2010	1
Q	Rr	16350	1.652	2009	4
Q	Rr	18220	1.841	2009	3
Q	Rr	17115	1.729	2009	2
Q	Rr	18025	1.821	2009	1
Q	Rr	15905	1.607	2008	4
Q	Rr	15660	1.582	2008	3
Q	Rr	22448	2.268	2008	2
Q	Rr	17807	1.799	2008	1
Q	Rr	1700	0.172	2007	4
Q	*BT	R	35906	2014	1
m	Rr	194	0.020	2021	10
m	Rr	6059	0.612	2021	09
m	Rr	9092	0.919	2021	08
m	Rr	11675	1.180	2021	07
m	Rr	10152	1.026	2021	06
m	Rr	10231	1.034	2021	05
m	Rr	10292	1.040	2021	04
m	Rr	7948	0.803	2021	03
m	Rr	5800	0.586	2021	02
m	Rr	6514	0.658	2021	01
m	Rr	8069	0.815	2020	12
m	Rr	6579	0.665	2020	11
m	Rr	7551	0.763	2020	10
m	Rr	8028	0.811	2020	09
m	Rr	7741	0.782	2020	08
m	Rr	8113	0.820	2020	07
m	Rr	7317	0.739	2020	06
m	Rr	6898	0.697	2020	05
m	Rr	7441	0.752	2020	04
m	Rr	7524	0.760	2020	03
m	Rr	7322	0.740	2020	02
m	Rr	6797	0.687	2020	01
m	Rr	6573	0.664	2019	12
m	Rr	5917	0.598	2019	11
m	Rr	6608	0.668	2019	10
m	Rr	6791	0.686	2019	09
m	Rr	6597	0.667	2019	08
m	Rr	6280	0.635	2019	07
m	Rr	6317	0.638	2019	06
m	Rr	6847	0.692	2019	05
m	Rr	6663	0.673	2019	04
m	Rr	7059	0.713	2019	03
m	Rr	6374	0.644	2019	02
m	Rr	8062	0.815	2019	01
m	Rr	6957	0.703	2018	12
m	Rr	5422	0.548	2018	11
m	Rr	5750	0.581	2018	10
m	Rr	5458	0.551	2018	09
m	Rr	5735	0.579	2018	08
m	Rr	5945	0.601	2018	07
m	Rr	7110	0.718	2018	06
m	Rr	6440	0.651	2018	05
m	Rr	3378	0.341	2018	04
m	Rr	5789	0.585	2018	03
m	Rr	5369	0.542	2018	02
m	Rr	5574	0.563	2018	01
m	Rr	3906	0.395	2017	12
m	Rr	6533	0.660	2017	11
m	Rr	5498	0.556	2017	10
m	Rr	0	0.000	2017	09
m	Rr	0	0.000	2017	08
m	Rr	0	0.000	2017	07
m	Rr	0	0.000	2017	06
m	Rr	6832	0.690	2017	05
m	Rr	9999	1.010	2017	04
m	Rr	11887	1.201	2017	03
m	Rr	7941	0.802	2017	02
m	Rr	7572	0.765	2017	01
m	Rr	9483	0.958	2016	12
m	Rr	7121	0.720	2016	11
m	Rr	5510	0.557	2016	10
m	Rr	6288	0.635	2016	09
m	Rr	5888	0.595	2016	08
m	Rr	5445	0.550	2016	07
m	Rr	5042	0.509	2016	06
m	Rr	5495	0.555	2016	05
m	Rr	5341	0.540	2016	04
m	Rr	5558	0.562	2016	03
m	Rr	5548	0.561	2016	02
m	Rr	6597	0.667	2016	01
m	Rr	5574	0.563	2015	12
m	Rr	5330	0.539	2015	11
m	Rr	5671	0.573	2015	10
m	Rr	6196	0.626	2015	09
m	Rr	6788	0.686	2015	08
m	Rr	9120	0.921	2015	07
m	Rr	7156	0.723	2015	06
m	Rr	5694	0.575	2015	05
m	Rr	9635	0.974	2015	04
m	Rr	6215	0.628	2015	03
m	Rr	6084	0.615	2015	02
m	Rr	7333	0.741	2015	01
m	Rr	6608	0.668	2014	12
m	Rr	6997	0.707	2014	11
m	Rr	7537	0.762	2014	10
m	Rr	7043	0.712	2014	09
m	Rr	7324	0.740	2014	08
m	Rr	7905	0.799	2014	07
m	Rr	11654	1.178	2014	06
m	Rr	9211	0.931	2014	05
m	Rr	10588	1.070	2014	04
m	Rr	7817	0.790	2014	03
m	Rr	15229	1.539	2014	02
m	Rr	12860	1.299	2014	01
m	Rr	5325	0.538	2013	12
m	Rr	5513	0.557	2013	11
m	Rr	5598	0.566	2013	10
m	Rr	4655	0.470	2013	09
m	Rr	4938	0.499	2013	08
m	Rr	5623	0.568	2013	07
m	Rr	5492	0.555	2013	06
m	Rr	5211	0.527	2013	05
m	Rr	5842	0.590	2013	04
m	Rr	6068	0.613	2013	03
m	Rr	5055	0.511	2013	02
m	Rr	5853	0.591	2013	01
m	Rr	5688	0.575	2012	12
m	Rr	5477	0.553	2012	11
m	Rr	5413	0.547	2012	10
m	Rr	4331	0.438	2012	09
m	Rr	3866	0.391	2012	08
m	Rr	4314	0.436	2012	07
m	Rr	4655	0.470	2012	06
m	Rr	6047	0.611	2012	05
m	Rr	5114	0.517	2012	04
m	Rr	6128	0.619	2012	03
m	Rr	5430	0.549	2012	02
m	Rr	4279	0.432	2012	01
m	Rr	5548	0.561	2011	12
m	Rr	4779	0.483	2011	11
m	Rr	5117	0.517	2011	10
m	Rr	5431	0.549	2011	09
m	Rr	6256	0.632	2011	08
m	Rr	5699	0.576	2011	07
m	Rr	5420	0.548	2011	06
m	Rr	3975	0.402	2011	05
m	Rr	0	0.000	2011	04
m	Rr	3608	0.365	2011	03
m	Rr	5171	0.522	2011	02
m	Rr	6011	0.607	2011	01
m	Rr	1603	0.162	2010	12
m	Rr	0	0.000	2010	11
m	Rr	0	0.000	2010	10
m	Rr	0	0.000	2010	09
m	Rr	0	0.000	2010	08
m	Rr	0	0.000	2010	07
m	Rr	4101	0.414	2010	06
m	Rr	5018	0.507	2010	05
m	Rr	4928	0.498	2010	04
m	Rr	5095	0.515	2010	03
m	Rr	1394	0.141	2010	02
m	Rr	0	0.000	2010	01
m	Rr	4665	0.471	2009	12
m	Rr	6187	0.625	2009	11
m	Rr	5498	0.556	2009	10
m	Rr	5066	0.512	2009	09
m	Rr	5718	0.578	2009	08
m	Rr	7436	0.751	2009	07
m	Rr	5685	0.574	2009	06
m	Rr	6120	0.618	2009	05
m	Rr	5310	0.537	2009	04
m	Rr	5515	0.557	2009	03
m	Rr	6123	0.619	2009	02
m	Rr	6387	0.645	2009	01
m	Rr	5763	0.582	2008	12
m	Rr	5420	0.548	2008	11
m	Rr	4722	0.477	2008	10
m	Rr	5435	0.549	2008	09
m	Rr	4843	0.489	2008	08
m	Rr	5382	0.544	2008	07
m	Rr	6082	0.615	2008	06
m	Rr	9946	1.005	2008	05
m	Rr	6420	0.649	2008	04
m	Rr	5431	0.549	2008	03
m	Rr	6469	0.654	2008	02
m	Rr	5907	0.597	2008	01
m	Rr	1700	0.172	2007	12
m	*BT	R	15229	2014	02
W	Rr	1598	0.161	2021	09	26
W	Rr	1646	0.166	2021	09	19
W	Rr	1203	0.122	2021	09	12
W	Rr	1106	0.112	2021	09	05
W	Rr	1383	0.140	2021	08	29
W	Rr	1685	0.170	2021	08	22
W	Rr	2071	0.209	2021	08	15
W	Rr	2279	0.230	2021	08	08
W	Rr	2374	0.240	2021	08	01
W	Rr	2543	0.257	2021	07	25
W	Rr	2843	0.287	2021	07	18
W	Rr	2777	0.281	2021	07	11
W	Rr	2756	0.278	2021	07	04
W	Rr	2524	0.255	2021	06	27
W	Rr	2466	0.249	2021	06	20
W	Rr	2262	0.229	2021	06	13
W	Rr	2264	0.229	2021	06	06
W	Rr	2101	0.212	2021	05	30
W	Rr	3009	0.304	2021	05	23
W	Rr	1989	0.201	2021	05	16
W	Rr	2386	0.241	2021	05	09
W	Rr	2138	0.216	2021	05	02
W	Rr	1668	0.169	2021	04	25
W	Rr	2413	0.244	2021	04	18
W	Rr	3035	0.307	2021	04	11
W	Rr	2709	0.274	2021	04	04
W	Rr	1942	0.196	2021	03	28
W	Rr	1666	0.168	2021	03	21
W	Rr	1476	0.149	2021	03	14
W	Rr	1713	0.173	2021	03	07
W	Rr	1777	0.180	2021	02	28
W	Rr	1173	0.119	2021	02	21
W	Rr	1101	0.111	2021	02	14
W	Rr	1699	0.172	2021	02	07
W	Rr	1867	0.189	2021	01	31
W	Rr	1404	0.142	2021	01	24
W	Rr	1564	0.158	2021	01	17
W	Rr	1431	0.145	2021	01	10
W	Rr	1666	0.168	2021	01	03
W	Rr	1926	0.195	2020	12	27
W	Rr	1572	0.159	2020	12	20
W	Rr	1404	0.142	2020	12	13
W	Rr	2272	0.230	2020	12	06
W	Rr	1522	0.154	2020	11	29
W	Rr	1722	0.174	2020	11	22
W	Rr	1580	0.160	2020	11	15
W	Rr	1401	0.142	2020	11	08
W	Rr	1499	0.151	2020	11	01
W	Rr	1470	0.149	2020	10	25
W	Rr	2379	0.240	2020	10	18
W	Rr	1559	0.158	2020	10	11
W	Rr	1729	0.175	2020	10	04
W	Rr	1674	0.169	2020	09	27
W	Rr	1786	0.180	2020	09	20
W	Rr	2200	0.222	2020	09	13
W	Rr	1677	0.169	2020	09	06
W	Rr	1596	0.161	2020	08	30
W	Rr	1833	0.185	2020	08	23
W	Rr	1814	0.183	2020	08	16
W	Rr	2206	0.223	2020	08	09
W	Rr	1397	0.141	2020	08	02
W	Rr	1816	0.183	2020	07	26
W	Rr	1949	0.197	2020	07	19
W	Rr	1532	0.155	2020	07	12
W	Rr	1976	0.200	2020	07	05
W	Rr	1600	0.162	2020	06	28
W	Rr	1627	0.164	2020	06	21
W	Rr	2101	0.212	2020	06	14
W	Rr	1590	0.161	2020	06	07
W	Rr	1492	0.151	2020	05	31
W	Rr	1556	0.157	2020	05	24
W	Rr	1756	0.177	2020	05	17
W	Rr	1568	0.158	2020	05	10
W	Rr	1567	0.158	2020	05	03
W	Rr	1734	0.175	2020	04	26
W	Rr	1675	0.169	2020	04	19
W	Rr	1702	0.172	2020	04	12
W	Rr	1965	0.199	2020	04	05
W	Rr	1329	0.134	2020	03	29
W	Rr	1818	0.184	2020	03	22
W	Rr	1345	0.136	2020	03	15
W	Rr	1581	0.160	2020	03	08
W	Rr	2014	0.203	2020	03	01
W	Rr	1942	0.196	2020	02	23
W	Rr	1748	0.177	2020	02	16
W	Rr	1949	0.197	2020	02	09
W	Rr	1683	0.170	2020	02	02
W	Rr	1436	0.145	2020	01	26
W	Rr	1792	0.181	2020	01	19
W	Rr	1519	0.153	2020	01	12
W	Rr	1420	0.143	2020	01	05
W	Rr	1109	0.112	2019	12	29
W	Rr	1023	0.103	2019	12	22
W	Rr	1584	0.160	2019	12	15
W	Rr	1783	0.180	2019	12	08
W	Rr	1704	0.172	2019	12	01
W	Rr	1178	0.119	2019	11	24
W	Rr	1697	0.171	2019	11	17
W	Rr	1510	0.153	2019	11	10
W	Rr	1383	0.140	2019	11	03
W	Rr	1309	0.132	2019	10	27
W	Rr	1473	0.149	2019	10	20
W	Rr	1519	0.153	2019	10	13
W	Rr	1485	0.150	2019	10	06
W	Rr	1416	0.143	2019	09	29
W	Rr	1499	0.151	2019	09	22
W	Rr	1652	0.167	2019	09	15
W	Rr	1710	0.173	2019	09	08
W	Rr	1485	0.150	2019	09	01
W	Rr	1689	0.171	2019	08	25
W	Rr	1315	0.133	2019	08	18
W	Rr	1619	0.164	2019	08	11
W	Rr	1558	0.157	2019	08	04
W	Rr	1360	0.137	2019	07	28
W	Rr	1191	0.120	2019	07	21
W	Rr	1730	0.175	2019	07	14
W	Rr	1299	0.131	2019	07	07
W	Rr	1339	0.135	2019	06	30
W	Rr	1592	0.161	2019	06	23
W	Rr	1497	0.151	2019	06	16
W	Rr	1450	0.147	2019	06	09
W	Rr	1555	0.157	2019	06	02
W	Rr	1289	0.130	2019	05	26
W	Rr	1863	0.188	2019	05	19
W	Rr	1385	0.140	2019	05	12
W	Rr	1553	0.157	2019	05	05
W	Rr	1655	0.167	2019	04	28
W	Rr	1282	0.130	2019	04	21
W	Rr	1503	0.152	2019	04	14
W	Rr	1623	0.164	2019	04	07
W	Rr	1715	0.173	2019	03	31
W	Rr	1882	0.190	2019	03	24
W	Rr	1464	0.148	2019	03	17
W	Rr	1381	0.140	2019	03	10
W	Rr	1627	0.164	2019	03	03
W	Rr	1773	0.179	2019	02	24
W	Rr	1669	0.169	2019	02	17
W	Rr	1483	0.150	2019	02	10
W	Rr	1391	0.141	2019	02	03
W	Rr	1797	0.182	2019	01	27
W	Rr	1963	0.198	2019	01	20
W	Rr	2029	0.205	2019	01	13
W	Rr	1696	0.171	2019	01	06
W	Rr	1526	0.154	2018	12	30
W	Rr	1226	0.124	2018	12	23
W	Rr	1442	0.146	2018	12	16
W	Rr	1936	0.196	2018	12	09
W	Rr	1809	0.183	2018	12	02
W	Rr	1295	0.131	2018	11	25
W	Rr	1820	0.184	2018	11	18
W	Rr	1802	0.182	2018	11	11
W	Rr	0	0.000	2018	11	04
W	Rr	1473	0.149	2018	10	28
W	Rr	1106	0.112	2018	10	21
W	Rr	1427	0.144	2018	10	14
W	Rr	1214	0.123	2018	10	07
W	Rr	1168	0.118	2018	09	30
W	Rr	1420	0.143	2018	09	23
W	Rr	1197	0.121	2018	09	16
W	Rr	1388	0.140	2018	09	09
W	Rr	1320	0.133	2018	09	02
W	Rr	1246	0.126	2018	08	26
W	Rr	1214	0.123	2018	08	19
W	Rr	1366	0.138	2018	08	12
W	Rr	1195	0.121	2018	08	05
W	Rr	1346	0.136	2018	07	29
W	Rr	1374	0.139	2018	07	22
W	Rr	1508	0.152	2018	07	15
W	Rr	1522	0.154	2018	07	08
W	Rr	909	0.092	2018	07	01
W	Rr	1444	0.146	2018	06	24
W	Rr	2682	0.271	2018	06	17
W	Rr	1365	0.138	2018	06	10
W	Rr	1329	0.134	2018	06	03
W	Rr	1275	0.129	2018	05	27
W	Rr	1392	0.141	2018	05	20
W	Rr	1321	0.133	2018	05	13
W	Rr	1527	0.154	2018	05	06
W	Rr	1517	0.153	2018	04	29
W	Rr	0	0.000	2018	04	22
W	Rr	1364	0.138	2018	04	15
W	Rr	1712	0.173	2018	04	08
W	Rr	0	0.000	2018	04	01
W	Rr	1543	0.156	2018	03	25
W	Rr	1342	0.136	2018	03	18
W	Rr	2429	0.245	2018	03	11
W	Rr	0	0.000	2018	03	04
W	Rr	1366	0.138	2018	02	25
W	Rr	1308	0.132	2018	02	18
W	Rr	1439	0.145	2018	02	11
W	Rr	1731	0.175	2018	02	04
W	Rr	0	0.000	2018	01	28
W	Rr	1434	0.145	2018	01	21
W	Rr	1578	0.159	2018	01	14
W	Rr	1471	0.149	2018	01	07
W	Rr	1246	0.126	2017	12	31
W	Rr	1033	0.104	2017	12	24
W	Rr	1103	0.111	2017	12	17
W	Rr	1406	0.142	2017	12	10
W	Rr	0	0.000	2017	12	03
W	Rr	1335	0.135	2017	11	26
W	Rr	1427	0.144	2017	11	19
W	Rr	1662	0.168	2017	11	12
W	Rr	1414	0.143	2017	11	05
W	Rr	1349	0.136	2017	10	29
W	Rr	1208	0.122	2017	10	22
W	Rr	2013	0.203	2017	10	15
W	Rr	1832	0.185	2017	10	08
W	Rr	0	0.000	2017	10	01
W	Rr	0	0.000	2017	09	24
W	Rr	0	0.000	2017	09	17
W	Rr	0	0.000	2017	09	10
W	Rr	0	0.000	2017	09	03
W	Rr	0	0.000	2017	08	27
W	Rr	0	0.000	2017	08	20
W	Rr	0	0.000	2017	08	13
W	Rr	0	0.000	2017	08	06
W	Rr	0	0.000	2017	07	30
W	Rr	0	0.000	2017	07	23
W	Rr	0	0.000	2017	07	16
W	Rr	0	0.000	2017	07	09
W	Rr	0	0.000	2017	07	02
W	Rr	0	0.000	2017	06	25
W	Rr	0	0.000	2017	06	18
W	Rr	0	0.000	2017	06	11
W	Rr	0	0.000	2017	06	04
W	Rr	25	0.003	2017	05	28
W	Rr	1838	0.186	2017	05	21
W	Rr	1915	0.193	2017	05	14
W	Rr	1676	0.169	2017	05	07
W	Rr	1677	0.169	2017	04	30
W	Rr	2071	0.209	2017	04	23
W	Rr	1978	0.200	2017	04	16
W	Rr	1874	0.189	2017	04	09
W	Rr	3435	0.347	2017	04	02
W	Rr	2619	0.265	2017	03	26
W	Rr	2633	0.266	2017	03	19
W	Rr	2413	0.244	2017	03	12
W	Rr	3092	0.312	2017	03	05
W	Rr	2295	0.232	2017	02	26
W	Rr	2204	0.223	2017	02	19
W	Rr	1869	0.189	2017	02	12
W	Rr	1973	0.199	2017	02	05
W	Rr	1783	0.180	2017	01	29
W	Rr	1768	0.179	2017	01	22
W	Rr	1585	0.160	2017	01	15
W	Rr	1768	0.179	2017	01	08
W	Rr	1740	0.176	2017	01	01
W	Rr	1549	0.157	2016	12	25
W	Rr	2202	0.222	2016	12	18
W	Rr	1812	0.183	2016	12	11
W	Rr	2648	0.268	2016	12	04
W	Rr	2236	0.226	2016	11	27
W	Rr	1321	0.133	2016	11	20
W	Rr	1996	0.202	2016	11	13
W	Rr	1716	0.173	2016	11	06
W	Rr	1564	0.158	2016	10	30
W	Rr	1362	0.138	2016	10	23
W	Rr	1707	0.172	2016	10	16
W	Rr	1696	0.171	2016	10	09
W	Rr	36	0.004	2016	10	02
W	Rr	2002	0.202	2016	09	25
W	Rr	1399	0.141	2016	09	18
W	Rr	1199	0.121	2016	09	11
W	Rr	1326	0.134	2016	09	04
W	Rr	1316	0.133	2016	08	28
W	Rr	1257	0.127	2016	08	21
W	Rr	1208	0.122	2016	08	14
W	Rr	1602	0.162	2016	08	07
W	Rr	1319	0.133	2016	07	31
W	Rr	1796	0.181	2016	07	24
W	Rr	1171	0.118	2016	07	17
W	Rr	1167	0.118	2016	07	10
W	Rr	917	0.093	2016	07	03
W	Rr	920	0.093	2016	06	26
W	Rr	1179	0.119	2016	06	19
W	Rr	1288	0.130	2016	06	12
W	Rr	1237	0.125	2016	06	05
W	Rr	1263	0.128	2016	05	29
W	Rr	1338	0.135	2016	05	22
W	Rr	1184	0.120	2016	05	15
W	Rr	1365	0.138	2016	05	08
W	Rr	974	0.098	2016	05	01
W	Rr	1311	0.132	2016	04	24
W	Rr	1127	0.114	2016	04	17
W	Rr	1248	0.126	2016	04	10
W	Rr	1451	0.147	2016	04	03
W	Rr	987	0.100	2016	03	27
W	Rr	1233	0.125	2016	03	20
W	Rr	1347	0.136	2016	03	13
W	Rr	1347	0.136	2016	03	06
W	Rr	1236	0.125	2016	02	28
W	Rr	1422	0.144	2016	02	21
W	Rr	1085	0.110	2016	02	14
W	Rr	1427	0.144	2016	02	07
W	Rr	1359	0.137	2016	01	31
W	Rr	1708	0.173	2016	01	24
W	Rr	1476	0.149	2016	01	17
W	Rr	1563	0.158	2016	01	10
W	Rr	1381	0.140	2016	01	03
W	Rr	1273	0.129	2015	12	27
W	Rr	1084	0.110	2015	12	20
W	Rr	1344	0.136	2015	12	13
W	Rr	1336	0.135	2015	12	06
W	Rr	1123	0.113	2015	11	29
W	Rr	960	0.097	2015	11	22
W	Rr	1337	0.135	2015	11	15
W	Rr	1400	0.141	2015	11	08
W	Rr	1383	0.140	2015	11	01
W	Rr	1250	0.126	2015	10	25
W	Rr	1366	0.138	2015	10	18
W	Rr	1367	0.138	2015	10	11
W	Rr	1214	0.123	2015	10	04
W	Rr	1152	0.116	2015	09	27
W	Rr	1387	0.140	2015	09	20
W	Rr	1655	0.167	2015	09	13
W	Rr	1526	0.154	2015	09	06
W	Rr	1242	0.125	2015	08	30
W	Rr	1800	0.182	2015	08	23
W	Rr	1527	0.154	2015	08	16
W	Rr	1386	0.140	2015	08	09
W	Rr	1593	0.161	2015	08	02
W	Rr	1567	0.158	2015	07	26
W	Rr	1980	0.200	2015	07	19
W	Rr	2180	0.220	2015	07	12
W	Rr	2008	0.203	2015	07	05
W	Rr	2297	0.232	2015	06	28
W	Rr	1556	0.157	2015	06	21
W	Rr	1380	0.139	2015	06	14
W	Rr	2013	0.203	2015	06	07
W	Rr	1651	0.167	2015	05	31
W	Rr	1224	0.124	2015	05	24
W	Rr	1355	0.137	2015	05	17
W	Rr	1179	0.119	2015	05	10
W	Rr	1436	0.145	2015	05	03
W	Rr	1671	0.169	2015	04	26
W	Rr	1878	0.190	2015	04	19
W	Rr	2326	0.235	2015	04	12
W	Rr	2636	0.266	2015	04	05
W	Rr	2297	0.232	2015	03	29
W	Rr	1237	0.125	2015	03	22
W	Rr	1453	0.147	2015	03	15
W	Rr	1399	0.141	2015	03	08
W	Rr	1287	0.130	2015	03	01
W	Rr	1249	0.126	2015	02	22
W	Rr	1373	0.139	2015	02	15
W	Rr	1790	0.181	2015	02	08
W	Rr	1672	0.169	2015	02	01
W	Rr	1543	0.156	2015	01	25
W	Rr	1463	0.148	2015	01	18
W	Rr	1696	0.171	2015	01	11
W	Rr	1707	0.172	2015	01	04
W	Rr	1833	0.185	2014	12	28
W	Rr	1335	0.135	2014	12	21
W	Rr	1644	0.166	2014	12	14
W	Rr	1541	0.156	2014	12	07
W	Rr	1335	0.135	2014	11	30
W	Rr	1262	0.128	2014	11	23
W	Rr	2009	0.203	2014	11	16
W	Rr	1566	0.158	2014	11	09
W	Rr	1814	0.183	2014	11	02
W	Rr	1452	0.147	2014	10	26
W	Rr	1642	0.166	2014	10	19
W	Rr	1795	0.181	2014	10	12
W	Rr	1836	0.186	2014	10	05
W	Rr	1662	0.168	2014	09	28
W	Rr	1843	0.186	2014	09	21
W	Rr	1678	0.170	2014	09	14
W	Rr	1598	0.161	2014	09	07
W	Rr	1418	0.143	2014	08	31
W	Rr	1584	0.160	2014	08	24
W	Rr	1571	0.159	2014	08	17
W	Rr	1727	0.174	2014	08	10
W	Rr	1927	0.195	2014	08	03
W	Rr	1691	0.171	2014	07	27
W	Rr	1702	0.172	2014	07	20
W	Rr	1624	0.164	2014	07	13
W	Rr	1831	0.185	2014	07	06
W	Rr	1867	0.189	2014	06	29
W	Rr	1927	0.195	2014	06	22
W	Rr	2134	0.216	2014	06	15
W	Rr	4851	0.490	2014	06	08
W	Rr	2293	0.232	2014	06	01
W	Rr	3180	0.321	2014	05	25
W	Rr	1468	0.148	2014	05	18
W	Rr	1808	0.183	2014	05	11
W	Rr	1998	0.202	2014	05	04
W	Rr	1876	0.190	2014	04	27
W	Rr	2330	0.235	2014	04	20
W	Rr	2565	0.259	2014	04	13
W	Rr	2652	0.268	2014	04	06
W	Rr	2574	0.260	2014	03	30
W	Rr	1186	0.120	2014	03	23
W	Rr	1305	0.132	2014	03	16
W	Rr	2273	0.230	2014	03	09
W	Rr	2231	0.225	2014	03	02
W	Rr	1925	0.195	2014	02	23
W	Rr	7060	0.713	2014	02	16
W	Rr	2854	0.288	2014	02	09
W	Rr	3190	0.322	2014	02	02
W	Rr	3743	0.378	2014	01	26
W	Rr	3643	0.368	2014	01	19
W	Rr	2961	0.299	2014	01	12
W	Rr	2319	0.234	2014	01	05
W	Rr	981	0.099	2013	12	29
W	Rr	1108	0.112	2013	12	22
W	Rr	1226	0.124	2013	12	15
W	Rr	1285	0.130	2013	12	08
W	Rr	1289	0.130	2013	12	01
W	Rr	1404	0.142	2013	11	24
W	Rr	1142	0.115	2013	11	17
W	Rr	1334	0.135	2013	11	10
W	Rr	1277	0.129	2013	11	03
W	Rr	1035	0.105	2013	10	27
W	Rr	1309	0.132	2013	10	20
W	Rr	1302	0.132	2013	10	13
W	Rr	1432	0.145	2013	10	06
W	Rr	1178	0.119	2013	09	29
W	Rr	947	0.096	2013	09	22
W	Rr	1254	0.127	2013	09	15
W	Rr	1099	0.111	2013	09	08
W	Rr	1053	0.106	2013	09	01
W	Rr	1010	0.102	2013	08	25
W	Rr	1102	0.111	2013	08	18
W	Rr	1063	0.107	2013	08	11
W	Rr	1105	0.112	2013	08	04
W	Rr	1377	0.139	2013	07	28
W	Rr	1498	0.151	2013	07	21
W	Rr	1295	0.131	2013	07	14
W	Rr	1237	0.125	2013	07	07
W	Rr	1003	0.101	2013	06	30
W	Rr	1275	0.129	2013	06	23
W	Rr	1072	0.108	2013	06	16
W	Rr	1249	0.126	2013	06	09
W	Rr	1521	0.154	2013	06	02
W	Rr	1256	0.127	2013	05	26
W	Rr	1091	0.110	2013	05	19
W	Rr	1359	0.137	2013	05	12
W	Rr	1130	0.114	2013	05	05
W	Rr	1215	0.123	2013	04	28
W	Rr	1368	0.138	2013	04	21
W	Rr	1318	0.133	2013	04	14
W	Rr	1408	0.142	2013	04	07
W	Rr	1277	0.129	2013	03	31
W	Rr	1452	0.147	2013	03	24
W	Rr	1418	0.143	2013	03	17
W	Rr	1217	0.123	2013	03	10
W	Rr	1490	0.151	2013	03	03
W	Rr	1353	0.137	2013	02	24
W	Rr	1268	0.128	2013	02	17
W	Rr	1274	0.129	2013	02	10
W	Rr	1153	0.116	2013	02	03
W	Rr	1266	0.128	2013	01	27
W	Rr	1271	0.128	2013	01	20
W	Rr	1449	0.146	2013	01	13
W	Rr	1253	0.127	2013	01	06
W	Rr	1309	0.132	2012	12	30
W	Rr	1156	0.117	2012	12	23
W	Rr	1336	0.135	2012	12	16
W	Rr	1575	0.159	2012	12	09
W	Rr	1087	0.110	2012	12	02
W	Rr	1376	0.139	2012	11	25
W	Rr	1136	0.115	2012	11	18
W	Rr	1341	0.135	2012	11	11
W	Rr	1418	0.143	2012	11	04
W	Rr	1103	0.111	2012	10	28
W	Rr	1200	0.121	2012	10	21
W	Rr	1382	0.140	2012	10	14
W	Rr	1127	0.114	2012	10	07
W	Rr	1187	0.120	2012	09	30
W	Rr	1172	0.118	2012	09	23
W	Rr	1034	0.104	2012	09	16
W	Rr	944	0.095	2012	09	09
W	Rr	958	0.097	2012	09	02
W	Rr	734	0.074	2012	08	26
W	Rr	881	0.089	2012	08	19
W	Rr	874	0.088	2012	08	12
W	Rr	973	0.098	2012	08	05
W	Rr	1010	0.102	2012	07	29
W	Rr	943	0.095	2012	07	22
W	Rr	1089	0.110	2012	07	15
W	Rr	888	0.090	2012	07	08
W	Rr	845	0.085	2012	07	01
W	Rr	1070	0.108	2012	06	24
W	Rr	1050	0.106	2012	06	17
W	Rr	1271	0.128	2012	06	10
W	Rr	957	0.097	2012	06	03
W	Rr	1249	0.126	2012	05	27
W	Rr	1055	0.107	2012	05	20
W	Rr	1392	0.141	2012	05	13
W	Rr	1140	0.115	2012	05	06
W	Rr	1807	0.183	2012	04	29
W	Rr	1225	0.124	2012	04	22
W	Rr	1264	0.128	2012	04	15
W	Rr	1075	0.109	2012	04	08
W	Rr	1261	0.127	2012	04	01
W	Rr	1345	0.136	2012	03	25
W	Rr	1254	0.127	2012	03	18
W	Rr	1478	0.149	2012	03	11
W	Rr	1503	0.152	2012	03	04
W	Rr	1532	0.155	2012	02	26
W	Rr	1464	0.148	2012	02	19
W	Rr	1154	0.117	2012	02	12
W	Rr	1240	0.125	2012	02	05
W	Rr	1088	0.110	2012	01	29
W	Rr	1125	0.114	2012	01	22
W	Rr	60	0.006	2012	01	15
W	Rr	1472	0.149	2012	01	08
W	Rr	1122	0.113	2012	01	01
W	Rr	888	0.090	2011	12	25
W	Rr	1360	0.137	2011	12	18
W	Rr	1486	0.150	2011	12	11
W	Rr	1330	0.134	2011	12	04
W	Rr	1094	0.111	2011	11	27
W	Rr	1062	0.107	2011	11	20
W	Rr	1123	0.113	2011	11	13
W	Rr	975	0.099	2011	11	06
W	Rr	1264	0.128	2011	10	30
W	Rr	1140	0.115	2011	10	23
W	Rr	1211	0.122	2011	10	16
W	Rr	1236	0.125	2011	10	09
W	Rr	1128	0.114	2011	10	02
W	Rr	1083	0.109	2011	09	25
W	Rr	1451	0.147	2011	09	18
W	Rr	1278	0.129	2011	09	11
W	Rr	1219	0.123	2011	09	04
W	Rr	1316	0.133	2011	08	28
W	Rr	1119	0.113	2011	08	21
W	Rr	1484	0.150	2011	08	14
W	Rr	1671	0.169	2011	08	07
W	Rr	1319	0.133	2011	07	31
W	Rr	1197	0.121	2011	07	24
W	Rr	1504	0.152	2011	07	17
W	Rr	1367	0.138	2011	07	10
W	Rr	1205	0.122	2011	07	03
W	Rr	1333	0.135	2011	06	26
W	Rr	1059	0.107	2011	06	19
W	Rr	1353	0.137	2011	06	12
W	Rr	1275	0.129	2011	06	05
W	Rr	983	0.099	2011	05	29
W	Rr	1262	0.128	2011	05	22
W	Rr	1374	0.139	2011	05	15
W	Rr	1076	0.109	2011	05	08
W	Rr	0	0.000	2011	05	01
W	Rr	0	0.000	2011	04	24
W	Rr	0	0.000	2011	04	17
W	Rr	0	0.000	2011	04	10
W	Rr	0	0.000	2011	04	03
W	Rr	0	0.000	2011	03	27
W	Rr	24	0.002	2011	03	20
W	Rr	1317	0.133	2011	03	13
W	Rr	1258	0.127	2011	03	06
W	Rr	1372	0.139	2011	02	27
W	Rr	1226	0.124	2011	02	20
W	Rr	1524	0.154	2011	02	13
W	Rr	1366	0.138	2011	02	06
W	Rr	958	0.097	2011	01	30
W	Rr	1273	0.129	2011	01	23
W	Rr	1560	0.158	2011	01	16
W	Rr	1472	0.149	2011	01	09
W	Rr	1310	0.132	2011	01	02
W	Rr	798	0.081	2010	12	26
W	Rr	935	0.094	2010	12	19
W	Rr	0	0.000	2010	12	12
W	Rr	0	0.000	2010	12	05
W	Rr	0	0.000	2010	11	28
W	Rr	0	0.000	2010	11	21
W	Rr	0	0.000	2010	11	14
W	Rr	0	0.000	2010	11	07
W	Rr	0	0.000	2010	10	31
W	Rr	0	0.000	2010	10	24
W	Rr	0	0.000	2010	10	17
W	Rr	0	0.000	2010	10	10
W	Rr	0	0.000	2010	10	03
W	Rr	0	0.000	2010	09	26
W	Rr	0	0.000	2010	09	19
W	Rr	0	0.000	2010	09	12
W	Rr	0	0.000	2010	09	05
W	Rr	0	0.000	2010	08	29
W	Rr	0	0.000	2010	08	22
W	Rr	0	0.000	2010	08	15
W	Rr	0	0.000	2010	08	08
W	Rr	0	0.000	2010	08	01
W	Rr	0	0.000	2010	07	25
W	Rr	0	0.000	2010	07	18
W	Rr	0	0.000	2010	07	11
W	Rr	0	0.000	2010	07	04
W	Rr	15	0.002	2010	06	27
W	Rr	914	0.092	2010	06	20
W	Rr	1104	0.112	2010	06	13
W	Rr	1096	0.111	2010	06	06
W	Rr	1171	0.118	2010	05	30
W	Rr	1115	0.113	2010	05	23
W	Rr	1170	0.118	2010	05	16
W	Rr	1334	0.135	2010	05	09
W	Rr	1109	0.112	2010	05	02
W	Rr	1067	0.108	2010	04	25
W	Rr	1212	0.122	2010	04	18
W	Rr	1054	0.106	2010	04	11
W	Rr	1325	0.134	2010	04	04
W	Rr	811	0.082	2010	03	28
W	Rr	1195	0.121	2010	03	21
W	Rr	1338	0.135	2010	03	14
W	Rr	1113	0.112	2010	03	07
W	Rr	1103	0.111	2010	02	28
W	Rr	1290	0.130	2010	02	21
W	Rr	0	0.000	2010	02	14
W	Rr	0	0.000	2010	02	07
W	Rr	0	0.000	2010	01	31
W	Rr	0	0.000	2010	01	24
W	Rr	0	0.000	2010	01	17
W	Rr	0	0.000	2010	01	10
W	Rr	0	0.000	2010	01	03
W	Rr	78	0.008	2009	12	27
W	Rr	945	0.095	2009	12	20
W	Rr	1140	0.115	2009	12	13
W	Rr	1323	0.134	2009	12	06
W	Rr	1518	0.153	2009	11	29
W	Rr	1352	0.137	2009	11	22
W	Rr	1346	0.136	2009	11	15
W	Rr	1416	0.143	2009	11	08
W	Rr	1734	0.175	2009	11	01
W	Rr	1035	0.105	2009	10	25
W	Rr	1297	0.131	2009	10	18
W	Rr	1267	0.128	2009	10	11
W	Rr	1440	0.145	2009	10	04
W	Rr	1521	0.154	2009	09	27
W	Rr	1121	0.113	2009	09	20
W	Rr	875	0.088	2009	09	13
W	Rr	1032	0.104	2009	09	06
W	Rr	1283	0.130	2009	08	30
W	Rr	1214	0.123	2009	08	23
W	Rr	1402	0.142	2009	08	16
W	Rr	1260	0.127	2009	08	09
W	Rr	1404	0.142	2009	08	02
W	Rr	1380	0.139	2009	07	26
W	Rr	1470	0.149	2009	07	19
W	Rr	1750	0.177	2009	07	12
W	Rr	1847	0.187	2009	07	05
W	Rr	1889	0.191	2009	06	28
W	Rr	1312	0.133	2009	06	21
W	Rr	1093	0.110	2009	06	14
W	Rr	1363	0.138	2009	06	07
W	Rr	1251	0.126	2009	05	31
W	Rr	1352	0.137	2009	05	24
W	Rr	1133	0.114	2009	05	17
W	Rr	1887	0.191	2009	05	10
W	Rr	1369	0.138	2009	05	03
W	Rr	1089	0.110	2009	04	26
W	Rr	1160	0.117	2009	04	19
W	Rr	1189	0.120	2009	04	12
W	Rr	1529	0.154	2009	04	05
W	Rr	1155	0.117	2009	03	29
W	Rr	1230	0.124	2009	03	22
W	Rr	1029	0.104	2009	03	15
W	Rr	1234	0.125	2009	03	08
W	Rr	1486	0.150	2009	03	01
W	Rr	1470	0.149	2009	02	22
W	Rr	1198	0.121	2009	02	15
W	Rr	1802	0.182	2009	02	08
W	Rr	1653	0.167	2009	02	01
W	Rr	1346	0.136	2009	01	25
W	Rr	1431	0.145	2009	01	18
W	Rr	1678	0.170	2009	01	11
W	Rr	1591	0.161	2009	01	04
W	Rr	886	0.090	2008	12	28
W	Rr	1148	0.116	2008	12	21
W	Rr	1428	0.144	2008	12	14
W	Rr	1508	0.152	2008	12	07
W	Rr	1194	0.121	2008	11	30
W	Rr	1070	0.108	2008	11	23
W	Rr	1396	0.141	2008	11	16
W	Rr	1255	0.127	2008	11	09
W	Rr	1314	0.133	2008	11	02
W	Rr	1397	0.141	2008	10	26
W	Rr	1638	0.166	2008	10	19
W	Rr	1298	0.131	2008	10	12
W	Rr	430	0.043	2008	10	05
W	Rr	723	0.073	2008	09	28
W	Rr	1308	0.132	2008	09	21
W	Rr	1242	0.125	2008	09	14
W	Rr	1409	0.142	2008	09	07
W	Rr	1142	0.115	2008	08	31
W	Rr	1022	0.103	2008	08	24
W	Rr	1062	0.107	2008	08	17
W	Rr	1188	0.120	2008	08	10
W	Rr	1232	0.124	2008	08	03
W	Rr	1050	0.106	2008	07	27
W	Rr	1272	0.129	2008	07	20
W	Rr	1305	0.132	2008	07	13
W	Rr	1093	0.110	2008	07	06
W	Rr	1182	0.119	2008	06	29
W	Rr	1937	0.196	2008	06	22
W	Rr	1493	0.151	2008	06	15
W	Rr	1083	0.109	2008	06	08
W	Rr	1283	0.130	2008	06	01
W	Rr	1432	0.145	2008	05	25
W	Rr	1726	0.174	2008	05	18
W	Rr	1580	0.160	2008	05	11
W	Rr	2661	0.269	2008	05	04
W	Rr	3648	0.369	2008	04	27
W	Rr	1400	0.141	2008	04	20
W	Rr	1365	0.138	2008	04	13
W	Rr	1213	0.123	2008	04	06
W	Rr	1670	0.169	2008	03	30
W	Rr	1211	0.122	2008	03	23
W	Rr	1144	0.116	2008	03	16
W	Rr	1301	0.131	2008	03	09
W	Rr	1292	0.131	2008	03	02
W	Rr	1427	0.144	2008	02	24
W	Rr	2207	0.223	2008	02	17
W	Rr	1124	0.114	2008	02	10
W	Rr	1561	0.158	2008	02	03
W	Rr	1533	0.155	2008	01	27
W	Rr	1389	0.140	2008	01	20
W	Rr	1133	0.114	2008	01	13
W	Rr	1404	0.142	2008	01	06
W	Rr	976	0.099	2007	12	30
W	Rr	801	0.081	2007	12	23
W	Rr	675	0.068	2007	12	16
W	*BT	R	7060	2014	02	16
D	Rr	194	0.020	2021	10	01
D	Rr	250	0.025	2021	09	30
D	Rr	264	0.027	2021	09	29
D	Rr	251	0.025	2021	09	28
D	Rr	291	0.029	2021	09	27
D	Rr	348	0.035	2021	09	26
D	Rr	0	0.000	2021	09	25
D	Rr	246	0.025	2021	09	24
D	Rr	292	0.030	2021	09	23
D	Rr	378	0.038	2021	09	22
D	Rr	143	0.014	2021	09	21
D	Rr	305	0.031	2021	09	20
D	Rr	282	0.028	2021	09	19
D	Rr	0	0.000	2021	09	18
D	Rr	125	0.013	2021	09	17
D	Rr	263	0.027	2021	09	16
D	Rr	260	0.026	2021	09	15
D	Rr	210	0.021	2021	09	14
D	Rr	202	0.020	2021	09	13
D	Rr	143	0.014	2021	09	12
D	Rr	0	0.000	2021	09	11
D	Rr	154	0.016	2021	09	10
D	Rr	208	0.021	2021	09	09
D	Rr	186	0.019	2021	09	08
D	Rr	176	0.018	2021	09	07
D	Rr	128	0.013	2021	09	06
D	Rr	254	0.026	2021	09	05
D	Rr	0	0.000	2021	09	04
D	Rr	275	0.028	2021	09	03
D	Rr	273	0.028	2021	09	02
D	Rr	152	0.015	2021	09	01
D	Rr	296	0.030	2021	08	31
D	Rr	254	0.026	2021	08	30
D	Rr	133	0.013	2021	08	29
D	Rr	0	0.000	2021	08	28
D	Rr	206	0.021	2021	08	27
D	Rr	275	0.028	2021	08	26
D	Rr	262	0.026	2021	08	25
D	Rr	298	0.030	2021	08	24
D	Rr	392	0.040	2021	08	23
D	Rr	252	0.025	2021	08	22
D	Rr	0	0.000	2021	08	21
D	*BT	R	2131	2008	05	03
d	Rr	118638	11.987	Sun
d	Rr	159198	16.085	Mon
d	Rr	161805	16.349	Tue
d	Rr	159684	16.135	Wed
d	Rr	160874	16.255	Thu
d	Rr	152481	15.407	Fri
d	Rr	77024	7.783	Sat
H	Rr	23	0.002	2021	10	01	23
H	Rr	5	0.001	2021	10	01	22
H	Rr	1	0.000	2021	10	01	21
H	Rr	7	0.001	2021	10	01	20
H	Rr	25	0.003	2021	10	01	19
H	Rr	5	0.001	2021	10	01	18
H	Rr	16	0.002	2021	10	01	17
H	Rr	23	0.002	2021	10	01	16
H	Rr	5	0.001	2021	10	01	15
H	Rr	1	0.000	2021	10	01	14
H	Rr	2	0.000	2021	10	01	13
H	Rr	11	0.001	2021	10	01	12
H	Rr	2	0.000	2021	10	01	11
H	Rr	2	0.000	2021	10	01	10
H	Rr	2	0.000	2021	10	01	09
H	Rr	2	0.000	2021	10	01	08
H	Rr	1	0.000	2021	10	01	07
H	Rr	7	0.001	2021	10	01	06
H	Rr	4	0.000	2021	10	01	05
H	Rr	21	0.002	2021	10	01	04
H	Rr	11	0.001	2021	10	01	03
H	Rr	6	0.001	2021	10	01	02
H	Rr	11	0.001	2021	10	01	01
H	Rr	1	0.000	2021	10	01	00
H	Rr	22	0.002	2021	09	30	23
H	Rr	16	0.002	2021	09	30	22
H	Rr	3	0.000	2021	09	30	21
H	Rr	6	0.001	2021	09	30	20
H	Rr	47	0.005	2021	09	30	19
H	Rr	29	0.003	2021	09	30	18
H	Rr	4	0.000	2021	09	30	17
H	Rr	8	0.001	2021	09	30	16
H	Rr	27	0.003	2021	09	30	15
H	Rr	3	0.000	2021	09	30	14
H	Rr	5	0.001	2021	09	30	13
H	Rr	3	0.000	2021	09	30	12
H	Rr	2	0.000	2021	09	30	11
H	Rr	5	0.001	2021	09	30	10
H	Rr	26	0.003	2021	09	30	09
H	Rr	1	0.000	2021	09	30	08
H	Rr	8	0.001	2021	09	30	07
H	Rr	3	0.000	2021	09	30	06
H	Rr	13	0.001	2021	09	30	05
H	Rr	2	0.000	2021	09	30	04
H	Rr	12	0.001	2021	09	30	03
H	Rr	2	0.000	2021	09	30	02
H	Rr	2	0.000	2021	09	30	01
H	Rr	1	0.000	2021	09	30	00
H	Rr	4	0.000	2021	09	29	23
H	Rr	42	0.004	2021	09	29	22
H	Rr	2	0.000	2021	09	29	21
H	Rr	54	0.005	2021	09	29	20
H	Rr	15	0.002	2021	09	29	19
H	Rr	2	0.000	2021	09	29	18
H	Rr	2	0.000	2021	09	29	17
H	Rr	5	0.001	2021	09	29	16
H	Rr	21	0.002	2021	09	29	15
H	Rr	5	0.001	2021	09	29	14
H	Rr	1	0.000	2021	09	29	13
H	Rr	48	0.005	2021	09	29	12
H	Rr	2	0.000	2021	09	29	11
H	Rr	8	0.001	2021	09	29	10
H	Rr	3	0.000	2021	09	29	09
H	Rr	1	0.000	2021	09	29	08
H	Rr	9	0.001	2021	09	29	07
H	Rr	26	0.003	2021	09	29	06
H	Rr	2	0.000	2021	09	29	05
H	Rr	2	0.000	2021	09	29	04
H	Rr	4	0.000	2021	09	29	03
H	Rr	1	0.000	2021	09	29	02
H	Rr	1	0.000	2021	09	29	01
H	Rr	4	0.000	2021	09	29	00
H	*BT	R	750	2020	12	11	23
h	Rr	38752	3.916	00
h	Rr	37966	3.836	01
h	Rr	38779	3.918	02
h	Rr	38033	3.843	03
h	Rr	37057	3.744	04
h	Rr	35048	3.541	05
h	Rr	34573	3.493	06
h	Rr	34171	3.453	07
h	Rr	32921	3.326	08
h	Rr	31412	3.174	09
h	Rr	31193	3.152	10
h	Rr	34938	3.530	11
h	Rr	35229	3.560	12
h	Rr	37221	3.761	13
h	Rr	43267	4.372	14
h	Rr	48812	4.932	15
h	Rr	52168	5.271	16
h	Rr	52203	5.275	17
h	Rr	53330	5.388	18
h	Rr	52702	5.325	19
h	Rr	52468	5.301	20
h	Rr	49305	4.982	21
h	Rr	45315	4.579	22
h	Rr	42841	4.329	23
4	Rr	2	0.000	2021	10	01	23	45
4	Rr	19	0.002	2021	10	01	23	30
4	Rr	2	0.000	2021	10	01	23	15
4	Rr	0	0.000	2021	10	01	23	00
4	Rr	2	0.000	2021	10	01	22	45
4	Rr	0	0.000	2021	10	01	22	30
4	Rr	0	0.000	2021	10	01	22	15
4	Rr	3	0.000	2021	10	01	22	00
4	Rr	0	0.000	2021	10	01	21	45
4	Rr	0	0.000	2021	10	01	21	30
4	Rr	0	0.000	2021	10	01	21	15
4	Rr	1	0.000	2021	10	01	21	00
4	Rr	0	0.000	2021	10	01	20	45
4	Rr	4	0.000	2021	10	01	20	30
4	Rr	3	0.000	2021	10	01	20	15
4	Rr	0	0.000	2021	10	01	20	00
4	Rr	0	0.000	2021	10	01	19	45
4	Rr	0	0.000	2021	10	01	19	30
4	Rr	1	0.000	2021	10	01	19	15
4	Rr	24	0.002	2021	10	01	19	00
4	Rr	2	0.000	2021	10	01	18	45
4	Rr	2	0.000	2021	10	01	18	30
4	Rr	1	0.000	2021	10	01	18	15
4	Rr	0	0.000	2021	10	01	18	00
4	Rr	0	0.000	2021	10	01	17	45
4	Rr	13	0.001	2021	10	01	17	30
4	Rr	2	0.000	2021	10	01	17	15
4	Rr	1	0.000	2021	10	01	17	00
4	Rr	0	0.000	2021	10	01	16	45
4	Rr	2	0.000	2021	10	01	16	30
4	Rr	20	0.002	2021	10	01	16	15
4	Rr	1	0.000	2021	10	01	16	00
4	Rr	2	0.000	2021	10	01	15	45
4	Rr	2	0.000	2021	10	01	15	30
4	Rr	1	0.000	2021	10	01	15	15
4	Rr	0	0.000	2021	10	01	15	00
4	Rr	0	0.000	2021	10	01	14	45
4	Rr	0	0.000	2021	10	01	14	30
4	Rr	1	0.000	2021	10	01	14	15
4	Rr	0	0.000	2021	10	01	14	00
4	Rr	0	0.000	2021	10	01	13	45
4	Rr	0	0.000	2021	10	01	13	30
4	Rr	1	0.000	2021	10	01	13	15
4	Rr	1	0.000	2021	10	01	13	00
4	Rr	1	0.000	2021	10	01	12	45
4	Rr	0	0.000	2021	10	01	12	30
4	Rr	4	0.000	2021	10	01	12	15
4	Rr	6	0.001	2021	10	01	12	00
4	Rr	0	0.000	2021	10	01	11	45
4	Rr	1	0.000	2021	10	01	11	30
4	Rr	0	0.000	2021	10	01	11	15
4	Rr	1	0.000	2021	10	01	11	00
4	Rr	0	0.000	2021	10	01	10	45
4	Rr	0	0.000	2021	10	01	10	30
4	Rr	2	0.000	2021	10	01	10	15
4	Rr	0	0.000	2021	10	01	10	00
4	Rr	0	0.000	2021	10	01	09	45
4	Rr	1	0.000	2021	10	01	09	30
4	Rr	0	0.000	2021	10	01	09	15
4	Rr	1	0.000	2021	10	01	09	00
4	Rr	1	0.000	2021	10	01	08	45
4	Rr	1	0.000	2021	10	01	08	30
4	Rr	0	0.000	2021	10	01	08	15
4	Rr	0	0.000	2021	10	01	08	00
4	Rr	0	0.000	2021	10	01	07	45
4	Rr	1	0.000	2021	10	01	07	30
4	Rr	0	0.000	2021	10	01	07	15
4	Rr	0	0.000	2021	10	01	07	00
4	Rr	6	0.001	2021	10	01	06	45
4	Rr	0	0.000	2021	10	01	06	30
4	Rr	1	0.000	2021	10	01	06	15
4	Rr	0	0.000	2021	10	01	06	00
4	Rr	1	0.000	2021	10	01	05	45
4	Rr	1	0.000	2021	10	01	05	30
4	Rr	0	0.000	2021	10	01	05	15
4	Rr	2	0.000	2021	10	01	05	00
4	Rr	21	0.002	2021	10	01	04	45
4	Rr	0	0.000	2021	10	01	04	30
4	Rr	0	0.000	2021	10	01	04	15
4	Rr	0	0.000	2021	10	01	04	00
4	Rr	1	0.000	2021	10	01	03	45
4	Rr	7	0.001	2021	10	01	03	30
4	Rr	1	0.000	2021	10	01	03	15
4	Rr	2	0.000	2021	10	01	03	00
4	Rr	1	0.000	2021	10	01	02	45
4	Rr	5	0.001	2021	10	01	02	30
4	Rr	0	0.000	2021	10	01	02	15
4	Rr	0	0.000	2021	10	01	02	00
4	Rr	6	0.001	2021	10	01	01	45
4	Rr	4	0.000	2021	10	01	01	30
4	Rr	1	0.000	2021	10	01	01	15
4	Rr	0	0.000	2021	10	01	01	00
4	Rr	1	0.000	2021	10	01	00	45
4	Rr	0	0.000	2021	10	01	00	30
4	Rr	0	0.000	2021	10	01	00	15
4	Rr	0	0.000	2021	10	01	00	00
4	*BT	R	744	2021	04	12	15	00
6	Rr	9601	0.970	00	00
6	Rr	9664	0.976	00	15
6	Rr	9548	0.965	00	30
6	Rr	9939	1.004	00	45
6	Rr	9332	0.943	01	00
6	Rr	9557	0.966	01	15
6	Rr	9574	0.967	01	30
6	Rr	9503	0.960	01	45
6	Rr	9233	0.933	02	00
6	Rr	10152	1.026	02	15
6	Rr	9878	0.998	02	30
6	Rr	9516	0.961	02	45
6	Rr	9178	0.927	03	00
6	Rr	8915	0.901	03	15
6	Rr	9342	0.944	03	30
6	Rr	10598	1.071	03	45
6	Rr	9254	0.935	04	00
6	Rr	9840	0.994	04	15
6	Rr	8670	0.876	04	30
6	Rr	9293	0.939	04	45
6	Rr	8529	0.862	05	00
6	Rr	9280	0.938	05	15
6	Rr	8944	0.904	05	30
6	Rr	8295	0.838	05	45
6	Rr	9398	0.950	06	00
6	Rr	8554	0.864	06	15
6	Rr	8580	0.867	06	30
6	Rr	8041	0.812	06	45
6	Rr	8622	0.871	07	00
6	Rr	8916	0.901	07	15
6	Rr	8821	0.891	07	30
6	Rr	7812	0.789	07	45
6	Rr	8416	0.850	08	00
6	Rr	8096	0.818	08	15
6	Rr	8710	0.880	08	30
6	Rr	7699	0.778	08	45
6	Rr	7993	0.808	09	00
6	Rr	8107	0.819	09	15
6	Rr	7855	0.794	09	30
6	Rr	7457	0.753	09	45
6	Rr	7618	0.770	10	00
6	Rr	7633	0.771	10	15
6	Rr	7749	0.783	10	30
6	Rr	8193	0.828	10	45
6	Rr	9729	0.983	11	00
6	Rr	8335	0.842	11	15
6	Rr	8377	0.846	11	30
6	Rr	8497	0.859	11	45
6	Rr	9749	0.985	12	00
6	Rr	8280	0.837	12	15
6	Rr	8497	0.859	12	30
6	Rr	8703	0.879	12	45
6	Rr	9180	0.928	13	00
6	Rr	9139	0.923	13	15
6	Rr	9763	0.986	13	30
6	Rr	9139	0.923	13	45
6	Rr	10356	1.046	14	00
6	Rr	10909	1.102	14	15
6	Rr	10963	1.108	14	30
6	Rr	11039	1.115	14	45
6	Rr	12050	1.218	15	00
6	Rr	11569	1.169	15	15
6	Rr	12351	1.248	15	30
6	Rr	12842	1.298	15	45
6	Rr	12815	1.295	16	00
6	Rr	12713	1.285	16	15
6	Rr	13232	1.337	16	30
6	Rr	13408	1.355	16	45
6	Rr	13171	1.331	17	00
6	Rr	12922	1.306	17	15
6	Rr	13367	1.351	17	30
6	Rr	12743	1.288	17	45
6	Rr	12847	1.298	18	00
6	Rr	13485	1.363	18	15
6	Rr	13499	1.364	18	30
6	Rr	13499	1.364	18	45
6	Rr	14245	1.439	19	00
6	Rr	12661	1.279	19	15
6	Rr	12957	1.309	19	30
6	Rr	12839	1.297	19	45
6	Rr	13536	1.368	20	00
6	Rr	13092	1.323	20	15
6	Rr	12440	1.257	20	30
6	Rr	13400	1.354	20	45
6	Rr	13226	1.336	21	00
6	Rr	12183	1.231	21	15
6	Rr	11810	1.193	21	30
6	Rr	12086	1.221	21	45
6	Rr	11506	1.163	22	00
6	Rr	11493	1.161	22	15
6	Rr	11272	1.139	22	30
6	Rr	11044	1.116	22	45
6	Rr	11384	1.150	23	00
6	Rr	11526	1.165	23	15
6	Rr	10188	1.029	23	30
6	Rr	9743	0.984	23	45
5	Rr	1	0.000	2021	10	01	23	50
5	Rr	1	0.000	2021	10	01	23	45
5	Rr	0	0.000	2021	10	01	23	40
5	Rr	19	0.002	2021	10	01	23	35
5	Rr	0	0.000	2021	10	01	23	30
5	Rr	2	0.000	2021	10	01	23	25
5	Rr	0	0.000	2021	10	01	23	20
5	Rr	0	0.000	2021	10	01	23	15
5	Rr	0	0.000	2021	10	01	23	10
5	Rr	0	0.000	2021	10	01	23	05
5	Rr	0	0.000	2021	10	01	23	00
5	Rr	0	0.000	2021	10	01	22	55
5	Rr	1	0.000	2021	10	01	22	50
5	Rr	1	0.000	2021	10	01	22	45
5	Rr	0	0.000	2021	10	01	22	40
5	Rr	0	0.000	2021	10	01	22	35
5	Rr	0	0.000	2021	10	01	22	30
5	Rr	0	0.000	2021	10	01	22	25
5	Rr	0	0.000	2021	10	01	22	20
5	Rr	0	0.000	2021	10	01	22	15
5	Rr	0	0.000	2021	10	01	22	10
5	Rr	3	0.000	2021	10	01	22	05
5	Rr	0	0.000	2021	10	01	22	00
5	Rr	0	0.000	2021	10	01	21	55
5	Rr	0	0.000	2021	10	01	21	50
5	Rr	0	0.000	2021	10	01	21	45
5	Rr	0	0.000	2021	10	01	21	40
5	Rr	0	0.000	2021	10	01	21	35
5	Rr	0	0.000	2021	10	01	21	30
5	Rr	0	0.000	2021	10	01	21	25
5	Rr	0	0.000	2021	10	01	21	20
5	Rr	0	0.000	2021	10	01	21	15
5	Rr	0	0.000	2021	10	01	21	10
5	Rr	1	0.000	2021	10	01	21	05
5	Rr	0	0.000	2021	10	01	21	00
5	Rr	0	0.000	2021	10	01	20	55
5	Rr	0	0.000	2021	10	01	20	50
5	Rr	0	0.000	2021	10	01	20	45
5	Rr	0	0.000	2021	10	01	20	40
5	Rr	4	0.000	2021	10	01	20	35
5	Rr	0	0.000	2021	10	01	20	30
5	Rr	0	0.000	2021	10	01	20	25
5	Rr	2	0.000	2021	10	01	20	20
5	Rr	1	0.000	2021	10	01	20	15
5	Rr	0	0.000	2021	10	01	20	10
5	Rr	0	0.000	2021	10	01	20	05
5	Rr	0	0.000	2021	10	01	20	00
5	Rr	0	0.000	2021	10	01	19	55
5	Rr	0	0.000	2021	10	01	19	50
5	Rr	0	0.000	2021	10	01	19	45
5	Rr	0	0.000	2021	10	01	19	40
5	Rr	0	0.000	2021	10	01	19	35
5	Rr	0	0.000	2021	10	01	19	30
5	Rr	1	0.000	2021	10	01	19	25
5	Rr	0	0.000	2021	10	01	19	20
5	Rr	0	0.000	2021	10	01	19	15
5	Rr	24	0.002	2021	10	01	19	10
5	Rr	0	0.000	2021	10	01	19	05
5	Rr	0	0.000	2021	10	01	19	00
5	Rr	0	0.000	2021	10	01	18	55
5	Rr	0	0.000	2021	10	01	18	50
5	Rr	2	0.000	2021	10	01	18	45
5	Rr	1	0.000	2021	10	01	18	40
5	Rr	1	0.000	2021	10	01	18	35
5	Rr	0	0.000	2021	10	01	18	30
5	Rr	0	0.000	2021	10	01	18	25
5	Rr	0	0.000	2021	10	01	18	20
5	Rr	1	0.000	2021	10	01	18	15
5	Rr	0	0.000	2021	10	01	18	10
5	Rr	0	0.000	2021	10	01	18	05
5	Rr	0	0.000	2021	10	01	18	00
5	Rr	0	0.000	2021	10	01	17	55
5	Rr	0	0.000	2021	10	01	17	50
5	Rr	0	0.000	2021	10	01	17	45
5	Rr	0	0.000	2021	10	01	17	40
5	Rr	13	0.001	2021	10	01	17	35
5	Rr	0	0.000	2021	10	01	17	30
5	Rr	2	0.000	2021	10	01	17	25
5	Rr	0	0.000	2021	10	01	17	20
5	Rr	0	0.000	2021	10	01	17	15
5	Rr	1	0.000	2021	10	01	17	10
5	Rr	0	0.000	2021	10	01	17	05
5	Rr	0	0.000	2021	10	01	17	00
5	Rr	0	0.000	2021	10	01	16	55
5	Rr	0	0.000	2021	10	01	16	50
5	Rr	0	0.000	2021	10	01	16	45
5	Rr	0	0.000	2021	10	01	16	40
5	Rr	0	0.000	2021	10	01	16	35
5	Rr	2	0.000	2021	10	01	16	30
5	Rr	11	0.001	2021	10	01	16	25
5	Rr	9	0.001	2021	10	01	16	20
5	Rr	0	0.000	2021	10	01	16	15
5	Rr	1	0.000	2021	10	01	16	10
5	Rr	0	0.000	2021	10	01	16	05
5	Rr	0	0.000	2021	10	01	16	00
5	Rr	0	0.000	2021	10	01	15	55
5	Rr	1	0.000	2021	10	01	15	50
5	Rr	1	0.000	2021	10	01	15	45
5	Rr	1	0.000	2021	10	01	15	40
5	Rr	0	0.000	2021	10	01	15	35
5	Rr	1	0.000	2021	10	01	15	30
5	Rr	0	0.000	2021	10	01	15	25
5	Rr	0	0.000	2021	10	01	15	20
5	Rr	1	0.000	2021	10	01	15	15
5	Rr	0	0.000	2021	10	01	15	10
5	Rr	0	0.000	2021	10	01	15	05
5	Rr	0	0.000	2021	10	01	15	00
5	Rr	0	0.000	2021	10	01	14	55
5	Rr	0	0.000	2021	10	01	14	50
5	Rr	0	0.000	2021	10	01	14	45
5	Rr	0	0.000	2021	10	01	14	40
5	Rr	0	0.000	2021	10	01	14	35
5	Rr	0	0.000	2021	10	01	14	30
5	Rr	1	0.000	2021	10	01	14	25
5	Rr	0	0.000	2021	10	01	14	20
5	Rr	0	0.000	2021	10	01	14	15
5	Rr	0	0.000	2021	10	01	14	10
5	Rr	0	0.000	2021	10	01	14	05
5	Rr	0	0.000	2021	10	01	14	00
5	Rr	0	0.000	2021	10	01	13	55
5	Rr	0	0.000	2021	10	01	13	50
5	Rr	0	0.000	2021	10	01	13	45
5	Rr	0	0.000	2021	10	01	13	40
5	Rr	0	0.000	2021	10	01	13	35
5	Rr	0	0.000	2021	10	01	13	30
5	Rr	1	0.000	2021	10	01	13	25
5	Rr	0	0.000	2021	10	01	13	20
5	Rr	0	0.000	2021	10	01	13	15
5	Rr	0	0.000	2021	10	01	13	10
5	Rr	1	0.000	2021	10	01	13	05
5	Rr	0	0.000	2021	10	01	13	00
5	Rr	0	0.000	2021	10	01	12	55
5	Rr	1	0.000	2021	10	01	12	50
5	Rr	0	0.000	2021	10	01	12	45
5	Rr	0	0.000	2021	10	01	12	40
5	Rr	0	0.000	2021	10	01	12	35
5	Rr	0	0.000	2021	10	01	12	30
5	Rr	4	0.000	2021	10	01	12	25
5	Rr	0	0.000	2021	10	01	12	20
5	Rr	0	0.000	2021	10	01	12	15
5	Rr	2	0.000	2021	10	01	12	10
5	Rr	0	0.000	2021	10	01	12	05
5	Rr	4	0.000	2021	10	01	12	00
5	Rr	0	0.000	2021	10	01	11	55
5	Rr	0	0.000	2021	10	01	11	50
5	Rr	0	0.000	2021	10	01	11	45
5	Rr	0	0.000	2021	10	01	11	40
5	Rr	0	0.000	2021	10	01	11	35
5	Rr	1	0.000	2021	10	01	11	30
5	Rr	0	0.000	2021	10	01	11	25
5	Rr	0	0.000	2021	10	01	11	20
5	Rr	0	0.000	2021	10	01	11	15
5	Rr	0	0.000	2021	10	01	11	10
5	Rr	0	0.000	2021	10	01	11	05
5	Rr	1	0.000	2021	10	01	11	00
5	Rr	0	0.000	2021	10	01	10	55
5	Rr	0	0.000	2021	10	01	10	50
5	Rr	0	0.000	2021	10	01	10	45
5	Rr	0	0.000	2021	10	01	10	40
5	Rr	0	0.000	2021	10	01	10	35
5	Rr	0	0.000	2021	10	01	10	30
5	Rr	2	0.000	2021	10	01	10	25
5	Rr	0	0.000	2021	10	01	10	20
5	Rr	0	0.000	2021	10	01	10	15
5	Rr	0	0.000	2021	10	01	10	10
5	Rr	0	0.000	2021	10	01	10	05
5	Rr	0	0.000	2021	10	01	10	00
5	Rr	0	0.000	2021	10	01	09	55
5	Rr	0	0.000	2021	10	01	09	50
5	Rr	0	0.000	2021	10	01	09	45
5	Rr	1	0.000	2021	10	01	09	40
5	Rr	0	0.000	2021	10	01	09	35
5	Rr	0	0.000	2021	10	01	09	30
5	Rr	0	0.000	2021	10	01	09	25
5	Rr	0	0.000	2021	10	01	09	20
5	Rr	0	0.000	2021	10	01	09	15
5	Rr	1	0.000	2021	10	01	09	10
5	Rr	0	0.000	2021	10	01	09	05
5	Rr	0	0.000	2021	10	01	09	00
5	Rr	1	0.000	2021	10	01	08	55
5	Rr	0	0.000	2021	10	01	08	50
5	Rr	0	0.000	2021	10	01	08	45
5	Rr	0	0.000	2021	10	01	08	40
5	Rr	1	0.000	2021	10	01	08	35
5	Rr	0	0.000	2021	10	01	08	30
5	Rr	0	0.000	2021	10	01	08	25
5	Rr	0	0.000	2021	10	01	08	20
5	Rr	0	0.000	2021	10	01	08	15
5	Rr	0	0.000	2021	10	01	08	10
5	Rr	0	0.000	2021	10	01	08	05
5	Rr	0	0.000	2021	10	01	08	00
5	Rr	0	0.000	2021	10	01	07	55
5	Rr	0	0.000	2021	10	01	07	50
5	Rr	0	0.000	2021	10	01	07	45
5	Rr	0	0.000	2021	10	01	07	40
5	Rr	1	0.000	2021	10	01	07	35
5	Rr	0	0.000	2021	10	01	07	30
5	Rr	0	0.000	2021	10	01	07	25
5	Rr	0	0.000	2021	10	01	07	20
5	Rr	0	0.000	2021	10	01	07	15
5	Rr	0	0.000	2021	10	01	07	10
5	Rr	0	0.000	2021	10	01	07	05
5	Rr	0	0.000	2021	10	01	07	00
5	Rr	3	0.000	2021	10	01	06	55
5	Rr	2	0.000	2021	10	01	06	50
5	Rr	1	0.000	2021	10	01	06	45
5	Rr	0	0.000	2021	10	01	06	40
5	Rr	0	0.000	2021	10	01	06	35
5	Rr	0	0.000	2021	10	01	06	30
5	Rr	0	0.000	2021	10	01	06	25
5	Rr	0	0.000	2021	10	01	06	20
5	Rr	1	0.000	2021	10	01	06	15
5	Rr	0	0.000	2021	10	01	06	10
5	Rr	0	0.000	2021	10	01	06	05
5	Rr	0	0.000	2021	10	01	06	00
5	Rr	0	0.000	2021	10	01	05	55
5	Rr	1	0.000	2021	10	01	05	50
5	Rr	0	0.000	2021	10	01	05	45
5	Rr	0	0.000	2021	10	01	05	40
5	Rr	0	0.000	2021	10	01	05	35
5	Rr	1	0.000	2021	10	01	05	30
5	Rr	0	0.000	2021	10	01	05	25
5	Rr	0	0.000	2021	10	01	05	20
5	Rr	0	0.000	2021	10	01	05	15
5	Rr	1	0.000	2021	10	01	05	10
5	Rr	0	0.000	2021	10	01	05	05
5	Rr	1	0.000	2021	10	01	05	00
5	Rr	1	0.000	2021	10	01	04	55
5	Rr	0	0.000	2021	10	01	04	50
5	Rr	20	0.002	2021	10	01	04	45
5	Rr	0	0.000	2021	10	01	04	40
5	Rr	0	0.000	2021	10	01	04	35
5	Rr	0	0.000	2021	10	01	04	30
5	Rr	0	0.000	2021	10	01	04	25
5	Rr	0	0.000	2021	10	01	04	20
5	Rr	0	0.000	2021	10	01	04	15
5	Rr	0	0.000	2021	10	01	04	10
5	Rr	0	0.000	2021	10	01	04	05
5	Rr	0	0.000	2021	10	01	04	00
5	Rr	0	0.000	2021	10	01	03	55
5	Rr	1	0.000	2021	10	01	03	50
5	Rr	0	0.000	2021	10	01	03	45
5	Rr	3	0.000	2021	10	01	03	40
5	Rr	3	0.000	2021	10	01	03	35
5	Rr	1	0.000	2021	10	01	03	30
5	Rr	1	0.000	2021	10	01	03	25
5	Rr	0	0.000	2021	10	01	03	20
5	Rr	0	0.000	2021	10	01	03	15
5	Rr	0	0.000	2021	10	01	03	10
5	Rr	2	0.000	2021	10	01	03	05
5	Rr	0	0.000	2021	10	01	03	00
5	Rr	1	0.000	2021	10	01	02	55
5	Rr	0	0.000	2021	10	01	02	50
5	Rr	0	0.000	2021	10	01	02	45
5	Rr	2	0.000	2021	10	01	02	40
5	Rr	2	0.000	2021	10	01	02	35
5	Rr	1	0.000	2021	10	01	02	30
5	Rr	0	0.000	2021	10	01	02	25
5	Rr	0	0.000	2021	10	01	02	20
5	Rr	0	0.000	2021	10	01	02	15
5	Rr	0	0.000	2021	10	01	02	10
5	Rr	0	0.000	2021	10	01	02	05
5	Rr	0	0.000	2021	10	01	02	00
5	Rr	5	0.001	2021	10	01	01	55
5	Rr	1	0.000	2021	10	01	01	50
5	Rr	0	0.000	2021	10	01	01	45
5	Rr	1	0.000	2021	10	01	01	40
5	Rr	0	0.000	2021	10	01	01	35
5	Rr	3	0.000	2021	10	01	01	30
5	Rr	0	0.000	2021	10	01	01	25
5	Rr	0	0.000	2021	10	01	01	20
5	Rr	1	0.000	2021	10	01	01	15
5	Rr	0	0.000	2021	10	01	01	10
5	Rr	0	0.000	2021	10	01	01	05
5	Rr	0	0.000	2021	10	01	01	00
5	Rr	1	0.000	2021	10	01	00	55
5	Rr	0	0.000	2021	10	01	00	50
5	Rr	0	0.000	2021	10	01	00	45
5	Rr	0	0.000	2021	10	01	00	40
5	Rr	0	0.000	2021	10	01	00	35
5	Rr	0	0.000	2021	10	01	00	30
5	Rr	0	0.000	2021	10	01	00	25
5	Rr	0	0.000	2021	10	01	00	20
5	Rr	0	0.000	2021	10	01	00	15
5	Rr	0	0.000	2021	10	01	00	10
5	Rr	0	0.000	2021	10	01	00	05
5	Rr	0	0.000	2021	10	01	00	00
5	Rr	0	0.000	2021	09	30	23	55
5	*BT	R	715	2020	12	11	23	20
7	Rr	3028	0.306	00	00
7	Rr	3492	0.353	00	05
7	Rr	3081	0.311	00	10
7	Rr	2694	0.272	00	15
7	Rr	3262	0.330	00	20
7	Rr	3708	0.375	00	25
7	Rr	3133	0.317	00	30
7	Rr	3151	0.318	00	35
7	Rr	3264	0.330	00	40
7	Rr	3335	0.337	00	45
7	Rr	3561	0.360	00	50
7	Rr	3043	0.307	00	55
7	Rr	2896	0.293	01	00
7	Rr	3160	0.319	01	05
7	Rr	3276	0.331	01	10
7	Rr	3206	0.324	01	15
7	Rr	3332	0.337	01	20
7	Rr	3019	0.305	01	25
7	Rr	3055	0.309	01	30
7	Rr	3280	0.331	01	35
7	Rr	3239	0.327	01	40
7	Rr	3094	0.313	01	45
7	Rr	3027	0.306	01	50
7	Rr	3382	0.342	01	55
7	Rr	3057	0.309	02	00
7	Rr	3124	0.316	02	05
7	Rr	3052	0.308	02	10
7	Rr	3578	0.362	02	15
7	Rr	3265	0.330	02	20
7	Rr	3309	0.334	02	25
7	Rr	3235	0.327	02	30
7	Rr	3523	0.356	02	35
7	Rr	3120	0.315	02	40
7	Rr	3124	0.316	02	45
7	Rr	2892	0.292	02	50
7	Rr	3500	0.354	02	55
7	Rr	3138	0.317	03	00
7	Rr	3005	0.304	03	05
7	Rr	3035	0.307	03	10
7	Rr	3164	0.320	03	15
7	Rr	2876	0.291	03	20
7	Rr	2875	0.290	03	25
7	Rr	3004	0.304	03	30
7	Rr	3207	0.324	03	35
7	Rr	3131	0.316	03	40
7	Rr	3452	0.349	03	45
7	Rr	3953	0.399	03	50
7	Rr	3193	0.323	03	55
7	Rr	3037	0.307	04	00
7	Rr	3048	0.308	04	05
7	Rr	3169	0.320	04	10
7	Rr	3277	0.331	04	15
7	Rr	3436	0.347	04	20
7	Rr	3127	0.316	04	25
7	Rr	3002	0.303	04	30
7	Rr	2833	0.286	04	35
7	Rr	2835	0.286	04	40
7	Rr	3390	0.343	04	45
7	Rr	2954	0.298	04	50
7	Rr	2949	0.298	04	55
7	Rr	2723	0.275	05	00
7	Rr	2681	0.271	05	05
7	Rr	3125	0.316	05	10
7	Rr	3069	0.310	05	15
7	Rr	3179	0.321	05	20
7	Rr	3032	0.306	05	25
7	Rr	3238	0.327	05	30
7	Rr	3019	0.305	05	35
7	Rr	2687	0.271	05	40
7	Rr	2750	0.278	05	45
7	Rr	2661	0.269	05	50
7	Rr	2884	0.291	05	55
7	Rr	2895	0.293	06	00
7	Rr	3550	0.359	06	05
7	Rr	2953	0.298	06	10
7	Rr	2939	0.297	06	15
7	Rr	2773	0.280	06	20
7	Rr	2842	0.287	06	25
7	Rr	2694	0.272	06	30
7	Rr	2900	0.293	06	35
7	Rr	2986	0.302	06	40
7	Rr	3071	0.310	06	45
7	Rr	2483	0.251	06	50
7	Rr	2487	0.251	06	55
7	Rr	3135	0.317	07	00
7	Rr	2686	0.271	07	05
7	Rr	2801	0.283	07	10
7	Rr	2679	0.271	07	15
7	Rr	2930	0.296	07	20
7	Rr	3307	0.334	07	25
7	Rr	3266	0.330	07	30
7	Rr	2947	0.298	07	35
7	Rr	2608	0.264	07	40
7	Rr	2630	0.266	07	45
7	Rr	2537	0.256	07	50
7	Rr	2645	0.267	07	55
7	Rr	2715	0.274	08	00
7	Rr	2994	0.303	08	05
7	Rr	2707	0.274	08	10
7	Rr	2611	0.264	08	15
7	Rr	2715	0.274	08	20
7	Rr	2770	0.280	08	25
7	Rr	3183	0.322	08	30
7	Rr	2804	0.283	08	35
7	Rr	2723	0.275	08	40
7	Rr	2581	0.261	08	45
7	Rr	2540	0.257	08	50
7	Rr	2578	0.260	08	55
7	Rr	2541	0.257	09	00
7	Rr	2885	0.292	09	05
7	Rr	2567	0.259	09	10
7	Rr	2515	0.254	09	15
7	Rr	2902	0.293	09	20
7	Rr	2690	0.272	09	25
7	Rr	2738	0.277	09	30
7	Rr	2437	0.246	09	35
7	Rr	2680	0.271	09	40
7	Rr	2553	0.258	09	45
7	Rr	2384	0.241	09	50
7	Rr	2520	0.255	09	55
7	Rr	2558	0.258	10	00
7	Rr	2456	0.248	10	05
7	Rr	2604	0.263	10	10
7	Rr	2487	0.251	10	15
7	Rr	2411	0.244	10	20
7	Rr	2735	0.276	10	25
7	Rr	2496	0.252	10	30
7	Rr	2553	0.258	10	35
7	Rr	2700	0.273	10	40
7	Rr	2482	0.251	10	45
7	Rr	2734	0.276	10	50
7	Rr	2977	0.301	10	55
7	Rr	3898	0.394	11	00
7	Rr	3010	0.304	11	05
7	Rr	2821	0.285	11	10
7	Rr	2761	0.279	11	15
7	Rr	2872	0.290	11	20
7	Rr	2702	0.273	11	25
7	Rr	2907	0.294	11	30
7	Rr	2585	0.261	11	35
7	Rr	2885	0.292	11	40
7	Rr	2780	0.281	11	45
7	Rr	2814	0.284	11	50
7	Rr	2903	0.293	11	55
7	Rr	3460	0.350	12	00
7	Rr	3154	0.319	12	05
7	Rr	3135	0.317	12	10
7	Rr	2696	0.272	12	15
7	Rr	2830	0.286	12	20
7	Rr	2754	0.278	12	25
7	Rr	2834	0.286	12	30
7	Rr	2721	0.275	12	35
7	Rr	2942	0.297	12	40
7	Rr	3053	0.308	12	45
7	Rr	2791	0.282	12	50
7	Rr	2859	0.289	12	55
7	Rr	2976	0.301	13	00
7	Rr	2972	0.300	13	05
7	Rr	3232	0.327	13	10
7	Rr	3034	0.307	13	15
7	Rr	2971	0.300	13	20
7	Rr	3134	0.317	13	25
7	Rr	3193	0.323	13	30
7	Rr	3513	0.355	13	35
7	Rr	3057	0.309	13	40
7	Rr	2687	0.271	13	45
7	Rr	3235	0.327	13	50
7	Rr	3217	0.325	13	55
7	Rr	3231	0.326	14	00
7	Rr	3566	0.360	14	05
7	Rr	3559	0.360	14	10
7	Rr	3750	0.379	14	15
7	Rr	3535	0.357	14	20
7	Rr	3624	0.366	14	25
7	Rr	3932	0.397	14	30
7	Rr	3701	0.374	14	35
7	Rr	3330	0.336	14	40
7	Rr	3469	0.351	14	45
7	Rr	3592	0.363	14	50
7	Rr	3978	0.402	14	55
7	Rr	4106	0.415	15	00
7	Rr	4225	0.427	15	05
7	Rr	3719	0.376	15	10
7	Rr	3900	0.394	15	15
7	Rr	3585	0.362	15	20
7	Rr	4084	0.413	15	25
7	Rr	4318	0.436	15	30
7	Rr	3881	0.392	15	35
7	Rr	4152	0.420	15	40
7	Rr	4187	0.423	15	45
7	Rr	4206	0.425	15	50
7	Rr	4449	0.450	15	55
7	Rr	4188	0.423	16	00
7	Rr	4431	0.448	16	05
7	Rr	4196	0.424	16	10
7	Rr	4660	0.471	16	15
7	Rr	4134	0.418	16	20
7	Rr	3919	0.396	16	25
7	Rr	4268	0.431	16	30
7	Rr	4492	0.454	16	35
7	Rr	4472	0.452	16	40
7	Rr	4519	0.457	16	45
7	Rr	4504	0.455	16	50
7	Rr	4385	0.443	16	55
7	Rr	4315	0.436	17	00
7	Rr	4265	0.431	17	05
7	Rr	4591	0.464	17	10
7	Rr	4207	0.425	17	15
7	Rr	4299	0.434	17	20
7	Rr	4416	0.446	17	25
7	Rr	4423	0.447	17	30
7	Rr	4563	0.461	17	35
7	Rr	4381	0.443	17	40
7	Rr	4207	0.425	17	45
7	Rr	4382	0.443	17	50
7	Rr	4154	0.420	17	55
7	Rr	3781	0.382	18	00
7	Rr	4221	0.426	18	05
7	Rr	4845	0.490	18	10
7	Rr	4576	0.462	18	15
7	Rr	4244	0.429	18	20
7	Rr	4665	0.471	18	25
7	Rr	4402	0.445	18	30
7	Rr	4552	0.460	18	35
7	Rr	4545	0.459	18	40
7	Rr	4496	0.454	18	45
7	Rr	4414	0.446	18	50
7	Rr	4589	0.464	18	55
7	Rr	4988	0.504	19	00
7	Rr	4677	0.473	19	05
7	Rr	4580	0.463	19	10
7	Rr	4348	0.439	19	15
7	Rr	4224	0.427	19	20
7	Rr	4089	0.413	19	25
7	Rr	4150	0.419	19	30
7	Rr	4370	0.442	19	35
7	Rr	4437	0.448	19	40
7	Rr	4666	0.471	19	45
7	Rr	4027	0.407	19	50
7	Rr	4146	0.419	19	55
7	Rr	4235	0.428	20	00
7	Rr	4718	0.477	20	05
7	Rr	4583	0.463	20	10
7	Rr	4254	0.430	20	15
7	Rr	4476	0.452	20	20
7	Rr	4362	0.441	20	25
7	Rr	3867	0.391	20	30
7	Rr	4179	0.422	20	35
7	Rr	4394	0.444	20	40
7	Rr	4695	0.474	20	45
7	Rr	4243	0.429	20	50
7	Rr	4462	0.451	20	55
7	Rr	4874	0.492	21	00
7	Rr	4121	0.416	21	05
7	Rr	4231	0.428	21	10
7	Rr	4089	0.413	21	15
7	Rr	3728	0.377	21	20
7	Rr	4366	0.441	21	25
7	Rr	3766	0.381	21	30
7	Rr	4041	0.408	21	35
7	Rr	4003	0.404	21	40
7	Rr	4076	0.412	21	45
7	Rr	4244	0.429	21	50
7	Rr	3766	0.381	21	55
7	Rr	3871	0.391	22	00
7	Rr	3733	0.377	22	05
7	Rr	3902	0.394	22	10
7	Rr	3520	0.356	22	15
7	Rr	3954	0.400	22	20
7	Rr	4019	0.406	22	25
7	Rr	3659	0.370	22	30
7	Rr	4028	0.407	22	35
7	Rr	3585	0.362	22	40
7	Rr	3639	0.368	22	45
7	Rr	3792	0.383	22	50
7	Rr	3613	0.365	22	55
7	Rr	4023	0.406	23	00
7	Rr	3728	0.377	23	05
7	Rr	3633	0.367	23	10
7	Rr	3663	0.370	23	15
7	Rr	4392	0.444	23	20
7	Rr	3471	0.351	23	25
7	Rr	3280	0.331	23	30
7	Rr	3604	0.364	23	35
7	Rr	3304	0.334	23	40
7	Rr	3306	0.334	23	45
7	Rr	3369	0.340	23	50
7	Rr	3068	0.310	23	55
o	*f	0R	r
o	lRQ	1	989704	234191652	[unresolved numerical addresses]
Z	*f	-20R	r
Z	lRb	1	43034	3.076	66.249
Z	lRb	1	40226	1.805	69
Z	lRb	1	27121	2.048	35
Z	lRb	1	24922	0.926	46
Z	lRb	1	22253	3.061	157.55
Z	lRb	1	18657	3.023	70
Z	lRb	1	17560	1.330	34
Z	lRb	1	17049	2.284	207.46
Z	lRb	1	16460	1.853	54
Z	lRb	1	15546	2.495	40
Z	lRb	1	15452	1.431	76
Z	lRb	1	13392	1.676	72
Z	lRb	1	12111	0.103	178.137
Z	lRb	1	11900	1.122	75
Z	lRb	1	11834	1.276	5
Z	lRb	1	10999	1.050	123
Z	lRb	1	10883	0.895	74
Z	lRb	1	9880	0.652	71
Z	lRb	1	9116	1.011	104
Z	lRb	1	9112	0.555	37
Z	lRb	1	632197	68.329	[not listed: 8619]
S	*f	-50P	r
S	Rb	4702	0.447	14.33.246.211
S	Rb	3794	0.848	192.234.235.103
S	Rb	3248	0.280	192.99.15.146
S	Rb	2341	0.155	100.43.83.148
S	Rb	1992	0.078	66.249.75.109
S	Rb	1829	0.169	37.59.14.116
S	Rb	1781	0.244	75.98.173.33
S	Rb	1597	0.148	78.155.138.20
S	Rb	1543	0.083	199.21.99.79
S	Rb	1459	0.012	92.249.127.111
S	Rb	1330	0.021	109.102.111.58
S	Rb	1312	0.051	205.203.134.197
S	Rb	1304	0.219	5.196.13.127
S	Rb	1276	0.136	208.115.113.82
S	Rb	1270	0.074	95.108.248.29
S	Rb	1193	0.047	49.7.20.102
S	Rb	1155	0.264	75.98.173.84
S	Rb	1142	0.001	91.207.9.226
S	Rb	1107	0.019	66.249.69.97
S	Rb	1081	0.021	66.249.69.81
S	Rb	1051	0.037	66.249.69.192
S	Rb	1047	0.020	106.38.241.144
S	Rb	1039	0.017	66.249.69.89
S	Rb	1030	0.111	5.255.250.90
S	Rb	1024	0.084	95.108.150.235
S	Rb	1012	0.093	192.99.6.132
S	Rb	958	0.190	79.125.27.96
S	Rb	957	0.207	199.21.99.197
S	Rb	951	0.071	66.249.73.133
S	Rb	845	0.038	144.76.27.118
S	Rb	815	0.034	178.63.23.80
S	Rb	812	0.106	66.249.64.90
S	Rb	808	0.207	149.202.211.239
S	Rb	791	0.073	192.99.7.55
S	Rb	786	0.133	66.11.128.152
S	Rb	777	0.001	193.150.120.14
S	Rb	760	0.058	208.115.113.92
S	Rb	756	0.024	82.145.46.102
S	Rb	744	0.011	109.102.111.20
S	Rb	739	0.011	109.102.111.50
S	Rb	721	0.004	106.38.241.177
S	Rb	704	0.001	109.120.157.179
S	Rb	698	0.029	220.181.125.162
S	Rb	694	0.044	78.155.138.30
S	Rb	686	0.023	66.249.65.212
S	Rb	667	0.095	216.244.66.229
S	Rb	664	0.061	94.23.59.173
S	Rb	660	0.020	49.7.20.111
S	Rb	653	0.082	52.21.132.215
S	Rb	649	0.060	46.105.74.59
S	Rb	928750	94.745	[not listed: 87370]
s	*FR	2013	12	18	21	53
s	*LR	2021	10	01	23	54
s	*f	-20R	s
s	lRS	1	193576	463	http://www.gtaeronautics.com/
s	lRS	1	45767	183	http://gtaeronautics.com/
s	lRS	1	4904	4	https://www.google.com/
s	lRS	1	247	1	https://www.thomasnet.com/
s	lRS	1	1542	0	http://www.google.com/
s	lRS	1	1159	0	http://www.trainingindustry.com/
s	lRS	1	1123	0	http://www.baidu.com/
s	lRS	1	609	0	http://www.mfgpages.com/
s	lRS	1	604	0	http://www.openfos.com/
s	lRS	1	517	0	http://www.topicway.com/
s	lRS	1	462	0	http://anti-crisis-seo.com/
s	lRS	1	395	0	http://uptime.com/
s	lRS	1	362	0	http://semalt.semalt.com/
s	lRS	1	326	0	http://www.bing.com/
s	lRS	1	301	0	http://chimiver.info/
s	lRS	1	280	0	https://www.google.co.in/
s	lRS	1	262	0	http://google.co.jp/
s	lRS	1	243	0	https://www.bing.com/
s	lRS	1	236	0	http://www.thomasnet.com/
s	lRS	1	234	0	http://www.artparquet.ru/
s	lRS	1	48117	47	[not listed: 4287]
f	*FR	2013	12	18	21	53
f	*LR	2021	10	01	23	54
f	*f	-30R	s
f	lRS	1	130030	379	http://www.gtaeronautics.com/
f	lRS	1	31464	155	http://gtaeronautics.com/
f	lRS	1	9221	19	http://www.gtaeronautics.com/aboutus.html
f	lRS	1	4177	15	http://www.gtaeronautics.com/ConsultingA.html
f	lRS	1	1201	14	http://www.gtaeronautics.com/compnews.html
f	lRS	1	6887	11	http://www.gtaeronautics.com/CCT&M.html
f	lRS	1	2079	7	http://www.gtaeronautics.com/GT1500 RPAS.html
f	lRS	1	1548	5	http://www.gtaeronautics.com/IndNews.html
f	lRS	1	4508	4	https://www.google.com/
f	lRS	1	1552	3	http://www.gtaeronautics.com/GT50T RPAS.html
f	lRS	1	1315	3	http://gtaeronautics.com/aboutus.html
f	lRS	1	826	3	http://gtaeronautics.com/index.html
f	lRS	1	5467	1	http://gtaeronautics.com/IndNews.html
f	lRS	1	4152	1	http://www.gtaeronautics.com/index.html
f	lRS	1	2442	1	http://www.gtaeronautics.com/pna.html
f	lRS	1	5851	0	http://www.gtaeronautics.com/UASFC.html
f	lRS	1	2318	0	http://www.gtaeronautics.com/GT380 RPAS.html
f	lRS	1	1987	0	http://www.gtaeronautics.com/uasfc.html
f	lRS	1	1944	0	http://www.gtaeronautics.com/RD.html
f	lRS	1	1900	0	http://www.gtaeronautics.com/CompNews.html
f	lRS	1	1778	0	http://www.gtaeronautics.com/CFMT.html
f	lRS	1	1758	0	http://www.gtaeronautics.com/SRU.html
f	lRS	1	1662	0	http://www.gtaeronautics.com/consultinga.html
f	lRS	1	1535	0	http://www.gtaeronautics.com/EMPLOYMENT.html
f	lRS	1	1306	0	http://www.gtaeronautics.com/contactus.html
f	lRS	1	1159	0	http://www.trainingindustry.com/
f	lRS	1	1098	0	http://www.gtaeronautics.com/links.html
f	lRS	1	1079	0	http://www.baidu.com/s
f	lRS	1	892	0	http://www.google.com/url
f	lRS	1	872	0	http://www.gtaeronautics.com/FAQ.html
f	lRS	1	67258	77	[not listed: 4911]
n	*FR	2013	12	19	00	28
n	*LR	2020	10	14	09	11
n	*f	0.500000%Q	s
n	Rq	1	4.346	kit
n	Rq	1	4.346	method
n	Rq	2	8.692	crew
n	Rq	28	95.616	aeronautical
n	Rq	1	4.346	airplane.com
n	Rq	5	21.731	faa
n	Rq	40	121.693	gt
n	Rq	1	4.346	moldings
n	Rq	1	4.346	twin
n	Rq	1	4.346	taranis
n	Rq	2	4.346	installerex
n	Rq	2	4.346	http://gtaeronautics.com/
n	Rq	20	43.462	in
n	Rq	1	4.346	scale
n	Rq	1	4.346	observer
n	Rq	1	4.346	drawing?
n	Rq	2	4.346	is
n	Rq	1	4.346	making
n	Rq	2	8.692	fiber
n	Rq	1	4.346	mitsubishi
n	Rq	1	4.346	fuze
n	Rq	1	4.346	http://www.gtaeronautics.com/indnews.html
n	Rq	92	4.346	semalt.com
n	Rq	1	4.346	consultant
n	Rq	15	17.385	manufacturing
n	Rq	1	4.346	2
n	Rq	1	4.346	base
n	Rq	14	60.847	6
n	Rq	1	4.346	http://gtaeronautics.com/indnews.html
n	Rq	1	4.346	always
n	Rq	28	108.655	engineering
n	Rq	1	4.346	northrop
n	Rq	1	4.346	bandwidth
n	Rq	1	4.346	vegas
n	Rq	3	8.692	basic
n	Rq	1	4.346	qinetiq
n	Rq	1	4.346	tooling
n	Rq	1	4.346	on
n	Rq	1	4.346	heavy
n	Rq	9	34.770	drawings
n	Rq	1	4.346	fia
n	Rq	4	4.346	louis%20vuitton%20fashion%20valley%20phone%20number
n	Rq	3	4.346	llc
n	Rq	3	13.039	rullman
n	Rq	1	4.346	cowling
n	Rq	32	13.039	sale
n	Rq	64	26.077	outlet
n	Rq	1	4.346	rotax
n	Rq	1	4.346	ucav
n	Rq	28	104.309	texan
n	Rq	1	4.346	a
n	Rq	2	4.346	customer
n	Rq	1	4.346	rpa
n	Rq	2	8.692	110cc
n	Rq	30	4.346	designer
n	Rq	20	21.731	www.gtaeronautics.com
n	Rq	1	4.346	work
n	Rq	1	4.346	thomas
n	Rq	1	4.346	engie
n	Rq	1	4.346	qualification
n	Rq	1	4.346	custom
n	Rq	1	4.346	mk3
n	Rq	1	4.346	t
n	Rq	1	4.346	uavs
n	Rq	1	4.346	w
n	Rq	2	4.346	satisfaction
n	Rq	2	8.692	x
n	Rq	1	4.346	crews
n	Rq	3	4.346	photos
n	Rq	1	4.346	finnemeccia
n	Rq	2	8.692	glass
n	Rq	1	13.039	to
n	Rq	1	4.346	gcs
n	Rq	5	21.731	engineer
n	Rq	1	4.346	government
n	Rq	1	4.346	operator
n	Rq	6	26.077	aircraft
n	Rq	1	4.346	with
n	Rq	97	8.692	number
n	Rq	4	13.039	for
n	Rq	1	4.346	december
n	Rq	2	8.692	aero
n	Rq	9	8.692	equipment
n	Rq	2	8.692	engine
n	Rq	1	4.346	mq1
n	Rq	2	8.692	wy
n	Rq	1	4.346	custum
n	Rq	1	4.346	g.t
n	Rq	1	4.346	mechanics
n	Rq	1	8.692	motors
n	Rq	1	4.346	tdw
n	Rq	32	21.731	luggage
n	Rq	1	4.346	opportunities
n	Rq	175	73.885	vuitton
n	Rq	1	4.346	show
n	Rq	1	13.039	the
n	Rq	1	4.346	luggages
n	Rq	1	4.346	stroke
n	Rq	2	4.346	explore
n	Rq	39	8.692	handbags
n	Rq	2	8.692	electric
n	Rq	1	4.346	space
n	Rq	1	8.692	air
n	Rq	1	4.346	quote
n	Rq	1	4.346	require
n	Rq	1	4.346	mpp
n	Rq	4	8.692	jobs
n	Rq	5	21.731	uas
n	Rq	1	4.346	anything
n	Rq	1	4.346	china
n	Rq	1	4.346	airplane
n	Rq	10	43.462	uav
n	Rq	2	4.346	wmaid.com
n	Rq	3	17.385	drone
n	Rq	7	30.423	fiberglass
n	Rq	2	4.346	facebook
n	Rq	1	4.346	college
n	Rq	4	17.385	onboard
n	Rq	3	8.692	gtaeronautics.com
n	Rq	1	4.346	qulificationa
n	Rq	21	56.500	simi
n	Rq	1	4.346	and
n	Rq	5	13.039	flight
n	Rq	17	56.500	at6
n	Rq	1	4.346	xtreme
n	Rq	1	4.346	maintenance
n	Rq	1	4.346	cody
n	Rq	1	4.346	systems
n	Rq	1	4.346	any
n	Rq	1	4.346	tom
n	Rq	1	4.346	payload
n	Rq	2	8.692	gta
n	Rq	2	4.346	granger
n	Rq	8	30.423	extreme
n	Rq	6	21.731	molding
n	Rq	2	4.346	easylifeapp
n	Rq	1	4.346	rating
n	Rq	2	4.346	whitelaw
n	Rq	126	30.423	fashion
n	Rq	2	8.692	ice
n	Rq	2	4.346	http://www.gtaeronautics.com/compnews.html
n	Rq	5	8.692	engineers
n	Rq	3	8.692	composite
n	Rq	1	4.346	skyforce
n	Rq	1	4.346	eengineer
n	Rq	175	73.885	louis
n	Rq	8	4.346	store
n	Rq	4	17.385	starter
n	Rq	14	17.385	cheap
n	Rq	1	4.346	diamond
n	Rq	10	39.116	bme
n	Rq	1	4.346	america2009
n	Rq	7	4.346	content
n	Rq	1	4.346	challenge
n	Rq	2	8.692	aeronautic
n	Rq	1	4.346	piece
n	Rq	1	4.346	how
n	Rq	1	4.346	male
n	Rq	2	8.692	design
n	Rq	2	8.692	flying
n	Rq	1	4.346	carbon
n	Rq	1	4.346	operation
n	Rq	2	4.346	profile
n	Rq	1	4.346	tomas
n	Rq	1	4.346	cia
n	Rq	1	4.346	hummingbird
n	Rq	1	4.346	iron
n	Rq	1	4.346	california
n	Rq	1	4.346	amphibian
n	Rq	1	4.346	110
n	Rq	1	4.346	mentioned
n	Rq	1	4.346	111
n	Rq	1	4.346	over
n	Rq	25	95.616	http://www.gtaeronautics.com/
n	Rq	1	4.346	google.com
n	Rq	1	4.346	fuel
n	Rq	2	4.346	inc
n	Rq	1	4.346	handbag.com
n	Rq	1	4.346	da42
n	Rq	2	8.692	certification
n	Rq	1	4.346	timing
n	Rq	1	4.346	2015
n	Rq	1	4.346	home
n	Rq	1	4.346	aerospacecompanies
n	Rq	1	4.346	anti
n	Rq	1	4.346	ziroli
n	Rq	1	4.346	sketches
n	Rq	5	4.346	purses
n	Rq	1	4.346	downlink
n	Rq	3	4.346	aeronotics
n	Rq	1	4.346	nanotechnology
n	Rq	1	4.346	zephyr
n	Rq	4	4.346	wyoming
n	Rq	2	4.346	technology
n	Rq	3	13.039	companies
n	Rq	1	4.346	muffler
n	Rq	2	4.346	avia
n	Rq	2	4.346	what
n	Rq	145	82.578	valley
n	Rq	1	4.346	microwave
n	Rq	1	4.346	mold
n	Rq	5	17.385	pglm
n	Rq	1	4.346	specialist
n	Rq	23	86.924	drawing
n	Rq	1	4.346	tool
n	Rq	1	4.346	security
n	Rq	6	8.692	prototypes
n	Rq	1	4.346	giant
n	Rq	1	4.346	powell
n	Rq	8	30.423	aerospace
n	Rq	4	17.385	unmanned
n	Rq	34	113.001	aeronautics
n	Rq	1	4.346	radius
n	Rq	1	4.346	zero
n	Rq	1	4.346	tobbot
n	Rq	2	8.692	job
n	Rq	2	8.692	neverfull
n	Rq	1	4.346	onbordstarter
n	Rq	20	17.385	ca
n	Rq	1	8.692	as
n	Rq	13	56.500	at
n	Rq	5	21.731	techniques
n	Rq	1	4.346	does
n	Rq	1	4.346	commercial
n	Rq	1	4.346	www.gt
n	Rq	1	4.346	de
n	Rq	1	4.346	co
n	Rq	1	4.346	speedy
n	Rq	1	4.346	rpas
n	Rq	2	8.692	instrument
n	Rq	1	4.346	do
n	Rq	1	4.346	quotation
n	Rq	3	13.039	training
n	Rq	1	4.346	efi
n	Rq	1	4.346	careers
n	Rq	3	13.039	pilot
n	Rq	9	34.770	bandito
n	Rq	4	17.385	quotes
n	Rq	107	17.385	phone
n	Rq	1	4.346	stations
n	Rq	1	4.346	traing
N	*FR	2013	12	19	00	28
N	*LR	2020	10	14	09	11
N	*f	-200Q	s
N	RQ	25	3307887550	http://www.gtaeronautics.com/
N	RQ	20	2105019350	gt aeronautics
N	RQ	14	1804302300	aeronautical engineering drawing
N	RQ	9	1353226725	at 6 texan
N	RQ	8	1202868200	at6 texan
N	RQ	7	902151150	bme extreme
N	RQ	7	902151150	aerospace engineering drawings
N	RQ	20	751792625	www.gtaeronautics.com
N	RQ	6	601434100	texan at6
N	RQ	5	601434100	bandito pglm
N	RQ	3	451075575	bandito uav
N	RQ	3	451075575	onboard starter
N	RQ	2	300717050	fiberglass molding techniques
N	RQ	6	300717050	manufacturing aeronautical prototypes
N	RQ	19	300717050	louis vuitton luggage outlet
N	RQ	10	300717050	louis vuitton fashion valley phone
N	RQ	97	300717050	louis vuitton fashion valley phone number
N	RQ	2	300717050	texan at 6
N	RQ	18	300717050	louis vuitton fashion valley ca
N	RQ	1	150358525	uavs flying over simi valley ca
N	RQ	1	150358525	gt aeronautics simi valley california
N	RQ	1	150358525	aeronautical engineer quote
N	RQ	1	150358525	does aeronautical engineering require drawing?
N	RQ	1	150358525	how to do gt in engineering drawing
N	RQ	2	150358525	http://gtaeronautics.com/
N	RQ	1	150358525	the government college g.t aeronautics
N	RQ	1	150358525	bme engine
N	RQ	1	150358525	uas gcs
N	RQ	1	150358525	http://www.gtaeronautics.com/indnews.html
N	RQ	92	150358525	semalt.com
N	RQ	1	150358525	aero iron mentioned nanotechnology hummingbird uav
N	RQ	1	150358525	basic fiberglass techniques
N	RQ	1	150358525	http://gtaeronautics.com/indnews.html
N	RQ	1	150358525	finnemeccia co
N	RQ	2	150358525	drawing for customer satisfaction
N	RQ	1	150358525	cheap louis vuitton speedy handbag.com
N	RQ	1	150358525	at 6
N	RQ	1	150358525	quotation specialist engineer drawings
N	RQ	1	150358525	challenge xtreme 111 piece mechanics tool kit
N	RQ	1	150358525	uav commercial crew stations
N	RQ	1	150358525	da42 mpp microwave downlink bandwidth
N	RQ	1	150358525	anti ice de ice qinetiq zephyr
N	RQ	4	150358525	louis%20vuitton%20fashion%20valley%20phone%20number
N	RQ	1	150358525	faa uas pilot certification
N	RQ	1	150358525	any flying crews in gta
N	RQ	1	150358525	aerospace drawing
N	RQ	1	150358525	fiber glass molding job
N	RQ	1	150358525	aircraft design consultant
N	RQ	1	150358525	www.gt airplane.com
N	RQ	3	150358525	gt in aeronotics
N	RQ	1	150358525	tom rullman
N	RQ	1	150358525	gt aeronautics simi valley ca
N	RQ	1	150358525	drone base in simi valley
N	RQ	1	150358525	fiberglass mold making techniques
N	RQ	1	150358525	rpa instrument qualification faa instrument rating
N	RQ	1	150358525	extreme bme
N	RQ	1	150358525	uas faa maintenance
N	RQ	1	150358525	louis vuitton neverfull
N	RQ	1	150358525	fiberglass techniques
N	RQ	1	150358525	aircraft companies in simi valley
N	RQ	1	150358525	custom fiberglass moldings
N	RQ	11	150358525	louis vuitton luggage cheap
N	RQ	1	150358525	anything
N	RQ	1	150358525	aeronautical engineering sketches
N	RQ	1	150358525	gtaeronautics.com
N	RQ	1	150358525	giant scale ziroli at 6
N	RQ	9	150358525	outlet louis vuitton handbags
N	RQ	1	150358525	cowling drawing
N	RQ	1	150358525	mitsubishi zero
N	RQ	1	150358525	powell wy gt aeronautics
N	RQ	2	150358525	what is gt in basic engineering drawing
N	RQ	2	150358525	composite molding
N	RQ	1	150358525	aeronautics in simi valley and security work
N	RQ	3	150358525	gt aeronautics llc jobs
N	RQ	1	150358525	crew flight gta
N	RQ	1	150358525	110cc engine timing
N	RQ	1	150358525	aeronautical engineer quotes
N	RQ	2	150358525	http://www.gtaeronautics.com/compnews.html
N	RQ	4	150358525	wyoming flight engineers
N	RQ	1	150358525	a t 6
N	RQ	1	150358525	gt aeronautics unmanned air
N	RQ	1	150358525	fia gt composite tooling
N	RQ	1	150358525	uas pilot certification
N	RQ	1	150358525	quotes on aeronautical engineers
N	RQ	1	150358525	payload for diamond northrop twin engie aircraft
N	RQ	7	150358525	content
N	RQ	1	150358525	bme 110
N	RQ	1	150358525	thomas w rullman gt aeronautics
N	RQ	1	150358525	luggages for sale
N	RQ	2	150358525	easylifeapp profile
N	RQ	2	150358525	simi gt
N	RQ	1	150358525	mq1 design fuel
N	RQ	1	150358525	airplane as always cia america2009
N	RQ	1	150358525	eengineer drawing home
N	RQ	1	150358525	heavy equipment operator jobs
N	RQ	1	150358525	aero space drone simi valley
N	RQ	1	150358525	cheap louis vuitton luggage
N	RQ	1	150358525	2 stroke electric onboard starter
N	RQ	1	150358525	skyforce observer mk3
N	RQ	1	150358525	simi valley unmanned aircraft
N	RQ	2	150358525	granger whitelaw avia
N	RQ	1	150358525	louis vuitton fashion valley neverfull
N	RQ	1	150358525	louis vuitton job opportunities
N	RQ	1	150358525	google.com
N	RQ	1	150358525	uas operation training method
N	RQ	2	150358525	wmaid.com explore gtaeronautics.com
N	RQ	1	150358525	custum muffler 110cc
N	RQ	1	150358525	glass manufacturing drawings
N	RQ	1	150358525	electric motors x male uav x sale
N	RQ	1	150358525	aerospacecompanies in simi valley
N	RQ	1	150358525	fiberglass molding
N	RQ	2	150358525	aeronautical technology inc
N	RQ	1	150358525	taranis ucav
N	RQ	1	150358525	vegas drone uav show december 2015
N	RQ	1	150358525	uav companies in simi valley
N	RQ	1	150358525	unmanned aircraft systems pilot training
N	RQ	2	150358525	installerex facebook
N	RQ	3	150358525	texan at6 photos
N	RQ	1	150358525	aeronautic engineer
N	RQ	30	150358525	designer handbags outlet sale
N	RQ	1	150358525	rpas qulificationa traing with faa
N	RQ	1	150358525	faa uav training
N	RQ	1	150358525	uav companies simi valley
N	RQ	5	150358525	louis vuitton purses outlet
N	RQ	1	150358525	aeronautics
N	RQ	1	150358525	cheap louis vuitton luggage outlet
N	RQ	1	150358525	gt aeronautics tomas rullman
N	RQ	1	150358525	tobbot
N	RQ	1	150358525	radius tdw efi fuze
N	RQ	8	150358525	manufacturing equipment store in simi valley
N	RQ	1	150358525	aeronautic engineer quotes
N	RQ	1	150358525	onbordstarter
N	RQ	1	150358525	rotax amphibian unmanned china
N	RQ	1	150358525	aeronautical engineering quotes
N	RQ	1	150358525	drawing aircraft engineering
N	RQ	1	150358525	gt aeronautics careers
N	RQ	1	150358525	gt aeronautics bandito
N	RQ	1	150358525	cody wy carbon fiber
B	*f	-40R	r
B	Rb	36386	4.959	Mozilla/5.0 (compatible; bingbot/2.0;  http://www.bing.com/bingbot.htm)
B	Rb	35929	2.127	ZoominfoBot (zoominfobot at zoominfo dot com)
B	Rb	26131	1.768	Mozilla/5.0 (compatible; Googlebot/2.1;  http://www.google.com/bot.html)
B	Rb	15833	1.416	Mozilla/4.0 (compatible; MSIE 6.0; Windows NT 5.1; SV1)
B	Rb	12641	2.043	Mozilla/5.0 (iPhone; CPU iPhone OS 7_0 like Mac OS X) AppleWebKit/537.51.1 (KHTML, like Gecko) Version/7.0 Mobile/11A465 Safari/9537.53 (compatible; bingbot/2.0;  http://www.bing.com/bingbot.htm)
B	Rb	12118	0.764	Sogou web spider/4.0( http://www.sogou.com/docs/help/webmasters.htm#07)
B	Rb	9994	1.034	Mozilla/5.0 (compatible; YandexBot/3.0;  http://yandex.com/bots)
B	Rb	9961	1.021	Mozilla/5.0 (compatible; Baiduspider/2.0;  http://www.baidu.com/search/spider.html)
B	Rb	9752	0.842	Mozilla/5.0 (Windows NT 6.1; WOW64; Trident/7.0; rv:11.0) like Gecko
B	Rb	8061	1.353	Mozilla/4.0 (compatible; MSIE 7.0; Windows NT 5.1; .NET CLR 1.1.4322; .NET CLR 2.0.50727)
B	Rb	7452	0.620	Mozilla/5.0 (compatible; Yahoo! Slurp; http://help.yahoo.com/help/us/ysearch/slurp)
B	Rb	7100	0.321	Mozilla/4.0 (compatible; MSIE 6.0; Windows NT 5.1; SV1; .NET CLR 2.0.50727)
B	Rb	6942	0.281	Mozilla/4.0 (compatible;)
B	Rb	6433	0.467	Mozilla/4.0 (compatible; MSIE 6.0; Windows NT 5.1)
B	Rb	6164	0.067	Mozilla/4.0 (compatible; MSIE 7.0; Windows NT 5.1; .NET CLR 1.1.4322; .NET CLR 2.0.50727; .NET CLR 3.0.4506.2152; .NET CLR 3.5.30729)
B	Rb	6152	0.527	Mozilla/4.0 (compatible; MSIE 7.0; Windows NT 6.1; WOW64; Trident/5.0; SLCC2; .NET CLR 2.0.50727; .NET CLR 3.5.30729; .NET CLR 3.0.30729; Media Center PC 6.0; .NET4.0C; .NET4.0E)
B	Rb	6079	0.343	Mozilla/5.0 (Windows NT 6.1; WOW64) AppleWebKit/537.36 (KHTML, like Gecko) Chrome/36.0.1985.143 Safari/537.36
B	Rb	5848	0.397	Sosospider ( http://help.soso.com/webspider.htm)
B	Rb	5799	0.187	Googlebot-Image/1.0
B	Rb	5676	0.406	Mozilla/5.0 (compatible; AhrefsBot/7.0;  http://ahrefs.com/robot/)
B	Rb	5436	0.452	Mozilla/5.0 (Windows; U; Windows NT 5.1; en-US; rv:1.7.2) Gecko/20040804 Netscape/7.2 (ax)
B	Rb	5308	0.194	Mozilla/4.0 (compatible; MSIE 7.0; Windows NT 5.1; .NET CLR 1.1.4322; .NET CLR 2.0.50727; .NET CLR 3.0.04506.30)
B	Rb	5198	0.478	Mozilla/4.0 (compatible; MSIE 7.0; Windows NT 5.1)
B	Rb	5097	1.680	Mozilla/5.0 (Windows NT 6.3; WOW64) AppleWebKit/537.36 (KHTML, like Gecko) Chrome/33.0.1736.0 Safari/537.36
B	Rb	4873	0.180	Mozilla/5.0 (compatible; MSIE 9.0; Windows NT 6.1; WOW64; Trident/5.0)
B	Rb	4446	0.264	Mozilla/5.0 (compatible; Yahoo! Slurp/3.0; http://help.yahoo.com/help/us/ysearch/slurp)
B	Rb	4368	0.052	Mozilla/4.0 (compatible; MSIE 7.0; Windows NT 5.1; .NET CLR 2.0.50727; .NET CLR 3.0.4506.2152; .NET CLR 3.5.30729)
B	Rb	4234	0.658	Mozilla/5.0 (iPhone; CPU iPhone OS 7_0 like Mac OS X) AppleWebKit/537.51.1 (KHTML, like Gecko) Version/7.0 Mobile/11A465 Safari/9537.53 BingPreview/1.0b
B	Rb	4114	0.556	Mozilla/5.0 (Linux; Android 6.0.1; Nexus 5X Build/MMB29P) AppleWebKit/537.36 (KHTML, like Gecko) Chrome/41.0.2272.96 Mobile Safari/537.36 (compatible; Googlebot/2.1;  http://www.google.com/bot.html)
B	Rb	3774	0.222	Mozilla/4.0 (compatible; MSIE 6.0; Windows NT 5.1; SV1; .NET CLR 1.1.4322)
B	Rb	3595	0.416	Mozilla/4.0 (compatible; MSIE 7.0; Windows NT 5.1; InfoPath.2; .NET CLR 2.0.50727; .NET CLR)
B	Rb	3493	0.268	Mozilla/5.0 (compatible; MJ12bot/v1.4.5; http://www.majestic12.co.uk/bot.php? )
B	Rb	3481	0.184	Mozilla/5.0 (X11; Datanyze; Linux x86_64) AppleWebKit/537.36 (KHTML, like Gecko) Chrome/65.0.3325.181 Safari/537.36
B	Rb	3441	0.115	Mozilla/5.0 (compatible; SeznamBot/3.2;  http://napoveda.seznam.cz/en/seznambot-intro/)
B	Rb	3422	0.571	PRurl
B	Rb	3206	0.809	Mozilla/4.0 (compatible; MSIE 7.0; Windows NT 5.1; .NET CLR 2.0.50727; .NET CLR 1.1.4322)
B	Rb	3062	0.118	Mozilla/4.0 (compatible; MSIE 7.0; Windows NT 5.1; .NET CLR 1.1.4322)
B	Rb	3049	0.061	Mozilla/4.0 (compatible; MSIE 8.0; Windows NT 5.1; Trident/4.0; .NET CLR 2.0.50727; .NET CLR 3.0.4506.2152; .NET CLR 3.5.30729; .NET4.0C; .NET CLR 1.1.4322)
B	Rb	2916	0.338	Mozilla/5.0 (compatible; MSIE 9.0; Windows NT 6.1; Trident/5.0)
B	Rb	2893	0.243	Mozilla/4.0 (compatible; MSIE 6.0; Windows NT 5.1; SV1; .NET CLR 1.1.4322; .NET CLR 2.0.50727)
B	Rb	660543	71.196	[not listed: 19618]
b	*f	-15Q	s
b	lRQq	1	256543	4101750194	1008.930	MSIE
b	lRQq	2	91664	4130322584	1015.958	MSIE/6
b	lRQq	2	99945	1451604841	357.059	MSIE/7
b	lRQq	2	13509	2798315975	688.317	MSIE/9
b	lRQq	2	4797	4086112770	1005.084	MSIE/10
b	lRQq	2	6093	3053101762	750.988	MSIE/5
b	lRQq	2	37482	1552122746	381.784	MSIE/8
b	lRQq	2	412	1052509675	258.892	MSIE/4
b	lRQq	2	374	601434100	147.938	MSIE/3
b	lRQq	2	719	300717050	73.969	MSIE/2
b	lRQq	2	12	150358525	36.985	MSIE/11
b	lRQq	1	14914	3687902391	907.134	Opera
b	lRQq	2	1018	902151156	221.907	Opera/6
b	lRQq	2	4377	3909321650	961.598	Opera/8
b	lRQq	2	3143	2405736400	591.752	Opera/7
b	lRQq	2	18	1503585250	369.845	Opera/10
b	lRQq	2	17	1503585250	369.845	Opera/11
b	lRQq	2	10	902151150	221.907	Opera/12
b	lRQq	2	10	451075575	110.954	Opera/5
b	lRQq	2	6303	399513502	98.271	Opera/9
b	lRQq	2	17	150358525	36.985	Opera/98
b	lRQq	2	1	150358525	36.985	Opera/3
b	lRQq	1	1542	3438747410	845.848	python-requests
b	lRQq	2	1524	1935162160	476.003	python-requests/2
b	lRQq	2	12	1202868200	295.876	python-requests/1
b	lRQq	2	6	300717050	73.969	python-requests/0
b	lRQq	1	9683	4190540034	1030.770	Netscape
b	lRQq	2	25	1954660826	480.799	Netscape/6
b	lRQq	2	5529	1353226725	332.861	Netscape/7
b	lRQq	2	335	902151150	221.907	Netscape/3
b	lRQq	2	2438	817222554	201.017	Netscape/4
b	lRQq	2	32	751792625	184.923	Netscape/8
b	lRQq	2	796	300717050	73.969	Netscape/0
b	lRQq	2	6	300717050	73.969	Netscape/5
b	lRQq	2	2	150358525	36.985	Netscape/Nutch-1
b	lRQq	2	73	150358525	36.985	Netscape/%2F4
b	lRQq	2	1	150358525	36.985	Netscape/10
b	lRQq	2	1	150358525	36.985	Netscape/2
b	lRQq	2	9	150358525	36.985	Netscape/Firefox
b	lRQq	2	3	150358525	36.985	Netscape/9
b	lRQq	1	23	4210038700	1035.567	MobileSafari
b	lRQq	2	17	2255377875	554.768	MobileSafari/604
b	lRQq	2	3	751792625	184.923	MobileSafari/602
b	lRQq	2	1	451075575	110.954	MobileSafari/601
b	lRQq	2	2	300717050	73.969	MobileSafari/9537
b	lRQq	1	2243	3608604600	887.629	libwww-perl
b	lRQq	2	455	2405736400	591.752	libwww-perl/5
b	lRQq	2	1788	1202868200	295.876	libwww-perl/6
b	lRQq	1	117	3007170500	739.690	NSPlayer
b	lRQq	2	78	1353226725	332.861	NSPlayer/11
b	lRQq	2	17	601434100	147.938	NSPlayer/9
b	lRQq	2	16	601434100	147.938	NSPlayer/10
b	lRQq	2	5	300717050	73.969	NSPlayer/12
b	lRQq	2	1	150358525	36.985	NSPlayer/8
b	lRQq	1	262	3007170500	739.690	Scrapy
b	lRQq	2	235	1954660825	480.799	Scrapy/1
b	lRQq	2	6	751792625	184.923	Scrapy/0
b	lRQq	2	21	300717050	73.969	Scrapy/2
b	lRQq	1	4071	2686954783	660.925	Java
b	lRQq	2	4055	2536596258	623.941	Java/1
b	lRQq	2	16	150358525	36.985	Java/11
b	lRQq	1	147	2556094925	628.737	User-Agent: Mozilla
b	lRQq	2	147	2556094925	628.737	User-Agent: Mozilla/5
b	lRQq	1	94	2556094925	628.737	Screaming Frog SEO Spider
b	lRQq	2	67	451075575	110.954	Screaming Frog SEO Spider/9
b	lRQq	2	3	300717050	73.969	Screaming Frog SEO Spider/12
b	lRQq	2	3	300717050	73.969	Screaming Frog SEO Spider/13
b	lRQq	2	4	300717050	73.969	Screaming Frog SEO Spider/8
b	lRQq	2	6	150358525	36.985	Screaming Frog SEO Spider/10
b	lRQq	2	1	150358525	36.985	Screaming Frog SEO Spider/2
b	lRQq	2	2	150358525	36.985	Screaming Frog SEO Spider/3
b	lRQq	2	1	150358525	36.985	Screaming Frog SEO Spider/4
b	lRQq	2	3	150358525	36.985	Screaming Frog SEO Spider/5
b	lRQq	2	1	150358525	36.985	Screaming Frog SEO Spider/14
b	lRQq	2	1	150358525	36.985	Screaming Frog SEO Spider/6
b	lRQq	2	2	150358525	36.985	Screaming Frog SEO Spider/7
b	lRQq	1	324	2405736400	591.752	Wget
b	lRQq	2	324	2405736400	591.752	Wget/1
b	lRQq	1	20	2255377875	554.768	com.google.GoogleMobile
b	lRQq	2	3	451075575	110.954	com.google.GoogleMobile/42
b	lRQq	2	2	300717050	73.969	com.google.GoogleMobile/62
b	lRQq	2	2	300717050	73.969	com.google.GoogleMobile/67
b	lRQq	2	2	300717050	73.969	com.google.GoogleMobile/41
b	lRQq	2	1	150358525	36.985	com.google.GoogleMobile/72
b	lRQq	2	1	150358525	36.985	com.google.GoogleMobile/65
b	lRQq	2	3	150358525	36.985	com.google.GoogleMobile/38
b	lRQq	2	3	150358525	36.985	com.google.GoogleMobile/60
b	lRQq	2	1	150358525	36.985	com.google.GoogleMobile/61
b	lRQq	2	2	150358525	36.985	com.google.GoogleMobile/34
b	lRQq	1	32	2255377875	554.768	WordPress
b	lRQq	2	19	1653943775	406.830	WordPress/4
b	lRQq	2	13	601434100	147.938	WordPress/3
b	lRQq	1	792	2105019350	517.783	Python-urllib
b	lRQq	2	728	902151150	221.907	Python-urllib/2
b	lRQq	2	59	902151150	221.907	Python-urllib/3
b	lRQq	2	5	300717050	73.969	Python-urllib/1
b	lRQq	1	689593	1578604232	388.298	[not listed: 845]
p	*f	0Q	s
p	lR	1	232537	OS unknown
p	lR	1	530033	Windows
p	lR	2	224339	Unknown Windows
p	lR	2	50514	Windows NT
p	lR	2	239120	Windows XP
p	lR	2	2199	Windows 95
p	lR	2	2338	Windows 98
p	lR	2	9331	Windows 2000
p	lR	2	392	Windows CE
p	lR	2	384	Windows 3.1
p	lR	2	1416	Windows ME
p	lR	1	82331	Macintosh
p	lR	2	78234	Unknown Macintosh
p	lR	2	3115	Macintosh PowerPC
p	lR	2	982	Macintosh 68k
p	lR	1	56154	Unix
p	lR	2	55353	Linux
p	lR	2	22	SunOS
p	lR	2	47	BSD
p	lR	2	729	Other Unix
p	lR	2	3	HP-UX
p	lR	1	79313	Known robots
p	lR	1	16	WebTV
p	lR	1	1	BeOS
p	lR	1	8	OS/2
p	lR	1	7	Amiga
i	*f	0R	s
i	lRc	1	574745	30.632	[root directory]
i	lRc	1	261331	69.144	/images/
i	lRc	1	99736	0.121	/js/
i	lRc	1	52234	0.103	/css/
i	lRc	1	865	0.000	/videos/
i	lRc	1	541	0.000	/client/
i	lRc	1	1	0.000	/cgi-bin/
i	lRc	1	176	0.000	/dev/
i	lRc	2	23	0.000	/dev/css/
i	lRc	2	44	0.000	/dev/js/
i	lRc	2	59	0.000	/dev/images/
i	lRc	1	1	0.000	/secure/
i	lRc	1	74	0.000	/stats/
r	*FR	2007	12	18	17	11
r	*LR	2021	10	01	22	51
r	*f	0.050000%S	s
r	lRSc	1	26900	42	1.899	/aboutus.html
r	lRSc	1	5096	40	2.090	/gt50t+rpas.html
r	lRSc	1	18142	40	1.154	/contactus.html
r	lRSc	1	23162	38	22.075	/compnews.html
r	lRSc	1	13611	37	1.076	/pna.html
r	lRSc	1	16957	35	2.042	/cct&m.html
r	lRSc	1	21782	33	2.290	/uasfc.html
r	lRSc	1	17707	32	2.466	/consultinga.html
r	lRSc	1	8641	32	1.595	/sru.html
r	lRSc	1	5349	30	1.599	/gt380+rpas.html
r	lRSc	1	17121	30	1.429	/cfmt.html
r	lRSc	1	5451	30	1.609	/gt1500+rpas.html
r	lRSc	1	15325	25	0.954	/employment.html
r	lRSc	1	865	21	1.075	/gt100hl+rpas.html
r	lRSc	1	26943	17	53.483	/indnews.html
r	lRSc	2	137	1	3.146	/indnews.html?referer=www.clickfind.com.au/wp-login.php
r	lRSc	2	1	0	0.000	/indnews.html?referer=top1.co.pl
r	lRSc	2	1	0	0.000	/indnews.html?referer=www.clickfind.com.au//wp-content/themes/busybee/thumb.php?src=http://blogger.com.opontodaarte.com.br/java.php
r	lRSc	1	12647	15	0.959	/faq.html
r	lRSc	1	13804	14	0.728	/indevents.html
r	lRSc	1	14483	13	0.801	/links.html
r	lRSc	1	9655	10	0.578	/rd.html
r	lRSc	1	4073	1	0.050	/uavengines.html
r	lRSc	1	3903	1	0.048	/gtatexan.html
r	lRSc	1	1	0	0.000	/client/bandito timeline2007.html
r	lRSc	1	2	0	0.000	/client/bandit+timeline2004.html
r	lRSc	1	1	0	0.000	/stats/quick.html
r	lRSc	1	1	0	0.000	/404.htm
r	lRSc	1	12	0	0.000	/client/gta010707002.html
r	lRSc	1	72	0	0.000	/client/bandito+development.html
r	lRSc	1	135	0	0.000	/client/welcome.html
r	lRSc	1	3	0	0.000	/client/gta021305001.html
r	lRSc	1	1	0	0.000	/stats/browserrep.html
r	lRSc	1	741	0	0.000	/gt50t rpas.html
r	lRSc	1	5	0	0.000	/client/gta012405001.html
r	lRSc	1	2	0	0.000	/dev/contactus.html
r	lRSc	1	4	0	0.000	/stats/general.html
r	lRSc	1	1	0	0.000	/stats/dailyrep.html
r	lRSc	1	1	0	0.000	/dev/aboutus.html
r	lRSc	1	18	0	0.000	/client/tacamo+development.html
r	lRSc	1	1	0	0.000	/client/bandit development.html
r	lRSc	1	17	0	0.000	/client/bandit+timeline2008.html
r	lRSc	1	1	0	0.000	/client/bandito+timeline2005.html
r	lRSc	1	23	0	0.000	/client/projectbids.html
r	lRSc	1	1	0	0.000	/stats/host.html
r	lRSc	1	11	0	0.000	/client/rq2+outlaw.html
r	lRSc	1	1	0	0.000	/client/bandit timeline2008.html
r	lRSc	1	20	0	0.000	/client/clientpna.html
r	lRSc	1	15	0	0.000	/client/bandit.html
r	lRSc	1	2	0	0.000	/stats/default.asp
r	lRSc	1	21	0	0.000	/index.htm
r	lRSc	1	1	0	0.000	/cgi-bin/testms.pl
r	lRSc	1	976	0	0.000	/gtamt.html
r	lRSc	1	14	0	0.000	/client/rq1+bandit.html
r	lRSc	1	2253	0	0.000	/gt1500 rpas.html
r	lRSc	1	6	0	0.000	/client/gta021305002.html
r	lRSc	1	4	0	0.000	/client/gta121004001.html
r	lRSc	1	24	0	0.000	/client/tacamo.html
r	lRSc	1	30	0	0.000	/client/mgqgcyat.asp
r	lRSc	1	3793	0	0.000	/banditomav.html
r	lRSc	1	1	0	0.000	/dev/client.cgi
r	lRSc	1	18702	0	0.000	/default.asp
r	lRSc	1	1666	0	0.000	/gt380 rpas.html
r	lRSc	1	1	0	0.000	/client/bandito+timeline2006.html
r	lRSc	1	16	0	0.000	/client/rq3+bandito.html
r	lRSc	1	1	0	0.000	/dev/uasfc.html
r	lRSc	1	229	0	0.000	/client.cgi
r	lRSc	1	71	0	0.000	/client/bandit+development.html
r	lRSc	1	2	0	0.000	/client/bandito development.html
r	lRSc	1	2	0	0.000	/stats/yearly.html
r	lRSc	1	2	0	0.000	/stats/domain.html
r	lRSc	1	1	0	0.000	/stats/monthly.html
r	lRSc	1	2	0	0.000	/stats/weekly.html
r	lRSc	1	8	0	0.000	/client/gta010707001.html
r	lRSc	1	3749	0	0.000	/bidspridpass.html
r	lRSc	1	6356	0	0.000	/pridpass.html
r	lRSc	1	12	0	0.000	/client/bandito.html
r	lRSc	1	1	0	0.000	/dev/pna.html
r	lRSc	1	1	0	0.000	/client/tacamo development.html
r	lRSc	1	4	0	0.000	/stats/index.htm
r	lRSc	1	4	0	0.000	/stats/nav.html
r	lRSc	1	1	0	0.000	/stats/quarterly.html
r	lRSc	1	3700	0	0.000	/bandituas.html
r	lRSc	1	2	0	0.000	/stats/directory.html
r	lRSc	1	2	0	0.000	/stats/organisation.html
r	lRSc	1	8	0	0.000	/client/bandito+timeline2007.html
r	lRSc	1	7	0	0.000	/client/bandit+timeline2007.html
r	lRSc	1	1	0	0.000	/dev/pridpass.html
t	*f	0.100000%B	b
t	lRb	1	305392	37.385	.html [Hypertext Markup Language]
t	lRb	1	203051	31.504	.jpg  [JPEG graphics]
t	lRb	1	236455	22.058	[directories]
t	lRb	1	778	3.281	.wmv
t	lRb	1	87	3.221	.mpg  [MPEG movie]
t	lRb	1	18734	1.386	.asp  [Active Server REQUESTS]
t	lRb	1	58363	0.419	.gif  [GIF graphics]
t	lRb	1	99780	0.342	.js  [JavaScript code]
t	lRb	1	52249	0.303	.css  [Cascading Style Sheets]
t	lRb	1	14545	0.101	.ico
t	lRb	1	270	0.001	[not listed: 5]
z	*FR	2009	06	30	04	42
z	*LR	2021	10	01	23	54
z	ScR	93	0.000	76289	0
z	ScR	0	0.000	0	1b-  10b
z	ScR	0	0.000	0	11b- 100b
z	ScR	45	0.007	79866	101b-  1kb
z	ScR	661	2.659	456455	1kb- 10kb
z	ScR	493	22.499	318807	10kb-100kb
z	ScR	250	46.092	57187	100kb-  1Mb
z	ScR	25	28.744	1057	1Mb- 10Mb
z	ScR	0	0.000	43	10Mb-100Mb
c	*FR	2014	03	02	13	52
c	*LR	2021	10	01	23	54
c	*f	0R	a
c	R	908405	200 OK
c	R	6403	206 Partial content
c	R	106	301 Document moved permanently
c	R	77	302 Document found elsewhere
c	R	74896	304 Not modified since last retrieval
c	R	712	400 Bad request
c	R	207	401 Authentication required
c	R	164	403 Access forbidden
c	R	404333	404 Document not found
c	R	804	405 Method not allowed
c	R	464	406 Document not acceptable to client
c	R	73	416 Requested range not valid
c	R	613	500 Internal server error
c	R	128	501 Request type not supported
I	*FR	2007	12	11	00	52
I	*LR	2021	10	01	22	51
I	*f	-30S	s
I	lRS	1	98040	151	/robots.txt
I	lRS	1	6083	20	/wp-login.php
I	lRS	1	1708	17	/xmlrpc.php
I	lRS	1	2844	12	/ads.txt
I	lRS	1	689	7	/videos/bandito+004+flt+8+clip+092508.wmv
I	lRS	1	1698	5	/plus/mytag_js.php
I	lRS	1	218	5	/fdgq.php
I	lRS	1	5	5	/wp-includes/js/crop/login.php
I	lRS	1	59	5	/coon.php
I	lRS	1	508	5	/.env
I	lRS	1	787	4	/sitemap.xml
I	lRS	1	53	4	/data/
I	lRS	1	577	4	/wordpress/
I	lRS	1	908	3	/
I	lRS	1	5	3	/panel/fckeditor/editor/filemanager/connectors/test.html
I	lRS	1	5	3	/fckeditor/editor/filemanager()/connectors/aspx/connector.aspx
I	lRS	1	5	3	/editor/editor/assetmanager/assetmanager.asp
I	lRS	1	18	3	/sites/default/files/
I	lRS	1	5	3	/editor/editor/assetmanager/assetmanager.aspx
I	lRS	1	5	3	/adm/fckeditor/editor/filemanager/browser/default/connectors/aspx/connector.aspx
I	lRS	1	5	3	/fckeditor/filemanager/connectors/test.html
I	lRS	1	5	3	/cpanel/fckeditor/editor/filemanager/connectors/php/connector.php
I	lRS	1	6	3	/cpanel/fckeditor/editor/filemanager/browser/default/connectors/test.html
I	lRS	1	191	3	/fckeditor/editor/filemanager/browser/default/connectors/asp/connector.asp
I	lRS	1	27	3	/editor/editor/filemanager/browser/default/connectors/php/connector.php
I	lRS	1	28	3	/editor/editor/filemanager/connectors/asp/connector.asp
I	lRS	1	5	3	/fckeditor/filemanager/browser/default/connectors/asp/connector.asp
I	lRS	1	6	3	/cpanel/fckeditor/editor/filemanager/upload/test.html
I	lRS	1	5	3	/panel/fckeditor/editor/filemanager/browser/default/connectors/php/connector.php
I	lRS	1	5	3	/cpanel/fckeditor/editor/filemanager/browser/default/connectors/aspx/connector.aspx
I	lRS	1	292991	447	[not listed: 21777]
L	*FR	2007	12	11	00	52
L	*LR	2021	10	01	22	51
L	*f	-20S	s
L	RS	414	414	118.70.81.118
L	RS	36	18	193.169.253.168
L	RS	11	11	52.247.226.210
L	RS	10	10	78.47.124.121
L	RS	7	7	51.91.7.5
L	RS	71	6	157.90.182.26
L	RS	15	5	203.159.80.220
L	RS	5	5	106.111.205.70
L	RS	5	5	117.95.9.3
L	RS	5	5	117.69.46.143
L	RS	5	5	118.113.244.221
L	RS	11	5	66.249.64.106
L	RS	121	5	66.249.64.92
L	RS	4	4	34.125.41.122
L	RS	6	4	87.250.224.184
L	RS	15	4	66.249.64.93
L	RS	27	4	157.55.39.53
L	RS	12	4	66.249.64.108
L	RS	5	3	51.222.253.10
L	RS	11	3	66.249.64.104
L	RS	406702	215	[not listed: 74741]
K	*FR	2013	12	22	04	20
K	*LR	2021	10	01	20	55
K	*f	-30S	s
K	lRS	1	28	28	http://misc.yahoo.com.cn/
K	lRS	1	50951	0	[not listed: 4885]
E	*FR	2008	01	06	10	12
E	*LR	2021	09	24	12	44
E	*f	-30S	s
E	lSR	1	0	183	[not listed: 6]
l	*FR	2008	01	06	10	12
l	*LR	2021	09	24	12	44
l	*f	-20S	s
l	SR	0	183	[not listed: 101]
v	*f	-20B	b
v	Rb	657415	53.072	66.113.131.59
v	Rb	332289	46.928	64.41.87.40
R	*FR	2008	01	06	10	12
R	*LR	2021	09	24	12	44
R	*f	-20R	r
R	R	178	66.113.131.59
R	R	5	64.41.87.40
M	*FR	2007	12	11	00	52
M	*LR	2021	10	01	22	51
M	*f	-20R	r
M	R	302606	66.113.131.59
M	R	104892	64.41.87.40
J	*FR	2007	12	11	00	53
J	*LR	2017	03	17	18	30
J	*f	-20R	r
J	R	9	gtaeronautics
J	R	5	lorrigkj
J	R	1	rullma2063
J	R	1	administrator
J	R	1	satish
J	R	1	nnnnn
P	*FR	2021	07	23	10	02
P	*LR	2021	10	01	23	54
P	R	37	0
P	R	0	<= 0.01
P	R	599	0.01-0.02
P	R	27606	0.02-0.05
P	R	63427	0.05-0.1 
P	R	77296	0.1 -0.2 
P	R	77719	0.2 -0.5 
P	R	39058	0.5 -1   
P	R	21264	1-  2 
P	R	9163	2-  5 
P	R	5387	5- 10 
P	R	2096	10- 20 
P	R	7777	20- 60 
P	R	709	60-120 
P	R	131	120-300 
