x	VE	analog 5.24
x	HN	gtaeronautics.com
x	PS	2026	02	02	01	57
x	FR	2007	12	18	17	05
x	LR	2026	02	01	05	57
x	E7	2026	02	02	01	57
x	SR	3401409
x	S7	14607
x	NC	959658
x	C7	0
x	FL	2644378
x	F7	1726
x	RR	627
x	R7	16
x	NH	141847
x	H7	1010
x	BT	57520368399
x	B7	0
1	Rr	89877	2.642	2026
1	Rr	870959	25.606	2025
1	Rr	836367	24.589	2024
1	Rr	511208	15.029	2023
1	Rr	82334	2.421	2022
1	Rr	98917	2.908	2021
1	Rr	89380	2.628	2020
1	Rr	80088	2.355	2019
1	Rr	68927	2.026	2018
1	Rr	60168	1.769	2017
1	Rr	73316	2.155	2016
1	Rr	80796	2.375	2015
1	Rr	110773	3.257	2014
1	Rr	65173	1.916	2013
1	Rr	60742	1.786	2012
1	Rr	57015	1.676	2011
1	Rr	22139	0.651	2010
1	Rr	69710	2.049	2009
1	Rr	71820	2.111	2008
1	Rr	1700	0.050	2007
1	*BT	R	870959	2025
Q	Rr	89877	2.642	2026	1
Q	Rr	243216	7.150	2025	4
Q	Rr	205969	6.055	2025	3
Q	Rr	216126	6.354	2025	2
Q	Rr	205648	6.046	2025	1
Q	Rr	202145	5.943	2024	4
Q	Rr	220334	6.478	2024	3
Q	Rr	204456	6.011	2024	2
Q	Rr	209432	6.157	2024	1
Q	Rr	182268	5.359	2023	4
Q	Rr	165939	4.879	2023	3
Q	Rr	135306	3.978	2023	2
Q	Rr	27695	0.814	2023	1
Q	Rr	20307	0.597	2022	4
Q	Rr	20362	0.599	2022	3
Q	Rr	21795	0.641	2022	2
Q	Rr	19870	0.584	2022	1
Q	Rr	21154	0.622	2021	4
Q	Rr	26826	0.789	2021	3
Q	Rr	30675	0.902	2021	2
Q	Rr	20262	0.596	2021	1
Q	Rr	22199	0.653	2020	4
Q	Rr	23882	0.702	2020	3
Q	Rr	21656	0.637	2020	2
Q	Rr	21643	0.636	2020	1
Q	Rr	19098	0.561	2019	4
Q	Rr	19668	0.578	2019	3
Q	Rr	19827	0.583	2019	2
Q	Rr	21495	0.632	2019	1
Q	Rr	18129	0.533	2018	4
Q	Rr	17138	0.504	2018	3
Q	Rr	16928	0.498	2018	2
Q	Rr	16732	0.492	2018	1
Q	Rr	15937	0.469	2017	4
Q	Rr	0	0.000	2017	3
Q	Rr	16831	0.495	2017	2
Q	Rr	27400	0.806	2017	1
Q	Rr	22114	0.650	2016	4
Q	Rr	17621	0.518	2016	3
Q	Rr	15878	0.467	2016	2
Q	Rr	17703	0.520	2016	1
Q	Rr	16575	0.487	2015	4
Q	Rr	22104	0.650	2015	3
Q	Rr	22485	0.661	2015	2
Q	Rr	19632	0.577	2015	1
Q	Rr	21142	0.622	2014	4
Q	Rr	22272	0.655	2014	3
Q	Rr	31453	0.925	2014	2
Q	Rr	35906	1.056	2014	1
Q	Rr	16436	0.483	2013	4
Q	Rr	15216	0.447	2013	3
Q	Rr	16545	0.486	2013	2
Q	Rr	16976	0.499	2013	1
Q	Rr	16578	0.487	2012	4
Q	Rr	12511	0.368	2012	3
Q	Rr	15816	0.465	2012	2
Q	Rr	15837	0.466	2012	1
Q	Rr	15444	0.454	2011	4
Q	Rr	17386	0.511	2011	3
Q	Rr	9395	0.276	2011	2
Q	Rr	14790	0.435	2011	1
Q	Rr	1603	0.047	2010	4
Q	Rr	0	0.000	2010	3
Q	Rr	14047	0.413	2010	2
Q	Rr	6489	0.191	2010	1
Q	Rr	16350	0.481	2009	4
Q	Rr	18220	0.536	2009	3
Q	Rr	17115	0.503	2009	2
Q	Rr	18025	0.530	2009	1
Q	Rr	15905	0.468	2008	4
Q	Rr	15660	0.460	2008	3
Q	Rr	22448	0.660	2008	2
Q	Rr	17807	0.524	2008	1
Q	Rr	1700	0.050	2007	4
Q	*BT	R	243216	2025	4
m	Rr	108	0.003	2026	02
m	Rr	89769	2.639	2026	01
m	Rr	83214	2.446	2025	12
m	Rr	77712	2.285	2025	11
m	Rr	82290	2.419	2025	10
m	Rr	74076	2.178	2025	09
m	Rr	63909	1.879	2025	08
m	Rr	67984	1.999	2025	07
m	Rr	77454	2.277	2025	06
m	Rr	66558	1.957	2025	05
m	Rr	72114	2.120	2025	04
m	Rr	70528	2.073	2025	03
m	Rr	57744	1.698	2025	02
m	Rr	77376	2.275	2025	01
m	Rr	57890	1.702	2024	12
m	Rr	63975	1.881	2024	11
m	Rr	80280	2.360	2024	10
m	Rr	73644	2.165	2024	09
m	Rr	72041	2.118	2024	08
m	Rr	74649	2.195	2024	07
m	Rr	69378	2.040	2024	06
m	Rr	72365	2.128	2024	05
m	Rr	62713	1.844	2024	04
m	Rr	66782	1.963	2024	03
m	Rr	68592	2.017	2024	02
m	Rr	74058	2.177	2024	01
m	Rr	54270	1.596	2023	12
m	Rr	61278	1.802	2023	11
m	Rr	66720	1.962	2023	10
m	Rr	51132	1.503	2023	09
m	Rr	54561	1.604	2023	08
m	Rr	60246	1.771	2023	07
m	Rr	66204	1.946	2023	06
m	Rr	60120	1.768	2023	05
m	Rr	8982	0.264	2023	04
m	Rr	10848	0.319	2023	03
m	Rr	8360	0.246	2023	02
m	Rr	8487	0.250	2023	01
m	Rr	6950	0.204	2022	12
m	Rr	6349	0.187	2022	11
m	Rr	7008	0.206	2022	10
m	Rr	6740	0.198	2022	09
m	Rr	6863	0.202	2022	08
m	Rr	6759	0.199	2022	07
m	Rr	6567	0.193	2022	06
m	Rr	8427	0.248	2022	05
m	Rr	6801	0.200	2022	04
m	Rr	6380	0.188	2022	03
m	Rr	6175	0.182	2022	02
m	Rr	7315	0.215	2022	01
m	Rr	7667	0.225	2021	12
m	Rr	7097	0.209	2021	11
m	Rr	6390	0.188	2021	10
m	Rr	6059	0.178	2021	09
m	Rr	9092	0.267	2021	08
m	Rr	11675	0.343	2021	07
m	Rr	10152	0.298	2021	06
m	Rr	10231	0.301	2021	05
m	Rr	10292	0.303	2021	04
m	Rr	7948	0.234	2021	03
m	Rr	5800	0.171	2021	02
m	Rr	6514	0.192	2021	01
m	Rr	8069	0.237	2020	12
m	Rr	6579	0.193	2020	11
m	Rr	7551	0.222	2020	10
m	Rr	8028	0.236	2020	09
m	Rr	7741	0.228	2020	08
m	Rr	8113	0.239	2020	07
m	Rr	7317	0.215	2020	06
m	Rr	6898	0.203	2020	05
m	Rr	7441	0.219	2020	04
m	Rr	7524	0.221	2020	03
m	Rr	7322	0.215	2020	02
m	Rr	6797	0.200	2020	01
m	Rr	6573	0.193	2019	12
m	Rr	5917	0.174	2019	11
m	Rr	6608	0.194	2019	10
m	Rr	6791	0.200	2019	09
m	Rr	6597	0.194	2019	08
m	Rr	6280	0.185	2019	07
m	Rr	6317	0.186	2019	06
m	Rr	6847	0.201	2019	05
m	Rr	6663	0.196	2019	04
m	Rr	7059	0.208	2019	03
m	Rr	6374	0.187	2019	02
m	Rr	8062	0.237	2019	01
m	Rr	6957	0.205	2018	12
m	Rr	5422	0.159	2018	11
m	Rr	5750	0.169	2018	10
m	Rr	5458	0.160	2018	09
m	Rr	5735	0.169	2018	08
m	Rr	5945	0.175	2018	07
m	Rr	7110	0.209	2018	06
m	Rr	6440	0.189	2018	05
m	Rr	3378	0.099	2018	04
m	Rr	5789	0.170	2018	03
m	Rr	5369	0.158	2018	02
m	Rr	5574	0.164	2018	01
m	Rr	3906	0.115	2017	12
m	Rr	6533	0.192	2017	11
m	Rr	5498	0.162	2017	10
m	Rr	0	0.000	2017	09
m	Rr	0	0.000	2017	08
m	Rr	0	0.000	2017	07
m	Rr	0	0.000	2017	06
m	Rr	6832	0.201	2017	05
m	Rr	9999	0.294	2017	04
m	Rr	11887	0.349	2017	03
m	Rr	7941	0.233	2017	02
m	Rr	7572	0.223	2017	01
m	Rr	9483	0.279	2016	12
m	Rr	7121	0.209	2016	11
m	Rr	5510	0.162	2016	10
m	Rr	6288	0.185	2016	09
m	Rr	5888	0.173	2016	08
m	Rr	5445	0.160	2016	07
m	Rr	5042	0.148	2016	06
m	Rr	5495	0.162	2016	05
m	Rr	5341	0.157	2016	04
m	Rr	5558	0.163	2016	03
m	Rr	5548	0.163	2016	02
m	Rr	6597	0.194	2016	01
m	Rr	5574	0.164	2015	12
m	Rr	5330	0.157	2015	11
m	Rr	5671	0.167	2015	10
m	Rr	6196	0.182	2015	09
m	Rr	6788	0.200	2015	08
m	Rr	9120	0.268	2015	07
m	Rr	7156	0.210	2015	06
m	Rr	5694	0.167	2015	05
m	Rr	9635	0.283	2015	04
m	Rr	6215	0.183	2015	03
m	Rr	6084	0.179	2015	02
m	Rr	7333	0.216	2015	01
m	Rr	6608	0.194	2014	12
m	Rr	6997	0.206	2014	11
m	Rr	7537	0.222	2014	10
m	Rr	7043	0.207	2014	09
m	Rr	7324	0.215	2014	08
m	Rr	7905	0.232	2014	07
m	Rr	11654	0.343	2014	06
m	Rr	9211	0.271	2014	05
m	Rr	10588	0.311	2014	04
m	Rr	7817	0.230	2014	03
m	Rr	15229	0.448	2014	02
m	Rr	12860	0.378	2014	01
m	Rr	5325	0.157	2013	12
m	Rr	5513	0.162	2013	11
m	Rr	5598	0.165	2013	10
m	Rr	4655	0.137	2013	09
m	Rr	4938	0.145	2013	08
m	Rr	5623	0.165	2013	07
m	Rr	5492	0.161	2013	06
m	Rr	5211	0.153	2013	05
m	Rr	5842	0.172	2013	04
m	Rr	6068	0.178	2013	03
m	Rr	5055	0.149	2013	02
m	Rr	5853	0.172	2013	01
m	Rr	5688	0.167	2012	12
m	Rr	5477	0.161	2012	11
m	Rr	5413	0.159	2012	10
m	Rr	4331	0.127	2012	09
m	Rr	3866	0.114	2012	08
m	Rr	4314	0.127	2012	07
m	Rr	4655	0.137	2012	06
m	Rr	6047	0.178	2012	05
m	Rr	5114	0.150	2012	04
m	Rr	6128	0.180	2012	03
m	Rr	5430	0.160	2012	02
m	Rr	4279	0.126	2012	01
m	Rr	5548	0.163	2011	12
m	Rr	4779	0.141	2011	11
m	Rr	5117	0.150	2011	10
m	Rr	5431	0.160	2011	09
m	Rr	6256	0.184	2011	08
m	Rr	5699	0.168	2011	07
m	Rr	5420	0.159	2011	06
m	Rr	3975	0.117	2011	05
m	Rr	0	0.000	2011	04
m	Rr	3608	0.106	2011	03
m	Rr	5171	0.152	2011	02
m	Rr	6011	0.177	2011	01
m	Rr	1603	0.047	2010	12
m	Rr	0	0.000	2010	11
m	Rr	0	0.000	2010	10
m	Rr	0	0.000	2010	09
m	Rr	0	0.000	2010	08
m	Rr	0	0.000	2010	07
m	Rr	4101	0.121	2010	06
m	Rr	5018	0.148	2010	05
m	Rr	4928	0.145	2010	04
m	Rr	5095	0.150	2010	03
m	Rr	1394	0.041	2010	02
m	Rr	0	0.000	2010	01
m	Rr	4665	0.137	2009	12
m	Rr	6187	0.182	2009	11
m	Rr	5498	0.162	2009	10
m	Rr	5066	0.149	2009	09
m	Rr	5718	0.168	2009	08
m	Rr	7436	0.219	2009	07
m	Rr	5685	0.167	2009	06
m	Rr	6120	0.180	2009	05
m	Rr	5310	0.156	2009	04
m	Rr	5515	0.162	2009	03
m	Rr	6123	0.180	2009	02
m	Rr	6387	0.188	2009	01
m	Rr	5763	0.169	2008	12
m	Rr	5420	0.159	2008	11
m	Rr	4722	0.139	2008	10
m	Rr	5435	0.160	2008	09
m	Rr	4843	0.142	2008	08
m	Rr	5382	0.158	2008	07
m	Rr	6082	0.179	2008	06
m	Rr	9946	0.292	2008	05
m	Rr	6420	0.189	2008	04
m	Rr	5431	0.160	2008	03
m	Rr	6469	0.190	2008	02
m	Rr	5907	0.174	2008	01
m	Rr	1700	0.050	2007	12
m	*BT	R	89769	2026	01
W	Rr	108	0.003	2026	02	01
W	Rr	17589	0.517	2026	01	25
W	Rr	25518	0.750	2026	01	18
W	Rr	15666	0.461	2026	01	11
W	Rr	22932	0.674	2026	01	04
W	Rr	19560	0.575	2025	12	28
W	Rr	14436	0.424	2025	12	21
W	Rr	18246	0.536	2025	12	14
W	Rr	19134	0.563	2025	12	07
W	Rr	22914	0.674	2025	11	30
W	Rr	15396	0.453	2025	11	23
W	Rr	18566	0.546	2025	11	16
W	Rr	18382	0.540	2025	11	09
W	Rr	21042	0.619	2025	11	02
W	Rr	18576	0.546	2025	10	26
W	Rr	19032	0.560	2025	10	19
W	Rr	20160	0.593	2025	10	12
W	Rr	15738	0.463	2025	10	05
W	Rr	16980	0.499	2025	09	28
W	Rr	15936	0.469	2025	09	21
W	Rr	18606	0.547	2025	09	14
W	Rr	18696	0.550	2025	09	07
W	Rr	15443	0.454	2025	08	31
W	Rr	14811	0.435	2025	08	24
W	Rr	14154	0.416	2025	08	17
W	Rr	16740	0.492	2025	08	10
W	Rr	11673	0.343	2025	08	03
W	Rr	13621	0.400	2025	07	27
W	Rr	15799	0.464	2025	07	20
W	Rr	16620	0.489	2025	07	13
W	Rr	17442	0.513	2025	07	06
W	Rr	13284	0.391	2025	06	29
W	Rr	18606	0.547	2025	06	22
W	Rr	23286	0.685	2025	06	15
W	Rr	14754	0.434	2025	06	08
W	Rr	17070	0.502	2025	06	01
W	Rr	15198	0.447	2025	05	25
W	Rr	16746	0.492	2025	05	18
W	Rr	14580	0.429	2025	05	11
W	Rr	13488	0.397	2025	05	04
W	Rr	15054	0.443	2025	04	27
W	Rr	16902	0.497	2025	04	20
W	Rr	18834	0.554	2025	04	13
W	Rr	15738	0.463	2025	04	06
W	Rr	16944	0.498	2025	03	30
W	Rr	15846	0.466	2025	03	23
W	Rr	14881	0.437	2025	03	16
W	Rr	13983	0.411	2025	03	09
W	Rr	18684	0.549	2025	03	02
W	Rr	15570	0.458	2025	02	23
W	Rr	16366	0.481	2025	02	16
W	Rr	10610	0.312	2025	02	09
W	Rr	16170	0.475	2025	02	02
W	Rr	18018	0.530	2025	01	26
W	Rr	18210	0.535	2025	01	19
W	Rr	18726	0.551	2025	01	12
W	Rr	16789	0.494	2025	01	05
W	Rr	12005	0.353	2024	12	29
W	Rr	11414	0.336	2024	12	22
W	Rr	15924	0.468	2024	12	15
W	Rr	12318	0.362	2024	12	08
W	Rr	13212	0.388	2024	12	01
W	Rr	14492	0.426	2024	11	24
W	Rr	14773	0.434	2024	11	17
W	Rr	15900	0.467	2024	11	10
W	Rr	15042	0.442	2024	11	03
W	Rr	14430	0.424	2024	10	27
W	Rr	20382	0.599	2024	10	20
W	Rr	20310	0.597	2024	10	13
W	Rr	17544	0.516	2024	10	06
W	Rr	16788	0.494	2024	09	29
W	Rr	16014	0.471	2024	09	22
W	Rr	17958	0.528	2024	09	15
W	Rr	18306	0.538	2024	09	08
W	Rr	15960	0.469	2024	09	01
W	Rr	18348	0.539	2024	08	25
W	Rr	15726	0.462	2024	08	18
W	Rr	14490	0.426	2024	08	11
W	Rr	15707	0.462	2024	08	04
W	Rr	17598	0.517	2024	07	28
W	Rr	15120	0.445	2024	07	21
W	Rr	14667	0.431	2024	07	14
W	Rr	18810	0.553	2024	07	07
W	Rr	18384	0.540	2024	06	30
W	Rr	16152	0.475	2024	06	23
W	Rr	16674	0.490	2024	06	16
W	Rr	13122	0.386	2024	06	09
W	Rr	18264	0.537	2024	06	02
W	Rr	17766	0.522	2024	05	26
W	Rr	14970	0.440	2024	05	19
W	Rr	14346	0.422	2024	05	12
W	Rr	17520	0.515	2024	05	05
W	Rr	17624	0.518	2024	04	28
W	Rr	15605	0.459	2024	04	21
W	Rr	14394	0.423	2024	04	14
W	Rr	13500	0.397	2024	04	07
W	Rr	13599	0.400	2024	03	31
W	Rr	16024	0.471	2024	03	24
W	Rr	14040	0.413	2024	03	17
W	Rr	16854	0.496	2024	03	10
W	Rr	15624	0.459	2024	03	03
W	Rr	17778	0.523	2024	02	25
W	Rr	13428	0.395	2024	02	18
W	Rr	16572	0.487	2024	02	11
W	Rr	17070	0.502	2024	02	04
W	Rr	26220	0.771	2024	01	28
W	Rr	14730	0.433	2024	01	21
W	Rr	13098	0.385	2024	01	14
W	Rr	15324	0.451	2024	01	07
W	Rr	12552	0.369	2023	12	31
W	Rr	11406	0.335	2023	12	24
W	Rr	11184	0.329	2023	12	17
W	Rr	13956	0.410	2023	12	10
W	Rr	13644	0.401	2023	12	03
W	Rr	12390	0.364	2023	11	26
W	Rr	11682	0.343	2023	11	19
W	Rr	15756	0.463	2023	11	12
W	Rr	16596	0.488	2023	11	05
W	Rr	16104	0.473	2023	10	29
W	Rr	13980	0.411	2023	10	22
W	Rr	15450	0.454	2023	10	15
W	Rr	14713	0.433	2023	10	08
W	Rr	14285	0.420	2023	10	01
W	Rr	14478	0.426	2023	09	24
W	Rr	11904	0.350	2023	09	17
W	Rr	10968	0.322	2023	09	10
W	Rr	10482	0.308	2023	09	03
W	Rr	10800	0.318	2023	08	27
W	Rr	14568	0.428	2023	08	20
W	Rr	12504	0.368	2023	08	13
W	Rr	12076	0.355	2023	08	06
W	Rr	10997	0.323	2023	07	30
W	Rr	13392	0.394	2023	07	23
W	Rr	13224	0.389	2023	07	16
W	Rr	16128	0.474	2023	07	09
W	Rr	13356	0.393	2023	07	02
W	Rr	12558	0.369	2023	06	25
W	Rr	17082	0.502	2023	06	18
W	Rr	16452	0.484	2023	06	11
W	Rr	15336	0.451	2023	06	04
W	Rr	13482	0.396	2023	05	28
W	Rr	16248	0.478	2023	05	21
W	Rr	15078	0.443	2023	05	14
W	Rr	17181	0.505	2023	05	07
W	Rr	4282	0.126	2023	04	30
W	Rr	2458	0.072	2023	04	23
W	Rr	2269	0.067	2023	04	16
W	Rr	1553	0.046	2023	04	09
W	Rr	2389	0.070	2023	04	02
W	Rr	1701	0.050	2023	03	26
W	Rr	1943	0.057	2023	03	19
W	Rr	2225	0.065	2023	03	12
W	Rr	2192	0.064	2023	03	05
W	Rr	4055	0.119	2023	02	26
W	Rr	2406	0.071	2023	02	19
W	Rr	1898	0.056	2023	02	12
W	Rr	1890	0.056	2023	02	05
W	Rr	1861	0.055	2023	01	29
W	Rr	1686	0.050	2023	01	22
W	Rr	1779	0.052	2023	01	15
W	Rr	1833	0.054	2023	01	08
W	Rr	2226	0.065	2023	01	01
W	Rr	1280	0.038	2022	12	25
W	Rr	1806	0.053	2022	12	18
W	Rr	1773	0.052	2022	12	11
W	Rr	1532	0.045	2022	12	04
W	Rr	1586	0.047	2022	11	27
W	Rr	1093	0.032	2022	11	20
W	Rr	1366	0.040	2022	11	13
W	Rr	1972	0.058	2022	11	06
W	Rr	1396	0.041	2022	10	30
W	Rr	1547	0.045	2022	10	23
W	Rr	1641	0.048	2022	10	16
W	Rr	1747	0.051	2022	10	09
W	Rr	1568	0.046	2022	10	02
W	Rr	1379	0.041	2022	09	25
W	Rr	1695	0.050	2022	09	18
W	Rr	1701	0.050	2022	09	11
W	Rr	1568	0.046	2022	09	04
W	Rr	1562	0.046	2022	08	28
W	Rr	1488	0.044	2022	08	21
W	Rr	1646	0.048	2022	08	14
W	Rr	1430	0.042	2022	08	07
W	Rr	1446	0.043	2022	07	31
W	Rr	1383	0.041	2022	07	24
W	Rr	1661	0.049	2022	07	17
W	Rr	1478	0.043	2022	07	10
W	Rr	1711	0.050	2022	07	03
W	Rr	1804	0.053	2022	06	26
W	Rr	1298	0.038	2022	06	19
W	Rr	1407	0.041	2022	06	12
W	Rr	1396	0.041	2022	06	05
W	Rr	1638	0.048	2022	05	29
W	Rr	1724	0.051	2022	05	22
W	Rr	2427	0.071	2022	05	15
W	Rr	2100	0.062	2022	05	08
W	Rr	1414	0.042	2022	05	01
W	Rr	1865	0.055	2022	04	24
W	Rr	1381	0.041	2022	04	17
W	Rr	1630	0.048	2022	04	10
W	Rr	1670	0.049	2022	04	03
W	Rr	1588	0.047	2022	03	27
W	Rr	1204	0.035	2022	03	20
W	Rr	1350	0.040	2022	03	13
W	Rr	1488	0.044	2022	03	06
W	Rr	1368	0.040	2022	02	27
W	Rr	1481	0.044	2022	02	20
W	Rr	1657	0.049	2022	02	13
W	Rr	1518	0.045	2022	02	06
W	Rr	1787	0.053	2022	01	30
W	Rr	2021	0.059	2022	01	23
W	Rr	1429	0.042	2022	01	16
W	Rr	1693	0.050	2022	01	09
W	Rr	1541	0.045	2022	01	02
W	Rr	1311	0.039	2021	12	26
W	Rr	1839	0.054	2021	12	19
W	Rr	1732	0.051	2021	12	12
W	Rr	2001	0.059	2021	12	05
W	Rr	1641	0.048	2021	11	28
W	Rr	1615	0.047	2021	11	21
W	Rr	1673	0.049	2021	11	14
W	Rr	1625	0.048	2021	11	07
W	Rr	1523	0.045	2021	10	31
W	Rr	1562	0.046	2021	10	24
W	Rr	1474	0.043	2021	10	17
W	Rr	1349	0.040	2021	10	10
W	Rr	1615	0.047	2021	10	03
W	Rr	1598	0.047	2021	09	26
W	Rr	1646	0.048	2021	09	19
W	Rr	1203	0.035	2021	09	12
W	Rr	1106	0.033	2021	09	05
W	Rr	1383	0.041	2021	08	29
W	Rr	1685	0.050	2021	08	22
W	Rr	2071	0.061	2021	08	15
W	Rr	2279	0.067	2021	08	08
W	Rr	2374	0.070	2021	08	01
W	Rr	2543	0.075	2021	07	25
W	Rr	2843	0.084	2021	07	18
W	Rr	2777	0.082	2021	07	11
W	Rr	2756	0.081	2021	07	04
W	Rr	2524	0.074	2021	06	27
W	Rr	2466	0.072	2021	06	20
W	Rr	2262	0.067	2021	06	13
W	Rr	2264	0.067	2021	06	06
W	Rr	2101	0.062	2021	05	30
W	Rr	3009	0.088	2021	05	23
W	Rr	1989	0.058	2021	05	16
W	Rr	2386	0.070	2021	05	09
W	Rr	2138	0.063	2021	05	02
W	Rr	1668	0.049	2021	04	25
W	Rr	2413	0.071	2021	04	18
W	Rr	3035	0.089	2021	04	11
W	Rr	2709	0.080	2021	04	04
W	Rr	1942	0.057	2021	03	28
W	Rr	1666	0.049	2021	03	21
W	Rr	1476	0.043	2021	03	14
W	Rr	1713	0.050	2021	03	07
W	Rr	1777	0.052	2021	02	28
W	Rr	1173	0.034	2021	02	21
W	Rr	1101	0.032	2021	02	14
W	Rr	1699	0.050	2021	02	07
W	Rr	1867	0.055	2021	01	31
W	Rr	1404	0.041	2021	01	24
W	Rr	1564	0.046	2021	01	17
W	Rr	1431	0.042	2021	01	10
W	Rr	1666	0.049	2021	01	03
W	Rr	1926	0.057	2020	12	27
W	Rr	1572	0.046	2020	12	20
W	Rr	1404	0.041	2020	12	13
W	Rr	2272	0.067	2020	12	06
W	Rr	1522	0.045	2020	11	29
W	Rr	1722	0.051	2020	11	22
W	Rr	1580	0.046	2020	11	15
W	Rr	1401	0.041	2020	11	08
W	Rr	1499	0.044	2020	11	01
W	Rr	1470	0.043	2020	10	25
W	Rr	2379	0.070	2020	10	18
W	Rr	1559	0.046	2020	10	11
W	Rr	1729	0.051	2020	10	04
W	Rr	1674	0.049	2020	09	27
W	Rr	1786	0.053	2020	09	20
W	Rr	2200	0.065	2020	09	13
W	Rr	1677	0.049	2020	09	06
W	Rr	1596	0.047	2020	08	30
W	Rr	1833	0.054	2020	08	23
W	Rr	1814	0.053	2020	08	16
W	Rr	2206	0.065	2020	08	09
W	Rr	1397	0.041	2020	08	02
W	Rr	1816	0.053	2020	07	26
W	Rr	1949	0.057	2020	07	19
W	Rr	1532	0.045	2020	07	12
W	Rr	1976	0.058	2020	07	05
W	Rr	1600	0.047	2020	06	28
W	Rr	1627	0.048	2020	06	21
W	Rr	2101	0.062	2020	06	14
W	Rr	1590	0.047	2020	06	07
W	Rr	1492	0.044	2020	05	31
W	Rr	1556	0.046	2020	05	24
W	Rr	1756	0.052	2020	05	17
W	Rr	1568	0.046	2020	05	10
W	Rr	1567	0.046	2020	05	03
W	Rr	1734	0.051	2020	04	26
W	Rr	1675	0.049	2020	04	19
W	Rr	1702	0.050	2020	04	12
W	Rr	1965	0.058	2020	04	05
W	Rr	1329	0.039	2020	03	29
W	Rr	1818	0.053	2020	03	22
W	Rr	1345	0.040	2020	03	15
W	Rr	1581	0.046	2020	03	08
W	Rr	2014	0.059	2020	03	01
W	Rr	1942	0.057	2020	02	23
W	Rr	1748	0.051	2020	02	16
W	Rr	1949	0.057	2020	02	09
W	Rr	1683	0.049	2020	02	02
W	Rr	1436	0.042	2020	01	26
W	Rr	1792	0.053	2020	01	19
W	Rr	1519	0.045	2020	01	12
W	Rr	1420	0.042	2020	01	05
W	Rr	1109	0.033	2019	12	29
W	Rr	1023	0.030	2019	12	22
W	Rr	1584	0.047	2019	12	15
W	Rr	1783	0.052	2019	12	08
W	Rr	1704	0.050	2019	12	01
W	Rr	1178	0.035	2019	11	24
W	Rr	1697	0.050	2019	11	17
W	Rr	1510	0.044	2019	11	10
W	Rr	1383	0.041	2019	11	03
W	Rr	1309	0.038	2019	10	27
W	Rr	1473	0.043	2019	10	20
W	Rr	1519	0.045	2019	10	13
W	Rr	1485	0.044	2019	10	06
W	Rr	1416	0.042	2019	09	29
W	Rr	1499	0.044	2019	09	22
W	Rr	1652	0.049	2019	09	15
W	Rr	1710	0.050	2019	09	08
W	Rr	1485	0.044	2019	09	01
W	Rr	1689	0.050	2019	08	25
W	Rr	1315	0.039	2019	08	18
W	Rr	1619	0.048	2019	08	11
W	Rr	1558	0.046	2019	08	04
W	Rr	1360	0.040	2019	07	28
W	Rr	1191	0.035	2019	07	21
W	Rr	1730	0.051	2019	07	14
W	Rr	1299	0.038	2019	07	07
W	Rr	1339	0.039	2019	06	30
W	Rr	1592	0.047	2019	06	23
W	Rr	1497	0.044	2019	06	16
W	Rr	1450	0.043	2019	06	09
W	Rr	1555	0.046	2019	06	02
W	Rr	1289	0.038	2019	05	26
W	Rr	1863	0.055	2019	05	19
W	Rr	1385	0.041	2019	05	12
W	Rr	1553	0.046	2019	05	05
W	Rr	1655	0.049	2019	04	28
W	Rr	1282	0.038	2019	04	21
W	Rr	1503	0.044	2019	04	14
W	Rr	1623	0.048	2019	04	07
W	Rr	1715	0.050	2019	03	31
W	Rr	1882	0.055	2019	03	24
W	Rr	1464	0.043	2019	03	17
W	Rr	1381	0.041	2019	03	10
W	Rr	1627	0.048	2019	03	03
W	Rr	1773	0.052	2019	02	24
W	Rr	1669	0.049	2019	02	17
W	Rr	1483	0.044	2019	02	10
W	Rr	1391	0.041	2019	02	03
W	Rr	1797	0.053	2019	01	27
W	Rr	1963	0.058	2019	01	20
W	Rr	2029	0.060	2019	01	13
W	Rr	1696	0.050	2019	01	06
W	Rr	1526	0.045	2018	12	30
W	Rr	1226	0.036	2018	12	23
W	Rr	1442	0.042	2018	12	16
W	Rr	1936	0.057	2018	12	09
W	Rr	1809	0.053	2018	12	02
W	Rr	1295	0.038	2018	11	25
W	Rr	1820	0.054	2018	11	18
W	Rr	1802	0.053	2018	11	11
W	Rr	0	0.000	2018	11	04
W	Rr	1473	0.043	2018	10	28
W	Rr	1106	0.033	2018	10	21
W	Rr	1427	0.042	2018	10	14
W	Rr	1214	0.036	2018	10	07
W	Rr	1168	0.034	2018	09	30
W	Rr	1420	0.042	2018	09	23
W	Rr	1197	0.035	2018	09	16
W	Rr	1388	0.041	2018	09	09
W	Rr	1320	0.039	2018	09	02
W	Rr	1246	0.037	2018	08	26
W	Rr	1214	0.036	2018	08	19
W	Rr	1366	0.040	2018	08	12
W	Rr	1195	0.035	2018	08	05
W	Rr	1346	0.040	2018	07	29
W	Rr	1374	0.040	2018	07	22
W	Rr	1508	0.044	2018	07	15
W	Rr	1522	0.045	2018	07	08
W	Rr	909	0.027	2018	07	01
W	Rr	1444	0.042	2018	06	24
W	Rr	2682	0.079	2018	06	17
W	Rr	1365	0.040	2018	06	10
W	Rr	1329	0.039	2018	06	03
W	Rr	1275	0.037	2018	05	27
W	Rr	1392	0.041	2018	05	20
W	Rr	1321	0.039	2018	05	13
W	Rr	1527	0.045	2018	05	06
W	Rr	1517	0.045	2018	04	29
W	Rr	0	0.000	2018	04	22
W	Rr	1364	0.040	2018	04	15
W	Rr	1712	0.050	2018	04	08
W	Rr	0	0.000	2018	04	01
W	Rr	1543	0.045	2018	03	25
W	Rr	1342	0.039	2018	03	18
W	Rr	2429	0.071	2018	03	11
W	Rr	0	0.000	2018	03	04
W	Rr	1366	0.040	2018	02	25
W	Rr	1308	0.038	2018	02	18
W	Rr	1439	0.042	2018	02	11
W	Rr	1731	0.051	2018	02	04
W	Rr	0	0.000	2018	01	28
W	Rr	1434	0.042	2018	01	21
W	Rr	1578	0.046	2018	01	14
W	Rr	1471	0.043	2018	01	07
W	Rr	1246	0.037	2017	12	31
W	Rr	1033	0.030	2017	12	24
W	Rr	1103	0.032	2017	12	17
W	Rr	1406	0.041	2017	12	10
W	Rr	0	0.000	2017	12	03
W	Rr	1335	0.039	2017	11	26
W	Rr	1427	0.042	2017	11	19
W	Rr	1662	0.049	2017	11	12
W	Rr	1414	0.042	2017	11	05
W	Rr	1349	0.040	2017	10	29
W	Rr	1208	0.036	2017	10	22
W	Rr	2013	0.059	2017	10	15
W	Rr	1832	0.054	2017	10	08
W	Rr	0	0.000	2017	10	01
W	Rr	0	0.000	2017	09	24
W	Rr	0	0.000	2017	09	17
W	Rr	0	0.000	2017	09	10
W	Rr	0	0.000	2017	09	03
W	Rr	0	0.000	2017	08	27
W	Rr	0	0.000	2017	08	20
W	Rr	0	0.000	2017	08	13
W	Rr	0	0.000	2017	08	06
W	Rr	0	0.000	2017	07	30
W	Rr	0	0.000	2017	07	23
W	Rr	0	0.000	2017	07	16
W	Rr	0	0.000	2017	07	09
W	Rr	0	0.000	2017	07	02
W	Rr	0	0.000	2017	06	25
W	Rr	0	0.000	2017	06	18
W	Rr	0	0.000	2017	06	11
W	Rr	0	0.000	2017	06	04
W	Rr	25	0.001	2017	05	28
W	Rr	1838	0.054	2017	05	21
W	Rr	1915	0.056	2017	05	14
W	Rr	1676	0.049	2017	05	07
W	Rr	1677	0.049	2017	04	30
W	Rr	2071	0.061	2017	04	23
W	Rr	1978	0.058	2017	04	16
W	Rr	1874	0.055	2017	04	09
W	Rr	3435	0.101	2017	04	02
W	Rr	2619	0.077	2017	03	26
W	Rr	2633	0.077	2017	03	19
W	Rr	2413	0.071	2017	03	12
W	Rr	3092	0.091	2017	03	05
W	Rr	2295	0.067	2017	02	26
W	Rr	2204	0.065	2017	02	19
W	Rr	1869	0.055	2017	02	12
W	Rr	1973	0.058	2017	02	05
W	Rr	1783	0.052	2017	01	29
W	Rr	1768	0.052	2017	01	22
W	Rr	1585	0.047	2017	01	15
W	Rr	1768	0.052	2017	01	08
W	Rr	1740	0.051	2017	01	01
W	Rr	1549	0.046	2016	12	25
W	Rr	2202	0.065	2016	12	18
W	Rr	1812	0.053	2016	12	11
W	Rr	2648	0.078	2016	12	04
W	Rr	2236	0.066	2016	11	27
W	Rr	1321	0.039	2016	11	20
W	Rr	1996	0.059	2016	11	13
W	Rr	1716	0.050	2016	11	06
W	Rr	1564	0.046	2016	10	30
W	Rr	1362	0.040	2016	10	23
W	Rr	1707	0.050	2016	10	16
W	Rr	1696	0.050	2016	10	09
W	Rr	36	0.001	2016	10	02
W	Rr	2002	0.059	2016	09	25
W	Rr	1399	0.041	2016	09	18
W	Rr	1199	0.035	2016	09	11
W	Rr	1326	0.039	2016	09	04
W	Rr	1316	0.039	2016	08	28
W	Rr	1257	0.037	2016	08	21
W	Rr	1208	0.036	2016	08	14
W	Rr	1602	0.047	2016	08	07
W	Rr	1319	0.039	2016	07	31
W	Rr	1796	0.053	2016	07	24
W	Rr	1171	0.034	2016	07	17
W	Rr	1167	0.034	2016	07	10
W	Rr	917	0.027	2016	07	03
W	Rr	920	0.027	2016	06	26
W	Rr	1179	0.035	2016	06	19
W	Rr	1288	0.038	2016	06	12
W	Rr	1237	0.036	2016	06	05
W	Rr	1263	0.037	2016	05	29
W	Rr	1338	0.039	2016	05	22
W	Rr	1184	0.035	2016	05	15
W	Rr	1365	0.040	2016	05	08
W	Rr	974	0.029	2016	05	01
W	Rr	1311	0.039	2016	04	24
W	Rr	1127	0.033	2016	04	17
W	Rr	1248	0.037	2016	04	10
W	Rr	1451	0.043	2016	04	03
W	Rr	987	0.029	2016	03	27
W	Rr	1233	0.036	2016	03	20
W	Rr	1347	0.040	2016	03	13
W	Rr	1347	0.040	2016	03	06
W	Rr	1236	0.036	2016	02	28
W	Rr	1422	0.042	2016	02	21
W	Rr	1085	0.032	2016	02	14
W	Rr	1427	0.042	2016	02	07
W	Rr	1359	0.040	2016	01	31
W	Rr	1708	0.050	2016	01	24
W	Rr	1476	0.043	2016	01	17
W	Rr	1563	0.046	2016	01	10
W	Rr	1381	0.041	2016	01	03
W	Rr	1273	0.037	2015	12	27
W	Rr	1084	0.032	2015	12	20
W	Rr	1344	0.040	2015	12	13
W	Rr	1336	0.039	2015	12	06
W	Rr	1123	0.033	2015	11	29
W	Rr	960	0.028	2015	11	22
W	Rr	1337	0.039	2015	11	15
W	Rr	1400	0.041	2015	11	08
W	Rr	1383	0.041	2015	11	01
W	Rr	1250	0.037	2015	10	25
W	Rr	1366	0.040	2015	10	18
W	Rr	1367	0.040	2015	10	11
W	Rr	1214	0.036	2015	10	04
W	Rr	1152	0.034	2015	09	27
W	Rr	1387	0.041	2015	09	20
W	Rr	1655	0.049	2015	09	13
W	Rr	1526	0.045	2015	09	06
W	Rr	1242	0.037	2015	08	30
W	Rr	1800	0.053	2015	08	23
W	Rr	1527	0.045	2015	08	16
W	Rr	1386	0.041	2015	08	09
W	Rr	1593	0.047	2015	08	02
W	Rr	1567	0.046	2015	07	26
W	Rr	1980	0.058	2015	07	19
W	Rr	2180	0.064	2015	07	12
W	Rr	2008	0.059	2015	07	05
W	Rr	2297	0.068	2015	06	28
W	Rr	1556	0.046	2015	06	21
W	Rr	1380	0.041	2015	06	14
W	Rr	2013	0.059	2015	06	07
W	Rr	1651	0.049	2015	05	31
W	Rr	1224	0.036	2015	05	24
W	Rr	1355	0.040	2015	05	17
W	Rr	1179	0.035	2015	05	10
W	Rr	1436	0.042	2015	05	03
W	Rr	1671	0.049	2015	04	26
W	Rr	1878	0.055	2015	04	19
W	Rr	2326	0.068	2015	04	12
W	Rr	2636	0.077	2015	04	05
W	Rr	2297	0.068	2015	03	29
W	Rr	1237	0.036	2015	03	22
W	Rr	1453	0.043	2015	03	15
W	Rr	1399	0.041	2015	03	08
W	Rr	1287	0.038	2015	03	01
W	Rr	1249	0.037	2015	02	22
W	Rr	1373	0.040	2015	02	15
W	Rr	1790	0.053	2015	02	08
W	Rr	1672	0.049	2015	02	01
W	Rr	1543	0.045	2015	01	25
W	Rr	1463	0.043	2015	01	18
W	Rr	1696	0.050	2015	01	11
W	Rr	1707	0.050	2015	01	04
W	Rr	1833	0.054	2014	12	28
W	Rr	1335	0.039	2014	12	21
W	Rr	1644	0.048	2014	12	14
W	Rr	1541	0.045	2014	12	07
W	Rr	1335	0.039	2014	11	30
W	Rr	1262	0.037	2014	11	23
W	Rr	2009	0.059	2014	11	16
W	Rr	1566	0.046	2014	11	09
W	Rr	1814	0.053	2014	11	02
W	Rr	1452	0.043	2014	10	26
W	Rr	1642	0.048	2014	10	19
W	Rr	1795	0.053	2014	10	12
W	Rr	1836	0.054	2014	10	05
W	Rr	1662	0.049	2014	09	28
W	Rr	1843	0.054	2014	09	21
W	Rr	1678	0.049	2014	09	14
W	Rr	1598	0.047	2014	09	07
W	Rr	1418	0.042	2014	08	31
W	Rr	1584	0.047	2014	08	24
W	Rr	1571	0.046	2014	08	17
W	Rr	1727	0.051	2014	08	10
W	Rr	1927	0.057	2014	08	03
W	Rr	1691	0.050	2014	07	27
W	Rr	1702	0.050	2014	07	20
W	Rr	1624	0.048	2014	07	13
W	Rr	1831	0.054	2014	07	06
W	Rr	1867	0.055	2014	06	29
W	Rr	1927	0.057	2014	06	22
W	Rr	2134	0.063	2014	06	15
W	Rr	4851	0.143	2014	06	08
W	Rr	2293	0.067	2014	06	01
W	Rr	3180	0.093	2014	05	25
W	Rr	1468	0.043	2014	05	18
W	Rr	1808	0.053	2014	05	11
W	Rr	1998	0.059	2014	05	04
W	Rr	1876	0.055	2014	04	27
W	Rr	2330	0.069	2014	04	20
W	Rr	2565	0.075	2014	04	13
W	Rr	2652	0.078	2014	04	06
W	Rr	2574	0.076	2014	03	30
W	Rr	1186	0.035	2014	03	23
W	Rr	1305	0.038	2014	03	16
W	Rr	2273	0.067	2014	03	09
W	Rr	2231	0.066	2014	03	02
W	Rr	1925	0.057	2014	02	23
W	Rr	7060	0.208	2014	02	16
W	Rr	2854	0.084	2014	02	09
W	Rr	3190	0.094	2014	02	02
W	Rr	3743	0.110	2014	01	26
W	Rr	3643	0.107	2014	01	19
W	Rr	2961	0.087	2014	01	12
W	Rr	2319	0.068	2014	01	05
W	Rr	981	0.029	2013	12	29
W	Rr	1108	0.033	2013	12	22
W	Rr	1226	0.036	2013	12	15
W	Rr	1285	0.038	2013	12	08
W	Rr	1289	0.038	2013	12	01
W	Rr	1404	0.041	2013	11	24
W	Rr	1142	0.034	2013	11	17
W	Rr	1334	0.039	2013	11	10
W	Rr	1277	0.038	2013	11	03
W	Rr	1035	0.030	2013	10	27
W	Rr	1309	0.038	2013	10	20
W	Rr	1302	0.038	2013	10	13
W	Rr	1432	0.042	2013	10	06
W	Rr	1178	0.035	2013	09	29
W	Rr	947	0.028	2013	09	22
W	Rr	1254	0.037	2013	09	15
W	Rr	1099	0.032	2013	09	08
W	Rr	1053	0.031	2013	09	01
W	Rr	1010	0.030	2013	08	25
W	Rr	1102	0.032	2013	08	18
W	Rr	1063	0.031	2013	08	11
W	Rr	1105	0.032	2013	08	04
W	Rr	1377	0.040	2013	07	28
W	Rr	1498	0.044	2013	07	21
W	Rr	1295	0.038	2013	07	14
W	Rr	1237	0.036	2013	07	07
W	Rr	1003	0.029	2013	06	30
W	Rr	1275	0.037	2013	06	23
W	Rr	1072	0.032	2013	06	16
W	Rr	1249	0.037	2013	06	09
W	Rr	1521	0.045	2013	06	02
W	Rr	1256	0.037	2013	05	26
W	Rr	1091	0.032	2013	05	19
W	Rr	1359	0.040	2013	05	12
W	Rr	1130	0.033	2013	05	05
W	Rr	1215	0.036	2013	04	28
W	Rr	1368	0.040	2013	04	21
W	Rr	1318	0.039	2013	04	14
W	Rr	1408	0.041	2013	04	07
W	Rr	1277	0.038	2013	03	31
W	Rr	1452	0.043	2013	03	24
W	Rr	1418	0.042	2013	03	17
W	Rr	1217	0.036	2013	03	10
W	Rr	1490	0.044	2013	03	03
W	Rr	1353	0.040	2013	02	24
W	Rr	1268	0.037	2013	02	17
W	Rr	1274	0.037	2013	02	10
W	Rr	1153	0.034	2013	02	03
W	Rr	1266	0.037	2013	01	27
W	Rr	1271	0.037	2013	01	20
W	Rr	1449	0.043	2013	01	13
W	Rr	1253	0.037	2013	01	06
W	Rr	1309	0.038	2012	12	30
W	Rr	1156	0.034	2012	12	23
W	Rr	1336	0.039	2012	12	16
W	Rr	1575	0.046	2012	12	09
W	Rr	1087	0.032	2012	12	02
W	Rr	1376	0.040	2012	11	25
W	Rr	1136	0.033	2012	11	18
W	Rr	1341	0.039	2012	11	11
W	Rr	1418	0.042	2012	11	04
W	Rr	1103	0.032	2012	10	28
W	Rr	1200	0.035	2012	10	21
W	Rr	1382	0.041	2012	10	14
W	Rr	1127	0.033	2012	10	07
W	Rr	1187	0.035	2012	09	30
W	Rr	1172	0.034	2012	09	23
W	Rr	1034	0.030	2012	09	16
W	Rr	944	0.028	2012	09	09
W	Rr	958	0.028	2012	09	02
W	Rr	734	0.022	2012	08	26
W	Rr	881	0.026	2012	08	19
W	Rr	874	0.026	2012	08	12
W	Rr	973	0.029	2012	08	05
W	Rr	1010	0.030	2012	07	29
W	Rr	943	0.028	2012	07	22
W	Rr	1089	0.032	2012	07	15
W	Rr	888	0.026	2012	07	08
W	Rr	845	0.025	2012	07	01
W	Rr	1070	0.031	2012	06	24
W	Rr	1050	0.031	2012	06	17
W	Rr	1271	0.037	2012	06	10
W	Rr	957	0.028	2012	06	03
W	Rr	1249	0.037	2012	05	27
W	Rr	1055	0.031	2012	05	20
W	Rr	1392	0.041	2012	05	13
W	Rr	1140	0.034	2012	05	06
W	Rr	1807	0.053	2012	04	29
W	Rr	1225	0.036	2012	04	22
W	Rr	1264	0.037	2012	04	15
W	Rr	1075	0.032	2012	04	08
W	Rr	1261	0.037	2012	04	01
W	Rr	1345	0.040	2012	03	25
W	Rr	1254	0.037	2012	03	18
W	Rr	1478	0.043	2012	03	11
W	Rr	1503	0.044	2012	03	04
W	Rr	1532	0.045	2012	02	26
W	Rr	1464	0.043	2012	02	19
W	Rr	1154	0.034	2012	02	12
W	Rr	1240	0.036	2012	02	05
W	Rr	1088	0.032	2012	01	29
W	Rr	1125	0.033	2012	01	22
W	Rr	60	0.002	2012	01	15
W	Rr	1472	0.043	2012	01	08
W	Rr	1122	0.033	2012	01	01
W	Rr	888	0.026	2011	12	25
W	Rr	1360	0.040	2011	12	18
W	Rr	1486	0.044	2011	12	11
W	Rr	1330	0.039	2011	12	04
W	Rr	1094	0.032	2011	11	27
W	Rr	1062	0.031	2011	11	20
W	Rr	1123	0.033	2011	11	13
W	Rr	975	0.029	2011	11	06
W	Rr	1264	0.037	2011	10	30
W	Rr	1140	0.034	2011	10	23
W	Rr	1211	0.036	2011	10	16
W	Rr	1236	0.036	2011	10	09
W	Rr	1128	0.033	2011	10	02
W	Rr	1083	0.032	2011	09	25
W	Rr	1451	0.043	2011	09	18
W	Rr	1278	0.038	2011	09	11
W	Rr	1219	0.036	2011	09	04
W	Rr	1316	0.039	2011	08	28
W	Rr	1119	0.033	2011	08	21
W	Rr	1484	0.044	2011	08	14
W	Rr	1671	0.049	2011	08	07
W	Rr	1319	0.039	2011	07	31
W	Rr	1197	0.035	2011	07	24
W	Rr	1504	0.044	2011	07	17
W	Rr	1367	0.040	2011	07	10
W	Rr	1205	0.035	2011	07	03
W	Rr	1333	0.039	2011	06	26
W	Rr	1059	0.031	2011	06	19
W	Rr	1353	0.040	2011	06	12
W	Rr	1275	0.037	2011	06	05
W	Rr	983	0.029	2011	05	29
W	Rr	1262	0.037	2011	05	22
W	Rr	1374	0.040	2011	05	15
W	Rr	1076	0.032	2011	05	08
W	Rr	0	0.000	2011	05	01
W	Rr	0	0.000	2011	04	24
W	Rr	0	0.000	2011	04	17
W	Rr	0	0.000	2011	04	10
W	Rr	0	0.000	2011	04	03
W	Rr	0	0.000	2011	03	27
W	Rr	24	0.001	2011	03	20
W	Rr	1317	0.039	2011	03	13
W	Rr	1258	0.037	2011	03	06
W	Rr	1372	0.040	2011	02	27
W	Rr	1226	0.036	2011	02	20
W	Rr	1524	0.045	2011	02	13
W	Rr	1366	0.040	2011	02	06
W	Rr	958	0.028	2011	01	30
W	Rr	1273	0.037	2011	01	23
W	Rr	1560	0.046	2011	01	16
W	Rr	1472	0.043	2011	01	09
W	Rr	1310	0.039	2011	01	02
W	Rr	798	0.023	2010	12	26
W	Rr	935	0.027	2010	12	19
W	Rr	0	0.000	2010	12	12
W	Rr	0	0.000	2010	12	05
W	Rr	0	0.000	2010	11	28
W	Rr	0	0.000	2010	11	21
W	Rr	0	0.000	2010	11	14
W	Rr	0	0.000	2010	11	07
W	Rr	0	0.000	2010	10	31
W	Rr	0	0.000	2010	10	24
W	Rr	0	0.000	2010	10	17
W	Rr	0	0.000	2010	10	10
W	Rr	0	0.000	2010	10	03
W	Rr	0	0.000	2010	09	26
W	Rr	0	0.000	2010	09	19
W	Rr	0	0.000	2010	09	12
W	Rr	0	0.000	2010	09	05
W	Rr	0	0.000	2010	08	29
W	Rr	0	0.000	2010	08	22
W	Rr	0	0.000	2010	08	15
W	Rr	0	0.000	2010	08	08
W	Rr	0	0.000	2010	08	01
W	Rr	0	0.000	2010	07	25
W	Rr	0	0.000	2010	07	18
W	Rr	0	0.000	2010	07	11
W	Rr	0	0.000	2010	07	04
W	Rr	15	0.000	2010	06	27
W	Rr	914	0.027	2010	06	20
W	Rr	1104	0.032	2010	06	13
W	Rr	1096	0.032	2010	06	06
W	Rr	1171	0.034	2010	05	30
W	Rr	1115	0.033	2010	05	23
W	Rr	1170	0.034	2010	05	16
W	Rr	1334	0.039	2010	05	09
W	Rr	1109	0.033	2010	05	02
W	Rr	1067	0.031	2010	04	25
W	Rr	1212	0.036	2010	04	18
W	Rr	1054	0.031	2010	04	11
W	Rr	1325	0.039	2010	04	04
W	Rr	811	0.024	2010	03	28
W	Rr	1195	0.035	2010	03	21
W	Rr	1338	0.039	2010	03	14
W	Rr	1113	0.033	2010	03	07
W	Rr	1103	0.032	2010	02	28
W	Rr	1290	0.038	2010	02	21
W	Rr	0	0.000	2010	02	14
W	Rr	0	0.000	2010	02	07
W	Rr	0	0.000	2010	01	31
W	Rr	0	0.000	2010	01	24
W	Rr	0	0.000	2010	01	17
W	Rr	0	0.000	2010	01	10
W	Rr	0	0.000	2010	01	03
W	Rr	78	0.002	2009	12	27
W	Rr	945	0.028	2009	12	20
W	Rr	1140	0.034	2009	12	13
W	Rr	1323	0.039	2009	12	06
W	Rr	1518	0.045	2009	11	29
W	Rr	1352	0.040	2009	11	22
W	Rr	1346	0.040	2009	11	15
W	Rr	1416	0.042	2009	11	08
W	Rr	1734	0.051	2009	11	01
W	Rr	1035	0.030	2009	10	25
W	Rr	1297	0.038	2009	10	18
W	Rr	1267	0.037	2009	10	11
W	Rr	1440	0.042	2009	10	04
W	Rr	1521	0.045	2009	09	27
W	Rr	1121	0.033	2009	09	20
W	Rr	875	0.026	2009	09	13
W	Rr	1032	0.030	2009	09	06
W	Rr	1283	0.038	2009	08	30
W	Rr	1214	0.036	2009	08	23
W	Rr	1402	0.041	2009	08	16
W	Rr	1260	0.037	2009	08	09
W	Rr	1404	0.041	2009	08	02
W	Rr	1380	0.041	2009	07	26
W	Rr	1470	0.043	2009	07	19
W	Rr	1750	0.051	2009	07	12
W	Rr	1847	0.054	2009	07	05
W	Rr	1889	0.056	2009	06	28
W	Rr	1312	0.039	2009	06	21
W	Rr	1093	0.032	2009	06	14
W	Rr	1363	0.040	2009	06	07
W	Rr	1251	0.037	2009	05	31
W	Rr	1352	0.040	2009	05	24
W	Rr	1133	0.033	2009	05	17
W	Rr	1887	0.055	2009	05	10
W	Rr	1369	0.040	2009	05	03
W	Rr	1089	0.032	2009	04	26
W	Rr	1160	0.034	2009	04	19
W	Rr	1189	0.035	2009	04	12
W	Rr	1529	0.045	2009	04	05
W	Rr	1155	0.034	2009	03	29
W	Rr	1230	0.036	2009	03	22
W	Rr	1029	0.030	2009	03	15
W	Rr	1234	0.036	2009	03	08
W	Rr	1486	0.044	2009	03	01
W	Rr	1470	0.043	2009	02	22
W	Rr	1198	0.035	2009	02	15
W	Rr	1802	0.053	2009	02	08
W	Rr	1653	0.049	2009	02	01
W	Rr	1346	0.040	2009	01	25
W	Rr	1431	0.042	2009	01	18
W	Rr	1678	0.049	2009	01	11
W	Rr	1591	0.047	2009	01	04
W	Rr	886	0.026	2008	12	28
W	Rr	1148	0.034	2008	12	21
W	Rr	1428	0.042	2008	12	14
W	Rr	1508	0.044	2008	12	07
W	Rr	1194	0.035	2008	11	30
W	Rr	1070	0.031	2008	11	23
W	Rr	1396	0.041	2008	11	16
W	Rr	1255	0.037	2008	11	09
W	Rr	1314	0.039	2008	11	02
W	Rr	1397	0.041	2008	10	26
W	Rr	1638	0.048	2008	10	19
W	Rr	1298	0.038	2008	10	12
W	Rr	430	0.013	2008	10	05
W	Rr	723	0.021	2008	09	28
W	Rr	1308	0.038	2008	09	21
W	Rr	1242	0.037	2008	09	14
W	Rr	1409	0.041	2008	09	07
W	Rr	1142	0.034	2008	08	31
W	Rr	1022	0.030	2008	08	24
W	Rr	1062	0.031	2008	08	17
W	Rr	1188	0.035	2008	08	10
W	Rr	1232	0.036	2008	08	03
W	Rr	1050	0.031	2008	07	27
W	Rr	1272	0.037	2008	07	20
W	Rr	1305	0.038	2008	07	13
W	Rr	1093	0.032	2008	07	06
W	Rr	1182	0.035	2008	06	29
W	Rr	1937	0.057	2008	06	22
W	Rr	1493	0.044	2008	06	15
W	Rr	1083	0.032	2008	06	08
W	Rr	1283	0.038	2008	06	01
W	Rr	1432	0.042	2008	05	25
W	Rr	1726	0.051	2008	05	18
W	Rr	1580	0.046	2008	05	11
W	Rr	2661	0.078	2008	05	04
W	Rr	3648	0.107	2008	04	27
W	Rr	1400	0.041	2008	04	20
W	Rr	1365	0.040	2008	04	13
W	Rr	1213	0.036	2008	04	06
W	Rr	1670	0.049	2008	03	30
W	Rr	1211	0.036	2008	03	23
W	Rr	1144	0.034	2008	03	16
W	Rr	1301	0.038	2008	03	09
W	Rr	1292	0.038	2008	03	02
W	Rr	1427	0.042	2008	02	24
W	Rr	2207	0.065	2008	02	17
W	Rr	1124	0.033	2008	02	10
W	Rr	1561	0.046	2008	02	03
W	Rr	1533	0.045	2008	01	27
W	Rr	1389	0.041	2008	01	20
W	Rr	1133	0.033	2008	01	13
W	Rr	1404	0.041	2008	01	06
W	Rr	976	0.029	2007	12	30
W	Rr	801	0.024	2007	12	23
W	Rr	675	0.020	2007	12	16
W	*BT	R	26220	2024	01	28
D	Rr	108	0.003	2026	02	01
D	Rr	558	0.016	2026	01	31
D	Rr	1538	0.045	2026	01	30
D	Rr	1424	0.042	2026	01	29
D	Rr	3175	0.093	2026	01	28
D	Rr	4342	0.128	2026	01	27
D	Rr	3546	0.104	2026	01	26
D	Rr	3006	0.088	2026	01	25
D	Rr	2094	0.062	2026	01	24
D	Rr	4548	0.134	2026	01	23
D	Rr	7932	0.233	2026	01	22
D	Rr	3420	0.101	2026	01	21
D	Rr	3222	0.095	2026	01	20
D	Rr	2742	0.081	2026	01	19
D	Rr	1560	0.046	2026	01	18
D	Rr	1794	0.053	2026	01	17
D	Rr	2196	0.065	2026	01	16
D	Rr	3006	0.088	2026	01	15
D	Rr	1680	0.049	2026	01	14
D	Rr	3006	0.088	2026	01	13
D	Rr	2646	0.078	2026	01	12
D	Rr	1338	0.039	2026	01	11
D	Rr	2604	0.077	2026	01	10
D	Rr	4542	0.134	2026	01	09
D	Rr	1746	0.051	2026	01	08
D	Rr	3936	0.116	2026	01	07
D	Rr	3786	0.111	2026	01	06
D	Rr	3138	0.092	2026	01	05
D	Rr	3180	0.093	2026	01	04
D	Rr	1812	0.053	2026	01	03
D	Rr	3714	0.109	2026	01	02
D	Rr	2538	0.075	2026	01	01
D	Rr	2178	0.064	2025	12	31
D	Rr	4104	0.121	2025	12	30
D	Rr	3492	0.103	2025	12	29
D	Rr	1722	0.051	2025	12	28
D	Rr	2262	0.067	2025	12	27
D	Rr	2778	0.082	2025	12	26
D	Rr	1860	0.055	2025	12	25
D	Rr	2610	0.077	2025	12	24
D	Rr	2058	0.061	2025	12	23
D	Rr	1614	0.047	2025	12	22
D	*BT	R	9912	2024	01	29
d	Rr	397474	11.686	Sun
d	Rr	538442	15.830	Mon
d	Rr	539315	15.856	Tue
d	Rr	544641	16.012	Wed
d	Rr	527786	15.517	Thu
d	Rr	505837	14.871	Fri
d	Rr	347914	10.229	Sat
H	Rr	10	0.000	2026	02	01	05
H	Rr	13	0.000	2026	02	01	04
H	Rr	35	0.001	2026	02	01	03
H	Rr	12	0.000	2026	02	01	02
H	Rr	27	0.001	2026	02	01	01
H	Rr	11	0.000	2026	02	01	00
H	Rr	37	0.001	2026	01	31	23
H	Rr	51	0.001	2026	01	31	22
H	Rr	14	0.000	2026	01	31	21
H	Rr	10	0.000	2026	01	31	20
H	Rr	11	0.000	2026	01	31	19
H	Rr	9	0.000	2026	01	31	18
H	Rr	6	0.000	2026	01	31	17
H	Rr	10	0.000	2026	01	31	16
H	Rr	10	0.000	2026	01	31	15
H	Rr	23	0.001	2026	01	31	14
H	Rr	10	0.000	2026	01	31	13
H	Rr	15	0.000	2026	01	31	12
H	Rr	10	0.000	2026	01	31	11
H	Rr	15	0.000	2026	01	31	10
H	Rr	3	0.000	2026	01	31	09
H	Rr	2	0.000	2026	01	31	08
H	Rr	12	0.000	2026	01	31	07
H	Rr	42	0.001	2026	01	31	06
H	Rr	20	0.001	2026	01	31	05
H	Rr	20	0.001	2026	01	31	04
H	Rr	40	0.001	2026	01	31	03
H	Rr	6	0.000	2026	01	31	02
H	Rr	148	0.004	2026	01	31	01
H	Rr	34	0.001	2026	01	31	00
H	Rr	16	0.000	2026	01	30	23
H	Rr	14	0.000	2026	01	30	22
H	Rr	54	0.002	2026	01	30	21
H	Rr	6	0.000	2026	01	30	20
H	Rr	24	0.001	2026	01	30	19
H	Rr	170	0.005	2026	01	30	18
H	Rr	8	0.000	2026	01	30	17
H	Rr	102	0.003	2026	01	30	16
H	Rr	60	0.002	2026	01	30	15
H	Rr	14	0.000	2026	01	30	14
H	Rr	6	0.000	2026	01	30	13
H	Rr	4	0.000	2026	01	30	12
H	Rr	8	0.000	2026	01	30	11
H	Rr	24	0.001	2026	01	30	10
H	Rr	86	0.003	2026	01	30	09
H	Rr	100	0.003	2026	01	30	08
H	Rr	8	0.000	2026	01	30	07
H	Rr	18	0.001	2026	01	30	06
H	Rr	354	0.010	2026	01	30	05
H	Rr	60	0.002	2026	01	30	04
H	Rr	78	0.002	2026	01	30	03
H	Rr	147	0.004	2026	01	30	02
H	Rr	159	0.005	2026	01	30	01
H	Rr	18	0.001	2026	01	30	00
H	Rr	21	0.001	2026	01	29	23
H	Rr	24	0.001	2026	01	29	22
H	Rr	90	0.003	2026	01	29	21
H	Rr	87	0.003	2026	01	29	20
H	Rr	18	0.001	2026	01	29	19
H	Rr	273	0.008	2026	01	29	18
H	Rr	108	0.003	2026	01	29	17
H	Rr	27	0.001	2026	01	29	16
H	Rr	18	0.001	2026	01	29	15
H	Rr	6	0.000	2026	01	29	14
H	Rr	36	0.001	2026	01	29	13
H	Rr	18	0.001	2026	01	29	12
H	Rr	21	0.001	2026	01	29	11
H	Rr	54	0.002	2026	01	29	10
H	Rr	18	0.001	2026	01	29	09
H	Rr	132	0.004	2026	01	29	08
H	Rr	15	0.000	2026	01	29	07
H	Rr	6	0.000	2026	01	29	06
H	*BT	R	2385	2025	07	26	02
h	Rr	134349	3.950	00
h	Rr	118539	3.485	01
h	Rr	133912	3.937	02
h	Rr	149147	4.385	03
h	Rr	127369	3.745	04
h	Rr	126853	3.729	05
h	Rr	115806	3.405	06
h	Rr	114238	3.359	07
h	Rr	105147	3.091	08
h	Rr	105134	3.091	09
h	Rr	106957	3.144	10
h	Rr	111970	3.292	11
h	Rr	113244	3.329	12
h	Rr	120343	3.538	13
h	Rr	147609	4.340	14
h	Rr	178719	5.254	15
h	Rr	197725	5.813	16
h	Rr	187594	5.515	17
h	Rr	190553	5.602	18
h	Rr	188454	5.540	19
h	Rr	176205	5.180	20
h	Rr	159660	4.694	21
h	Rr	152863	4.494	22
h	Rr	139019	4.087	23
4	Rr	5	0.000	2026	02	01	05	45
4	Rr	3	0.000	2026	02	01	05	30
4	Rr	2	0.000	2026	02	01	05	15
4	Rr	0	0.000	2026	02	01	05	00
4	Rr	3	0.000	2026	02	01	04	45
4	Rr	1	0.000	2026	02	01	04	30
4	Rr	3	0.000	2026	02	01	04	15
4	Rr	6	0.000	2026	02	01	04	00
4	Rr	0	0.000	2026	02	01	03	45
4	Rr	1	0.000	2026	02	01	03	30
4	Rr	2	0.000	2026	02	01	03	15
4	Rr	32	0.001	2026	02	01	03	00
4	Rr	1	0.000	2026	02	01	02	45
4	Rr	4	0.000	2026	02	01	02	30
4	Rr	1	0.000	2026	02	01	02	15
4	Rr	6	0.000	2026	02	01	02	00
4	Rr	15	0.000	2026	02	01	01	45
4	Rr	12	0.000	2026	02	01	01	30
4	Rr	0	0.000	2026	02	01	01	15
4	Rr	0	0.000	2026	02	01	01	00
4	Rr	1	0.000	2026	02	01	00	45
4	Rr	2	0.000	2026	02	01	00	30
4	Rr	3	0.000	2026	02	01	00	15
4	Rr	5	0.000	2026	02	01	00	00
4	Rr	37	0.001	2026	01	31	23	45
4	Rr	0	0.000	2026	01	31	23	30
4	Rr	0	0.000	2026	01	31	23	15
4	Rr	0	0.000	2026	01	31	23	00
4	Rr	2	0.000	2026	01	31	22	45
4	Rr	2	0.000	2026	01	31	22	30
4	Rr	45	0.001	2026	01	31	22	15
4	Rr	2	0.000	2026	01	31	22	00
4	Rr	3	0.000	2026	01	31	21	45
4	Rr	6	0.000	2026	01	31	21	30
4	Rr	4	0.000	2026	01	31	21	15
4	Rr	1	0.000	2026	01	31	21	00
4	Rr	4	0.000	2026	01	31	20	45
4	Rr	3	0.000	2026	01	31	20	30
4	Rr	1	0.000	2026	01	31	20	15
4	Rr	2	0.000	2026	01	31	20	00
4	Rr	1	0.000	2026	01	31	19	45
4	Rr	4	0.000	2026	01	31	19	30
4	Rr	6	0.000	2026	01	31	19	15
4	Rr	0	0.000	2026	01	31	19	00
4	Rr	0	0.000	2026	01	31	18	45
4	Rr	4	0.000	2026	01	31	18	30
4	Rr	4	0.000	2026	01	31	18	15
4	Rr	1	0.000	2026	01	31	18	00
4	Rr	1	0.000	2026	01	31	17	45
4	Rr	2	0.000	2026	01	31	17	30
4	Rr	1	0.000	2026	01	31	17	15
4	Rr	2	0.000	2026	01	31	17	00
4	Rr	4	0.000	2026	01	31	16	45
4	Rr	2	0.000	2026	01	31	16	30
4	Rr	3	0.000	2026	01	31	16	15
4	Rr	1	0.000	2026	01	31	16	00
4	Rr	0	0.000	2026	01	31	15	45
4	Rr	5	0.000	2026	01	31	15	30
4	Rr	1	0.000	2026	01	31	15	15
4	Rr	4	0.000	2026	01	31	15	00
4	Rr	1	0.000	2026	01	31	14	45
4	Rr	11	0.000	2026	01	31	14	30
4	Rr	11	0.000	2026	01	31	14	15
4	Rr	0	0.000	2026	01	31	14	00
4	Rr	3	0.000	2026	01	31	13	45
4	Rr	0	0.000	2026	01	31	13	30
4	Rr	6	0.000	2026	01	31	13	15
4	Rr	1	0.000	2026	01	31	13	00
4	Rr	4	0.000	2026	01	31	12	45
4	Rr	5	0.000	2026	01	31	12	30
4	Rr	2	0.000	2026	01	31	12	15
4	Rr	4	0.000	2026	01	31	12	00
4	Rr	3	0.000	2026	01	31	11	45
4	Rr	2	0.000	2026	01	31	11	30
4	Rr	1	0.000	2026	01	31	11	15
4	Rr	4	0.000	2026	01	31	11	00
4	Rr	8	0.000	2026	01	31	10	45
4	Rr	5	0.000	2026	01	31	10	30
4	Rr	2	0.000	2026	01	31	10	15
4	Rr	0	0.000	2026	01	31	10	00
4	Rr	1	0.000	2026	01	31	09	45
4	Rr	1	0.000	2026	01	31	09	30
4	Rr	0	0.000	2026	01	31	09	15
4	Rr	1	0.000	2026	01	31	09	00
4	Rr	2	0.000	2026	01	31	08	45
4	Rr	0	0.000	2026	01	31	08	30
4	Rr	0	0.000	2026	01	31	08	15
4	Rr	0	0.000	2026	01	31	08	00
4	Rr	3	0.000	2026	01	31	07	45
4	Rr	3	0.000	2026	01	31	07	30
4	Rr	3	0.000	2026	01	31	07	15
4	Rr	3	0.000	2026	01	31	07	00
4	Rr	3	0.000	2026	01	31	06	45
4	Rr	4	0.000	2026	01	31	06	30
4	Rr	1	0.000	2026	01	31	06	15
4	Rr	34	0.001	2026	01	31	06	00
4	*BT	R	2260	2025	07	26	02	30
6	Rr	35722	1.050	00	00
6	Rr	33245	0.977	00	15
6	Rr	32117	0.944	00	30
6	Rr	33265	0.978	00	45
6	Rr	28279	0.831	01	00
6	Rr	29947	0.880	01	15
6	Rr	29649	0.872	01	30
6	Rr	30664	0.902	01	45
6	Rr	29866	0.878	02	00
6	Rr	34425	1.012	02	15
6	Rr	36492	1.073	02	30
6	Rr	33129	0.974	02	45
6	Rr	36109	1.062	03	00
6	Rr	33935	0.998	03	15
6	Rr	36525	1.074	03	30
6	Rr	42578	1.252	03	45
6	Rr	38698	1.138	04	00
6	Rr	28296	0.832	04	15
6	Rr	29151	0.857	04	30
6	Rr	31224	0.918	04	45
6	Rr	30068	0.884	05	00
6	Rr	32860	0.966	05	15
6	Rr	30849	0.907	05	30
6	Rr	33076	0.972	05	45
6	Rr	30568	0.899	06	00
6	Rr	27443	0.807	06	15
6	Rr	30900	0.908	06	30
6	Rr	26895	0.791	06	45
6	Rr	29859	0.878	07	00
6	Rr	30637	0.901	07	15
6	Rr	26959	0.793	07	30
6	Rr	26783	0.787	07	45
6	Rr	25417	0.747	08	00
6	Rr	27774	0.817	08	15
6	Rr	27034	0.795	08	30
6	Rr	24922	0.733	08	45
6	Rr	25689	0.755	09	00
6	Rr	26647	0.783	09	15
6	Rr	28332	0.833	09	30
6	Rr	24466	0.719	09	45
6	Rr	23913	0.703	10	00
6	Rr	25474	0.749	10	15
6	Rr	29900	0.879	10	30
6	Rr	27670	0.813	10	45
6	Rr	28361	0.834	11	00
6	Rr	27853	0.819	11	15
6	Rr	27544	0.810	11	30
6	Rr	28212	0.829	11	45
6	Rr	29617	0.871	12	00
6	Rr	26261	0.772	12	15
6	Rr	29914	0.879	12	30
6	Rr	27452	0.807	12	45
6	Rr	30343	0.892	13	00
6	Rr	28214	0.829	13	15
6	Rr	30817	0.906	13	30
6	Rr	30969	0.910	13	45
6	Rr	35954	1.057	14	00
6	Rr	35491	1.043	14	15
6	Rr	38346	1.127	14	30
6	Rr	37818	1.112	14	45
6	Rr	41817	1.229	15	00
6	Rr	40902	1.203	15	15
6	Rr	47291	1.390	15	30
6	Rr	48709	1.432	15	45
6	Rr	56152	1.651	16	00
6	Rr	45332	1.333	16	15
6	Rr	47308	1.391	16	30
6	Rr	48933	1.439	16	45
6	Rr	46398	1.364	17	00
6	Rr	47497	1.396	17	15
6	Rr	46360	1.363	17	30
6	Rr	47339	1.392	17	45
6	Rr	48082	1.414	18	00
6	Rr	44315	1.303	18	15
6	Rr	48052	1.413	18	30
6	Rr	50104	1.473	18	45
6	Rr	52492	1.543	19	00
6	Rr	43357	1.275	19	15
6	Rr	43022	1.265	19	30
6	Rr	49583	1.458	19	45
6	Rr	44873	1.319	20	00
6	Rr	45074	1.325	20	15
6	Rr	44549	1.310	20	30
6	Rr	41709	1.226	20	45
6	Rr	42591	1.252	21	00
6	Rr	41086	1.208	21	15
6	Rr	38677	1.137	21	30
6	Rr	37306	1.097	21	45
6	Rr	36885	1.084	22	00
6	Rr	41322	1.215	22	15
6	Rr	38430	1.130	22	30
6	Rr	36226	1.065	22	45
6	Rr	35853	1.054	23	00
6	Rr	38741	1.139	23	15
6	Rr	30479	0.896	23	30
6	Rr	33946	0.998	23	45
5	Rr	3	0.000	2026	02	01	05	55
5	Rr	0	0.000	2026	02	01	05	50
5	Rr	2	0.000	2026	02	01	05	45
5	Rr	1	0.000	2026	02	01	05	40
5	Rr	0	0.000	2026	02	01	05	35
5	Rr	2	0.000	2026	02	01	05	30
5	Rr	0	0.000	2026	02	01	05	25
5	Rr	0	0.000	2026	02	01	05	20
5	Rr	2	0.000	2026	02	01	05	15
5	Rr	0	0.000	2026	02	01	05	10
5	Rr	0	0.000	2026	02	01	05	05
5	Rr	0	0.000	2026	02	01	05	00
5	Rr	2	0.000	2026	02	01	04	55
5	Rr	1	0.000	2026	02	01	04	50
5	Rr	0	0.000	2026	02	01	04	45
5	Rr	1	0.000	2026	02	01	04	40
5	Rr	0	0.000	2026	02	01	04	35
5	Rr	0	0.000	2026	02	01	04	30
5	Rr	0	0.000	2026	02	01	04	25
5	Rr	2	0.000	2026	02	01	04	20
5	Rr	1	0.000	2026	02	01	04	15
5	Rr	1	0.000	2026	02	01	04	10
5	Rr	4	0.000	2026	02	01	04	05
5	Rr	1	0.000	2026	02	01	04	00
5	Rr	0	0.000	2026	02	01	03	55
5	Rr	0	0.000	2026	02	01	03	50
5	Rr	0	0.000	2026	02	01	03	45
5	Rr	0	0.000	2026	02	01	03	40
5	Rr	0	0.000	2026	02	01	03	35
5	Rr	1	0.000	2026	02	01	03	30
5	Rr	1	0.000	2026	02	01	03	25
5	Rr	1	0.000	2026	02	01	03	20
5	Rr	0	0.000	2026	02	01	03	15
5	Rr	31	0.001	2026	02	01	03	10
5	Rr	1	0.000	2026	02	01	03	05
5	Rr	0	0.000	2026	02	01	03	00
5	Rr	1	0.000	2026	02	01	02	55
5	Rr	0	0.000	2026	02	01	02	50
5	Rr	0	0.000	2026	02	01	02	45
5	Rr	0	0.000	2026	02	01	02	40
5	Rr	3	0.000	2026	02	01	02	35
5	Rr	1	0.000	2026	02	01	02	30
5	Rr	1	0.000	2026	02	01	02	25
5	Rr	0	0.000	2026	02	01	02	20
5	Rr	0	0.000	2026	02	01	02	15
5	Rr	1	0.000	2026	02	01	02	10
5	Rr	4	0.000	2026	02	01	02	05
5	Rr	1	0.000	2026	02	01	02	00
5	Rr	0	0.000	2026	02	01	01	55
5	Rr	15	0.000	2026	02	01	01	50
5	Rr	0	0.000	2026	02	01	01	45
5	Rr	0	0.000	2026	02	01	01	40
5	Rr	0	0.000	2026	02	01	01	35
5	Rr	12	0.000	2026	02	01	01	30
5	Rr	0	0.000	2026	02	01	01	25
5	Rr	0	0.000	2026	02	01	01	20
5	Rr	0	0.000	2026	02	01	01	15
5	Rr	0	0.000	2026	02	01	01	10
5	Rr	0	0.000	2026	02	01	01	05
5	Rr	0	0.000	2026	02	01	01	00
5	Rr	0	0.000	2026	02	01	00	55
5	Rr	0	0.000	2026	02	01	00	50
5	Rr	1	0.000	2026	02	01	00	45
5	Rr	0	0.000	2026	02	01	00	40
5	Rr	1	0.000	2026	02	01	00	35
5	Rr	1	0.000	2026	02	01	00	30
5	Rr	1	0.000	2026	02	01	00	25
5	Rr	0	0.000	2026	02	01	00	20
5	Rr	2	0.000	2026	02	01	00	15
5	Rr	0	0.000	2026	02	01	00	10
5	Rr	1	0.000	2026	02	01	00	05
5	Rr	4	0.000	2026	02	01	00	00
5	Rr	0	0.000	2026	01	31	23	55
5	Rr	37	0.001	2026	01	31	23	50
5	Rr	0	0.000	2026	01	31	23	45
5	Rr	0	0.000	2026	01	31	23	40
5	Rr	0	0.000	2026	01	31	23	35
5	Rr	0	0.000	2026	01	31	23	30
5	Rr	0	0.000	2026	01	31	23	25
5	Rr	0	0.000	2026	01	31	23	20
5	Rr	0	0.000	2026	01	31	23	15
5	Rr	0	0.000	2026	01	31	23	10
5	Rr	0	0.000	2026	01	31	23	05
5	Rr	0	0.000	2026	01	31	23	00
5	Rr	1	0.000	2026	01	31	22	55
5	Rr	0	0.000	2026	01	31	22	50
5	Rr	1	0.000	2026	01	31	22	45
5	Rr	1	0.000	2026	01	31	22	40
5	Rr	0	0.000	2026	01	31	22	35
5	Rr	1	0.000	2026	01	31	22	30
5	Rr	5	0.000	2026	01	31	22	25
5	Rr	39	0.001	2026	01	31	22	20
5	Rr	1	0.000	2026	01	31	22	15
5	Rr	0	0.000	2026	01	31	22	10
5	Rr	2	0.000	2026	01	31	22	05
5	Rr	0	0.000	2026	01	31	22	00
5	Rr	1	0.000	2026	01	31	21	55
5	Rr	0	0.000	2026	01	31	21	50
5	Rr	2	0.000	2026	01	31	21	45
5	Rr	1	0.000	2026	01	31	21	40
5	Rr	2	0.000	2026	01	31	21	35
5	Rr	3	0.000	2026	01	31	21	30
5	Rr	3	0.000	2026	01	31	21	25
5	Rr	0	0.000	2026	01	31	21	20
5	Rr	1	0.000	2026	01	31	21	15
5	Rr	0	0.000	2026	01	31	21	10
5	Rr	1	0.000	2026	01	31	21	05
5	Rr	0	0.000	2026	01	31	21	00
5	Rr	2	0.000	2026	01	31	20	55
5	Rr	1	0.000	2026	01	31	20	50
5	Rr	1	0.000	2026	01	31	20	45
5	Rr	2	0.000	2026	01	31	20	40
5	Rr	0	0.000	2026	01	31	20	35
5	Rr	1	0.000	2026	01	31	20	30
5	Rr	0	0.000	2026	01	31	20	25
5	Rr	0	0.000	2026	01	31	20	20
5	Rr	1	0.000	2026	01	31	20	15
5	Rr	1	0.000	2026	01	31	20	10
5	Rr	0	0.000	2026	01	31	20	05
5	Rr	1	0.000	2026	01	31	20	00
5	Rr	0	0.000	2026	01	31	19	55
5	Rr	0	0.000	2026	01	31	19	50
5	Rr	1	0.000	2026	01	31	19	45
5	Rr	1	0.000	2026	01	31	19	40
5	Rr	3	0.000	2026	01	31	19	35
5	Rr	0	0.000	2026	01	31	19	30
5	Rr	6	0.000	2026	01	31	19	25
5	Rr	0	0.000	2026	01	31	19	20
5	Rr	0	0.000	2026	01	31	19	15
5	Rr	0	0.000	2026	01	31	19	10
5	Rr	0	0.000	2026	01	31	19	05
5	Rr	0	0.000	2026	01	31	19	00
5	Rr	0	0.000	2026	01	31	18	55
5	Rr	0	0.000	2026	01	31	18	50
5	Rr	0	0.000	2026	01	31	18	45
5	Rr	2	0.000	2026	01	31	18	40
5	Rr	0	0.000	2026	01	31	18	35
5	Rr	2	0.000	2026	01	31	18	30
5	Rr	1	0.000	2026	01	31	18	25
5	Rr	3	0.000	2026	01	31	18	20
5	Rr	0	0.000	2026	01	31	18	15
5	Rr	0	0.000	2026	01	31	18	10
5	Rr	1	0.000	2026	01	31	18	05
5	Rr	0	0.000	2026	01	31	18	00
5	Rr	1	0.000	2026	01	31	17	55
5	Rr	0	0.000	2026	01	31	17	50
5	Rr	0	0.000	2026	01	31	17	45
5	Rr	1	0.000	2026	01	31	17	40
5	Rr	1	0.000	2026	01	31	17	35
5	Rr	0	0.000	2026	01	31	17	30
5	Rr	0	0.000	2026	01	31	17	25
5	Rr	0	0.000	2026	01	31	17	20
5	Rr	1	0.000	2026	01	31	17	15
5	Rr	0	0.000	2026	01	31	17	10
5	Rr	2	0.000	2026	01	31	17	05
5	Rr	0	0.000	2026	01	31	17	00
5	Rr	1	0.000	2026	01	31	16	55
5	Rr	2	0.000	2026	01	31	16	50
5	Rr	1	0.000	2026	01	31	16	45
5	Rr	0	0.000	2026	01	31	16	40
5	Rr	1	0.000	2026	01	31	16	35
5	Rr	1	0.000	2026	01	31	16	30
5	Rr	1	0.000	2026	01	31	16	25
5	Rr	0	0.000	2026	01	31	16	20
5	Rr	2	0.000	2026	01	31	16	15
5	Rr	1	0.000	2026	01	31	16	10
5	Rr	0	0.000	2026	01	31	16	05
5	Rr	0	0.000	2026	01	31	16	00
5	Rr	0	0.000	2026	01	31	15	55
5	Rr	0	0.000	2026	01	31	15	50
5	Rr	0	0.000	2026	01	31	15	45
5	Rr	4	0.000	2026	01	31	15	40
5	Rr	0	0.000	2026	01	31	15	35
5	Rr	1	0.000	2026	01	31	15	30
5	Rr	0	0.000	2026	01	31	15	25
5	Rr	1	0.000	2026	01	31	15	20
5	Rr	0	0.000	2026	01	31	15	15
5	Rr	0	0.000	2026	01	31	15	10
5	Rr	2	0.000	2026	01	31	15	05
5	Rr	2	0.000	2026	01	31	15	00
5	Rr	0	0.000	2026	01	31	14	55
5	Rr	0	0.000	2026	01	31	14	50
5	Rr	1	0.000	2026	01	31	14	45
5	Rr	1	0.000	2026	01	31	14	40
5	Rr	5	0.000	2026	01	31	14	35
5	Rr	5	0.000	2026	01	31	14	30
5	Rr	9	0.000	2026	01	31	14	25
5	Rr	1	0.000	2026	01	31	14	20
5	Rr	1	0.000	2026	01	31	14	15
5	Rr	0	0.000	2026	01	31	14	10
5	Rr	0	0.000	2026	01	31	14	05
5	Rr	0	0.000	2026	01	31	14	00
5	Rr	1	0.000	2026	01	31	13	55
5	Rr	1	0.000	2026	01	31	13	50
5	Rr	1	0.000	2026	01	31	13	45
5	Rr	0	0.000	2026	01	31	13	40
5	Rr	0	0.000	2026	01	31	13	35
5	Rr	0	0.000	2026	01	31	13	30
5	Rr	2	0.000	2026	01	31	13	25
5	Rr	1	0.000	2026	01	31	13	20
5	Rr	3	0.000	2026	01	31	13	15
5	Rr	1	0.000	2026	01	31	13	10
5	Rr	0	0.000	2026	01	31	13	05
5	Rr	0	0.000	2026	01	31	13	00
5	Rr	1	0.000	2026	01	31	12	55
5	Rr	1	0.000	2026	01	31	12	50
5	Rr	2	0.000	2026	01	31	12	45
5	Rr	1	0.000	2026	01	31	12	40
5	Rr	3	0.000	2026	01	31	12	35
5	Rr	1	0.000	2026	01	31	12	30
5	Rr	1	0.000	2026	01	31	12	25
5	Rr	1	0.000	2026	01	31	12	20
5	Rr	0	0.000	2026	01	31	12	15
5	Rr	1	0.000	2026	01	31	12	10
5	Rr	3	0.000	2026	01	31	12	05
5	Rr	0	0.000	2026	01	31	12	00
5	Rr	0	0.000	2026	01	31	11	55
5	Rr	3	0.000	2026	01	31	11	50
5	Rr	0	0.000	2026	01	31	11	45
5	Rr	1	0.000	2026	01	31	11	40
5	Rr	1	0.000	2026	01	31	11	35
5	Rr	0	0.000	2026	01	31	11	30
5	Rr	0	0.000	2026	01	31	11	25
5	Rr	1	0.000	2026	01	31	11	20
5	Rr	0	0.000	2026	01	31	11	15
5	Rr	0	0.000	2026	01	31	11	10
5	Rr	0	0.000	2026	01	31	11	05
5	Rr	4	0.000	2026	01	31	11	00
5	Rr	0	0.000	2026	01	31	10	55
5	Rr	0	0.000	2026	01	31	10	50
5	Rr	8	0.000	2026	01	31	10	45
5	Rr	0	0.000	2026	01	31	10	40
5	Rr	0	0.000	2026	01	31	10	35
5	Rr	5	0.000	2026	01	31	10	30
5	Rr	0	0.000	2026	01	31	10	25
5	Rr	0	0.000	2026	01	31	10	20
5	Rr	2	0.000	2026	01	31	10	15
5	Rr	0	0.000	2026	01	31	10	10
5	Rr	0	0.000	2026	01	31	10	05
5	Rr	0	0.000	2026	01	31	10	00
5	Rr	1	0.000	2026	01	31	09	55
5	Rr	0	0.000	2026	01	31	09	50
5	Rr	0	0.000	2026	01	31	09	45
5	Rr	0	0.000	2026	01	31	09	40
5	Rr	0	0.000	2026	01	31	09	35
5	Rr	1	0.000	2026	01	31	09	30
5	Rr	0	0.000	2026	01	31	09	25
5	Rr	0	0.000	2026	01	31	09	20
5	Rr	0	0.000	2026	01	31	09	15
5	Rr	0	0.000	2026	01	31	09	10
5	Rr	1	0.000	2026	01	31	09	05
5	Rr	0	0.000	2026	01	31	09	00
5	Rr	2	0.000	2026	01	31	08	55
5	Rr	0	0.000	2026	01	31	08	50
5	Rr	0	0.000	2026	01	31	08	45
5	Rr	0	0.000	2026	01	31	08	40
5	Rr	0	0.000	2026	01	31	08	35
5	Rr	0	0.000	2026	01	31	08	30
5	Rr	0	0.000	2026	01	31	08	25
5	Rr	0	0.000	2026	01	31	08	20
5	Rr	0	0.000	2026	01	31	08	15
5	Rr	0	0.000	2026	01	31	08	10
5	Rr	0	0.000	2026	01	31	08	05
5	Rr	0	0.000	2026	01	31	08	00
5	Rr	0	0.000	2026	01	31	07	55
5	Rr	3	0.000	2026	01	31	07	50
5	Rr	0	0.000	2026	01	31	07	45
5	Rr	1	0.000	2026	01	31	07	40
5	Rr	0	0.000	2026	01	31	07	35
5	Rr	2	0.000	2026	01	31	07	30
5	Rr	1	0.000	2026	01	31	07	25
5	Rr	1	0.000	2026	01	31	07	20
5	Rr	1	0.000	2026	01	31	07	15
5	Rr	1	0.000	2026	01	31	07	10
5	Rr	0	0.000	2026	01	31	07	05
5	Rr	2	0.000	2026	01	31	07	00
5	Rr	2	0.000	2026	01	31	06	55
5	Rr	1	0.000	2026	01	31	06	50
5	Rr	0	0.000	2026	01	31	06	45
5	Rr	2	0.000	2026	01	31	06	40
5	Rr	0	0.000	2026	01	31	06	35
5	Rr	2	0.000	2026	01	31	06	30
5	Rr	0	0.000	2026	01	31	06	25
5	Rr	1	0.000	2026	01	31	06	20
5	Rr	0	0.000	2026	01	31	06	15
5	Rr	1	0.000	2026	01	31	06	10
5	Rr	0	0.000	2026	01	31	06	05
5	Rr	33	0.001	2026	01	31	06	00
5	*BT	R	1728	2025	12	10	17	25
7	Rr	11143	0.328	00	00
7	Rr	11836	0.348	00	05
7	Rr	12743	0.375	00	10
7	Rr	9619	0.283	00	15
7	Rr	10564	0.311	00	20
7	Rr	13062	0.384	00	25
7	Rr	11106	0.327	00	30
7	Rr	11218	0.330	00	35
7	Rr	9793	0.288	00	40
7	Rr	11669	0.343	00	45
7	Rr	9580	0.282	00	50
7	Rr	12016	0.353	00	55
7	Rr	8555	0.252	01	00
7	Rr	10577	0.311	01	05
7	Rr	9147	0.269	01	10
7	Rr	9535	0.280	01	15
7	Rr	11088	0.326	01	20
7	Rr	9324	0.274	01	25
7	Rr	9247	0.272	01	30
7	Rr	9726	0.286	01	35
7	Rr	10676	0.314	01	40
7	Rr	9398	0.276	01	45
7	Rr	11863	0.349	01	50
7	Rr	9403	0.276	01	55
7	Rr	8775	0.258	02	00
7	Rr	11007	0.324	02	05
7	Rr	10084	0.296	02	10
7	Rr	11967	0.352	02	15
7	Rr	10586	0.311	02	20
7	Rr	11872	0.349	02	25
7	Rr	11627	0.342	02	30
7	Rr	11818	0.347	02	35
7	Rr	13047	0.384	02	40
7	Rr	11235	0.330	02	45
7	Rr	10687	0.314	02	50
7	Rr	11207	0.329	02	55
7	Rr	12179	0.358	03	00
7	Rr	10065	0.296	03	05
7	Rr	13865	0.408	03	10
7	Rr	11462	0.337	03	15
7	Rr	11170	0.328	03	20
7	Rr	11303	0.332	03	25
7	Rr	11395	0.335	03	30
7	Rr	11278	0.332	03	35
7	Rr	13852	0.407	03	40
7	Rr	12801	0.376	03	45
7	Rr	15401	0.453	03	50
7	Rr	14376	0.423	03	55
7	Rr	15560	0.457	04	00
7	Rr	12317	0.362	04	05
7	Rr	10821	0.318	04	10
7	Rr	10350	0.304	04	15
7	Rr	8724	0.256	04	20
7	Rr	9222	0.271	04	25
7	Rr	9339	0.275	04	30
7	Rr	9281	0.273	04	35
7	Rr	10531	0.310	04	40
7	Rr	9975	0.293	04	45
7	Rr	11073	0.326	04	50
7	Rr	10176	0.299	04	55
7	Rr	10625	0.312	05	00
7	Rr	9497	0.279	05	05
7	Rr	9946	0.292	05	10
7	Rr	11954	0.351	05	15
7	Rr	10434	0.307	05	20
7	Rr	10472	0.308	05	25
7	Rr	8851	0.260	05	30
7	Rr	10601	0.312	05	35
7	Rr	11397	0.335	05	40
7	Rr	12699	0.373	05	45
7	Rr	10525	0.309	05	50
7	Rr	9852	0.290	05	55
7	Rr	9109	0.268	06	00
7	Rr	11523	0.339	06	05
7	Rr	9936	0.292	06	10
7	Rr	10385	0.305	06	15
7	Rr	7533	0.221	06	20
7	Rr	9525	0.280	06	25
7	Rr	11023	0.324	06	30
7	Rr	10494	0.309	06	35
7	Rr	9383	0.276	06	40
7	Rr	9063	0.266	06	45
7	Rr	9992	0.294	06	50
7	Rr	7840	0.230	06	55
7	Rr	11179	0.329	07	00
7	Rr	8900	0.262	07	05
7	Rr	9780	0.288	07	10
7	Rr	9695	0.285	07	15
7	Rr	9335	0.274	07	20
7	Rr	11607	0.341	07	25
7	Rr	10577	0.311	07	30
7	Rr	8405	0.247	07	35
7	Rr	7977	0.235	07	40
7	Rr	11094	0.326	07	45
7	Rr	7433	0.219	07	50
7	Rr	8256	0.243	07	55
7	Rr	8443	0.248	08	00
7	Rr	7847	0.231	08	05
7	Rr	9127	0.268	08	10
7	Rr	8575	0.252	08	15
7	Rr	9439	0.278	08	20
7	Rr	9760	0.287	08	25
7	Rr	8298	0.244	08	30
7	Rr	8308	0.244	08	35
7	Rr	10428	0.307	08	40
7	Rr	9066	0.267	08	45
7	Rr	7154	0.210	08	50
7	Rr	8702	0.256	08	55
7	Rr	8048	0.237	09	00
7	Rr	8316	0.244	09	05
7	Rr	9325	0.274	09	10
7	Rr	6824	0.201	09	15
7	Rr	9358	0.275	09	20
7	Rr	10465	0.308	09	25
7	Rr	8665	0.255	09	30
7	Rr	10088	0.297	09	35
7	Rr	9579	0.282	09	40
7	Rr	10116	0.297	09	45
7	Rr	7253	0.213	09	50
7	Rr	7097	0.209	09	55
7	Rr	8135	0.239	10	00
7	Rr	7143	0.210	10	05
7	Rr	8635	0.254	10	10
7	Rr	8026	0.236	10	15
7	Rr	8315	0.244	10	20
7	Rr	9133	0.269	10	25
7	Rr	10049	0.295	10	30
7	Rr	10629	0.312	10	35
7	Rr	9222	0.271	10	40
7	Rr	9139	0.269	10	45
7	Rr	9790	0.288	10	50
7	Rr	8741	0.257	10	55
7	Rr	10610	0.312	11	00
7	Rr	8458	0.249	11	05
7	Rr	9293	0.273	11	10
7	Rr	8577	0.252	11	15
7	Rr	9273	0.273	11	20
7	Rr	10003	0.294	11	25
7	Rr	9922	0.292	11	30
7	Rr	8955	0.263	11	35
7	Rr	8667	0.255	11	40
7	Rr	9335	0.274	11	45
7	Rr	9547	0.281	11	50
7	Rr	9330	0.274	11	55
7	Rr	9464	0.278	12	00
7	Rr	10068	0.296	12	05
7	Rr	10085	0.296	12	10
7	Rr	9633	0.283	12	15
7	Rr	7868	0.231	12	20
7	Rr	8760	0.258	12	25
7	Rr	10436	0.307	12	30
7	Rr	8665	0.255	12	35
7	Rr	10813	0.318	12	40
7	Rr	8382	0.246	12	45
7	Rr	10146	0.298	12	50
7	Rr	8924	0.262	12	55
7	Rr	9929	0.292	13	00
7	Rr	9923	0.292	13	05
7	Rr	10491	0.308	13	10
7	Rr	9647	0.284	13	15
7	Rr	9151	0.269	13	20
7	Rr	9416	0.277	13	25
7	Rr	10039	0.295	13	30
7	Rr	10197	0.300	13	35
7	Rr	10581	0.311	13	40
7	Rr	10106	0.297	13	45
7	Rr	10624	0.312	13	50
7	Rr	10239	0.301	13	55
7	Rr	12730	0.374	14	00
7	Rr	11860	0.349	14	05
7	Rr	11364	0.334	14	10
7	Rr	11370	0.334	14	15
7	Rr	12373	0.364	14	20
7	Rr	11748	0.345	14	25
7	Rr	12224	0.359	14	30
7	Rr	13474	0.396	14	35
7	Rr	12648	0.372	14	40
7	Rr	12136	0.357	14	45
7	Rr	11933	0.351	14	50
7	Rr	13749	0.404	14	55
7	Rr	12831	0.377	15	00
7	Rr	13965	0.411	15	05
7	Rr	15021	0.442	15	10
7	Rr	11885	0.349	15	15
7	Rr	15990	0.470	15	20
7	Rr	13027	0.383	15	25
7	Rr	15726	0.462	15	30
7	Rr	15311	0.450	15	35
7	Rr	16254	0.478	15	40
7	Rr	12667	0.372	15	45
7	Rr	14837	0.436	15	50
7	Rr	21205	0.623	15	55
7	Rr	19041	0.560	16	00
7	Rr	18542	0.545	16	05
7	Rr	18569	0.546	16	10
7	Rr	16196	0.476	16	15
7	Rr	14479	0.426	16	20
7	Rr	14657	0.431	16	25
7	Rr	15979	0.470	16	30
7	Rr	15198	0.447	16	35
7	Rr	16131	0.474	16	40
7	Rr	17659	0.519	16	45
7	Rr	15689	0.461	16	50
7	Rr	15585	0.458	16	55
7	Rr	15550	0.457	17	00
7	Rr	16464	0.484	17	05
7	Rr	14384	0.423	17	10
7	Rr	15830	0.465	17	15
7	Rr	15370	0.452	17	20
7	Rr	16297	0.479	17	25
7	Rr	15716	0.462	17	30
7	Rr	15185	0.446	17	35
7	Rr	15459	0.454	17	40
7	Rr	16296	0.479	17	45
7	Rr	15241	0.448	17	50
7	Rr	15802	0.465	17	55
7	Rr	16871	0.496	18	00
7	Rr	16874	0.496	18	05
7	Rr	14337	0.422	18	10
7	Rr	16046	0.472	18	15
7	Rr	14874	0.437	18	20
7	Rr	13395	0.394	18	25
7	Rr	16023	0.471	18	30
7	Rr	14775	0.434	18	35
7	Rr	17254	0.507	18	40
7	Rr	15319	0.450	18	45
7	Rr	17745	0.522	18	50
7	Rr	17040	0.501	18	55
7	Rr	16759	0.493	19	00
7	Rr	16966	0.499	19	05
7	Rr	18767	0.552	19	10
7	Rr	14254	0.419	19	15
7	Rr	14270	0.420	19	20
7	Rr	14833	0.436	19	25
7	Rr	12880	0.379	19	30
7	Rr	15643	0.460	19	35
7	Rr	14499	0.426	19	40
7	Rr	15868	0.467	19	45
7	Rr	14716	0.433	19	50
7	Rr	18999	0.559	19	55
7	Rr	15639	0.460	20	00
7	Rr	14002	0.412	20	05
7	Rr	15232	0.448	20	10
7	Rr	14981	0.440	20	15
7	Rr	15137	0.445	20	20
7	Rr	14956	0.440	20	25
7	Rr	16121	0.474	20	30
7	Rr	15480	0.455	20	35
7	Rr	12948	0.381	20	40
7	Rr	14274	0.420	20	45
7	Rr	14610	0.430	20	50
7	Rr	12825	0.377	20	55
7	Rr	13476	0.396	21	00
7	Rr	14129	0.415	21	05
7	Rr	14986	0.441	21	10
7	Rr	14566	0.428	21	15
7	Rr	12120	0.356	21	20
7	Rr	14400	0.423	21	25
7	Rr	13845	0.407	21	30
7	Rr	12885	0.379	21	35
7	Rr	11947	0.351	21	40
7	Rr	13335	0.392	21	45
7	Rr	12773	0.376	21	50
7	Rr	11198	0.329	21	55
7	Rr	11899	0.350	22	00
7	Rr	12253	0.360	22	05
7	Rr	12733	0.374	22	10
7	Rr	14907	0.438	22	15
7	Rr	13201	0.388	22	20
7	Rr	13214	0.388	22	25
7	Rr	13424	0.395	22	30
7	Rr	12880	0.379	22	35
7	Rr	12126	0.356	22	40
7	Rr	11649	0.342	22	45
7	Rr	11646	0.342	22	50
7	Rr	12931	0.380	22	55
7	Rr	12271	0.361	23	00
7	Rr	11186	0.329	23	05
7	Rr	12396	0.364	23	10
7	Rr	12557	0.369	23	15
7	Rr	14066	0.414	23	20
7	Rr	12118	0.356	23	25
7	Rr	10169	0.299	23	30
7	Rr	9614	0.283	23	35
7	Rr	10696	0.314	23	40
7	Rr	10811	0.318	23	45
7	Rr	11839	0.348	23	50
7	Rr	11296	0.332	23	55
o	*f	0R	r
o	lRQ	1	3401409	42079478	[unresolved numerical addresses]
Z	*f	-20R	r
Z	lRb	1	160337	2.566	66.249
Z	lRb	1	133776	1.794	34
Z	lRb	1	92231	3.582	98
Z	lRb	1	85220	2.025	35
Z	lRb	1	82321	2.524	51
Z	lRb	1	64729	0.050	129.222
Z	lRb	1	60321	1.170	104
Z	lRb	1	60235	0.003	205.254
Z	lRb	1	59244	0.734	47
Z	lRb	1	59233	2.897	54
Z	lRb	1	54326	1.401	69
Z	lRb	1	51991	1.032	52
Z	lRb	1	49897	0.506	49
Z	lRb	1	47065	0.001	66.9
Z	lRb	1	46264	2.331	40
Z	lRb	1	43211	0.051	43
Z	lRb	1	41614	0.000	216.147
Z	lRb	1	41404	0.344	45
Z	lRb	1	39305	0.945	123
Z	lRb	1	35740	2.596	70
Z	lRb	1	2092945	73.447	[not listed: 10041]
S	*f	-50P	r
S	Rb	11742	0.003	66.249.66.195
S	Rb	8854	0.000	66.249.66.196
S	Rb	8753	0.222	216.244.66.229
S	Rb	7534	0.000	70.121.167.44
S	Rb	7266	0.000	66.249.66.197
S	Rb	6736	0.000	66.249.66.72
S	Rb	6308	0.107	68.66.226.98
S	Rb	5690	0.000	66.249.66.73
S	Rb	5451	0.001	66.249.66.74
S	Rb	4702	0.294	14.33.246.211
S	Rb	4598	0.076	40.88.21.235
S	Rb	4429	0.027	162.55.85.223
S	Rb	3684	0.000	66.249.66.166
S	Rb	3576	0.120	51.222.253.7
S	Rb	3572	0.097	51.222.253.16
S	Rb	3482	0.093	51.222.253.19
S	Rb	3405	0.121	51.222.253.1
S	Rb	3357	0.106	51.222.253.6
S	Rb	3353	0.115	51.222.253.15
S	Rb	3350	0.117	51.222.253.5
S	Rb	3343	0.121	51.222.253.18
S	Rb	3307	0.107	51.222.253.14
S	Rb	3292	0.121	51.222.253.11
S	Rb	3248	0.184	192.99.15.146
S	Rb	3116	0.009	78.129.149.5
S	Rb	3069	0.014	52.35.20.1
S	Rb	2983	0.028	212.99.44.81
S	Rb	2542	0.020	49.7.20.111
S	Rb	2489	0.009	49.7.20.105
S	Rb	2480	0.000	82.16.45.40
S	Rb	2303	0.000	66.249.66.164
S	Rb	2278	0.000	185.177.72.144
S	Rb	2175	0.000	66.249.66.165
S	Rb	2144	0.016	52.35.117.102
S	Rb	1992	0.051	66.249.75.109
S	Rb	1829	0.111	37.59.14.116
S	Rb	1781	0.161	75.98.173.33
S	Rb	1736	0.215	79.125.27.96
S	Rb	1597	0.097	78.155.138.20
S	Rb	1566	0.000	62.194.247.203
S	Rb	1551	0.011	195.191.219.132
S	Rb	1543	0.055	199.21.99.79
S	Rb	1489	0.009	195.191.219.131
S	Rb	1467	0.000	49.7.20.135
S	Rb	1459	0.008	92.249.127.111
S	Rb	1457	0.000	35.173.236.178
S	Rb	1373	0.003	34.73.206.133
S	Rb	1352	0.045	49.7.20.102
S	Rb	1330	0.014	109.102.111.58
S	Rb	1304	0.144	5.196.13.127
S	Rb	3227972	96.948	[not listed: 141797]
s	*FR	2013	12	18	21	53
s	*LR	2026	02	01	04	58
s	*f	-20R	s
s	lRS	1	1206564	1862	http://www.gtaeronautics.com/
s	lRS	1	419426	467	http://gtaeronautics.com/
s	lRS	1	19222	13	https://www.google.com/
s	lRS	1	1193	2	https://www.bing.com/
s	lRS	1	438	2	https://www.gtaeronautics.com/
s	lRS	1	1495	1	https://m.baidu.com/
s	lRS	1	2221	0	http://www.google.com/
s	lRS	1	1697	0	https://google.com/
s	lRS	1	1419	0	http://www.baidu.com/
s	lRS	1	1159	0	http://www.trainingindustry.com/
s	lRS	1	854	0	http://google.com/
s	lRS	1	613	0	https://quark.sm.cn/
s	lRS	1	609	0	http://www.mfgpages.com/
s	lRS	1	604	0	http://www.openfos.com/
s	lRS	1	580	0	http://baidu.com/
s	lRS	1	549	0	https://www.griffinarchitectspa.com/
s	lRS	1	517	0	http://www.topicway.com/
s	lRS	1	488	0	https://duckduckgo.com/
s	lRS	1	462	0	http://anti-crisis-seo.com/
s	lRS	1	427	0	https://www.thomasnet.com/
s	lRS	1	55512	2	[not listed: 4521]
f	*FR	2013	12	18	21	53
f	*LR	2026	02	01	04	58
f	*f	-30R	s
f	lRS	1	937245	1397	http://www.gtaeronautics.com/
f	lRS	1	217085	161	http://gtaeronautics.com/
f	lRS	1	6597	63	http://gtaeronautics.com/CCT&M.html
f	lRS	1	37559	53	http://www.gtaeronautics.com/aboutus.html
f	lRS	1	96623	40	http://gtaeronautics.com/CompNews.html
f	lRS	1	34597	40	http://www.gtaeronautics.com/index.html
f	lRS	1	8216	37	http://www.gtaeronautics.com/IndNews.html
f	lRS	1	5602	34	http://gtaeronautics.com/ConsultingA.html
f	lRS	1	14380	30	http://www.gtaeronautics.com/CompNews.html
f	lRS	1	4232	30	http://gtaeronautics.com/UASFC.html
f	lRS	1	8325	26	http://gtaeronautics.com/aboutus.html
f	lRS	1	24831	21	http://gtaeronautics.com/links.html
f	lRS	1	8292	15	http://www.gtaeronautics.com/GT50T RPAS.html
f	lRS	1	7702	15	http://www.gtaeronautics.com/GT1500 RPAS.html
f	lRS	1	18010	13	https://www.google.com/
f	lRS	1	17346	13	http://www.gtaeronautics.com/CCT&M.html
f	lRS	1	15599	11	http://www.gtaeronautics.com/contactus.html
f	lRS	1	6948	11	http://www.gtaeronautics.com/pna.html
f	lRS	1	11665	10	http://www.gtaeronautics.com/ConsultingA.html
f	lRS	1	15261	8	http://www.gtaeronautics.com/UASFC.html
f	lRS	1	9056	8	http://gtaeronautics.com/index.html
f	lRS	1	11822	6	http://gtaeronautics.com/contactus.html
f	lRS	1	10742	6	http://www.gtaeronautics.com/GT380 RPAS.html
f	lRS	1	8960	6	http://www.gtaeronautics.com/SRU.html
f	lRS	1	7437	6	http://www.gtaeronautics.com/GT100HL RPAS.html
f	lRS	1	5285	2	http://www.gtaeronautics.com/CFMT.html
f	lRS	1	6350	1	http://gtaeronautics.com/IndNews.html
f	lRS	1	8833	0	http://www.gtaeronautics.com/compnews.html
f	lRS	1	7521	0	http://www.gtaeronautics.com/RD.html
f	lRS	1	6166	0	http://www.gtaeronautics.com/consultinga.html
f	lRS	1	137762	286	[not listed: 5358]
n	*FR	2013	12	19	00	28
n	*LR	2020	10	14	09	11
n	*f	0.500000%Q	s
n	Rq	1	448.163	kit
n	Rq	2	896.327	crew
n	Rq	1	448.163	method
n	Rq	28	77.220	aeronautical
n	Rq	1	448.163	airplane.com
n	Rq	5	843.335	faa
n	Rq	40	1368.718	gt
n	Rq	1	448.163	moldings
n	Rq	1	448.163	taranis
n	Rq	1	448.163	twin
n	Rq	2	448.163	installerex
n	Rq	2	448.163	http://gtaeronautics.com/
n	Rq	20	289.187	in
n	Rq	1	448.163	scale
n	Rq	1	448.163	observer
n	Rq	1	448.163	drawing?
n	Rq	2	448.163	is
n	Rq	1	448.163	making
n	Rq	2	896.327	fiber
n	Rq	1	448.163	mitsubishi
n	Rq	1	448.163	fuze
n	Rq	1	448.163	http://www.gtaeronautics.com/indnews.html
n	Rq	1	448.163	consultant
n	Rq	92	448.163	semalt.com
n	Rq	15	395.171	manufacturing
n	Rq	1	448.163	2
n	Rq	1	448.163	base
n	Rq	14	684.359	6
n	Rq	1	448.163	http://gtaeronautics.com/indnews.html
n	Rq	1	448.163	always
n	Rq	28	24.228	engineering
n	Rq	1	448.163	northrop
n	Rq	1	448.163	bandwidth
n	Rq	1	448.163	vegas
n	Rq	3	896.327	basic
n	Rq	1	448.163	qinetiq
n	Rq	1	448.163	tooling
n	Rq	1	448.163	heavy
n	Rq	1	448.163	on
n	Rq	9	790.343	drawings
n	Rq	1	448.163	fia
n	Rq	4	448.163	louis%20vuitton%20fashion%20valley%20phone%20number
n	Rq	3	1344.490	rullman
n	Rq	3	448.163	llc
n	Rq	1	448.163	cowling
n	Rq	32	1344.490	sale
n	Rq	64	1291.498	outlet
n	Rq	1	448.163	rotax
n	Rq	1	448.163	ucav
n	Rq	28	973.546	texan
n	Rq	1	448.163	a
n	Rq	2	448.163	customer
n	Rq	1	448.163	rpa
n	Rq	2	896.327	110cc
n	Rq	30	448.163	designer
n	Rq	20	843.335	www.gtaeronautics.com
n	Rq	1	448.163	work
n	Rq	1	448.163	thomas
n	Rq	1	448.163	engie
n	Rq	1	448.163	qualification
n	Rq	1	448.163	custom
n	Rq	1	448.163	mk3
n	Rq	1	448.163	t
n	Rq	1	448.163	w
n	Rq	1	448.163	uavs
n	Rq	2	448.163	satisfaction
n	Rq	2	896.327	x
n	Rq	1	448.163	crews
n	Rq	3	448.163	photos
n	Rq	1	448.163	finnemeccia
n	Rq	2	896.327	glass
n	Rq	1	1344.490	to
n	Rq	5	843.335	engineer
n	Rq	1	448.163	government
n	Rq	1	448.163	gcs
n	Rq	1	448.163	operator
n	Rq	1	448.163	with
n	Rq	6	1291.498	aircraft
n	Rq	97	896.327	number
n	Rq	4	1344.490	for
n	Rq	2	896.327	aero
n	Rq	1	448.163	december
n	Rq	9	896.327	equipment
n	Rq	2	896.327	engine
n	Rq	1	448.163	mq1
n	Rq	2	896.327	wy
n	Rq	1	448.163	custum
n	Rq	1	448.163	g.t
n	Rq	1	448.163	mechanics
n	Rq	1	896.327	motors
n	Rq	1	448.163	tdw
n	Rq	32	843.335	luggage
n	Rq	1	448.163	opportunities
n	Rq	175	631.367	vuitton
n	Rq	1	1344.490	the
n	Rq	1	448.163	show
n	Rq	1	448.163	luggages
n	Rq	1	448.163	stroke
n	Rq	2	448.163	explore
n	Rq	39	896.327	handbags
n	Rq	2	896.327	electric
n	Rq	1	896.327	air
n	Rq	1	448.163	space
n	Rq	1	448.163	quote
n	Rq	1	448.163	require
n	Rq	1	448.163	mpp
n	Rq	4	896.327	jobs
n	Rq	5	843.335	uas
n	Rq	1	448.163	anything
n	Rq	1	448.163	china
n	Rq	1	448.163	airplane
n	Rq	10	289.187	uav
n	Rq	2	448.163	wmaid.com
n	Rq	3	395.171	drone
n	Rq	2	448.163	facebook
n	Rq	7	342.179	fiberglass
n	Rq	1	448.163	college
n	Rq	4	395.171	onboard
n	Rq	3	896.327	gtaeronautics.com
n	Rq	1	448.163	qulificationa
n	Rq	21	236.196	simi
n	Rq	1	448.163	and
n	Rq	5	1344.490	flight
n	Rq	17	236.196	at6
n	Rq	1	448.163	xtreme
n	Rq	1	448.163	maintenance
n	Rq	1	448.163	cody
n	Rq	1	448.163	any
n	Rq	1	448.163	tom
n	Rq	1	448.163	systems
n	Rq	1	448.163	payload
n	Rq	2	896.327	gta
n	Rq	2	448.163	granger
n	Rq	8	342.179	extreme
n	Rq	6	843.335	molding
n	Rq	2	448.163	easylifeapp
n	Rq	1	448.163	rating
n	Rq	2	448.163	whitelaw
n	Rq	126	342.179	fashion
n	Rq	2	896.327	ice
n	Rq	2	448.163	http://www.gtaeronautics.com/compnews.html
n	Rq	5	896.327	engineers
n	Rq	3	896.327	composite
n	Rq	1	448.163	skyforce
n	Rq	1	448.163	eengineer
n	Rq	175	631.367	louis
n	Rq	4	395.171	starter
n	Rq	8	448.163	store
n	Rq	14	395.171	cheap
n	Rq	10	1238.506	bme
n	Rq	1	448.163	diamond
n	Rq	1	448.163	america2009
n	Rq	7	448.163	content
n	Rq	2	896.327	aeronautic
n	Rq	1	448.163	challenge
n	Rq	1	448.163	piece
n	Rq	1	448.163	how
n	Rq	1	448.163	male
n	Rq	2	896.327	design
n	Rq	2	896.327	flying
n	Rq	1	448.163	carbon
n	Rq	1	448.163	operation
n	Rq	2	448.163	profile
n	Rq	1	448.163	tomas
n	Rq	1	448.163	cia
n	Rq	1	448.163	hummingbird
n	Rq	1	448.163	iron
n	Rq	1	448.163	california
n	Rq	1	448.163	amphibian
n	Rq	1	448.163	110
n	Rq	1	448.163	mentioned
n	Rq	1	448.163	111
n	Rq	1	448.163	over
n	Rq	25	77.220	http://www.gtaeronautics.com/
n	Rq	1	448.163	google.com
n	Rq	1	448.163	fuel
n	Rq	2	448.163	inc
n	Rq	1	448.163	handbag.com
n	Rq	1	448.163	da42
n	Rq	2	896.327	certification
n	Rq	1	448.163	2015
n	Rq	1	448.163	timing
n	Rq	1	448.163	home
n	Rq	1	448.163	aerospacecompanies
n	Rq	1	448.163	anti
n	Rq	1	448.163	ziroli
n	Rq	1	448.163	sketches
n	Rq	5	448.163	purses
n	Rq	1	448.163	downlink
n	Rq	3	448.163	aeronotics
n	Rq	1	448.163	nanotechnology
n	Rq	1	448.163	zephyr
n	Rq	4	448.163	wyoming
n	Rq	2	448.163	technology
n	Rq	3	1344.490	companies
n	Rq	1	448.163	muffler
n	Rq	2	448.163	avia
n	Rq	2	448.163	what
n	Rq	145	130.212	valley
n	Rq	1	448.163	microwave
n	Rq	1	448.163	mold
n	Rq	5	395.171	pglm
n	Rq	1	448.163	specialist
n	Rq	23	578.375	drawing
n	Rq	1	448.163	tool
n	Rq	1	448.163	security
n	Rq	6	896.327	prototypes
n	Rq	1	448.163	giant
n	Rq	1	448.163	powell
n	Rq	8	342.179	aerospace
n	Rq	34	472.391	aeronautics
n	Rq	4	395.171	unmanned
n	Rq	1	448.163	radius
n	Rq	1	448.163	zero
n	Rq	1	448.163	tobbot
n	Rq	2	896.327	neverfull
n	Rq	2	896.327	job
n	Rq	1	448.163	onbordstarter
n	Rq	1	896.327	as
n	Rq	20	395.171	ca
n	Rq	13	236.196	at
n	Rq	5	843.335	techniques
n	Rq	1	448.163	does
n	Rq	1	448.163	commercial
n	Rq	1	448.163	www.gt
n	Rq	1	448.163	de
n	Rq	1	448.163	co
n	Rq	1	448.163	speedy
n	Rq	1	448.163	rpas
n	Rq	2	896.327	instrument
n	Rq	1	448.163	do
n	Rq	1	448.163	efi
n	Rq	3	1344.490	training
n	Rq	1	448.163	quotation
n	Rq	1	448.163	careers
n	Rq	3	1344.490	pilot
n	Rq	9	790.343	bandito
n	Rq	4	395.171	quotes
n	Rq	107	395.171	phone
n	Rq	1	448.163	stations
n	Rq	1	448.163	traing
N	*FR	2013	12	19	00	28
N	*LR	2020	10	14	09	11
N	*f	-200Q	s
N	RQ	3	4132103853	bandito uav
N	RQ	3	4132103853	onboard starter
N	RQ	7	3969240410	bme extreme
N	RQ	7	3969240410	aerospace engineering drawings
N	RQ	9	3806376967	at 6 texan
N	RQ	14	3643513524	aeronautical engineering drawing
N	RQ	2	2754735902	fiberglass molding techniques
N	RQ	6	2754735902	manufacturing aeronautical prototypes
N	RQ	19	2754735902	louis vuitton luggage outlet
N	RQ	10	2754735902	louis vuitton fashion valley phone
N	RQ	97	2754735902	louis vuitton fashion valley phone number
N	RQ	2	2754735902	texan at 6
N	RQ	18	2754735902	louis vuitton fashion valley ca
N	RQ	20	2591872459	www.gtaeronautics.com
N	RQ	8	2429009016	at6 texan
N	RQ	20	2103282130	gt aeronautics
N	RQ	1	1377367951	uavs flying over simi valley ca
N	RQ	1	1377367951	gt aeronautics simi valley california
N	RQ	1	1377367951	aeronautical engineer quote
N	RQ	1	1377367951	does aeronautical engineering require drawing?
N	RQ	1	1377367951	how to do gt in engineering drawing
N	RQ	2	1377367951	http://gtaeronautics.com/
N	RQ	1	1377367951	the government college g.t aeronautics
N	RQ	1	1377367951	bme engine
N	RQ	1	1377367951	uas gcs
N	RQ	1	1377367951	http://www.gtaeronautics.com/indnews.html
N	RQ	92	1377367951	semalt.com
N	RQ	1	1377367951	aero iron mentioned nanotechnology hummingbird uav
N	RQ	1	1377367951	basic fiberglass techniques
N	RQ	1	1377367951	http://gtaeronautics.com/indnews.html
N	RQ	1	1377367951	finnemeccia co
N	RQ	2	1377367951	drawing for customer satisfaction
N	RQ	1	1377367951	cheap louis vuitton speedy handbag.com
N	RQ	1	1377367951	at 6
N	RQ	1	1377367951	quotation specialist engineer drawings
N	RQ	1	1377367951	challenge xtreme 111 piece mechanics tool kit
N	RQ	1	1377367951	uav commercial crew stations
N	RQ	1	1377367951	da42 mpp microwave downlink bandwidth
N	RQ	1	1377367951	anti ice de ice qinetiq zephyr
N	RQ	4	1377367951	louis%20vuitton%20fashion%20valley%20phone%20number
N	RQ	1	1377367951	faa uas pilot certification
N	RQ	1	1377367951	any flying crews in gta
N	RQ	1	1377367951	fiber glass molding job
N	RQ	1	1377367951	aerospace drawing
N	RQ	1	1377367951	aircraft design consultant
N	RQ	1	1377367951	www.gt airplane.com
N	RQ	3	1377367951	gt in aeronotics
N	RQ	1	1377367951	tom rullman
N	RQ	1	1377367951	gt aeronautics simi valley ca
N	RQ	1	1377367951	drone base in simi valley
N	RQ	1	1377367951	fiberglass mold making techniques
N	RQ	1	1377367951	rpa instrument qualification faa instrument rating
N	RQ	1	1377367951	extreme bme
N	RQ	1	1377367951	uas faa maintenance
N	RQ	1	1377367951	louis vuitton neverfull
N	RQ	1	1377367951	fiberglass techniques
N	RQ	1	1377367951	aircraft companies in simi valley
N	RQ	1	1377367951	custom fiberglass moldings
N	RQ	1	1377367951	anything
N	RQ	11	1377367951	louis vuitton luggage cheap
N	RQ	1	1377367951	aeronautical engineering sketches
N	RQ	1	1377367951	gtaeronautics.com
N	RQ	1	1377367951	giant scale ziroli at 6
N	RQ	9	1377367951	outlet louis vuitton handbags
N	RQ	1	1377367951	cowling drawing
N	RQ	1	1377367951	mitsubishi zero
N	RQ	1	1377367951	powell wy gt aeronautics
N	RQ	2	1377367951	what is gt in basic engineering drawing
N	RQ	2	1377367951	composite molding
N	RQ	1	1377367951	aeronautics in simi valley and security work
N	RQ	3	1377367951	gt aeronautics llc jobs
N	RQ	1	1377367951	crew flight gta
N	RQ	1	1377367951	110cc engine timing
N	RQ	1	1377367951	aeronautical engineer quotes
N	RQ	2	1377367951	http://www.gtaeronautics.com/compnews.html
N	RQ	4	1377367951	wyoming flight engineers
N	RQ	1	1377367951	a t 6
N	RQ	1	1377367951	gt aeronautics unmanned air
N	RQ	1	1377367951	fia gt composite tooling
N	RQ	1	1377367951	uas pilot certification
N	RQ	1	1377367951	quotes on aeronautical engineers
N	RQ	1	1377367951	payload for diamond northrop twin engie aircraft
N	RQ	7	1377367951	content
N	RQ	1	1377367951	bme 110
N	RQ	1	1377367951	thomas w rullman gt aeronautics
N	RQ	1	1377367951	luggages for sale
N	RQ	2	1377367951	easylifeapp profile
N	RQ	2	1377367951	simi gt
N	RQ	1	1377367951	mq1 design fuel
N	RQ	1	1377367951	airplane as always cia america2009
N	RQ	1	1377367951	heavy equipment operator jobs
N	RQ	1	1377367951	eengineer drawing home
N	RQ	1	1377367951	cheap louis vuitton luggage
N	RQ	1	1377367951	aero space drone simi valley
N	RQ	1	1377367951	2 stroke electric onboard starter
N	RQ	1	1377367951	simi valley unmanned aircraft
N	RQ	1	1377367951	skyforce observer mk3
N	RQ	2	1377367951	granger whitelaw avia
N	RQ	1	1377367951	louis vuitton fashion valley neverfull
N	RQ	1	1377367951	louis vuitton job opportunities
N	RQ	1	1377367951	google.com
N	RQ	1	1377367951	uas operation training method
N	RQ	2	1377367951	wmaid.com explore gtaeronautics.com
N	RQ	1	1377367951	custum muffler 110cc
N	RQ	1	1377367951	glass manufacturing drawings
N	RQ	1	1377367951	electric motors x male uav x sale
N	RQ	1	1377367951	aerospacecompanies in simi valley
N	RQ	1	1377367951	fiberglass molding
N	RQ	2	1377367951	aeronautical technology inc
N	RQ	1	1377367951	taranis ucav
N	RQ	1	1377367951	vegas drone uav show december 2015
N	RQ	1	1377367951	uav companies in simi valley
N	RQ	1	1377367951	unmanned aircraft systems pilot training
N	RQ	2	1377367951	installerex facebook
N	RQ	3	1377367951	texan at6 photos
N	RQ	1	1377367951	aeronautic engineer
N	RQ	30	1377367951	designer handbags outlet sale
N	RQ	1	1377367951	rpas qulificationa traing with faa
N	RQ	1	1377367951	faa uav training
N	RQ	1	1377367951	uav companies simi valley
N	RQ	5	1377367951	louis vuitton purses outlet
N	RQ	1	1377367951	aeronautics
N	RQ	1	1377367951	cheap louis vuitton luggage outlet
N	RQ	1	1377367951	gt aeronautics tomas rullman
N	RQ	1	1377367951	tobbot
N	RQ	1	1377367951	radius tdw efi fuze
N	RQ	8	1377367951	manufacturing equipment store in simi valley
N	RQ	1	1377367951	onbordstarter
N	RQ	1	1377367951	aeronautic engineer quotes
N	RQ	1	1377367951	rotax amphibian unmanned china
N	RQ	1	1377367951	aeronautical engineering quotes
N	RQ	1	1377367951	drawing aircraft engineering
N	RQ	1	1377367951	gt aeronautics careers
N	RQ	1	1377367951	gt aeronautics bandito
N	RQ	1	1377367951	cody wy carbon fiber
N	RQ	6	1214504508	texan at6
N	RQ	5	1214504508	bandito pglm
N	RQ	25	237323850	http://www.gtaeronautics.com/
B	*f	-40R	r
B	Rb	232398	0.000	Mozilla/5.0 (Windows NT 6.1; Win64; x64; rv:109.0) Gecko/20100101 Firefox/115.0
B	Rb	104158	2.898	Mozilla/5.0 (compatible; AhrefsBot/7.0;  http://ahrefs.com/robot/)
B	Rb	82589	1.638	ZoominfoBot (zoominfobot at zoominfo dot com)
B	Rb	81624	1.116	Sogou web spider/4.0( http://www.sogou.com/docs/help/webmasters.htm#07)
B	Rb	66422	1.266	Mozilla/5.0 (compatible; Googlebot/2.1;  http://www.google.com/bot.html)
B	Rb	55403	0.026	Mozilla/5.0 (iPhone; CPU iPhone OS 13_2_3 like Mac OS X) AppleWebKit/605.1.15 (KHTML, like Gecko) Version/13.0.3 Mobile/15E148 Safari/604.1
B	Rb	40927	4.266	Mozilla/5.0 (compatible; bingbot/2.0;  http://www.bing.com/bingbot.htm)
B	Rb	39362	2.168	Mozilla/5.0 (Windows NT 6.3; WOW64) AppleWebKit/537.36 (KHTML, like Gecko) Chrome/33.0.1736.0 Safari/537.36
B	Rb	33587	0.266	Googlebot-Image/1.0
B	Rb	32783	0.000	Mozilla/5.0 AppleWebKit/537.36 (KHTML, like Gecko; compatible; bingbot/2.0;  http://www.bing.com/bingbot.htm) Chrome/116.0.1938.76 Safari/537.36
B	Rb	28052	0.013	Mozilla/5.0 (Windows NT 10.0; Win64; x64; rv:109.0) Gecko/20100101 Firefox/111.0
B	Rb	22933	0.000	Mozilla/5.0 (Linux; Android 5.0) AppleWebKit/537.36 (KHTML, like Gecko) Mobile Safari/537.36 (compatible; Bytespider; spider-feedback@bytedance.com)
B	Rb	16337	0.954	Mozilla/4.0 (compatible; MSIE 6.0; Windows NT 5.1; SV1)
B	Rb	15558	1.399	Mozilla/5.0 (compatible; YandexBot/3.0;  http://yandex.com/bots)
B	Rb	15438	0.000	Mozilla/5.0 (Windows NT 10.0; Win64; x64) AppleWebKit/537.36 (KHTML, like Gecko) Chrome/120.0.0.0 Safari/537.36
B	Rb	15322	0.333	Mozilla/5.0 (Macintosh; Intel Mac OS X 10_15_5) AppleWebKit/605.1.15 (KHTML, like Gecko) Version/13.1.1 Safari/605.1.15 (Applebot/0.1;  http://www.apple.com/go/applebot)
B	Rb	14749	0.000	Mozilla/5.0 (Windows NT 10.0; Win64; x64) AppleWebKit/537.36 (KHTML, like Gecko) Chrome/114.0.0.0 Safari/537.36
B	Rb	14398	0.400	Mozilla/5.0 (Windows NT 5.1; rv:17.0) Gecko/20100101 Firefox/17.0
B	Rb	13947	0.000	Mozilla/5.0 (compatible; Bytespider; spider-feedback@bytedance.com) AppleWebKit/537.36 (KHTML, like Gecko) Chrome/70.0.0.0 Safari/537.36
B	Rb	13739	0.689	Mozilla/5.0 (compatible; Baiduspider/2.0;  http://www.baidu.com/search/spider.html)
B	Rb	13696	0.424	Mozilla/5.0 (Macintosh; Intel Mac OS X 10.11; rv:52.0) Gecko/20100101 Firefox/52.0
B	Rb	13316	0.000	Mozilla/5.0 (Windows NT 10.0; Win64; x64) AppleWebKit/537.36 (KHTML, like Gecko) Chrome/134.0.0.0 Safari/537.36
B	Rb	13129	0.000	Mozilla/5.0 (Windows NT 10.0; Win64; x64) AppleWebKit/537.36 (KHTML, like Gecko) Chrome/131.0.0.0 Safari/537.36
B	Rb	13021	0.220	Mozilla/5.0 (Linux; Android 6.0.1; Nexus 5 Build/MRA58N) AppleWebKit/537.36(KHTML, like Gecko) Chrome/66.0.3359.30 Mobile Safari/537.36
B	Rb	12964	1.355	Mozilla/5.0 (iPhone; CPU iPhone OS 7_0 like Mac OS X) AppleWebKit/537.51.1 (KHTML, like Gecko) Version/7.0 Mobile/11A465 Safari/9537.53 (compatible; bingbot/2.0;  http://www.bing.com/bingbot.htm)
B	Rb	12297	0.000	Mozilla/5.0 (Macintosh; Intel Mac OS X 10_15_7) AppleWebKit/605.1.15 (KHTML, like Gecko) Version/17.4 Safari/605.1.15 (Applebot/0.1;  http://www.apple.com/go/applebot)
B	Rb	11923	0.000	Mozilla/5.0 (Windows NT 10.0; Win64; x64) AppleWebKit/537.36 (KHTML, like Gecko) Chrome/124.0.0.0 Safari/537.36
B	Rb	11713	0.067	Mozilla/5.0 (Windows NT 10.0; Win64; x64) AppleWebKit/537.36 (KHTML, like Gecko) Chrome/113.0.0.0 Safari/537.36
B	Rb	11350	0.000	Mozilla/5.0 (Windows NT 10.0; Win64; x64) AppleWebKit/537.36 (KHTML, like Gecko) Chrome/122.0.0.0 Safari/537.36
B	Rb	11107	0.162	Mozilla/5.0 (Linux; Android 7.0;) AppleWebKit/537.36 (KHTML, like Gecko) Mobile Safari/537.36 (compatible; PetalBot; https://webmaster.petalsearch.com/site/petalbot)
B	Rb	11025	0.003	Mozilla/5.0 (compatible; MatchorySearch/1.3;  https://www.matchory.com)
B	Rb	10946	0.170	Mozilla/5.0 (compatible; Dataprovider.com)
B	Rb	10866	0.616	Mozilla/5.0 (Windows NT 6.1; WOW64; Trident/7.0; rv:11.0) like Gecko
B	Rb	10580	0.000	Mozilla/5.0 (Windows NT 10.0; Win64; x64) AppleWebKit/537.36 (KHTML, like Gecko) Chrome/121.0.0.0 Safari/537.36
B	Rb	10204	0.246	Mozilla/5.0 (compatible; MJ12bot/v1.4.8; http://mj12bot.com/)
B	Rb	10190	0.286	Mozilla/5.0 (Windows NT 10.0; Win64; x64) AppleWebKit/537.36 (KHTML, like Gecko) Chrome/109.0.0.0 Safari/537.36
B	Rb	9706	0.479	PRurl
B	Rb	9662	0.000	Mozilla/5.0 (Windows NT 10.0; Win64; x64) AppleWebKit/537.36 (KHTML, like Gecko) Chrome/138.0.0.0 Safari/537.36
B	Rb	9648	0.435	Mozilla/5.0 AppleWebKit/537.36 (KHTML, like Gecko; compatible; bingbot/2.0;  http://www.bing.com/bingbot.htm) Chrome/103.0.5060.134 Safari/537.36
B	Rb	9432	0.000	Mozilla/5.0 (Linux; Android 10; HD1900 Build/QKQ1.190716.003; wv) AppleWebKit/537.36 (KHTML, like Gecko) Version/4.0 Chrome/75.0.3770.156 Mobile Safari/537.36  aweme_230400 JsSdk/1.0 NetType/WIFI  AppName/aweme app_version/23.4.0 ByteLocale/zh-CN Region/CN AppSkin/white AppTheme/light BytedanceWebview/d8a21c6 WebView/075113004008
B	Rb	2215369	78.105	[not listed: 25809]
b	*f	-15Q	s
b	lRQq	1	161	4132103868	225.705	HealRWorld
b	lRQq	2	150	2754735917	150.470	HealRWorld/1
b	lRQq	2	11	1377367951	75.235	HealRWorld/Nutch-1
b	lRQq	1	1128	4132103856	225.705	Mozlila
b	lRQq	2	1128	4132103856	225.705	Mozlila/5
b	lRQq	1	4120	4206564260	229.772	Scrapy
b	lRQq	2	6	2591872459	141.574	Scrapy/0
b	lRQq	2	3866	888777622	48.547	Scrapy/2
b	lRQq	2	248	725914179	39.651	Scrapy/1
b	lRQq	1	113	4132103853	225.705	woobot
b	lRQq	2	59	1377367951	75.235	woobot/2
b	lRQq	2	53	1377367951	75.235	woobot/1
b	lRQq	1	2	4132103853	225.705	<a href='http:
b	lRQq	2	2	4132103853	225.705	<a href='http://www
b	lRQq	1	4	4132103853	225.705	GoogleEarth
b	lRQq	2	2	1377367951	75.235	GoogleEarth/6
b	lRQq	2	1	1377367951	75.235	GoogleEarth/4
b	lRQq	2	1	1377367951	75.235	GoogleEarth/7
b	lRQq	1	1158	4132103853	225.705	Yandex
b	lRQq	2	1158	4132103853	225.705	Yandex/1
b	lRQq	1	13	4132103853	225.705	trafilatura
b	lRQq	2	13	4132103853	225.705	trafilatura/1
b	lRQq	1	6	4132103853	225.705	${${lower:j}${lower:n}${lower:d}i:${lower:rmi}:
b	lRQq	2	2	1377367951	75.235	${${lower:j}${lower:n}${lower:d}i:${lower:rmi}://144
b	lRQq	2	2	1377367951	75.235	${${lower:j}${lower:n}${lower:d}i:${lower:rmi}://167
b	lRQq	2	2	1377367951	75.235	${${lower:j}${lower:n}${lower:d}i:${lower:rmi}://51
b	lRQq	1	203	4132103853	225.705	Re-re Studio ( http:
b	lRQq	2	169	1377367951	75.235	Re-re Studio ( http://vip0
b	lRQq	2	2	1377367951	75.235	Re-re Studio ( http://re-re
b	lRQq	2	32	1377367951	75.235	Re-re Studio ( http://2re
b	lRQq	1	916	4132103853	225.705	DoCoMo
b	lRQq	2	916	4132103853	225.705	DoCoMo/2
b	lRQq	1	668	4132103853	225.705	Yeti
b	lRQq	2	668	4132103853	225.705	Yeti/1
b	lRQq	1	1	4132103853	225.705	ddg_android
b	lRQq	2	1	4132103853	225.705	ddg_android/5
b	lRQq	1	3	4132103853	225.705	Playwright
b	lRQq	2	3	4132103853	225.705	Playwright/1
b	lRQq	1	259	4132103853	225.705	LinkedInBot
b	lRQq	2	259	4132103853	225.705	LinkedInBot/1
b	lRQq	1	3373115	4199243555	229.373	[not listed: 1013]
p	*f	0Q	s
p	lR	1	1618161	Windows
p	lR	2	749130	Windows NT
p	lR	2	588182	Unknown Windows
p	lR	2	264244	Windows XP
p	lR	2	2238	Windows 95
p	lR	2	437	Windows CE
p	lR	2	2415	Windows 98
p	lR	2	9685	Windows 2000
p	lR	2	389	Windows 3.1
p	lR	2	1441	Windows ME
p	lR	1	594491	OS unknown
p	lR	1	432363	Macintosh
p	lR	2	420339	Unknown Macintosh
p	lR	2	8676	Macintosh 68k
p	lR	2	3348	Macintosh PowerPC
p	lR	1	395357	Known robots
p	lR	1	341245	Unix
p	lR	2	334711	Linux
p	lR	2	22	SunOS
p	lR	2	311	BSD
p	lR	2	6198	Other Unix
p	lR	2	3	HP-UX
p	lR	1	16	WebTV
p	lR	1	13	BeOS
p	lR	1	217	OS/2
p	lR	1	7	Amiga
i	*f	0R	s
i	lRc	1	1408782	0.000	/images/
i	lRc	1	1539458	0.000	[root directory]
i	lRc	1	267551	0.000	/js/
i	lRc	1	4843	0.000	/dev/
i	lRc	2	2639	0.000	/dev/images/
i	lRc	2	1364	0.000	/dev/uploads/
i	lRc	2	186	0.000	/dev/js/
i	lRc	2	106	0.000	/dev/css/
i	lRc	1	134962	0.000	/css/
i	lRc	1	44315	0.000	/uploads/
i	lRc	1	84	0.000	/stats/
i	lRc	1	865	0.000	/videos/
i	lRc	1	541	0.000	/client/
i	lRc	1	6	0.000	/databases/
i	lRc	1	1	0.000	/cgi-bin/
i	lRc	1	1	0.000	/secure/
r	*f	0.050000%S	s
r	lRSc	1	41206	69	0.000	/indnews.html
r	lRSc	2	141	0	0.000	/indnews.html?referer=www.clickfind.com.au/wp-login.php
r	lRSc	2	1	0	0.000	/indnews.html?referer=top1.co.pl
r	lRSc	2	1	0	0.000	/indnews.html?referer=www.clickfind.com.au//wp-content/themes/busybee/thumb.php?src=http://blogger.com.opontodaarte.com.br/java.php
r	lRSc	1	58744	65	0.000	/links.html
r	lRSc	1	64668	59	0.000	/compnews.html
r	lRSc	1	41050	53	0.000	/cct&m.html
r	lRSc	1	61348	51	0.000	/aboutus.html
r	lRSc	1	37582	41	0.000	/pna.html
r	lRSc	1	37097	38	0.000	/indevents.html
r	lRSc	1	25682	38	0.000	/gt1500+rpas.html
r	lRSc	1	31564	37	0.000	/faq.html
r	lRSc	1	31474	34	0.000	/sru.html
r	lRSc	1	42584	34	0.000	/consultinga.html
r	lRSc	1	23515	32	0.000	/gt50t+rpas.html
r	lRSc	1	44068	30	0.000	/uasfc.html
r	lRSc	1	49087	27	0.000	/contactus.html
r	lRSc	1	20472	26	0.000	/gt100hl+rpas.html
r	lRSc	1	38901	25	0.000	/cfmt.html
r	lRSc	1	24600	22	0.000	/gt380+rpas.html
r	lRSc	1	21511	17	0.000	/rd.html
r	lRSc	1	30537	16	0.000	/employment.html
r	lRSc	1	4469	13	0.000	/uploads/bighornbasindronefestivalflyer-v2-220110.pdf
r	lRSc	1	5293	9	0.000	/uploads/idrone-pressrelease-powell-version220119.pdf
r	lRSc	1	4335	8	0.000	/uploads/big+horn+basin+drone+festival+event+schedule.pdf
r	lRSc	1	3609	8	0.000	/uploads/2022wydronefestflyer+rev2.pdf
r	lRSc	1	5871	7	0.000	/gtatexan.html
r	lRSc	1	4124	7	0.000	/uploads/droneexpojan2022+(1).pdf
r	lRSc	1	6171	3	0.000	/uavengines.html
r	lRSc	1	5628	2	0.000	/banditomav.html
r	lRSc	1	4933	2	0.000	/bandituas.html
r	lRSc	1	16	1	0.000	/dev/links.html
r	lRSc	1	28	1	0.000	/dev/compnews.html
r	lRSc	1	2	0	0.000	/client/bandit+timeline2004.html
r	lRSc	1	1	0	0.000	/404.htm
r	lRSc	1	12	0	0.000	/client/gta010707002.html
r	lRSc	1	72	0	0.000	/client/bandito+development.html
r	lRSc	1	1	0	0.000	/stats/browserrep.html
r	lRSc	1	741	0	0.000	/gt50t rpas.html
r	lRSc	1	2	0	0.000	/dev/contactus.html
r	lRSc	1	7	0	0.000	/dev/aboutus.html
r	lRSc	1	18	0	0.000	/client/tacamo+development.html
r	lRSc	1	11	0	0.000	/client/rq2+outlaw.html
r	lRSc	1	1	0	0.000	/client/bandit timeline2008.html
r	lRSc	1	15	0	0.000	/client/bandit.html
r	lRSc	1	993	0	0.000	/gtamt.html
r	lRSc	1	2253	0	0.000	/gt1500 rpas.html
r	lRSc	1	4	0	0.000	/client/gta121004001.html
r	lRSc	1	1	0	0.000	/dev/client.cgi
r	lRSc	1	71	0	0.000	/client/bandit+development.html
r	lRSc	1	2	0	0.000	/client/bandito development.html
r	lRSc	1	2	0	0.000	/stats/domain.html
r	lRSc	1	2	0	0.000	/stats/weekly.html
r	lRSc	1	6356	0	0.000	/pridpass.html
r	lRSc	1	7	0	0.000	/dev/pna.html
r	lRSc	1	1	0	0.000	/client/tacamo development.html
r	lRSc	1	4	0	0.000	/stats/index.htm
r	lRSc	1	4	0	0.000	/stats/nav.html
r	lRSc	1	2	0	0.000	/stats/directory.html
r	lRSc	1	2	0	0.000	/stats/organisation.html
r	lRSc	1	7	0	0.000	/client/bandit+timeline2007.html
r	lRSc	1	1	0	0.000	/dev/pridpass.html
r	lRSc	1	1	0	0.000	/client/bandito timeline2007.html
r	lRSc	1	1	0	0.000	/stats/quick.html
r	lRSc	1	135	0	0.000	/client/welcome.html
r	lRSc	1	3	0	0.000	/client/gta021305001.html
r	lRSc	1	5	0	0.000	/client/gta012405001.html
r	lRSc	1	4	0	0.000	/stats/general.html
r	lRSc	1	1	0	0.000	/stats/dailyrep.html
r	lRSc	1	1	0	0.000	/client/bandit development.html
r	lRSc	1	17	0	0.000	/client/bandit+timeline2008.html
r	lRSc	1	1	0	0.000	/client/bandito+timeline2005.html
r	lRSc	1	23	0	0.000	/client/projectbids.html
r	lRSc	1	1	0	0.000	/stats/host.html
r	lRSc	1	20	0	0.000	/client/clientpna.html
r	lRSc	1	2	0	0.000	/stats/default.asp
r	lRSc	1	21	0	0.000	/index.htm
r	lRSc	1	1	0	0.000	/cgi-bin/testms.pl
r	lRSc	1	14	0	0.000	/client/rq1+bandit.html
r	lRSc	1	6	0	0.000	/client/gta021305002.html
r	lRSc	1	24	0	0.000	/client/tacamo.html
r	lRSc	1	30	0	0.000	/client/mgqgcyat.asp
r	lRSc	1	18702	0	0.000	/default.asp
r	lRSc	1	1666	0	0.000	/gt380 rpas.html
r	lRSc	1	1	0	0.000	/client/bandito+timeline2006.html
r	lRSc	1	16	0	0.000	/client/rq3+bandito.html
r	lRSc	1	1	0	0.000	/dev/uasfc.html
r	lRSc	1	229	0	0.000	/client.cgi
r	lRSc	1	2	0	0.000	/stats/yearly.html
r	lRSc	1	1	0	0.000	/stats/monthly.html
r	lRSc	1	8	0	0.000	/client/gta010707001.html
r	lRSc	1	3749	0	0.000	/bidspridpass.html
r	lRSc	1	12	0	0.000	/client/bandito.html
r	lRSc	1	1	0	0.000	/stats/quarterly.html
r	lRSc	1	8	0	0.000	/client/bandito+timeline2007.html
t	*f	0.100000%B	b
t	lRb	1	1301957	43.756	.jpg  [JPEG graphics]
t	lRb	1	764648	26.229	.html [Hypertext Markup Language]
t	lRb	1	694477	18.517	[directories]
t	lRb	1	23849	5.242	.mp4
t	lRb	1	778	2.157	.wmv
t	lRb	1	87	2.118	.mpg  [MPEG movie]
t	lRb	1	18734	0.911	.asp  [Active Server REQUESTS]
t	lRb	1	109488	0.296	.gif  [GIF graphics]
t	lRb	1	267737	0.254	.js  [JavaScript code]
t	lRb	1	135060	0.225	.css  [Cascading Style Sheets]
t	lRb	1	21830	0.210	.pdf  [Adobe Portable Document Format]
t	lRb	1	62764	0.084	[not listed: 7]
z	*FR	2023	04	05	20	41
z	*LR	2023	05	09	10	03
z	ScR	0	0.000	84837	0
z	ScR	0	0.000	0	1b-  10b
z	ScR	0	0.000	0	11b- 100b
z	ScR	0	0.000	85122	101b-  1kb
z	ScR	0	0.000	509907	1kb- 10kb
z	ScR	0	0.000	352085	10kb-100kb
z	ScR	0	0.000	104639	100kb-  1Mb
z	ScR	0	0.000	4584	1Mb- 10Mb
z	ScR	0	0.000	55	10Mb-100Mb
z	ScR	0	0.000	13	100Mb-  1Gb
c	*FR	2014	03	02	13	52
c	*LR	2026	02	01	05	57
c	*f	0R	a
c	R	3200368	200 OK
c	R	46716	206 Partial content
c	R	550	301 Document moved permanently
c	R	77	302 Document found elsewhere
c	R	154325	304 Not modified since last retrieval
c	R	3606	400 Bad request
c	R	207	401 Authentication required
c	R	5693	403 Access forbidden
c	R	2628467	404 Document not found
c	R	3783	405 Method not allowed
c	R	1711	406 Document not acceptable to client
c	R	141	416 Requested range not valid
c	R	642	500 Internal server error
c	R	128	501 Request type not supported
I	*FR	2007	12	11	00	52
I	*LR	2026	02	01	04	45
I	*f	-30S	s
I	lRS	1	321109	383	/robots.txt
I	lRS	1	3511	17	/wp-content/plugins/hellopress/wp_filemanager.php
I	lRS	1	14126	17	/wp-login.php
I	lRS	1	17430	13	/ads.txt
I	lRS	1	998	12	/admin
I	lRS	1	602	7	/ss.php
I	lRS	1	27	7	/rip.php
I	lRS	1	6855	7	/admin.php
I	lRS	1	7951	6	/.env
I	lRS	1	3784	6	/alfa.php
I	lRS	1	3960	6	/classwithtostring.php
I	lRS	1	2225	5	/x.php
I	lRS	1	5641	5	/about.php
I	lRS	1	797	5	/old/
I	lRS	1	2573	5	/wordpress/
I	lRS	1	2227	5	/index/function.php
I	lRS	1	806	5	/new/
I	lRS	1	9412	5	/xmlrpc.php
I	lRS	1	1345	5	/wp/
I	lRS	1	1041	5	/222.php
I	lRS	1	3069	5	/inputs.php
I	lRS	1	848	5	/backup/
I	lRS	1	3946	5	/wp.php
I	lRS	1	1616	5	/blog/
I	lRS	1	2380	4	/403.php
I	lRS	1	2297	4	/abcd.php
I	lRS	1	1378	4	/ahax.php
I	lRS	1	2340	4	/wp-content/themes/about.php
I	lRS	1	2603	4	/404.php
I	lRS	1	2046	4	/wp-content/
I	lRS	1	2215179	1156	[not listed: 50167]
L	*FR	2007	12	11	00	52
L	*LR	2026	02	01	04	45
L	*f	-20S	s
L	RS	1173	220	20.89.56.154
L	RS	2293	158	52.169.148.186
L	RS	6235	152	13.79.87.25
L	RS	8066	134	172.190.142.176
L	RS	575	115	20.211.161.159
L	RS	600	100	4.188.251.0
L	RS	144	48	20.205.115.105
L	RS	180	36	52.243.60.34
L	RS	144	36	20.189.200.73
L	RS	99	33	203.159.90.25
L	RS	280	32	52.169.119.118
L	RS	125	25	20.89.229.5
L	RS	324	18	89.187.187.82
L	RS	108	18	45.149.173.227
L	RS	90	15	54.90.225.159
L	RS	33	15	34.74.242.206
L	RS	163	13	74.7.175.149
L	RS	10	10	185.242.3.3
L	RS	50	10	185.242.3.13
L	RS	122	10	45.94.31.166
L	RS	2623564	528	[not listed: 102226]
K	*FR	2013	12	22	04	20
K	*LR	2026	02	01	04	45
K	*f	-30S	s
K	lRS	1	239	21	http://gtaeronautics.com/wp-admin/
K	lRS	1	24078	9	http://www.gtaeronautics.com/
K	lRS	1	2282	3	http://www.gtaeronautics.com/gtaTexan.html
K	lRS	1	70	2	https://www.facebook.com/
K	lRS	1	23207	2	https://duckduckgo.com/
K	lRS	1	13	1	http://www.gtaeronautics.com/contact
K	lRS	1	11	1	https://www.google.fr/search
K	lRS	1	51	1	https://wordpress.org/
K	lRS	1	13	1	http://www.gtaeronautics.com/template/default/common/common.css
K	lRS	1	5	1	http://www.gtaeronautics.com/about
K	lRS	1	39	1	https://t.co/
K	lRS	1	5	1	https://www.yandex.com/
K	lRS	1	57	1	http://www.gtaeronautics.com/apps/admin/view/default/layui/css/layui.css
K	lRS	1	415	1	http://gtaeronautics.com/robots.txt
K	lRS	1	37	1	http://gtaeronautics.com/RD.html
K	lRS	1	249412	0	[not listed: 8338]
E	*FR	2008	01	06	10	12
E	*LR	2026	01	29	19	00
E	*f	-30S	s
E	lSR	1	15	382	/dev
E	lSR	1	1	11	/stats
E	lSR	1	0	234	[not listed: 7]
l	*FR	2008	01	06	10	12
l	*LR	2026	01	29	19	00
l	*f	-20S	s
l	SR	2	10	216.234.203.168
l	SR	2	8	104.47.58.254
l	SR	2	8	104.47.56.254
l	SR	1	4	98.243.124.77
l	SR	1	3	52.102.16.117
l	SR	1	3	34.215.43.79
l	SR	1	3	52.102.18.85
l	SR	1	3	54.185.93.236
l	SR	1	3	44.250.182.241
l	SR	1	4	135.232.20.104
l	SR	1	3	35.90.11.59
l	SR	1	3	65.48.168.171
l	SR	1	4	104.47.57.254
l	SR	0	568	[not listed: 158]
k	*FR	2025	12	24	16	53
k	*LR	2026	01	11	10	06
k	*f	-30S	s
k	lRS	1	24	0	[not listed: 4]
v	*f	-20B	b
v	Rb	2743994	65.103	64.41.87.40
v	Rb	657415	34.897	66.113.131.59
R	*FR	2008	01	06	10	12
R	*LR	2026	01	29	19	00
R	*f	-20R	r
R	R	449	64.41.87.40
R	R	178	66.113.131.59
M	*FR	2007	12	11	00	52
M	*LR	2026	02	01	04	45
M	*f	-20R	r
M	R	2341772	64.41.87.40
M	R	302606	66.113.131.59
J	*FR	2007	12	11	00	53
J	*LR	2017	03	17	18	30
J	*f	-20R	r
J	R	9	gtaeronautics
J	R	5	lorrigkj
J	R	1	rullma2063
J	R	1	administrator
J	R	1	satish
J	R	1	nnnnn
P	*FR	2024	04	17	09	27
P	*LR	2026	02	01	05	57
P	R	230	0
P	R	480	<= 0.01
P	R	8790	0.01-0.02
P	R	368023	0.02-0.05
P	R	421519	0.05-0.1 
P	R	570059	0.1 -0.2 
P	R	664102	0.2 -0.5 
P	R	322932	0.5 -1   
P	R	181909	1-  2 
P	R	76164	2-  5 
P	R	30959	5- 10 
P	R	15416	10- 20 
P	R	59751	20- 60 
P	R	5700	60-120 
P	R	17743	120-300 
P	R	3	300-600 
