x	VE	analog 5.24
x	HN	gtaeronautics.com
x	PS	2021	03	28	06	13
x	FR	2007	12	18	17	05
x	LR	2021	03	26	23	53
x	E7	2021	03	28	06	13
x	SR	930534
x	S7	1643
x	NC	378561
x	C7	0
x	FL	394467
x	F7	217
x	RR	179
x	R7	0
x	NH	82912
x	H7	313
x	BT	34125135654
x	B7	97595009
1	Rr	18787	2.019	2021
1	Rr	89380	9.605	2020
1	Rr	80088	8.607	2019
1	Rr	68927	7.407	2018
1	Rr	60168	6.466	2017
1	Rr	73316	7.879	2016
1	Rr	80796	8.683	2015
1	Rr	110773	11.904	2014
1	Rr	65173	7.004	2013
1	Rr	60742	6.528	2012
1	Rr	57015	6.127	2011
1	Rr	22139	2.379	2010
1	Rr	69710	7.491	2009
1	Rr	71820	7.718	2008
1	Rr	1700	0.183	2007
1	*BT	R	110773	2014
Q	Rr	18787	2.019	2021	1
Q	Rr	22199	2.386	2020	4
Q	Rr	23882	2.566	2020	3
Q	Rr	21656	2.327	2020	2
Q	Rr	21643	2.326	2020	1
Q	Rr	19098	2.052	2019	4
Q	Rr	19668	2.114	2019	3
Q	Rr	19827	2.131	2019	2
Q	Rr	21495	2.310	2019	1
Q	Rr	18129	1.948	2018	4
Q	Rr	17138	1.842	2018	3
Q	Rr	16928	1.819	2018	2
Q	Rr	16732	1.798	2018	1
Q	Rr	15937	1.713	2017	4
Q	Rr	0	0.000	2017	3
Q	Rr	16831	1.809	2017	2
Q	Rr	27400	2.945	2017	1
Q	Rr	22114	2.376	2016	4
Q	Rr	17621	1.894	2016	3
Q	Rr	15878	1.706	2016	2
Q	Rr	17703	1.902	2016	1
Q	Rr	16575	1.781	2015	4
Q	Rr	22104	2.375	2015	3
Q	Rr	22485	2.416	2015	2
Q	Rr	19632	2.110	2015	1
Q	Rr	21142	2.272	2014	4
Q	Rr	22272	2.393	2014	3
Q	Rr	31453	3.380	2014	2
Q	Rr	35906	3.859	2014	1
Q	Rr	16436	1.766	2013	4
Q	Rr	15216	1.635	2013	3
Q	Rr	16545	1.778	2013	2
Q	Rr	16976	1.824	2013	1
Q	Rr	16578	1.782	2012	4
Q	Rr	12511	1.344	2012	3
Q	Rr	15816	1.700	2012	2
Q	Rr	15837	1.702	2012	1
Q	Rr	15444	1.660	2011	4
Q	Rr	17386	1.868	2011	3
Q	Rr	9395	1.010	2011	2
Q	Rr	14790	1.589	2011	1
Q	Rr	1603	0.172	2010	4
Q	Rr	0	0.000	2010	3
Q	Rr	14047	1.510	2010	2
Q	Rr	6489	0.697	2010	1
Q	Rr	16350	1.757	2009	4
Q	Rr	18220	1.958	2009	3
Q	Rr	17115	1.839	2009	2
Q	Rr	18025	1.937	2009	1
Q	Rr	15905	1.709	2008	4
Q	Rr	15660	1.683	2008	3
Q	Rr	22448	2.412	2008	2
Q	Rr	17807	1.914	2008	1
Q	Rr	1700	0.183	2007	4
Q	*BT	R	35906	2014	1
m	Rr	6473	0.696	2021	03
m	Rr	5800	0.623	2021	02
m	Rr	6514	0.700	2021	01
m	Rr	8069	0.867	2020	12
m	Rr	6579	0.707	2020	11
m	Rr	7551	0.811	2020	10
m	Rr	8028	0.863	2020	09
m	Rr	7741	0.832	2020	08
m	Rr	8113	0.872	2020	07
m	Rr	7317	0.786	2020	06
m	Rr	6898	0.741	2020	05
m	Rr	7441	0.800	2020	04
m	Rr	7524	0.809	2020	03
m	Rr	7322	0.787	2020	02
m	Rr	6797	0.730	2020	01
m	Rr	6573	0.706	2019	12
m	Rr	5917	0.636	2019	11
m	Rr	6608	0.710	2019	10
m	Rr	6791	0.730	2019	09
m	Rr	6597	0.709	2019	08
m	Rr	6280	0.675	2019	07
m	Rr	6317	0.679	2019	06
m	Rr	6847	0.736	2019	05
m	Rr	6663	0.716	2019	04
m	Rr	7059	0.759	2019	03
m	Rr	6374	0.685	2019	02
m	Rr	8062	0.866	2019	01
m	Rr	6957	0.748	2018	12
m	Rr	5422	0.583	2018	11
m	Rr	5750	0.618	2018	10
m	Rr	5458	0.587	2018	09
m	Rr	5735	0.616	2018	08
m	Rr	5945	0.639	2018	07
m	Rr	7110	0.764	2018	06
m	Rr	6440	0.692	2018	05
m	Rr	3378	0.363	2018	04
m	Rr	5789	0.622	2018	03
m	Rr	5369	0.577	2018	02
m	Rr	5574	0.599	2018	01
m	Rr	3906	0.420	2017	12
m	Rr	6533	0.702	2017	11
m	Rr	5498	0.591	2017	10
m	Rr	0	0.000	2017	09
m	Rr	0	0.000	2017	08
m	Rr	0	0.000	2017	07
m	Rr	0	0.000	2017	06
m	Rr	6832	0.734	2017	05
m	Rr	9999	1.075	2017	04
m	Rr	11887	1.277	2017	03
m	Rr	7941	0.853	2017	02
m	Rr	7572	0.814	2017	01
m	Rr	9483	1.019	2016	12
m	Rr	7121	0.765	2016	11
m	Rr	5510	0.592	2016	10
m	Rr	6288	0.676	2016	09
m	Rr	5888	0.633	2016	08
m	Rr	5445	0.585	2016	07
m	Rr	5042	0.542	2016	06
m	Rr	5495	0.591	2016	05
m	Rr	5341	0.574	2016	04
m	Rr	5558	0.597	2016	03
m	Rr	5548	0.596	2016	02
m	Rr	6597	0.709	2016	01
m	Rr	5574	0.599	2015	12
m	Rr	5330	0.573	2015	11
m	Rr	5671	0.609	2015	10
m	Rr	6196	0.666	2015	09
m	Rr	6788	0.729	2015	08
m	Rr	9120	0.980	2015	07
m	Rr	7156	0.769	2015	06
m	Rr	5694	0.612	2015	05
m	Rr	9635	1.035	2015	04
m	Rr	6215	0.668	2015	03
m	Rr	6084	0.654	2015	02
m	Rr	7333	0.788	2015	01
m	Rr	6608	0.710	2014	12
m	Rr	6997	0.752	2014	11
m	Rr	7537	0.810	2014	10
m	Rr	7043	0.757	2014	09
m	Rr	7324	0.787	2014	08
m	Rr	7905	0.850	2014	07
m	Rr	11654	1.252	2014	06
m	Rr	9211	0.990	2014	05
m	Rr	10588	1.138	2014	04
m	Rr	7817	0.840	2014	03
m	Rr	15229	1.637	2014	02
m	Rr	12860	1.382	2014	01
m	Rr	5325	0.572	2013	12
m	Rr	5513	0.592	2013	11
m	Rr	5598	0.602	2013	10
m	Rr	4655	0.500	2013	09
m	Rr	4938	0.531	2013	08
m	Rr	5623	0.604	2013	07
m	Rr	5492	0.590	2013	06
m	Rr	5211	0.560	2013	05
m	Rr	5842	0.628	2013	04
m	Rr	6068	0.652	2013	03
m	Rr	5055	0.543	2013	02
m	Rr	5853	0.629	2013	01
m	Rr	5688	0.611	2012	12
m	Rr	5477	0.589	2012	11
m	Rr	5413	0.582	2012	10
m	Rr	4331	0.465	2012	09
m	Rr	3866	0.415	2012	08
m	Rr	4314	0.464	2012	07
m	Rr	4655	0.500	2012	06
m	Rr	6047	0.650	2012	05
m	Rr	5114	0.550	2012	04
m	Rr	6128	0.659	2012	03
m	Rr	5430	0.584	2012	02
m	Rr	4279	0.460	2012	01
m	Rr	5548	0.596	2011	12
m	Rr	4779	0.514	2011	11
m	Rr	5117	0.550	2011	10
m	Rr	5431	0.584	2011	09
m	Rr	6256	0.672	2011	08
m	Rr	5699	0.612	2011	07
m	Rr	5420	0.582	2011	06
m	Rr	3975	0.427	2011	05
m	Rr	0	0.000	2011	04
m	Rr	3608	0.388	2011	03
m	Rr	5171	0.556	2011	02
m	Rr	6011	0.646	2011	01
m	Rr	1603	0.172	2010	12
m	Rr	0	0.000	2010	11
m	Rr	0	0.000	2010	10
m	Rr	0	0.000	2010	09
m	Rr	0	0.000	2010	08
m	Rr	0	0.000	2010	07
m	Rr	4101	0.441	2010	06
m	Rr	5018	0.539	2010	05
m	Rr	4928	0.530	2010	04
m	Rr	5095	0.548	2010	03
m	Rr	1394	0.150	2010	02
m	Rr	0	0.000	2010	01
m	Rr	4665	0.501	2009	12
m	Rr	6187	0.665	2009	11
m	Rr	5498	0.591	2009	10
m	Rr	5066	0.544	2009	09
m	Rr	5718	0.614	2009	08
m	Rr	7436	0.799	2009	07
m	Rr	5685	0.611	2009	06
m	Rr	6120	0.658	2009	05
m	Rr	5310	0.571	2009	04
m	Rr	5515	0.593	2009	03
m	Rr	6123	0.658	2009	02
m	Rr	6387	0.686	2009	01
m	Rr	5763	0.619	2008	12
m	Rr	5420	0.582	2008	11
m	Rr	4722	0.507	2008	10
m	Rr	5435	0.584	2008	09
m	Rr	4843	0.520	2008	08
m	Rr	5382	0.578	2008	07
m	Rr	6082	0.654	2008	06
m	Rr	9946	1.069	2008	05
m	Rr	6420	0.690	2008	04
m	Rr	5431	0.584	2008	03
m	Rr	6469	0.695	2008	02
m	Rr	5907	0.635	2008	01
m	Rr	1700	0.183	2007	12
m	*BT	R	15229	2014	02
W	Rr	1666	0.179	2021	03	21
W	Rr	1476	0.159	2021	03	14
W	Rr	1713	0.184	2021	03	07
W	Rr	1777	0.191	2021	02	28
W	Rr	1173	0.126	2021	02	21
W	Rr	1101	0.118	2021	02	14
W	Rr	1699	0.183	2021	02	07
W	Rr	1867	0.201	2021	01	31
W	Rr	1404	0.151	2021	01	24
W	Rr	1564	0.168	2021	01	17
W	Rr	1431	0.154	2021	01	10
W	Rr	1666	0.179	2021	01	03
W	Rr	1926	0.207	2020	12	27
W	Rr	1572	0.169	2020	12	20
W	Rr	1404	0.151	2020	12	13
W	Rr	2272	0.244	2020	12	06
W	Rr	1522	0.164	2020	11	29
W	Rr	1722	0.185	2020	11	22
W	Rr	1580	0.170	2020	11	15
W	Rr	1401	0.151	2020	11	08
W	Rr	1499	0.161	2020	11	01
W	Rr	1470	0.158	2020	10	25
W	Rr	2379	0.256	2020	10	18
W	Rr	1559	0.168	2020	10	11
W	Rr	1729	0.186	2020	10	04
W	Rr	1674	0.180	2020	09	27
W	Rr	1786	0.192	2020	09	20
W	Rr	2200	0.236	2020	09	13
W	Rr	1677	0.180	2020	09	06
W	Rr	1596	0.172	2020	08	30
W	Rr	1833	0.197	2020	08	23
W	Rr	1814	0.195	2020	08	16
W	Rr	2206	0.237	2020	08	09
W	Rr	1397	0.150	2020	08	02
W	Rr	1816	0.195	2020	07	26
W	Rr	1949	0.209	2020	07	19
W	Rr	1532	0.165	2020	07	12
W	Rr	1976	0.212	2020	07	05
W	Rr	1600	0.172	2020	06	28
W	Rr	1627	0.175	2020	06	21
W	Rr	2101	0.226	2020	06	14
W	Rr	1590	0.171	2020	06	07
W	Rr	1492	0.160	2020	05	31
W	Rr	1556	0.167	2020	05	24
W	Rr	1756	0.189	2020	05	17
W	Rr	1568	0.169	2020	05	10
W	Rr	1567	0.168	2020	05	03
W	Rr	1734	0.186	2020	04	26
W	Rr	1675	0.180	2020	04	19
W	Rr	1702	0.183	2020	04	12
W	Rr	1965	0.211	2020	04	05
W	Rr	1329	0.143	2020	03	29
W	Rr	1818	0.195	2020	03	22
W	Rr	1345	0.145	2020	03	15
W	Rr	1581	0.170	2020	03	08
W	Rr	2014	0.216	2020	03	01
W	Rr	1942	0.209	2020	02	23
W	Rr	1748	0.188	2020	02	16
W	Rr	1949	0.209	2020	02	09
W	Rr	1683	0.181	2020	02	02
W	Rr	1436	0.154	2020	01	26
W	Rr	1792	0.193	2020	01	19
W	Rr	1519	0.163	2020	01	12
W	Rr	1420	0.153	2020	01	05
W	Rr	1109	0.119	2019	12	29
W	Rr	1023	0.110	2019	12	22
W	Rr	1584	0.170	2019	12	15
W	Rr	1783	0.192	2019	12	08
W	Rr	1704	0.183	2019	12	01
W	Rr	1178	0.127	2019	11	24
W	Rr	1697	0.182	2019	11	17
W	Rr	1510	0.162	2019	11	10
W	Rr	1383	0.149	2019	11	03
W	Rr	1309	0.141	2019	10	27
W	Rr	1473	0.158	2019	10	20
W	Rr	1519	0.163	2019	10	13
W	Rr	1485	0.160	2019	10	06
W	Rr	1416	0.152	2019	09	29
W	Rr	1499	0.161	2019	09	22
W	Rr	1652	0.178	2019	09	15
W	Rr	1710	0.184	2019	09	08
W	Rr	1485	0.160	2019	09	01
W	Rr	1689	0.182	2019	08	25
W	Rr	1315	0.141	2019	08	18
W	Rr	1619	0.174	2019	08	11
W	Rr	1558	0.167	2019	08	04
W	Rr	1360	0.146	2019	07	28
W	Rr	1191	0.128	2019	07	21
W	Rr	1730	0.186	2019	07	14
W	Rr	1299	0.140	2019	07	07
W	Rr	1339	0.144	2019	06	30
W	Rr	1592	0.171	2019	06	23
W	Rr	1497	0.161	2019	06	16
W	Rr	1450	0.156	2019	06	09
W	Rr	1555	0.167	2019	06	02
W	Rr	1289	0.139	2019	05	26
W	Rr	1863	0.200	2019	05	19
W	Rr	1385	0.149	2019	05	12
W	Rr	1553	0.167	2019	05	05
W	Rr	1655	0.178	2019	04	28
W	Rr	1282	0.138	2019	04	21
W	Rr	1503	0.162	2019	04	14
W	Rr	1623	0.174	2019	04	07
W	Rr	1715	0.184	2019	03	31
W	Rr	1882	0.202	2019	03	24
W	Rr	1464	0.157	2019	03	17
W	Rr	1381	0.148	2019	03	10
W	Rr	1627	0.175	2019	03	03
W	Rr	1773	0.191	2019	02	24
W	Rr	1669	0.179	2019	02	17
W	Rr	1483	0.159	2019	02	10
W	Rr	1391	0.149	2019	02	03
W	Rr	1797	0.193	2019	01	27
W	Rr	1963	0.211	2019	01	20
W	Rr	2029	0.218	2019	01	13
W	Rr	1696	0.182	2019	01	06
W	Rr	1526	0.164	2018	12	30
W	Rr	1226	0.132	2018	12	23
W	Rr	1442	0.155	2018	12	16
W	Rr	1936	0.208	2018	12	09
W	Rr	1809	0.194	2018	12	02
W	Rr	1295	0.139	2018	11	25
W	Rr	1820	0.196	2018	11	18
W	Rr	1802	0.194	2018	11	11
W	Rr	0	0.000	2018	11	04
W	Rr	1473	0.158	2018	10	28
W	Rr	1106	0.119	2018	10	21
W	Rr	1427	0.153	2018	10	14
W	Rr	1214	0.130	2018	10	07
W	Rr	1168	0.126	2018	09	30
W	Rr	1420	0.153	2018	09	23
W	Rr	1197	0.129	2018	09	16
W	Rr	1388	0.149	2018	09	09
W	Rr	1320	0.142	2018	09	02
W	Rr	1246	0.134	2018	08	26
W	Rr	1214	0.130	2018	08	19
W	Rr	1366	0.147	2018	08	12
W	Rr	1195	0.128	2018	08	05
W	Rr	1346	0.145	2018	07	29
W	Rr	1374	0.148	2018	07	22
W	Rr	1508	0.162	2018	07	15
W	Rr	1522	0.164	2018	07	08
W	Rr	909	0.098	2018	07	01
W	Rr	1444	0.155	2018	06	24
W	Rr	2682	0.288	2018	06	17
W	Rr	1365	0.147	2018	06	10
W	Rr	1329	0.143	2018	06	03
W	Rr	1275	0.137	2018	05	27
W	Rr	1392	0.150	2018	05	20
W	Rr	1321	0.142	2018	05	13
W	Rr	1527	0.164	2018	05	06
W	Rr	1517	0.163	2018	04	29
W	Rr	0	0.000	2018	04	22
W	Rr	1364	0.147	2018	04	15
W	Rr	1712	0.184	2018	04	08
W	Rr	0	0.000	2018	04	01
W	Rr	1543	0.166	2018	03	25
W	Rr	1342	0.144	2018	03	18
W	Rr	2429	0.261	2018	03	11
W	Rr	0	0.000	2018	03	04
W	Rr	1366	0.147	2018	02	25
W	Rr	1308	0.141	2018	02	18
W	Rr	1439	0.155	2018	02	11
W	Rr	1731	0.186	2018	02	04
W	Rr	0	0.000	2018	01	28
W	Rr	1434	0.154	2018	01	21
W	Rr	1578	0.170	2018	01	14
W	Rr	1471	0.158	2018	01	07
W	Rr	1246	0.134	2017	12	31
W	Rr	1033	0.111	2017	12	24
W	Rr	1103	0.119	2017	12	17
W	Rr	1406	0.151	2017	12	10
W	Rr	0	0.000	2017	12	03
W	Rr	1335	0.143	2017	11	26
W	Rr	1427	0.153	2017	11	19
W	Rr	1662	0.179	2017	11	12
W	Rr	1414	0.152	2017	11	05
W	Rr	1349	0.145	2017	10	29
W	Rr	1208	0.130	2017	10	22
W	Rr	2013	0.216	2017	10	15
W	Rr	1832	0.197	2017	10	08
W	Rr	0	0.000	2017	10	01
W	Rr	0	0.000	2017	09	24
W	Rr	0	0.000	2017	09	17
W	Rr	0	0.000	2017	09	10
W	Rr	0	0.000	2017	09	03
W	Rr	0	0.000	2017	08	27
W	Rr	0	0.000	2017	08	20
W	Rr	0	0.000	2017	08	13
W	Rr	0	0.000	2017	08	06
W	Rr	0	0.000	2017	07	30
W	Rr	0	0.000	2017	07	23
W	Rr	0	0.000	2017	07	16
W	Rr	0	0.000	2017	07	09
W	Rr	0	0.000	2017	07	02
W	Rr	0	0.000	2017	06	25
W	Rr	0	0.000	2017	06	18
W	Rr	0	0.000	2017	06	11
W	Rr	0	0.000	2017	06	04
W	Rr	25	0.003	2017	05	28
W	Rr	1838	0.198	2017	05	21
W	Rr	1915	0.206	2017	05	14
W	Rr	1676	0.180	2017	05	07
W	Rr	1677	0.180	2017	04	30
W	Rr	2071	0.223	2017	04	23
W	Rr	1978	0.213	2017	04	16
W	Rr	1874	0.201	2017	04	09
W	Rr	3435	0.369	2017	04	02
W	Rr	2619	0.281	2017	03	26
W	Rr	2633	0.283	2017	03	19
W	Rr	2413	0.259	2017	03	12
W	Rr	3092	0.332	2017	03	05
W	Rr	2295	0.247	2017	02	26
W	Rr	2204	0.237	2017	02	19
W	Rr	1869	0.201	2017	02	12
W	Rr	1973	0.212	2017	02	05
W	Rr	1783	0.192	2017	01	29
W	Rr	1768	0.190	2017	01	22
W	Rr	1585	0.170	2017	01	15
W	Rr	1768	0.190	2017	01	08
W	Rr	1740	0.187	2017	01	01
W	Rr	1549	0.166	2016	12	25
W	Rr	2202	0.237	2016	12	18
W	Rr	1812	0.195	2016	12	11
W	Rr	2648	0.285	2016	12	04
W	Rr	2236	0.240	2016	11	27
W	Rr	1321	0.142	2016	11	20
W	Rr	1996	0.215	2016	11	13
W	Rr	1716	0.184	2016	11	06
W	Rr	1564	0.168	2016	10	30
W	Rr	1362	0.146	2016	10	23
W	Rr	1707	0.183	2016	10	16
W	Rr	1696	0.182	2016	10	09
W	Rr	36	0.004	2016	10	02
W	Rr	2002	0.215	2016	09	25
W	Rr	1399	0.150	2016	09	18
W	Rr	1199	0.129	2016	09	11
W	Rr	1326	0.142	2016	09	04
W	Rr	1316	0.141	2016	08	28
W	Rr	1257	0.135	2016	08	21
W	Rr	1208	0.130	2016	08	14
W	Rr	1602	0.172	2016	08	07
W	Rr	1319	0.142	2016	07	31
W	Rr	1796	0.193	2016	07	24
W	Rr	1171	0.126	2016	07	17
W	Rr	1167	0.125	2016	07	10
W	Rr	917	0.099	2016	07	03
W	Rr	920	0.099	2016	06	26
W	Rr	1179	0.127	2016	06	19
W	Rr	1288	0.138	2016	06	12
W	Rr	1237	0.133	2016	06	05
W	Rr	1263	0.136	2016	05	29
W	Rr	1338	0.144	2016	05	22
W	Rr	1184	0.127	2016	05	15
W	Rr	1365	0.147	2016	05	08
W	Rr	974	0.105	2016	05	01
W	Rr	1311	0.141	2016	04	24
W	Rr	1127	0.121	2016	04	17
W	Rr	1248	0.134	2016	04	10
W	Rr	1451	0.156	2016	04	03
W	Rr	987	0.106	2016	03	27
W	Rr	1233	0.133	2016	03	20
W	Rr	1347	0.145	2016	03	13
W	Rr	1347	0.145	2016	03	06
W	Rr	1236	0.133	2016	02	28
W	Rr	1422	0.153	2016	02	21
W	Rr	1085	0.117	2016	02	14
W	Rr	1427	0.153	2016	02	07
W	Rr	1359	0.146	2016	01	31
W	Rr	1708	0.184	2016	01	24
W	Rr	1476	0.159	2016	01	17
W	Rr	1563	0.168	2016	01	10
W	Rr	1381	0.148	2016	01	03
W	Rr	1273	0.137	2015	12	27
W	Rr	1084	0.116	2015	12	20
W	Rr	1344	0.144	2015	12	13
W	Rr	1336	0.144	2015	12	06
W	Rr	1123	0.121	2015	11	29
W	Rr	960	0.103	2015	11	22
W	Rr	1337	0.144	2015	11	15
W	Rr	1400	0.150	2015	11	08
W	Rr	1383	0.149	2015	11	01
W	Rr	1250	0.134	2015	10	25
W	Rr	1366	0.147	2015	10	18
W	Rr	1367	0.147	2015	10	11
W	Rr	1214	0.130	2015	10	04
W	Rr	1152	0.124	2015	09	27
W	Rr	1387	0.149	2015	09	20
W	Rr	1655	0.178	2015	09	13
W	Rr	1526	0.164	2015	09	06
W	Rr	1242	0.133	2015	08	30
W	Rr	1800	0.193	2015	08	23
W	Rr	1527	0.164	2015	08	16
W	Rr	1386	0.149	2015	08	09
W	Rr	1593	0.171	2015	08	02
W	Rr	1567	0.168	2015	07	26
W	Rr	1980	0.213	2015	07	19
W	Rr	2180	0.234	2015	07	12
W	Rr	2008	0.216	2015	07	05
W	Rr	2297	0.247	2015	06	28
W	Rr	1556	0.167	2015	06	21
W	Rr	1380	0.148	2015	06	14
W	Rr	2013	0.216	2015	06	07
W	Rr	1651	0.177	2015	05	31
W	Rr	1224	0.132	2015	05	24
W	Rr	1355	0.146	2015	05	17
W	Rr	1179	0.127	2015	05	10
W	Rr	1436	0.154	2015	05	03
W	Rr	1671	0.180	2015	04	26
W	Rr	1878	0.202	2015	04	19
W	Rr	2326	0.250	2015	04	12
W	Rr	2636	0.283	2015	04	05
W	Rr	2297	0.247	2015	03	29
W	Rr	1237	0.133	2015	03	22
W	Rr	1453	0.156	2015	03	15
W	Rr	1399	0.150	2015	03	08
W	Rr	1287	0.138	2015	03	01
W	Rr	1249	0.134	2015	02	22
W	Rr	1373	0.148	2015	02	15
W	Rr	1790	0.192	2015	02	08
W	Rr	1672	0.180	2015	02	01
W	Rr	1543	0.166	2015	01	25
W	Rr	1463	0.157	2015	01	18
W	Rr	1696	0.182	2015	01	11
W	Rr	1707	0.183	2015	01	04
W	Rr	1833	0.197	2014	12	28
W	Rr	1335	0.143	2014	12	21
W	Rr	1644	0.177	2014	12	14
W	Rr	1541	0.166	2014	12	07
W	Rr	1335	0.143	2014	11	30
W	Rr	1262	0.136	2014	11	23
W	Rr	2009	0.216	2014	11	16
W	Rr	1566	0.168	2014	11	09
W	Rr	1814	0.195	2014	11	02
W	Rr	1452	0.156	2014	10	26
W	Rr	1642	0.176	2014	10	19
W	Rr	1795	0.193	2014	10	12
W	Rr	1836	0.197	2014	10	05
W	Rr	1662	0.179	2014	09	28
W	Rr	1843	0.198	2014	09	21
W	Rr	1678	0.180	2014	09	14
W	Rr	1598	0.172	2014	09	07
W	Rr	1418	0.152	2014	08	31
W	Rr	1584	0.170	2014	08	24
W	Rr	1571	0.169	2014	08	17
W	Rr	1727	0.186	2014	08	10
W	Rr	1927	0.207	2014	08	03
W	Rr	1691	0.182	2014	07	27
W	Rr	1702	0.183	2014	07	20
W	Rr	1624	0.175	2014	07	13
W	Rr	1831	0.197	2014	07	06
W	Rr	1867	0.201	2014	06	29
W	Rr	1927	0.207	2014	06	22
W	Rr	2134	0.229	2014	06	15
W	Rr	4851	0.521	2014	06	08
W	Rr	2293	0.246	2014	06	01
W	Rr	3180	0.342	2014	05	25
W	Rr	1468	0.158	2014	05	18
W	Rr	1808	0.194	2014	05	11
W	Rr	1998	0.215	2014	05	04
W	Rr	1876	0.202	2014	04	27
W	Rr	2330	0.250	2014	04	20
W	Rr	2565	0.276	2014	04	13
W	Rr	2652	0.285	2014	04	06
W	Rr	2574	0.277	2014	03	30
W	Rr	1186	0.127	2014	03	23
W	Rr	1305	0.140	2014	03	16
W	Rr	2273	0.244	2014	03	09
W	Rr	2231	0.240	2014	03	02
W	Rr	1925	0.207	2014	02	23
W	Rr	7060	0.759	2014	02	16
W	Rr	2854	0.307	2014	02	09
W	Rr	3190	0.343	2014	02	02
W	Rr	3743	0.402	2014	01	26
W	Rr	3643	0.391	2014	01	19
W	Rr	2961	0.318	2014	01	12
W	Rr	2319	0.249	2014	01	05
W	Rr	981	0.105	2013	12	29
W	Rr	1108	0.119	2013	12	22
W	Rr	1226	0.132	2013	12	15
W	Rr	1285	0.138	2013	12	08
W	Rr	1289	0.139	2013	12	01
W	Rr	1404	0.151	2013	11	24
W	Rr	1142	0.123	2013	11	17
W	Rr	1334	0.143	2013	11	10
W	Rr	1277	0.137	2013	11	03
W	Rr	1035	0.111	2013	10	27
W	Rr	1309	0.141	2013	10	20
W	Rr	1302	0.140	2013	10	13
W	Rr	1432	0.154	2013	10	06
W	Rr	1178	0.127	2013	09	29
W	Rr	947	0.102	2013	09	22
W	Rr	1254	0.135	2013	09	15
W	Rr	1099	0.118	2013	09	08
W	Rr	1053	0.113	2013	09	01
W	Rr	1010	0.109	2013	08	25
W	Rr	1102	0.118	2013	08	18
W	Rr	1063	0.114	2013	08	11
W	Rr	1105	0.119	2013	08	04
W	Rr	1377	0.148	2013	07	28
W	Rr	1498	0.161	2013	07	21
W	Rr	1295	0.139	2013	07	14
W	Rr	1237	0.133	2013	07	07
W	Rr	1003	0.108	2013	06	30
W	Rr	1275	0.137	2013	06	23
W	Rr	1072	0.115	2013	06	16
W	Rr	1249	0.134	2013	06	09
W	Rr	1521	0.163	2013	06	02
W	Rr	1256	0.135	2013	05	26
W	Rr	1091	0.117	2013	05	19
W	Rr	1359	0.146	2013	05	12
W	Rr	1130	0.121	2013	05	05
W	Rr	1215	0.131	2013	04	28
W	Rr	1368	0.147	2013	04	21
W	Rr	1318	0.142	2013	04	14
W	Rr	1408	0.151	2013	04	07
W	Rr	1277	0.137	2013	03	31
W	Rr	1452	0.156	2013	03	24
W	Rr	1418	0.152	2013	03	17
W	Rr	1217	0.131	2013	03	10
W	Rr	1490	0.160	2013	03	03
W	Rr	1353	0.145	2013	02	24
W	Rr	1268	0.136	2013	02	17
W	Rr	1274	0.137	2013	02	10
W	Rr	1153	0.124	2013	02	03
W	Rr	1266	0.136	2013	01	27
W	Rr	1271	0.137	2013	01	20
W	Rr	1449	0.156	2013	01	13
W	Rr	1253	0.135	2013	01	06
W	Rr	1309	0.141	2012	12	30
W	Rr	1156	0.124	2012	12	23
W	Rr	1336	0.144	2012	12	16
W	Rr	1575	0.169	2012	12	09
W	Rr	1087	0.117	2012	12	02
W	Rr	1376	0.148	2012	11	25
W	Rr	1136	0.122	2012	11	18
W	Rr	1341	0.144	2012	11	11
W	Rr	1418	0.152	2012	11	04
W	Rr	1103	0.119	2012	10	28
W	Rr	1200	0.129	2012	10	21
W	Rr	1382	0.149	2012	10	14
W	Rr	1127	0.121	2012	10	07
W	Rr	1187	0.128	2012	09	30
W	Rr	1172	0.126	2012	09	23
W	Rr	1034	0.111	2012	09	16
W	Rr	944	0.101	2012	09	09
W	Rr	958	0.103	2012	09	02
W	Rr	734	0.079	2012	08	26
W	Rr	881	0.095	2012	08	19
W	Rr	874	0.094	2012	08	12
W	Rr	973	0.105	2012	08	05
W	Rr	1010	0.109	2012	07	29
W	Rr	943	0.101	2012	07	22
W	Rr	1089	0.117	2012	07	15
W	Rr	888	0.095	2012	07	08
W	Rr	845	0.091	2012	07	01
W	Rr	1070	0.115	2012	06	24
W	Rr	1050	0.113	2012	06	17
W	Rr	1271	0.137	2012	06	10
W	Rr	957	0.103	2012	06	03
W	Rr	1249	0.134	2012	05	27
W	Rr	1055	0.113	2012	05	20
W	Rr	1392	0.150	2012	05	13
W	Rr	1140	0.123	2012	05	06
W	Rr	1807	0.194	2012	04	29
W	Rr	1225	0.132	2012	04	22
W	Rr	1264	0.136	2012	04	15
W	Rr	1075	0.116	2012	04	08
W	Rr	1261	0.136	2012	04	01
W	Rr	1345	0.145	2012	03	25
W	Rr	1254	0.135	2012	03	18
W	Rr	1478	0.159	2012	03	11
W	Rr	1503	0.162	2012	03	04
W	Rr	1532	0.165	2012	02	26
W	Rr	1464	0.157	2012	02	19
W	Rr	1154	0.124	2012	02	12
W	Rr	1240	0.133	2012	02	05
W	Rr	1088	0.117	2012	01	29
W	Rr	1125	0.121	2012	01	22
W	Rr	60	0.006	2012	01	15
W	Rr	1472	0.158	2012	01	08
W	Rr	1122	0.121	2012	01	01
W	Rr	888	0.095	2011	12	25
W	Rr	1360	0.146	2011	12	18
W	Rr	1486	0.160	2011	12	11
W	Rr	1330	0.143	2011	12	04
W	Rr	1094	0.118	2011	11	27
W	Rr	1062	0.114	2011	11	20
W	Rr	1123	0.121	2011	11	13
W	Rr	975	0.105	2011	11	06
W	Rr	1264	0.136	2011	10	30
W	Rr	1140	0.123	2011	10	23
W	Rr	1211	0.130	2011	10	16
W	Rr	1236	0.133	2011	10	09
W	Rr	1128	0.121	2011	10	02
W	Rr	1083	0.116	2011	09	25
W	Rr	1451	0.156	2011	09	18
W	Rr	1278	0.137	2011	09	11
W	Rr	1219	0.131	2011	09	04
W	Rr	1316	0.141	2011	08	28
W	Rr	1119	0.120	2011	08	21
W	Rr	1484	0.159	2011	08	14
W	Rr	1671	0.180	2011	08	07
W	Rr	1319	0.142	2011	07	31
W	Rr	1197	0.129	2011	07	24
W	Rr	1504	0.162	2011	07	17
W	Rr	1367	0.147	2011	07	10
W	Rr	1205	0.129	2011	07	03
W	Rr	1333	0.143	2011	06	26
W	Rr	1059	0.114	2011	06	19
W	Rr	1353	0.145	2011	06	12
W	Rr	1275	0.137	2011	06	05
W	Rr	983	0.106	2011	05	29
W	Rr	1262	0.136	2011	05	22
W	Rr	1374	0.148	2011	05	15
W	Rr	1076	0.116	2011	05	08
W	Rr	0	0.000	2011	05	01
W	Rr	0	0.000	2011	04	24
W	Rr	0	0.000	2011	04	17
W	Rr	0	0.000	2011	04	10
W	Rr	0	0.000	2011	04	03
W	Rr	0	0.000	2011	03	27
W	Rr	24	0.003	2011	03	20
W	Rr	1317	0.142	2011	03	13
W	Rr	1258	0.135	2011	03	06
W	Rr	1372	0.147	2011	02	27
W	Rr	1226	0.132	2011	02	20
W	Rr	1524	0.164	2011	02	13
W	Rr	1366	0.147	2011	02	06
W	Rr	958	0.103	2011	01	30
W	Rr	1273	0.137	2011	01	23
W	Rr	1560	0.168	2011	01	16
W	Rr	1472	0.158	2011	01	09
W	Rr	1310	0.141	2011	01	02
W	Rr	798	0.086	2010	12	26
W	Rr	935	0.100	2010	12	19
W	Rr	0	0.000	2010	12	12
W	Rr	0	0.000	2010	12	05
W	Rr	0	0.000	2010	11	28
W	Rr	0	0.000	2010	11	21
W	Rr	0	0.000	2010	11	14
W	Rr	0	0.000	2010	11	07
W	Rr	0	0.000	2010	10	31
W	Rr	0	0.000	2010	10	24
W	Rr	0	0.000	2010	10	17
W	Rr	0	0.000	2010	10	10
W	Rr	0	0.000	2010	10	03
W	Rr	0	0.000	2010	09	26
W	Rr	0	0.000	2010	09	19
W	Rr	0	0.000	2010	09	12
W	Rr	0	0.000	2010	09	05
W	Rr	0	0.000	2010	08	29
W	Rr	0	0.000	2010	08	22
W	Rr	0	0.000	2010	08	15
W	Rr	0	0.000	2010	08	08
W	Rr	0	0.000	2010	08	01
W	Rr	0	0.000	2010	07	25
W	Rr	0	0.000	2010	07	18
W	Rr	0	0.000	2010	07	11
W	Rr	0	0.000	2010	07	04
W	Rr	15	0.002	2010	06	27
W	Rr	914	0.098	2010	06	20
W	Rr	1104	0.119	2010	06	13
W	Rr	1096	0.118	2010	06	06
W	Rr	1171	0.126	2010	05	30
W	Rr	1115	0.120	2010	05	23
W	Rr	1170	0.126	2010	05	16
W	Rr	1334	0.143	2010	05	09
W	Rr	1109	0.119	2010	05	02
W	Rr	1067	0.115	2010	04	25
W	Rr	1212	0.130	2010	04	18
W	Rr	1054	0.113	2010	04	11
W	Rr	1325	0.142	2010	04	04
W	Rr	811	0.087	2010	03	28
W	Rr	1195	0.128	2010	03	21
W	Rr	1338	0.144	2010	03	14
W	Rr	1113	0.120	2010	03	07
W	Rr	1103	0.119	2010	02	28
W	Rr	1290	0.139	2010	02	21
W	Rr	0	0.000	2010	02	14
W	Rr	0	0.000	2010	02	07
W	Rr	0	0.000	2010	01	31
W	Rr	0	0.000	2010	01	24
W	Rr	0	0.000	2010	01	17
W	Rr	0	0.000	2010	01	10
W	Rr	0	0.000	2010	01	03
W	Rr	78	0.008	2009	12	27
W	Rr	945	0.102	2009	12	20
W	Rr	1140	0.123	2009	12	13
W	Rr	1323	0.142	2009	12	06
W	Rr	1518	0.163	2009	11	29
W	Rr	1352	0.145	2009	11	22
W	Rr	1346	0.145	2009	11	15
W	Rr	1416	0.152	2009	11	08
W	Rr	1734	0.186	2009	11	01
W	Rr	1035	0.111	2009	10	25
W	Rr	1297	0.139	2009	10	18
W	Rr	1267	0.136	2009	10	11
W	Rr	1440	0.155	2009	10	04
W	Rr	1521	0.163	2009	09	27
W	Rr	1121	0.120	2009	09	20
W	Rr	875	0.094	2009	09	13
W	Rr	1032	0.111	2009	09	06
W	Rr	1283	0.138	2009	08	30
W	Rr	1214	0.130	2009	08	23
W	Rr	1402	0.151	2009	08	16
W	Rr	1260	0.135	2009	08	09
W	Rr	1404	0.151	2009	08	02
W	Rr	1380	0.148	2009	07	26
W	Rr	1470	0.158	2009	07	19
W	Rr	1750	0.188	2009	07	12
W	Rr	1847	0.198	2009	07	05
W	Rr	1889	0.203	2009	06	28
W	Rr	1312	0.141	2009	06	21
W	Rr	1093	0.117	2009	06	14
W	Rr	1363	0.146	2009	06	07
W	Rr	1251	0.134	2009	05	31
W	Rr	1352	0.145	2009	05	24
W	Rr	1133	0.122	2009	05	17
W	Rr	1887	0.203	2009	05	10
W	Rr	1369	0.147	2009	05	03
W	Rr	1089	0.117	2009	04	26
W	Rr	1160	0.125	2009	04	19
W	Rr	1189	0.128	2009	04	12
W	Rr	1529	0.164	2009	04	05
W	Rr	1155	0.124	2009	03	29
W	Rr	1230	0.132	2009	03	22
W	Rr	1029	0.111	2009	03	15
W	Rr	1234	0.133	2009	03	08
W	Rr	1486	0.160	2009	03	01
W	Rr	1470	0.158	2009	02	22
W	Rr	1198	0.129	2009	02	15
W	Rr	1802	0.194	2009	02	08
W	Rr	1653	0.178	2009	02	01
W	Rr	1346	0.145	2009	01	25
W	Rr	1431	0.154	2009	01	18
W	Rr	1678	0.180	2009	01	11
W	Rr	1591	0.171	2009	01	04
W	Rr	886	0.095	2008	12	28
W	Rr	1148	0.123	2008	12	21
W	Rr	1428	0.153	2008	12	14
W	Rr	1508	0.162	2008	12	07
W	Rr	1194	0.128	2008	11	30
W	Rr	1070	0.115	2008	11	23
W	Rr	1396	0.150	2008	11	16
W	Rr	1255	0.135	2008	11	09
W	Rr	1314	0.141	2008	11	02
W	Rr	1397	0.150	2008	10	26
W	Rr	1638	0.176	2008	10	19
W	Rr	1298	0.139	2008	10	12
W	Rr	430	0.046	2008	10	05
W	Rr	723	0.078	2008	09	28
W	Rr	1308	0.141	2008	09	21
W	Rr	1242	0.133	2008	09	14
W	Rr	1409	0.151	2008	09	07
W	Rr	1142	0.123	2008	08	31
W	Rr	1022	0.110	2008	08	24
W	Rr	1062	0.114	2008	08	17
W	Rr	1188	0.128	2008	08	10
W	Rr	1232	0.132	2008	08	03
W	Rr	1050	0.113	2008	07	27
W	Rr	1272	0.137	2008	07	20
W	Rr	1305	0.140	2008	07	13
W	Rr	1093	0.117	2008	07	06
W	Rr	1182	0.127	2008	06	29
W	Rr	1937	0.208	2008	06	22
W	Rr	1493	0.160	2008	06	15
W	Rr	1083	0.116	2008	06	08
W	Rr	1283	0.138	2008	06	01
W	Rr	1432	0.154	2008	05	25
W	Rr	1726	0.185	2008	05	18
W	Rr	1580	0.170	2008	05	11
W	Rr	2661	0.286	2008	05	04
W	Rr	3648	0.392	2008	04	27
W	Rr	1400	0.150	2008	04	20
W	Rr	1365	0.147	2008	04	13
W	Rr	1213	0.130	2008	04	06
W	Rr	1670	0.179	2008	03	30
W	Rr	1211	0.130	2008	03	23
W	Rr	1144	0.123	2008	03	16
W	Rr	1301	0.140	2008	03	09
W	Rr	1292	0.139	2008	03	02
W	Rr	1427	0.153	2008	02	24
W	Rr	2207	0.237	2008	02	17
W	Rr	1124	0.121	2008	02	10
W	Rr	1561	0.168	2008	02	03
W	Rr	1533	0.165	2008	01	27
W	Rr	1389	0.149	2008	01	20
W	Rr	1133	0.122	2008	01	13
W	Rr	1404	0.151	2008	01	06
W	Rr	976	0.105	2007	12	30
W	Rr	801	0.086	2007	12	23
W	Rr	675	0.073	2007	12	16
W	*BT	R	7060	2014	02	16
D	Rr	222	0.024	2021	03	26
D	Rr	269	0.029	2021	03	25
D	Rr	346	0.037	2021	03	24
D	Rr	369	0.040	2021	03	23
D	Rr	287	0.031	2021	03	22
D	Rr	173	0.019	2021	03	21
D	Rr	0	0.000	2021	03	20
D	Rr	308	0.033	2021	03	19
D	Rr	267	0.029	2021	03	18
D	Rr	148	0.016	2021	03	17
D	Rr	248	0.027	2021	03	16
D	Rr	263	0.028	2021	03	15
D	Rr	242	0.026	2021	03	14
D	Rr	0	0.000	2021	03	13
D	Rr	198	0.021	2021	03	12
D	Rr	274	0.029	2021	03	11
D	Rr	282	0.030	2021	03	10
D	Rr	279	0.030	2021	03	09
D	Rr	462	0.050	2021	03	08
D	Rr	218	0.023	2021	03	07
D	Rr	0	0.000	2021	03	06
D	Rr	233	0.025	2021	03	05
D	Rr	203	0.022	2021	03	04
D	Rr	516	0.055	2021	03	03
D	Rr	296	0.032	2021	03	02
D	Rr	370	0.040	2021	03	01
D	Rr	159	0.017	2021	02	28
D	Rr	0	0.000	2021	02	27
D	Rr	194	0.021	2021	02	26
D	Rr	179	0.019	2021	02	25
D	Rr	162	0.017	2021	02	24
D	Rr	223	0.024	2021	02	23
D	Rr	251	0.027	2021	02	22
D	Rr	164	0.018	2021	02	21
D	Rr	0	0.000	2021	02	20
D	Rr	156	0.017	2021	02	19
D	Rr	173	0.019	2021	02	18
D	Rr	114	0.012	2021	02	17
D	Rr	269	0.029	2021	02	16
D	Rr	234	0.025	2021	02	15
D	Rr	155	0.017	2021	02	14
D	Rr	0	0.000	2021	02	13
D	*BT	R	2131	2008	05	03
d	Rr	109924	11.813	Sun
d	Rr	148925	16.004	Mon
d	Rr	151430	16.273	Tue
d	Rr	149332	16.048	Wed
d	Rr	151571	16.289	Thu
d	Rr	142328	15.295	Fri
d	Rr	77024	8.277	Sat
H	Rr	3	0.000	2021	03	26	23
H	Rr	3	0.000	2021	03	26	22
H	Rr	6	0.001	2021	03	26	21
H	Rr	5	0.001	2021	03	26	20
H	Rr	2	0.000	2021	03	26	19
H	Rr	6	0.001	2021	03	26	18
H	Rr	6	0.001	2021	03	26	17
H	Rr	5	0.001	2021	03	26	16
H	Rr	4	0.000	2021	03	26	15
H	Rr	21	0.002	2021	03	26	14
H	Rr	10	0.001	2021	03	26	13
H	Rr	3	0.000	2021	03	26	12
H	Rr	7	0.001	2021	03	26	11
H	Rr	1	0.000	2021	03	26	10
H	Rr	3	0.000	2021	03	26	09
H	Rr	17	0.002	2021	03	26	08
H	Rr	5	0.001	2021	03	26	07
H	Rr	5	0.001	2021	03	26	06
H	Rr	21	0.002	2021	03	26	05
H	Rr	33	0.004	2021	03	26	04
H	Rr	8	0.001	2021	03	26	03
H	Rr	23	0.002	2021	03	26	02
H	Rr	3	0.000	2021	03	26	01
H	Rr	22	0.002	2021	03	26	00
H	Rr	22	0.002	2021	03	25	23
H	Rr	3	0.000	2021	03	25	22
H	Rr	4	0.000	2021	03	25	21
H	Rr	6	0.001	2021	03	25	20
H	Rr	8	0.001	2021	03	25	19
H	Rr	4	0.000	2021	03	25	18
H	Rr	7	0.001	2021	03	25	17
H	Rr	43	0.005	2021	03	25	16
H	Rr	23	0.002	2021	03	25	15
H	Rr	6	0.001	2021	03	25	14
H	Rr	4	0.000	2021	03	25	13
H	Rr	12	0.001	2021	03	25	12
H	Rr	8	0.001	2021	03	25	11
H	Rr	8	0.001	2021	03	25	10
H	Rr	9	0.001	2021	03	25	09
H	Rr	9	0.001	2021	03	25	08
H	Rr	2	0.000	2021	03	25	07
H	Rr	6	0.001	2021	03	25	06
H	Rr	8	0.001	2021	03	25	05
H	Rr	10	0.001	2021	03	25	04
H	Rr	14	0.002	2021	03	25	03
H	Rr	36	0.004	2021	03	25	02
H	Rr	3	0.000	2021	03	25	01
H	Rr	14	0.002	2021	03	25	00
H	Rr	9	0.001	2021	03	24	23
H	Rr	12	0.001	2021	03	24	22
H	Rr	5	0.001	2021	03	24	21
H	Rr	2	0.000	2021	03	24	20
H	Rr	2	0.000	2021	03	24	19
H	Rr	52	0.006	2021	03	24	18
H	Rr	27	0.003	2021	03	24	17
H	Rr	45	0.005	2021	03	24	16
H	Rr	3	0.000	2021	03	24	15
H	Rr	41	0.004	2021	03	24	14
H	Rr	5	0.001	2021	03	24	13
H	Rr	6	0.001	2021	03	24	12
H	Rr	6	0.001	2021	03	24	11
H	Rr	4	0.000	2021	03	24	10
H	Rr	7	0.001	2021	03	24	09
H	Rr	49	0.005	2021	03	24	08
H	Rr	11	0.001	2021	03	24	07
H	Rr	2	0.000	2021	03	24	06
H	Rr	6	0.001	2021	03	24	05
H	Rr	10	0.001	2021	03	24	04
H	Rr	19	0.002	2021	03	24	03
H	Rr	11	0.001	2021	03	24	02
H	Rr	9	0.001	2021	03	24	01
H	Rr	3	0.000	2021	03	24	00
H	*BT	R	750	2020	12	11	23
h	Rr	37020	3.978	00
h	Rr	35531	3.818	01
h	Rr	36378	3.909	02
h	Rr	35725	3.839	03
h	Rr	34979	3.759	04
h	Rr	32881	3.534	05
h	Rr	32583	3.502	06
h	Rr	31856	3.423	07
h	Rr	30911	3.322	08
h	Rr	29494	3.170	09
h	Rr	29400	3.159	10
h	Rr	32341	3.476	11
h	Rr	33170	3.565	12
h	Rr	35194	3.782	13
h	Rr	40698	4.374	14
h	Rr	45083	4.845	15
h	Rr	49101	5.277	16
h	Rr	48937	5.259	17
h	Rr	50309	5.406	18
h	Rr	49825	5.354	19
h	Rr	49686	5.340	20
h	Rr	46252	4.970	21
h	Rr	42848	4.605	22
h	Rr	40332	4.334	23
4	Rr	1	0.000	2021	03	26	23	45
4	Rr	0	0.000	2021	03	26	23	30
4	Rr	2	0.000	2021	03	26	23	15
4	Rr	0	0.000	2021	03	26	23	00
4	Rr	1	0.000	2021	03	26	22	45
4	Rr	0	0.000	2021	03	26	22	30
4	Rr	0	0.000	2021	03	26	22	15
4	Rr	2	0.000	2021	03	26	22	00
4	Rr	3	0.000	2021	03	26	21	45
4	Rr	0	0.000	2021	03	26	21	30
4	Rr	2	0.000	2021	03	26	21	15
4	Rr	1	0.000	2021	03	26	21	00
4	Rr	0	0.000	2021	03	26	20	45
4	Rr	5	0.001	2021	03	26	20	30
4	Rr	0	0.000	2021	03	26	20	15
4	Rr	0	0.000	2021	03	26	20	00
4	Rr	1	0.000	2021	03	26	19	45
4	Rr	0	0.000	2021	03	26	19	30
4	Rr	0	0.000	2021	03	26	19	15
4	Rr	1	0.000	2021	03	26	19	00
4	Rr	1	0.000	2021	03	26	18	45
4	Rr	1	0.000	2021	03	26	18	30
4	Rr	2	0.000	2021	03	26	18	15
4	Rr	2	0.000	2021	03	26	18	00
4	Rr	1	0.000	2021	03	26	17	45
4	Rr	1	0.000	2021	03	26	17	30
4	Rr	1	0.000	2021	03	26	17	15
4	Rr	3	0.000	2021	03	26	17	00
4	Rr	2	0.000	2021	03	26	16	45
4	Rr	1	0.000	2021	03	26	16	30
4	Rr	2	0.000	2021	03	26	16	15
4	Rr	0	0.000	2021	03	26	16	00
4	Rr	2	0.000	2021	03	26	15	45
4	Rr	1	0.000	2021	03	26	15	30
4	Rr	1	0.000	2021	03	26	15	15
4	Rr	0	0.000	2021	03	26	15	00
4	Rr	1	0.000	2021	03	26	14	45
4	Rr	1	0.000	2021	03	26	14	30
4	Rr	16	0.002	2021	03	26	14	15
4	Rr	3	0.000	2021	03	26	14	00
4	Rr	2	0.000	2021	03	26	13	45
4	Rr	2	0.000	2021	03	26	13	30
4	Rr	4	0.000	2021	03	26	13	15
4	Rr	2	0.000	2021	03	26	13	00
4	Rr	2	0.000	2021	03	26	12	45
4	Rr	0	0.000	2021	03	26	12	30
4	Rr	1	0.000	2021	03	26	12	15
4	Rr	0	0.000	2021	03	26	12	00
4	Rr	1	0.000	2021	03	26	11	45
4	Rr	3	0.000	2021	03	26	11	30
4	Rr	1	0.000	2021	03	26	11	15
4	Rr	2	0.000	2021	03	26	11	00
4	Rr	0	0.000	2021	03	26	10	45
4	Rr	0	0.000	2021	03	26	10	30
4	Rr	1	0.000	2021	03	26	10	15
4	Rr	0	0.000	2021	03	26	10	00
4	Rr	0	0.000	2021	03	26	09	45
4	Rr	0	0.000	2021	03	26	09	30
4	Rr	1	0.000	2021	03	26	09	15
4	Rr	2	0.000	2021	03	26	09	00
4	Rr	11	0.001	2021	03	26	08	45
4	Rr	1	0.000	2021	03	26	08	30
4	Rr	1	0.000	2021	03	26	08	15
4	Rr	4	0.000	2021	03	26	08	00
4	Rr	2	0.000	2021	03	26	07	45
4	Rr	2	0.000	2021	03	26	07	30
4	Rr	0	0.000	2021	03	26	07	15
4	Rr	1	0.000	2021	03	26	07	00
4	Rr	1	0.000	2021	03	26	06	45
4	Rr	0	0.000	2021	03	26	06	30
4	Rr	3	0.000	2021	03	26	06	15
4	Rr	1	0.000	2021	03	26	06	00
4	Rr	0	0.000	2021	03	26	05	45
4	Rr	2	0.000	2021	03	26	05	30
4	Rr	5	0.001	2021	03	26	05	15
4	Rr	14	0.002	2021	03	26	05	00
4	Rr	6	0.001	2021	03	26	04	45
4	Rr	25	0.003	2021	03	26	04	30
4	Rr	2	0.000	2021	03	26	04	15
4	Rr	0	0.000	2021	03	26	04	00
4	Rr	3	0.000	2021	03	26	03	45
4	Rr	0	0.000	2021	03	26	03	30
4	Rr	3	0.000	2021	03	26	03	15
4	Rr	2	0.000	2021	03	26	03	00
4	Rr	6	0.001	2021	03	26	02	45
4	Rr	15	0.002	2021	03	26	02	30
4	Rr	1	0.000	2021	03	26	02	15
4	Rr	1	0.000	2021	03	26	02	00
4	Rr	1	0.000	2021	03	26	01	45
4	Rr	1	0.000	2021	03	26	01	30
4	Rr	0	0.000	2021	03	26	01	15
4	Rr	1	0.000	2021	03	26	01	00
4	Rr	19	0.002	2021	03	26	00	45
4	Rr	1	0.000	2021	03	26	00	30
4	Rr	1	0.000	2021	03	26	00	15
4	Rr	1	0.000	2021	03	26	00	00
4	*BT	R	740	2020	10	18	06	00
6	Rr	9195	0.988	00	00
6	Rr	9264	0.996	00	15
6	Rr	9082	0.976	00	30
6	Rr	9479	1.019	00	45
6	Rr	8871	0.953	01	00
6	Rr	8908	0.957	01	15
6	Rr	9013	0.969	01	30
6	Rr	8739	0.939	01	45
6	Rr	8707	0.936	02	00
6	Rr	9497	1.021	02	15
6	Rr	9253	0.994	02	30
6	Rr	8921	0.959	02	45
6	Rr	8668	0.932	03	00
6	Rr	8433	0.906	03	15
6	Rr	8757	0.941	03	30
6	Rr	9867	1.060	03	45
6	Rr	8736	0.939	04	00
6	Rr	9321	1.002	04	15
6	Rr	8164	0.877	04	30
6	Rr	8758	0.941	04	45
6	Rr	7913	0.850	05	00
6	Rr	8742	0.939	05	15
6	Rr	8426	0.906	05	30
6	Rr	7800	0.838	05	45
6	Rr	8954	0.962	06	00
6	Rr	8085	0.869	06	15
6	Rr	8058	0.866	06	30
6	Rr	7486	0.804	06	45
6	Rr	7963	0.856	07	00
6	Rr	8498	0.913	07	15
6	Rr	8268	0.889	07	30
6	Rr	7127	0.766	07	45
6	Rr	7912	0.850	08	00
6	Rr	7513	0.807	08	15
6	Rr	8324	0.895	08	30
6	Rr	7162	0.770	08	45
6	Rr	7371	0.792	09	00
6	Rr	7567	0.813	09	15
6	Rr	7477	0.804	09	30
6	Rr	7079	0.761	09	45
6	Rr	7111	0.764	10	00
6	Rr	7166	0.770	10	15
6	Rr	7389	0.794	10	30
6	Rr	7734	0.831	10	45
6	Rr	9242	0.993	11	00
6	Rr	7536	0.810	11	15
6	Rr	7633	0.820	11	30
6	Rr	7930	0.852	11	45
6	Rr	9282	0.997	12	00
6	Rr	7738	0.832	12	15
6	Rr	7958	0.855	12	30
6	Rr	8192	0.880	12	45
6	Rr	8741	0.939	13	00
6	Rr	8680	0.933	13	15
6	Rr	9154	0.984	13	30
6	Rr	8619	0.926	13	45
6	Rr	9764	1.049	14	00
6	Rr	10135	1.089	14	15
6	Rr	10429	1.121	14	30
6	Rr	10370	1.114	14	45
6	Rr	10797	1.160	15	00
6	Rr	10763	1.157	15	15
6	Rr	11541	1.240	15	30
6	Rr	11982	1.288	15	45
6	Rr	12136	1.304	16	00
6	Rr	11845	1.273	16	15
6	Rr	12434	1.336	16	30
6	Rr	12686	1.363	16	45
6	Rr	12244	1.316	17	00
6	Rr	12115	1.302	17	15
6	Rr	12506	1.344	17	30
6	Rr	12072	1.297	17	45
6	Rr	12124	1.303	18	00
6	Rr	12801	1.376	18	15
6	Rr	12701	1.365	18	30
6	Rr	12683	1.363	18	45
6	Rr	13536	1.455	19	00
6	Rr	11770	1.265	19	15
6	Rr	12425	1.335	19	30
6	Rr	12094	1.300	19	45
6	Rr	12961	1.393	20	00
6	Rr	12341	1.326	20	15
6	Rr	11844	1.273	20	30
6	Rr	12540	1.348	20	45
6	Rr	12110	1.301	21	00
6	Rr	11531	1.239	21	15
6	Rr	11180	1.201	21	30
6	Rr	11431	1.228	21	45
6	Rr	10851	1.166	22	00
6	Rr	10892	1.171	22	15
6	Rr	10624	1.142	22	30
6	Rr	10481	1.126	22	45
6	Rr	10854	1.166	23	00
6	Rr	10695	1.149	23	15
6	Rr	9577	1.029	23	30
6	Rr	9206	0.989	23	45
5	Rr	1	0.000	2021	03	26	23	50
5	Rr	0	0.000	2021	03	26	23	45
5	Rr	0	0.000	2021	03	26	23	40
5	Rr	0	0.000	2021	03	26	23	35
5	Rr	0	0.000	2021	03	26	23	30
5	Rr	0	0.000	2021	03	26	23	25
5	Rr	1	0.000	2021	03	26	23	20
5	Rr	1	0.000	2021	03	26	23	15
5	Rr	0	0.000	2021	03	26	23	10
5	Rr	0	0.000	2021	03	26	23	05
5	Rr	0	0.000	2021	03	26	23	00
5	Rr	0	0.000	2021	03	26	22	55
5	Rr	1	0.000	2021	03	26	22	50
5	Rr	0	0.000	2021	03	26	22	45
5	Rr	0	0.000	2021	03	26	22	40
5	Rr	0	0.000	2021	03	26	22	35
5	Rr	0	0.000	2021	03	26	22	30
5	Rr	0	0.000	2021	03	26	22	25
5	Rr	0	0.000	2021	03	26	22	20
5	Rr	0	0.000	2021	03	26	22	15
5	Rr	0	0.000	2021	03	26	22	10
5	Rr	2	0.000	2021	03	26	22	05
5	Rr	0	0.000	2021	03	26	22	00
5	Rr	3	0.000	2021	03	26	21	55
5	Rr	0	0.000	2021	03	26	21	50
5	Rr	0	0.000	2021	03	26	21	45
5	Rr	0	0.000	2021	03	26	21	40
5	Rr	0	0.000	2021	03	26	21	35
5	Rr	0	0.000	2021	03	26	21	30
5	Rr	0	0.000	2021	03	26	21	25
5	Rr	1	0.000	2021	03	26	21	20
5	Rr	1	0.000	2021	03	26	21	15
5	Rr	1	0.000	2021	03	26	21	10
5	Rr	0	0.000	2021	03	26	21	05
5	Rr	0	0.000	2021	03	26	21	00
5	Rr	0	0.000	2021	03	26	20	55
5	Rr	0	0.000	2021	03	26	20	50
5	Rr	0	0.000	2021	03	26	20	45
5	Rr	0	0.000	2021	03	26	20	40
5	Rr	5	0.001	2021	03	26	20	35
5	Rr	0	0.000	2021	03	26	20	30
5	Rr	0	0.000	2021	03	26	20	25
5	Rr	0	0.000	2021	03	26	20	20
5	Rr	0	0.000	2021	03	26	20	15
5	Rr	0	0.000	2021	03	26	20	10
5	Rr	0	0.000	2021	03	26	20	05
5	Rr	0	0.000	2021	03	26	20	00
5	Rr	0	0.000	2021	03	26	19	55
5	Rr	1	0.000	2021	03	26	19	50
5	Rr	0	0.000	2021	03	26	19	45
5	Rr	0	0.000	2021	03	26	19	40
5	Rr	0	0.000	2021	03	26	19	35
5	Rr	0	0.000	2021	03	26	19	30
5	Rr	0	0.000	2021	03	26	19	25
5	Rr	0	0.000	2021	03	26	19	20
5	Rr	0	0.000	2021	03	26	19	15
5	Rr	0	0.000	2021	03	26	19	10
5	Rr	1	0.000	2021	03	26	19	05
5	Rr	0	0.000	2021	03	26	19	00
5	Rr	1	0.000	2021	03	26	18	55
5	Rr	0	0.000	2021	03	26	18	50
5	Rr	0	0.000	2021	03	26	18	45
5	Rr	1	0.000	2021	03	26	18	40
5	Rr	0	0.000	2021	03	26	18	35
5	Rr	0	0.000	2021	03	26	18	30
5	Rr	1	0.000	2021	03	26	18	25
5	Rr	1	0.000	2021	03	26	18	20
5	Rr	0	0.000	2021	03	26	18	15
5	Rr	0	0.000	2021	03	26	18	10
5	Rr	1	0.000	2021	03	26	18	05
5	Rr	1	0.000	2021	03	26	18	00
5	Rr	1	0.000	2021	03	26	17	55
5	Rr	0	0.000	2021	03	26	17	50
5	Rr	0	0.000	2021	03	26	17	45
5	Rr	0	0.000	2021	03	26	17	40
5	Rr	1	0.000	2021	03	26	17	35
5	Rr	0	0.000	2021	03	26	17	30
5	Rr	0	0.000	2021	03	26	17	25
5	Rr	1	0.000	2021	03	26	17	20
5	Rr	0	0.000	2021	03	26	17	15
5	Rr	1	0.000	2021	03	26	17	10
5	Rr	1	0.000	2021	03	26	17	05
5	Rr	1	0.000	2021	03	26	17	00
5	Rr	1	0.000	2021	03	26	16	55
5	Rr	1	0.000	2021	03	26	16	50
5	Rr	0	0.000	2021	03	26	16	45
5	Rr	0	0.000	2021	03	26	16	40
5	Rr	0	0.000	2021	03	26	16	35
5	Rr	1	0.000	2021	03	26	16	30
5	Rr	1	0.000	2021	03	26	16	25
5	Rr	0	0.000	2021	03	26	16	20
5	Rr	1	0.000	2021	03	26	16	15
5	Rr	0	0.000	2021	03	26	16	10
5	Rr	0	0.000	2021	03	26	16	05
5	Rr	0	0.000	2021	03	26	16	00
5	Rr	0	0.000	2021	03	26	15	55
5	Rr	0	0.000	2021	03	26	15	50
5	Rr	2	0.000	2021	03	26	15	45
5	Rr	0	0.000	2021	03	26	15	40
5	Rr	1	0.000	2021	03	26	15	35
5	Rr	0	0.000	2021	03	26	15	30
5	Rr	1	0.000	2021	03	26	15	25
5	Rr	0	0.000	2021	03	26	15	20
5	Rr	0	0.000	2021	03	26	15	15
5	Rr	0	0.000	2021	03	26	15	10
5	Rr	0	0.000	2021	03	26	15	05
5	Rr	0	0.000	2021	03	26	15	00
5	Rr	1	0.000	2021	03	26	14	55
5	Rr	0	0.000	2021	03	26	14	50
5	Rr	0	0.000	2021	03	26	14	45
5	Rr	0	0.000	2021	03	26	14	40
5	Rr	1	0.000	2021	03	26	14	35
5	Rr	0	0.000	2021	03	26	14	30
5	Rr	16	0.002	2021	03	26	14	25
5	Rr	0	0.000	2021	03	26	14	20
5	Rr	0	0.000	2021	03	26	14	15
5	Rr	1	0.000	2021	03	26	14	10
5	Rr	0	0.000	2021	03	26	14	05
5	Rr	2	0.000	2021	03	26	14	00
5	Rr	0	0.000	2021	03	26	13	55
5	Rr	0	0.000	2021	03	26	13	50
5	Rr	2	0.000	2021	03	26	13	45
5	Rr	1	0.000	2021	03	26	13	40
5	Rr	0	0.000	2021	03	26	13	35
5	Rr	1	0.000	2021	03	26	13	30
5	Rr	0	0.000	2021	03	26	13	25
5	Rr	4	0.000	2021	03	26	13	20
5	Rr	0	0.000	2021	03	26	13	15
5	Rr	1	0.000	2021	03	26	13	10
5	Rr	0	0.000	2021	03	26	13	05
5	Rr	1	0.000	2021	03	26	13	00
5	Rr	1	0.000	2021	03	26	12	55
5	Rr	1	0.000	2021	03	26	12	50
5	Rr	0	0.000	2021	03	26	12	45
5	Rr	0	0.000	2021	03	26	12	40
5	Rr	0	0.000	2021	03	26	12	35
5	Rr	0	0.000	2021	03	26	12	30
5	Rr	0	0.000	2021	03	26	12	25
5	Rr	0	0.000	2021	03	26	12	20
5	Rr	1	0.000	2021	03	26	12	15
5	Rr	0	0.000	2021	03	26	12	10
5	Rr	0	0.000	2021	03	26	12	05
5	Rr	0	0.000	2021	03	26	12	00
5	Rr	1	0.000	2021	03	26	11	55
5	Rr	0	0.000	2021	03	26	11	50
5	Rr	0	0.000	2021	03	26	11	45
5	Rr	1	0.000	2021	03	26	11	40
5	Rr	1	0.000	2021	03	26	11	35
5	Rr	1	0.000	2021	03	26	11	30
5	Rr	0	0.000	2021	03	26	11	25
5	Rr	0	0.000	2021	03	26	11	20
5	Rr	1	0.000	2021	03	26	11	15
5	Rr	1	0.000	2021	03	26	11	10
5	Rr	1	0.000	2021	03	26	11	05
5	Rr	0	0.000	2021	03	26	11	00
5	Rr	0	0.000	2021	03	26	10	55
5	Rr	0	0.000	2021	03	26	10	50
5	Rr	0	0.000	2021	03	26	10	45
5	Rr	0	0.000	2021	03	26	10	40
5	Rr	0	0.000	2021	03	26	10	35
5	Rr	0	0.000	2021	03	26	10	30
5	Rr	0	0.000	2021	03	26	10	25
5	Rr	1	0.000	2021	03	26	10	20
5	Rr	0	0.000	2021	03	26	10	15
5	Rr	0	0.000	2021	03	26	10	10
5	Rr	0	0.000	2021	03	26	10	05
5	Rr	0	0.000	2021	03	26	10	00
5	Rr	0	0.000	2021	03	26	09	55
5	Rr	0	0.000	2021	03	26	09	50
5	Rr	0	0.000	2021	03	26	09	45
5	Rr	0	0.000	2021	03	26	09	40
5	Rr	0	0.000	2021	03	26	09	35
5	Rr	0	0.000	2021	03	26	09	30
5	Rr	1	0.000	2021	03	26	09	25
5	Rr	0	0.000	2021	03	26	09	20
5	Rr	0	0.000	2021	03	26	09	15
5	Rr	0	0.000	2021	03	26	09	10
5	Rr	0	0.000	2021	03	26	09	05
5	Rr	2	0.000	2021	03	26	09	00
5	Rr	1	0.000	2021	03	26	08	55
5	Rr	10	0.001	2021	03	26	08	50
5	Rr	0	0.000	2021	03	26	08	45
5	Rr	1	0.000	2021	03	26	08	40
5	Rr	0	0.000	2021	03	26	08	35
5	Rr	0	0.000	2021	03	26	08	30
5	Rr	1	0.000	2021	03	26	08	25
5	Rr	0	0.000	2021	03	26	08	20
5	Rr	0	0.000	2021	03	26	08	15
5	Rr	0	0.000	2021	03	26	08	10
5	Rr	2	0.000	2021	03	26	08	05
5	Rr	2	0.000	2021	03	26	08	00
5	Rr	1	0.000	2021	03	26	07	55
5	Rr	1	0.000	2021	03	26	07	50
5	Rr	0	0.000	2021	03	26	07	45
5	Rr	1	0.000	2021	03	26	07	40
5	Rr	1	0.000	2021	03	26	07	35
5	Rr	0	0.000	2021	03	26	07	30
5	Rr	0	0.000	2021	03	26	07	25
5	Rr	0	0.000	2021	03	26	07	20
5	Rr	0	0.000	2021	03	26	07	15
5	Rr	0	0.000	2021	03	26	07	10
5	Rr	1	0.000	2021	03	26	07	05
5	Rr	0	0.000	2021	03	26	07	00
5	Rr	1	0.000	2021	03	26	06	55
5	Rr	0	0.000	2021	03	26	06	50
5	Rr	0	0.000	2021	03	26	06	45
5	Rr	0	0.000	2021	03	26	06	40
5	Rr	0	0.000	2021	03	26	06	35
5	Rr	0	0.000	2021	03	26	06	30
5	Rr	3	0.000	2021	03	26	06	25
5	Rr	0	0.000	2021	03	26	06	20
5	Rr	0	0.000	2021	03	26	06	15
5	Rr	0	0.000	2021	03	26	06	10
5	Rr	0	0.000	2021	03	26	06	05
5	Rr	1	0.000	2021	03	26	06	00
5	Rr	0	0.000	2021	03	26	05	55
5	Rr	0	0.000	2021	03	26	05	50
5	Rr	0	0.000	2021	03	26	05	45
5	Rr	1	0.000	2021	03	26	05	40
5	Rr	1	0.000	2021	03	26	05	35
5	Rr	0	0.000	2021	03	26	05	30
5	Rr	0	0.000	2021	03	26	05	25
5	Rr	0	0.000	2021	03	26	05	20
5	Rr	5	0.001	2021	03	26	05	15
5	Rr	1	0.000	2021	03	26	05	10
5	Rr	5	0.001	2021	03	26	05	05
5	Rr	8	0.001	2021	03	26	05	00
5	Rr	2	0.000	2021	03	26	04	55
5	Rr	2	0.000	2021	03	26	04	50
5	Rr	2	0.000	2021	03	26	04	45
5	Rr	1	0.000	2021	03	26	04	40
5	Rr	22	0.002	2021	03	26	04	35
5	Rr	2	0.000	2021	03	26	04	30
5	Rr	0	0.000	2021	03	26	04	25
5	Rr	2	0.000	2021	03	26	04	20
5	Rr	0	0.000	2021	03	26	04	15
5	Rr	0	0.000	2021	03	26	04	10
5	Rr	0	0.000	2021	03	26	04	05
5	Rr	0	0.000	2021	03	26	04	00
5	Rr	1	0.000	2021	03	26	03	55
5	Rr	1	0.000	2021	03	26	03	50
5	Rr	1	0.000	2021	03	26	03	45
5	Rr	0	0.000	2021	03	26	03	40
5	Rr	0	0.000	2021	03	26	03	35
5	Rr	0	0.000	2021	03	26	03	30
5	Rr	1	0.000	2021	03	26	03	25
5	Rr	2	0.000	2021	03	26	03	20
5	Rr	0	0.000	2021	03	26	03	15
5	Rr	0	0.000	2021	03	26	03	10
5	Rr	0	0.000	2021	03	26	03	05
5	Rr	2	0.000	2021	03	26	03	00
5	Rr	1	0.000	2021	03	26	02	55
5	Rr	0	0.000	2021	03	26	02	50
5	Rr	5	0.001	2021	03	26	02	45
5	Rr	0	0.000	2021	03	26	02	40
5	Rr	0	0.000	2021	03	26	02	35
5	Rr	15	0.002	2021	03	26	02	30
5	Rr	0	0.000	2021	03	26	02	25
5	Rr	0	0.000	2021	03	26	02	20
5	Rr	1	0.000	2021	03	26	02	15
5	Rr	0	0.000	2021	03	26	02	10
5	Rr	0	0.000	2021	03	26	02	05
5	Rr	1	0.000	2021	03	26	02	00
5	Rr	0	0.000	2021	03	26	01	55
5	Rr	0	0.000	2021	03	26	01	50
5	Rr	1	0.000	2021	03	26	01	45
5	Rr	0	0.000	2021	03	26	01	40
5	Rr	1	0.000	2021	03	26	01	35
5	Rr	0	0.000	2021	03	26	01	30
5	Rr	0	0.000	2021	03	26	01	25
5	Rr	0	0.000	2021	03	26	01	20
5	Rr	0	0.000	2021	03	26	01	15
5	Rr	0	0.000	2021	03	26	01	10
5	Rr	0	0.000	2021	03	26	01	05
5	Rr	1	0.000	2021	03	26	01	00
5	Rr	0	0.000	2021	03	26	00	55
5	Rr	0	0.000	2021	03	26	00	50
5	Rr	19	0.002	2021	03	26	00	45
5	Rr	1	0.000	2021	03	26	00	40
5	Rr	0	0.000	2021	03	26	00	35
5	Rr	0	0.000	2021	03	26	00	30
5	Rr	1	0.000	2021	03	26	00	25
5	Rr	0	0.000	2021	03	26	00	20
5	Rr	0	0.000	2021	03	26	00	15
5	Rr	0	0.000	2021	03	26	00	10
5	Rr	1	0.000	2021	03	26	00	05
5	Rr	0	0.000	2021	03	26	00	00
5	Rr	0	0.000	2021	03	25	23	55
5	*BT	R	715	2020	12	11	23	20
7	Rr	2858	0.307	00	00
7	Rr	3375	0.363	00	05
7	Rr	2962	0.318	00	10
7	Rr	2593	0.279	00	15
7	Rr	3109	0.334	00	20
7	Rr	3562	0.383	00	25
7	Rr	2962	0.318	00	30
7	Rr	3030	0.326	00	35
7	Rr	3090	0.332	00	40
7	Rr	3161	0.340	00	45
7	Rr	3437	0.369	00	50
7	Rr	2881	0.310	00	55
7	Rr	2770	0.298	01	00
7	Rr	3008	0.323	01	05
7	Rr	3093	0.332	01	10
7	Rr	2967	0.319	01	15
7	Rr	3162	0.340	01	20
7	Rr	2779	0.299	01	25
7	Rr	2884	0.310	01	30
7	Rr	3084	0.331	01	35
7	Rr	3045	0.327	01	40
7	Rr	2878	0.309	01	45
7	Rr	2719	0.292	01	50
7	Rr	3142	0.338	01	55
7	Rr	2857	0.307	02	00
7	Rr	2948	0.317	02	05
7	Rr	2902	0.312	02	10
7	Rr	3432	0.369	02	15
7	Rr	3010	0.323	02	20
7	Rr	3055	0.328	02	25
7	Rr	3045	0.327	02	30
7	Rr	3292	0.354	02	35
7	Rr	2916	0.313	02	40
7	Rr	2913	0.313	02	45
7	Rr	2699	0.290	02	50
7	Rr	3309	0.356	02	55
7	Rr	2957	0.318	03	00
7	Rr	2859	0.307	03	05
7	Rr	2852	0.306	03	10
7	Rr	2940	0.316	03	15
7	Rr	2733	0.294	03	20
7	Rr	2760	0.297	03	25
7	Rr	2795	0.300	03	30
7	Rr	2999	0.322	03	35
7	Rr	2963	0.318	03	40
7	Rr	3293	0.354	03	45
7	Rr	3580	0.385	03	50
7	Rr	2994	0.322	03	55
7	Rr	2827	0.304	04	00
7	Rr	2883	0.310	04	05
7	Rr	3026	0.325	04	10
7	Rr	3123	0.336	04	15
7	Rr	3300	0.355	04	20
7	Rr	2898	0.311	04	25
7	Rr	2874	0.309	04	30
7	Rr	2594	0.279	04	35
7	Rr	2696	0.290	04	40
7	Rr	3184	0.342	04	45
7	Rr	2765	0.297	04	50
7	Rr	2809	0.302	04	55
7	Rr	2549	0.274	05	00
7	Rr	2455	0.264	05	05
7	Rr	2909	0.313	05	10
7	Rr	2928	0.315	05	15
7	Rr	3023	0.325	05	20
7	Rr	2791	0.300	05	25
7	Rr	3010	0.323	05	30
7	Rr	2867	0.308	05	35
7	Rr	2549	0.274	05	40
7	Rr	2569	0.276	05	45
7	Rr	2536	0.273	05	50
7	Rr	2695	0.290	05	55
7	Rr	2726	0.293	06	00
7	Rr	3435	0.369	06	05
7	Rr	2793	0.300	06	10
7	Rr	2792	0.300	06	15
7	Rr	2613	0.281	06	20
7	Rr	2680	0.288	06	25
7	Rr	2515	0.270	06	30
7	Rr	2698	0.290	06	35
7	Rr	2845	0.306	06	40
7	Rr	2913	0.313	06	45
7	Rr	2337	0.251	06	50
7	Rr	2236	0.240	06	55
7	Rr	2980	0.320	07	00
7	Rr	2532	0.272	07	05
7	Rr	2451	0.263	07	10
7	Rr	2546	0.274	07	15
7	Rr	2754	0.296	07	20
7	Rr	3198	0.344	07	25
7	Rr	3061	0.329	07	30
7	Rr	2738	0.294	07	35
7	Rr	2469	0.265	07	40
7	Rr	2410	0.259	07	45
7	Rr	2300	0.247	07	50
7	Rr	2417	0.260	07	55
7	Rr	2604	0.280	08	00
7	Rr	2721	0.292	08	05
7	Rr	2587	0.278	08	10
7	Rr	2429	0.261	08	15
7	Rr	2538	0.273	08	20
7	Rr	2546	0.274	08	25
7	Rr	3060	0.329	08	30
7	Rr	2682	0.288	08	35
7	Rr	2582	0.277	08	40
7	Rr	2429	0.261	08	45
7	Rr	2371	0.255	08	50
7	Rr	2362	0.254	08	55
7	Rr	2332	0.251	09	00
7	Rr	2668	0.287	09	05
7	Rr	2371	0.255	09	10
7	Rr	2330	0.250	09	15
7	Rr	2724	0.293	09	20
7	Rr	2513	0.270	09	25
7	Rr	2602	0.280	09	30
7	Rr	2284	0.245	09	35
7	Rr	2591	0.278	09	40
7	Rr	2413	0.259	09	45
7	Rr	2250	0.242	09	50
7	Rr	2416	0.260	09	55
7	Rr	2350	0.253	10	00
7	Rr	2302	0.247	10	05
7	Rr	2459	0.264	10	10
7	Rr	2373	0.255	10	15
7	Rr	2305	0.248	10	20
7	Rr	2488	0.267	10	25
7	Rr	2392	0.257	10	30
7	Rr	2398	0.258	10	35
7	Rr	2599	0.279	10	40
7	Rr	2319	0.249	10	45
7	Rr	2588	0.278	10	50
7	Rr	2827	0.304	10	55
7	Rr	3744	0.402	11	00
7	Rr	2868	0.308	11	05
7	Rr	2630	0.283	11	10
7	Rr	2516	0.270	11	15
7	Rr	2581	0.277	11	20
7	Rr	2439	0.262	11	25
7	Rr	2664	0.286	11	30
7	Rr	2342	0.252	11	35
7	Rr	2627	0.282	11	40
7	Rr	2569	0.276	11	45
7	Rr	2676	0.288	11	50
7	Rr	2685	0.289	11	55
7	Rr	3318	0.357	12	00
7	Rr	2985	0.321	12	05
7	Rr	2979	0.320	12	10
7	Rr	2545	0.273	12	15
7	Rr	2603	0.280	12	20
7	Rr	2590	0.278	12	25
7	Rr	2628	0.282	12	30
7	Rr	2559	0.275	12	35
7	Rr	2771	0.298	12	40
7	Rr	2913	0.313	12	45
7	Rr	2620	0.282	12	50
7	Rr	2659	0.286	12	55
7	Rr	2821	0.303	13	00
7	Rr	2841	0.305	13	05
7	Rr	3079	0.331	13	10
7	Rr	2901	0.312	13	15
7	Rr	2828	0.304	13	20
7	Rr	2951	0.317	13	25
7	Rr	2959	0.318	13	30
7	Rr	3257	0.350	13	35
7	Rr	2938	0.316	13	40
7	Rr	2532	0.272	13	45
7	Rr	3070	0.330	13	50
7	Rr	3017	0.324	13	55
7	Rr	2971	0.319	14	00
7	Rr	3407	0.366	14	05
7	Rr	3386	0.364	14	10
7	Rr	3461	0.372	14	15
7	Rr	3342	0.359	14	20
7	Rr	3332	0.358	14	25
7	Rr	3767	0.405	14	30
7	Rr	3494	0.375	14	35
7	Rr	3168	0.340	14	40
7	Rr	3227	0.347	14	45
7	Rr	3383	0.364	14	50
7	Rr	3760	0.404	14	55
7	Rr	3580	0.385	15	00
7	Rr	3618	0.389	15	05
7	Rr	3599	0.387	15	10
7	Rr	3628	0.390	15	15
7	Rr	3330	0.358	15	20
7	Rr	3805	0.409	15	25
7	Rr	4019	0.432	15	30
7	Rr	3644	0.392	15	35
7	Rr	3878	0.417	15	40
7	Rr	3836	0.412	15	45
7	Rr	3953	0.425	15	50
7	Rr	4193	0.451	15	55
7	Rr	4041	0.434	16	00
7	Rr	4211	0.453	16	05
7	Rr	3884	0.417	16	10
7	Rr	4290	0.461	16	15
7	Rr	3945	0.424	16	20
7	Rr	3610	0.388	16	25
7	Rr	4053	0.436	16	30
7	Rr	4235	0.455	16	35
7	Rr	4146	0.446	16	40
7	Rr	4206	0.452	16	45
7	Rr	4315	0.464	16	50
7	Rr	4165	0.448	16	55
7	Rr	4000	0.430	17	00
7	Rr	4007	0.431	17	05
7	Rr	4237	0.455	17	10
7	Rr	4013	0.431	17	15
7	Rr	4012	0.431	17	20
7	Rr	4090	0.440	17	25
7	Rr	4188	0.450	17	30
7	Rr	4226	0.454	17	35
7	Rr	4092	0.440	17	40
7	Rr	3972	0.427	17	45
7	Rr	4171	0.448	17	50
7	Rr	3929	0.422	17	55
7	Rr	3606	0.388	18	00
7	Rr	3928	0.422	18	05
7	Rr	4590	0.493	18	10
7	Rr	4389	0.472	18	15
7	Rr	3997	0.430	18	20
7	Rr	4415	0.474	18	25
7	Rr	4202	0.452	18	30
7	Rr	4252	0.457	18	35
7	Rr	4247	0.456	18	40
7	Rr	4222	0.454	18	45
7	Rr	4242	0.456	18	50
7	Rr	4219	0.453	18	55
7	Rr	4693	0.504	19	00
7	Rr	4480	0.481	19	05
7	Rr	4363	0.469	19	10
7	Rr	4023	0.432	19	15
7	Rr	3965	0.426	19	20
7	Rr	3782	0.406	19	25
7	Rr	4031	0.433	19	30
7	Rr	4213	0.453	19	35
7	Rr	4181	0.449	19	40
7	Rr	4317	0.464	19	45
7	Rr	3834	0.412	19	50
7	Rr	3943	0.424	19	55
7	Rr	4072	0.438	20	00
7	Rr	4493	0.483	20	05
7	Rr	4396	0.472	20	10
7	Rr	3953	0.425	20	15
7	Rr	4288	0.461	20	20
7	Rr	4100	0.441	20	25
7	Rr	3703	0.398	20	30
7	Rr	3947	0.424	20	35
7	Rr	4194	0.451	20	40
7	Rr	4525	0.486	20	45
7	Rr	4073	0.438	20	50
7	Rr	3942	0.424	20	55
7	Rr	4257	0.457	21	00
7	Rr	3811	0.410	21	05
7	Rr	4042	0.434	21	10
7	Rr	3888	0.418	21	15
7	Rr	3474	0.373	21	20
7	Rr	4169	0.448	21	25
7	Rr	3583	0.385	21	30
7	Rr	3758	0.404	21	35
7	Rr	3839	0.413	21	40
7	Rr	3834	0.412	21	45
7	Rr	4032	0.433	21	50
7	Rr	3565	0.383	21	55
7	Rr	3692	0.397	22	00
7	Rr	3491	0.375	22	05
7	Rr	3668	0.394	22	10
7	Rr	3358	0.361	22	15
7	Rr	3781	0.406	22	20
7	Rr	3753	0.403	22	25
7	Rr	3442	0.370	22	30
7	Rr	3850	0.414	22	35
7	Rr	3332	0.358	22	40
7	Rr	3376	0.363	22	45
7	Rr	3635	0.391	22	50
7	Rr	3470	0.373	22	55
7	Rr	3879	0.417	23	00
7	Rr	3559	0.382	23	05
7	Rr	3416	0.367	23	10
7	Rr	3363	0.361	23	15
7	Rr	4092	0.440	23	20
7	Rr	3240	0.348	23	25
7	Rr	3054	0.328	23	30
7	Rr	3412	0.367	23	35
7	Rr	3111	0.334	23	40
7	Rr	3109	0.334	23	45
7	Rr	3156	0.339	23	50
7	Rr	2941	0.316	23	55
o	*f	0R	r
o	lRQ	1	930534	140946297	[unresolved numerical addresses]
Z	*f	-20R	r
Z	lRb	1	42201	3.307	66.249
Z	lRb	1	39927	1.904	69
Z	lRb	1	24859	1.007	46
Z	lRb	1	21493	3.184	157.55
Z	lRb	1	20588	1.770	35
Z	lRb	1	16592	2.873	70
Z	lRb	1	16277	2.339	207.46
Z	lRb	1	15251	1.505	76
Z	lRb	1	14292	2.441	40
Z	lRb	1	14055	1.653	54
Z	lRb	1	12996	1.072	34
Z	lRb	1	12747	1.629	72
Z	lRb	1	12111	0.114	178.137
Z	lRb	1	11509	1.136	75
Z	lRb	1	11208	1.357	5
Z	lRb	1	10577	0.887	74
Z	lRb	1	10410	1.053	123
Z	lRb	1	9702	0.634	71
Z	lRb	1	8952	0.602	37
Z	lRb	1	8468	0.704	65.55
Z	lRb	1	596319	68.830	[not listed: 8495]
S	*f	-50P	r
S	Rb	4702	0.495	14.33.246.211
S	Rb	3348	0.654	192.234.235.103
S	Rb	3248	0.310	192.99.15.146
S	Rb	2341	0.171	100.43.83.148
S	Rb	1992	0.086	66.249.75.109
S	Rb	1829	0.187	37.59.14.116
S	Rb	1781	0.271	75.98.173.33
S	Rb	1597	0.164	78.155.138.20
S	Rb	1543	0.092	199.21.99.79
S	Rb	1459	0.013	92.249.127.111
S	Rb	1330	0.023	109.102.111.58
S	Rb	1312	0.056	205.203.134.197
S	Rb	1304	0.242	5.196.13.127
S	Rb	1276	0.150	208.115.113.82
S	Rb	1270	0.082	95.108.248.29
S	Rb	1142	0.001	91.207.9.226
S	Rb	1107	0.021	66.249.69.97
S	Rb	1081	0.024	66.249.69.81
S	Rb	1051	0.040	66.249.69.192
S	Rb	1039	0.019	66.249.69.89
S	Rb	1030	0.123	5.255.250.90
S	Rb	1024	0.093	95.108.150.235
S	Rb	1013	0.250	75.98.173.84
S	Rb	1012	0.103	192.99.6.132
S	Rb	957	0.230	199.21.99.197
S	Rb	951	0.078	66.249.73.133
S	Rb	815	0.037	178.63.23.80
S	Rb	812	0.117	66.249.64.90
S	Rb	808	0.229	149.202.211.239
S	Rb	796	0.168	79.125.27.96
S	Rb	791	0.081	192.99.7.55
S	Rb	786	0.147	66.11.128.152
S	Rb	785	0.039	144.76.27.118
S	Rb	777	0.001	193.150.120.14
S	Rb	760	0.064	208.115.113.92
S	Rb	756	0.027	82.145.46.102
S	Rb	739	0.012	109.102.111.50
S	Rb	737	0.016	66.249.69.176
S	Rb	704	0.001	109.120.157.179
S	Rb	698	0.032	220.181.125.162
S	Rb	694	0.048	78.155.138.30
S	Rb	686	0.025	66.249.65.212
S	Rb	664	0.068	94.23.59.173
S	Rb	653	0.091	52.21.132.215
S	Rb	649	0.066	46.105.74.59
S	Rb	627	0.019	106.38.241.144
S	Rb	627	0.019	66.249.65.205
S	Rb	627	0.015	66.249.65.219
S	Rb	609	0.062	94.23.215.29
S	Rb	585	0.060	94.23.35.157
S	Rb	871610	94.576	[not listed: 82862]
s	*FR	2013	12	18	21	53
s	*LR	2021	03	26	20	36
s	*f	-20R	s
s	lRS	1	176748	461	http://www.gtaeronautics.com/
s	lRS	1	40700	89	http://gtaeronautics.com/
s	lRS	1	4618	6	https://www.google.com/
s	lRS	1	215	1	https://www.thomasnet.com/
s	lRS	1	1534	0	http://www.google.com/
s	lRS	1	1159	0	http://www.trainingindustry.com/
s	lRS	1	1121	0	http://www.baidu.com/
s	lRS	1	609	0	http://www.mfgpages.com/
s	lRS	1	604	0	http://www.openfos.com/
s	lRS	1	517	0	http://www.topicway.com/
s	lRS	1	462	0	http://anti-crisis-seo.com/
s	lRS	1	395	0	http://uptime.com/
s	lRS	1	362	0	http://semalt.semalt.com/
s	lRS	1	324	0	http://www.bing.com/
s	lRS	1	301	0	http://chimiver.info/
s	lRS	1	280	0	https://www.google.co.in/
s	lRS	1	262	0	http://google.co.jp/
s	lRS	1	238	0	https://www.bing.com/
s	lRS	1	236	0	http://www.thomasnet.com/
s	lRS	1	234	0	http://www.artparquet.ru/
s	lRS	1	46941	72	[not listed: 4180]
f	*FR	2013	12	18	21	53
f	*LR	2021	03	26	20	36
f	*f	-30R	s
f	lRS	1	116737	373	http://www.gtaeronautics.com/
f	lRS	1	27517	62	http://gtaeronautics.com/
f	lRS	1	8661	21	http://www.gtaeronautics.com/aboutus.html
f	lRS	1	3914	15	http://www.gtaeronautics.com/ConsultingA.html
f	lRS	1	5308	8	http://gtaeronautics.com/IndNews.html
f	lRS	1	2125	7	http://www.gtaeronautics.com/GT380 RPAS.html
f	lRS	1	4289	6	https://www.google.com/
f	lRS	1	1968	5	http://www.gtaeronautics.com/GT1500 RPAS.html
f	lRS	1	3951	4	http://www.gtaeronautics.com/index.html
f	lRS	1	1747	4	http://www.gtaeronautics.com/CFMT.html
f	lRS	1	1394	4	http://www.gtaeronautics.com/GT50T RPAS.html
f	lRS	1	1243	4	http://www.gtaeronautics.com/contactus.html
f	lRS	1	2356	3	http://www.gtaeronautics.com/pna.html
f	lRS	1	1468	3	http://www.gtaeronautics.com/EMPLOYMENT.html
f	lRS	1	850	3	http://www.gtaeronautics.com/FAQ.html
f	lRS	1	1734	2	http://www.gtaeronautics.com/CompNews.html
f	lRS	1	1041	2	http://www.gtaeronautics.com/links.html
f	lRS	1	6693	1	http://www.gtaeronautics.com/CCT&M.html
f	lRS	1	5586	1	http://www.gtaeronautics.com/UASFC.html
f	lRS	1	1612	1	http://www.gtaeronautics.com/SRU.html
f	lRS	1	1967	0	http://www.gtaeronautics.com/uasfc.html
f	lRS	1	1792	0	http://www.gtaeronautics.com/RD.html
f	lRS	1	1458	0	http://www.gtaeronautics.com/consultinga.html
f	lRS	1	1439	0	http://www.gtaeronautics.com/IndNews.html
f	lRS	1	1189	0	http://gtaeronautics.com/aboutus.html
f	lRS	1	1159	0	http://www.trainingindustry.com/
f	lRS	1	1112	0	http://www.gtaeronautics.com/compnews.html
f	lRS	1	1079	0	http://www.baidu.com/s
f	lRS	1	892	0	http://www.google.com/url
f	lRS	1	730	0	http://www.gtaeronautics.com/gtaTexan.html
f	lRS	1	64849	100	[not listed: 4789]
n	*FR	2013	12	19	00	28
n	*LR	2020	10	14	09	11
n	*f	0.500000%Q	s
n	Rq	1	91.414	kit
n	Rq	1	91.414	method
n	Rq	2	18.644	crew
n	Rq	28	40.901	aeronautical
n	Rq	1	91.414	airplane.com
n	Rq	5	128.703	faa
n	Rq	40	96.834	gt
n	Rq	1	91.414	moldings
n	Rq	1	91.414	twin
n	Rq	1	91.414	taranis
n	Rq	2	91.414	installerex
n	Rq	2	91.414	http://gtaeronautics.com/
n	Rq	20	93.221	in
n	Rq	1	91.414	scale
n	Rq	1	91.414	observer
n	Rq	1	91.414	drawing?
n	Rq	2	91.414	is
n	Rq	1	91.414	making
n	Rq	2	18.644	fiber
n	Rq	1	91.414	mitsubishi
n	Rq	1	91.414	fuze
n	Rq	1	91.414	http://www.gtaeronautics.com/indnews.html
n	Rq	92	91.414	semalt.com
n	Rq	1	91.414	consultant
n	Rq	15	37.288	manufacturing
n	Rq	1	91.414	2
n	Rq	1	91.414	base
n	Rq	14	130.509	6
n	Rq	1	91.414	http://gtaeronautics.com/indnews.html
n	Rq	1	91.414	always
n	Rq	28	150.960	engineering
n	Rq	1	91.414	northrop
n	Rq	1	91.414	bandwidth
n	Rq	1	91.414	vegas
n	Rq	3	18.644	basic
n	Rq	1	91.414	qinetiq
n	Rq	1	91.414	tooling
n	Rq	1	91.414	on
n	Rq	1	91.414	heavy
n	Rq	9	74.577	drawings
n	Rq	1	91.414	fia
n	Rq	4	91.414	louis%20vuitton%20fashion%20valley%20phone%20number
n	Rq	3	91.414	llc
n	Rq	3	110.059	rullman
n	Rq	1	91.414	cowling
n	Rq	32	110.059	sale
n	Rq	64	55.932	outlet
n	Rq	1	91.414	rotax
n	Rq	1	91.414	ucav
n	Rq	28	59.545	texan
n	Rq	1	91.414	a
n	Rq	2	91.414	customer
n	Rq	1	91.414	rpa
n	Rq	2	18.644	110cc
n	Rq	30	91.414	designer
n	Rq	20	128.703	www.gtaeronautics.com
n	Rq	1	91.414	work
n	Rq	1	91.414	thomas
n	Rq	1	91.414	engie
n	Rq	1	91.414	qualification
n	Rq	1	91.414	custom
n	Rq	1	91.414	mk3
n	Rq	1	91.414	t
n	Rq	1	91.414	uavs
n	Rq	1	91.414	w
n	Rq	2	91.414	satisfaction
n	Rq	2	18.644	x
n	Rq	1	91.414	crews
n	Rq	3	91.414	photos
n	Rq	1	91.414	finnemeccia
n	Rq	2	18.644	glass
n	Rq	1	110.059	to
n	Rq	1	91.414	gcs
n	Rq	5	128.703	engineer
n	Rq	1	91.414	government
n	Rq	1	91.414	operator
n	Rq	6	55.932	aircraft
n	Rq	1	91.414	with
n	Rq	97	18.644	number
n	Rq	4	110.059	for
n	Rq	1	91.414	december
n	Rq	2	18.644	aero
n	Rq	9	18.644	equipment
n	Rq	2	18.644	engine
n	Rq	1	91.414	mq1
n	Rq	2	18.644	wy
n	Rq	1	91.414	custum
n	Rq	1	91.414	g.t
n	Rq	1	91.414	mechanics
n	Rq	1	18.644	motors
n	Rq	1	91.414	tdw
n	Rq	32	128.703	luggage
n	Rq	1	91.414	opportunities
n	Rq	175	76.383	vuitton
n	Rq	1	91.414	show
n	Rq	1	110.059	the
n	Rq	1	91.414	luggages
n	Rq	1	91.414	stroke
n	Rq	2	91.414	explore
n	Rq	39	18.644	handbags
n	Rq	2	18.644	electric
n	Rq	1	91.414	space
n	Rq	1	18.644	air
n	Rq	1	91.414	quote
n	Rq	1	91.414	require
n	Rq	1	91.414	mpp
n	Rq	4	18.644	jobs
n	Rq	5	128.703	uas
n	Rq	1	91.414	anything
n	Rq	1	91.414	china
n	Rq	1	91.414	airplane
n	Rq	10	93.221	uav
n	Rq	2	91.414	wmaid.com
n	Rq	3	37.288	drone
n	Rq	7	147.347	fiberglass
n	Rq	2	91.414	facebook
n	Rq	1	91.414	college
n	Rq	4	37.288	onboard
n	Rq	3	18.644	gtaeronautics.com
n	Rq	1	91.414	qulificationa
n	Rq	21	39.095	simi
n	Rq	1	91.414	and
n	Rq	5	110.059	flight
n	Rq	17	39.095	at6
n	Rq	1	91.414	xtreme
n	Rq	1	91.414	maintenance
n	Rq	1	91.414	cody
n	Rq	1	91.414	systems
n	Rq	1	91.414	any
n	Rq	1	91.414	tom
n	Rq	1	91.414	payload
n	Rq	2	18.644	gta
n	Rq	2	91.414	granger
n	Rq	8	147.347	extreme
n	Rq	6	128.703	molding
n	Rq	2	91.414	easylifeapp
n	Rq	1	91.414	rating
n	Rq	2	91.414	whitelaw
n	Rq	126	147.347	fashion
n	Rq	2	18.644	ice
n	Rq	2	91.414	http://www.gtaeronautics.com/compnews.html
n	Rq	5	18.644	engineers
n	Rq	3	18.644	composite
n	Rq	1	91.414	skyforce
n	Rq	1	91.414	eengineer
n	Rq	175	76.383	louis
n	Rq	8	91.414	store
n	Rq	4	37.288	starter
n	Rq	14	37.288	cheap
n	Rq	1	91.414	diamond
n	Rq	10	1.806	bme
n	Rq	1	91.414	america2009
n	Rq	7	91.414	content
n	Rq	1	91.414	challenge
n	Rq	2	18.644	aeronautic
n	Rq	1	91.414	piece
n	Rq	1	91.414	how
n	Rq	1	91.414	male
n	Rq	2	18.644	design
n	Rq	2	18.644	flying
n	Rq	1	91.414	carbon
n	Rq	1	91.414	operation
n	Rq	2	91.414	profile
n	Rq	1	91.414	tomas
n	Rq	1	91.414	cia
n	Rq	1	91.414	hummingbird
n	Rq	1	91.414	iron
n	Rq	1	91.414	california
n	Rq	1	91.414	amphibian
n	Rq	1	91.414	110
n	Rq	1	91.414	mentioned
n	Rq	1	91.414	111
n	Rq	1	91.414	over
n	Rq	25	40.901	http://www.gtaeronautics.com/
n	Rq	1	91.414	google.com
n	Rq	1	91.414	fuel
n	Rq	2	91.414	inc
n	Rq	1	91.414	handbag.com
n	Rq	1	91.414	da42
n	Rq	2	18.644	certification
n	Rq	1	91.414	timing
n	Rq	1	91.414	2015
n	Rq	1	91.414	home
n	Rq	1	91.414	aerospacecompanies
n	Rq	1	91.414	anti
n	Rq	1	91.414	ziroli
n	Rq	1	91.414	sketches
n	Rq	5	91.414	purses
n	Rq	1	91.414	downlink
n	Rq	3	91.414	aeronotics
n	Rq	1	91.414	nanotechnology
n	Rq	1	91.414	zephyr
n	Rq	4	91.414	wyoming
n	Rq	2	91.414	technology
n	Rq	3	110.059	companies
n	Rq	1	91.414	muffler
n	Rq	2	91.414	avia
n	Rq	2	91.414	what
n	Rq	145	95.027	valley
n	Rq	1	91.414	microwave
n	Rq	1	91.414	mold
n	Rq	5	37.288	pglm
n	Rq	1	91.414	specialist
n	Rq	23	22.257	drawing
n	Rq	1	91.414	tool
n	Rq	1	91.414	security
n	Rq	6	18.644	prototypes
n	Rq	1	91.414	giant
n	Rq	1	91.414	powell
n	Rq	8	147.347	aerospace
n	Rq	4	37.288	unmanned
n	Rq	34	78.190	aeronautics
n	Rq	1	91.414	radius
n	Rq	1	91.414	zero
n	Rq	1	91.414	tobbot
n	Rq	2	18.644	job
n	Rq	2	18.644	neverfull
n	Rq	1	91.414	onbordstarter
n	Rq	20	37.288	ca
n	Rq	1	18.644	as
n	Rq	13	39.095	at
n	Rq	5	128.703	techniques
n	Rq	1	91.414	does
n	Rq	1	91.414	commercial
n	Rq	1	91.414	www.gt
n	Rq	1	91.414	de
n	Rq	1	91.414	co
n	Rq	1	91.414	speedy
n	Rq	1	91.414	rpas
n	Rq	2	18.644	instrument
n	Rq	1	91.414	do
n	Rq	1	91.414	quotation
n	Rq	3	110.059	training
n	Rq	1	91.414	efi
n	Rq	1	91.414	careers
n	Rq	3	110.059	pilot
n	Rq	9	74.577	bandito
n	Rq	4	37.288	quotes
n	Rq	107	37.288	phone
n	Rq	1	91.414	stations
n	Rq	1	91.414	traing
N	*FR	2013	12	19	00	28
N	*LR	2020	10	14	09	11
N	*f	-200Q	s
N	RQ	20	3414037830	gt aeronautics
N	RQ	20	3366782873	www.gtaeronautics.com
N	RQ	14	2926318140	aeronautical engineering drawing
N	RQ	3	2879063183	bandito uav
N	RQ	3	2879063183	onboard starter
N	RQ	1	2391343493	uavs flying over simi valley ca
N	RQ	1	2391343493	gt aeronautics simi valley california
N	RQ	1	2391343493	aeronautical engineer quote
N	RQ	1	2391343493	does aeronautical engineering require drawing?
N	RQ	1	2391343493	how to do gt in engineering drawing
N	RQ	2	2391343493	http://gtaeronautics.com/
N	RQ	1	2391343493	the government college g.t aeronautics
N	RQ	1	2391343493	bme engine
N	RQ	1	2391343493	uas gcs
N	RQ	1	2391343493	http://www.gtaeronautics.com/indnews.html
N	RQ	92	2391343493	semalt.com
N	RQ	1	2391343493	aero iron mentioned nanotechnology hummingbird uav
N	RQ	1	2391343493	basic fiberglass techniques
N	RQ	1	2391343493	http://gtaeronautics.com/indnews.html
N	RQ	1	2391343493	finnemeccia co
N	RQ	2	2391343493	drawing for customer satisfaction
N	RQ	1	2391343493	cheap louis vuitton speedy handbag.com
N	RQ	1	2391343493	at 6
N	RQ	1	2391343493	quotation specialist engineer drawings
N	RQ	1	2391343493	challenge xtreme 111 piece mechanics tool kit
N	RQ	1	2391343493	uav commercial crew stations
N	RQ	1	2391343493	da42 mpp microwave downlink bandwidth
N	RQ	1	2391343493	anti ice de ice qinetiq zephyr
N	RQ	4	2391343493	louis%20vuitton%20fashion%20valley%20phone%20number
N	RQ	1	2391343493	faa uas pilot certification
N	RQ	1	2391343493	any flying crews in gta
N	RQ	1	2391343493	aerospace drawing
N	RQ	1	2391343493	fiber glass molding job
N	RQ	1	2391343493	aircraft design consultant
N	RQ	1	2391343493	www.gt airplane.com
N	RQ	3	2391343493	gt in aeronotics
N	RQ	1	2391343493	tom rullman
N	RQ	1	2391343493	gt aeronautics simi valley ca
N	RQ	1	2391343493	drone base in simi valley
N	RQ	1	2391343493	fiberglass mold making techniques
N	RQ	1	2391343493	rpa instrument qualification faa instrument rating
N	RQ	1	2391343493	extreme bme
N	RQ	1	2391343493	uas faa maintenance
N	RQ	1	2391343493	louis vuitton neverfull
N	RQ	1	2391343493	fiberglass techniques
N	RQ	1	2391343493	aircraft companies in simi valley
N	RQ	1	2391343493	custom fiberglass moldings
N	RQ	11	2391343493	louis vuitton luggage cheap
N	RQ	1	2391343493	anything
N	RQ	1	2391343493	aeronautical engineering sketches
N	RQ	1	2391343493	gtaeronautics.com
N	RQ	1	2391343493	giant scale ziroli at 6
N	RQ	9	2391343493	outlet louis vuitton handbags
N	RQ	1	2391343493	cowling drawing
N	RQ	1	2391343493	mitsubishi zero
N	RQ	1	2391343493	powell wy gt aeronautics
N	RQ	2	2391343493	what is gt in basic engineering drawing
N	RQ	2	2391343493	composite molding
N	RQ	1	2391343493	aeronautics in simi valley and security work
N	RQ	3	2391343493	gt aeronautics llc jobs
N	RQ	1	2391343493	crew flight gta
N	RQ	1	2391343493	110cc engine timing
N	RQ	1	2391343493	aeronautical engineer quotes
N	RQ	2	2391343493	http://www.gtaeronautics.com/compnews.html
N	RQ	4	2391343493	wyoming flight engineers
N	RQ	1	2391343493	a t 6
N	RQ	1	2391343493	gt aeronautics unmanned air
N	RQ	1	2391343493	fia gt composite tooling
N	RQ	1	2391343493	uas pilot certification
N	RQ	1	2391343493	quotes on aeronautical engineers
N	RQ	1	2391343493	payload for diamond northrop twin engie aircraft
N	RQ	7	2391343493	content
N	RQ	1	2391343493	bme 110
N	RQ	1	2391343493	thomas w rullman gt aeronautics
N	RQ	1	2391343493	luggages for sale
N	RQ	2	2391343493	easylifeapp profile
N	RQ	2	2391343493	simi gt
N	RQ	1	2391343493	mq1 design fuel
N	RQ	1	2391343493	airplane as always cia america2009
N	RQ	1	2391343493	eengineer drawing home
N	RQ	1	2391343493	heavy equipment operator jobs
N	RQ	1	2391343493	aero space drone simi valley
N	RQ	1	2391343493	cheap louis vuitton luggage
N	RQ	1	2391343493	2 stroke electric onboard starter
N	RQ	1	2391343493	skyforce observer mk3
N	RQ	1	2391343493	simi valley unmanned aircraft
N	RQ	2	2391343493	granger whitelaw avia
N	RQ	1	2391343493	louis vuitton fashion valley neverfull
N	RQ	1	2391343493	louis vuitton job opportunities
N	RQ	1	2391343493	google.com
N	RQ	1	2391343493	uas operation training method
N	RQ	2	2391343493	wmaid.com explore gtaeronautics.com
N	RQ	1	2391343493	custum muffler 110cc
N	RQ	1	2391343493	glass manufacturing drawings
N	RQ	1	2391343493	electric motors x male uav x sale
N	RQ	1	2391343493	aerospacecompanies in simi valley
N	RQ	1	2391343493	fiberglass molding
N	RQ	2	2391343493	aeronautical technology inc
N	RQ	1	2391343493	taranis ucav
N	RQ	1	2391343493	vegas drone uav show december 2015
N	RQ	1	2391343493	uav companies in simi valley
N	RQ	1	2391343493	unmanned aircraft systems pilot training
N	RQ	2	2391343493	installerex facebook
N	RQ	3	2391343493	texan at6 photos
N	RQ	1	2391343493	aeronautic engineer
N	RQ	30	2391343493	designer handbags outlet sale
N	RQ	1	2391343493	rpas qulificationa traing with faa
N	RQ	1	2391343493	faa uav training
N	RQ	1	2391343493	uav companies simi valley
N	RQ	5	2391343493	louis vuitton purses outlet
N	RQ	1	2391343493	aeronautics
N	RQ	1	2391343493	cheap louis vuitton luggage outlet
N	RQ	1	2391343493	gt aeronautics tomas rullman
N	RQ	1	2391343493	tobbot
N	RQ	1	2391343493	radius tdw efi fuze
N	RQ	8	2391343493	manufacturing equipment store in simi valley
N	RQ	1	2391343493	aeronautic engineer quotes
N	RQ	1	2391343493	onbordstarter
N	RQ	1	2391343493	rotax amphibian unmanned china
N	RQ	1	2391343493	aeronautical engineering quotes
N	RQ	1	2391343493	drawing aircraft engineering
N	RQ	1	2391343493	gt aeronautics careers
N	RQ	1	2391343493	gt aeronautics bandito
N	RQ	1	2391343493	cody wy carbon fiber
N	RQ	8	1950878760	at6 texan
N	RQ	7	1463159070	bme extreme
N	RQ	7	1463159070	aerospace engineering drawings
N	RQ	25	1069949294	http://www.gtaeronautics.com/
N	RQ	6	975439380	texan at6
N	RQ	5	975439380	bandito pglm
N	RQ	2	487719690	fiberglass molding techniques
N	RQ	6	487719690	manufacturing aeronautical prototypes
N	RQ	19	487719690	louis vuitton luggage outlet
N	RQ	10	487719690	louis vuitton fashion valley phone
N	RQ	97	487719690	louis vuitton fashion valley phone number
N	RQ	2	487719690	texan at 6
N	RQ	18	487719690	louis vuitton fashion valley ca
N	RQ	9	47254957	at 6 texan
B	*f	-40R	r
B	Rb	34235	4.857	Mozilla/5.0 (compatible; bingbot/2.0;  http://www.bing.com/bingbot.htm)
B	Rb	26272	1.715	ZoominfoBot (zoominfobot at zoominfo dot com)
B	Rb	25727	1.892	Mozilla/5.0 (compatible; Googlebot/2.1;  http://www.google.com/bot.html)
B	Rb	15636	1.549	Mozilla/4.0 (compatible; MSIE 6.0; Windows NT 5.1; SV1)
B	Rb	12470	2.251	Mozilla/5.0 (iPhone; CPU iPhone OS 7_0 like Mac OS X) AppleWebKit/537.51.1 (KHTML, like Gecko) Version/7.0 Mobile/11A465 Safari/9537.53 (compatible; bingbot/2.0;  http://www.bing.com/bingbot.htm)
B	Rb	9879	1.119	Mozilla/5.0 (compatible; Baiduspider/2.0;  http://www.baidu.com/search/spider.html)
B	Rb	9824	1.120	Mozilla/5.0 (compatible; YandexBot/3.0;  http://yandex.com/bots)
B	Rb	9626	0.911	Mozilla/5.0 (Windows NT 6.1; WOW64; Trident/7.0; rv:11.0) like Gecko
B	Rb	8061	1.502	Mozilla/4.0 (compatible; MSIE 7.0; Windows NT 5.1; .NET CLR 1.1.4322; .NET CLR 2.0.50727)
B	Rb	7398	0.683	Mozilla/5.0 (compatible; Yahoo! Slurp; http://help.yahoo.com/help/us/ysearch/slurp)
B	Rb	7100	0.356	Mozilla/4.0 (compatible; MSIE 6.0; Windows NT 5.1; SV1; .NET CLR 2.0.50727)
B	Rb	6931	0.311	Mozilla/4.0 (compatible;)
B	Rb	6413	0.518	Mozilla/4.0 (compatible; MSIE 6.0; Windows NT 5.1)
B	Rb	6164	0.075	Mozilla/4.0 (compatible; MSIE 7.0; Windows NT 5.1; .NET CLR 1.1.4322; .NET CLR 2.0.50727; .NET CLR 3.0.4506.2152; .NET CLR 3.5.30729)
B	Rb	6150	0.585	Mozilla/4.0 (compatible; MSIE 7.0; Windows NT 6.1; WOW64; Trident/5.0; SLCC2; .NET CLR 2.0.50727; .NET CLR 3.5.30729; .NET CLR 3.0.30729; Media Center PC 6.0; .NET4.0C; .NET4.0E)
B	Rb	6059	0.372	Mozilla/5.0 (Windows NT 6.1; WOW64) AppleWebKit/537.36 (KHTML, like Gecko) Chrome/36.0.1985.143 Safari/537.36
B	Rb	5848	0.441	Sosospider ( http://help.soso.com/webspider.htm)
B	Rb	5687	0.186	Googlebot-Image/1.0
B	Rb	5436	0.502	Mozilla/5.0 (Windows; U; Windows NT 5.1; en-US; rv:1.7.2) Gecko/20040804 Netscape/7.2 (ax)
B	Rb	5308	0.215	Mozilla/4.0 (compatible; MSIE 7.0; Windows NT 5.1; .NET CLR 1.1.4322; .NET CLR 2.0.50727; .NET CLR 3.0.04506.30)
B	Rb	5219	0.608	Sogou web spider/4.0( http://www.sogou.com/docs/help/webmasters.htm#07)
B	Rb	5198	0.531	Mozilla/4.0 (compatible; MSIE 7.0; Windows NT 5.1)
B	Rb	4870	0.200	Mozilla/5.0 (compatible; MSIE 9.0; Windows NT 6.1; WOW64; Trident/5.0)
B	Rb	4446	0.293	Mozilla/5.0 (compatible; Yahoo! Slurp/3.0; http://help.yahoo.com/help/us/ysearch/slurp)
B	Rb	4431	1.346	Mozilla/5.0 (Windows NT 6.3; WOW64) AppleWebKit/537.36 (KHTML, like Gecko) Chrome/33.0.1736.0 Safari/537.36
B	Rb	4368	0.058	Mozilla/4.0 (compatible; MSIE 7.0; Windows NT 5.1; .NET CLR 2.0.50727; .NET CLR 3.0.4506.2152; .NET CLR 3.5.30729)
B	Rb	4114	0.617	Mozilla/5.0 (Linux; Android 6.0.1; Nexus 5X Build/MMB29P) AppleWebKit/537.36 (KHTML, like Gecko) Chrome/41.0.2272.96 Mobile Safari/537.36 (compatible; Googlebot/2.1;  http://www.google.com/bot.html)
B	Rb	4082	0.692	Mozilla/5.0 (iPhone; CPU iPhone OS 7_0 like Mac OS X) AppleWebKit/537.51.1 (KHTML, like Gecko) Version/7.0 Mobile/11A465 Safari/9537.53 BingPreview/1.0b
B	Rb	3758	0.246	Mozilla/4.0 (compatible; MSIE 6.0; Windows NT 5.1; SV1; .NET CLR 1.1.4322)
B	Rb	3595	0.462	Mozilla/4.0 (compatible; MSIE 7.0; Windows NT 5.1; InfoPath.2; .NET CLR 2.0.50727; .NET CLR)
B	Rb	3493	0.298	Mozilla/5.0 (compatible; MJ12bot/v1.4.5; http://www.majestic12.co.uk/bot.php? )
B	Rb	3481	0.204	Mozilla/5.0 (X11; Datanyze; Linux x86_64) AppleWebKit/537.36 (KHTML, like Gecko) Chrome/65.0.3325.181 Safari/537.36
B	Rb	3262	0.586	PRurl
B	Rb	3206	0.898	Mozilla/4.0 (compatible; MSIE 7.0; Windows NT 5.1; .NET CLR 2.0.50727; .NET CLR 1.1.4322)
B	Rb	3173	0.124	Mozilla/5.0 (compatible; SeznamBot/3.2;  http://napoveda.seznam.cz/en/seznambot-intro/)
B	Rb	3062	0.131	Mozilla/4.0 (compatible; MSIE 7.0; Windows NT 5.1; .NET CLR 1.1.4322)
B	Rb	3049	0.068	Mozilla/4.0 (compatible; MSIE 8.0; Windows NT 5.1; Trident/4.0; .NET CLR 2.0.50727; .NET CLR 3.0.4506.2152; .NET CLR 3.5.30729; .NET4.0C; .NET CLR 1.1.4322)
B	Rb	2877	0.353	Mozilla/5.0 (compatible; MSIE 9.0; Windows NT 6.1; Trident/5.0)
B	Rb	2870	0.270	Mozilla/4.0 (compatible; MSIE 6.0; Windows NT 5.1; SV1; .NET CLR 1.1.4322; .NET CLR 2.0.50727)
B	Rb	2806	0.529	Mozilla/5.0 (Windows NT 6.1; WOW64; rv:40.0) Gecko/20100101 Firefox/40.1
B	Rb	625872	70.327	[not listed: 19018]
b	*f	-15Q	s
b	lRQq	1	339933	3959329498	95.314	Netscape
b	lRQq	2	4138	3996267439	96.204	Mozilla/40
b	lRQq	2	1977	3901757521	93.929	Mozilla/57
b	lRQq	2	1529	3854502564	92.791	Mozilla/68
b	lRQq	2	901	3949012477	95.066	Mozilla/38
b	lRQq	2	796	3901757520	93.929	Mozilla/27
b	lRQq	2	698	3901757520	93.929	Mozilla/49
b	lRQq	2	1131	3854502563	92.791	Mozilla/64
b	lRQq	2	902	3854502563	92.791	Mozilla/78
b	lRQq	2	814	3854502563	92.791	Mozilla/79
b	lRQq	2	774	3461292787	83.325	Mozilla/15
b	lRQq	2	691	3461292787	83.325	Mozilla/16
b	lRQq	2	1062	3414037830	82.187	Mozilla/11
b	lRQq	2	1150	3414037830	82.187	Mozilla/51
b	lRQq	2	701	3414037830	82.187	Mozilla/20
b	lRQq	2	718	3414037830	82.187	Mozilla/25
b	lRQq	2	2312	3414037830	82.187	Mozilla/29
b	lRQq	2	1142	3414037830	82.187	Mozilla/8
b	lRQq	2	1141	3414037830	82.187	Mozilla/42
b	lRQq	2	759	3366782873	81.050	Mozilla/75
b	lRQq	2	642	3366782873	81.050	Mozilla/77
b	lRQq	1	255128	3543970980	85.315	MSIE
b	lRQq	2	91047	1197075330	28.818	MSIE/6
b	lRQq	2	5975	1495243913	35.996	MSIE/5
b	lRQq	2	99702	1941473689	46.738	MSIE/7
b	lRQq	2	13226	3383697590	81.457	MSIE/9
b	lRQq	2	403	3366782873	81.050	MSIE/4
b	lRQq	2	12	2391343493	57.568	MSIE/11
b	lRQq	2	37408	1660901883	39.984	MSIE/8
b	lRQq	2	371	975439380	23.482	MSIE/3
b	lRQq	2	698	487719690	11.741	MSIE/2
b	lRQq	2	4755	410124493	9.873	MSIE/10
b	lRQq	1	1581	3508547784	84.463	Apache-HttpClient
b	lRQq	2	1580	1117204291	26.895	Apache-HttpClient/4
b	lRQq	2	1	2391343493	57.568	Apache-HttpClient/UNAVAILABLE
b	lRQq	1	1901	3650312618	87.875	Konqueror
b	lRQq	2	1849	2187153548	52.652	Konqueror/3
b	lRQq	2	51	3366782873	81.050	Konqueror/4
b	lRQq	2	1	2391343493	57.568	Konqueror/2
b	lRQq	1	14720	4219116706	101.568	Opera
b	lRQq	2	6243	2377917974	57.245	Opera/9
b	lRQq	2	3090	3901757523	93.929	Opera/7
b	lRQq	2	4315	2045388677	49.239	Opera/8
b	lRQq	2	10	2879063183	69.309	Opera/5
b	lRQq	2	18	2438598450	58.705	Opera/10
b	lRQq	2	17	2391343493	57.568	Opera/98
b	lRQq	2	1	2391343493	57.568	Opera/3
b	lRQq	2	10	1463159070	35.223	Opera/12
b	lRQq	2	1000	1463159070	35.223	Opera/6
b	lRQq	2	16	47254957	1.138	Opera/11
b	lRQq	1	1326	4232542225	101.892	python-requests
b	lRQq	2	1308	1793943775	43.186	python-requests/2
b	lRQq	2	12	1950878760	46.964	python-requests/1
b	lRQq	2	6	487719690	11.741	python-requests/0
b	lRQq	1	122	3854502563	92.791	MSIE or
b	lRQq	1	14	3854502563	92.791	PycURL
b	lRQq	2	14	3854502563	92.791	PycURL/7
b	lRQq	1	59	3508547744	84.463	Dalvik
b	lRQq	2	32	3414037830	82.187	Dalvik/2
b	lRQq	2	27	94509914	2.275	Dalvik/1
b	lRQq	1	44	3414037830	82.187	UCWEB
b	lRQq	2	44	3414037830	82.187	UCWEB/2
b	lRQq	1	232	3366782873	81.050	DomainCrawler
b	lRQq	2	134	2391343493	57.568	DomainCrawler/3
b	lRQq	2	83	487719690	11.741	DomainCrawler/2
b	lRQq	2	15	487719690	11.741	DomainCrawler/1
b	lRQq	1	16	3366782873	81.050	Windows-Media-Player
b	lRQq	2	11	2879063183	69.309	Windows-Media-Player/11
b	lRQq	2	4	2391343493	57.568	Windows-Media-Player/10
b	lRQq	2	1	2391343493	57.568	Windows-Media-Player/9
b	lRQq	1	27	3366782873	81.050	W3C_Validator
b	lRQq	2	27	3366782873	81.050	W3C_Validator/1
b	lRQq	1	182	3366782873	81.050	Dispatch
b	lRQq	2	182	3366782873	81.050	Dispatch/0
b	lRQq	1	4235	3366782873	81.050	msnbot
b	lRQq	2	2837	487719690	11.741	msnbot/2
b	lRQq	2	1397	487719690	11.741	msnbot/1
b	lRQq	1	301936	1114247006	26.824	[not listed: 778]
p	*f	0Q	s
p	lR	1	514170	Windows
p	lR	2	216850	Unknown Windows
p	lR	2	43364	Windows NT
p	lR	2	238088	Windows XP
p	lR	2	2317	Windows 98
p	lR	2	9234	Windows 2000
p	lR	2	379	Windows 3.1
p	lR	2	2149	Windows 95
p	lR	2	389	Windows CE
p	lR	2	1400	Windows ME
p	lR	1	65973	Known robots
p	lR	1	215534	OS unknown
p	lR	1	76446	Macintosh
p	lR	2	72419	Unknown Macintosh
p	lR	2	916	Macintosh 68k
p	lR	2	3111	Macintosh PowerPC
p	lR	1	49302	Unix
p	lR	2	48551	Linux
p	lR	2	22	SunOS
p	lR	2	43	BSD
p	lR	2	683	Other Unix
p	lR	2	3	HP-UX
p	lR	1	16	WebTV
p	lR	1	1	BeOS
p	lR	1	8	OS/2
p	lR	1	6	Amiga
i	*f	0R	s
i	lRc	1	536529	38.323	[root directory]
i	lRc	1	247227	61.448	/images/
i	lRc	1	95121	0.132	/js/
i	lRc	1	50017	0.098	/css/
i	lRc	1	865	0.000	/videos/
i	lRc	1	541	0.000	/client/
i	lRc	1	1	0.000	/cgi-bin/
i	lRc	1	172	0.000	/dev/
i	lRc	2	23	0.000	/dev/css/
i	lRc	2	44	0.000	/dev/js/
i	lRc	2	59	0.000	/dev/images/
i	lRc	1	1	0.000	/secure/
i	lRc	1	60	0.000	/stats/
r	*f	0.050000%S	s
r	lRSc	1	21714	42	22.248	/compnews.html
r	lRSc	1	16631	33	1.003	/contactus.html
r	lRSc	1	25317	31	1.564	/aboutus.html
r	lRSc	1	16411	26	1.898	/consultinga.html
r	lRSc	1	12319	26	0.852	/pna.html
r	lRSc	1	20489	26	1.810	/uasfc.html
r	lRSc	1	4250	24	1.239	/gt380+rpas.html
r	lRSc	1	15799	24	1.509	/cct&m.html
r	lRSc	1	15814	24	1.116	/cfmt.html
r	lRSc	1	70	23	1.006	/gt100hl+rpas.html
r	lRSc	1	7418	23	1.222	/sru.html
r	lRSc	1	4373	23	1.226	/gt1500+rpas.html
r	lRSc	1	13820	22	0.831	/employment.html
r	lRSc	1	4011	21	1.137	/gt50t+rpas.html
r	lRSc	1	26451	17	58.107	/indnews.html
r	lRSc	2	124	0	0.000	/indnews.html?referer=www.clickfind.com.au/wp-login.php
r	lRSc	2	1	0	0.000	/indnews.html?referer=top1.co.pl
r	lRSc	2	1	0	0.000	/indnews.html?referer=www.clickfind.com.au//wp-content/themes/busybee/thumb.php?src=http://blogger.com.opontodaarte.com.br/java.php
r	lRSc	1	13881	17	1.025	/links.html
r	lRSc	1	12064	17	0.908	/faq.html
r	lRSc	1	13248	14	0.619	/indevents.html
r	lRSc	1	9347	10	0.514	/rd.html
r	lRSc	1	3985	2	0.108	/uavengines.html
r	lRSc	1	3664	1	0.058	/bandituas.html
r	lRSc	1	1	0	0.000	/client/bandito timeline2007.html
r	lRSc	1	2	0	0.000	/client/bandit+timeline2004.html
r	lRSc	1	1	0	0.000	/stats/quick.html
r	lRSc	1	1	0	0.000	/404.htm
r	lRSc	1	12	0	0.000	/client/gta010707002.html
r	lRSc	1	72	0	0.000	/client/bandito+development.html
r	lRSc	1	135	0	0.000	/client/welcome.html
r	lRSc	1	3	0	0.000	/client/gta021305001.html
r	lRSc	1	1	0	0.000	/stats/browserrep.html
r	lRSc	1	741	0	0.000	/gt50t rpas.html
r	lRSc	1	5	0	0.000	/client/gta012405001.html
r	lRSc	1	2	0	0.000	/dev/contactus.html
r	lRSc	1	3	0	0.000	/stats/general.html
r	lRSc	1	1	0	0.000	/dev/aboutus.html
r	lRSc	1	18	0	0.000	/client/tacamo+development.html
r	lRSc	1	1	0	0.000	/client/bandit development.html
r	lRSc	1	17	0	0.000	/client/bandit+timeline2008.html
r	lRSc	1	1	0	0.000	/client/bandito+timeline2005.html
r	lRSc	1	23	0	0.000	/client/projectbids.html
r	lRSc	1	1	0	0.000	/stats/host.html
r	lRSc	1	11	0	0.000	/client/rq2+outlaw.html
r	lRSc	1	1	0	0.000	/client/bandit timeline2008.html
r	lRSc	1	20	0	0.000	/client/clientpna.html
r	lRSc	1	15	0	0.000	/client/bandit.html
r	lRSc	1	2	0	0.000	/stats/default.asp
r	lRSc	1	21	0	0.000	/index.htm
r	lRSc	1	1	0	0.000	/cgi-bin/testms.pl
r	lRSc	1	974	0	0.000	/gtamt.html
r	lRSc	1	14	0	0.000	/client/rq1+bandit.html
r	lRSc	1	2253	0	0.000	/gt1500 rpas.html
r	lRSc	1	6	0	0.000	/client/gta021305002.html
r	lRSc	1	4	0	0.000	/client/gta121004001.html
r	lRSc	1	24	0	0.000	/client/tacamo.html
r	lRSc	1	30	0	0.000	/client/mgqgcyat.asp
r	lRSc	1	3746	0	0.000	/banditomav.html
r	lRSc	1	1	0	0.000	/dev/client.cgi
r	lRSc	1	18702	0	0.000	/default.asp
r	lRSc	1	1666	0	0.000	/gt380 rpas.html
r	lRSc	1	1	0	0.000	/client/bandito+timeline2006.html
r	lRSc	1	16	0	0.000	/client/rq3+bandito.html
r	lRSc	1	1	0	0.000	/dev/uasfc.html
r	lRSc	1	229	0	0.000	/client.cgi
r	lRSc	1	71	0	0.000	/client/bandit+development.html
r	lRSc	1	2	0	0.000	/client/bandito development.html
r	lRSc	1	2	0	0.000	/stats/yearly.html
r	lRSc	1	2	0	0.000	/stats/domain.html
r	lRSc	1	1	0	0.000	/stats/monthly.html
r	lRSc	1	1	0	0.000	/stats/weekly.html
r	lRSc	1	8	0	0.000	/client/gta010707001.html
r	lRSc	1	3749	0	0.000	/bidspridpass.html
r	lRSc	1	6356	0	0.000	/pridpass.html
r	lRSc	1	12	0	0.000	/client/bandito.html
r	lRSc	1	3837	0	0.000	/gtatexan.html
r	lRSc	1	1	0	0.000	/dev/pna.html
r	lRSc	1	1	0	0.000	/client/tacamo development.html
r	lRSc	1	3	0	0.000	/stats/index.htm
r	lRSc	1	3	0	0.000	/stats/nav.html
r	lRSc	1	1	0	0.000	/stats/quarterly.html
r	lRSc	1	2	0	0.000	/stats/directory.html
r	lRSc	1	2	0	0.000	/stats/organisation.html
r	lRSc	1	8	0	0.000	/client/bandito+timeline2007.html
r	lRSc	1	7	0	0.000	/client/bandit+timeline2007.html
r	lRSc	1	1	0	0.000	/dev/pridpass.html
t	*f	0.100000%B	b
t	lRb	1	284935	39.897	.html [Hypertext Markup Language]
t	lRb	1	189975	27.884	.jpg  [JPEG graphics]
t	lRb	1	219855	22.240	[directories]
t	lRb	1	778	3.636	.wmv
t	lRb	1	87	3.570	.mpg  [MPEG movie]
t	lRb	1	18734	1.536	.asp  [Active Server REQUESTS]
t	lRb	1	57329	0.455	.gif  [GIF graphics]
t	lRb	1	95165	0.361	.js  [JavaScript code]
t	lRb	1	50032	0.320	.css  [Cascading Style Sheets]
t	lRb	1	13377	0.102	.ico
t	lRb	1	267	0.001	[not listed: 5]
z	*FR	2009	06	30	04	42
z	*LR	2021	03	26	23	53
z	ScR	343	0.000	68437	0
z	ScR	0	0.000	0	1b-  10b
z	ScR	0	0.000	0	11b- 100b
z	ScR	48	0.008	78225	101b-  1kb
z	ScR	520	2.814	431823	1kb- 10kb
z	ScR	568	32.737	300687	10kb-100kb
z	ScR	158	43.967	50715	100kb-  1Mb
z	ScR	6	20.474	604	1Mb- 10Mb
z	ScR	0	0.000	43	10Mb-100Mb
c	*FR	2014	03	02	13	52
c	*LR	2021	03	26	23	53
c	*f	0R	a
c	R	850643	200 OK
c	R	6166	206 Partial content
c	R	102	301 Document moved permanently
c	R	77	302 Document found elsewhere
c	R	73725	304 Not modified since last retrieval
c	R	570	400 Bad request
c	R	207	401 Authentication required
c	R	143	403 Access forbidden
c	R	391549	404 Document not found
c	R	736	405 Method not allowed
c	R	463	406 Document not acceptable to client
c	R	60	416 Requested range not valid
c	R	612	500 Internal server error
c	R	127	501 Request type not supported
I	*FR	2007	12	11	00	52
I	*LR	2021	03	26	21	22
I	*f	-30S	s
I	lRS	1	93144	98	/robots.txt
I	lRS	1	2487	12	/ads.txt
I	lRS	1	5730	10	/wp-login.php
I	lRS	1	369	4	/.env
I	lRS	1	621	3	/videos/bandito+004+flt+8+clip+092508.wmv
I	lRS	1	771	3	/">louis
I	lRS	1	3	3	/xmlrp.php
I	lRS	1	288	2	/wp1/wp-includes/wlwmanifest.xml
I	lRS	1	275	2	/shop/wp-includes/wlwmanifest.xml
I	lRS	1	195	2	/2019/wp-includes/wlwmanifest.xml
I	lRS	1	718	2	/sitemap.xml
I	lRS	1	445	2	/wp-includes/wlwmanifest.xml
I	lRS	1	292	2	/web/wp-includes/wlwmanifest.xml
I	lRS	1	1466	2	/xmlrpc.php
I	lRS	1	288	2	/sito/wp-includes/wlwmanifest.xml
I	lRS	1	427	2	/blog/wp-includes/wlwmanifest.xml
I	lRS	1	291	2	/website/wp-includes/wlwmanifest.xml
I	lRS	1	290	2	/news/wp-includes/wlwmanifest.xml
I	lRS	1	426	2	/wordpress/wp-includes/wlwmanifest.xml
I	lRS	1	2	2	/templates/default/js/loadimage.js
I	lRS	1	427	2	/wp/wp-includes/wlwmanifest.xml
I	lRS	1	2123	2	/index.php
I	lRS	1	158	2	/images/at-6+kit+contents+1+small.jpg
I	lRS	1	423	2	/cms/wp-includes/wlwmanifest.xml
I	lRS	1	291	2	/wp2/wp-includes/wlwmanifest.xml
I	lRS	1	289	2	/test/wp-includes/wlwmanifest.xml
I	lRS	1	427	2	/site/wp-includes/wlwmanifest.xml
I	lRS	1	826	1	/
I	lRS	1	1	1	/shop/shop-login
I	lRS	1	1	1	/privacy-policy/
I	lRS	1	280973	41	[not listed: 21062]
L	*FR	2007	12	11	00	52
L	*LR	2021	03	26	21	22
L	*f	-20S	s
L	RS	35	35	3.142.237.128
L	RS	6	6	34.209.175.128
L	RS	6	6	135.181.222.124
L	RS	6	6	35.233.12.98
L	RS	55	5	66.249.70.108
L	RS	5	5	176.9.4.107
L	RS	19	4	17.58.101.169
L	RS	29	4	114.119.142.73
L	RS	4	4	35.237.34.157
L	RS	26	3	114.119.140.71
L	RS	74	3	77.75.76.169
L	RS	3	3	13.66.139.92
L	RS	3	3	66.231.185.72
L	RS	18	3	40.77.167.96
L	RS	38	3	62.210.188.222
L	RS	59	3	66.249.64.241
L	RS	51	3	66.249.64.243
L	RS	2	2	66.249.65.238
L	RS	4	2	104.131.163.221
L	RS	2	2	17.58.99.150
L	RS	394022	112	[not listed: 72292]
K	*FR	2013	12	22	04	20
K	*LR	2021	03	26	06	59
K	*f	-30S	s
K	lRS	1	2	2	http://www.gtaeronautics.com/templates/default/js/loadimage.js
K	lRS	1	31	1	http://www.gtaeronautics.com/include/calendar/calendar-cn.js
K	lRS	1	794	1	http://gtaeronautics.com/
K	lRS	1	1	1	http://www.gtaeronautics.com/GT1500 RPAS.html
K	lRS	1	49580	0	[not listed: 4816]
E	*FR	2008	01	06	10	12
E	*LR	2018	02	26	21	55
E	*f	-30S	s
E	lSR	1	0	179	[not listed: 6]
l	*FR	2008	01	06	10	12
l	*LR	2018	02	26	21	55
l	*f	-20S	s
l	SR	0	179	[not listed: 98]
v	*f	-20B	b
v	Rb	657415	58.821	66.113.131.59
v	Rb	273119	41.179	64.41.87.40
R	*FR	2008	01	06	10	12
R	*LR	2018	02	26	21	55
R	*f	-20R	r
R	R	178	66.113.131.59
R	R	1	64.41.87.40
M	*FR	2007	12	11	00	52
M	*LR	2021	03	26	21	22
M	*f	-20R	r
M	R	302606	66.113.131.59
M	R	91861	64.41.87.40
J	*FR	2007	12	11	00	53
J	*LR	2017	03	17	18	30
J	*f	-20R	r
J	R	9	gtaeronautics
J	R	5	lorrigkj
J	R	1	rullma2063
J	R	1	administrator
J	R	1	satish
J	R	1	nnnnn
P	*FR	2021	01	03	12	39
P	*LR	2021	03	26	23	53
P	R	20	0
P	R	0	<= 0.01
P	R	459	0.01-0.02
P	R	22313	0.02-0.05
P	R	51695	0.05-0.1 
P	R	65600	0.1 -0.2 
P	R	65371	0.2 -0.5 
P	R	33857	0.5 -1   
P	R	17792	1-  2 
P	R	7698	2-  5 
P	R	4415	5- 10 
P	R	1611	10- 20 
P	R	1852	20- 60 
P	R	337	60-120 
P	R	83	120-300 
