x	VE	analog 5.24
x	HN	gtaeronautics.com
x	PS	2021	07	18	06	14
x	FR	2007	12	18	17	05
x	LR	2021	07	16	23	58
x	E7	2021	07	18	06	14
x	SR	968973
x	S7	2694
x	NC	386049
x	C7	0
x	FL	402266
x	F7	474
x	RR	181
x	R7	0
x	NH	85608
x	H7	409
x	BT	36230790672
x	B7	182200161
1	Rr	57226	5.906	2021
1	Rr	89380	9.224	2020
1	Rr	80088	8.265	2019
1	Rr	68927	7.113	2018
1	Rr	60168	6.209	2017
1	Rr	73316	7.566	2016
1	Rr	80796	8.338	2015
1	Rr	110773	11.432	2014
1	Rr	65173	6.726	2013
1	Rr	60742	6.269	2012
1	Rr	57015	5.884	2011
1	Rr	22139	2.285	2010
1	Rr	69710	7.194	2009
1	Rr	71820	7.412	2008
1	Rr	1700	0.175	2007
1	*BT	R	110773	2014
Q	Rr	6289	0.649	2021	3
Q	Rr	30675	3.166	2021	2
Q	Rr	20262	2.091	2021	1
Q	Rr	22199	2.291	2020	4
Q	Rr	23882	2.465	2020	3
Q	Rr	21656	2.235	2020	2
Q	Rr	21643	2.234	2020	1
Q	Rr	19098	1.971	2019	4
Q	Rr	19668	2.030	2019	3
Q	Rr	19827	2.046	2019	2
Q	Rr	21495	2.218	2019	1
Q	Rr	18129	1.871	2018	4
Q	Rr	17138	1.769	2018	3
Q	Rr	16928	1.747	2018	2
Q	Rr	16732	1.727	2018	1
Q	Rr	15937	1.645	2017	4
Q	Rr	0	0.000	2017	3
Q	Rr	16831	1.737	2017	2
Q	Rr	27400	2.828	2017	1
Q	Rr	22114	2.282	2016	4
Q	Rr	17621	1.819	2016	3
Q	Rr	15878	1.639	2016	2
Q	Rr	17703	1.827	2016	1
Q	Rr	16575	1.711	2015	4
Q	Rr	22104	2.281	2015	3
Q	Rr	22485	2.320	2015	2
Q	Rr	19632	2.026	2015	1
Q	Rr	21142	2.182	2014	4
Q	Rr	22272	2.299	2014	3
Q	Rr	31453	3.246	2014	2
Q	Rr	35906	3.706	2014	1
Q	Rr	16436	1.696	2013	4
Q	Rr	15216	1.570	2013	3
Q	Rr	16545	1.707	2013	2
Q	Rr	16976	1.752	2013	1
Q	Rr	16578	1.711	2012	4
Q	Rr	12511	1.291	2012	3
Q	Rr	15816	1.632	2012	2
Q	Rr	15837	1.634	2012	1
Q	Rr	15444	1.594	2011	4
Q	Rr	17386	1.794	2011	3
Q	Rr	9395	0.970	2011	2
Q	Rr	14790	1.526	2011	1
Q	Rr	1603	0.165	2010	4
Q	Rr	0	0.000	2010	3
Q	Rr	14047	1.450	2010	2
Q	Rr	6489	0.670	2010	1
Q	Rr	16350	1.687	2009	4
Q	Rr	18220	1.880	2009	3
Q	Rr	17115	1.766	2009	2
Q	Rr	18025	1.860	2009	1
Q	Rr	15905	1.641	2008	4
Q	Rr	15660	1.616	2008	3
Q	Rr	22448	2.317	2008	2
Q	Rr	17807	1.838	2008	1
Q	Rr	1700	0.175	2007	4
Q	*BT	R	35906	2014	1
m	Rr	6289	0.649	2021	07
m	Rr	10152	1.048	2021	06
m	Rr	10231	1.056	2021	05
m	Rr	10292	1.062	2021	04
m	Rr	7948	0.820	2021	03
m	Rr	5800	0.599	2021	02
m	Rr	6514	0.672	2021	01
m	Rr	8069	0.833	2020	12
m	Rr	6579	0.679	2020	11
m	Rr	7551	0.779	2020	10
m	Rr	8028	0.829	2020	09
m	Rr	7741	0.799	2020	08
m	Rr	8113	0.837	2020	07
m	Rr	7317	0.755	2020	06
m	Rr	6898	0.712	2020	05
m	Rr	7441	0.768	2020	04
m	Rr	7524	0.776	2020	03
m	Rr	7322	0.756	2020	02
m	Rr	6797	0.701	2020	01
m	Rr	6573	0.678	2019	12
m	Rr	5917	0.611	2019	11
m	Rr	6608	0.682	2019	10
m	Rr	6791	0.701	2019	09
m	Rr	6597	0.681	2019	08
m	Rr	6280	0.648	2019	07
m	Rr	6317	0.652	2019	06
m	Rr	6847	0.707	2019	05
m	Rr	6663	0.688	2019	04
m	Rr	7059	0.729	2019	03
m	Rr	6374	0.658	2019	02
m	Rr	8062	0.832	2019	01
m	Rr	6957	0.718	2018	12
m	Rr	5422	0.560	2018	11
m	Rr	5750	0.593	2018	10
m	Rr	5458	0.563	2018	09
m	Rr	5735	0.592	2018	08
m	Rr	5945	0.614	2018	07
m	Rr	7110	0.734	2018	06
m	Rr	6440	0.665	2018	05
m	Rr	3378	0.349	2018	04
m	Rr	5789	0.597	2018	03
m	Rr	5369	0.554	2018	02
m	Rr	5574	0.575	2018	01
m	Rr	3906	0.403	2017	12
m	Rr	6533	0.674	2017	11
m	Rr	5498	0.567	2017	10
m	Rr	0	0.000	2017	09
m	Rr	0	0.000	2017	08
m	Rr	0	0.000	2017	07
m	Rr	0	0.000	2017	06
m	Rr	6832	0.705	2017	05
m	Rr	9999	1.032	2017	04
m	Rr	11887	1.227	2017	03
m	Rr	7941	0.820	2017	02
m	Rr	7572	0.781	2017	01
m	Rr	9483	0.979	2016	12
m	Rr	7121	0.735	2016	11
m	Rr	5510	0.569	2016	10
m	Rr	6288	0.649	2016	09
m	Rr	5888	0.608	2016	08
m	Rr	5445	0.562	2016	07
m	Rr	5042	0.520	2016	06
m	Rr	5495	0.567	2016	05
m	Rr	5341	0.551	2016	04
m	Rr	5558	0.574	2016	03
m	Rr	5548	0.573	2016	02
m	Rr	6597	0.681	2016	01
m	Rr	5574	0.575	2015	12
m	Rr	5330	0.550	2015	11
m	Rr	5671	0.585	2015	10
m	Rr	6196	0.639	2015	09
m	Rr	6788	0.701	2015	08
m	Rr	9120	0.941	2015	07
m	Rr	7156	0.739	2015	06
m	Rr	5694	0.588	2015	05
m	Rr	9635	0.994	2015	04
m	Rr	6215	0.641	2015	03
m	Rr	6084	0.628	2015	02
m	Rr	7333	0.757	2015	01
m	Rr	6608	0.682	2014	12
m	Rr	6997	0.722	2014	11
m	Rr	7537	0.778	2014	10
m	Rr	7043	0.727	2014	09
m	Rr	7324	0.756	2014	08
m	Rr	7905	0.816	2014	07
m	Rr	11654	1.203	2014	06
m	Rr	9211	0.951	2014	05
m	Rr	10588	1.093	2014	04
m	Rr	7817	0.807	2014	03
m	Rr	15229	1.572	2014	02
m	Rr	12860	1.327	2014	01
m	Rr	5325	0.550	2013	12
m	Rr	5513	0.569	2013	11
m	Rr	5598	0.578	2013	10
m	Rr	4655	0.480	2013	09
m	Rr	4938	0.510	2013	08
m	Rr	5623	0.580	2013	07
m	Rr	5492	0.567	2013	06
m	Rr	5211	0.538	2013	05
m	Rr	5842	0.603	2013	04
m	Rr	6068	0.626	2013	03
m	Rr	5055	0.522	2013	02
m	Rr	5853	0.604	2013	01
m	Rr	5688	0.587	2012	12
m	Rr	5477	0.565	2012	11
m	Rr	5413	0.559	2012	10
m	Rr	4331	0.447	2012	09
m	Rr	3866	0.399	2012	08
m	Rr	4314	0.445	2012	07
m	Rr	4655	0.480	2012	06
m	Rr	6047	0.624	2012	05
m	Rr	5114	0.528	2012	04
m	Rr	6128	0.632	2012	03
m	Rr	5430	0.560	2012	02
m	Rr	4279	0.442	2012	01
m	Rr	5548	0.573	2011	12
m	Rr	4779	0.493	2011	11
m	Rr	5117	0.528	2011	10
m	Rr	5431	0.560	2011	09
m	Rr	6256	0.646	2011	08
m	Rr	5699	0.588	2011	07
m	Rr	5420	0.559	2011	06
m	Rr	3975	0.410	2011	05
m	Rr	0	0.000	2011	04
m	Rr	3608	0.372	2011	03
m	Rr	5171	0.534	2011	02
m	Rr	6011	0.620	2011	01
m	Rr	1603	0.165	2010	12
m	Rr	0	0.000	2010	11
m	Rr	0	0.000	2010	10
m	Rr	0	0.000	2010	09
m	Rr	0	0.000	2010	08
m	Rr	0	0.000	2010	07
m	Rr	4101	0.423	2010	06
m	Rr	5018	0.518	2010	05
m	Rr	4928	0.509	2010	04
m	Rr	5095	0.526	2010	03
m	Rr	1394	0.144	2010	02
m	Rr	0	0.000	2010	01
m	Rr	4665	0.481	2009	12
m	Rr	6187	0.639	2009	11
m	Rr	5498	0.567	2009	10
m	Rr	5066	0.523	2009	09
m	Rr	5718	0.590	2009	08
m	Rr	7436	0.767	2009	07
m	Rr	5685	0.587	2009	06
m	Rr	6120	0.632	2009	05
m	Rr	5310	0.548	2009	04
m	Rr	5515	0.569	2009	03
m	Rr	6123	0.632	2009	02
m	Rr	6387	0.659	2009	01
m	Rr	5763	0.595	2008	12
m	Rr	5420	0.559	2008	11
m	Rr	4722	0.487	2008	10
m	Rr	5435	0.561	2008	09
m	Rr	4843	0.500	2008	08
m	Rr	5382	0.555	2008	07
m	Rr	6082	0.628	2008	06
m	Rr	9946	1.026	2008	05
m	Rr	6420	0.663	2008	04
m	Rr	5431	0.560	2008	03
m	Rr	6469	0.668	2008	02
m	Rr	5907	0.610	2008	01
m	Rr	1700	0.175	2007	12
m	*BT	R	15229	2014	02
W	Rr	2777	0.287	2021	07	11
W	Rr	2756	0.284	2021	07	04
W	Rr	2524	0.260	2021	06	27
W	Rr	2466	0.254	2021	06	20
W	Rr	2262	0.233	2021	06	13
W	Rr	2264	0.234	2021	06	06
W	Rr	2101	0.217	2021	05	30
W	Rr	3009	0.311	2021	05	23
W	Rr	1989	0.205	2021	05	16
W	Rr	2386	0.246	2021	05	09
W	Rr	2138	0.221	2021	05	02
W	Rr	1668	0.172	2021	04	25
W	Rr	2413	0.249	2021	04	18
W	Rr	3035	0.313	2021	04	11
W	Rr	2709	0.280	2021	04	04
W	Rr	1942	0.200	2021	03	28
W	Rr	1666	0.172	2021	03	21
W	Rr	1476	0.152	2021	03	14
W	Rr	1713	0.177	2021	03	07
W	Rr	1777	0.183	2021	02	28
W	Rr	1173	0.121	2021	02	21
W	Rr	1101	0.114	2021	02	14
W	Rr	1699	0.175	2021	02	07
W	Rr	1867	0.193	2021	01	31
W	Rr	1404	0.145	2021	01	24
W	Rr	1564	0.161	2021	01	17
W	Rr	1431	0.148	2021	01	10
W	Rr	1666	0.172	2021	01	03
W	Rr	1926	0.199	2020	12	27
W	Rr	1572	0.162	2020	12	20
W	Rr	1404	0.145	2020	12	13
W	Rr	2272	0.234	2020	12	06
W	Rr	1522	0.157	2020	11	29
W	Rr	1722	0.178	2020	11	22
W	Rr	1580	0.163	2020	11	15
W	Rr	1401	0.145	2020	11	08
W	Rr	1499	0.155	2020	11	01
W	Rr	1470	0.152	2020	10	25
W	Rr	2379	0.246	2020	10	18
W	Rr	1559	0.161	2020	10	11
W	Rr	1729	0.178	2020	10	04
W	Rr	1674	0.173	2020	09	27
W	Rr	1786	0.184	2020	09	20
W	Rr	2200	0.227	2020	09	13
W	Rr	1677	0.173	2020	09	06
W	Rr	1596	0.165	2020	08	30
W	Rr	1833	0.189	2020	08	23
W	Rr	1814	0.187	2020	08	16
W	Rr	2206	0.228	2020	08	09
W	Rr	1397	0.144	2020	08	02
W	Rr	1816	0.187	2020	07	26
W	Rr	1949	0.201	2020	07	19
W	Rr	1532	0.158	2020	07	12
W	Rr	1976	0.204	2020	07	05
W	Rr	1600	0.165	2020	06	28
W	Rr	1627	0.168	2020	06	21
W	Rr	2101	0.217	2020	06	14
W	Rr	1590	0.164	2020	06	07
W	Rr	1492	0.154	2020	05	31
W	Rr	1556	0.161	2020	05	24
W	Rr	1756	0.181	2020	05	17
W	Rr	1568	0.162	2020	05	10
W	Rr	1567	0.162	2020	05	03
W	Rr	1734	0.179	2020	04	26
W	Rr	1675	0.173	2020	04	19
W	Rr	1702	0.176	2020	04	12
W	Rr	1965	0.203	2020	04	05
W	Rr	1329	0.137	2020	03	29
W	Rr	1818	0.188	2020	03	22
W	Rr	1345	0.139	2020	03	15
W	Rr	1581	0.163	2020	03	08
W	Rr	2014	0.208	2020	03	01
W	Rr	1942	0.200	2020	02	23
W	Rr	1748	0.180	2020	02	16
W	Rr	1949	0.201	2020	02	09
W	Rr	1683	0.174	2020	02	02
W	Rr	1436	0.148	2020	01	26
W	Rr	1792	0.185	2020	01	19
W	Rr	1519	0.157	2020	01	12
W	Rr	1420	0.147	2020	01	05
W	Rr	1109	0.114	2019	12	29
W	Rr	1023	0.106	2019	12	22
W	Rr	1584	0.163	2019	12	15
W	Rr	1783	0.184	2019	12	08
W	Rr	1704	0.176	2019	12	01
W	Rr	1178	0.122	2019	11	24
W	Rr	1697	0.175	2019	11	17
W	Rr	1510	0.156	2019	11	10
W	Rr	1383	0.143	2019	11	03
W	Rr	1309	0.135	2019	10	27
W	Rr	1473	0.152	2019	10	20
W	Rr	1519	0.157	2019	10	13
W	Rr	1485	0.153	2019	10	06
W	Rr	1416	0.146	2019	09	29
W	Rr	1499	0.155	2019	09	22
W	Rr	1652	0.170	2019	09	15
W	Rr	1710	0.176	2019	09	08
W	Rr	1485	0.153	2019	09	01
W	Rr	1689	0.174	2019	08	25
W	Rr	1315	0.136	2019	08	18
W	Rr	1619	0.167	2019	08	11
W	Rr	1558	0.161	2019	08	04
W	Rr	1360	0.140	2019	07	28
W	Rr	1191	0.123	2019	07	21
W	Rr	1730	0.179	2019	07	14
W	Rr	1299	0.134	2019	07	07
W	Rr	1339	0.138	2019	06	30
W	Rr	1592	0.164	2019	06	23
W	Rr	1497	0.154	2019	06	16
W	Rr	1450	0.150	2019	06	09
W	Rr	1555	0.160	2019	06	02
W	Rr	1289	0.133	2019	05	26
W	Rr	1863	0.192	2019	05	19
W	Rr	1385	0.143	2019	05	12
W	Rr	1553	0.160	2019	05	05
W	Rr	1655	0.171	2019	04	28
W	Rr	1282	0.132	2019	04	21
W	Rr	1503	0.155	2019	04	14
W	Rr	1623	0.167	2019	04	07
W	Rr	1715	0.177	2019	03	31
W	Rr	1882	0.194	2019	03	24
W	Rr	1464	0.151	2019	03	17
W	Rr	1381	0.143	2019	03	10
W	Rr	1627	0.168	2019	03	03
W	Rr	1773	0.183	2019	02	24
W	Rr	1669	0.172	2019	02	17
W	Rr	1483	0.153	2019	02	10
W	Rr	1391	0.144	2019	02	03
W	Rr	1797	0.185	2019	01	27
W	Rr	1963	0.203	2019	01	20
W	Rr	2029	0.209	2019	01	13
W	Rr	1696	0.175	2019	01	06
W	Rr	1526	0.157	2018	12	30
W	Rr	1226	0.127	2018	12	23
W	Rr	1442	0.149	2018	12	16
W	Rr	1936	0.200	2018	12	09
W	Rr	1809	0.187	2018	12	02
W	Rr	1295	0.134	2018	11	25
W	Rr	1820	0.188	2018	11	18
W	Rr	1802	0.186	2018	11	11
W	Rr	0	0.000	2018	11	04
W	Rr	1473	0.152	2018	10	28
W	Rr	1106	0.114	2018	10	21
W	Rr	1427	0.147	2018	10	14
W	Rr	1214	0.125	2018	10	07
W	Rr	1168	0.121	2018	09	30
W	Rr	1420	0.147	2018	09	23
W	Rr	1197	0.124	2018	09	16
W	Rr	1388	0.143	2018	09	09
W	Rr	1320	0.136	2018	09	02
W	Rr	1246	0.129	2018	08	26
W	Rr	1214	0.125	2018	08	19
W	Rr	1366	0.141	2018	08	12
W	Rr	1195	0.123	2018	08	05
W	Rr	1346	0.139	2018	07	29
W	Rr	1374	0.142	2018	07	22
W	Rr	1508	0.156	2018	07	15
W	Rr	1522	0.157	2018	07	08
W	Rr	909	0.094	2018	07	01
W	Rr	1444	0.149	2018	06	24
W	Rr	2682	0.277	2018	06	17
W	Rr	1365	0.141	2018	06	10
W	Rr	1329	0.137	2018	06	03
W	Rr	1275	0.132	2018	05	27
W	Rr	1392	0.144	2018	05	20
W	Rr	1321	0.136	2018	05	13
W	Rr	1527	0.158	2018	05	06
W	Rr	1517	0.157	2018	04	29
W	Rr	0	0.000	2018	04	22
W	Rr	1364	0.141	2018	04	15
W	Rr	1712	0.177	2018	04	08
W	Rr	0	0.000	2018	04	01
W	Rr	1543	0.159	2018	03	25
W	Rr	1342	0.138	2018	03	18
W	Rr	2429	0.251	2018	03	11
W	Rr	0	0.000	2018	03	04
W	Rr	1366	0.141	2018	02	25
W	Rr	1308	0.135	2018	02	18
W	Rr	1439	0.149	2018	02	11
W	Rr	1731	0.179	2018	02	04
W	Rr	0	0.000	2018	01	28
W	Rr	1434	0.148	2018	01	21
W	Rr	1578	0.163	2018	01	14
W	Rr	1471	0.152	2018	01	07
W	Rr	1246	0.129	2017	12	31
W	Rr	1033	0.107	2017	12	24
W	Rr	1103	0.114	2017	12	17
W	Rr	1406	0.145	2017	12	10
W	Rr	0	0.000	2017	12	03
W	Rr	1335	0.138	2017	11	26
W	Rr	1427	0.147	2017	11	19
W	Rr	1662	0.172	2017	11	12
W	Rr	1414	0.146	2017	11	05
W	Rr	1349	0.139	2017	10	29
W	Rr	1208	0.125	2017	10	22
W	Rr	2013	0.208	2017	10	15
W	Rr	1832	0.189	2017	10	08
W	Rr	0	0.000	2017	10	01
W	Rr	0	0.000	2017	09	24
W	Rr	0	0.000	2017	09	17
W	Rr	0	0.000	2017	09	10
W	Rr	0	0.000	2017	09	03
W	Rr	0	0.000	2017	08	27
W	Rr	0	0.000	2017	08	20
W	Rr	0	0.000	2017	08	13
W	Rr	0	0.000	2017	08	06
W	Rr	0	0.000	2017	07	30
W	Rr	0	0.000	2017	07	23
W	Rr	0	0.000	2017	07	16
W	Rr	0	0.000	2017	07	09
W	Rr	0	0.000	2017	07	02
W	Rr	0	0.000	2017	06	25
W	Rr	0	0.000	2017	06	18
W	Rr	0	0.000	2017	06	11
W	Rr	0	0.000	2017	06	04
W	Rr	25	0.003	2017	05	28
W	Rr	1838	0.190	2017	05	21
W	Rr	1915	0.198	2017	05	14
W	Rr	1676	0.173	2017	05	07
W	Rr	1677	0.173	2017	04	30
W	Rr	2071	0.214	2017	04	23
W	Rr	1978	0.204	2017	04	16
W	Rr	1874	0.193	2017	04	09
W	Rr	3435	0.354	2017	04	02
W	Rr	2619	0.270	2017	03	26
W	Rr	2633	0.272	2017	03	19
W	Rr	2413	0.249	2017	03	12
W	Rr	3092	0.319	2017	03	05
W	Rr	2295	0.237	2017	02	26
W	Rr	2204	0.227	2017	02	19
W	Rr	1869	0.193	2017	02	12
W	Rr	1973	0.204	2017	02	05
W	Rr	1783	0.184	2017	01	29
W	Rr	1768	0.182	2017	01	22
W	Rr	1585	0.164	2017	01	15
W	Rr	1768	0.182	2017	01	08
W	Rr	1740	0.180	2017	01	01
W	Rr	1549	0.160	2016	12	25
W	Rr	2202	0.227	2016	12	18
W	Rr	1812	0.187	2016	12	11
W	Rr	2648	0.273	2016	12	04
W	Rr	2236	0.231	2016	11	27
W	Rr	1321	0.136	2016	11	20
W	Rr	1996	0.206	2016	11	13
W	Rr	1716	0.177	2016	11	06
W	Rr	1564	0.161	2016	10	30
W	Rr	1362	0.141	2016	10	23
W	Rr	1707	0.176	2016	10	16
W	Rr	1696	0.175	2016	10	09
W	Rr	36	0.004	2016	10	02
W	Rr	2002	0.207	2016	09	25
W	Rr	1399	0.144	2016	09	18
W	Rr	1199	0.124	2016	09	11
W	Rr	1326	0.137	2016	09	04
W	Rr	1316	0.136	2016	08	28
W	Rr	1257	0.130	2016	08	21
W	Rr	1208	0.125	2016	08	14
W	Rr	1602	0.165	2016	08	07
W	Rr	1319	0.136	2016	07	31
W	Rr	1796	0.185	2016	07	24
W	Rr	1171	0.121	2016	07	17
W	Rr	1167	0.120	2016	07	10
W	Rr	917	0.095	2016	07	03
W	Rr	920	0.095	2016	06	26
W	Rr	1179	0.122	2016	06	19
W	Rr	1288	0.133	2016	06	12
W	Rr	1237	0.128	2016	06	05
W	Rr	1263	0.130	2016	05	29
W	Rr	1338	0.138	2016	05	22
W	Rr	1184	0.122	2016	05	15
W	Rr	1365	0.141	2016	05	08
W	Rr	974	0.101	2016	05	01
W	Rr	1311	0.135	2016	04	24
W	Rr	1127	0.116	2016	04	17
W	Rr	1248	0.129	2016	04	10
W	Rr	1451	0.150	2016	04	03
W	Rr	987	0.102	2016	03	27
W	Rr	1233	0.127	2016	03	20
W	Rr	1347	0.139	2016	03	13
W	Rr	1347	0.139	2016	03	06
W	Rr	1236	0.128	2016	02	28
W	Rr	1422	0.147	2016	02	21
W	Rr	1085	0.112	2016	02	14
W	Rr	1427	0.147	2016	02	07
W	Rr	1359	0.140	2016	01	31
W	Rr	1708	0.176	2016	01	24
W	Rr	1476	0.152	2016	01	17
W	Rr	1563	0.161	2016	01	10
W	Rr	1381	0.143	2016	01	03
W	Rr	1273	0.131	2015	12	27
W	Rr	1084	0.112	2015	12	20
W	Rr	1344	0.139	2015	12	13
W	Rr	1336	0.138	2015	12	06
W	Rr	1123	0.116	2015	11	29
W	Rr	960	0.099	2015	11	22
W	Rr	1337	0.138	2015	11	15
W	Rr	1400	0.144	2015	11	08
W	Rr	1383	0.143	2015	11	01
W	Rr	1250	0.129	2015	10	25
W	Rr	1366	0.141	2015	10	18
W	Rr	1367	0.141	2015	10	11
W	Rr	1214	0.125	2015	10	04
W	Rr	1152	0.119	2015	09	27
W	Rr	1387	0.143	2015	09	20
W	Rr	1655	0.171	2015	09	13
W	Rr	1526	0.157	2015	09	06
W	Rr	1242	0.128	2015	08	30
W	Rr	1800	0.186	2015	08	23
W	Rr	1527	0.158	2015	08	16
W	Rr	1386	0.143	2015	08	09
W	Rr	1593	0.164	2015	08	02
W	Rr	1567	0.162	2015	07	26
W	Rr	1980	0.204	2015	07	19
W	Rr	2180	0.225	2015	07	12
W	Rr	2008	0.207	2015	07	05
W	Rr	2297	0.237	2015	06	28
W	Rr	1556	0.161	2015	06	21
W	Rr	1380	0.142	2015	06	14
W	Rr	2013	0.208	2015	06	07
W	Rr	1651	0.170	2015	05	31
W	Rr	1224	0.126	2015	05	24
W	Rr	1355	0.140	2015	05	17
W	Rr	1179	0.122	2015	05	10
W	Rr	1436	0.148	2015	05	03
W	Rr	1671	0.172	2015	04	26
W	Rr	1878	0.194	2015	04	19
W	Rr	2326	0.240	2015	04	12
W	Rr	2636	0.272	2015	04	05
W	Rr	2297	0.237	2015	03	29
W	Rr	1237	0.128	2015	03	22
W	Rr	1453	0.150	2015	03	15
W	Rr	1399	0.144	2015	03	08
W	Rr	1287	0.133	2015	03	01
W	Rr	1249	0.129	2015	02	22
W	Rr	1373	0.142	2015	02	15
W	Rr	1790	0.185	2015	02	08
W	Rr	1672	0.173	2015	02	01
W	Rr	1543	0.159	2015	01	25
W	Rr	1463	0.151	2015	01	18
W	Rr	1696	0.175	2015	01	11
W	Rr	1707	0.176	2015	01	04
W	Rr	1833	0.189	2014	12	28
W	Rr	1335	0.138	2014	12	21
W	Rr	1644	0.170	2014	12	14
W	Rr	1541	0.159	2014	12	07
W	Rr	1335	0.138	2014	11	30
W	Rr	1262	0.130	2014	11	23
W	Rr	2009	0.207	2014	11	16
W	Rr	1566	0.162	2014	11	09
W	Rr	1814	0.187	2014	11	02
W	Rr	1452	0.150	2014	10	26
W	Rr	1642	0.169	2014	10	19
W	Rr	1795	0.185	2014	10	12
W	Rr	1836	0.189	2014	10	05
W	Rr	1662	0.172	2014	09	28
W	Rr	1843	0.190	2014	09	21
W	Rr	1678	0.173	2014	09	14
W	Rr	1598	0.165	2014	09	07
W	Rr	1418	0.146	2014	08	31
W	Rr	1584	0.163	2014	08	24
W	Rr	1571	0.162	2014	08	17
W	Rr	1727	0.178	2014	08	10
W	Rr	1927	0.199	2014	08	03
W	Rr	1691	0.175	2014	07	27
W	Rr	1702	0.176	2014	07	20
W	Rr	1624	0.168	2014	07	13
W	Rr	1831	0.189	2014	07	06
W	Rr	1867	0.193	2014	06	29
W	Rr	1927	0.199	2014	06	22
W	Rr	2134	0.220	2014	06	15
W	Rr	4851	0.501	2014	06	08
W	Rr	2293	0.237	2014	06	01
W	Rr	3180	0.328	2014	05	25
W	Rr	1468	0.152	2014	05	18
W	Rr	1808	0.187	2014	05	11
W	Rr	1998	0.206	2014	05	04
W	Rr	1876	0.194	2014	04	27
W	Rr	2330	0.240	2014	04	20
W	Rr	2565	0.265	2014	04	13
W	Rr	2652	0.274	2014	04	06
W	Rr	2574	0.266	2014	03	30
W	Rr	1186	0.122	2014	03	23
W	Rr	1305	0.135	2014	03	16
W	Rr	2273	0.235	2014	03	09
W	Rr	2231	0.230	2014	03	02
W	Rr	1925	0.199	2014	02	23
W	Rr	7060	0.729	2014	02	16
W	Rr	2854	0.295	2014	02	09
W	Rr	3190	0.329	2014	02	02
W	Rr	3743	0.386	2014	01	26
W	Rr	3643	0.376	2014	01	19
W	Rr	2961	0.306	2014	01	12
W	Rr	2319	0.239	2014	01	05
W	Rr	981	0.101	2013	12	29
W	Rr	1108	0.114	2013	12	22
W	Rr	1226	0.127	2013	12	15
W	Rr	1285	0.133	2013	12	08
W	Rr	1289	0.133	2013	12	01
W	Rr	1404	0.145	2013	11	24
W	Rr	1142	0.118	2013	11	17
W	Rr	1334	0.138	2013	11	10
W	Rr	1277	0.132	2013	11	03
W	Rr	1035	0.107	2013	10	27
W	Rr	1309	0.135	2013	10	20
W	Rr	1302	0.134	2013	10	13
W	Rr	1432	0.148	2013	10	06
W	Rr	1178	0.122	2013	09	29
W	Rr	947	0.098	2013	09	22
W	Rr	1254	0.129	2013	09	15
W	Rr	1099	0.113	2013	09	08
W	Rr	1053	0.109	2013	09	01
W	Rr	1010	0.104	2013	08	25
W	Rr	1102	0.114	2013	08	18
W	Rr	1063	0.110	2013	08	11
W	Rr	1105	0.114	2013	08	04
W	Rr	1377	0.142	2013	07	28
W	Rr	1498	0.155	2013	07	21
W	Rr	1295	0.134	2013	07	14
W	Rr	1237	0.128	2013	07	07
W	Rr	1003	0.104	2013	06	30
W	Rr	1275	0.132	2013	06	23
W	Rr	1072	0.111	2013	06	16
W	Rr	1249	0.129	2013	06	09
W	Rr	1521	0.157	2013	06	02
W	Rr	1256	0.130	2013	05	26
W	Rr	1091	0.113	2013	05	19
W	Rr	1359	0.140	2013	05	12
W	Rr	1130	0.117	2013	05	05
W	Rr	1215	0.125	2013	04	28
W	Rr	1368	0.141	2013	04	21
W	Rr	1318	0.136	2013	04	14
W	Rr	1408	0.145	2013	04	07
W	Rr	1277	0.132	2013	03	31
W	Rr	1452	0.150	2013	03	24
W	Rr	1418	0.146	2013	03	17
W	Rr	1217	0.126	2013	03	10
W	Rr	1490	0.154	2013	03	03
W	Rr	1353	0.140	2013	02	24
W	Rr	1268	0.131	2013	02	17
W	Rr	1274	0.131	2013	02	10
W	Rr	1153	0.119	2013	02	03
W	Rr	1266	0.131	2013	01	27
W	Rr	1271	0.131	2013	01	20
W	Rr	1449	0.150	2013	01	13
W	Rr	1253	0.129	2013	01	06
W	Rr	1309	0.135	2012	12	30
W	Rr	1156	0.119	2012	12	23
W	Rr	1336	0.138	2012	12	16
W	Rr	1575	0.163	2012	12	09
W	Rr	1087	0.112	2012	12	02
W	Rr	1376	0.142	2012	11	25
W	Rr	1136	0.117	2012	11	18
W	Rr	1341	0.138	2012	11	11
W	Rr	1418	0.146	2012	11	04
W	Rr	1103	0.114	2012	10	28
W	Rr	1200	0.124	2012	10	21
W	Rr	1382	0.143	2012	10	14
W	Rr	1127	0.116	2012	10	07
W	Rr	1187	0.123	2012	09	30
W	Rr	1172	0.121	2012	09	23
W	Rr	1034	0.107	2012	09	16
W	Rr	944	0.097	2012	09	09
W	Rr	958	0.099	2012	09	02
W	Rr	734	0.076	2012	08	26
W	Rr	881	0.091	2012	08	19
W	Rr	874	0.090	2012	08	12
W	Rr	973	0.100	2012	08	05
W	Rr	1010	0.104	2012	07	29
W	Rr	943	0.097	2012	07	22
W	Rr	1089	0.112	2012	07	15
W	Rr	888	0.092	2012	07	08
W	Rr	845	0.087	2012	07	01
W	Rr	1070	0.110	2012	06	24
W	Rr	1050	0.108	2012	06	17
W	Rr	1271	0.131	2012	06	10
W	Rr	957	0.099	2012	06	03
W	Rr	1249	0.129	2012	05	27
W	Rr	1055	0.109	2012	05	20
W	Rr	1392	0.144	2012	05	13
W	Rr	1140	0.118	2012	05	06
W	Rr	1807	0.186	2012	04	29
W	Rr	1225	0.126	2012	04	22
W	Rr	1264	0.130	2012	04	15
W	Rr	1075	0.111	2012	04	08
W	Rr	1261	0.130	2012	04	01
W	Rr	1345	0.139	2012	03	25
W	Rr	1254	0.129	2012	03	18
W	Rr	1478	0.153	2012	03	11
W	Rr	1503	0.155	2012	03	04
W	Rr	1532	0.158	2012	02	26
W	Rr	1464	0.151	2012	02	19
W	Rr	1154	0.119	2012	02	12
W	Rr	1240	0.128	2012	02	05
W	Rr	1088	0.112	2012	01	29
W	Rr	1125	0.116	2012	01	22
W	Rr	60	0.006	2012	01	15
W	Rr	1472	0.152	2012	01	08
W	Rr	1122	0.116	2012	01	01
W	Rr	888	0.092	2011	12	25
W	Rr	1360	0.140	2011	12	18
W	Rr	1486	0.153	2011	12	11
W	Rr	1330	0.137	2011	12	04
W	Rr	1094	0.113	2011	11	27
W	Rr	1062	0.110	2011	11	20
W	Rr	1123	0.116	2011	11	13
W	Rr	975	0.101	2011	11	06
W	Rr	1264	0.130	2011	10	30
W	Rr	1140	0.118	2011	10	23
W	Rr	1211	0.125	2011	10	16
W	Rr	1236	0.128	2011	10	09
W	Rr	1128	0.116	2011	10	02
W	Rr	1083	0.112	2011	09	25
W	Rr	1451	0.150	2011	09	18
W	Rr	1278	0.132	2011	09	11
W	Rr	1219	0.126	2011	09	04
W	Rr	1316	0.136	2011	08	28
W	Rr	1119	0.115	2011	08	21
W	Rr	1484	0.153	2011	08	14
W	Rr	1671	0.172	2011	08	07
W	Rr	1319	0.136	2011	07	31
W	Rr	1197	0.124	2011	07	24
W	Rr	1504	0.155	2011	07	17
W	Rr	1367	0.141	2011	07	10
W	Rr	1205	0.124	2011	07	03
W	Rr	1333	0.138	2011	06	26
W	Rr	1059	0.109	2011	06	19
W	Rr	1353	0.140	2011	06	12
W	Rr	1275	0.132	2011	06	05
W	Rr	983	0.101	2011	05	29
W	Rr	1262	0.130	2011	05	22
W	Rr	1374	0.142	2011	05	15
W	Rr	1076	0.111	2011	05	08
W	Rr	0	0.000	2011	05	01
W	Rr	0	0.000	2011	04	24
W	Rr	0	0.000	2011	04	17
W	Rr	0	0.000	2011	04	10
W	Rr	0	0.000	2011	04	03
W	Rr	0	0.000	2011	03	27
W	Rr	24	0.002	2011	03	20
W	Rr	1317	0.136	2011	03	13
W	Rr	1258	0.130	2011	03	06
W	Rr	1372	0.142	2011	02	27
W	Rr	1226	0.127	2011	02	20
W	Rr	1524	0.157	2011	02	13
W	Rr	1366	0.141	2011	02	06
W	Rr	958	0.099	2011	01	30
W	Rr	1273	0.131	2011	01	23
W	Rr	1560	0.161	2011	01	16
W	Rr	1472	0.152	2011	01	09
W	Rr	1310	0.135	2011	01	02
W	Rr	798	0.082	2010	12	26
W	Rr	935	0.096	2010	12	19
W	Rr	0	0.000	2010	12	12
W	Rr	0	0.000	2010	12	05
W	Rr	0	0.000	2010	11	28
W	Rr	0	0.000	2010	11	21
W	Rr	0	0.000	2010	11	14
W	Rr	0	0.000	2010	11	07
W	Rr	0	0.000	2010	10	31
W	Rr	0	0.000	2010	10	24
W	Rr	0	0.000	2010	10	17
W	Rr	0	0.000	2010	10	10
W	Rr	0	0.000	2010	10	03
W	Rr	0	0.000	2010	09	26
W	Rr	0	0.000	2010	09	19
W	Rr	0	0.000	2010	09	12
W	Rr	0	0.000	2010	09	05
W	Rr	0	0.000	2010	08	29
W	Rr	0	0.000	2010	08	22
W	Rr	0	0.000	2010	08	15
W	Rr	0	0.000	2010	08	08
W	Rr	0	0.000	2010	08	01
W	Rr	0	0.000	2010	07	25
W	Rr	0	0.000	2010	07	18
W	Rr	0	0.000	2010	07	11
W	Rr	0	0.000	2010	07	04
W	Rr	15	0.002	2010	06	27
W	Rr	914	0.094	2010	06	20
W	Rr	1104	0.114	2010	06	13
W	Rr	1096	0.113	2010	06	06
W	Rr	1171	0.121	2010	05	30
W	Rr	1115	0.115	2010	05	23
W	Rr	1170	0.121	2010	05	16
W	Rr	1334	0.138	2010	05	09
W	Rr	1109	0.114	2010	05	02
W	Rr	1067	0.110	2010	04	25
W	Rr	1212	0.125	2010	04	18
W	Rr	1054	0.109	2010	04	11
W	Rr	1325	0.137	2010	04	04
W	Rr	811	0.084	2010	03	28
W	Rr	1195	0.123	2010	03	21
W	Rr	1338	0.138	2010	03	14
W	Rr	1113	0.115	2010	03	07
W	Rr	1103	0.114	2010	02	28
W	Rr	1290	0.133	2010	02	21
W	Rr	0	0.000	2010	02	14
W	Rr	0	0.000	2010	02	07
W	Rr	0	0.000	2010	01	31
W	Rr	0	0.000	2010	01	24
W	Rr	0	0.000	2010	01	17
W	Rr	0	0.000	2010	01	10
W	Rr	0	0.000	2010	01	03
W	Rr	78	0.008	2009	12	27
W	Rr	945	0.098	2009	12	20
W	Rr	1140	0.118	2009	12	13
W	Rr	1323	0.137	2009	12	06
W	Rr	1518	0.157	2009	11	29
W	Rr	1352	0.140	2009	11	22
W	Rr	1346	0.139	2009	11	15
W	Rr	1416	0.146	2009	11	08
W	Rr	1734	0.179	2009	11	01
W	Rr	1035	0.107	2009	10	25
W	Rr	1297	0.134	2009	10	18
W	Rr	1267	0.131	2009	10	11
W	Rr	1440	0.149	2009	10	04
W	Rr	1521	0.157	2009	09	27
W	Rr	1121	0.116	2009	09	20
W	Rr	875	0.090	2009	09	13
W	Rr	1032	0.107	2009	09	06
W	Rr	1283	0.132	2009	08	30
W	Rr	1214	0.125	2009	08	23
W	Rr	1402	0.145	2009	08	16
W	Rr	1260	0.130	2009	08	09
W	Rr	1404	0.145	2009	08	02
W	Rr	1380	0.142	2009	07	26
W	Rr	1470	0.152	2009	07	19
W	Rr	1750	0.181	2009	07	12
W	Rr	1847	0.191	2009	07	05
W	Rr	1889	0.195	2009	06	28
W	Rr	1312	0.135	2009	06	21
W	Rr	1093	0.113	2009	06	14
W	Rr	1363	0.141	2009	06	07
W	Rr	1251	0.129	2009	05	31
W	Rr	1352	0.140	2009	05	24
W	Rr	1133	0.117	2009	05	17
W	Rr	1887	0.195	2009	05	10
W	Rr	1369	0.141	2009	05	03
W	Rr	1089	0.112	2009	04	26
W	Rr	1160	0.120	2009	04	19
W	Rr	1189	0.123	2009	04	12
W	Rr	1529	0.158	2009	04	05
W	Rr	1155	0.119	2009	03	29
W	Rr	1230	0.127	2009	03	22
W	Rr	1029	0.106	2009	03	15
W	Rr	1234	0.127	2009	03	08
W	Rr	1486	0.153	2009	03	01
W	Rr	1470	0.152	2009	02	22
W	Rr	1198	0.124	2009	02	15
W	Rr	1802	0.186	2009	02	08
W	Rr	1653	0.171	2009	02	01
W	Rr	1346	0.139	2009	01	25
W	Rr	1431	0.148	2009	01	18
W	Rr	1678	0.173	2009	01	11
W	Rr	1591	0.164	2009	01	04
W	Rr	886	0.091	2008	12	28
W	Rr	1148	0.118	2008	12	21
W	Rr	1428	0.147	2008	12	14
W	Rr	1508	0.156	2008	12	07
W	Rr	1194	0.123	2008	11	30
W	Rr	1070	0.110	2008	11	23
W	Rr	1396	0.144	2008	11	16
W	Rr	1255	0.130	2008	11	09
W	Rr	1314	0.136	2008	11	02
W	Rr	1397	0.144	2008	10	26
W	Rr	1638	0.169	2008	10	19
W	Rr	1298	0.134	2008	10	12
W	Rr	430	0.044	2008	10	05
W	Rr	723	0.075	2008	09	28
W	Rr	1308	0.135	2008	09	21
W	Rr	1242	0.128	2008	09	14
W	Rr	1409	0.145	2008	09	07
W	Rr	1142	0.118	2008	08	31
W	Rr	1022	0.105	2008	08	24
W	Rr	1062	0.110	2008	08	17
W	Rr	1188	0.123	2008	08	10
W	Rr	1232	0.127	2008	08	03
W	Rr	1050	0.108	2008	07	27
W	Rr	1272	0.131	2008	07	20
W	Rr	1305	0.135	2008	07	13
W	Rr	1093	0.113	2008	07	06
W	Rr	1182	0.122	2008	06	29
W	Rr	1937	0.200	2008	06	22
W	Rr	1493	0.154	2008	06	15
W	Rr	1083	0.112	2008	06	08
W	Rr	1283	0.132	2008	06	01
W	Rr	1432	0.148	2008	05	25
W	Rr	1726	0.178	2008	05	18
W	Rr	1580	0.163	2008	05	11
W	Rr	2661	0.275	2008	05	04
W	Rr	3648	0.376	2008	04	27
W	Rr	1400	0.144	2008	04	20
W	Rr	1365	0.141	2008	04	13
W	Rr	1213	0.125	2008	04	06
W	Rr	1670	0.172	2008	03	30
W	Rr	1211	0.125	2008	03	23
W	Rr	1144	0.118	2008	03	16
W	Rr	1301	0.134	2008	03	09
W	Rr	1292	0.133	2008	03	02
W	Rr	1427	0.147	2008	02	24
W	Rr	2207	0.228	2008	02	17
W	Rr	1124	0.116	2008	02	10
W	Rr	1561	0.161	2008	02	03
W	Rr	1533	0.158	2008	01	27
W	Rr	1389	0.143	2008	01	20
W	Rr	1133	0.117	2008	01	13
W	Rr	1404	0.145	2008	01	06
W	Rr	976	0.101	2007	12	30
W	Rr	801	0.083	2007	12	23
W	Rr	675	0.070	2007	12	16
W	*BT	R	7060	2014	02	16
D	Rr	803	0.083	2021	07	16
D	Rr	438	0.045	2021	07	15
D	Rr	346	0.036	2021	07	14
D	Rr	469	0.048	2021	07	13
D	Rr	356	0.037	2021	07	12
D	Rr	365	0.038	2021	07	11
D	Rr	0	0.000	2021	07	10
D	Rr	480	0.050	2021	07	09
D	Rr	516	0.053	2021	07	08
D	Rr	376	0.039	2021	07	07
D	Rr	605	0.062	2021	07	06
D	Rr	556	0.057	2021	07	05
D	Rr	223	0.023	2021	07	04
D	Rr	0	0.000	2021	07	03
D	Rr	451	0.047	2021	07	02
D	Rr	305	0.031	2021	07	01
D	Rr	507	0.052	2021	06	30
D	Rr	474	0.049	2021	06	29
D	Rr	399	0.041	2021	06	28
D	Rr	388	0.040	2021	06	27
D	Rr	0	0.000	2021	06	26
D	Rr	512	0.053	2021	06	25
D	Rr	330	0.034	2021	06	24
D	Rr	344	0.036	2021	06	23
D	Rr	462	0.048	2021	06	22
D	Rr	402	0.041	2021	06	21
D	Rr	416	0.043	2021	06	20
D	Rr	0	0.000	2021	06	19
D	Rr	362	0.037	2021	06	18
D	Rr	542	0.056	2021	06	17
D	Rr	259	0.027	2021	06	16
D	Rr	386	0.040	2021	06	15
D	Rr	389	0.040	2021	06	14
D	Rr	324	0.033	2021	06	13
D	Rr	0	0.000	2021	06	12
D	Rr	401	0.041	2021	06	11
D	Rr	388	0.040	2021	06	10
D	Rr	473	0.049	2021	06	09
D	Rr	370	0.038	2021	06	08
D	Rr	402	0.041	2021	06	07
D	Rr	230	0.024	2021	06	06
D	Rr	0	0.000	2021	06	05
D	*BT	R	2131	2008	05	03
d	Rr	115591	11.929	Sun
d	Rr	155346	16.032	Mon
d	Rr	158081	16.314	Tue
d	Rr	155957	16.095	Wed
d	Rr	157426	16.247	Thu
d	Rr	149548	15.434	Fri
d	Rr	77024	7.949	Sat
H	Rr	30	0.003	2021	07	16	23
H	Rr	11	0.001	2021	07	16	22
H	Rr	39	0.004	2021	07	16	21
H	Rr	8	0.001	2021	07	16	20
H	Rr	51	0.005	2021	07	16	19
H	Rr	15	0.002	2021	07	16	18
H	Rr	57	0.006	2021	07	16	17
H	Rr	69	0.007	2021	07	16	16
H	Rr	83	0.009	2021	07	16	15
H	Rr	30	0.003	2021	07	16	14
H	Rr	5	0.001	2021	07	16	13
H	Rr	30	0.003	2021	07	16	12
H	Rr	84	0.009	2021	07	16	11
H	Rr	30	0.003	2021	07	16	10
H	Rr	13	0.001	2021	07	16	09
H	Rr	93	0.010	2021	07	16	08
H	Rr	13	0.001	2021	07	16	07
H	Rr	27	0.003	2021	07	16	06
H	Rr	14	0.001	2021	07	16	05
H	Rr	2	0.000	2021	07	16	04
H	Rr	23	0.002	2021	07	16	03
H	Rr	17	0.002	2021	07	16	02
H	Rr	28	0.003	2021	07	16	01
H	Rr	31	0.003	2021	07	16	00
H	Rr	25	0.003	2021	07	15	23
H	Rr	7	0.001	2021	07	15	22
H	Rr	47	0.005	2021	07	15	21
H	Rr	31	0.003	2021	07	15	20
H	Rr	3	0.000	2021	07	15	19
H	Rr	5	0.001	2021	07	15	18
H	Rr	6	0.001	2021	07	15	17
H	Rr	11	0.001	2021	07	15	16
H	Rr	51	0.005	2021	07	15	15
H	Rr	28	0.003	2021	07	15	14
H	Rr	11	0.001	2021	07	15	13
H	Rr	3	0.000	2021	07	15	12
H	Rr	13	0.001	2021	07	15	11
H	Rr	7	0.001	2021	07	15	10
H	Rr	30	0.003	2021	07	15	09
H	Rr	5	0.001	2021	07	15	08
H	Rr	14	0.001	2021	07	15	07
H	Rr	23	0.002	2021	07	15	06
H	Rr	2	0.000	2021	07	15	05
H	Rr	74	0.008	2021	07	15	04
H	Rr	18	0.002	2021	07	15	03
H	Rr	10	0.001	2021	07	15	02
H	Rr	9	0.001	2021	07	15	01
H	Rr	5	0.001	2021	07	15	00
H	Rr	1	0.000	2021	07	14	23
H	Rr	32	0.003	2021	07	14	22
H	Rr	25	0.003	2021	07	14	21
H	Rr	8	0.001	2021	07	14	20
H	Rr	37	0.004	2021	07	14	19
H	Rr	17	0.002	2021	07	14	18
H	Rr	19	0.002	2021	07	14	17
H	Rr	30	0.003	2021	07	14	16
H	Rr	5	0.001	2021	07	14	15
H	Rr	35	0.004	2021	07	14	14
H	Rr	9	0.001	2021	07	14	13
H	Rr	3	0.000	2021	07	14	12
H	Rr	6	0.001	2021	07	14	11
H	Rr	19	0.002	2021	07	14	10
H	Rr	23	0.002	2021	07	14	09
H	Rr	4	0.000	2021	07	14	08
H	Rr	9	0.001	2021	07	14	07
H	Rr	9	0.001	2021	07	14	06
H	Rr	13	0.001	2021	07	14	05
H	Rr	6	0.001	2021	07	14	04
H	Rr	9	0.001	2021	07	14	03
H	Rr	11	0.001	2021	07	14	02
H	Rr	8	0.001	2021	07	14	01
H	Rr	8	0.001	2021	07	14	00
H	*BT	R	750	2020	12	11	23
h	Rr	38147	3.937	00
h	Rr	36975	3.816	01
h	Rr	37783	3.899	02
h	Rr	37259	3.845	03
h	Rr	36260	3.742	04
h	Rr	34325	3.542	05
h	Rr	33812	3.489	06
h	Rr	33413	3.448	07
h	Rr	32204	3.324	08
h	Rr	30713	3.170	09
h	Rr	30407	3.138	10
h	Rr	34014	3.510	11
h	Rr	34592	3.570	12
h	Rr	36619	3.779	13
h	Rr	42397	4.375	14
h	Rr	47823	4.935	15
h	Rr	51239	5.288	16
h	Rr	51032	5.267	17
h	Rr	52185	5.386	18
h	Rr	51659	5.331	19
h	Rr	51500	5.315	20
h	Rr	48267	4.981	21
h	Rr	44395	4.582	22
h	Rr	41953	4.330	23
4	Rr	4	0.000	2021	07	16	23	30
4	Rr	1	0.000	2021	07	16	23	15
4	Rr	25	0.003	2021	07	16	23	00
4	Rr	1	0.000	2021	07	16	22	45
4	Rr	0	0.000	2021	07	16	22	30
4	Rr	1	0.000	2021	07	16	22	15
4	Rr	9	0.001	2021	07	16	22	00
4	Rr	10	0.001	2021	07	16	21	45
4	Rr	5	0.001	2021	07	16	21	30
4	Rr	13	0.001	2021	07	16	21	15
4	Rr	11	0.001	2021	07	16	21	00
4	Rr	5	0.001	2021	07	16	20	45
4	Rr	2	0.000	2021	07	16	20	30
4	Rr	1	0.000	2021	07	16	20	15
4	Rr	0	0.000	2021	07	16	20	00
4	Rr	23	0.002	2021	07	16	19	45
4	Rr	5	0.001	2021	07	16	19	30
4	Rr	8	0.001	2021	07	16	19	15
4	Rr	15	0.002	2021	07	16	19	00
4	Rr	5	0.001	2021	07	16	18	45
4	Rr	4	0.000	2021	07	16	18	30
4	Rr	6	0.001	2021	07	16	18	15
4	Rr	0	0.000	2021	07	16	18	00
4	Rr	27	0.003	2021	07	16	17	45
4	Rr	3	0.000	2021	07	16	17	30
4	Rr	21	0.002	2021	07	16	17	15
4	Rr	6	0.001	2021	07	16	17	00
4	Rr	14	0.001	2021	07	16	16	45
4	Rr	7	0.001	2021	07	16	16	30
4	Rr	30	0.003	2021	07	16	16	15
4	Rr	18	0.002	2021	07	16	16	00
4	Rr	18	0.002	2021	07	16	15	45
4	Rr	22	0.002	2021	07	16	15	30
4	Rr	18	0.002	2021	07	16	15	15
4	Rr	25	0.003	2021	07	16	15	00
4	Rr	1	0.000	2021	07	16	14	45
4	Rr	22	0.002	2021	07	16	14	30
4	Rr	6	0.001	2021	07	16	14	15
4	Rr	1	0.000	2021	07	16	14	00
4	Rr	2	0.000	2021	07	16	13	45
4	Rr	1	0.000	2021	07	16	13	30
4	Rr	1	0.000	2021	07	16	13	15
4	Rr	1	0.000	2021	07	16	13	00
4	Rr	3	0.000	2021	07	16	12	45
4	Rr	4	0.000	2021	07	16	12	30
4	Rr	6	0.001	2021	07	16	12	15
4	Rr	17	0.002	2021	07	16	12	00
4	Rr	7	0.001	2021	07	16	11	45
4	Rr	70	0.007	2021	07	16	11	30
4	Rr	6	0.001	2021	07	16	11	15
4	Rr	1	0.000	2021	07	16	11	00
4	Rr	6	0.001	2021	07	16	10	45
4	Rr	22	0.002	2021	07	16	10	30
4	Rr	1	0.000	2021	07	16	10	15
4	Rr	1	0.000	2021	07	16	10	00
4	Rr	1	0.000	2021	07	16	09	45
4	Rr	3	0.000	2021	07	16	09	30
4	Rr	3	0.000	2021	07	16	09	15
4	Rr	6	0.001	2021	07	16	09	00
4	Rr	1	0.000	2021	07	16	08	45
4	Rr	2	0.000	2021	07	16	08	30
4	Rr	1	0.000	2021	07	16	08	15
4	Rr	89	0.009	2021	07	16	08	00
4	Rr	2	0.000	2021	07	16	07	45
4	Rr	0	0.000	2021	07	16	07	30
4	Rr	3	0.000	2021	07	16	07	15
4	Rr	8	0.001	2021	07	16	07	00
4	Rr	3	0.000	2021	07	16	06	45
4	Rr	2	0.000	2021	07	16	06	30
4	Rr	8	0.001	2021	07	16	06	15
4	Rr	14	0.001	2021	07	16	06	00
4	Rr	4	0.000	2021	07	16	05	45
4	Rr	5	0.001	2021	07	16	05	30
4	Rr	4	0.000	2021	07	16	05	15
4	Rr	1	0.000	2021	07	16	05	00
4	Rr	0	0.000	2021	07	16	04	45
4	Rr	1	0.000	2021	07	16	04	30
4	Rr	1	0.000	2021	07	16	04	15
4	Rr	0	0.000	2021	07	16	04	00
4	Rr	3	0.000	2021	07	16	03	45
4	Rr	4	0.000	2021	07	16	03	30
4	Rr	0	0.000	2021	07	16	03	15
4	Rr	16	0.002	2021	07	16	03	00
4	Rr	1	0.000	2021	07	16	02	45
4	Rr	7	0.001	2021	07	16	02	30
4	Rr	5	0.001	2021	07	16	02	15
4	Rr	4	0.000	2021	07	16	02	00
4	Rr	13	0.001	2021	07	16	01	45
4	Rr	6	0.001	2021	07	16	01	30
4	Rr	6	0.001	2021	07	16	01	15
4	Rr	3	0.000	2021	07	16	01	00
4	Rr	23	0.002	2021	07	16	00	45
4	Rr	7	0.001	2021	07	16	00	30
4	Rr	1	0.000	2021	07	16	00	15
4	Rr	0	0.000	2021	07	16	00	00
4	Rr	1	0.000	2021	07	15	23	45
4	*BT	R	744	2021	04	12	15	00
6	Rr	9470	0.977	00	00
6	Rr	9531	0.984	00	15
6	Rr	9371	0.967	00	30
6	Rr	9775	1.009	00	45
6	Rr	9180	0.947	01	00
6	Rr	9304	0.960	01	15
6	Rr	9374	0.967	01	30
6	Rr	9117	0.941	01	45
6	Rr	8999	0.929	02	00
6	Rr	9850	1.017	02	15
6	Rr	9618	0.993	02	30
6	Rr	9316	0.961	02	45
6	Rr	9050	0.934	03	00
6	Rr	8744	0.902	03	15
6	Rr	9116	0.941	03	30
6	Rr	10349	1.068	03	45
6	Rr	9103	0.939	04	00
6	Rr	9641	0.995	04	15
6	Rr	8446	0.872	04	30
6	Rr	9070	0.936	04	45
6	Rr	8319	0.859	05	00
6	Rr	9094	0.939	05	15
6	Rr	8750	0.903	05	30
6	Rr	8162	0.842	05	45
6	Rr	9236	0.953	06	00
6	Rr	8369	0.864	06	15
6	Rr	8386	0.865	06	30
6	Rr	7821	0.807	06	45
6	Rr	8483	0.875	07	00
6	Rr	8720	0.900	07	15
6	Rr	8701	0.898	07	30
6	Rr	7509	0.775	07	45
6	Rr	8225	0.849	08	00
6	Rr	7858	0.811	08	15
6	Rr	8578	0.885	08	30
6	Rr	7543	0.778	08	45
6	Rr	7766	0.801	09	00
6	Rr	7941	0.820	09	15
6	Rr	7717	0.796	09	30
6	Rr	7289	0.752	09	45
6	Rr	7324	0.756	10	00
6	Rr	7418	0.766	10	15
6	Rr	7637	0.788	10	30
6	Rr	8028	0.829	10	45
6	Rr	9541	0.985	11	00
6	Rr	8010	0.827	11	15
6	Rr	8135	0.840	11	30
6	Rr	8328	0.859	11	45
6	Rr	9635	0.994	12	00
6	Rr	8134	0.839	12	15
6	Rr	8319	0.859	12	30
6	Rr	8504	0.878	12	45
6	Rr	9052	0.934	13	00
6	Rr	8984	0.927	13	15
6	Rr	9623	0.993	13	30
6	Rr	8960	0.925	13	45
6	Rr	10193	1.052	14	00
6	Rr	10635	1.098	14	15
6	Rr	10762	1.111	14	30
6	Rr	10807	1.115	14	45
6	Rr	11940	1.232	15	00
6	Rr	11328	1.169	15	15
6	Rr	12048	1.243	15	30
6	Rr	12507	1.291	15	45
6	Rr	12662	1.307	16	00
6	Rr	12393	1.279	16	15
6	Rr	12951	1.337	16	30
6	Rr	13233	1.366	16	45
6	Rr	12863	1.327	17	00
6	Rr	12687	1.309	17	15
6	Rr	12979	1.339	17	30
6	Rr	12503	1.290	17	45
6	Rr	12529	1.293	18	00
6	Rr	13250	1.367	18	15
6	Rr	13214	1.364	18	30
6	Rr	13192	1.361	18	45
6	Rr	14028	1.448	19	00
6	Rr	12313	1.271	19	15
6	Rr	12793	1.320	19	30
6	Rr	12525	1.293	19	45
6	Rr	13310	1.374	20	00
6	Rr	12787	1.320	20	15
6	Rr	12235	1.263	20	30
6	Rr	13168	1.359	20	45
6	Rr	12929	1.334	21	00
6	Rr	11988	1.237	21	15
6	Rr	11502	1.187	21	30
6	Rr	11848	1.223	21	45
6	Rr	11196	1.155	22	00
6	Rr	11244	1.160	22	15
6	Rr	11076	1.143	22	30
6	Rr	10879	1.123	22	45
6	Rr	11201	1.156	23	00
6	Rr	11216	1.158	23	15
6	Rr	9970	1.029	23	30
6	Rr	9566	0.987	23	45
5	Rr	1	0.000	2021	07	16	23	40
5	Rr	0	0.000	2021	07	16	23	35
5	Rr	3	0.000	2021	07	16	23	30
5	Rr	0	0.000	2021	07	16	23	25
5	Rr	0	0.000	2021	07	16	23	20
5	Rr	1	0.000	2021	07	16	23	15
5	Rr	0	0.000	2021	07	16	23	10
5	Rr	1	0.000	2021	07	16	23	05
5	Rr	24	0.002	2021	07	16	23	00
5	Rr	0	0.000	2021	07	16	22	55
5	Rr	1	0.000	2021	07	16	22	50
5	Rr	0	0.000	2021	07	16	22	45
5	Rr	0	0.000	2021	07	16	22	40
5	Rr	0	0.000	2021	07	16	22	35
5	Rr	0	0.000	2021	07	16	22	30
5	Rr	1	0.000	2021	07	16	22	25
5	Rr	0	0.000	2021	07	16	22	20
5	Rr	0	0.000	2021	07	16	22	15
5	Rr	0	0.000	2021	07	16	22	10
5	Rr	1	0.000	2021	07	16	22	05
5	Rr	8	0.001	2021	07	16	22	00
5	Rr	0	0.000	2021	07	16	21	55
5	Rr	5	0.001	2021	07	16	21	50
5	Rr	5	0.001	2021	07	16	21	45
5	Rr	1	0.000	2021	07	16	21	40
5	Rr	1	0.000	2021	07	16	21	35
5	Rr	3	0.000	2021	07	16	21	30
5	Rr	10	0.001	2021	07	16	21	25
5	Rr	2	0.000	2021	07	16	21	20
5	Rr	1	0.000	2021	07	16	21	15
5	Rr	4	0.000	2021	07	16	21	10
5	Rr	1	0.000	2021	07	16	21	05
5	Rr	6	0.001	2021	07	16	21	00
5	Rr	2	0.000	2021	07	16	20	55
5	Rr	2	0.000	2021	07	16	20	50
5	Rr	1	0.000	2021	07	16	20	45
5	Rr	2	0.000	2021	07	16	20	40
5	Rr	0	0.000	2021	07	16	20	35
5	Rr	0	0.000	2021	07	16	20	30
5	Rr	0	0.000	2021	07	16	20	25
5	Rr	1	0.000	2021	07	16	20	20
5	Rr	0	0.000	2021	07	16	20	15
5	Rr	0	0.000	2021	07	16	20	10
5	Rr	0	0.000	2021	07	16	20	05
5	Rr	0	0.000	2021	07	16	20	00
5	Rr	4	0.000	2021	07	16	19	55
5	Rr	10	0.001	2021	07	16	19	50
5	Rr	9	0.001	2021	07	16	19	45
5	Rr	0	0.000	2021	07	16	19	40
5	Rr	2	0.000	2021	07	16	19	35
5	Rr	3	0.000	2021	07	16	19	30
5	Rr	6	0.001	2021	07	16	19	25
5	Rr	0	0.000	2021	07	16	19	20
5	Rr	2	0.000	2021	07	16	19	15
5	Rr	11	0.001	2021	07	16	19	10
5	Rr	3	0.000	2021	07	16	19	05
5	Rr	1	0.000	2021	07	16	19	00
5	Rr	1	0.000	2021	07	16	18	55
5	Rr	3	0.000	2021	07	16	18	50
5	Rr	1	0.000	2021	07	16	18	45
5	Rr	2	0.000	2021	07	16	18	40
5	Rr	2	0.000	2021	07	16	18	35
5	Rr	0	0.000	2021	07	16	18	30
5	Rr	0	0.000	2021	07	16	18	25
5	Rr	4	0.000	2021	07	16	18	20
5	Rr	2	0.000	2021	07	16	18	15
5	Rr	0	0.000	2021	07	16	18	10
5	Rr	0	0.000	2021	07	16	18	05
5	Rr	0	0.000	2021	07	16	18	00
5	Rr	2	0.000	2021	07	16	17	55
5	Rr	25	0.003	2021	07	16	17	50
5	Rr	0	0.000	2021	07	16	17	45
5	Rr	0	0.000	2021	07	16	17	40
5	Rr	1	0.000	2021	07	16	17	35
5	Rr	2	0.000	2021	07	16	17	30
5	Rr	0	0.000	2021	07	16	17	25
5	Rr	1	0.000	2021	07	16	17	20
5	Rr	20	0.002	2021	07	16	17	15
5	Rr	5	0.001	2021	07	16	17	10
5	Rr	1	0.000	2021	07	16	17	05
5	Rr	0	0.000	2021	07	16	17	00
5	Rr	2	0.000	2021	07	16	16	55
5	Rr	1	0.000	2021	07	16	16	50
5	Rr	11	0.001	2021	07	16	16	45
5	Rr	1	0.000	2021	07	16	16	40
5	Rr	3	0.000	2021	07	16	16	35
5	Rr	3	0.000	2021	07	16	16	30
5	Rr	1	0.000	2021	07	16	16	25
5	Rr	2	0.000	2021	07	16	16	20
5	Rr	27	0.003	2021	07	16	16	15
5	Rr	13	0.001	2021	07	16	16	10
5	Rr	0	0.000	2021	07	16	16	05
5	Rr	5	0.001	2021	07	16	16	00
5	Rr	2	0.000	2021	07	16	15	55
5	Rr	0	0.000	2021	07	16	15	50
5	Rr	16	0.002	2021	07	16	15	45
5	Rr	0	0.000	2021	07	16	15	40
5	Rr	22	0.002	2021	07	16	15	35
5	Rr	0	0.000	2021	07	16	15	30
5	Rr	1	0.000	2021	07	16	15	25
5	Rr	1	0.000	2021	07	16	15	20
5	Rr	16	0.002	2021	07	16	15	15
5	Rr	1	0.000	2021	07	16	15	10
5	Rr	0	0.000	2021	07	16	15	05
5	Rr	24	0.002	2021	07	16	15	00
5	Rr	0	0.000	2021	07	16	14	55
5	Rr	0	0.000	2021	07	16	14	50
5	Rr	1	0.000	2021	07	16	14	45
5	Rr	21	0.002	2021	07	16	14	40
5	Rr	0	0.000	2021	07	16	14	35
5	Rr	1	0.000	2021	07	16	14	30
5	Rr	0	0.000	2021	07	16	14	25
5	Rr	1	0.000	2021	07	16	14	20
5	Rr	5	0.001	2021	07	16	14	15
5	Rr	0	0.000	2021	07	16	14	10
5	Rr	0	0.000	2021	07	16	14	05
5	Rr	1	0.000	2021	07	16	14	00
5	Rr	2	0.000	2021	07	16	13	55
5	Rr	0	0.000	2021	07	16	13	50
5	Rr	0	0.000	2021	07	16	13	45
5	Rr	0	0.000	2021	07	16	13	40
5	Rr	1	0.000	2021	07	16	13	35
5	Rr	0	0.000	2021	07	16	13	30
5	Rr	1	0.000	2021	07	16	13	25
5	Rr	0	0.000	2021	07	16	13	20
5	Rr	0	0.000	2021	07	16	13	15
5	Rr	1	0.000	2021	07	16	13	10
5	Rr	0	0.000	2021	07	16	13	05
5	Rr	0	0.000	2021	07	16	13	00
5	Rr	2	0.000	2021	07	16	12	55
5	Rr	0	0.000	2021	07	16	12	50
5	Rr	1	0.000	2021	07	16	12	45
5	Rr	0	0.000	2021	07	16	12	40
5	Rr	2	0.000	2021	07	16	12	35
5	Rr	2	0.000	2021	07	16	12	30
5	Rr	2	0.000	2021	07	16	12	25
5	Rr	4	0.000	2021	07	16	12	20
5	Rr	0	0.000	2021	07	16	12	15
5	Rr	11	0.001	2021	07	16	12	10
5	Rr	4	0.000	2021	07	16	12	05
5	Rr	2	0.000	2021	07	16	12	00
5	Rr	2	0.000	2021	07	16	11	55
5	Rr	2	0.000	2021	07	16	11	50
5	Rr	3	0.000	2021	07	16	11	45
5	Rr	2	0.000	2021	07	16	11	40
5	Rr	65	0.007	2021	07	16	11	35
5	Rr	3	0.000	2021	07	16	11	30
5	Rr	0	0.000	2021	07	16	11	25
5	Rr	1	0.000	2021	07	16	11	20
5	Rr	5	0.001	2021	07	16	11	15
5	Rr	1	0.000	2021	07	16	11	10
5	Rr	0	0.000	2021	07	16	11	05
5	Rr	0	0.000	2021	07	16	11	00
5	Rr	0	0.000	2021	07	16	10	55
5	Rr	0	0.000	2021	07	16	10	50
5	Rr	6	0.001	2021	07	16	10	45
5	Rr	0	0.000	2021	07	16	10	40
5	Rr	22	0.002	2021	07	16	10	35
5	Rr	0	0.000	2021	07	16	10	30
5	Rr	1	0.000	2021	07	16	10	25
5	Rr	0	0.000	2021	07	16	10	20
5	Rr	0	0.000	2021	07	16	10	15
5	Rr	0	0.000	2021	07	16	10	10
5	Rr	1	0.000	2021	07	16	10	05
5	Rr	0	0.000	2021	07	16	10	00
5	Rr	0	0.000	2021	07	16	09	55
5	Rr	0	0.000	2021	07	16	09	50
5	Rr	1	0.000	2021	07	16	09	45
5	Rr	0	0.000	2021	07	16	09	40
5	Rr	2	0.000	2021	07	16	09	35
5	Rr	1	0.000	2021	07	16	09	30
5	Rr	2	0.000	2021	07	16	09	25
5	Rr	0	0.000	2021	07	16	09	20
5	Rr	1	0.000	2021	07	16	09	15
5	Rr	0	0.000	2021	07	16	09	10
5	Rr	1	0.000	2021	07	16	09	05
5	Rr	5	0.001	2021	07	16	09	00
5	Rr	0	0.000	2021	07	16	08	55
5	Rr	1	0.000	2021	07	16	08	50
5	Rr	0	0.000	2021	07	16	08	45
5	Rr	2	0.000	2021	07	16	08	40
5	Rr	0	0.000	2021	07	16	08	35
5	Rr	0	0.000	2021	07	16	08	30
5	Rr	0	0.000	2021	07	16	08	25
5	Rr	0	0.000	2021	07	16	08	20
5	Rr	1	0.000	2021	07	16	08	15
5	Rr	0	0.000	2021	07	16	08	10
5	Rr	88	0.009	2021	07	16	08	05
5	Rr	1	0.000	2021	07	16	08	00
5	Rr	0	0.000	2021	07	16	07	55
5	Rr	2	0.000	2021	07	16	07	50
5	Rr	0	0.000	2021	07	16	07	45
5	Rr	0	0.000	2021	07	16	07	40
5	Rr	0	0.000	2021	07	16	07	35
5	Rr	0	0.000	2021	07	16	07	30
5	Rr	1	0.000	2021	07	16	07	25
5	Rr	1	0.000	2021	07	16	07	20
5	Rr	1	0.000	2021	07	16	07	15
5	Rr	5	0.001	2021	07	16	07	10
5	Rr	2	0.000	2021	07	16	07	05
5	Rr	1	0.000	2021	07	16	07	00
5	Rr	1	0.000	2021	07	16	06	55
5	Rr	0	0.000	2021	07	16	06	50
5	Rr	2	0.000	2021	07	16	06	45
5	Rr	0	0.000	2021	07	16	06	40
5	Rr	2	0.000	2021	07	16	06	35
5	Rr	0	0.000	2021	07	16	06	30
5	Rr	4	0.000	2021	07	16	06	25
5	Rr	4	0.000	2021	07	16	06	20
5	Rr	0	0.000	2021	07	16	06	15
5	Rr	1	0.000	2021	07	16	06	10
5	Rr	3	0.000	2021	07	16	06	05
5	Rr	10	0.001	2021	07	16	06	00
5	Rr	1	0.000	2021	07	16	05	55
5	Rr	1	0.000	2021	07	16	05	50
5	Rr	2	0.000	2021	07	16	05	45
5	Rr	1	0.000	2021	07	16	05	40
5	Rr	2	0.000	2021	07	16	05	35
5	Rr	2	0.000	2021	07	16	05	30
5	Rr	3	0.000	2021	07	16	05	25
5	Rr	0	0.000	2021	07	16	05	20
5	Rr	1	0.000	2021	07	16	05	15
5	Rr	1	0.000	2021	07	16	05	10
5	Rr	0	0.000	2021	07	16	05	05
5	Rr	0	0.000	2021	07	16	05	00
5	Rr	0	0.000	2021	07	16	04	55
5	Rr	0	0.000	2021	07	16	04	50
5	Rr	0	0.000	2021	07	16	04	45
5	Rr	1	0.000	2021	07	16	04	40
5	Rr	0	0.000	2021	07	16	04	35
5	Rr	0	0.000	2021	07	16	04	30
5	Rr	0	0.000	2021	07	16	04	25
5	Rr	0	0.000	2021	07	16	04	20
5	Rr	1	0.000	2021	07	16	04	15
5	Rr	0	0.000	2021	07	16	04	10
5	Rr	0	0.000	2021	07	16	04	05
5	Rr	0	0.000	2021	07	16	04	00
5	Rr	2	0.000	2021	07	16	03	55
5	Rr	1	0.000	2021	07	16	03	50
5	Rr	0	0.000	2021	07	16	03	45
5	Rr	0	0.000	2021	07	16	03	40
5	Rr	0	0.000	2021	07	16	03	35
5	Rr	4	0.000	2021	07	16	03	30
5	Rr	0	0.000	2021	07	16	03	25
5	Rr	0	0.000	2021	07	16	03	20
5	Rr	0	0.000	2021	07	16	03	15
5	Rr	1	0.000	2021	07	16	03	10
5	Rr	0	0.000	2021	07	16	03	05
5	Rr	15	0.002	2021	07	16	03	00
5	Rr	1	0.000	2021	07	16	02	55
5	Rr	0	0.000	2021	07	16	02	50
5	Rr	0	0.000	2021	07	16	02	45
5	Rr	4	0.000	2021	07	16	02	40
5	Rr	1	0.000	2021	07	16	02	35
5	Rr	2	0.000	2021	07	16	02	30
5	Rr	1	0.000	2021	07	16	02	25
5	Rr	4	0.000	2021	07	16	02	20
5	Rr	0	0.000	2021	07	16	02	15
5	Rr	0	0.000	2021	07	16	02	10
5	Rr	1	0.000	2021	07	16	02	05
5	Rr	3	0.000	2021	07	16	02	00
5	Rr	1	0.000	2021	07	16	01	55
5	Rr	1	0.000	2021	07	16	01	50
5	Rr	11	0.001	2021	07	16	01	45
5	Rr	2	0.000	2021	07	16	01	40
5	Rr	1	0.000	2021	07	16	01	35
5	Rr	3	0.000	2021	07	16	01	30
5	Rr	3	0.000	2021	07	16	01	25
5	Rr	1	0.000	2021	07	16	01	20
5	Rr	2	0.000	2021	07	16	01	15
5	Rr	0	0.000	2021	07	16	01	10
5	Rr	2	0.000	2021	07	16	01	05
5	Rr	1	0.000	2021	07	16	01	00
5	Rr	0	0.000	2021	07	16	00	55
5	Rr	1	0.000	2021	07	16	00	50
5	Rr	22	0.002	2021	07	16	00	45
5	Rr	1	0.000	2021	07	16	00	40
5	Rr	0	0.000	2021	07	16	00	35
5	Rr	6	0.001	2021	07	16	00	30
5	Rr	0	0.000	2021	07	16	00	25
5	Rr	0	0.000	2021	07	16	00	20
5	Rr	1	0.000	2021	07	16	00	15
5	Rr	0	0.000	2021	07	16	00	10
5	Rr	0	0.000	2021	07	16	00	05
5	Rr	0	0.000	2021	07	16	00	00
5	Rr	0	0.000	2021	07	15	23	55
5	Rr	0	0.000	2021	07	15	23	50
5	Rr	1	0.000	2021	07	15	23	45
5	*BT	R	715	2020	12	11	23	20
7	Rr	2971	0.307	00	00
7	Rr	3448	0.356	00	05
7	Rr	3051	0.315	00	10
7	Rr	2664	0.275	00	15
7	Rr	3194	0.330	00	20
7	Rr	3673	0.379	00	25
7	Rr	3094	0.319	00	30
7	Rr	3081	0.318	00	35
7	Rr	3196	0.330	00	40
7	Rr	3267	0.337	00	45
7	Rr	3532	0.365	00	50
7	Rr	2976	0.307	00	55
7	Rr	2842	0.293	01	00
7	Rr	3111	0.321	01	05
7	Rr	3227	0.333	01	10
7	Rr	3137	0.324	01	15
7	Rr	3271	0.338	01	20
7	Rr	2896	0.299	01	25
7	Rr	3017	0.311	01	30
7	Rr	3180	0.328	01	35
7	Rr	3177	0.328	01	40
7	Rr	3009	0.311	01	45
7	Rr	2848	0.294	01	50
7	Rr	3260	0.336	01	55
7	Rr	2951	0.305	02	00
7	Rr	3062	0.316	02	05
7	Rr	2986	0.308	02	10
7	Rr	3501	0.361	02	15
7	Rr	3135	0.324	02	20
7	Rr	3214	0.332	02	25
7	Rr	3116	0.322	02	30
7	Rr	3458	0.357	02	35
7	Rr	3044	0.314	02	40
7	Rr	3055	0.315	02	45
7	Rr	2808	0.290	02	50
7	Rr	3453	0.356	02	55
7	Rr	3091	0.319	03	00
7	Rr	2965	0.306	03	05
7	Rr	2994	0.309	03	10
7	Rr	3057	0.315	03	15
7	Rr	2844	0.294	03	20
7	Rr	2843	0.293	03	25
7	Rr	2913	0.301	03	30
7	Rr	3120	0.322	03	35
7	Rr	3083	0.318	03	40
7	Rr	3410	0.352	03	45
7	Rr	3823	0.395	03	50
7	Rr	3116	0.322	03	55
7	Rr	2979	0.307	04	00
7	Rr	3003	0.310	04	05
7	Rr	3121	0.322	04	10
7	Rr	3209	0.331	04	15
7	Rr	3392	0.350	04	20
7	Rr	3040	0.314	04	25
7	Rr	2937	0.303	04	30
7	Rr	2725	0.281	04	35
7	Rr	2784	0.287	04	40
7	Rr	3269	0.337	04	45
7	Rr	2890	0.298	04	50
7	Rr	2911	0.300	04	55
7	Rr	2648	0.273	05	00
7	Rr	2592	0.267	05	05
7	Rr	3079	0.318	05	10
7	Rr	3027	0.312	05	15
7	Rr	3137	0.324	05	20
7	Rr	2930	0.302	05	25
7	Rr	3155	0.326	05	30
7	Rr	2987	0.308	05	35
7	Rr	2608	0.269	05	40
7	Rr	2700	0.279	05	45
7	Rr	2623	0.271	05	50
7	Rr	2839	0.293	05	55
7	Rr	2831	0.292	06	00
7	Rr	3501	0.361	06	05
7	Rr	2904	0.300	06	10
7	Rr	2872	0.296	06	15
7	Rr	2720	0.281	06	20
7	Rr	2777	0.287	06	25
7	Rr	2645	0.273	06	30
7	Rr	2806	0.290	06	35
7	Rr	2935	0.303	06	40
7	Rr	3015	0.311	06	45
7	Rr	2411	0.249	06	50
7	Rr	2395	0.247	06	55
7	Rr	3092	0.319	07	00
7	Rr	2631	0.272	07	05
7	Rr	2760	0.285	07	10
7	Rr	2625	0.271	07	15
7	Rr	2838	0.293	07	20
7	Rr	3257	0.336	07	25
7	Rr	3239	0.334	07	30
7	Rr	2890	0.298	07	35
7	Rr	2572	0.265	07	40
7	Rr	2551	0.263	07	45
7	Rr	2431	0.251	07	50
7	Rr	2527	0.261	07	55
7	Rr	2673	0.276	08	00
7	Rr	2882	0.297	08	05
7	Rr	2670	0.276	08	10
7	Rr	2528	0.261	08	15
7	Rr	2606	0.269	08	20
7	Rr	2724	0.281	08	25
7	Rr	3160	0.326	08	30
7	Rr	2753	0.284	08	35
7	Rr	2665	0.275	08	40
7	Rr	2536	0.262	08	45
7	Rr	2507	0.259	08	50
7	Rr	2500	0.258	08	55
7	Rr	2477	0.256	09	00
7	Rr	2816	0.291	09	05
7	Rr	2473	0.255	09	10
7	Rr	2464	0.254	09	15
7	Rr	2852	0.294	09	20
7	Rr	2625	0.271	09	25
7	Rr	2694	0.278	09	30
7	Rr	2384	0.246	09	35
7	Rr	2639	0.272	09	40
7	Rr	2490	0.257	09	45
7	Rr	2316	0.239	09	50
7	Rr	2483	0.256	09	55
7	Rr	2446	0.252	10	00
7	Rr	2361	0.244	10	05
7	Rr	2517	0.260	10	10
7	Rr	2454	0.253	10	15
7	Rr	2356	0.243	10	20
7	Rr	2608	0.269	10	25
7	Rr	2465	0.254	10	30
7	Rr	2513	0.259	10	35
7	Rr	2659	0.274	10	40
7	Rr	2419	0.250	10	45
7	Rr	2692	0.278	10	50
7	Rr	2917	0.301	10	55
7	Rr	3824	0.395	11	00
7	Rr	2964	0.306	11	05
7	Rr	2753	0.284	11	10
7	Rr	2691	0.278	11	15
7	Rr	2821	0.291	11	20
7	Rr	2498	0.258	11	25
7	Rr	2820	0.291	11	30
7	Rr	2509	0.259	11	35
7	Rr	2806	0.290	11	40
7	Rr	2738	0.283	11	45
7	Rr	2785	0.287	11	50
7	Rr	2805	0.289	11	55
7	Rr	3432	0.354	12	00
7	Rr	3088	0.319	12	05
7	Rr	3115	0.321	12	10
7	Rr	2639	0.272	12	15
7	Rr	2785	0.287	12	20
7	Rr	2710	0.280	12	25
7	Rr	2765	0.285	12	30
7	Rr	2696	0.278	12	35
7	Rr	2858	0.295	12	40
7	Rr	2962	0.306	12	45
7	Rr	2713	0.280	12	50
7	Rr	2829	0.292	12	55
7	Rr	2924	0.302	13	00
7	Rr	2920	0.301	13	05
7	Rr	3208	0.331	13	10
7	Rr	2985	0.308	13	15
7	Rr	2909	0.300	13	20
7	Rr	3090	0.319	13	25
7	Rr	3143	0.324	13	30
7	Rr	3450	0.356	13	35
7	Rr	3030	0.313	13	40
7	Rr	2646	0.273	13	45
7	Rr	3183	0.328	13	50
7	Rr	3131	0.323	13	55
7	Rr	3162	0.326	14	00
7	Rr	3517	0.363	14	05
7	Rr	3514	0.363	14	10
7	Rr	3661	0.378	14	15
7	Rr	3470	0.358	14	20
7	Rr	3504	0.362	14	25
7	Rr	3864	0.399	14	30
7	Rr	3606	0.372	14	35
7	Rr	3292	0.340	14	40
7	Rr	3352	0.346	14	45
7	Rr	3528	0.364	14	50
7	Rr	3927	0.405	14	55
7	Rr	4060	0.419	15	00
7	Rr	4196	0.433	15	05
7	Rr	3684	0.380	15	10
7	Rr	3807	0.393	15	15
7	Rr	3527	0.364	15	20
7	Rr	3994	0.412	15	25
7	Rr	4217	0.435	15	30
7	Rr	3791	0.391	15	35
7	Rr	4040	0.417	15	40
7	Rr	4050	0.418	15	45
7	Rr	4125	0.426	15	50
7	Rr	4332	0.447	15	55
7	Rr	4148	0.428	16	00
7	Rr	4372	0.451	16	05
7	Rr	4142	0.427	16	10
7	Rr	4596	0.474	16	15
7	Rr	4040	0.417	16	20
7	Rr	3757	0.388	16	25
7	Rr	4187	0.432	16	30
7	Rr	4376	0.452	16	35
7	Rr	4388	0.453	16	40
7	Rr	4434	0.458	16	45
7	Rr	4461	0.460	16	50
7	Rr	4338	0.448	16	55
7	Rr	4177	0.431	17	00
7	Rr	4168	0.430	17	05
7	Rr	4518	0.466	17	10
7	Rr	4149	0.428	17	15
7	Rr	4202	0.434	17	20
7	Rr	4336	0.447	17	25
7	Rr	4342	0.448	17	30
7	Rr	4415	0.456	17	35
7	Rr	4222	0.436	17	40
7	Rr	4105	0.424	17	45
7	Rr	4302	0.444	17	50
7	Rr	4096	0.423	17	55
7	Rr	3721	0.384	18	00
7	Rr	4076	0.421	18	05
7	Rr	4732	0.488	18	10
7	Rr	4488	0.463	18	15
7	Rr	4153	0.429	18	20
7	Rr	4609	0.476	18	25
7	Rr	4346	0.449	18	30
7	Rr	4455	0.460	18	35
7	Rr	4413	0.455	18	40
7	Rr	4391	0.453	18	45
7	Rr	4346	0.449	18	50
7	Rr	4455	0.460	18	55
7	Rr	4912	0.507	19	00
7	Rr	4622	0.477	19	05
7	Rr	4494	0.464	19	10
7	Rr	4214	0.435	19	15
7	Rr	4119	0.425	19	20
7	Rr	3980	0.411	19	25
7	Rr	4102	0.423	19	30
7	Rr	4311	0.445	19	35
7	Rr	4380	0.452	19	40
7	Rr	4533	0.468	19	45
7	Rr	3903	0.403	19	50
7	Rr	4089	0.422	19	55
7	Rr	4139	0.427	20	00
7	Rr	4654	0.480	20	05
7	Rr	4517	0.466	20	10
7	Rr	4117	0.425	20	15
7	Rr	4405	0.455	20	20
7	Rr	4265	0.440	20	25
7	Rr	3832	0.395	20	30
7	Rr	4092	0.422	20	35
7	Rr	4311	0.445	20	40
7	Rr	4639	0.479	20	45
7	Rr	4199	0.433	20	50
7	Rr	4330	0.447	20	55
7	Rr	4789	0.494	21	00
7	Rr	3974	0.410	21	05
7	Rr	4166	0.430	21	10
7	Rr	4018	0.415	21	15
7	Rr	3657	0.377	21	20
7	Rr	4313	0.445	21	25
7	Rr	3685	0.380	21	30
7	Rr	3902	0.403	21	35
7	Rr	3915	0.404	21	40
7	Rr	3954	0.408	21	45
7	Rr	4178	0.431	21	50
7	Rr	3716	0.383	21	55
7	Rr	3820	0.394	22	00
7	Rr	3594	0.371	22	05
7	Rr	3782	0.390	22	10
7	Rr	3465	0.358	22	15
7	Rr	3900	0.402	22	20
7	Rr	3879	0.400	22	25
7	Rr	3615	0.373	22	30
7	Rr	3968	0.410	22	35
7	Rr	3493	0.360	22	40
7	Rr	3550	0.366	22	45
7	Rr	3758	0.388	22	50
7	Rr	3571	0.369	22	55
7	Rr	3981	0.411	23	00
7	Rr	3646	0.376	23	05
7	Rr	3574	0.369	23	10
7	Rr	3589	0.370	23	15
7	Rr	4201	0.434	23	20
7	Rr	3426	0.354	23	25
7	Rr	3180	0.328	23	30
7	Rr	3525	0.364	23	35
7	Rr	3265	0.337	23	40
7	Rr	3261	0.337	23	45
7	Rr	3283	0.339	23	50
7	Rr	3022	0.312	23	55
o	*f	0R	r
o	lRQ	1	968973	256804430	[unresolved numerical addresses]
Z	*f	-20R	r
Z	lRb	1	42702	3.171	66.249
Z	lRb	1	40147	1.865	69
Z	lRb	1	25045	1.979	35
Z	lRb	1	24899	0.958	46
Z	lRb	1	21898	3.129	157.55
Z	lRb	1	17999	3.001	70
Z	lRb	1	16625	2.245	207.46
Z	lRb	1	15710	1.802	54
Z	lRb	1	15646	1.225	34
Z	lRb	1	15368	1.460	76
Z	lRb	1	15073	2.515	40
Z	lRb	1	13308	1.728	72
Z	lRb	1	12111	0.108	178.137
Z	lRb	1	11786	1.139	75
Z	lRb	1	11643	1.309	5
Z	lRb	1	10785	0.904	74
Z	lRb	1	10723	1.043	123
Z	lRb	1	9786	0.641	71
Z	lRb	1	9028	0.579	37
Z	lRb	1	8841	0.988	104
Z	lRb	1	619850	68.211	[not listed: 8575]
S	*f	-50P	r
S	Rb	4702	0.467	14.33.246.211
S	Rb	3650	0.773	192.234.235.103
S	Rb	3248	0.292	192.99.15.146
S	Rb	2341	0.161	100.43.83.148
S	Rb	1992	0.081	66.249.75.109
S	Rb	1829	0.176	37.59.14.116
S	Rb	1781	0.255	75.98.173.33
S	Rb	1597	0.154	78.155.138.20
S	Rb	1543	0.087	199.21.99.79
S	Rb	1459	0.012	92.249.127.111
S	Rb	1330	0.021	109.102.111.58
S	Rb	1312	0.053	205.203.134.197
S	Rb	1304	0.228	5.196.13.127
S	Rb	1276	0.142	208.115.113.82
S	Rb	1270	0.077	95.108.248.29
S	Rb	1142	0.001	91.207.9.226
S	Rb	1109	0.262	75.98.173.84
S	Rb	1107	0.019	66.249.69.97
S	Rb	1081	0.022	66.249.69.81
S	Rb	1070	0.048	49.7.20.102
S	Rb	1051	0.038	66.249.69.192
S	Rb	1039	0.018	66.249.69.89
S	Rb	1030	0.116	5.255.250.90
S	Rb	1024	0.088	95.108.150.235
S	Rb	1012	0.097	192.99.6.132
S	Rb	957	0.216	199.21.99.197
S	Rb	951	0.074	66.249.73.133
S	Rb	902	0.020	106.38.241.144
S	Rb	892	0.181	79.125.27.96
S	Rb	825	0.039	144.76.27.118
S	Rb	815	0.035	178.63.23.80
S	Rb	812	0.111	66.249.64.90
S	Rb	808	0.216	149.202.211.239
S	Rb	791	0.076	192.99.7.55
S	Rb	786	0.138	66.11.128.152
S	Rb	777	0.001	193.150.120.14
S	Rb	760	0.060	208.115.113.92
S	Rb	756	0.025	82.145.46.102
S	Rb	744	0.012	109.102.111.20
S	Rb	739	0.011	109.102.111.50
S	Rb	704	0.001	109.120.157.179
S	Rb	698	0.030	220.181.125.162
S	Rb	694	0.045	78.155.138.30
S	Rb	686	0.024	66.249.65.212
S	Rb	664	0.064	94.23.59.173
S	Rb	653	0.086	52.21.132.215
S	Rb	649	0.063	46.105.74.59
S	Rb	633	0.095	216.244.66.229
S	Rb	627	0.018	66.249.65.205
S	Rb	609	0.059	94.23.215.29
S	Rb	908742	94.613	[not listed: 85558]
s	*FR	2013	12	18	21	53
s	*LR	2021	07	16	23	02
s	*f	-20R	s
s	lRS	1	187290	887	http://www.gtaeronautics.com/
s	lRS	1	43930	113	http://gtaeronautics.com/
s	lRS	1	4800	7	https://www.google.com/
s	lRS	1	243	2	https://www.bing.com/
s	lRS	1	237	2	https://www.thomasnet.com/
s	lRS	1	1540	1	http://www.google.com/
s	lRS	1	1159	0	http://www.trainingindustry.com/
s	lRS	1	1123	0	http://www.baidu.com/
s	lRS	1	609	0	http://www.mfgpages.com/
s	lRS	1	604	0	http://www.openfos.com/
s	lRS	1	517	0	http://www.topicway.com/
s	lRS	1	462	0	http://anti-crisis-seo.com/
s	lRS	1	395	0	http://uptime.com/
s	lRS	1	362	0	http://semalt.semalt.com/
s	lRS	1	325	0	http://www.bing.com/
s	lRS	1	301	0	http://chimiver.info/
s	lRS	1	280	0	https://www.google.co.in/
s	lRS	1	262	0	http://google.co.jp/
s	lRS	1	236	0	http://www.thomasnet.com/
s	lRS	1	234	0	http://www.artparquet.ru/
s	lRS	1	47795	52	[not listed: 4249]
f	*FR	2013	12	18	21	53
f	*LR	2021	07	16	23	02
f	*f	-30R	s
f	lRS	1	125166	761	http://www.gtaeronautics.com/
f	lRS	1	29959	105	http://gtaeronautics.com/
f	lRS	1	8994	23	http://www.gtaeronautics.com/aboutus.html
f	lRS	1	5755	21	http://www.gtaeronautics.com/UASFC.html
f	lRS	1	1528	15	http://www.gtaeronautics.com/consultinga.html
f	lRS	1	1481	15	http://www.gtaeronautics.com/IndNews.html
f	lRS	1	1696	11	http://www.gtaeronautics.com/SRU.html
f	lRS	1	4417	7	https://www.google.com/
f	lRS	1	2413	7	http://www.gtaeronautics.com/pna.html
f	lRS	1	2249	7	http://www.gtaeronautics.com/GT380 RPAS.html
f	lRS	1	1502	6	http://www.gtaeronautics.com/GT50T RPAS.html
f	lRS	1	1847	4	http://www.gtaeronautics.com/CompNews.html
f	lRS	1	2035	3	http://www.gtaeronautics.com/GT1500 RPAS.html
f	lRS	1	1764	3	http://www.gtaeronautics.com/CFMT.html
f	lRS	1	5448	1	http://gtaeronautics.com/IndNews.html
f	lRS	1	6810	0	http://www.gtaeronautics.com/CCT&M.html
f	lRS	1	4080	0	http://www.gtaeronautics.com/ConsultingA.html
f	lRS	1	4071	0	http://www.gtaeronautics.com/index.html
f	lRS	1	1987	0	http://www.gtaeronautics.com/uasfc.html
f	lRS	1	1883	0	http://www.gtaeronautics.com/RD.html
f	lRS	1	1524	0	http://www.gtaeronautics.com/EMPLOYMENT.html
f	lRS	1	1287	0	http://www.gtaeronautics.com/contactus.html
f	lRS	1	1264	0	http://gtaeronautics.com/aboutus.html
f	lRS	1	1159	0	http://www.trainingindustry.com/
f	lRS	1	1140	0	http://www.gtaeronautics.com/compnews.html
f	lRS	1	1079	0	http://www.baidu.com/s
f	lRS	1	1064	0	http://www.gtaeronautics.com/links.html
f	lRS	1	892	0	http://www.google.com/url
f	lRS	1	865	0	http://www.gtaeronautics.com/FAQ.html
f	lRS	1	765	0	http://gtaeronautics.com/index.html
f	lRS	1	66580	75	[not listed: 4868]
n	*FR	2013	12	19	00	28
n	*LR	2020	10	14	09	11
n	*f	0.500000%Q	s
n	Rq	1	175.116	kit
n	Rq	1	175.116	method
n	Rq	2	92.143	crew
n	Rq	28	239.310	aeronautical
n	Rq	1	175.116	airplane.com
n	Rq	5	101.314	faa
n	Rq	40	257.652	gt
n	Rq	1	175.116	moldings
n	Rq	1	175.116	twin
n	Rq	1	175.116	taranis
n	Rq	2	175.116	installerex
n	Rq	2	175.116	http://gtaeronautics.com/
n	Rq	20	202.628	in
n	Rq	1	175.116	scale
n	Rq	1	175.116	observer
n	Rq	1	175.116	drawing?
n	Rq	2	175.116	is
n	Rq	1	175.116	making
n	Rq	2	92.143	fiber
n	Rq	1	175.116	mitsubishi
n	Rq	1	175.116	fuze
n	Rq	1	175.116	http://www.gtaeronautics.com/indnews.html
n	Rq	92	175.116	semalt.com
n	Rq	1	175.116	consultant
n	Rq	15	184.287	manufacturing
n	Rq	1	175.116	2
n	Rq	1	175.116	base
n	Rq	14	128.826	6
n	Rq	1	175.116	http://gtaeronautics.com/indnews.html
n	Rq	1	175.116	always
n	Rq	28	248.481	engineering
n	Rq	1	175.116	northrop
n	Rq	1	175.116	bandwidth
n	Rq	1	175.116	vegas
n	Rq	3	92.143	basic
n	Rq	1	175.116	qinetiq
n	Rq	1	175.116	tooling
n	Rq	1	175.116	on
n	Rq	1	175.116	heavy
n	Rq	9	110.485	drawings
n	Rq	1	175.116	fia
n	Rq	4	175.116	louis%20vuitton%20fashion%20valley%20phone%20number
n	Rq	3	175.116	llc
n	Rq	3	9.171	rullman
n	Rq	1	175.116	cowling
n	Rq	32	9.171	sale
n	Rq	64	18.341	outlet
n	Rq	1	175.116	rotax
n	Rq	1	175.116	ucav
n	Rq	28	73.365	texan
n	Rq	1	175.116	a
n	Rq	2	175.116	customer
n	Rq	1	175.116	rpa
n	Rq	2	92.143	110cc
n	Rq	30	175.116	designer
n	Rq	20	101.314	www.gtaeronautics.com
n	Rq	1	175.116	work
n	Rq	1	175.116	thomas
n	Rq	1	175.116	engie
n	Rq	1	175.116	qualification
n	Rq	1	175.116	custom
n	Rq	1	175.116	mk3
n	Rq	1	175.116	t
n	Rq	1	175.116	uavs
n	Rq	1	175.116	w
n	Rq	2	175.116	satisfaction
n	Rq	2	92.143	x
n	Rq	1	175.116	crews
n	Rq	3	175.116	photos
n	Rq	1	175.116	finnemeccia
n	Rq	2	92.143	glass
n	Rq	1	9.171	to
n	Rq	1	175.116	gcs
n	Rq	5	101.314	engineer
n	Rq	1	175.116	government
n	Rq	1	175.116	operator
n	Rq	6	18.341	aircraft
n	Rq	1	175.116	with
n	Rq	97	92.143	number
n	Rq	4	9.171	for
n	Rq	1	175.116	december
n	Rq	2	92.143	aero
n	Rq	9	92.143	equipment
n	Rq	2	92.143	engine
n	Rq	1	175.116	mq1
n	Rq	2	92.143	wy
n	Rq	1	175.116	custum
n	Rq	1	175.116	g.t
n	Rq	1	175.116	mechanics
n	Rq	1	92.143	motors
n	Rq	1	175.116	tdw
n	Rq	32	101.314	luggage
n	Rq	1	175.116	opportunities
n	Rq	175	137.996	vuitton
n	Rq	1	175.116	show
n	Rq	1	9.171	the
n	Rq	1	175.116	luggages
n	Rq	1	175.116	stroke
n	Rq	2	175.116	explore
n	Rq	39	92.143	handbags
n	Rq	2	92.143	electric
n	Rq	1	175.116	space
n	Rq	1	92.143	air
n	Rq	1	175.116	quote
n	Rq	1	175.116	require
n	Rq	1	175.116	mpp
n	Rq	4	92.143	jobs
n	Rq	5	101.314	uas
n	Rq	1	175.116	anything
n	Rq	1	175.116	china
n	Rq	1	175.116	airplane
n	Rq	10	202.628	uav
n	Rq	2	175.116	wmaid.com
n	Rq	3	184.287	drone
n	Rq	7	193.457	fiberglass
n	Rq	2	175.116	facebook
n	Rq	1	175.116	college
n	Rq	4	184.287	onboard
n	Rq	3	92.143	gtaeronautics.com
n	Rq	1	175.116	qulificationa
n	Rq	21	211.798	simi
n	Rq	1	175.116	and
n	Rq	5	9.171	flight
n	Rq	17	211.798	at6
n	Rq	1	175.116	xtreme
n	Rq	1	175.116	maintenance
n	Rq	1	175.116	cody
n	Rq	1	175.116	systems
n	Rq	1	175.116	any
n	Rq	1	175.116	tom
n	Rq	1	175.116	payload
n	Rq	2	92.143	gta
n	Rq	2	175.116	granger
n	Rq	8	193.457	extreme
n	Rq	6	101.314	molding
n	Rq	2	175.116	easylifeapp
n	Rq	1	175.116	rating
n	Rq	2	175.116	whitelaw
n	Rq	126	193.457	fashion
n	Rq	2	92.143	ice
n	Rq	2	175.116	http://www.gtaeronautics.com/compnews.html
n	Rq	5	92.143	engineers
n	Rq	3	92.143	composite
n	Rq	1	175.116	skyforce
n	Rq	1	175.116	eengineer
n	Rq	175	137.996	louis
n	Rq	8	175.116	store
n	Rq	4	184.287	starter
n	Rq	14	184.287	cheap
n	Rq	1	175.116	diamond
n	Rq	10	27.512	bme
n	Rq	1	175.116	america2009
n	Rq	7	175.116	content
n	Rq	1	175.116	challenge
n	Rq	2	92.143	aeronautic
n	Rq	1	175.116	piece
n	Rq	1	175.116	how
n	Rq	1	175.116	male
n	Rq	2	92.143	design
n	Rq	2	92.143	flying
n	Rq	1	175.116	carbon
n	Rq	1	175.116	operation
n	Rq	2	175.116	profile
n	Rq	1	175.116	tomas
n	Rq	1	175.116	cia
n	Rq	1	175.116	hummingbird
n	Rq	1	175.116	iron
n	Rq	1	175.116	california
n	Rq	1	175.116	amphibian
n	Rq	1	175.116	110
n	Rq	1	175.116	mentioned
n	Rq	1	175.116	111
n	Rq	1	175.116	over
n	Rq	25	239.310	http://www.gtaeronautics.com/
n	Rq	1	175.116	google.com
n	Rq	1	175.116	fuel
n	Rq	2	175.116	inc
n	Rq	1	175.116	handbag.com
n	Rq	1	175.116	da42
n	Rq	2	92.143	certification
n	Rq	1	175.116	timing
n	Rq	1	175.116	2015
n	Rq	1	175.116	home
n	Rq	1	175.116	aerospacecompanies
n	Rq	1	175.116	anti
n	Rq	1	175.116	ziroli
n	Rq	1	175.116	sketches
n	Rq	5	175.116	purses
n	Rq	1	175.116	downlink
n	Rq	3	175.116	aeronotics
n	Rq	1	175.116	nanotechnology
n	Rq	1	175.116	zephyr
n	Rq	4	175.116	wyoming
n	Rq	2	175.116	technology
n	Rq	3	9.171	companies
n	Rq	1	175.116	muffler
n	Rq	2	175.116	avia
n	Rq	2	175.116	what
n	Rq	145	230.140	valley
n	Rq	1	175.116	microwave
n	Rq	1	175.116	mold
n	Rq	5	184.287	pglm
n	Rq	1	175.116	specialist
n	Rq	23	147.167	drawing
n	Rq	1	175.116	tool
n	Rq	1	175.116	security
n	Rq	6	92.143	prototypes
n	Rq	1	175.116	giant
n	Rq	1	175.116	powell
n	Rq	8	193.457	aerospace
n	Rq	4	184.287	unmanned
n	Rq	34	165.508	aeronautics
n	Rq	1	175.116	radius
n	Rq	1	175.116	zero
n	Rq	1	175.116	tobbot
n	Rq	2	92.143	job
n	Rq	2	92.143	neverfull
n	Rq	1	175.116	onbordstarter
n	Rq	20	184.287	ca
n	Rq	1	92.143	as
n	Rq	13	211.798	at
n	Rq	5	101.314	techniques
n	Rq	1	175.116	does
n	Rq	1	175.116	commercial
n	Rq	1	175.116	www.gt
n	Rq	1	175.116	de
n	Rq	1	175.116	co
n	Rq	1	175.116	speedy
n	Rq	1	175.116	rpas
n	Rq	2	92.143	instrument
n	Rq	1	175.116	do
n	Rq	1	175.116	quotation
n	Rq	3	9.171	training
n	Rq	1	175.116	efi
n	Rq	1	175.116	careers
n	Rq	3	9.171	pilot
n	Rq	9	110.485	bandito
n	Rq	4	184.287	quotes
n	Rq	107	184.287	phone
n	Rq	1	175.116	stations
n	Rq	1	175.116	traing
N	*FR	2013	12	19	00	28
N	*LR	2020	10	14	09	11
N	*f	-200Q	s
N	RQ	25	3982471844	http://www.gtaeronautics.com/
N	RQ	6	3066795224	texan at6
N	RQ	5	3066795224	bandito pglm
N	RQ	1	2914182454	uavs flying over simi valley ca
N	RQ	1	2914182454	gt aeronautics simi valley california
N	RQ	1	2914182454	aeronautical engineer quote
N	RQ	1	2914182454	does aeronautical engineering require drawing?
N	RQ	1	2914182454	how to do gt in engineering drawing
N	RQ	2	2914182454	http://gtaeronautics.com/
N	RQ	1	2914182454	the government college g.t aeronautics
N	RQ	1	2914182454	bme engine
N	RQ	1	2914182454	uas gcs
N	RQ	1	2914182454	http://www.gtaeronautics.com/indnews.html
N	RQ	92	2914182454	semalt.com
N	RQ	1	2914182454	aero iron mentioned nanotechnology hummingbird uav
N	RQ	1	2914182454	basic fiberglass techniques
N	RQ	1	2914182454	http://gtaeronautics.com/indnews.html
N	RQ	1	2914182454	finnemeccia co
N	RQ	2	2914182454	drawing for customer satisfaction
N	RQ	1	2914182454	cheap louis vuitton speedy handbag.com
N	RQ	1	2914182454	at 6
N	RQ	1	2914182454	quotation specialist engineer drawings
N	RQ	1	2914182454	challenge xtreme 111 piece mechanics tool kit
N	RQ	1	2914182454	uav commercial crew stations
N	RQ	1	2914182454	da42 mpp microwave downlink bandwidth
N	RQ	1	2914182454	anti ice de ice qinetiq zephyr
N	RQ	4	2914182454	louis%20vuitton%20fashion%20valley%20phone%20number
N	RQ	1	2914182454	faa uas pilot certification
N	RQ	1	2914182454	any flying crews in gta
N	RQ	1	2914182454	aerospace drawing
N	RQ	1	2914182454	fiber glass molding job
N	RQ	1	2914182454	aircraft design consultant
N	RQ	1	2914182454	www.gt airplane.com
N	RQ	3	2914182454	gt in aeronotics
N	RQ	1	2914182454	tom rullman
N	RQ	1	2914182454	gt aeronautics simi valley ca
N	RQ	1	2914182454	drone base in simi valley
N	RQ	1	2914182454	fiberglass mold making techniques
N	RQ	1	2914182454	rpa instrument qualification faa instrument rating
N	RQ	1	2914182454	extreme bme
N	RQ	1	2914182454	uas faa maintenance
N	RQ	1	2914182454	louis vuitton neverfull
N	RQ	1	2914182454	fiberglass techniques
N	RQ	1	2914182454	aircraft companies in simi valley
N	RQ	1	2914182454	custom fiberglass moldings
N	RQ	11	2914182454	louis vuitton luggage cheap
N	RQ	1	2914182454	anything
N	RQ	1	2914182454	aeronautical engineering sketches
N	RQ	1	2914182454	gtaeronautics.com
N	RQ	1	2914182454	giant scale ziroli at 6
N	RQ	9	2914182454	outlet louis vuitton handbags
N	RQ	1	2914182454	cowling drawing
N	RQ	1	2914182454	mitsubishi zero
N	RQ	1	2914182454	powell wy gt aeronautics
N	RQ	2	2914182454	what is gt in basic engineering drawing
N	RQ	2	2914182454	composite molding
N	RQ	1	2914182454	aeronautics in simi valley and security work
N	RQ	3	2914182454	gt aeronautics llc jobs
N	RQ	1	2914182454	crew flight gta
N	RQ	1	2914182454	110cc engine timing
N	RQ	1	2914182454	aeronautical engineer quotes
N	RQ	2	2914182454	http://www.gtaeronautics.com/compnews.html
N	RQ	4	2914182454	wyoming flight engineers
N	RQ	1	2914182454	a t 6
N	RQ	1	2914182454	gt aeronautics unmanned air
N	RQ	1	2914182454	fia gt composite tooling
N	RQ	1	2914182454	uas pilot certification
N	RQ	1	2914182454	quotes on aeronautical engineers
N	RQ	1	2914182454	payload for diamond northrop twin engie aircraft
N	RQ	7	2914182454	content
N	RQ	1	2914182454	bme 110
N	RQ	1	2914182454	thomas w rullman gt aeronautics
N	RQ	1	2914182454	luggages for sale
N	RQ	2	2914182454	easylifeapp profile
N	RQ	2	2914182454	simi gt
N	RQ	1	2914182454	mq1 design fuel
N	RQ	1	2914182454	airplane as always cia america2009
N	RQ	1	2914182454	eengineer drawing home
N	RQ	1	2914182454	heavy equipment operator jobs
N	RQ	1	2914182454	aero space drone simi valley
N	RQ	1	2914182454	cheap louis vuitton luggage
N	RQ	1	2914182454	2 stroke electric onboard starter
N	RQ	1	2914182454	skyforce observer mk3
N	RQ	1	2914182454	simi valley unmanned aircraft
N	RQ	2	2914182454	granger whitelaw avia
N	RQ	1	2914182454	louis vuitton fashion valley neverfull
N	RQ	1	2914182454	louis vuitton job opportunities
N	RQ	1	2914182454	google.com
N	RQ	1	2914182454	uas operation training method
N	RQ	2	2914182454	wmaid.com explore gtaeronautics.com
N	RQ	1	2914182454	custum muffler 110cc
N	RQ	1	2914182454	glass manufacturing drawings
N	RQ	1	2914182454	electric motors x male uav x sale
N	RQ	1	2914182454	aerospacecompanies in simi valley
N	RQ	1	2914182454	fiberglass molding
N	RQ	2	2914182454	aeronautical technology inc
N	RQ	1	2914182454	taranis ucav
N	RQ	1	2914182454	vegas drone uav show december 2015
N	RQ	1	2914182454	uav companies in simi valley
N	RQ	1	2914182454	unmanned aircraft systems pilot training
N	RQ	2	2914182454	installerex facebook
N	RQ	3	2914182454	texan at6 photos
N	RQ	1	2914182454	aeronautic engineer
N	RQ	30	2914182454	designer handbags outlet sale
N	RQ	1	2914182454	rpas qulificationa traing with faa
N	RQ	1	2914182454	faa uav training
N	RQ	1	2914182454	uav companies simi valley
N	RQ	5	2914182454	louis vuitton purses outlet
N	RQ	1	2914182454	aeronautics
N	RQ	1	2914182454	cheap louis vuitton luggage outlet
N	RQ	1	2914182454	gt aeronautics tomas rullman
N	RQ	1	2914182454	tobbot
N	RQ	1	2914182454	radius tdw efi fuze
N	RQ	8	2914182454	manufacturing equipment store in simi valley
N	RQ	1	2914182454	aeronautic engineer quotes
N	RQ	1	2914182454	onbordstarter
N	RQ	1	2914182454	rotax amphibian unmanned china
N	RQ	1	2914182454	aeronautical engineering quotes
N	RQ	1	2914182454	drawing aircraft engineering
N	RQ	1	2914182454	gt aeronautics careers
N	RQ	1	2914182454	gt aeronautics bandito
N	RQ	1	2914182454	cody wy carbon fiber
N	RQ	20	2143848692	gt aeronautics
N	RQ	8	1838623152	at6 texan
N	RQ	20	1686010382	www.gtaeronautics.com
N	RQ	2	1533397612	fiberglass molding techniques
N	RQ	6	1533397612	manufacturing aeronautical prototypes
N	RQ	19	1533397612	louis vuitton luggage outlet
N	RQ	10	1533397612	louis vuitton fashion valley phone
N	RQ	97	1533397612	louis vuitton fashion valley phone number
N	RQ	2	1533397612	texan at 6
N	RQ	18	1533397612	louis vuitton fashion valley ca
N	RQ	14	610451080	aeronautical engineering drawing
N	RQ	9	457838310	at 6 texan
N	RQ	7	305225540	bme extreme
N	RQ	7	305225540	aerospace engineering drawings
N	RQ	3	152612770	bandito uav
N	RQ	3	152612770	onboard starter
B	*f	-40R	r
B	Rb	35408	4.928	Mozilla/5.0 (compatible; bingbot/2.0;  http://www.bing.com/bingbot.htm)
B	Rb	32698	2.011	ZoominfoBot (zoominfobot at zoominfo dot com)
B	Rb	25991	1.829	Mozilla/5.0 (compatible; Googlebot/2.1;  http://www.google.com/bot.html)
B	Rb	15774	1.471	Mozilla/4.0 (compatible; MSIE 6.0; Windows NT 5.1; SV1)
B	Rb	12580	2.129	Mozilla/5.0 (iPhone; CPU iPhone OS 7_0 like Mac OS X) AppleWebKit/537.51.1 (KHTML, like Gecko) Version/7.0 Mobile/11A465 Safari/9537.53 (compatible; bingbot/2.0;  http://www.bing.com/bingbot.htm)
B	Rb	10183	0.700	Sogou web spider/4.0( http://www.sogou.com/docs/help/webmasters.htm#07)
B	Rb	9948	1.071	Mozilla/5.0 (compatible; YandexBot/3.0;  http://yandex.com/bots)
B	Rb	9921	1.060	Mozilla/5.0 (compatible; Baiduspider/2.0;  http://www.baidu.com/search/spider.html)
B	Rb	9735	0.878	Mozilla/5.0 (Windows NT 6.1; WOW64; Trident/7.0; rv:11.0) like Gecko
B	Rb	8061	1.413	Mozilla/4.0 (compatible; MSIE 7.0; Windows NT 5.1; .NET CLR 1.1.4322; .NET CLR 2.0.50727)
B	Rb	7446	0.646	Mozilla/5.0 (compatible; Yahoo! Slurp; http://help.yahoo.com/help/us/ysearch/slurp)
B	Rb	7100	0.335	Mozilla/4.0 (compatible; MSIE 6.0; Windows NT 5.1; SV1; .NET CLR 2.0.50727)
B	Rb	6942	0.293	Mozilla/4.0 (compatible;)
B	Rb	6427	0.487	Mozilla/4.0 (compatible; MSIE 6.0; Windows NT 5.1)
B	Rb	6164	0.070	Mozilla/4.0 (compatible; MSIE 7.0; Windows NT 5.1; .NET CLR 1.1.4322; .NET CLR 2.0.50727; .NET CLR 3.0.4506.2152; .NET CLR 3.5.30729)
B	Rb	6152	0.550	Mozilla/4.0 (compatible; MSIE 7.0; Windows NT 6.1; WOW64; Trident/5.0; SLCC2; .NET CLR 2.0.50727; .NET CLR 3.5.30729; .NET CLR 3.0.30729; Media Center PC 6.0; .NET4.0C; .NET4.0E)
B	Rb	6060	0.350	Mozilla/5.0 (Windows NT 6.1; WOW64) AppleWebKit/537.36 (KHTML, like Gecko) Chrome/36.0.1985.143 Safari/537.36
B	Rb	5848	0.415	Sosospider ( http://help.soso.com/webspider.htm)
B	Rb	5773	0.182	Googlebot-Image/1.0
B	Rb	5436	0.472	Mozilla/5.0 (Windows; U; Windows NT 5.1; en-US; rv:1.7.2) Gecko/20040804 Netscape/7.2 (ax)
B	Rb	5308	0.202	Mozilla/4.0 (compatible; MSIE 7.0; Windows NT 5.1; .NET CLR 1.1.4322; .NET CLR 2.0.50727; .NET CLR 3.0.04506.30)
B	Rb	5198	0.500	Mozilla/4.0 (compatible; MSIE 7.0; Windows NT 5.1)
B	Rb	4873	0.188	Mozilla/5.0 (compatible; MSIE 9.0; Windows NT 6.1; WOW64; Trident/5.0)
B	Rb	4833	1.543	Mozilla/5.0 (Windows NT 6.3; WOW64) AppleWebKit/537.36 (KHTML, like Gecko) Chrome/33.0.1736.0 Safari/537.36
B	Rb	4446	0.276	Mozilla/5.0 (compatible; Yahoo! Slurp/3.0; http://help.yahoo.com/help/us/ysearch/slurp)
B	Rb	4373	0.324	Mozilla/5.0 (compatible; AhrefsBot/7.0;  http://ahrefs.com/robot/)
B	Rb	4368	0.055	Mozilla/4.0 (compatible; MSIE 7.0; Windows NT 5.1; .NET CLR 2.0.50727; .NET CLR 3.0.4506.2152; .NET CLR 3.5.30729)
B	Rb	4197	0.678	Mozilla/5.0 (iPhone; CPU iPhone OS 7_0 like Mac OS X) AppleWebKit/537.51.1 (KHTML, like Gecko) Version/7.0 Mobile/11A465 Safari/9537.53 BingPreview/1.0b
B	Rb	4114	0.581	Mozilla/5.0 (Linux; Android 6.0.1; Nexus 5X Build/MMB29P) AppleWebKit/537.36 (KHTML, like Gecko) Chrome/41.0.2272.96 Mobile Safari/537.36 (compatible; Googlebot/2.1;  http://www.google.com/bot.html)
B	Rb	3762	0.232	Mozilla/4.0 (compatible; MSIE 6.0; Windows NT 5.1; SV1; .NET CLR 1.1.4322)
B	Rb	3595	0.435	Mozilla/4.0 (compatible; MSIE 7.0; Windows NT 5.1; InfoPath.2; .NET CLR 2.0.50727; .NET CLR)
B	Rb	3493	0.280	Mozilla/5.0 (compatible; MJ12bot/v1.4.5; http://www.majestic12.co.uk/bot.php? )
B	Rb	3481	0.192	Mozilla/5.0 (X11; Datanyze; Linux x86_64) AppleWebKit/537.36 (KHTML, like Gecko) Chrome/65.0.3325.181 Safari/537.36
B	Rb	3358	0.577	PRurl
B	Rb	3325	0.118	Mozilla/5.0 (compatible; SeznamBot/3.2;  http://napoveda.seznam.cz/en/seznambot-intro/)
B	Rb	3206	0.845	Mozilla/4.0 (compatible; MSIE 7.0; Windows NT 5.1; .NET CLR 2.0.50727; .NET CLR 1.1.4322)
B	Rb	3062	0.123	Mozilla/4.0 (compatible; MSIE 7.0; Windows NT 5.1; .NET CLR 1.1.4322)
B	Rb	3049	0.064	Mozilla/4.0 (compatible; MSIE 8.0; Windows NT 5.1; Trident/4.0; .NET CLR 2.0.50727; .NET CLR 3.0.4506.2152; .NET CLR 3.5.30729; .NET4.0C; .NET CLR 1.1.4322)
B	Rb	2895	0.338	Mozilla/5.0 (compatible; MSIE 9.0; Windows NT 6.1; Trident/5.0)
B	Rb	2884	0.254	Mozilla/4.0 (compatible; MSIE 6.0; Windows NT 5.1; SV1; .NET CLR 1.1.4322; .NET CLR 2.0.50727)
B	Rb	648413	70.904	[not listed: 19420]
b	*f	-15Q	s
b	lRQq	1	14874	4026035950	677.750	Opera
b	lRQq	2	4371	2754299784	463.663	Opera/8
b	lRQq	2	6288	58103918	9.781	Opera/9
b	lRQq	2	3131	3677246304	619.034	Opera/7
b	lRQq	2	18	3372020764	567.652	Opera/10
b	lRQq	2	17	2914182454	490.578	Opera/98
b	lRQq	2	1	2914182454	490.578	Opera/3
b	lRQq	2	16	457838310	77.073	Opera/11
b	lRQq	2	10	305225540	51.382	Opera/12
b	lRQq	2	1012	305225540	51.382	Opera/6
b	lRQq	2	10	152612770	25.691	Opera/5
b	lRQq	1	23	4287697384	721.798	MobileSafari
b	lRQq	2	3	1686010382	283.826	MobileSafari/602
b	lRQq	2	2	1533397612	258.135	MobileSafari/9537
b	lRQq	2	17	763063850	128.455	MobileSafari/604
b	lRQq	2	1	152612770	25.691	MobileSafari/601
b	lRQq	1	4071	3815319250	642.277	Java
b	lRQq	2	16	2914182454	490.578	Java/11
b	lRQq	2	4055	901136796	151.699	Java/1
b	lRQq	1	324	3677246304	619.034	Wget
b	lRQq	2	324	3677246304	619.034	Wget/1
b	lRQq	1	54	3524633534	593.343	Google
b	lRQq	2	50	1991235922	335.208	Google/2
b	lRQq	2	4	1533397612	258.135	Google/1
b	lRQq	1	131	3372020764	567.652	Lynx
b	lRQq	2	131	3372020764	567.652	Lynx/2
b	lRQq	1	2	3372020764	567.652	() { :;}; 
b	lRQq	2	2	3372020764	567.652	() { :;}; /bin/bash
b	lRQq	1	88	3372020764	567.652	GuzzleHttp
b	lRQq	2	88	3372020764	567.652	GuzzleHttp/6
b	lRQq	1	238	3364750852	566.428	curl
b	lRQq	2	237	450568398	75.849	curl/7
b	lRQq	1	122	3219407994	541.961	MSIE or
b	lRQq	1	14	3219407994	541.961	PycURL
b	lRQq	2	14	3219407994	541.961	PycURL/7
b	lRQq	1	18	3066795224	516.269	Chrome
b	lRQq	2	1	2914182454	490.578	Chrome/33
b	lRQq	2	1	2914182454	490.578	Chrome/70
b	lRQq	1	457	3066795224	516.269	facebookexternalhit
b	lRQq	2	457	3066795224	516.269	facebookexternalhit/1
b	lRQq	1	5	3066795224	516.269	QuickTime
b	lRQq	2	5	3066795224	516.269	QuickTime/7
b	lRQq	1	42	3066795224	516.269	CRAZYWEBCRAWLER
b	lRQq	2	42	3066795224	516.269	CRAZYWEBCRAWLER/0
b	lRQq	1	939417	615895096	103.681	[not listed: 834]
p	*f	0Q	s
p	lR	1	226385	OS unknown
p	lR	1	523951	Windows
p	lR	2	221433	Unknown Windows
p	lR	2	47722	Windows NT
p	lR	2	238774	Windows XP
p	lR	2	2329	Windows 98
p	lR	2	1413	Windows ME
p	lR	2	2193	Windows 95
p	lR	2	392	Windows CE
p	lR	2	9314	Windows 2000
p	lR	2	381	Windows 3.1
p	lR	1	75256	Known robots
p	lR	1	53755	Unix
p	lR	2	52955	Linux
p	lR	2	22	SunOS
p	lR	2	46	BSD
p	lR	2	729	Other Unix
p	lR	2	3	HP-UX
p	lR	1	80501	Macintosh
p	lR	2	76410	Unknown Macintosh
p	lR	2	3113	Macintosh PowerPC
p	lR	2	978	Macintosh 68k
p	lR	1	16	WebTV
p	lR	1	1	BeOS
p	lR	1	8	OS/2
p	lR	1	7	Amiga
i	*f	0R	s
i	lRc	1	561845	31.732	[root directory]
i	lRc	1	255851	68.010	/images/
i	lRc	1	98148	0.134	/js/
i	lRc	1	51473	0.124	/css/
i	lRc	1	865	0.000	/videos/
i	lRc	1	541	0.000	/client/
i	lRc	1	1	0.000	/cgi-bin/
i	lRc	1	174	0.000	/dev/
i	lRc	2	23	0.000	/dev/css/
i	lRc	2	44	0.000	/dev/js/
i	lRc	2	59	0.000	/dev/images/
i	lRc	1	1	0.000	/secure/
i	lRc	1	74	0.000	/stats/
r	*f	0.050000%S	s
r	lRSc	1	26338	81	2.900	/aboutus.html
r	lRSc	1	22663	77	34.552	/compnews.html
r	lRSc	1	17241	75	4.127	/consultinga.html
r	lRSc	1	16700	75	2.587	/cfmt.html
r	lRSc	1	17654	73	1.649	/contactus.html
r	lRSc	1	13165	70	1.630	/pna.html
r	lRSc	1	21328	70	3.857	/uasfc.html
r	lRSc	1	14942	67	1.833	/employment.html
r	lRSc	1	8226	67	2.567	/sru.html
r	lRSc	1	4968	64	2.430	/gt380+rpas.html
r	lRSc	1	16554	64	3.113	/cct&m.html
r	lRSc	1	5068	64	2.447	/gt1500+rpas.html
r	lRSc	1	4705	58	2.194	/gt50t+rpas.html
r	lRSc	1	588	38	1.372	/gt100hl+rpas.html
r	lRSc	1	14263	23	0.982	/links.html
r	lRSc	1	12453	19	0.833	/faq.html
r	lRSc	1	13605	17	0.639	/indevents.html
r	lRSc	1	26731	13	29.598	/indnews.html
r	lRSc	1	9544	9	0.326	/rd.html
r	lRSc	1	4042	5	0.180	/uavengines.html
r	lRSc	1	3775	2	0.077	/banditomav.html
r	lRSc	1	3879	2	0.069	/gtatexan.html
r	lRSc	1	3688	1	0.039	/bandituas.html
r	lRSc	1	35272	0	0.000	[not listed: 62]
t	*f	0.100000%B	b
t	lRb	1	298401	38.460	.html [Hypertext Markup Language]
t	lRb	1	197916	29.907	.jpg  [JPEG graphics]
t	lRb	1	230972	22.200	[directories]
t	lRb	1	778	3.425	.wmv
t	lRb	1	87	3.362	.mpg  [MPEG movie]
t	lRb	1	18734	1.446	.asp  [Active Server REQUESTS]
t	lRb	1	58018	0.435	.gif  [GIF graphics]
t	lRb	1	98192	0.351	.js  [JavaScript code]
t	lRb	1	51488	0.311	.css  [Cascading Style Sheets]
t	lRb	1	14117	0.102	.ico
t	lRb	1	270	0.001	[not listed: 5]
z	*FR	2009	06	30	04	42
z	*LR	2021	07	16	23	41
z	ScR	331	0.000	73976	0
z	ScR	0	0.000	0	1b-  10b
z	ScR	0	0.000	0	11b- 100b
z	ScR	33	0.004	79221	101b-  1kb
z	ScR	1147	3.645	448092	1kb- 10kb
z	ScR	817	24.371	312603	10kb-100kb
z	ScR	332	41.783	54270	100kb-  1Mb
z	ScR	34	30.198	768	1Mb- 10Mb
z	ScR	0	0.000	43	10Mb-100Mb
c	*FR	2014	03	02	13	52
c	*LR	2021	07	16	23	58
c	*f	0R	a
c	R	888195	200 OK
c	R	6329	206 Partial content
c	R	104	301 Document moved permanently
c	R	77	302 Document found elsewhere
c	R	74449	304 Not modified since last retrieval
c	R	661	400 Bad request
c	R	207	401 Authentication required
c	R	145	403 Access forbidden
c	R	399210	404 Document not found
c	R	772	405 Method not allowed
c	R	464	406 Document not acceptable to client
c	R	67	416 Requested range not valid
c	R	612	500 Internal server error
c	R	128	501 Request type not supported
I	*FR	2007	12	11	00	52
I	*LR	2021	07	16	23	58
I	*f	-30S	s
I	lRS	1	96337	200	/robots.txt
I	lRS	1	2699	13	/ads.txt
I	lRS	1	5906	13	/wp-login.php
I	lRS	1	664	4	/videos/bandito+004+flt+8+clip+092508.wmv
I	lRS	1	1569	4	/xmlrpc.php
I	lRS	1	114	4	/admin
I	lRS	1	450	3	/wp-admin/
I	lRS	1	9	3	/getconfig/listpopframe.do
I	lRS	1	150	3	/vendor/phpunit/phpunit/src/util/php/eval-stdin.php
I	lRS	1	10	3	/config.js
I	lRS	1	460	3	/.env
I	lRS	1	5	2	/ajax
I	lRS	1	812	2	/administrator/index.php
I	lRS	1	6	2	/assets/global/plugins/jquery-file-upload/server/php/index.php
I	lRS	1	6	2	/h5/
I	lRS	1	268	2	/administrator/
I	lRS	1	3	2	/js/base.js
I	lRS	1	4	2	/mobile/script/main.m.js
I	lRS	1	2	2	/mytio/config/base
I	lRS	1	4	2	/template/mobile/js/main.js
I	lRS	1	6	2	/api/stock/getsinglestock.do
I	lRS	1	4	2	/vendor/phpunit/phpunit/src/util/php/eval-stdin
I	lRS	1	6	2	/portal/index/protocol.html
I	lRS	1	6	2	/getconfig/getarticle.do
I	lRS	1	5	2	/fepublicinfo/
I	lRS	1	4	2	/api/exclude/siteconfig/websiteconfig
I	lRS	1	4	2	/sites/all/libraries/mailchimp/vendor/phpunit/phpunit/src/util/php/eval-stdin
I	lRS	1	19	2	/sites/all/libraries/mailchimp/vendor/phpunit/phpunit/src/util/php/eval-stdin.php
I	lRS	1	244	2	/admin/
I	lRS	1	3	2	/appxz/
I	lRS	1	292485	183	[not listed: 21539]
L	*FR	2007	12	11	00	52
L	*LR	2021	07	16	23	58
L	*f	-20S	s
L	RS	260	113	103.72.146.62
L	RS	60	60	118.26.37.156
L	RS	15	15	157.230.46.106
L	RS	1431	12	216.244.66.229
L	RS	8	8	91.234.62.59
L	RS	8	8	134.209.127.243
L	RS	5	5	34.73.18.98
L	RS	139	5	162.210.196.100
L	RS	66	5	207.46.13.9
L	RS	20	4	66.249.70.126
L	RS	4	4	77.88.5.234
L	RS	27	3	66.249.70.96
L	RS	3	3	35.229.68.215
L	RS	58	3	114.119.136.128
L	RS	54	3	66.249.64.243
L	RS	6	3	66.249.64.247
L	RS	2	2	111.225.149.38
L	RS	26	2	49.7.20.28
L	RS	2	2	46.101.80.83
L	RS	2	2	162.144.82.123
L	RS	400070	212	[not listed: 73861]
K	*FR	2013	12	22	04	20
K	*LR	2021	07	16	10	36
K	*f	-30S	s
K	lRS	1	841	4	http://gtaeronautics.com/
K	lRS	1	299	2	http://gtaeronautics.com/wp-login.php
K	lRS	1	20772	2	http://www.gtaeronautics.com/
K	lRS	1	56	2	http://gtaeronautics.com/administrator/
K	lRS	1	3	1	http://www.gtaeronautics.com/themes/default/default.css
K	lRS	1	2	1	http://www.gtaeronautics.com/dialogs/internal.js
K	lRS	1	28796	0	[not listed: 4869]
E	*FR	2008	01	06	10	12
E	*LR	2021	07	06	03	56
E	*f	-30S	s
E	lSR	1	0	181	[not listed: 6]
l	*FR	2008	01	06	10	12
l	*LR	2021	07	06	03	56
l	*f	-20S	s
l	SR	0	181	[not listed: 100]
v	*f	-20B	b
v	Rb	657415	55.402	66.113.131.59
v	Rb	311558	44.598	64.41.87.40
R	*FR	2008	01	06	10	12
R	*LR	2021	07	06	03	56
R	*f	-20R	r
R	R	178	66.113.131.59
R	R	3	64.41.87.40
M	*FR	2007	12	11	00	52
M	*LR	2021	07	16	23	58
M	*f	-20R	r
M	R	302606	66.113.131.59
M	R	99660	64.41.87.40
J	*FR	2007	12	11	00	53
J	*LR	2017	03	17	18	30
J	*f	-20R	r
J	R	9	gtaeronautics
J	R	5	lorrigkj
J	R	1	rullma2063
J	R	1	administrator
J	R	1	satish
J	R	1	nnnnn
P	*FR	2021	06	28	20	52
P	*LR	2021	07	16	23	41
P	R	29	0
P	R	0	<= 0.01
P	R	554	0.01-0.02
P	R	25736	0.02-0.05
P	R	59083	0.05-0.1 
P	R	73814	0.1 -0.2 
P	R	73395	0.2 -0.5 
P	R	36938	0.5 -1   
P	R	19790	1-  2 
P	R	8510	2-  5 
P	R	4972	5- 10 
P	R	1879	10- 20 
P	R	6153	20- 60 
P	R	583	60-120 
P	R	103	120-300 
