x	VE	analog 5.24
x	HN	gtaeronautics.com
x	PS	2021	09	12	06	19
x	FR	2007	12	18	17	05
x	LR	2021	09	10	23	59
x	E7	2021	09	12	06	19
x	SR	985257
x	S7	1022
x	NC	390033
x	C7	0
x	FL	405839
x	F7	401
x	RR	181
x	R7	0
x	NH	86891
x	H7	291
x	BT	37449109554
x	B7	83665221
1	Rr	73510	7.461	2021
1	Rr	89380	9.072	2020
1	Rr	80088	8.129	2019
1	Rr	68927	6.996	2018
1	Rr	60168	6.107	2017
1	Rr	73316	7.441	2016
1	Rr	80796	8.200	2015
1	Rr	110773	11.243	2014
1	Rr	65173	6.615	2013
1	Rr	60742	6.165	2012
1	Rr	57015	5.787	2011
1	Rr	22139	2.247	2010
1	Rr	69710	7.075	2009
1	Rr	71820	7.289	2008
1	Rr	1700	0.173	2007
1	*BT	R	110773	2014
Q	Rr	22573	2.291	2021	3
Q	Rr	30675	3.113	2021	2
Q	Rr	20262	2.057	2021	1
Q	Rr	22199	2.253	2020	4
Q	Rr	23882	2.424	2020	3
Q	Rr	21656	2.198	2020	2
Q	Rr	21643	2.197	2020	1
Q	Rr	19098	1.938	2019	4
Q	Rr	19668	1.996	2019	3
Q	Rr	19827	2.012	2019	2
Q	Rr	21495	2.182	2019	1
Q	Rr	18129	1.840	2018	4
Q	Rr	17138	1.739	2018	3
Q	Rr	16928	1.718	2018	2
Q	Rr	16732	1.698	2018	1
Q	Rr	15937	1.618	2017	4
Q	Rr	0	0.000	2017	3
Q	Rr	16831	1.708	2017	2
Q	Rr	27400	2.781	2017	1
Q	Rr	22114	2.244	2016	4
Q	Rr	17621	1.788	2016	3
Q	Rr	15878	1.612	2016	2
Q	Rr	17703	1.797	2016	1
Q	Rr	16575	1.682	2015	4
Q	Rr	22104	2.243	2015	3
Q	Rr	22485	2.282	2015	2
Q	Rr	19632	1.993	2015	1
Q	Rr	21142	2.146	2014	4
Q	Rr	22272	2.261	2014	3
Q	Rr	31453	3.192	2014	2
Q	Rr	35906	3.644	2014	1
Q	Rr	16436	1.668	2013	4
Q	Rr	15216	1.544	2013	3
Q	Rr	16545	1.679	2013	2
Q	Rr	16976	1.723	2013	1
Q	Rr	16578	1.683	2012	4
Q	Rr	12511	1.270	2012	3
Q	Rr	15816	1.605	2012	2
Q	Rr	15837	1.607	2012	1
Q	Rr	15444	1.568	2011	4
Q	Rr	17386	1.765	2011	3
Q	Rr	9395	0.954	2011	2
Q	Rr	14790	1.501	2011	1
Q	Rr	1603	0.163	2010	4
Q	Rr	0	0.000	2010	3
Q	Rr	14047	1.426	2010	2
Q	Rr	6489	0.659	2010	1
Q	Rr	16350	1.659	2009	4
Q	Rr	18220	1.849	2009	3
Q	Rr	17115	1.737	2009	2
Q	Rr	18025	1.829	2009	1
Q	Rr	15905	1.614	2008	4
Q	Rr	15660	1.589	2008	3
Q	Rr	22448	2.278	2008	2
Q	Rr	17807	1.807	2008	1
Q	Rr	1700	0.173	2007	4
Q	*BT	R	35906	2014	1
m	Rr	1806	0.183	2021	09
m	Rr	9092	0.923	2021	08
m	Rr	11675	1.185	2021	07
m	Rr	10152	1.030	2021	06
m	Rr	10231	1.038	2021	05
m	Rr	10292	1.045	2021	04
m	Rr	7948	0.807	2021	03
m	Rr	5800	0.589	2021	02
m	Rr	6514	0.661	2021	01
m	Rr	8069	0.819	2020	12
m	Rr	6579	0.668	2020	11
m	Rr	7551	0.766	2020	10
m	Rr	8028	0.815	2020	09
m	Rr	7741	0.786	2020	08
m	Rr	8113	0.823	2020	07
m	Rr	7317	0.743	2020	06
m	Rr	6898	0.700	2020	05
m	Rr	7441	0.755	2020	04
m	Rr	7524	0.764	2020	03
m	Rr	7322	0.743	2020	02
m	Rr	6797	0.690	2020	01
m	Rr	6573	0.667	2019	12
m	Rr	5917	0.601	2019	11
m	Rr	6608	0.671	2019	10
m	Rr	6791	0.689	2019	09
m	Rr	6597	0.670	2019	08
m	Rr	6280	0.637	2019	07
m	Rr	6317	0.641	2019	06
m	Rr	6847	0.695	2019	05
m	Rr	6663	0.676	2019	04
m	Rr	7059	0.716	2019	03
m	Rr	6374	0.647	2019	02
m	Rr	8062	0.818	2019	01
m	Rr	6957	0.706	2018	12
m	Rr	5422	0.550	2018	11
m	Rr	5750	0.584	2018	10
m	Rr	5458	0.554	2018	09
m	Rr	5735	0.582	2018	08
m	Rr	5945	0.603	2018	07
m	Rr	7110	0.722	2018	06
m	Rr	6440	0.654	2018	05
m	Rr	3378	0.343	2018	04
m	Rr	5789	0.588	2018	03
m	Rr	5369	0.545	2018	02
m	Rr	5574	0.566	2018	01
m	Rr	3906	0.396	2017	12
m	Rr	6533	0.663	2017	11
m	Rr	5498	0.558	2017	10
m	Rr	0	0.000	2017	09
m	Rr	0	0.000	2017	08
m	Rr	0	0.000	2017	07
m	Rr	0	0.000	2017	06
m	Rr	6832	0.693	2017	05
m	Rr	9999	1.015	2017	04
m	Rr	11887	1.206	2017	03
m	Rr	7941	0.806	2017	02
m	Rr	7572	0.769	2017	01
m	Rr	9483	0.962	2016	12
m	Rr	7121	0.723	2016	11
m	Rr	5510	0.559	2016	10
m	Rr	6288	0.638	2016	09
m	Rr	5888	0.598	2016	08
m	Rr	5445	0.553	2016	07
m	Rr	5042	0.512	2016	06
m	Rr	5495	0.558	2016	05
m	Rr	5341	0.542	2016	04
m	Rr	5558	0.564	2016	03
m	Rr	5548	0.563	2016	02
m	Rr	6597	0.670	2016	01
m	Rr	5574	0.566	2015	12
m	Rr	5330	0.541	2015	11
m	Rr	5671	0.576	2015	10
m	Rr	6196	0.629	2015	09
m	Rr	6788	0.689	2015	08
m	Rr	9120	0.926	2015	07
m	Rr	7156	0.726	2015	06
m	Rr	5694	0.578	2015	05
m	Rr	9635	0.978	2015	04
m	Rr	6215	0.631	2015	03
m	Rr	6084	0.618	2015	02
m	Rr	7333	0.744	2015	01
m	Rr	6608	0.671	2014	12
m	Rr	6997	0.710	2014	11
m	Rr	7537	0.765	2014	10
m	Rr	7043	0.715	2014	09
m	Rr	7324	0.743	2014	08
m	Rr	7905	0.802	2014	07
m	Rr	11654	1.183	2014	06
m	Rr	9211	0.935	2014	05
m	Rr	10588	1.075	2014	04
m	Rr	7817	0.793	2014	03
m	Rr	15229	1.546	2014	02
m	Rr	12860	1.305	2014	01
m	Rr	5325	0.540	2013	12
m	Rr	5513	0.560	2013	11
m	Rr	5598	0.568	2013	10
m	Rr	4655	0.472	2013	09
m	Rr	4938	0.501	2013	08
m	Rr	5623	0.571	2013	07
m	Rr	5492	0.557	2013	06
m	Rr	5211	0.529	2013	05
m	Rr	5842	0.593	2013	04
m	Rr	6068	0.616	2013	03
m	Rr	5055	0.513	2013	02
m	Rr	5853	0.594	2013	01
m	Rr	5688	0.577	2012	12
m	Rr	5477	0.556	2012	11
m	Rr	5413	0.549	2012	10
m	Rr	4331	0.440	2012	09
m	Rr	3866	0.392	2012	08
m	Rr	4314	0.438	2012	07
m	Rr	4655	0.472	2012	06
m	Rr	6047	0.614	2012	05
m	Rr	5114	0.519	2012	04
m	Rr	6128	0.622	2012	03
m	Rr	5430	0.551	2012	02
m	Rr	4279	0.434	2012	01
m	Rr	5548	0.563	2011	12
m	Rr	4779	0.485	2011	11
m	Rr	5117	0.519	2011	10
m	Rr	5431	0.551	2011	09
m	Rr	6256	0.635	2011	08
m	Rr	5699	0.578	2011	07
m	Rr	5420	0.550	2011	06
m	Rr	3975	0.403	2011	05
m	Rr	0	0.000	2011	04
m	Rr	3608	0.366	2011	03
m	Rr	5171	0.525	2011	02
m	Rr	6011	0.610	2011	01
m	Rr	1603	0.163	2010	12
m	Rr	0	0.000	2010	11
m	Rr	0	0.000	2010	10
m	Rr	0	0.000	2010	09
m	Rr	0	0.000	2010	08
m	Rr	0	0.000	2010	07
m	Rr	4101	0.416	2010	06
m	Rr	5018	0.509	2010	05
m	Rr	4928	0.500	2010	04
m	Rr	5095	0.517	2010	03
m	Rr	1394	0.141	2010	02
m	Rr	0	0.000	2010	01
m	Rr	4665	0.473	2009	12
m	Rr	6187	0.628	2009	11
m	Rr	5498	0.558	2009	10
m	Rr	5066	0.514	2009	09
m	Rr	5718	0.580	2009	08
m	Rr	7436	0.755	2009	07
m	Rr	5685	0.577	2009	06
m	Rr	6120	0.621	2009	05
m	Rr	5310	0.539	2009	04
m	Rr	5515	0.560	2009	03
m	Rr	6123	0.621	2009	02
m	Rr	6387	0.648	2009	01
m	Rr	5763	0.585	2008	12
m	Rr	5420	0.550	2008	11
m	Rr	4722	0.479	2008	10
m	Rr	5435	0.552	2008	09
m	Rr	4843	0.492	2008	08
m	Rr	5382	0.546	2008	07
m	Rr	6082	0.617	2008	06
m	Rr	9946	1.009	2008	05
m	Rr	6420	0.652	2008	04
m	Rr	5431	0.551	2008	03
m	Rr	6469	0.657	2008	02
m	Rr	5907	0.600	2008	01
m	Rr	1700	0.173	2007	12
m	*BT	R	15229	2014	02
W	Rr	1106	0.112	2021	09	05
W	Rr	1383	0.140	2021	08	29
W	Rr	1685	0.171	2021	08	22
W	Rr	2071	0.210	2021	08	15
W	Rr	2279	0.231	2021	08	08
W	Rr	2374	0.241	2021	08	01
W	Rr	2543	0.258	2021	07	25
W	Rr	2843	0.289	2021	07	18
W	Rr	2777	0.282	2021	07	11
W	Rr	2756	0.280	2021	07	04
W	Rr	2524	0.256	2021	06	27
W	Rr	2466	0.250	2021	06	20
W	Rr	2262	0.230	2021	06	13
W	Rr	2264	0.230	2021	06	06
W	Rr	2101	0.213	2021	05	30
W	Rr	3009	0.305	2021	05	23
W	Rr	1989	0.202	2021	05	16
W	Rr	2386	0.242	2021	05	09
W	Rr	2138	0.217	2021	05	02
W	Rr	1668	0.169	2021	04	25
W	Rr	2413	0.245	2021	04	18
W	Rr	3035	0.308	2021	04	11
W	Rr	2709	0.275	2021	04	04
W	Rr	1942	0.197	2021	03	28
W	Rr	1666	0.169	2021	03	21
W	Rr	1476	0.150	2021	03	14
W	Rr	1713	0.174	2021	03	07
W	Rr	1777	0.180	2021	02	28
W	Rr	1173	0.119	2021	02	21
W	Rr	1101	0.112	2021	02	14
W	Rr	1699	0.172	2021	02	07
W	Rr	1867	0.189	2021	01	31
W	Rr	1404	0.143	2021	01	24
W	Rr	1564	0.159	2021	01	17
W	Rr	1431	0.145	2021	01	10
W	Rr	1666	0.169	2021	01	03
W	Rr	1926	0.195	2020	12	27
W	Rr	1572	0.160	2020	12	20
W	Rr	1404	0.143	2020	12	13
W	Rr	2272	0.231	2020	12	06
W	Rr	1522	0.154	2020	11	29
W	Rr	1722	0.175	2020	11	22
W	Rr	1580	0.160	2020	11	15
W	Rr	1401	0.142	2020	11	08
W	Rr	1499	0.152	2020	11	01
W	Rr	1470	0.149	2020	10	25
W	Rr	2379	0.241	2020	10	18
W	Rr	1559	0.158	2020	10	11
W	Rr	1729	0.175	2020	10	04
W	Rr	1674	0.170	2020	09	27
W	Rr	1786	0.181	2020	09	20
W	Rr	2200	0.223	2020	09	13
W	Rr	1677	0.170	2020	09	06
W	Rr	1596	0.162	2020	08	30
W	Rr	1833	0.186	2020	08	23
W	Rr	1814	0.184	2020	08	16
W	Rr	2206	0.224	2020	08	09
W	Rr	1397	0.142	2020	08	02
W	Rr	1816	0.184	2020	07	26
W	Rr	1949	0.198	2020	07	19
W	Rr	1532	0.155	2020	07	12
W	Rr	1976	0.201	2020	07	05
W	Rr	1600	0.162	2020	06	28
W	Rr	1627	0.165	2020	06	21
W	Rr	2101	0.213	2020	06	14
W	Rr	1590	0.161	2020	06	07
W	Rr	1492	0.151	2020	05	31
W	Rr	1556	0.158	2020	05	24
W	Rr	1756	0.178	2020	05	17
W	Rr	1568	0.159	2020	05	10
W	Rr	1567	0.159	2020	05	03
W	Rr	1734	0.176	2020	04	26
W	Rr	1675	0.170	2020	04	19
W	Rr	1702	0.173	2020	04	12
W	Rr	1965	0.199	2020	04	05
W	Rr	1329	0.135	2020	03	29
W	Rr	1818	0.185	2020	03	22
W	Rr	1345	0.137	2020	03	15
W	Rr	1581	0.160	2020	03	08
W	Rr	2014	0.204	2020	03	01
W	Rr	1942	0.197	2020	02	23
W	Rr	1748	0.177	2020	02	16
W	Rr	1949	0.198	2020	02	09
W	Rr	1683	0.171	2020	02	02
W	Rr	1436	0.146	2020	01	26
W	Rr	1792	0.182	2020	01	19
W	Rr	1519	0.154	2020	01	12
W	Rr	1420	0.144	2020	01	05
W	Rr	1109	0.113	2019	12	29
W	Rr	1023	0.104	2019	12	22
W	Rr	1584	0.161	2019	12	15
W	Rr	1783	0.181	2019	12	08
W	Rr	1704	0.173	2019	12	01
W	Rr	1178	0.120	2019	11	24
W	Rr	1697	0.172	2019	11	17
W	Rr	1510	0.153	2019	11	10
W	Rr	1383	0.140	2019	11	03
W	Rr	1309	0.133	2019	10	27
W	Rr	1473	0.150	2019	10	20
W	Rr	1519	0.154	2019	10	13
W	Rr	1485	0.151	2019	10	06
W	Rr	1416	0.144	2019	09	29
W	Rr	1499	0.152	2019	09	22
W	Rr	1652	0.168	2019	09	15
W	Rr	1710	0.174	2019	09	08
W	Rr	1485	0.151	2019	09	01
W	Rr	1689	0.171	2019	08	25
W	Rr	1315	0.133	2019	08	18
W	Rr	1619	0.164	2019	08	11
W	Rr	1558	0.158	2019	08	04
W	Rr	1360	0.138	2019	07	28
W	Rr	1191	0.121	2019	07	21
W	Rr	1730	0.176	2019	07	14
W	Rr	1299	0.132	2019	07	07
W	Rr	1339	0.136	2019	06	30
W	Rr	1592	0.162	2019	06	23
W	Rr	1497	0.152	2019	06	16
W	Rr	1450	0.147	2019	06	09
W	Rr	1555	0.158	2019	06	02
W	Rr	1289	0.131	2019	05	26
W	Rr	1863	0.189	2019	05	19
W	Rr	1385	0.141	2019	05	12
W	Rr	1553	0.158	2019	05	05
W	Rr	1655	0.168	2019	04	28
W	Rr	1282	0.130	2019	04	21
W	Rr	1503	0.153	2019	04	14
W	Rr	1623	0.165	2019	04	07
W	Rr	1715	0.174	2019	03	31
W	Rr	1882	0.191	2019	03	24
W	Rr	1464	0.149	2019	03	17
W	Rr	1381	0.140	2019	03	10
W	Rr	1627	0.165	2019	03	03
W	Rr	1773	0.180	2019	02	24
W	Rr	1669	0.169	2019	02	17
W	Rr	1483	0.151	2019	02	10
W	Rr	1391	0.141	2019	02	03
W	Rr	1797	0.182	2019	01	27
W	Rr	1963	0.199	2019	01	20
W	Rr	2029	0.206	2019	01	13
W	Rr	1696	0.172	2019	01	06
W	Rr	1526	0.155	2018	12	30
W	Rr	1226	0.124	2018	12	23
W	Rr	1442	0.146	2018	12	16
W	Rr	1936	0.196	2018	12	09
W	Rr	1809	0.184	2018	12	02
W	Rr	1295	0.131	2018	11	25
W	Rr	1820	0.185	2018	11	18
W	Rr	1802	0.183	2018	11	11
W	Rr	0	0.000	2018	11	04
W	Rr	1473	0.150	2018	10	28
W	Rr	1106	0.112	2018	10	21
W	Rr	1427	0.145	2018	10	14
W	Rr	1214	0.123	2018	10	07
W	Rr	1168	0.119	2018	09	30
W	Rr	1420	0.144	2018	09	23
W	Rr	1197	0.121	2018	09	16
W	Rr	1388	0.141	2018	09	09
W	Rr	1320	0.134	2018	09	02
W	Rr	1246	0.126	2018	08	26
W	Rr	1214	0.123	2018	08	19
W	Rr	1366	0.139	2018	08	12
W	Rr	1195	0.121	2018	08	05
W	Rr	1346	0.137	2018	07	29
W	Rr	1374	0.139	2018	07	22
W	Rr	1508	0.153	2018	07	15
W	Rr	1522	0.154	2018	07	08
W	Rr	909	0.092	2018	07	01
W	Rr	1444	0.147	2018	06	24
W	Rr	2682	0.272	2018	06	17
W	Rr	1365	0.139	2018	06	10
W	Rr	1329	0.135	2018	06	03
W	Rr	1275	0.129	2018	05	27
W	Rr	1392	0.141	2018	05	20
W	Rr	1321	0.134	2018	05	13
W	Rr	1527	0.155	2018	05	06
W	Rr	1517	0.154	2018	04	29
W	Rr	0	0.000	2018	04	22
W	Rr	1364	0.138	2018	04	15
W	Rr	1712	0.174	2018	04	08
W	Rr	0	0.000	2018	04	01
W	Rr	1543	0.157	2018	03	25
W	Rr	1342	0.136	2018	03	18
W	Rr	2429	0.247	2018	03	11
W	Rr	0	0.000	2018	03	04
W	Rr	1366	0.139	2018	02	25
W	Rr	1308	0.133	2018	02	18
W	Rr	1439	0.146	2018	02	11
W	Rr	1731	0.176	2018	02	04
W	Rr	0	0.000	2018	01	28
W	Rr	1434	0.146	2018	01	21
W	Rr	1578	0.160	2018	01	14
W	Rr	1471	0.149	2018	01	07
W	Rr	1246	0.126	2017	12	31
W	Rr	1033	0.105	2017	12	24
W	Rr	1103	0.112	2017	12	17
W	Rr	1406	0.143	2017	12	10
W	Rr	0	0.000	2017	12	03
W	Rr	1335	0.135	2017	11	26
W	Rr	1427	0.145	2017	11	19
W	Rr	1662	0.169	2017	11	12
W	Rr	1414	0.144	2017	11	05
W	Rr	1349	0.137	2017	10	29
W	Rr	1208	0.123	2017	10	22
W	Rr	2013	0.204	2017	10	15
W	Rr	1832	0.186	2017	10	08
W	Rr	0	0.000	2017	10	01
W	Rr	0	0.000	2017	09	24
W	Rr	0	0.000	2017	09	17
W	Rr	0	0.000	2017	09	10
W	Rr	0	0.000	2017	09	03
W	Rr	0	0.000	2017	08	27
W	Rr	0	0.000	2017	08	20
W	Rr	0	0.000	2017	08	13
W	Rr	0	0.000	2017	08	06
W	Rr	0	0.000	2017	07	30
W	Rr	0	0.000	2017	07	23
W	Rr	0	0.000	2017	07	16
W	Rr	0	0.000	2017	07	09
W	Rr	0	0.000	2017	07	02
W	Rr	0	0.000	2017	06	25
W	Rr	0	0.000	2017	06	18
W	Rr	0	0.000	2017	06	11
W	Rr	0	0.000	2017	06	04
W	Rr	25	0.003	2017	05	28
W	Rr	1838	0.187	2017	05	21
W	Rr	1915	0.194	2017	05	14
W	Rr	1676	0.170	2017	05	07
W	Rr	1677	0.170	2017	04	30
W	Rr	2071	0.210	2017	04	23
W	Rr	1978	0.201	2017	04	16
W	Rr	1874	0.190	2017	04	09
W	Rr	3435	0.349	2017	04	02
W	Rr	2619	0.266	2017	03	26
W	Rr	2633	0.267	2017	03	19
W	Rr	2413	0.245	2017	03	12
W	Rr	3092	0.314	2017	03	05
W	Rr	2295	0.233	2017	02	26
W	Rr	2204	0.224	2017	02	19
W	Rr	1869	0.190	2017	02	12
W	Rr	1973	0.200	2017	02	05
W	Rr	1783	0.181	2017	01	29
W	Rr	1768	0.179	2017	01	22
W	Rr	1585	0.161	2017	01	15
W	Rr	1768	0.179	2017	01	08
W	Rr	1740	0.177	2017	01	01
W	Rr	1549	0.157	2016	12	25
W	Rr	2202	0.223	2016	12	18
W	Rr	1812	0.184	2016	12	11
W	Rr	2648	0.269	2016	12	04
W	Rr	2236	0.227	2016	11	27
W	Rr	1321	0.134	2016	11	20
W	Rr	1996	0.203	2016	11	13
W	Rr	1716	0.174	2016	11	06
W	Rr	1564	0.159	2016	10	30
W	Rr	1362	0.138	2016	10	23
W	Rr	1707	0.173	2016	10	16
W	Rr	1696	0.172	2016	10	09
W	Rr	36	0.004	2016	10	02
W	Rr	2002	0.203	2016	09	25
W	Rr	1399	0.142	2016	09	18
W	Rr	1199	0.122	2016	09	11
W	Rr	1326	0.135	2016	09	04
W	Rr	1316	0.134	2016	08	28
W	Rr	1257	0.128	2016	08	21
W	Rr	1208	0.123	2016	08	14
W	Rr	1602	0.163	2016	08	07
W	Rr	1319	0.134	2016	07	31
W	Rr	1796	0.182	2016	07	24
W	Rr	1171	0.119	2016	07	17
W	Rr	1167	0.118	2016	07	10
W	Rr	917	0.093	2016	07	03
W	Rr	920	0.093	2016	06	26
W	Rr	1179	0.120	2016	06	19
W	Rr	1288	0.131	2016	06	12
W	Rr	1237	0.126	2016	06	05
W	Rr	1263	0.128	2016	05	29
W	Rr	1338	0.136	2016	05	22
W	Rr	1184	0.120	2016	05	15
W	Rr	1365	0.139	2016	05	08
W	Rr	974	0.099	2016	05	01
W	Rr	1311	0.133	2016	04	24
W	Rr	1127	0.114	2016	04	17
W	Rr	1248	0.127	2016	04	10
W	Rr	1451	0.147	2016	04	03
W	Rr	987	0.100	2016	03	27
W	Rr	1233	0.125	2016	03	20
W	Rr	1347	0.137	2016	03	13
W	Rr	1347	0.137	2016	03	06
W	Rr	1236	0.125	2016	02	28
W	Rr	1422	0.144	2016	02	21
W	Rr	1085	0.110	2016	02	14
W	Rr	1427	0.145	2016	02	07
W	Rr	1359	0.138	2016	01	31
W	Rr	1708	0.173	2016	01	24
W	Rr	1476	0.150	2016	01	17
W	Rr	1563	0.159	2016	01	10
W	Rr	1381	0.140	2016	01	03
W	Rr	1273	0.129	2015	12	27
W	Rr	1084	0.110	2015	12	20
W	Rr	1344	0.136	2015	12	13
W	Rr	1336	0.136	2015	12	06
W	Rr	1123	0.114	2015	11	29
W	Rr	960	0.097	2015	11	22
W	Rr	1337	0.136	2015	11	15
W	Rr	1400	0.142	2015	11	08
W	Rr	1383	0.140	2015	11	01
W	Rr	1250	0.127	2015	10	25
W	Rr	1366	0.139	2015	10	18
W	Rr	1367	0.139	2015	10	11
W	Rr	1214	0.123	2015	10	04
W	Rr	1152	0.117	2015	09	27
W	Rr	1387	0.141	2015	09	20
W	Rr	1655	0.168	2015	09	13
W	Rr	1526	0.155	2015	09	06
W	Rr	1242	0.126	2015	08	30
W	Rr	1800	0.183	2015	08	23
W	Rr	1527	0.155	2015	08	16
W	Rr	1386	0.141	2015	08	09
W	Rr	1593	0.162	2015	08	02
W	Rr	1567	0.159	2015	07	26
W	Rr	1980	0.201	2015	07	19
W	Rr	2180	0.221	2015	07	12
W	Rr	2008	0.204	2015	07	05
W	Rr	2297	0.233	2015	06	28
W	Rr	1556	0.158	2015	06	21
W	Rr	1380	0.140	2015	06	14
W	Rr	2013	0.204	2015	06	07
W	Rr	1651	0.168	2015	05	31
W	Rr	1224	0.124	2015	05	24
W	Rr	1355	0.138	2015	05	17
W	Rr	1179	0.120	2015	05	10
W	Rr	1436	0.146	2015	05	03
W	Rr	1671	0.170	2015	04	26
W	Rr	1878	0.191	2015	04	19
W	Rr	2326	0.236	2015	04	12
W	Rr	2636	0.268	2015	04	05
W	Rr	2297	0.233	2015	03	29
W	Rr	1237	0.126	2015	03	22
W	Rr	1453	0.147	2015	03	15
W	Rr	1399	0.142	2015	03	08
W	Rr	1287	0.131	2015	03	01
W	Rr	1249	0.127	2015	02	22
W	Rr	1373	0.139	2015	02	15
W	Rr	1790	0.182	2015	02	08
W	Rr	1672	0.170	2015	02	01
W	Rr	1543	0.157	2015	01	25
W	Rr	1463	0.148	2015	01	18
W	Rr	1696	0.172	2015	01	11
W	Rr	1707	0.173	2015	01	04
W	Rr	1833	0.186	2014	12	28
W	Rr	1335	0.135	2014	12	21
W	Rr	1644	0.167	2014	12	14
W	Rr	1541	0.156	2014	12	07
W	Rr	1335	0.135	2014	11	30
W	Rr	1262	0.128	2014	11	23
W	Rr	2009	0.204	2014	11	16
W	Rr	1566	0.159	2014	11	09
W	Rr	1814	0.184	2014	11	02
W	Rr	1452	0.147	2014	10	26
W	Rr	1642	0.167	2014	10	19
W	Rr	1795	0.182	2014	10	12
W	Rr	1836	0.186	2014	10	05
W	Rr	1662	0.169	2014	09	28
W	Rr	1843	0.187	2014	09	21
W	Rr	1678	0.170	2014	09	14
W	Rr	1598	0.162	2014	09	07
W	Rr	1418	0.144	2014	08	31
W	Rr	1584	0.161	2014	08	24
W	Rr	1571	0.159	2014	08	17
W	Rr	1727	0.175	2014	08	10
W	Rr	1927	0.196	2014	08	03
W	Rr	1691	0.172	2014	07	27
W	Rr	1702	0.173	2014	07	20
W	Rr	1624	0.165	2014	07	13
W	Rr	1831	0.186	2014	07	06
W	Rr	1867	0.189	2014	06	29
W	Rr	1927	0.196	2014	06	22
W	Rr	2134	0.217	2014	06	15
W	Rr	4851	0.492	2014	06	08
W	Rr	2293	0.233	2014	06	01
W	Rr	3180	0.323	2014	05	25
W	Rr	1468	0.149	2014	05	18
W	Rr	1808	0.184	2014	05	11
W	Rr	1998	0.203	2014	05	04
W	Rr	1876	0.190	2014	04	27
W	Rr	2330	0.236	2014	04	20
W	Rr	2565	0.260	2014	04	13
W	Rr	2652	0.269	2014	04	06
W	Rr	2574	0.261	2014	03	30
W	Rr	1186	0.120	2014	03	23
W	Rr	1305	0.132	2014	03	16
W	Rr	2273	0.231	2014	03	09
W	Rr	2231	0.226	2014	03	02
W	Rr	1925	0.195	2014	02	23
W	Rr	7060	0.717	2014	02	16
W	Rr	2854	0.290	2014	02	09
W	Rr	3190	0.324	2014	02	02
W	Rr	3743	0.380	2014	01	26
W	Rr	3643	0.370	2014	01	19
W	Rr	2961	0.301	2014	01	12
W	Rr	2319	0.235	2014	01	05
W	Rr	981	0.100	2013	12	29
W	Rr	1108	0.112	2013	12	22
W	Rr	1226	0.124	2013	12	15
W	Rr	1285	0.130	2013	12	08
W	Rr	1289	0.131	2013	12	01
W	Rr	1404	0.143	2013	11	24
W	Rr	1142	0.116	2013	11	17
W	Rr	1334	0.135	2013	11	10
W	Rr	1277	0.130	2013	11	03
W	Rr	1035	0.105	2013	10	27
W	Rr	1309	0.133	2013	10	20
W	Rr	1302	0.132	2013	10	13
W	Rr	1432	0.145	2013	10	06
W	Rr	1178	0.120	2013	09	29
W	Rr	947	0.096	2013	09	22
W	Rr	1254	0.127	2013	09	15
W	Rr	1099	0.112	2013	09	08
W	Rr	1053	0.107	2013	09	01
W	Rr	1010	0.103	2013	08	25
W	Rr	1102	0.112	2013	08	18
W	Rr	1063	0.108	2013	08	11
W	Rr	1105	0.112	2013	08	04
W	Rr	1377	0.140	2013	07	28
W	Rr	1498	0.152	2013	07	21
W	Rr	1295	0.131	2013	07	14
W	Rr	1237	0.126	2013	07	07
W	Rr	1003	0.102	2013	06	30
W	Rr	1275	0.129	2013	06	23
W	Rr	1072	0.109	2013	06	16
W	Rr	1249	0.127	2013	06	09
W	Rr	1521	0.154	2013	06	02
W	Rr	1256	0.127	2013	05	26
W	Rr	1091	0.111	2013	05	19
W	Rr	1359	0.138	2013	05	12
W	Rr	1130	0.115	2013	05	05
W	Rr	1215	0.123	2013	04	28
W	Rr	1368	0.139	2013	04	21
W	Rr	1318	0.134	2013	04	14
W	Rr	1408	0.143	2013	04	07
W	Rr	1277	0.130	2013	03	31
W	Rr	1452	0.147	2013	03	24
W	Rr	1418	0.144	2013	03	17
W	Rr	1217	0.124	2013	03	10
W	Rr	1490	0.151	2013	03	03
W	Rr	1353	0.137	2013	02	24
W	Rr	1268	0.129	2013	02	17
W	Rr	1274	0.129	2013	02	10
W	Rr	1153	0.117	2013	02	03
W	Rr	1266	0.128	2013	01	27
W	Rr	1271	0.129	2013	01	20
W	Rr	1449	0.147	2013	01	13
W	Rr	1253	0.127	2013	01	06
W	Rr	1309	0.133	2012	12	30
W	Rr	1156	0.117	2012	12	23
W	Rr	1336	0.136	2012	12	16
W	Rr	1575	0.160	2012	12	09
W	Rr	1087	0.110	2012	12	02
W	Rr	1376	0.140	2012	11	25
W	Rr	1136	0.115	2012	11	18
W	Rr	1341	0.136	2012	11	11
W	Rr	1418	0.144	2012	11	04
W	Rr	1103	0.112	2012	10	28
W	Rr	1200	0.122	2012	10	21
W	Rr	1382	0.140	2012	10	14
W	Rr	1127	0.114	2012	10	07
W	Rr	1187	0.120	2012	09	30
W	Rr	1172	0.119	2012	09	23
W	Rr	1034	0.105	2012	09	16
W	Rr	944	0.096	2012	09	09
W	Rr	958	0.097	2012	09	02
W	Rr	734	0.074	2012	08	26
W	Rr	881	0.089	2012	08	19
W	Rr	874	0.089	2012	08	12
W	Rr	973	0.099	2012	08	05
W	Rr	1010	0.103	2012	07	29
W	Rr	943	0.096	2012	07	22
W	Rr	1089	0.111	2012	07	15
W	Rr	888	0.090	2012	07	08
W	Rr	845	0.086	2012	07	01
W	Rr	1070	0.109	2012	06	24
W	Rr	1050	0.107	2012	06	17
W	Rr	1271	0.129	2012	06	10
W	Rr	957	0.097	2012	06	03
W	Rr	1249	0.127	2012	05	27
W	Rr	1055	0.107	2012	05	20
W	Rr	1392	0.141	2012	05	13
W	Rr	1140	0.116	2012	05	06
W	Rr	1807	0.183	2012	04	29
W	Rr	1225	0.124	2012	04	22
W	Rr	1264	0.128	2012	04	15
W	Rr	1075	0.109	2012	04	08
W	Rr	1261	0.128	2012	04	01
W	Rr	1345	0.137	2012	03	25
W	Rr	1254	0.127	2012	03	18
W	Rr	1478	0.150	2012	03	11
W	Rr	1503	0.153	2012	03	04
W	Rr	1532	0.155	2012	02	26
W	Rr	1464	0.149	2012	02	19
W	Rr	1154	0.117	2012	02	12
W	Rr	1240	0.126	2012	02	05
W	Rr	1088	0.110	2012	01	29
W	Rr	1125	0.114	2012	01	22
W	Rr	60	0.006	2012	01	15
W	Rr	1472	0.149	2012	01	08
W	Rr	1122	0.114	2012	01	01
W	Rr	888	0.090	2011	12	25
W	Rr	1360	0.138	2011	12	18
W	Rr	1486	0.151	2011	12	11
W	Rr	1330	0.135	2011	12	04
W	Rr	1094	0.111	2011	11	27
W	Rr	1062	0.108	2011	11	20
W	Rr	1123	0.114	2011	11	13
W	Rr	975	0.099	2011	11	06
W	Rr	1264	0.128	2011	10	30
W	Rr	1140	0.116	2011	10	23
W	Rr	1211	0.123	2011	10	16
W	Rr	1236	0.125	2011	10	09
W	Rr	1128	0.114	2011	10	02
W	Rr	1083	0.110	2011	09	25
W	Rr	1451	0.147	2011	09	18
W	Rr	1278	0.130	2011	09	11
W	Rr	1219	0.124	2011	09	04
W	Rr	1316	0.134	2011	08	28
W	Rr	1119	0.114	2011	08	21
W	Rr	1484	0.151	2011	08	14
W	Rr	1671	0.170	2011	08	07
W	Rr	1319	0.134	2011	07	31
W	Rr	1197	0.121	2011	07	24
W	Rr	1504	0.153	2011	07	17
W	Rr	1367	0.139	2011	07	10
W	Rr	1205	0.122	2011	07	03
W	Rr	1333	0.135	2011	06	26
W	Rr	1059	0.107	2011	06	19
W	Rr	1353	0.137	2011	06	12
W	Rr	1275	0.129	2011	06	05
W	Rr	983	0.100	2011	05	29
W	Rr	1262	0.128	2011	05	22
W	Rr	1374	0.139	2011	05	15
W	Rr	1076	0.109	2011	05	08
W	Rr	0	0.000	2011	05	01
W	Rr	0	0.000	2011	04	24
W	Rr	0	0.000	2011	04	17
W	Rr	0	0.000	2011	04	10
W	Rr	0	0.000	2011	04	03
W	Rr	0	0.000	2011	03	27
W	Rr	24	0.002	2011	03	20
W	Rr	1317	0.134	2011	03	13
W	Rr	1258	0.128	2011	03	06
W	Rr	1372	0.139	2011	02	27
W	Rr	1226	0.124	2011	02	20
W	Rr	1524	0.155	2011	02	13
W	Rr	1366	0.139	2011	02	06
W	Rr	958	0.097	2011	01	30
W	Rr	1273	0.129	2011	01	23
W	Rr	1560	0.158	2011	01	16
W	Rr	1472	0.149	2011	01	09
W	Rr	1310	0.133	2011	01	02
W	Rr	798	0.081	2010	12	26
W	Rr	935	0.095	2010	12	19
W	Rr	0	0.000	2010	12	12
W	Rr	0	0.000	2010	12	05
W	Rr	0	0.000	2010	11	28
W	Rr	0	0.000	2010	11	21
W	Rr	0	0.000	2010	11	14
W	Rr	0	0.000	2010	11	07
W	Rr	0	0.000	2010	10	31
W	Rr	0	0.000	2010	10	24
W	Rr	0	0.000	2010	10	17
W	Rr	0	0.000	2010	10	10
W	Rr	0	0.000	2010	10	03
W	Rr	0	0.000	2010	09	26
W	Rr	0	0.000	2010	09	19
W	Rr	0	0.000	2010	09	12
W	Rr	0	0.000	2010	09	05
W	Rr	0	0.000	2010	08	29
W	Rr	0	0.000	2010	08	22
W	Rr	0	0.000	2010	08	15
W	Rr	0	0.000	2010	08	08
W	Rr	0	0.000	2010	08	01
W	Rr	0	0.000	2010	07	25
W	Rr	0	0.000	2010	07	18
W	Rr	0	0.000	2010	07	11
W	Rr	0	0.000	2010	07	04
W	Rr	15	0.002	2010	06	27
W	Rr	914	0.093	2010	06	20
W	Rr	1104	0.112	2010	06	13
W	Rr	1096	0.111	2010	06	06
W	Rr	1171	0.119	2010	05	30
W	Rr	1115	0.113	2010	05	23
W	Rr	1170	0.119	2010	05	16
W	Rr	1334	0.135	2010	05	09
W	Rr	1109	0.113	2010	05	02
W	Rr	1067	0.108	2010	04	25
W	Rr	1212	0.123	2010	04	18
W	Rr	1054	0.107	2010	04	11
W	Rr	1325	0.134	2010	04	04
W	Rr	811	0.082	2010	03	28
W	Rr	1195	0.121	2010	03	21
W	Rr	1338	0.136	2010	03	14
W	Rr	1113	0.113	2010	03	07
W	Rr	1103	0.112	2010	02	28
W	Rr	1290	0.131	2010	02	21
W	Rr	0	0.000	2010	02	14
W	Rr	0	0.000	2010	02	07
W	Rr	0	0.000	2010	01	31
W	Rr	0	0.000	2010	01	24
W	Rr	0	0.000	2010	01	17
W	Rr	0	0.000	2010	01	10
W	Rr	0	0.000	2010	01	03
W	Rr	78	0.008	2009	12	27
W	Rr	945	0.096	2009	12	20
W	Rr	1140	0.116	2009	12	13
W	Rr	1323	0.134	2009	12	06
W	Rr	1518	0.154	2009	11	29
W	Rr	1352	0.137	2009	11	22
W	Rr	1346	0.137	2009	11	15
W	Rr	1416	0.144	2009	11	08
W	Rr	1734	0.176	2009	11	01
W	Rr	1035	0.105	2009	10	25
W	Rr	1297	0.132	2009	10	18
W	Rr	1267	0.129	2009	10	11
W	Rr	1440	0.146	2009	10	04
W	Rr	1521	0.154	2009	09	27
W	Rr	1121	0.114	2009	09	20
W	Rr	875	0.089	2009	09	13
W	Rr	1032	0.105	2009	09	06
W	Rr	1283	0.130	2009	08	30
W	Rr	1214	0.123	2009	08	23
W	Rr	1402	0.142	2009	08	16
W	Rr	1260	0.128	2009	08	09
W	Rr	1404	0.143	2009	08	02
W	Rr	1380	0.140	2009	07	26
W	Rr	1470	0.149	2009	07	19
W	Rr	1750	0.178	2009	07	12
W	Rr	1847	0.187	2009	07	05
W	Rr	1889	0.192	2009	06	28
W	Rr	1312	0.133	2009	06	21
W	Rr	1093	0.111	2009	06	14
W	Rr	1363	0.138	2009	06	07
W	Rr	1251	0.127	2009	05	31
W	Rr	1352	0.137	2009	05	24
W	Rr	1133	0.115	2009	05	17
W	Rr	1887	0.192	2009	05	10
W	Rr	1369	0.139	2009	05	03
W	Rr	1089	0.111	2009	04	26
W	Rr	1160	0.118	2009	04	19
W	Rr	1189	0.121	2009	04	12
W	Rr	1529	0.155	2009	04	05
W	Rr	1155	0.117	2009	03	29
W	Rr	1230	0.125	2009	03	22
W	Rr	1029	0.104	2009	03	15
W	Rr	1234	0.125	2009	03	08
W	Rr	1486	0.151	2009	03	01
W	Rr	1470	0.149	2009	02	22
W	Rr	1198	0.122	2009	02	15
W	Rr	1802	0.183	2009	02	08
W	Rr	1653	0.168	2009	02	01
W	Rr	1346	0.137	2009	01	25
W	Rr	1431	0.145	2009	01	18
W	Rr	1678	0.170	2009	01	11
W	Rr	1591	0.161	2009	01	04
W	Rr	886	0.090	2008	12	28
W	Rr	1148	0.117	2008	12	21
W	Rr	1428	0.145	2008	12	14
W	Rr	1508	0.153	2008	12	07
W	Rr	1194	0.121	2008	11	30
W	Rr	1070	0.109	2008	11	23
W	Rr	1396	0.142	2008	11	16
W	Rr	1255	0.127	2008	11	09
W	Rr	1314	0.133	2008	11	02
W	Rr	1397	0.142	2008	10	26
W	Rr	1638	0.166	2008	10	19
W	Rr	1298	0.132	2008	10	12
W	Rr	430	0.044	2008	10	05
W	Rr	723	0.073	2008	09	28
W	Rr	1308	0.133	2008	09	21
W	Rr	1242	0.126	2008	09	14
W	Rr	1409	0.143	2008	09	07
W	Rr	1142	0.116	2008	08	31
W	Rr	1022	0.104	2008	08	24
W	Rr	1062	0.108	2008	08	17
W	Rr	1188	0.121	2008	08	10
W	Rr	1232	0.125	2008	08	03
W	Rr	1050	0.107	2008	07	27
W	Rr	1272	0.129	2008	07	20
W	Rr	1305	0.132	2008	07	13
W	Rr	1093	0.111	2008	07	06
W	Rr	1182	0.120	2008	06	29
W	Rr	1937	0.197	2008	06	22
W	Rr	1493	0.152	2008	06	15
W	Rr	1083	0.110	2008	06	08
W	Rr	1283	0.130	2008	06	01
W	Rr	1432	0.145	2008	05	25
W	Rr	1726	0.175	2008	05	18
W	Rr	1580	0.160	2008	05	11
W	Rr	2661	0.270	2008	05	04
W	Rr	3648	0.370	2008	04	27
W	Rr	1400	0.142	2008	04	20
W	Rr	1365	0.139	2008	04	13
W	Rr	1213	0.123	2008	04	06
W	Rr	1670	0.169	2008	03	30
W	Rr	1211	0.123	2008	03	23
W	Rr	1144	0.116	2008	03	16
W	Rr	1301	0.132	2008	03	09
W	Rr	1292	0.131	2008	03	02
W	Rr	1427	0.145	2008	02	24
W	Rr	2207	0.224	2008	02	17
W	Rr	1124	0.114	2008	02	10
W	Rr	1561	0.158	2008	02	03
W	Rr	1533	0.156	2008	01	27
W	Rr	1389	0.141	2008	01	20
W	Rr	1133	0.115	2008	01	13
W	Rr	1404	0.143	2008	01	06
W	Rr	976	0.099	2007	12	30
W	Rr	801	0.081	2007	12	23
W	Rr	675	0.069	2007	12	16
W	*BT	R	7060	2014	02	16
D	Rr	154	0.016	2021	09	10
D	Rr	208	0.021	2021	09	09
D	Rr	186	0.019	2021	09	08
D	Rr	176	0.018	2021	09	07
D	Rr	128	0.013	2021	09	06
D	Rr	254	0.026	2021	09	05
D	Rr	0	0.000	2021	09	04
D	Rr	275	0.028	2021	09	03
D	Rr	273	0.028	2021	09	02
D	Rr	152	0.015	2021	09	01
D	Rr	296	0.030	2021	08	31
D	Rr	254	0.026	2021	08	30
D	Rr	133	0.013	2021	08	29
D	Rr	0	0.000	2021	08	28
D	Rr	206	0.021	2021	08	27
D	Rr	275	0.028	2021	08	26
D	Rr	262	0.027	2021	08	25
D	Rr	298	0.030	2021	08	24
D	Rr	392	0.040	2021	08	23
D	Rr	252	0.026	2021	08	22
D	Rr	0	0.000	2021	08	21
D	Rr	267	0.027	2021	08	20
D	Rr	301	0.031	2021	08	19
D	Rr	415	0.042	2021	08	18
D	Rr	460	0.047	2021	08	17
D	Rr	359	0.036	2021	08	16
D	Rr	269	0.027	2021	08	15
D	Rr	0	0.000	2021	08	14
D	Rr	299	0.030	2021	08	13
D	Rr	403	0.041	2021	08	12
D	Rr	510	0.052	2021	08	11
D	Rr	373	0.038	2021	08	10
D	Rr	397	0.040	2021	08	09
D	Rr	297	0.030	2021	08	08
D	Rr	0	0.000	2021	08	07
D	Rr	302	0.031	2021	08	06
D	Rr	367	0.037	2021	08	05
D	Rr	340	0.035	2021	08	04
D	Rr	448	0.045	2021	08	03
D	Rr	571	0.058	2021	08	02
D	Rr	346	0.035	2021	08	01
D	Rr	0	0.000	2021	07	31
D	*BT	R	2131	2008	05	03
d	Rr	117865	11.963	Sun
d	Rr	158400	16.077	Mon
d	Rr	161201	16.361	Tue
d	Rr	158782	16.116	Wed
d	Rr	160069	16.246	Thu
d	Rr	151916	15.419	Fri
d	Rr	77024	7.818	Sat
H	Rr	2	0.000	2021	09	10	23
H	Rr	2	0.000	2021	09	10	22
H	Rr	5	0.001	2021	09	10	21
H	Rr	2	0.000	2021	09	10	20
H	Rr	0	0.000	2021	09	10	19
H	Rr	16	0.002	2021	09	10	18
H	Rr	25	0.003	2021	09	10	17
H	Rr	6	0.001	2021	09	10	16
H	Rr	7	0.001	2021	09	10	15
H	Rr	2	0.000	2021	09	10	14
H	Rr	8	0.001	2021	09	10	13
H	Rr	7	0.001	2021	09	10	12
H	Rr	26	0.003	2021	09	10	11
H	Rr	6	0.001	2021	09	10	10
H	Rr	2	0.000	2021	09	10	09
H	Rr	1	0.000	2021	09	10	08
H	Rr	2	0.000	2021	09	10	07
H	Rr	2	0.000	2021	09	10	06
H	Rr	6	0.001	2021	09	10	05
H	Rr	13	0.001	2021	09	10	04
H	Rr	3	0.000	2021	09	10	03
H	Rr	4	0.000	2021	09	10	02
H	Rr	6	0.001	2021	09	10	01
H	Rr	1	0.000	2021	09	10	00
H	Rr	2	0.000	2021	09	09	23
H	Rr	5	0.001	2021	09	09	22
H	Rr	1	0.000	2021	09	09	21
H	Rr	4	0.000	2021	09	09	20
H	Rr	0	0.000	2021	09	09	19
H	Rr	4	0.000	2021	09	09	18
H	Rr	7	0.001	2021	09	09	17
H	Rr	37	0.004	2021	09	09	16
H	Rr	6	0.001	2021	09	09	15
H	Rr	22	0.002	2021	09	09	14
H	Rr	0	0.000	2021	09	09	13
H	Rr	1	0.000	2021	09	09	12
H	Rr	4	0.000	2021	09	09	11
H	Rr	9	0.001	2021	09	09	10
H	Rr	2	0.000	2021	09	09	09
H	Rr	16	0.002	2021	09	09	08
H	Rr	5	0.001	2021	09	09	07
H	Rr	5	0.001	2021	09	09	06
H	Rr	3	0.000	2021	09	09	05
H	Rr	3	0.000	2021	09	09	04
H	Rr	25	0.003	2021	09	09	03
H	Rr	1	0.000	2021	09	09	02
H	Rr	43	0.004	2021	09	09	01
H	Rr	3	0.000	2021	09	09	00
H	Rr	1	0.000	2021	09	08	23
H	Rr	16	0.002	2021	09	08	22
H	Rr	6	0.001	2021	09	08	21
H	Rr	8	0.001	2021	09	08	20
H	Rr	26	0.003	2021	09	08	19
H	Rr	0	0.000	2021	09	08	18
H	Rr	3	0.000	2021	09	08	17
H	Rr	33	0.003	2021	09	08	16
H	Rr	2	0.000	2021	09	08	15
H	Rr	3	0.000	2021	09	08	14
H	Rr	21	0.002	2021	09	08	13
H	Rr	2	0.000	2021	09	08	12
H	Rr	2	0.000	2021	09	08	11
H	Rr	1	0.000	2021	09	08	10
H	Rr	9	0.001	2021	09	08	09
H	Rr	8	0.001	2021	09	08	08
H	Rr	8	0.001	2021	09	08	07
H	Rr	7	0.001	2021	09	08	06
H	Rr	4	0.000	2021	09	08	05
H	Rr	4	0.000	2021	09	08	04
H	Rr	4	0.000	2021	09	08	03
H	Rr	4	0.000	2021	09	08	02
H	Rr	12	0.001	2021	09	08	01
H	Rr	2	0.000	2021	09	08	00
H	*BT	R	750	2020	12	11	23
h	Rr	38601	3.918	00
h	Rr	37874	3.844	01
h	Rr	38625	3.920	02
h	Rr	37886	3.845	03
h	Rr	36871	3.742	04
h	Rr	34944	3.547	05
h	Rr	34414	3.493	06
h	Rr	34040	3.455	07
h	Rr	32782	3.327	08
h	Rr	31281	3.175	09
h	Rr	31048	3.151	10
h	Rr	34666	3.518	11
h	Rr	35014	3.554	12
h	Rr	37064	3.762	13
h	Rr	43130	4.378	14
h	Rr	48580	4.931	15
h	Rr	52008	5.279	16
h	Rr	51987	5.276	17
h	Rr	53044	5.384	18
h	Rr	52446	5.323	19
h	Rr	52114	5.289	20
h	Rr	49114	4.985	21
h	Rr	45135	4.581	22
h	Rr	42589	4.323	23
4	Rr	1	0.000	2021	09	10	23	45
4	Rr	1	0.000	2021	09	10	23	30
4	Rr	0	0.000	2021	09	10	23	15
4	Rr	0	0.000	2021	09	10	23	00
4	Rr	1	0.000	2021	09	10	22	45
4	Rr	1	0.000	2021	09	10	22	30
4	Rr	0	0.000	2021	09	10	22	15
4	Rr	0	0.000	2021	09	10	22	00
4	Rr	0	0.000	2021	09	10	21	45
4	Rr	4	0.000	2021	09	10	21	30
4	Rr	1	0.000	2021	09	10	21	15
4	Rr	0	0.000	2021	09	10	21	00
4	Rr	1	0.000	2021	09	10	20	45
4	Rr	0	0.000	2021	09	10	20	30
4	Rr	1	0.000	2021	09	10	20	15
4	Rr	0	0.000	2021	09	10	20	00
4	Rr	0	0.000	2021	09	10	19	45
4	Rr	0	0.000	2021	09	10	19	30
4	Rr	0	0.000	2021	09	10	19	15
4	Rr	0	0.000	2021	09	10	19	00
4	Rr	0	0.000	2021	09	10	18	45
4	Rr	1	0.000	2021	09	10	18	30
4	Rr	10	0.001	2021	09	10	18	15
4	Rr	5	0.001	2021	09	10	18	00
4	Rr	5	0.001	2021	09	10	17	45
4	Rr	14	0.001	2021	09	10	17	30
4	Rr	4	0.000	2021	09	10	17	15
4	Rr	2	0.000	2021	09	10	17	00
4	Rr	3	0.000	2021	09	10	16	45
4	Rr	2	0.000	2021	09	10	16	30
4	Rr	1	0.000	2021	09	10	16	15
4	Rr	0	0.000	2021	09	10	16	00
4	Rr	0	0.000	2021	09	10	15	45
4	Rr	4	0.000	2021	09	10	15	30
4	Rr	0	0.000	2021	09	10	15	15
4	Rr	3	0.000	2021	09	10	15	00
4	Rr	1	0.000	2021	09	10	14	45
4	Rr	1	0.000	2021	09	10	14	30
4	Rr	0	0.000	2021	09	10	14	15
4	Rr	0	0.000	2021	09	10	14	00
4	Rr	1	0.000	2021	09	10	13	45
4	Rr	1	0.000	2021	09	10	13	30
4	Rr	4	0.000	2021	09	10	13	15
4	Rr	2	0.000	2021	09	10	13	00
4	Rr	5	0.001	2021	09	10	12	45
4	Rr	1	0.000	2021	09	10	12	30
4	Rr	1	0.000	2021	09	10	12	15
4	Rr	0	0.000	2021	09	10	12	00
4	Rr	0	0.000	2021	09	10	11	45
4	Rr	26	0.003	2021	09	10	11	30
4	Rr	0	0.000	2021	09	10	11	15
4	Rr	0	0.000	2021	09	10	11	00
4	Rr	4	0.000	2021	09	10	10	45
4	Rr	0	0.000	2021	09	10	10	30
4	Rr	2	0.000	2021	09	10	10	15
4	Rr	0	0.000	2021	09	10	10	00
4	Rr	0	0.000	2021	09	10	09	45
4	Rr	1	0.000	2021	09	10	09	30
4	Rr	1	0.000	2021	09	10	09	15
4	Rr	0	0.000	2021	09	10	09	00
4	Rr	0	0.000	2021	09	10	08	45
4	Rr	1	0.000	2021	09	10	08	30
4	Rr	0	0.000	2021	09	10	08	15
4	Rr	0	0.000	2021	09	10	08	00
4	Rr	0	0.000	2021	09	10	07	45
4	Rr	1	0.000	2021	09	10	07	30
4	Rr	0	0.000	2021	09	10	07	15
4	Rr	1	0.000	2021	09	10	07	00
4	Rr	0	0.000	2021	09	10	06	45
4	Rr	0	0.000	2021	09	10	06	30
4	Rr	0	0.000	2021	09	10	06	15
4	Rr	2	0.000	2021	09	10	06	00
4	Rr	5	0.001	2021	09	10	05	45
4	Rr	1	0.000	2021	09	10	05	30
4	Rr	0	0.000	2021	09	10	05	15
4	Rr	0	0.000	2021	09	10	05	00
4	Rr	0	0.000	2021	09	10	04	45
4	Rr	0	0.000	2021	09	10	04	30
4	Rr	12	0.001	2021	09	10	04	15
4	Rr	1	0.000	2021	09	10	04	00
4	Rr	2	0.000	2021	09	10	03	45
4	Rr	0	0.000	2021	09	10	03	30
4	Rr	1	0.000	2021	09	10	03	15
4	Rr	0	0.000	2021	09	10	03	00
4	Rr	0	0.000	2021	09	10	02	45
4	Rr	0	0.000	2021	09	10	02	30
4	Rr	3	0.000	2021	09	10	02	15
4	Rr	1	0.000	2021	09	10	02	00
4	Rr	2	0.000	2021	09	10	01	45
4	Rr	2	0.000	2021	09	10	01	30
4	Rr	2	0.000	2021	09	10	01	15
4	Rr	0	0.000	2021	09	10	01	00
4	Rr	0	0.000	2021	09	10	00	45
4	Rr	0	0.000	2021	09	10	00	30
4	Rr	1	0.000	2021	09	10	00	15
4	Rr	0	0.000	2021	09	10	00	00
4	*BT	R	744	2021	04	12	15	00
6	Rr	9585	0.973	00	00
6	Rr	9639	0.978	00	15
6	Rr	9484	0.963	00	30
6	Rr	9893	1.004	00	45
6	Rr	9324	0.946	01	00
6	Rr	9543	0.969	01	15
6	Rr	9544	0.969	01	30
6	Rr	9463	0.960	01	45
6	Rr	9222	0.936	02	00
6	Rr	10105	1.026	02	15
6	Rr	9820	0.997	02	30
6	Rr	9478	0.962	02	45
6	Rr	9154	0.929	03	00
6	Rr	8877	0.901	03	15
6	Rr	9297	0.944	03	30
6	Rr	10558	1.072	03	45
6	Rr	9233	0.937	04	00
6	Rr	9787	0.993	04	15
6	Rr	8629	0.876	04	30
6	Rr	9222	0.936	04	45
6	Rr	8500	0.863	05	00
6	Rr	9257	0.940	05	15
6	Rr	8920	0.905	05	30
6	Rr	8267	0.839	05	45
6	Rr	9373	0.951	06	00
6	Rr	8507	0.863	06	15
6	Rr	8539	0.867	06	30
6	Rr	7995	0.811	06	45
6	Rr	8601	0.873	07	00
6	Rr	8893	0.903	07	15
6	Rr	8789	0.892	07	30
6	Rr	7757	0.787	07	45
6	Rr	8366	0.849	08	00
6	Rr	8045	0.817	08	15
6	Rr	8686	0.882	08	30
6	Rr	7685	0.780	08	45
6	Rr	7949	0.807	09	00
6	Rr	8084	0.820	09	15
6	Rr	7839	0.796	09	30
6	Rr	7409	0.752	09	45
6	Rr	7518	0.763	10	00
6	Rr	7614	0.773	10	15
6	Rr	7732	0.785	10	30
6	Rr	8184	0.831	10	45
6	Rr	9723	0.987	11	00
6	Rr	8150	0.827	11	15
6	Rr	8322	0.845	11	30
6	Rr	8471	0.860	11	45
6	Rr	9713	0.986	12	00
6	Rr	8210	0.833	12	15
6	Rr	8414	0.854	12	30
6	Rr	8677	0.881	12	45
6	Rr	9145	0.928	13	00
6	Rr	9105	0.924	13	15
6	Rr	9727	0.987	13	30
6	Rr	9087	0.922	13	45
6	Rr	10330	1.048	14	00
6	Rr	10861	1.102	14	15
6	Rr	10950	1.111	14	30
6	Rr	10989	1.115	14	45
6	Rr	12026	1.221	15	00
6	Rr	11518	1.169	15	15
6	Rr	12279	1.246	15	30
6	Rr	12757	1.295	15	45
6	Rr	12776	1.297	16	00
6	Rr	12676	1.287	16	15
6	Rr	13176	1.337	16	30
6	Rr	13380	1.358	16	45
6	Rr	13109	1.331	17	00
6	Rr	12908	1.310	17	15
6	Rr	13309	1.351	17	30
6	Rr	12661	1.285	17	45
6	Rr	12754	1.294	18	00
6	Rr	13417	1.362	18	15
6	Rr	13450	1.365	18	30
6	Rr	13423	1.362	18	45
6	Rr	14179	1.439	19	00
6	Rr	12558	1.275	19	15
6	Rr	12935	1.313	19	30
6	Rr	12774	1.297	19	45
6	Rr	13452	1.365	20	00
6	Rr	12950	1.314	20	15
6	Rr	12385	1.257	20	30
6	Rr	13327	1.353	20	45
6	Rr	13178	1.338	21	00
6	Rr	12145	1.233	21	15
6	Rr	11719	1.189	21	30
6	Rr	12072	1.225	21	45
6	Rr	11441	1.161	22	00
6	Rr	11453	1.162	22	15
6	Rr	11237	1.141	22	30
6	Rr	11004	1.117	22	45
6	Rr	11302	1.147	23	00
6	Rr	11421	1.159	23	15
6	Rr	10145	1.030	23	30
6	Rr	9721	0.987	23	45
5	Rr	1	0.000	2021	09	10	23	55
5	Rr	0	0.000	2021	09	10	23	50
5	Rr	0	0.000	2021	09	10	23	45
5	Rr	0	0.000	2021	09	10	23	40
5	Rr	1	0.000	2021	09	10	23	35
5	Rr	0	0.000	2021	09	10	23	30
5	Rr	0	0.000	2021	09	10	23	25
5	Rr	0	0.000	2021	09	10	23	20
5	Rr	0	0.000	2021	09	10	23	15
5	Rr	0	0.000	2021	09	10	23	10
5	Rr	0	0.000	2021	09	10	23	05
5	Rr	0	0.000	2021	09	10	23	00
5	Rr	0	0.000	2021	09	10	22	55
5	Rr	0	0.000	2021	09	10	22	50
5	Rr	1	0.000	2021	09	10	22	45
5	Rr	0	0.000	2021	09	10	22	40
5	Rr	1	0.000	2021	09	10	22	35
5	Rr	0	0.000	2021	09	10	22	30
5	Rr	0	0.000	2021	09	10	22	25
5	Rr	0	0.000	2021	09	10	22	20
5	Rr	0	0.000	2021	09	10	22	15
5	Rr	0	0.000	2021	09	10	22	10
5	Rr	0	0.000	2021	09	10	22	05
5	Rr	0	0.000	2021	09	10	22	00
5	Rr	0	0.000	2021	09	10	21	55
5	Rr	0	0.000	2021	09	10	21	50
5	Rr	0	0.000	2021	09	10	21	45
5	Rr	4	0.000	2021	09	10	21	40
5	Rr	0	0.000	2021	09	10	21	35
5	Rr	0	0.000	2021	09	10	21	30
5	Rr	0	0.000	2021	09	10	21	25
5	Rr	1	0.000	2021	09	10	21	20
5	Rr	0	0.000	2021	09	10	21	15
5	Rr	0	0.000	2021	09	10	21	10
5	Rr	0	0.000	2021	09	10	21	05
5	Rr	0	0.000	2021	09	10	21	00
5	Rr	0	0.000	2021	09	10	20	55
5	Rr	0	0.000	2021	09	10	20	50
5	Rr	1	0.000	2021	09	10	20	45
5	Rr	0	0.000	2021	09	10	20	40
5	Rr	0	0.000	2021	09	10	20	35
5	Rr	0	0.000	2021	09	10	20	30
5	Rr	0	0.000	2021	09	10	20	25
5	Rr	1	0.000	2021	09	10	20	20
5	Rr	0	0.000	2021	09	10	20	15
5	Rr	0	0.000	2021	09	10	20	10
5	Rr	0	0.000	2021	09	10	20	05
5	Rr	0	0.000	2021	09	10	20	00
5	Rr	0	0.000	2021	09	10	19	55
5	Rr	0	0.000	2021	09	10	19	50
5	Rr	0	0.000	2021	09	10	19	45
5	Rr	0	0.000	2021	09	10	19	40
5	Rr	0	0.000	2021	09	10	19	35
5	Rr	0	0.000	2021	09	10	19	30
5	Rr	0	0.000	2021	09	10	19	25
5	Rr	0	0.000	2021	09	10	19	20
5	Rr	0	0.000	2021	09	10	19	15
5	Rr	0	0.000	2021	09	10	19	10
5	Rr	0	0.000	2021	09	10	19	05
5	Rr	0	0.000	2021	09	10	19	00
5	Rr	0	0.000	2021	09	10	18	55
5	Rr	0	0.000	2021	09	10	18	50
5	Rr	0	0.000	2021	09	10	18	45
5	Rr	0	0.000	2021	09	10	18	40
5	Rr	0	0.000	2021	09	10	18	35
5	Rr	1	0.000	2021	09	10	18	30
5	Rr	10	0.001	2021	09	10	18	25
5	Rr	0	0.000	2021	09	10	18	20
5	Rr	0	0.000	2021	09	10	18	15
5	Rr	2	0.000	2021	09	10	18	10
5	Rr	0	0.000	2021	09	10	18	05
5	Rr	3	0.000	2021	09	10	18	00
5	Rr	2	0.000	2021	09	10	17	55
5	Rr	2	0.000	2021	09	10	17	50
5	Rr	1	0.000	2021	09	10	17	45
5	Rr	1	0.000	2021	09	10	17	40
5	Rr	5	0.001	2021	09	10	17	35
5	Rr	8	0.001	2021	09	10	17	30
5	Rr	2	0.000	2021	09	10	17	25
5	Rr	1	0.000	2021	09	10	17	20
5	Rr	1	0.000	2021	09	10	17	15
5	Rr	1	0.000	2021	09	10	17	10
5	Rr	1	0.000	2021	09	10	17	05
5	Rr	0	0.000	2021	09	10	17	00
5	Rr	2	0.000	2021	09	10	16	55
5	Rr	1	0.000	2021	09	10	16	50
5	Rr	0	0.000	2021	09	10	16	45
5	Rr	2	0.000	2021	09	10	16	40
5	Rr	0	0.000	2021	09	10	16	35
5	Rr	0	0.000	2021	09	10	16	30
5	Rr	0	0.000	2021	09	10	16	25
5	Rr	0	0.000	2021	09	10	16	20
5	Rr	1	0.000	2021	09	10	16	15
5	Rr	0	0.000	2021	09	10	16	10
5	Rr	0	0.000	2021	09	10	16	05
5	Rr	0	0.000	2021	09	10	16	00
5	Rr	0	0.000	2021	09	10	15	55
5	Rr	0	0.000	2021	09	10	15	50
5	Rr	0	0.000	2021	09	10	15	45
5	Rr	0	0.000	2021	09	10	15	40
5	Rr	4	0.000	2021	09	10	15	35
5	Rr	0	0.000	2021	09	10	15	30
5	Rr	0	0.000	2021	09	10	15	25
5	Rr	0	0.000	2021	09	10	15	20
5	Rr	0	0.000	2021	09	10	15	15
5	Rr	0	0.000	2021	09	10	15	10
5	Rr	3	0.000	2021	09	10	15	05
5	Rr	0	0.000	2021	09	10	15	00
5	Rr	0	0.000	2021	09	10	14	55
5	Rr	0	0.000	2021	09	10	14	50
5	Rr	1	0.000	2021	09	10	14	45
5	Rr	0	0.000	2021	09	10	14	40
5	Rr	1	0.000	2021	09	10	14	35
5	Rr	0	0.000	2021	09	10	14	30
5	Rr	0	0.000	2021	09	10	14	25
5	Rr	0	0.000	2021	09	10	14	20
5	Rr	0	0.000	2021	09	10	14	15
5	Rr	0	0.000	2021	09	10	14	10
5	Rr	0	0.000	2021	09	10	14	05
5	Rr	0	0.000	2021	09	10	14	00
5	Rr	0	0.000	2021	09	10	13	55
5	Rr	0	0.000	2021	09	10	13	50
5	Rr	1	0.000	2021	09	10	13	45
5	Rr	1	0.000	2021	09	10	13	40
5	Rr	0	0.000	2021	09	10	13	35
5	Rr	0	0.000	2021	09	10	13	30
5	Rr	0	0.000	2021	09	10	13	25
5	Rr	1	0.000	2021	09	10	13	20
5	Rr	3	0.000	2021	09	10	13	15
5	Rr	1	0.000	2021	09	10	13	10
5	Rr	0	0.000	2021	09	10	13	05
5	Rr	1	0.000	2021	09	10	13	00
5	Rr	1	0.000	2021	09	10	12	55
5	Rr	4	0.000	2021	09	10	12	50
5	Rr	0	0.000	2021	09	10	12	45
5	Rr	1	0.000	2021	09	10	12	40
5	Rr	0	0.000	2021	09	10	12	35
5	Rr	0	0.000	2021	09	10	12	30
5	Rr	0	0.000	2021	09	10	12	25
5	Rr	0	0.000	2021	09	10	12	20
5	Rr	1	0.000	2021	09	10	12	15
5	Rr	0	0.000	2021	09	10	12	10
5	Rr	0	0.000	2021	09	10	12	05
5	Rr	0	0.000	2021	09	10	12	00
5	Rr	0	0.000	2021	09	10	11	55
5	Rr	0	0.000	2021	09	10	11	50
5	Rr	0	0.000	2021	09	10	11	45
5	Rr	0	0.000	2021	09	10	11	40
5	Rr	21	0.002	2021	09	10	11	35
5	Rr	5	0.001	2021	09	10	11	30
5	Rr	0	0.000	2021	09	10	11	25
5	Rr	0	0.000	2021	09	10	11	20
5	Rr	0	0.000	2021	09	10	11	15
5	Rr	0	0.000	2021	09	10	11	10
5	Rr	0	0.000	2021	09	10	11	05
5	Rr	0	0.000	2021	09	10	11	00
5	Rr	0	0.000	2021	09	10	10	55
5	Rr	4	0.000	2021	09	10	10	50
5	Rr	0	0.000	2021	09	10	10	45
5	Rr	0	0.000	2021	09	10	10	40
5	Rr	0	0.000	2021	09	10	10	35
5	Rr	0	0.000	2021	09	10	10	30
5	Rr	1	0.000	2021	09	10	10	25
5	Rr	1	0.000	2021	09	10	10	20
5	Rr	0	0.000	2021	09	10	10	15
5	Rr	0	0.000	2021	09	10	10	10
5	Rr	0	0.000	2021	09	10	10	05
5	Rr	0	0.000	2021	09	10	10	00
5	Rr	0	0.000	2021	09	10	09	55
5	Rr	0	0.000	2021	09	10	09	50
5	Rr	0	0.000	2021	09	10	09	45
5	Rr	1	0.000	2021	09	10	09	40
5	Rr	0	0.000	2021	09	10	09	35
5	Rr	0	0.000	2021	09	10	09	30
5	Rr	0	0.000	2021	09	10	09	25
5	Rr	0	0.000	2021	09	10	09	20
5	Rr	1	0.000	2021	09	10	09	15
5	Rr	0	0.000	2021	09	10	09	10
5	Rr	0	0.000	2021	09	10	09	05
5	Rr	0	0.000	2021	09	10	09	00
5	Rr	0	0.000	2021	09	10	08	55
5	Rr	0	0.000	2021	09	10	08	50
5	Rr	0	0.000	2021	09	10	08	45
5	Rr	1	0.000	2021	09	10	08	40
5	Rr	0	0.000	2021	09	10	08	35
5	Rr	0	0.000	2021	09	10	08	30
5	Rr	0	0.000	2021	09	10	08	25
5	Rr	0	0.000	2021	09	10	08	20
5	Rr	0	0.000	2021	09	10	08	15
5	Rr	0	0.000	2021	09	10	08	10
5	Rr	0	0.000	2021	09	10	08	05
5	Rr	0	0.000	2021	09	10	08	00
5	Rr	0	0.000	2021	09	10	07	55
5	Rr	0	0.000	2021	09	10	07	50
5	Rr	0	0.000	2021	09	10	07	45
5	Rr	1	0.000	2021	09	10	07	40
5	Rr	0	0.000	2021	09	10	07	35
5	Rr	0	0.000	2021	09	10	07	30
5	Rr	0	0.000	2021	09	10	07	25
5	Rr	0	0.000	2021	09	10	07	20
5	Rr	0	0.000	2021	09	10	07	15
5	Rr	1	0.000	2021	09	10	07	10
5	Rr	0	0.000	2021	09	10	07	05
5	Rr	0	0.000	2021	09	10	07	00
5	Rr	0	0.000	2021	09	10	06	55
5	Rr	0	0.000	2021	09	10	06	50
5	Rr	0	0.000	2021	09	10	06	45
5	Rr	0	0.000	2021	09	10	06	40
5	Rr	0	0.000	2021	09	10	06	35
5	Rr	0	0.000	2021	09	10	06	30
5	Rr	0	0.000	2021	09	10	06	25
5	Rr	0	0.000	2021	09	10	06	20
5	Rr	0	0.000	2021	09	10	06	15
5	Rr	0	0.000	2021	09	10	06	10
5	Rr	1	0.000	2021	09	10	06	05
5	Rr	1	0.000	2021	09	10	06	00
5	Rr	5	0.001	2021	09	10	05	55
5	Rr	0	0.000	2021	09	10	05	50
5	Rr	0	0.000	2021	09	10	05	45
5	Rr	0	0.000	2021	09	10	05	40
5	Rr	1	0.000	2021	09	10	05	35
5	Rr	0	0.000	2021	09	10	05	30
5	Rr	0	0.000	2021	09	10	05	25
5	Rr	0	0.000	2021	09	10	05	20
5	Rr	0	0.000	2021	09	10	05	15
5	Rr	0	0.000	2021	09	10	05	10
5	Rr	0	0.000	2021	09	10	05	05
5	Rr	0	0.000	2021	09	10	05	00
5	Rr	0	0.000	2021	09	10	04	55
5	Rr	0	0.000	2021	09	10	04	50
5	Rr	0	0.000	2021	09	10	04	45
5	Rr	0	0.000	2021	09	10	04	40
5	Rr	0	0.000	2021	09	10	04	35
5	Rr	0	0.000	2021	09	10	04	30
5	Rr	0	0.000	2021	09	10	04	25
5	Rr	1	0.000	2021	09	10	04	20
5	Rr	11	0.001	2021	09	10	04	15
5	Rr	1	0.000	2021	09	10	04	10
5	Rr	0	0.000	2021	09	10	04	05
5	Rr	0	0.000	2021	09	10	04	00
5	Rr	1	0.000	2021	09	10	03	55
5	Rr	1	0.000	2021	09	10	03	50
5	Rr	0	0.000	2021	09	10	03	45
5	Rr	0	0.000	2021	09	10	03	40
5	Rr	0	0.000	2021	09	10	03	35
5	Rr	0	0.000	2021	09	10	03	30
5	Rr	1	0.000	2021	09	10	03	25
5	Rr	0	0.000	2021	09	10	03	20
5	Rr	0	0.000	2021	09	10	03	15
5	Rr	0	0.000	2021	09	10	03	10
5	Rr	0	0.000	2021	09	10	03	05
5	Rr	0	0.000	2021	09	10	03	00
5	Rr	0	0.000	2021	09	10	02	55
5	Rr	0	0.000	2021	09	10	02	50
5	Rr	0	0.000	2021	09	10	02	45
5	Rr	0	0.000	2021	09	10	02	40
5	Rr	0	0.000	2021	09	10	02	35
5	Rr	0	0.000	2021	09	10	02	30
5	Rr	0	0.000	2021	09	10	02	25
5	Rr	0	0.000	2021	09	10	02	20
5	Rr	3	0.000	2021	09	10	02	15
5	Rr	1	0.000	2021	09	10	02	10
5	Rr	0	0.000	2021	09	10	02	05
5	Rr	0	0.000	2021	09	10	02	00
5	Rr	0	0.000	2021	09	10	01	55
5	Rr	2	0.000	2021	09	10	01	50
5	Rr	0	0.000	2021	09	10	01	45
5	Rr	0	0.000	2021	09	10	01	40
5	Rr	0	0.000	2021	09	10	01	35
5	Rr	2	0.000	2021	09	10	01	30
5	Rr	2	0.000	2021	09	10	01	25
5	Rr	0	0.000	2021	09	10	01	20
5	Rr	0	0.000	2021	09	10	01	15
5	Rr	0	0.000	2021	09	10	01	10
5	Rr	0	0.000	2021	09	10	01	05
5	Rr	0	0.000	2021	09	10	01	00
5	Rr	0	0.000	2021	09	10	00	55
5	Rr	0	0.000	2021	09	10	00	50
5	Rr	0	0.000	2021	09	10	00	45
5	Rr	0	0.000	2021	09	10	00	40
5	Rr	0	0.000	2021	09	10	00	35
5	Rr	0	0.000	2021	09	10	00	30
5	Rr	0	0.000	2021	09	10	00	25
5	Rr	0	0.000	2021	09	10	00	20
5	Rr	1	0.000	2021	09	10	00	15
5	Rr	0	0.000	2021	09	10	00	10
5	Rr	0	0.000	2021	09	10	00	05
5	Rr	0	0.000	2021	09	10	00	00
5	*BT	R	715	2020	12	11	23	20
7	Rr	3019	0.306	00	00
7	Rr	3490	0.354	00	05
7	Rr	3076	0.312	00	10
7	Rr	2690	0.273	00	15
7	Rr	3245	0.329	00	20
7	Rr	3704	0.376	00	25
7	Rr	3129	0.318	00	30
7	Rr	3125	0.317	00	35
7	Rr	3230	0.328	00	40
7	Rr	3329	0.338	00	45
7	Rr	3548	0.360	00	50
7	Rr	3016	0.306	00	55
7	Rr	2891	0.293	01	00
7	Rr	3158	0.321	01	05
7	Rr	3275	0.332	01	10
7	Rr	3198	0.325	01	15
7	Rr	3331	0.338	01	20
7	Rr	3014	0.306	01	25
7	Rr	3051	0.310	01	30
7	Rr	3259	0.331	01	35
7	Rr	3234	0.328	01	40
7	Rr	3079	0.313	01	45
7	Rr	3009	0.305	01	50
7	Rr	3375	0.343	01	55
7	Rr	3054	0.310	02	00
7	Rr	3119	0.317	02	05
7	Rr	3049	0.309	02	10
7	Rr	3566	0.362	02	15
7	Rr	3236	0.328	02	20
7	Rr	3303	0.335	02	25
7	Rr	3196	0.324	02	30
7	Rr	3509	0.356	02	35
7	Rr	3115	0.316	02	40
7	Rr	3118	0.316	02	45
7	Rr	2868	0.291	02	50
7	Rr	3492	0.354	02	55
7	Rr	3129	0.318	03	00
7	Rr	2996	0.304	03	05
7	Rr	3029	0.307	03	10
7	Rr	3144	0.319	03	15
7	Rr	2868	0.291	03	20
7	Rr	2865	0.291	03	25
7	Rr	2979	0.302	03	30
7	Rr	3197	0.324	03	35
7	Rr	3121	0.317	03	40
7	Rr	3447	0.350	03	45
7	Rr	3936	0.399	03	50
7	Rr	3175	0.322	03	55
7	Rr	3024	0.307	04	00
7	Rr	3043	0.309	04	05
7	Rr	3166	0.321	04	10
7	Rr	3259	0.331	04	15
7	Rr	3427	0.348	04	20
7	Rr	3101	0.315	04	25
7	Rr	2992	0.304	04	30
7	Rr	2810	0.285	04	35
7	Rr	2827	0.287	04	40
7	Rr	3338	0.339	04	45
7	Rr	2944	0.299	04	50
7	Rr	2940	0.298	04	55
7	Rr	2715	0.276	05	00
7	Rr	2667	0.271	05	05
7	Rr	3118	0.316	05	10
7	Rr	3059	0.310	05	15
7	Rr	3175	0.322	05	20
7	Rr	3023	0.307	05	25
7	Rr	3228	0.328	05	30
7	Rr	3013	0.306	05	35
7	Rr	2679	0.272	05	40
7	Rr	2746	0.279	05	45
7	Rr	2655	0.269	05	50
7	Rr	2866	0.291	05	55
7	Rr	2883	0.293	06	00
7	Rr	3544	0.360	06	05
7	Rr	2946	0.299	06	10
7	Rr	2905	0.295	06	15
7	Rr	2766	0.281	06	20
7	Rr	2836	0.288	06	25
7	Rr	2690	0.273	06	30
7	Rr	2867	0.291	06	35
7	Rr	2982	0.303	06	40
7	Rr	3060	0.311	06	45
7	Rr	2456	0.249	06	50
7	Rr	2479	0.252	06	55
7	Rr	3125	0.317	07	00
7	Rr	2684	0.272	07	05
7	Rr	2792	0.283	07	10
7	Rr	2673	0.271	07	15
7	Rr	2915	0.296	07	20
7	Rr	3305	0.335	07	25
7	Rr	3257	0.331	07	30
7	Rr	2929	0.297	07	35
7	Rr	2603	0.264	07	40
7	Rr	2612	0.265	07	45
7	Rr	2526	0.256	07	50
7	Rr	2619	0.266	07	55
7	Rr	2708	0.275	08	00
7	Rr	2955	0.300	08	05
7	Rr	2703	0.274	08	10
7	Rr	2586	0.262	08	15
7	Rr	2697	0.274	08	20
7	Rr	2762	0.280	08	25
7	Rr	3175	0.322	08	30
7	Rr	2791	0.283	08	35
7	Rr	2720	0.276	08	40
7	Rr	2577	0.262	08	45
7	Rr	2536	0.257	08	50
7	Rr	2572	0.261	08	55
7	Rr	2533	0.257	09	00
7	Rr	2882	0.293	09	05
7	Rr	2534	0.257	09	10
7	Rr	2511	0.255	09	15
7	Rr	2887	0.293	09	20
7	Rr	2686	0.273	09	25
7	Rr	2735	0.278	09	30
7	Rr	2432	0.247	09	35
7	Rr	2672	0.271	09	40
7	Rr	2544	0.258	09	45
7	Rr	2352	0.239	09	50
7	Rr	2513	0.255	09	55
7	Rr	2470	0.251	10	00
7	Rr	2454	0.249	10	05
7	Rr	2594	0.263	10	10
7	Rr	2484	0.252	10	15
7	Rr	2404	0.244	10	20
7	Rr	2726	0.277	10	25
7	Rr	2493	0.253	10	30
7	Rr	2548	0.259	10	35
7	Rr	2691	0.273	10	40
7	Rr	2478	0.252	10	45
7	Rr	2733	0.277	10	50
7	Rr	2973	0.302	10	55
7	Rr	3897	0.396	11	00
7	Rr	3008	0.305	11	05
7	Rr	2818	0.286	11	10
7	Rr	2731	0.277	11	15
7	Rr	2851	0.289	11	20
7	Rr	2568	0.261	11	25
7	Rr	2880	0.292	11	30
7	Rr	2565	0.260	11	35
7	Rr	2877	0.292	11	40
7	Rr	2776	0.282	11	45
7	Rr	2807	0.285	11	50
7	Rr	2888	0.293	11	55
7	Rr	3453	0.350	12	00
7	Rr	3127	0.317	12	05
7	Rr	3133	0.318	12	10
7	Rr	2670	0.271	12	15
7	Rr	2816	0.286	12	20
7	Rr	2724	0.276	12	25
7	Rr	2827	0.287	12	30
7	Rr	2717	0.276	12	35
7	Rr	2870	0.291	12	40
7	Rr	3038	0.308	12	45
7	Rr	2781	0.282	12	50
7	Rr	2858	0.290	12	55
7	Rr	2947	0.299	13	00
7	Rr	2970	0.301	13	05
7	Rr	3228	0.328	13	10
7	Rr	3014	0.306	13	15
7	Rr	2965	0.301	13	20
7	Rr	3126	0.317	13	25
7	Rr	3188	0.324	13	30
7	Rr	3489	0.354	13	35
7	Rr	3050	0.310	13	40
7	Rr	2662	0.270	13	45
7	Rr	3234	0.328	13	50
7	Rr	3191	0.324	13	55
7	Rr	3210	0.326	14	00
7	Rr	3563	0.362	14	05
7	Rr	3557	0.361	14	10
7	Rr	3738	0.379	14	15
7	Rr	3514	0.357	14	20
7	Rr	3609	0.366	14	25
7	Rr	3925	0.398	14	30
7	Rr	3696	0.375	14	35
7	Rr	3329	0.338	14	40
7	Rr	3438	0.349	14	45
7	Rr	3579	0.363	14	50
7	Rr	3972	0.403	14	55
7	Rr	4101	0.416	15	00
7	Rr	4218	0.428	15	05
7	Rr	3707	0.376	15	10
7	Rr	3869	0.393	15	15
7	Rr	3578	0.363	15	20
7	Rr	4071	0.413	15	25
7	Rr	4279	0.434	15	30
7	Rr	3864	0.392	15	35
7	Rr	4136	0.420	15	40
7	Rr	4139	0.420	15	45
7	Rr	4201	0.426	15	50
7	Rr	4417	0.448	15	55
7	Rr	4176	0.424	16	00
7	Rr	4410	0.448	16	05
7	Rr	4190	0.425	16	10
7	Rr	4655	0.472	16	15
7	Rr	4122	0.418	16	20
7	Rr	3899	0.396	16	25
7	Rr	4263	0.433	16	30
7	Rr	4446	0.451	16	35
7	Rr	4467	0.453	16	40
7	Rr	4503	0.457	16	45
7	Rr	4502	0.457	16	50
7	Rr	4375	0.444	16	55
7	Rr	4281	0.435	17	00
7	Rr	4260	0.432	17	05
7	Rr	4568	0.464	17	10
7	Rr	4204	0.427	17	15
7	Rr	4291	0.436	17	20
7	Rr	4413	0.448	17	25
7	Rr	4410	0.448	17	30
7	Rr	4543	0.461	17	35
7	Rr	4356	0.442	17	40
7	Rr	4190	0.425	17	45
7	Rr	4330	0.439	17	50
7	Rr	4141	0.420	17	55
7	Rr	3760	0.382	18	00
7	Rr	4189	0.425	18	05
7	Rr	4805	0.488	18	10
7	Rr	4547	0.462	18	15
7	Rr	4211	0.427	18	20
7	Rr	4659	0.473	18	25
7	Rr	4397	0.446	18	30
7	Rr	4519	0.459	18	35
7	Rr	4534	0.460	18	40
7	Rr	4468	0.453	18	45
7	Rr	4390	0.446	18	50
7	Rr	4565	0.463	18	55
7	Rr	4981	0.506	19	00
7	Rr	4659	0.473	19	05
7	Rr	4539	0.461	19	10
7	Rr	4289	0.435	19	15
7	Rr	4205	0.427	19	20
7	Rr	4064	0.412	19	25
7	Rr	4146	0.421	19	30
7	Rr	4357	0.442	19	35
7	Rr	4432	0.450	19	40
7	Rr	4659	0.473	19	45
7	Rr	3995	0.405	19	50
7	Rr	4120	0.418	19	55
7	Rr	4198	0.426	20	00
7	Rr	4700	0.477	20	05
7	Rr	4554	0.462	20	10
7	Rr	4162	0.422	20	15
7	Rr	4459	0.453	20	20
7	Rr	4329	0.439	20	25
7	Rr	3855	0.391	20	30
7	Rr	4141	0.420	20	35
7	Rr	4389	0.445	20	40
7	Rr	4680	0.475	20	45
7	Rr	4226	0.429	20	50
7	Rr	4421	0.449	20	55
7	Rr	4856	0.493	21	00
7	Rr	4112	0.417	21	05
7	Rr	4210	0.427	21	10
7	Rr	4061	0.412	21	15
7	Rr	3725	0.378	21	20
7	Rr	4359	0.442	21	25
7	Rr	3760	0.382	21	30
7	Rr	3986	0.405	21	35
7	Rr	3973	0.403	21	40
7	Rr	4075	0.414	21	45
7	Rr	4238	0.430	21	50
7	Rr	3759	0.382	21	55
7	Rr	3869	0.393	22	00
7	Rr	3681	0.374	22	05
7	Rr	3891	0.395	22	10
7	Rr	3511	0.356	22	15
7	Rr	3939	0.400	22	20
7	Rr	4003	0.406	22	25
7	Rr	3654	0.371	22	30
7	Rr	4019	0.408	22	35
7	Rr	3564	0.362	22	40
7	Rr	3608	0.366	22	45
7	Rr	3786	0.384	22	50
7	Rr	3610	0.366	22	55
7	Rr	4011	0.407	23	00
7	Rr	3686	0.374	23	05
7	Rr	3605	0.366	23	10
7	Rr	3622	0.368	23	15
7	Rr	4348	0.441	23	20
7	Rr	3451	0.350	23	25
7	Rr	3260	0.331	23	30
7	Rr	3584	0.364	23	35
7	Rr	3301	0.335	23	40
7	Rr	3303	0.335	23	45
7	Rr	3357	0.341	23	50
7	Rr	3061	0.311	23	55
o	*f	0R	r
o	lRQ	1	985257	1629994954	[unresolved numerical addresses]
Z	*f	-20R	r
Z	lRb	1	42966	3.099	66.249
Z	lRb	1	40225	1.823	69
Z	lRb	1	26905	2.049	35
Z	lRb	1	24915	0.934	46
Z	lRb	1	22158	3.076	157.55
Z	lRb	1	18317	2.978	70
Z	lRb	1	17204	1.289	34
Z	lRb	1	16943	2.282	207.46
Z	lRb	1	16357	1.852	54
Z	lRb	1	15419	1.436	76
Z	lRb	1	15406	2.500	40
Z	lRb	1	13376	1.692	72
Z	lRb	1	12111	0.104	178.137
Z	lRb	1	11900	1.134	75
Z	lRb	1	11812	1.283	5
Z	lRb	1	10921	1.041	123
Z	lRb	1	10859	0.891	74
Z	lRb	1	9880	0.658	71
Z	lRb	1	9080	0.561	37
Z	lRb	1	9048	1.015	104
Z	lRb	1	629455	68.302	[not listed: 8609]
S	*f	-50P	r
S	Rb	4702	0.452	14.33.246.211
S	Rb	3770	0.839	192.234.235.103
S	Rb	3248	0.283	192.99.15.146
S	Rb	2341	0.156	100.43.83.148
S	Rb	1992	0.078	66.249.75.109
S	Rb	1829	0.171	37.59.14.116
S	Rb	1781	0.247	75.98.173.33
S	Rb	1597	0.149	78.155.138.20
S	Rb	1543	0.084	199.21.99.79
S	Rb	1459	0.012	92.249.127.111
S	Rb	1330	0.021	109.102.111.58
S	Rb	1312	0.051	205.203.134.197
S	Rb	1304	0.221	5.196.13.127
S	Rb	1276	0.137	208.115.113.82
S	Rb	1270	0.074	95.108.248.29
S	Rb	1193	0.047	49.7.20.102
S	Rb	1155	0.266	75.98.173.84
S	Rb	1142	0.001	91.207.9.226
S	Rb	1107	0.019	66.249.69.97
S	Rb	1081	0.022	66.249.69.81
S	Rb	1051	0.037	66.249.69.192
S	Rb	1047	0.020	106.38.241.144
S	Rb	1039	0.017	66.249.69.89
S	Rb	1030	0.112	5.255.250.90
S	Rb	1024	0.085	95.108.150.235
S	Rb	1012	0.094	192.99.6.132
S	Rb	957	0.209	199.21.99.197
S	Rb	951	0.071	66.249.73.133
S	Rb	940	0.187	79.125.27.96
S	Rb	845	0.039	144.76.27.118
S	Rb	815	0.034	178.63.23.80
S	Rb	812	0.107	66.249.64.90
S	Rb	808	0.209	149.202.211.239
S	Rb	791	0.074	192.99.7.55
S	Rb	786	0.134	66.11.128.152
S	Rb	777	0.001	193.150.120.14
S	Rb	760	0.058	208.115.113.92
S	Rb	756	0.024	82.145.46.102
S	Rb	744	0.011	109.102.111.20
S	Rb	739	0.011	109.102.111.50
S	Rb	721	0.004	106.38.241.177
S	Rb	704	0.001	109.120.157.179
S	Rb	698	0.029	220.181.125.162
S	Rb	694	0.044	78.155.138.30
S	Rb	686	0.023	66.249.65.212
S	Rb	666	0.096	216.244.66.229
S	Rb	664	0.062	94.23.59.173
S	Rb	659	0.020	49.7.20.111
S	Rb	653	0.083	52.21.132.215
S	Rb	649	0.061	46.105.74.59
S	Rb	924347	94.716	[not listed: 86841]
s	*FR	2013	12	18	21	53
s	*LR	2021	09	10	21	42
s	*f	-20R	s
s	lRS	1	192128	394	http://www.gtaeronautics.com/
s	lRS	1	45156	80	http://gtaeronautics.com/
s	lRS	1	4885	4	https://www.google.com/
s	lRS	1	246	1	https://www.thomasnet.com/
s	lRS	1	1542	0	http://www.google.com/
s	lRS	1	1159	0	http://www.trainingindustry.com/
s	lRS	1	1123	0	http://www.baidu.com/
s	lRS	1	609	0	http://www.mfgpages.com/
s	lRS	1	604	0	http://www.openfos.com/
s	lRS	1	517	0	http://www.topicway.com/
s	lRS	1	462	0	http://anti-crisis-seo.com/
s	lRS	1	395	0	http://uptime.com/
s	lRS	1	362	0	http://semalt.semalt.com/
s	lRS	1	325	0	http://www.bing.com/
s	lRS	1	301	0	http://chimiver.info/
s	lRS	1	280	0	https://www.google.co.in/
s	lRS	1	262	0	http://google.co.jp/
s	lRS	1	243	0	https://www.bing.com/
s	lRS	1	236	0	http://www.thomasnet.com/
s	lRS	1	234	0	http://www.artparquet.ru/
s	lRS	1	48015	17	[not listed: 4272]
f	*FR	2013	12	18	21	53
f	*LR	2021	09	10	21	42
f	*f	-30R	s
f	lRS	1	128898	320	http://www.gtaeronautics.com/
f	lRS	1	30975	80	http://gtaeronautics.com/
f	lRS	1	6876	16	http://www.gtaeronautics.com/CCT&M.html
f	lRS	1	9170	13	http://www.gtaeronautics.com/aboutus.html
f	lRS	1	2304	11	http://www.gtaeronautics.com/GT380 RPAS.html
f	lRS	1	1750	9	http://www.gtaeronautics.com/SRU.html
f	lRS	1	1543	7	http://www.gtaeronautics.com/GT50T RPAS.html
f	lRS	1	4490	4	https://www.google.com/
f	lRS	1	2067	3	http://www.gtaeronautics.com/GT1500 RPAS.html
f	lRS	1	1535	2	http://www.gtaeronautics.com/EMPLOYMENT.html
f	lRS	1	2438	1	http://www.gtaeronautics.com/pna.html
f	lRS	1	1897	1	http://www.gtaeronautics.com/CompNews.html
f	lRS	1	5833	0	http://www.gtaeronautics.com/UASFC.html
f	lRS	1	5466	0	http://gtaeronautics.com/IndNews.html
f	lRS	1	4151	0	http://www.gtaeronautics.com/index.html
f	lRS	1	4136	0	http://www.gtaeronautics.com/ConsultingA.html
f	lRS	1	1987	0	http://www.gtaeronautics.com/uasfc.html
f	lRS	1	1924	0	http://www.gtaeronautics.com/RD.html
f	lRS	1	1775	0	http://www.gtaeronautics.com/CFMT.html
f	lRS	1	1617	0	http://www.gtaeronautics.com/consultinga.html
f	lRS	1	1522	0	http://www.gtaeronautics.com/IndNews.html
f	lRS	1	1302	0	http://www.gtaeronautics.com/contactus.html
f	lRS	1	1290	0	http://gtaeronautics.com/aboutus.html
f	lRS	1	1187	0	http://www.gtaeronautics.com/compnews.html
f	lRS	1	1159	0	http://www.trainingindustry.com/
f	lRS	1	1097	0	http://www.gtaeronautics.com/links.html
f	lRS	1	1079	0	http://www.baidu.com/s
f	lRS	1	892	0	http://www.google.com/url
f	lRS	1	872	0	http://www.gtaeronautics.com/FAQ.html
f	lRS	1	799	0	http://gtaeronautics.com/index.html
f	lRS	1	67053	29	[not listed: 4893]
n	*FR	2013	12	19	00	28
n	*LR	2020	10	14	09	11
n	*f	0.500000%Q	s
n	Rq	1	1615.739	kit
n	Rq	1	1615.739	method
n	Rq	2	1388.185	crew
n	Rq	28	523.694	aeronautical
n	Rq	1	1615.739	airplane.com
n	Rq	5	705.524	faa
n	Rq	40	1001.664	gt
n	Rq	1	1615.739	moldings
n	Rq	1	1615.739	twin
n	Rq	1	1615.739	taranis
n	Rq	2	1615.739	installerex
n	Rq	2	1615.739	http://gtaeronautics.com/
n	Rq	20	1411.048	in
n	Rq	1	1615.739	scale
n	Rq	1	1615.739	observer
n	Rq	1	1615.739	drawing?
n	Rq	2	1615.739	is
n	Rq	1	1615.739	making
n	Rq	2	1388.185	fiber
n	Rq	1	1615.739	mitsubishi
n	Rq	1	1615.739	fuze
n	Rq	1	1615.739	http://www.gtaeronautics.com/indnews.html
n	Rq	92	1615.739	semalt.com
n	Rq	1	1615.739	consultant
n	Rq	15	933.078	manufacturing
n	Rq	1	1615.739	2
n	Rq	1	1615.739	base
n	Rq	14	500.832	6
n	Rq	1	1615.739	http://gtaeronautics.com/indnews.html
n	Rq	1	1615.739	always
n	Rq	28	1684.326	engineering
n	Rq	1	1615.739	northrop
n	Rq	1	1615.739	bandwidth
n	Rq	1	1615.739	vegas
n	Rq	3	1388.185	basic
n	Rq	1	1615.739	qinetiq
n	Rq	1	1615.739	tooling
n	Rq	1	1615.739	on
n	Rq	1	1615.739	heavy
n	Rq	9	22.862	drawings
n	Rq	1	1615.739	fia
n	Rq	4	1615.739	louis%20vuitton%20fashion%20valley%20phone%20number
n	Rq	3	1615.739	llc
n	Rq	3	1160.631	rullman
n	Rq	1	1615.739	cowling
n	Rq	32	1160.631	sale
n	Rq	64	477.970	outlet
n	Rq	1	1615.739	rotax
n	Rq	1	1615.739	ucav
n	Rq	28	68.587	texan
n	Rq	1	1615.739	a
n	Rq	2	1615.739	customer
n	Rq	1	1615.739	rpa
n	Rq	2	1388.185	110cc
n	Rq	30	1615.739	designer
n	Rq	20	705.524	www.gtaeronautics.com
n	Rq	1	1615.739	work
n	Rq	1	1615.739	thomas
n	Rq	1	1615.739	engie
n	Rq	1	1615.739	qualification
n	Rq	1	1615.739	custom
n	Rq	1	1615.739	mk3
n	Rq	1	1615.739	t
n	Rq	1	1615.739	uavs
n	Rq	1	1615.739	w
n	Rq	2	1615.739	satisfaction
n	Rq	2	1388.185	x
n	Rq	1	1615.739	crews
n	Rq	3	1615.739	photos
n	Rq	1	1615.739	finnemeccia
n	Rq	2	1388.185	glass
n	Rq	1	1160.631	to
n	Rq	1	1615.739	gcs
n	Rq	5	705.524	engineer
n	Rq	1	1615.739	government
n	Rq	1	1615.739	operator
n	Rq	6	477.970	aircraft
n	Rq	1	1615.739	with
n	Rq	97	1388.185	number
n	Rq	4	1160.631	for
n	Rq	1	1615.739	december
n	Rq	2	1388.185	aero
n	Rq	9	1388.185	equipment
n	Rq	2	1388.185	engine
n	Rq	1	1615.739	mq1
n	Rq	2	1388.185	wy
n	Rq	1	1615.739	custum
n	Rq	1	1615.739	g.t
n	Rq	1	1615.739	mechanics
n	Rq	1	1388.185	motors
n	Rq	1	1615.739	tdw
n	Rq	32	705.524	luggage
n	Rq	1	1615.739	opportunities
n	Rq	175	1661.464	vuitton
n	Rq	1	1615.739	show
n	Rq	1	1160.631	the
n	Rq	1	1615.739	luggages
n	Rq	1	1615.739	stroke
n	Rq	2	1615.739	explore
n	Rq	39	1388.185	handbags
n	Rq	2	1388.185	electric
n	Rq	1	1615.739	space
n	Rq	1	1388.185	air
n	Rq	1	1615.739	quote
n	Rq	1	1615.739	require
n	Rq	1	1615.739	mpp
n	Rq	4	1388.185	jobs
n	Rq	5	705.524	uas
n	Rq	1	1615.739	anything
n	Rq	1	1615.739	china
n	Rq	1	1615.739	airplane
n	Rq	10	1411.048	uav
n	Rq	2	1615.739	wmaid.com
n	Rq	3	933.078	drone
n	Rq	7	250.416	fiberglass
n	Rq	2	1615.739	facebook
n	Rq	1	1615.739	college
n	Rq	4	933.078	onboard
n	Rq	3	1388.185	gtaeronautics.com
n	Rq	1	1615.739	qulificationa
n	Rq	21	728.386	simi
n	Rq	1	1615.739	and
n	Rq	5	1160.631	flight
n	Rq	17	728.386	at6
n	Rq	1	1615.739	xtreme
n	Rq	1	1615.739	maintenance
n	Rq	1	1615.739	cody
n	Rq	1	1615.739	systems
n	Rq	1	1615.739	any
n	Rq	1	1615.739	tom
n	Rq	1	1615.739	payload
n	Rq	2	1388.185	gta
n	Rq	2	1615.739	granger
n	Rq	8	250.416	extreme
n	Rq	6	705.524	molding
n	Rq	2	1615.739	easylifeapp
n	Rq	1	1615.739	rating
n	Rq	2	1615.739	whitelaw
n	Rq	126	250.416	fashion
n	Rq	2	1388.185	ice
n	Rq	2	1615.739	http://www.gtaeronautics.com/compnews.html
n	Rq	5	1388.185	engineers
n	Rq	3	1388.185	composite
n	Rq	1	1615.739	skyforce
n	Rq	1	1615.739	eengineer
n	Rq	175	1661.464	louis
n	Rq	8	1615.739	store
n	Rq	4	933.078	starter
n	Rq	14	933.078	cheap
n	Rq	1	1615.739	diamond
n	Rq	10	1638.601	bme
n	Rq	1	1615.739	america2009
n	Rq	7	1615.739	content
n	Rq	1	1615.739	challenge
n	Rq	2	1388.185	aeronautic
n	Rq	1	1615.739	piece
n	Rq	1	1615.739	how
n	Rq	1	1615.739	male
n	Rq	2	1388.185	design
n	Rq	2	1388.185	flying
n	Rq	1	1615.739	carbon
n	Rq	1	1615.739	operation
n	Rq	2	1615.739	profile
n	Rq	1	1615.739	tomas
n	Rq	1	1615.739	cia
n	Rq	1	1615.739	hummingbird
n	Rq	1	1615.739	iron
n	Rq	1	1615.739	california
n	Rq	1	1615.739	amphibian
n	Rq	1	1615.739	110
n	Rq	1	1615.739	mentioned
n	Rq	1	1615.739	111
n	Rq	1	1615.739	over
n	Rq	25	523.694	http://www.gtaeronautics.com/
n	Rq	1	1615.739	google.com
n	Rq	1	1615.739	fuel
n	Rq	2	1615.739	inc
n	Rq	1	1615.739	handbag.com
n	Rq	1	1615.739	da42
n	Rq	2	1388.185	certification
n	Rq	1	1615.739	timing
n	Rq	1	1615.739	2015
n	Rq	1	1615.739	home
n	Rq	1	1615.739	aerospacecompanies
n	Rq	1	1615.739	anti
n	Rq	1	1615.739	ziroli
n	Rq	1	1615.739	sketches
n	Rq	5	1615.739	purses
n	Rq	1	1615.739	downlink
n	Rq	3	1615.739	aeronotics
n	Rq	1	1615.739	nanotechnology
n	Rq	1	1615.739	zephyr
n	Rq	4	1615.739	wyoming
n	Rq	2	1615.739	technology
n	Rq	3	1160.631	companies
n	Rq	1	1615.739	muffler
n	Rq	2	1615.739	avia
n	Rq	2	1615.739	what
n	Rq	145	1206.356	valley
n	Rq	1	1615.739	microwave
n	Rq	1	1615.739	mold
n	Rq	5	933.078	pglm
n	Rq	1	1615.739	specialist
n	Rq	23	978.802	drawing
n	Rq	1	1615.739	tool
n	Rq	1	1615.739	security
n	Rq	6	1388.185	prototypes
n	Rq	1	1615.739	giant
n	Rq	1	1615.739	powell
n	Rq	8	250.416	aerospace
n	Rq	4	933.078	unmanned
n	Rq	34	1456.772	aeronautics
n	Rq	1	1615.739	radius
n	Rq	1	1615.739	zero
n	Rq	1	1615.739	tobbot
n	Rq	2	1388.185	job
n	Rq	2	1388.185	neverfull
n	Rq	1	1615.739	onbordstarter
n	Rq	20	933.078	ca
n	Rq	1	1388.185	as
n	Rq	13	728.386	at
n	Rq	5	705.524	techniques
n	Rq	1	1615.739	does
n	Rq	1	1615.739	commercial
n	Rq	1	1615.739	www.gt
n	Rq	1	1615.739	de
n	Rq	1	1615.739	co
n	Rq	1	1615.739	speedy
n	Rq	1	1615.739	rpas
n	Rq	2	1388.185	instrument
n	Rq	1	1615.739	do
n	Rq	1	1615.739	quotation
n	Rq	3	1160.631	training
n	Rq	1	1615.739	efi
n	Rq	1	1615.739	careers
n	Rq	3	1160.631	pilot
n	Rq	9	22.862	bandito
n	Rq	4	933.078	quotes
n	Rq	107	933.078	phone
n	Rq	1	1615.739	stations
n	Rq	1	1615.739	traing
N	*FR	2013	12	19	00	28
N	*LR	2020	10	14	09	11
N	*f	-200Q	s
N	RQ	9	3818025431	at 6 texan
N	RQ	1	3764755167	uavs flying over simi valley ca
N	RQ	1	3764755167	gt aeronautics simi valley california
N	RQ	1	3764755167	aeronautical engineer quote
N	RQ	1	3764755167	does aeronautical engineering require drawing?
N	RQ	1	3764755167	how to do gt in engineering drawing
N	RQ	2	3764755167	http://gtaeronautics.com/
N	RQ	1	3764755167	the government college g.t aeronautics
N	RQ	1	3764755167	bme engine
N	RQ	1	3764755167	uas gcs
N	RQ	1	3764755167	http://www.gtaeronautics.com/indnews.html
N	RQ	92	3764755167	semalt.com
N	RQ	1	3764755167	aero iron mentioned nanotechnology hummingbird uav
N	RQ	1	3764755167	basic fiberglass techniques
N	RQ	1	3764755167	http://gtaeronautics.com/indnews.html
N	RQ	1	3764755167	finnemeccia co
N	RQ	2	3764755167	drawing for customer satisfaction
N	RQ	1	3764755167	cheap louis vuitton speedy handbag.com
N	RQ	1	3764755167	at 6
N	RQ	1	3764755167	quotation specialist engineer drawings
N	RQ	1	3764755167	challenge xtreme 111 piece mechanics tool kit
N	RQ	1	3764755167	uav commercial crew stations
N	RQ	1	3764755167	da42 mpp microwave downlink bandwidth
N	RQ	1	3764755167	anti ice de ice qinetiq zephyr
N	RQ	4	3764755167	louis%20vuitton%20fashion%20valley%20phone%20number
N	RQ	1	3764755167	faa uas pilot certification
N	RQ	1	3764755167	any flying crews in gta
N	RQ	1	3764755167	aerospace drawing
N	RQ	1	3764755167	fiber glass molding job
N	RQ	1	3764755167	aircraft design consultant
N	RQ	1	3764755167	www.gt airplane.com
N	RQ	3	3764755167	gt in aeronotics
N	RQ	1	3764755167	tom rullman
N	RQ	1	3764755167	gt aeronautics simi valley ca
N	RQ	1	3764755167	drone base in simi valley
N	RQ	1	3764755167	fiberglass mold making techniques
N	RQ	1	3764755167	rpa instrument qualification faa instrument rating
N	RQ	1	3764755167	extreme bme
N	RQ	1	3764755167	uas faa maintenance
N	RQ	1	3764755167	louis vuitton neverfull
N	RQ	1	3764755167	fiberglass techniques
N	RQ	1	3764755167	aircraft companies in simi valley
N	RQ	1	3764755167	custom fiberglass moldings
N	RQ	11	3764755167	louis vuitton luggage cheap
N	RQ	1	3764755167	anything
N	RQ	1	3764755167	aeronautical engineering sketches
N	RQ	1	3764755167	gtaeronautics.com
N	RQ	1	3764755167	giant scale ziroli at 6
N	RQ	9	3764755167	outlet louis vuitton handbags
N	RQ	1	3764755167	cowling drawing
N	RQ	1	3764755167	mitsubishi zero
N	RQ	1	3764755167	powell wy gt aeronautics
N	RQ	2	3764755167	what is gt in basic engineering drawing
N	RQ	2	3764755167	composite molding
N	RQ	1	3764755167	aeronautics in simi valley and security work
N	RQ	3	3764755167	gt aeronautics llc jobs
N	RQ	1	3764755167	crew flight gta
N	RQ	1	3764755167	110cc engine timing
N	RQ	1	3764755167	aeronautical engineer quotes
N	RQ	2	3764755167	http://www.gtaeronautics.com/compnews.html
N	RQ	4	3764755167	wyoming flight engineers
N	RQ	1	3764755167	a t 6
N	RQ	1	3764755167	gt aeronautics unmanned air
N	RQ	1	3764755167	fia gt composite tooling
N	RQ	1	3764755167	uas pilot certification
N	RQ	1	3764755167	quotes on aeronautical engineers
N	RQ	1	3764755167	payload for diamond northrop twin engie aircraft
N	RQ	7	3764755167	content
N	RQ	1	3764755167	bme 110
N	RQ	1	3764755167	thomas w rullman gt aeronautics
N	RQ	1	3764755167	luggages for sale
N	RQ	2	3764755167	easylifeapp profile
N	RQ	2	3764755167	simi gt
N	RQ	1	3764755167	mq1 design fuel
N	RQ	1	3764755167	airplane as always cia america2009
N	RQ	1	3764755167	eengineer drawing home
N	RQ	1	3764755167	heavy equipment operator jobs
N	RQ	1	3764755167	aero space drone simi valley
N	RQ	1	3764755167	cheap louis vuitton luggage
N	RQ	1	3764755167	2 stroke electric onboard starter
N	RQ	1	3764755167	skyforce observer mk3
N	RQ	1	3764755167	simi valley unmanned aircraft
N	RQ	2	3764755167	granger whitelaw avia
N	RQ	1	3764755167	louis vuitton fashion valley neverfull
N	RQ	1	3764755167	louis vuitton job opportunities
N	RQ	1	3764755167	google.com
N	RQ	1	3764755167	uas operation training method
N	RQ	2	3764755167	wmaid.com explore gtaeronautics.com
N	RQ	1	3764755167	custum muffler 110cc
N	RQ	1	3764755167	glass manufacturing drawings
N	RQ	1	3764755167	electric motors x male uav x sale
N	RQ	1	3764755167	aerospacecompanies in simi valley
N	RQ	1	3764755167	fiberglass molding
N	RQ	2	3764755167	aeronautical technology inc
N	RQ	1	3764755167	taranis ucav
N	RQ	1	3764755167	vegas drone uav show december 2015
N	RQ	1	3764755167	uav companies in simi valley
N	RQ	1	3764755167	unmanned aircraft systems pilot training
N	RQ	2	3764755167	installerex facebook
N	RQ	3	3764755167	texan at6 photos
N	RQ	1	3764755167	aeronautic engineer
N	RQ	30	3764755167	designer handbags outlet sale
N	RQ	1	3764755167	rpas qulificationa traing with faa
N	RQ	1	3764755167	faa uav training
N	RQ	1	3764755167	uav companies simi valley
N	RQ	5	3764755167	louis vuitton purses outlet
N	RQ	1	3764755167	aeronautics
N	RQ	1	3764755167	cheap louis vuitton luggage outlet
N	RQ	1	3764755167	gt aeronautics tomas rullman
N	RQ	1	3764755167	tobbot
N	RQ	1	3764755167	radius tdw efi fuze
N	RQ	8	3764755167	manufacturing equipment store in simi valley
N	RQ	1	3764755167	aeronautic engineer quotes
N	RQ	1	3764755167	onbordstarter
N	RQ	1	3764755167	rotax amphibian unmanned china
N	RQ	1	3764755167	aeronautical engineering quotes
N	RQ	1	3764755167	drawing aircraft engineering
N	RQ	1	3764755167	gt aeronautics careers
N	RQ	1	3764755167	gt aeronautics bandito
N	RQ	1	3764755167	cody wy carbon fiber
N	RQ	2	3234543038	fiberglass molding techniques
N	RQ	6	3234543038	manufacturing aeronautical prototypes
N	RQ	19	3234543038	louis vuitton luggage outlet
N	RQ	10	3234543038	louis vuitton fashion valley phone
N	RQ	97	3234543038	louis vuitton fashion valley phone number
N	RQ	2	3234543038	texan at 6
N	RQ	18	3234543038	louis vuitton fashion valley ca
N	RQ	3	2704330909	bandito uav
N	RQ	3	2704330909	onboard starter
N	RQ	14	2227389044	aeronautical engineering drawing
N	RQ	6	2174118780	texan at6
N	RQ	5	2174118780	bandito pglm
N	RQ	20	1643906651	www.gtaeronautics.com
N	RQ	25	1220235050	http://www.gtaeronautics.com/
N	RQ	20	1166964786	gt aeronautics
N	RQ	7	1113694522	bme extreme
N	RQ	7	1113694522	aerospace engineering drawings
N	RQ	8	53270264	at6 texan
B	*f	-40R	r
B	Rb	36128	4.963	Mozilla/5.0 (compatible; bingbot/2.0;  http://www.bing.com/bingbot.htm)
B	Rb	35461	2.115	ZoominfoBot (zoominfobot at zoominfo dot com)
B	Rb	26118	1.783	Mozilla/5.0 (compatible; Googlebot/2.1;  http://www.google.com/bot.html)
B	Rb	15827	1.429	Mozilla/4.0 (compatible; MSIE 6.0; Windows NT 5.1; SV1)
B	Rb	12624	2.062	Mozilla/5.0 (iPhone; CPU iPhone OS 7_0 like Mac OS X) AppleWebKit/537.51.1 (KHTML, like Gecko) Version/7.0 Mobile/11A465 Safari/9537.53 (compatible; bingbot/2.0;  http://www.bing.com/bingbot.htm)
B	Rb	11973	0.736	Sogou web spider/4.0( http://www.sogou.com/docs/help/webmasters.htm#07)
B	Rb	9983	1.043	Mozilla/5.0 (compatible; YandexBot/3.0;  http://yandex.com/bots)
B	Rb	9952	1.031	Mozilla/5.0 (compatible; Baiduspider/2.0;  http://www.baidu.com/search/spider.html)
B	Rb	9752	0.850	Mozilla/5.0 (Windows NT 6.1; WOW64; Trident/7.0; rv:11.0) like Gecko
B	Rb	8061	1.367	Mozilla/4.0 (compatible; MSIE 7.0; Windows NT 5.1; .NET CLR 1.1.4322; .NET CLR 2.0.50727)
B	Rb	7449	0.626	Mozilla/5.0 (compatible; Yahoo! Slurp; http://help.yahoo.com/help/us/ysearch/slurp)
B	Rb	7100	0.324	Mozilla/4.0 (compatible; MSIE 6.0; Windows NT 5.1; SV1; .NET CLR 2.0.50727)
B	Rb	6942	0.283	Mozilla/4.0 (compatible;)
B	Rb	6430	0.471	Mozilla/4.0 (compatible; MSIE 6.0; Windows NT 5.1)
B	Rb	6164	0.068	Mozilla/4.0 (compatible; MSIE 7.0; Windows NT 5.1; .NET CLR 1.1.4322; .NET CLR 2.0.50727; .NET CLR 3.0.4506.2152; .NET CLR 3.5.30729)
B	Rb	6152	0.532	Mozilla/4.0 (compatible; MSIE 7.0; Windows NT 6.1; WOW64; Trident/5.0; SLCC2; .NET CLR 2.0.50727; .NET CLR 3.5.30729; .NET CLR 3.0.30729; Media Center PC 6.0; .NET4.0C; .NET4.0E)
B	Rb	6079	0.346	Mozilla/5.0 (Windows NT 6.1; WOW64) AppleWebKit/537.36 (KHTML, like Gecko) Chrome/36.0.1985.143 Safari/537.36
B	Rb	5848	0.401	Sosospider ( http://help.soso.com/webspider.htm)
B	Rb	5794	0.187	Googlebot-Image/1.0
B	Rb	5436	0.457	Mozilla/5.0 (Windows; U; Windows NT 5.1; en-US; rv:1.7.2) Gecko/20040804 Netscape/7.2 (ax)
B	Rb	5416	0.391	Mozilla/5.0 (compatible; AhrefsBot/7.0;  http://ahrefs.com/robot/)
B	Rb	5308	0.196	Mozilla/4.0 (compatible; MSIE 7.0; Windows NT 5.1; .NET CLR 1.1.4322; .NET CLR 2.0.50727; .NET CLR 3.0.04506.30)
B	Rb	5198	0.483	Mozilla/4.0 (compatible; MSIE 7.0; Windows NT 5.1)
B	Rb	5049	1.659	Mozilla/5.0 (Windows NT 6.3; WOW64) AppleWebKit/537.36 (KHTML, like Gecko) Chrome/33.0.1736.0 Safari/537.36
B	Rb	4873	0.182	Mozilla/5.0 (compatible; MSIE 9.0; Windows NT 6.1; WOW64; Trident/5.0)
B	Rb	4446	0.267	Mozilla/5.0 (compatible; Yahoo! Slurp/3.0; http://help.yahoo.com/help/us/ysearch/slurp)
B	Rb	4368	0.053	Mozilla/4.0 (compatible; MSIE 7.0; Windows NT 5.1; .NET CLR 2.0.50727; .NET CLR 3.0.4506.2152; .NET CLR 3.5.30729)
B	Rb	4216	0.665	Mozilla/5.0 (iPhone; CPU iPhone OS 7_0 like Mac OS X) AppleWebKit/537.51.1 (KHTML, like Gecko) Version/7.0 Mobile/11A465 Safari/9537.53 BingPreview/1.0b
B	Rb	4114	0.562	Mozilla/5.0 (Linux; Android 6.0.1; Nexus 5X Build/MMB29P) AppleWebKit/537.36 (KHTML, like Gecko) Chrome/41.0.2272.96 Mobile Safari/537.36 (compatible; Googlebot/2.1;  http://www.google.com/bot.html)
B	Rb	3774	0.224	Mozilla/4.0 (compatible; MSIE 6.0; Windows NT 5.1; SV1; .NET CLR 1.1.4322)
B	Rb	3595	0.420	Mozilla/4.0 (compatible; MSIE 7.0; Windows NT 5.1; InfoPath.2; .NET CLR 2.0.50727; .NET CLR)
B	Rb	3493	0.271	Mozilla/5.0 (compatible; MJ12bot/v1.4.5; http://www.majestic12.co.uk/bot.php? )
B	Rb	3481	0.186	Mozilla/5.0 (X11; Datanyze; Linux x86_64) AppleWebKit/537.36 (KHTML, like Gecko) Chrome/65.0.3325.181 Safari/537.36
B	Rb	3410	0.116	Mozilla/5.0 (compatible; SeznamBot/3.2;  http://napoveda.seznam.cz/en/seznambot-intro/)
B	Rb	3405	0.572	PRurl
B	Rb	3206	0.817	Mozilla/4.0 (compatible; MSIE 7.0; Windows NT 5.1; .NET CLR 2.0.50727; .NET CLR 1.1.4322)
B	Rb	3062	0.119	Mozilla/4.0 (compatible; MSIE 7.0; Windows NT 5.1; .NET CLR 1.1.4322)
B	Rb	3049	0.062	Mozilla/4.0 (compatible; MSIE 8.0; Windows NT 5.1; Trident/4.0; .NET CLR 2.0.50727; .NET CLR 3.0.4506.2152; .NET CLR 3.5.30729; .NET4.0C; .NET CLR 1.1.4322)
B	Rb	2908	0.332	Mozilla/5.0 (compatible; MSIE 9.0; Windows NT 6.1; Trident/5.0)
B	Rb	2893	0.246	Mozilla/4.0 (compatible; MSIE 6.0; Windows NT 5.1; SV1; .NET CLR 1.1.4322; .NET CLR 2.0.50727)
B	Rb	657453	71.101	[not listed: 19558]
b	*f	-15Q	s
b	lRQq	1	216026	3837949748	161.559	Netscape (compatible)
b	lRQq	1	35461	3764755204	158.478	ZoominfoBot (zoominfobot at zoominfo dot com)
b	lRQq	1	1071	3764755187	158.478	The Knowledge AI
b	lRQq	1	3405	3764755171	158.478	PRurl
b	lRQq	1	7	3764755170	158.478	webprosbot
b	lRQq	2	7	3764755170	158.478	webprosbot/2
b	lRQq	1	225	3764755170	158.478	DF Bot 1.0
b	lRQq	1	65	3764755169	158.478	Expanse, a Palo Alto Networks company, searches across the global IPv4 space multiple times per day to identify customers&#39; presences on the Internet. If you would like to be excluded from our scans, please send IP addresses
b	lRQq	2	65	3764755169	158.478	Expanse, a Palo Alto Networks company, searches across the global IPv4 space multiple times per day to identify customers&#39; presences on the Internet. If you would like to be excluded from our scans, please send IP addresses/domains
b	lRQq	1	21	3764755168	158.478	NetSystemsResearch studies the availability of various services across the internet. Our website is netsystemsresearch.com
b	lRQq	1	2	3764755168	158.478	Embarcadero URI Client
b	lRQq	2	2	3764755168	158.478	Embarcadero URI Client/1
b	lRQq	1	147	3871295695	162.963	User-Agent: Mozilla
b	lRQq	2	147	3871295695	162.963	User-Agent: Mozilla/5
b	lRQq	1	94	3871295695	162.963	Screaming Frog SEO Spider
b	lRQq	2	6	3764755167	158.478	Screaming Frog SEO Spider/10
b	lRQq	2	1	3764755167	158.478	Screaming Frog SEO Spider/2
b	lRQq	2	2	3764755167	158.478	Screaming Frog SEO Spider/3
b	lRQq	2	1	3764755167	158.478	Screaming Frog SEO Spider/4
b	lRQq	2	3	3764755167	158.478	Screaming Frog SEO Spider/5
b	lRQq	2	1	3764755167	158.478	Screaming Frog SEO Spider/14
b	lRQq	2	1	3764755167	158.478	Screaming Frog SEO Spider/6
b	lRQq	2	2	3764755167	158.478	Screaming Frog SEO Spider/7
b	lRQq	2	3	3234543038	136.159	Screaming Frog SEO Spider/12
b	lRQq	2	3	3234543038	136.159	Screaming Frog SEO Spider/13
b	lRQq	2	4	3234543038	136.159	Screaming Frog SEO Spider/8
b	lRQq	2	67	2704330909	113.839	Screaming Frog SEO Spider/9
b	lRQq	1	14	3818025431	160.721	Python
b	lRQq	2	14	3818025431	160.721	Python/3
b	lRQq	1	71	3818025431	160.721	Googlebot
b	lRQq	2	7	3234543038	136.159	Googlebot/Nutch-2
b	lRQq	2	47	1113694522	46.881	Googlebot/2
b	lRQq	1	30	3818025431	160.721	LWP::Simple
b	lRQq	2	13	2174118780	91.520	LWP::Simple/5
b	lRQq	2	17	1643906651	69.201	LWP::Simple/6
b	lRQq	1	33	3818025431	160.721	Safari
b	lRQq	2	1	3764755167	158.478	Safari/11601
b	lRQq	2	1	3764755167	158.478	Safari/10603
b	lRQq	2	2	3764755167	158.478	Safari/11604
b	lRQq	2	4	3764755167	158.478	Safari/15609
b	lRQq	2	3	3764755167	158.478	Safari/16610
b	lRQq	2	2	3234543038	136.159	Safari/14606
b	lRQq	2	20	3234543038	136.159	Safari/12604
b	lRQq	1	719318	1239456565	52.175	[not listed: 842]
p	*f	0Q	s
p	lR	1	528527	Windows
p	lR	2	223645	Unknown Windows
p	lR	2	49816	Windows NT
p	lR	2	239024	Windows XP
p	lR	2	9322	Windows 2000
p	lR	2	2193	Windows 95
p	lR	2	392	Windows CE
p	lR	2	2335	Windows 98
p	lR	2	384	Windows 3.1
p	lR	2	1416	Windows ME
p	lR	1	78689	Known robots
p	lR	1	231314	OS unknown
p	lR	1	55583	Unix
p	lR	2	54782	Linux
p	lR	2	22	SunOS
p	lR	2	47	BSD
p	lR	2	729	Other Unix
p	lR	2	3	HP-UX
p	lR	1	81845	Macintosh
p	lR	2	77748	Unknown Macintosh
p	lR	2	3115	Macintosh PowerPC
p	lR	2	982	Macintosh 68k
p	lR	1	16	WebTV
p	lR	1	1	BeOS
p	lR	1	8	OS/2
p	lR	1	7	Amiga
i	*f	0R	s
i	lRc	1	572242	32.382	[root directory]
i	lRc	1	260001	67.316	/images/
i	lRc	1	99323	0.165	/js/
i	lRc	1	52035	0.138	/css/
i	lRc	1	865	0.000	/videos/
i	lRc	1	541	0.000	/client/
i	lRc	1	1	0.000	/cgi-bin/
i	lRc	1	174	0.000	/dev/
i	lRc	2	23	0.000	/dev/css/
i	lRc	2	44	0.000	/dev/js/
i	lRc	2	59	0.000	/dev/images/
i	lRc	1	1	0.000	/secure/
i	lRc	1	74	0.000	/stats/
r	*f	0.050000%S	s
r	lRSc	1	18045	26	1.694	/contactus.html
r	lRSc	1	26799	25	2.412	/aboutus.html
r	lRSc	1	17619	23	3.313	/consultinga.html
r	lRSc	1	8562	20	1.968	/sru.html
r	lRSc	1	23067	17	21.986	/compnews.html
r	lRSc	1	5276	13	1.562	/gt380+rpas.html
r	lRSc	1	13520	13	0.803	/pna.html
r	lRSc	1	17042	13	1.255	/cfmt.html
r	lRSc	1	21693	13	1.420	/uasfc.html
r	lRSc	1	5003	12	1.299	/gt50t+rpas.html
r	lRSc	1	805	12	1.159	/gt100hl+rpas.html
r	lRSc	1	14438	12	1.258	/links.html
r	lRSc	1	15257	11	0.946	/employment.html
r	lRSc	1	12602	11	1.302	/faq.html
r	lRSc	1	16882	10	1.369	/cct&m.html
r	lRSc	1	26895	8	53.251	/indnews.html
r	lRSc	2	131	3	21.306	/indnews.html?referer=www.clickfind.com.au/wp-login.php
r	lRSc	2	1	0	0.000	/indnews.html?referer=top1.co.pl
r	lRSc	2	1	0	0.000	/indnews.html?referer=www.clickfind.com.au//wp-content/themes/busybee/thumb.php?src=http://blogger.com.opontodaarte.com.br/java.php
r	lRSc	1	9627	8	0.872	/rd.html
r	lRSc	1	5378	8	0.968	/gt1500+rpas.html
r	lRSc	1	13754	7	0.705	/indevents.html
r	lRSc	1	4067	2	0.225	/uavengines.html
r	lRSc	1	3792	1	0.002	/banditomav.html
r	lRSc	1	3900	1	0.108	/gtatexan.html
r	lRSc	1	3698	1	0.121	/bandituas.html
r	lRSc	1	1	0	0.000	/client/bandito timeline2007.html
r	lRSc	1	2	0	0.000	/client/bandit+timeline2004.html
r	lRSc	1	1	0	0.000	/stats/quick.html
r	lRSc	1	1	0	0.000	/404.htm
r	lRSc	1	12	0	0.000	/client/gta010707002.html
r	lRSc	1	72	0	0.000	/client/bandito+development.html
r	lRSc	1	135	0	0.000	/client/welcome.html
r	lRSc	1	3	0	0.000	/client/gta021305001.html
r	lRSc	1	1	0	0.000	/stats/browserrep.html
r	lRSc	1	741	0	0.000	/gt50t rpas.html
r	lRSc	1	5	0	0.000	/client/gta012405001.html
r	lRSc	1	2	0	0.000	/dev/contactus.html
r	lRSc	1	4	0	0.000	/stats/general.html
r	lRSc	1	1	0	0.000	/stats/dailyrep.html
r	lRSc	1	1	0	0.000	/dev/aboutus.html
r	lRSc	1	18	0	0.000	/client/tacamo+development.html
r	lRSc	1	1	0	0.000	/client/bandit development.html
r	lRSc	1	17	0	0.000	/client/bandit+timeline2008.html
r	lRSc	1	1	0	0.000	/client/bandito+timeline2005.html
r	lRSc	1	23	0	0.000	/client/projectbids.html
r	lRSc	1	1	0	0.000	/stats/host.html
r	lRSc	1	11	0	0.000	/client/rq2+outlaw.html
r	lRSc	1	1	0	0.000	/client/bandit timeline2008.html
r	lRSc	1	20	0	0.000	/client/clientpna.html
r	lRSc	1	15	0	0.000	/client/bandit.html
r	lRSc	1	2	0	0.000	/stats/default.asp
r	lRSc	1	21	0	0.000	/index.htm
r	lRSc	1	1	0	0.000	/cgi-bin/testms.pl
r	lRSc	1	976	0	0.000	/gtamt.html
r	lRSc	1	14	0	0.000	/client/rq1+bandit.html
r	lRSc	1	2253	0	0.000	/gt1500 rpas.html
r	lRSc	1	6	0	0.000	/client/gta021305002.html
r	lRSc	1	4	0	0.000	/client/gta121004001.html
r	lRSc	1	24	0	0.000	/client/tacamo.html
r	lRSc	1	30	0	0.000	/client/mgqgcyat.asp
r	lRSc	1	1	0	0.000	/dev/client.cgi
r	lRSc	1	18702	0	0.000	/default.asp
r	lRSc	1	1666	0	0.000	/gt380 rpas.html
r	lRSc	1	1	0	0.000	/client/bandito+timeline2006.html
r	lRSc	1	16	0	0.000	/client/rq3+bandito.html
r	lRSc	1	1	0	0.000	/dev/uasfc.html
r	lRSc	1	229	0	0.000	/client.cgi
r	lRSc	1	71	0	0.000	/client/bandit+development.html
r	lRSc	1	2	0	0.000	/client/bandito development.html
r	lRSc	1	2	0	0.000	/stats/yearly.html
r	lRSc	1	2	0	0.000	/stats/domain.html
r	lRSc	1	1	0	0.000	/stats/monthly.html
r	lRSc	1	2	0	0.000	/stats/weekly.html
r	lRSc	1	8	0	0.000	/client/gta010707001.html
r	lRSc	1	3749	0	0.000	/bidspridpass.html
r	lRSc	1	6356	0	0.000	/pridpass.html
r	lRSc	1	12	0	0.000	/client/bandito.html
r	lRSc	1	1	0	0.000	/dev/pna.html
r	lRSc	1	1	0	0.000	/client/tacamo development.html
r	lRSc	1	4	0	0.000	/stats/index.htm
r	lRSc	1	4	0	0.000	/stats/nav.html
r	lRSc	1	1	0	0.000	/stats/quarterly.html
r	lRSc	1	2	0	0.000	/stats/directory.html
r	lRSc	1	2	0	0.000	/stats/organisation.html
r	lRSc	1	8	0	0.000	/client/bandito+timeline2007.html
r	lRSc	1	7	0	0.000	/client/bandit+timeline2007.html
r	lRSc	1	1	0	0.000	/dev/pridpass.html
t	*f	0.100000%B	b
t	lRb	1	304003	37.643	.html [Hypertext Markup Language]
t	lRb	1	201819	31.146	.jpg  [JPEG graphics]
t	lRb	1	235442	22.072	[directories]
t	lRb	1	778	3.313	.wmv
t	lRb	1	87	3.253	.mpg  [MPEG movie]
t	lRb	1	18734	1.399	.asp  [Active Server REQUESTS]
t	lRb	1	58265	0.423	.gif  [GIF graphics]
t	lRb	1	99367	0.344	.js  [JavaScript code]
t	lRb	1	52050	0.305	.css  [Cascading Style Sheets]
t	lRb	1	14442	0.101	.ico
t	lRb	1	270	0.001	[not listed: 5]
z	*FR	2009	06	30	04	42
z	*LR	2021	09	10	23	59
z	ScR	85	0.000	76064	0
z	ScR	0	0.000	0	1b-  10b
z	ScR	0	0.000	0	11b- 100b
z	ScR	60	0.014	79742	101b-  1kb
z	ScR	385	2.110	454556	1kb- 10kb
z	ScR	326	27.400	317336	10kb-100kb
z	ScR	151	42.858	56529	100kb-  1Mb
z	ScR	15	27.618	987	1Mb- 10Mb
z	ScR	0	0.000	43	10Mb-100Mb
c	*FR	2014	03	02	13	52
c	*LR	2021	09	10	23	59
c	*f	0R	a
c	R	904056	200 OK
c	R	6378	206 Partial content
c	R	104	301 Document moved permanently
c	R	77	302 Document found elsewhere
c	R	74823	304 Not modified since last retrieval
c	R	704	400 Bad request
c	R	207	401 Authentication required
c	R	158	403 Access forbidden
c	R	402701	404 Document not found
c	R	795	405 Method not allowed
c	R	464	406 Document not acceptable to client
c	R	69	416 Requested range not valid
c	R	613	500 Internal server error
c	R	128	501 Request type not supported
I	*FR	2007	12	11	00	52
I	*LR	2021	09	10	23	35
I	*f	-30S	s
I	lRS	1	97591	128	/robots.txt
I	lRS	1	6033	23	/wp-login.php
I	lRS	1	1667	15	/xmlrpc.php
I	lRS	1	2805	12	/ads.txt
I	lRS	1	115	6	/android
I	lRS	1	115	6	/ios
I	lRS	1	153	6	/mobile
I	lRS	1	114	6	/mobile-app
I	lRS	1	115	6	/downloads
I	lRS	1	495	6	/.env
I	lRS	1	897	3	/
I	lRS	1	4	3	/admin/admin/
I	lRS	1	344	2	/wp1/wp-includes/wlwmanifest.xml
I	lRS	1	327	2	/shop/wp-includes/wlwmanifest.xml
I	lRS	1	239	2	/2019/wp-includes/wlwmanifest.xml
I	lRS	1	31	2	/.well-known/security.txt
I	lRS	1	777	2	/sitemap.xml
I	lRS	1	508	2	/wp-includes/wlwmanifest.xml
I	lRS	1	38	2	/2020/wp-includes/wlwmanifest.xml
I	lRS	1	85	2	/&lt;/a
I	lRS	1	348	2	/web/wp-includes/wlwmanifest.xml
I	lRS	1	345	2	/sito/wp-includes/wlwmanifest.xml
I	lRS	1	487	2	/blog/wp-includes/wlwmanifest.xml
I	lRS	1	97	2	/e/data/js/ajax.js
I	lRS	1	347	2	/website/wp-includes/wlwmanifest.xml
I	lRS	1	346	2	/news/wp-includes/wlwmanifest.xml
I	lRS	1	486	2	/wordpress/wp-includes/wlwmanifest.xml
I	lRS	1	487	2	/wp/wp-includes/wlwmanifest.xml
I	lRS	1	484	2	/cms/wp-includes/wlwmanifest.xml
I	lRS	1	348	2	/wp2/wp-includes/wlwmanifest.xml
I	lRS	1	289607	145	[not listed: 21734]
L	*FR	2007	12	11	00	52
L	*LR	2021	09	10	23	35
L	*f	-20S	s
L	RS	34	34	190.24.90.254
L	RS	20	12	150.158.184.133
L	RS	24	12	43.248.96.186
L	RS	43	7	40.77.167.56
L	RS	6	6	34.126.179.69
L	RS	6	6	188.75.134.126
L	RS	6	6	89.108.125.165
L	RS	14	6	114.119.141.73
L	RS	5	5	193.150.101.50
L	RS	5	5	213.108.129.241
L	RS	36	5	52.32.71.168
L	RS	58	5	66.249.70.96
L	RS	4	4	186.31.101.226
L	RS	4	4	95.78.252.74
L	RS	4	4	213.108.129.240
L	RS	5	4	5.45.207.141
L	RS	60	4	23.99.11.135
L	RS	29	4	18.237.81.173
L	RS	25	4	66.249.64.245
L	RS	1471	4	216.244.66.229
L	RS	403980	260	[not listed: 74470]
K	*FR	2013	12	22	04	20
K	*LR	2021	09	06	20	38
K	*f	-30S	s
K	lRS	1	1	1	http://www.gtaeronautics.com//include/taglib/xs.lib.php
K	lRS	1	157	1	http://www.gtaeronautics.com//plus/read.php
K	lRS	1	1	1	http://www.gtaeronautics.com//include/common.inc.php
K	lRS	1	1	1	http://www.gtaeronautics.com//include/taglib/jr.lib.php
K	lRS	1	7	1	http://www.gtaeronautics.com//include/taglib/ty.lib.php
K	lRS	1	8	1	http://www.gtaeronautics.com//include/taglib/findgs.lib.php
K	lRS	1	3	1	http://www.gtaeronautics.com//include/taglib/new.lib.php
K	lRS	1	3	1	http://www.gtaeronautics.com//include/taglib/xt.lib.php
K	lRS	1	12	1	http://www.gtaeronautics.com//include/taglib/cheng.lib.php
K	lRS	1	75	1	http://www.gtaeronautics.com//fuck.php
K	lRS	1	114	1	http://www.gtaeronautics.com//data/cache/flye.php
K	lRS	1	8	1	http://www.gtaeronautics.com//include/taglib/datas.lib.php
K	lRS	1	50561	0	[not listed: 4873]
E	*FR	2008	01	06	10	12
E	*LR	2021	07	06	03	56
E	*f	-30S	s
E	lSR	1	0	181	[not listed: 6]
l	*FR	2008	01	06	10	12
l	*LR	2021	07	06	03	56
l	*f	-20S	s
l	SR	0	181	[not listed: 100]
v	*f	-20B	b
v	Rb	657415	53.600	66.113.131.59
v	Rb	327842	46.400	64.41.87.40
R	*FR	2008	01	06	10	12
R	*LR	2021	07	06	03	56
R	*f	-20R	r
R	R	178	66.113.131.59
R	R	3	64.41.87.40
M	*FR	2007	12	11	00	52
M	*LR	2021	09	10	23	35
M	*f	-20R	r
M	R	302606	66.113.131.59
M	R	103233	64.41.87.40
J	*FR	2007	12	11	00	53
J	*LR	2017	03	17	18	30
J	*f	-20R	r
J	R	9	gtaeronautics
J	R	5	lorrigkj
J	R	1	rullma2063
J	R	1	administrator
J	R	1	satish
J	R	1	nnnnn
P	*FR	2021	07	23	10	02
P	*LR	2021	09	10	23	59
P	R	37	0
P	R	0	<= 0.01
P	R	597	0.01-0.02
P	R	27240	0.02-0.05
P	R	62498	0.05-0.1 
P	R	76429	0.1 -0.2 
P	R	76722	0.2 -0.5 
P	R	38549	0.5 -1   
P	R	20828	1-  2 
P	R	8983	2-  5 
P	R	5304	5- 10 
P	R	2050	10- 20 
P	R	7745	20- 60 
P	R	709	60-120 
P	R	131	120-300 
