x	VE	analog 5.24
x	HN	gtaeronautics.com
x	PS	2017	01	29	02	30
x	FR	2007	12	18	17	05
x	LR	2017	01	29	05	06
x	E7	2017	01	29	02	30
x	SR	620108
x	S7	1768
x	NC	266361
x	C7	0
x	FL	295729
x	F7	414
x	RR	178
x	R7	0
x	NH	55045
x	H7	361
x	BT	18286836795
x	B7	87372870
1	Rr	6924	1.117	2017
1	Rr	73316	11.823	2016
1	Rr	80796	13.029	2015
1	Rr	110773	17.864	2014
1	Rr	65173	10.510	2013
1	Rr	60742	9.795	2012
1	Rr	57015	9.194	2011
1	Rr	22139	3.570	2010
1	Rr	69710	11.242	2009
1	Rr	71820	11.582	2008
1	Rr	1700	0.274	2007
1	*BT	R	110773	2014
Q	Rr	6924	1.117	2017	1
Q	Rr	22114	3.566	2016	4
Q	Rr	17621	2.842	2016	3
Q	Rr	15878	2.561	2016	2
Q	Rr	17703	2.855	2016	1
Q	Rr	16575	2.673	2015	4
Q	Rr	22104	3.565	2015	3
Q	Rr	22485	3.626	2015	2
Q	Rr	19632	3.166	2015	1
Q	Rr	21142	3.409	2014	4
Q	Rr	22272	3.592	2014	3
Q	Rr	31453	5.072	2014	2
Q	Rr	35906	5.790	2014	1
Q	Rr	16436	2.651	2013	4
Q	Rr	15216	2.454	2013	3
Q	Rr	16545	2.668	2013	2
Q	Rr	16976	2.738	2013	1
Q	Rr	16578	2.673	2012	4
Q	Rr	12511	2.018	2012	3
Q	Rr	15816	2.551	2012	2
Q	Rr	15837	2.554	2012	1
Q	Rr	15444	2.491	2011	4
Q	Rr	17386	2.804	2011	3
Q	Rr	9395	1.515	2011	2
Q	Rr	14790	2.385	2011	1
Q	Rr	1603	0.259	2010	4
Q	Rr	0	0.000	2010	3
Q	Rr	14047	2.265	2010	2
Q	Rr	6489	1.046	2010	1
Q	Rr	16350	2.637	2009	4
Q	Rr	18220	2.938	2009	3
Q	Rr	17115	2.760	2009	2
Q	Rr	18025	2.907	2009	1
Q	Rr	15905	2.565	2008	4
Q	Rr	15660	2.525	2008	3
Q	Rr	22448	3.620	2008	2
Q	Rr	17807	2.872	2008	1
Q	Rr	1700	0.274	2007	4
Q	*BT	R	35906	2014	1
m	Rr	6924	1.117	2017	01
m	Rr	9483	1.529	2016	12
m	Rr	7121	1.148	2016	11
m	Rr	5510	0.889	2016	10
m	Rr	6288	1.014	2016	09
m	Rr	5888	0.950	2016	08
m	Rr	5445	0.878	2016	07
m	Rr	5042	0.813	2016	06
m	Rr	5495	0.886	2016	05
m	Rr	5341	0.861	2016	04
m	Rr	5558	0.896	2016	03
m	Rr	5548	0.895	2016	02
m	Rr	6597	1.064	2016	01
m	Rr	5574	0.899	2015	12
m	Rr	5330	0.860	2015	11
m	Rr	5671	0.915	2015	10
m	Rr	6196	0.999	2015	09
m	Rr	6788	1.095	2015	08
m	Rr	9120	1.471	2015	07
m	Rr	7156	1.154	2015	06
m	Rr	5694	0.918	2015	05
m	Rr	9635	1.554	2015	04
m	Rr	6215	1.002	2015	03
m	Rr	6084	0.981	2015	02
m	Rr	7333	1.183	2015	01
m	Rr	6608	1.066	2014	12
m	Rr	6997	1.128	2014	11
m	Rr	7537	1.215	2014	10
m	Rr	7043	1.136	2014	09
m	Rr	7324	1.181	2014	08
m	Rr	7905	1.275	2014	07
m	Rr	11654	1.879	2014	06
m	Rr	9211	1.485	2014	05
m	Rr	10588	1.707	2014	04
m	Rr	7817	1.261	2014	03
m	Rr	15229	2.456	2014	02
m	Rr	12860	2.074	2014	01
m	Rr	5325	0.859	2013	12
m	Rr	5513	0.889	2013	11
m	Rr	5598	0.903	2013	10
m	Rr	4655	0.751	2013	09
m	Rr	4938	0.796	2013	08
m	Rr	5623	0.907	2013	07
m	Rr	5492	0.886	2013	06
m	Rr	5211	0.840	2013	05
m	Rr	5842	0.942	2013	04
m	Rr	6068	0.979	2013	03
m	Rr	5055	0.815	2013	02
m	Rr	5853	0.944	2013	01
m	Rr	5688	0.917	2012	12
m	Rr	5477	0.883	2012	11
m	Rr	5413	0.873	2012	10
m	Rr	4331	0.698	2012	09
m	Rr	3866	0.623	2012	08
m	Rr	4314	0.696	2012	07
m	Rr	4655	0.751	2012	06
m	Rr	6047	0.975	2012	05
m	Rr	5114	0.825	2012	04
m	Rr	6128	0.988	2012	03
m	Rr	5430	0.876	2012	02
m	Rr	4279	0.690	2012	01
m	Rr	5548	0.895	2011	12
m	Rr	4779	0.771	2011	11
m	Rr	5117	0.825	2011	10
m	Rr	5431	0.876	2011	09
m	Rr	6256	1.009	2011	08
m	Rr	5699	0.919	2011	07
m	Rr	5420	0.874	2011	06
m	Rr	3975	0.641	2011	05
m	Rr	0	0.000	2011	04
m	Rr	3608	0.582	2011	03
m	Rr	5171	0.834	2011	02
m	Rr	6011	0.969	2011	01
m	Rr	1603	0.259	2010	12
m	Rr	0	0.000	2010	11
m	Rr	0	0.000	2010	10
m	Rr	0	0.000	2010	09
m	Rr	0	0.000	2010	08
m	Rr	0	0.000	2010	07
m	Rr	4101	0.661	2010	06
m	Rr	5018	0.809	2010	05
m	Rr	4928	0.795	2010	04
m	Rr	5095	0.822	2010	03
m	Rr	1394	0.225	2010	02
m	Rr	0	0.000	2010	01
m	Rr	4665	0.752	2009	12
m	Rr	6187	0.998	2009	11
m	Rr	5498	0.887	2009	10
m	Rr	5066	0.817	2009	09
m	Rr	5718	0.922	2009	08
m	Rr	7436	1.199	2009	07
m	Rr	5685	0.917	2009	06
m	Rr	6120	0.987	2009	05
m	Rr	5310	0.856	2009	04
m	Rr	5515	0.889	2009	03
m	Rr	6123	0.987	2009	02
m	Rr	6387	1.030	2009	01
m	Rr	5763	0.929	2008	12
m	Rr	5420	0.874	2008	11
m	Rr	4722	0.761	2008	10
m	Rr	5435	0.876	2008	09
m	Rr	4843	0.781	2008	08
m	Rr	5382	0.868	2008	07
m	Rr	6082	0.981	2008	06
m	Rr	9946	1.604	2008	05
m	Rr	6420	1.035	2008	04
m	Rr	5431	0.876	2008	03
m	Rr	6469	1.043	2008	02
m	Rr	5907	0.953	2008	01
m	Rr	1700	0.274	2007	12
m	*BT	R	15229	2014	02
W	Rr	63	0.010	2017	01	29
W	Rr	1768	0.285	2017	01	22
W	Rr	1585	0.256	2017	01	15
W	Rr	1768	0.285	2017	01	08
W	Rr	1740	0.281	2017	01	01
W	Rr	1549	0.250	2016	12	25
W	Rr	2202	0.355	2016	12	18
W	Rr	1812	0.292	2016	12	11
W	Rr	2648	0.427	2016	12	04
W	Rr	2236	0.361	2016	11	27
W	Rr	1321	0.213	2016	11	20
W	Rr	1996	0.322	2016	11	13
W	Rr	1716	0.277	2016	11	06
W	Rr	1564	0.252	2016	10	30
W	Rr	1362	0.220	2016	10	23
W	Rr	1707	0.275	2016	10	16
W	Rr	1696	0.274	2016	10	09
W	Rr	36	0.006	2016	10	02
W	Rr	2002	0.323	2016	09	25
W	Rr	1399	0.226	2016	09	18
W	Rr	1199	0.193	2016	09	11
W	Rr	1326	0.214	2016	09	04
W	Rr	1316	0.212	2016	08	28
W	Rr	1257	0.203	2016	08	21
W	Rr	1208	0.195	2016	08	14
W	Rr	1602	0.258	2016	08	07
W	Rr	1319	0.213	2016	07	31
W	Rr	1796	0.290	2016	07	24
W	Rr	1171	0.189	2016	07	17
W	Rr	1167	0.188	2016	07	10
W	Rr	917	0.148	2016	07	03
W	Rr	920	0.148	2016	06	26
W	Rr	1179	0.190	2016	06	19
W	Rr	1288	0.208	2016	06	12
W	Rr	1237	0.199	2016	06	05
W	Rr	1263	0.204	2016	05	29
W	Rr	1338	0.216	2016	05	22
W	Rr	1184	0.191	2016	05	15
W	Rr	1365	0.220	2016	05	08
W	Rr	974	0.157	2016	05	01
W	Rr	1311	0.211	2016	04	24
W	Rr	1127	0.182	2016	04	17
W	Rr	1248	0.201	2016	04	10
W	Rr	1451	0.234	2016	04	03
W	Rr	987	0.159	2016	03	27
W	Rr	1233	0.199	2016	03	20
W	Rr	1347	0.217	2016	03	13
W	Rr	1347	0.217	2016	03	06
W	Rr	1236	0.199	2016	02	28
W	Rr	1422	0.229	2016	02	21
W	Rr	1085	0.175	2016	02	14
W	Rr	1427	0.230	2016	02	07
W	Rr	1359	0.219	2016	01	31
W	Rr	1708	0.275	2016	01	24
W	Rr	1476	0.238	2016	01	17
W	Rr	1563	0.252	2016	01	10
W	Rr	1381	0.223	2016	01	03
W	Rr	1273	0.205	2015	12	27
W	Rr	1084	0.175	2015	12	20
W	Rr	1344	0.217	2015	12	13
W	Rr	1336	0.215	2015	12	06
W	Rr	1123	0.181	2015	11	29
W	Rr	960	0.155	2015	11	22
W	Rr	1337	0.216	2015	11	15
W	Rr	1400	0.226	2015	11	08
W	Rr	1383	0.223	2015	11	01
W	Rr	1250	0.202	2015	10	25
W	Rr	1366	0.220	2015	10	18
W	Rr	1367	0.220	2015	10	11
W	Rr	1214	0.196	2015	10	04
W	Rr	1152	0.186	2015	09	27
W	Rr	1387	0.224	2015	09	20
W	Rr	1655	0.267	2015	09	13
W	Rr	1526	0.246	2015	09	06
W	Rr	1242	0.200	2015	08	30
W	Rr	1800	0.290	2015	08	23
W	Rr	1527	0.246	2015	08	16
W	Rr	1386	0.224	2015	08	09
W	Rr	1593	0.257	2015	08	02
W	Rr	1567	0.253	2015	07	26
W	Rr	1980	0.319	2015	07	19
W	Rr	2180	0.352	2015	07	12
W	Rr	2008	0.324	2015	07	05
W	Rr	2297	0.370	2015	06	28
W	Rr	1556	0.251	2015	06	21
W	Rr	1380	0.223	2015	06	14
W	Rr	2013	0.325	2015	06	07
W	Rr	1651	0.266	2015	05	31
W	Rr	1224	0.197	2015	05	24
W	Rr	1355	0.219	2015	05	17
W	Rr	1179	0.190	2015	05	10
W	Rr	1436	0.232	2015	05	03
W	Rr	1671	0.269	2015	04	26
W	Rr	1878	0.303	2015	04	19
W	Rr	2326	0.375	2015	04	12
W	Rr	2636	0.425	2015	04	05
W	Rr	2297	0.370	2015	03	29
W	Rr	1237	0.199	2015	03	22
W	Rr	1453	0.234	2015	03	15
W	Rr	1399	0.226	2015	03	08
W	Rr	1287	0.208	2015	03	01
W	Rr	1249	0.201	2015	02	22
W	Rr	1373	0.221	2015	02	15
W	Rr	1790	0.289	2015	02	08
W	Rr	1672	0.270	2015	02	01
W	Rr	1543	0.249	2015	01	25
W	Rr	1463	0.236	2015	01	18
W	Rr	1696	0.274	2015	01	11
W	Rr	1707	0.275	2015	01	04
W	Rr	1833	0.296	2014	12	28
W	Rr	1335	0.215	2014	12	21
W	Rr	1644	0.265	2014	12	14
W	Rr	1541	0.249	2014	12	07
W	Rr	1335	0.215	2014	11	30
W	Rr	1262	0.204	2014	11	23
W	Rr	2009	0.324	2014	11	16
W	Rr	1566	0.253	2014	11	09
W	Rr	1814	0.293	2014	11	02
W	Rr	1452	0.234	2014	10	26
W	Rr	1642	0.265	2014	10	19
W	Rr	1795	0.289	2014	10	12
W	Rr	1836	0.296	2014	10	05
W	Rr	1662	0.268	2014	09	28
W	Rr	1843	0.297	2014	09	21
W	Rr	1678	0.271	2014	09	14
W	Rr	1598	0.258	2014	09	07
W	Rr	1418	0.229	2014	08	31
W	Rr	1584	0.255	2014	08	24
W	Rr	1571	0.253	2014	08	17
W	Rr	1727	0.278	2014	08	10
W	Rr	1927	0.311	2014	08	03
W	Rr	1691	0.273	2014	07	27
W	Rr	1702	0.274	2014	07	20
W	Rr	1624	0.262	2014	07	13
W	Rr	1831	0.295	2014	07	06
W	Rr	1867	0.301	2014	06	29
W	Rr	1927	0.311	2014	06	22
W	Rr	2134	0.344	2014	06	15
W	Rr	4851	0.782	2014	06	08
W	Rr	2293	0.370	2014	06	01
W	Rr	3180	0.513	2014	05	25
W	Rr	1468	0.237	2014	05	18
W	Rr	1808	0.292	2014	05	11
W	Rr	1998	0.322	2014	05	04
W	Rr	1876	0.303	2014	04	27
W	Rr	2330	0.376	2014	04	20
W	Rr	2565	0.414	2014	04	13
W	Rr	2652	0.428	2014	04	06
W	Rr	2574	0.415	2014	03	30
W	Rr	1186	0.191	2014	03	23
W	Rr	1305	0.210	2014	03	16
W	Rr	2273	0.367	2014	03	09
W	Rr	2231	0.360	2014	03	02
W	Rr	1925	0.310	2014	02	23
W	Rr	7060	1.139	2014	02	16
W	Rr	2854	0.460	2014	02	09
W	Rr	3190	0.514	2014	02	02
W	Rr	3743	0.604	2014	01	26
W	Rr	3643	0.587	2014	01	19
W	Rr	2961	0.477	2014	01	12
W	Rr	2319	0.374	2014	01	05
W	Rr	981	0.158	2013	12	29
W	Rr	1108	0.179	2013	12	22
W	Rr	1226	0.198	2013	12	15
W	Rr	1285	0.207	2013	12	08
W	Rr	1289	0.208	2013	12	01
W	Rr	1404	0.226	2013	11	24
W	Rr	1142	0.184	2013	11	17
W	Rr	1334	0.215	2013	11	10
W	Rr	1277	0.206	2013	11	03
W	Rr	1035	0.167	2013	10	27
W	Rr	1309	0.211	2013	10	20
W	Rr	1302	0.210	2013	10	13
W	Rr	1432	0.231	2013	10	06
W	Rr	1178	0.190	2013	09	29
W	Rr	947	0.153	2013	09	22
W	Rr	1254	0.202	2013	09	15
W	Rr	1099	0.177	2013	09	08
W	Rr	1053	0.170	2013	09	01
W	Rr	1010	0.163	2013	08	25
W	Rr	1102	0.178	2013	08	18
W	Rr	1063	0.171	2013	08	11
W	Rr	1105	0.178	2013	08	04
W	Rr	1377	0.222	2013	07	28
W	Rr	1498	0.242	2013	07	21
W	Rr	1295	0.209	2013	07	14
W	Rr	1237	0.199	2013	07	07
W	Rr	1003	0.162	2013	06	30
W	Rr	1275	0.206	2013	06	23
W	Rr	1072	0.173	2013	06	16
W	Rr	1249	0.201	2013	06	09
W	Rr	1521	0.245	2013	06	02
W	Rr	1256	0.203	2013	05	26
W	Rr	1091	0.176	2013	05	19
W	Rr	1359	0.219	2013	05	12
W	Rr	1130	0.182	2013	05	05
W	Rr	1215	0.196	2013	04	28
W	Rr	1368	0.221	2013	04	21
W	Rr	1318	0.213	2013	04	14
W	Rr	1408	0.227	2013	04	07
W	Rr	1277	0.206	2013	03	31
W	Rr	1452	0.234	2013	03	24
W	Rr	1418	0.229	2013	03	17
W	Rr	1217	0.196	2013	03	10
W	Rr	1490	0.240	2013	03	03
W	Rr	1353	0.218	2013	02	24
W	Rr	1268	0.204	2013	02	17
W	Rr	1274	0.205	2013	02	10
W	Rr	1153	0.186	2013	02	03
W	Rr	1266	0.204	2013	01	27
W	Rr	1271	0.205	2013	01	20
W	Rr	1449	0.234	2013	01	13
W	Rr	1253	0.202	2013	01	06
W	Rr	1309	0.211	2012	12	30
W	Rr	1156	0.186	2012	12	23
W	Rr	1336	0.215	2012	12	16
W	Rr	1575	0.254	2012	12	09
W	Rr	1087	0.175	2012	12	02
W	Rr	1376	0.222	2012	11	25
W	Rr	1136	0.183	2012	11	18
W	Rr	1341	0.216	2012	11	11
W	Rr	1418	0.229	2012	11	04
W	Rr	1103	0.178	2012	10	28
W	Rr	1200	0.194	2012	10	21
W	Rr	1382	0.223	2012	10	14
W	Rr	1127	0.182	2012	10	07
W	Rr	1187	0.191	2012	09	30
W	Rr	1172	0.189	2012	09	23
W	Rr	1034	0.167	2012	09	16
W	Rr	944	0.152	2012	09	09
W	Rr	958	0.154	2012	09	02
W	Rr	734	0.118	2012	08	26
W	Rr	881	0.142	2012	08	19
W	Rr	874	0.141	2012	08	12
W	Rr	973	0.157	2012	08	05
W	Rr	1010	0.163	2012	07	29
W	Rr	943	0.152	2012	07	22
W	Rr	1089	0.176	2012	07	15
W	Rr	888	0.143	2012	07	08
W	Rr	845	0.136	2012	07	01
W	Rr	1070	0.173	2012	06	24
W	Rr	1050	0.169	2012	06	17
W	Rr	1271	0.205	2012	06	10
W	Rr	957	0.154	2012	06	03
W	Rr	1249	0.201	2012	05	27
W	Rr	1055	0.170	2012	05	20
W	Rr	1392	0.224	2012	05	13
W	Rr	1140	0.184	2012	05	06
W	Rr	1807	0.291	2012	04	29
W	Rr	1225	0.198	2012	04	22
W	Rr	1264	0.204	2012	04	15
W	Rr	1075	0.173	2012	04	08
W	Rr	1261	0.203	2012	04	01
W	Rr	1345	0.217	2012	03	25
W	Rr	1254	0.202	2012	03	18
W	Rr	1478	0.238	2012	03	11
W	Rr	1503	0.242	2012	03	04
W	Rr	1532	0.247	2012	02	26
W	Rr	1464	0.236	2012	02	19
W	Rr	1154	0.186	2012	02	12
W	Rr	1240	0.200	2012	02	05
W	Rr	1088	0.175	2012	01	29
W	Rr	1125	0.181	2012	01	22
W	Rr	60	0.010	2012	01	15
W	Rr	1472	0.237	2012	01	08
W	Rr	1122	0.181	2012	01	01
W	Rr	888	0.143	2011	12	25
W	Rr	1360	0.219	2011	12	18
W	Rr	1486	0.240	2011	12	11
W	Rr	1330	0.214	2011	12	04
W	Rr	1094	0.176	2011	11	27
W	Rr	1062	0.171	2011	11	20
W	Rr	1123	0.181	2011	11	13
W	Rr	975	0.157	2011	11	06
W	Rr	1264	0.204	2011	10	30
W	Rr	1140	0.184	2011	10	23
W	Rr	1211	0.195	2011	10	16
W	Rr	1236	0.199	2011	10	09
W	Rr	1128	0.182	2011	10	02
W	Rr	1083	0.175	2011	09	25
W	Rr	1451	0.234	2011	09	18
W	Rr	1278	0.206	2011	09	11
W	Rr	1219	0.197	2011	09	04
W	Rr	1316	0.212	2011	08	28
W	Rr	1119	0.180	2011	08	21
W	Rr	1484	0.239	2011	08	14
W	Rr	1671	0.269	2011	08	07
W	Rr	1319	0.213	2011	07	31
W	Rr	1197	0.193	2011	07	24
W	Rr	1504	0.243	2011	07	17
W	Rr	1367	0.220	2011	07	10
W	Rr	1205	0.194	2011	07	03
W	Rr	1333	0.215	2011	06	26
W	Rr	1059	0.171	2011	06	19
W	Rr	1353	0.218	2011	06	12
W	Rr	1275	0.206	2011	06	05
W	Rr	983	0.159	2011	05	29
W	Rr	1262	0.204	2011	05	22
W	Rr	1374	0.222	2011	05	15
W	Rr	1076	0.174	2011	05	08
W	Rr	0	0.000	2011	05	01
W	Rr	0	0.000	2011	04	24
W	Rr	0	0.000	2011	04	17
W	Rr	0	0.000	2011	04	10
W	Rr	0	0.000	2011	04	03
W	Rr	0	0.000	2011	03	27
W	Rr	24	0.004	2011	03	20
W	Rr	1317	0.212	2011	03	13
W	Rr	1258	0.203	2011	03	06
W	Rr	1372	0.221	2011	02	27
W	Rr	1226	0.198	2011	02	20
W	Rr	1524	0.246	2011	02	13
W	Rr	1366	0.220	2011	02	06
W	Rr	958	0.154	2011	01	30
W	Rr	1273	0.205	2011	01	23
W	Rr	1560	0.252	2011	01	16
W	Rr	1472	0.237	2011	01	09
W	Rr	1310	0.211	2011	01	02
W	Rr	798	0.129	2010	12	26
W	Rr	935	0.151	2010	12	19
W	Rr	0	0.000	2010	12	12
W	Rr	0	0.000	2010	12	05
W	Rr	0	0.000	2010	11	28
W	Rr	0	0.000	2010	11	21
W	Rr	0	0.000	2010	11	14
W	Rr	0	0.000	2010	11	07
W	Rr	0	0.000	2010	10	31
W	Rr	0	0.000	2010	10	24
W	Rr	0	0.000	2010	10	17
W	Rr	0	0.000	2010	10	10
W	Rr	0	0.000	2010	10	03
W	Rr	0	0.000	2010	09	26
W	Rr	0	0.000	2010	09	19
W	Rr	0	0.000	2010	09	12
W	Rr	0	0.000	2010	09	05
W	Rr	0	0.000	2010	08	29
W	Rr	0	0.000	2010	08	22
W	Rr	0	0.000	2010	08	15
W	Rr	0	0.000	2010	08	08
W	Rr	0	0.000	2010	08	01
W	Rr	0	0.000	2010	07	25
W	Rr	0	0.000	2010	07	18
W	Rr	0	0.000	2010	07	11
W	Rr	0	0.000	2010	07	04
W	Rr	15	0.002	2010	06	27
W	Rr	914	0.147	2010	06	20
W	Rr	1104	0.178	2010	06	13
W	Rr	1096	0.177	2010	06	06
W	Rr	1171	0.189	2010	05	30
W	Rr	1115	0.180	2010	05	23
W	Rr	1170	0.189	2010	05	16
W	Rr	1334	0.215	2010	05	09
W	Rr	1109	0.179	2010	05	02
W	Rr	1067	0.172	2010	04	25
W	Rr	1212	0.195	2010	04	18
W	Rr	1054	0.170	2010	04	11
W	Rr	1325	0.214	2010	04	04
W	Rr	811	0.131	2010	03	28
W	Rr	1195	0.193	2010	03	21
W	Rr	1338	0.216	2010	03	14
W	Rr	1113	0.179	2010	03	07
W	Rr	1103	0.178	2010	02	28
W	Rr	1290	0.208	2010	02	21
W	Rr	0	0.000	2010	02	14
W	Rr	0	0.000	2010	02	07
W	Rr	0	0.000	2010	01	31
W	Rr	0	0.000	2010	01	24
W	Rr	0	0.000	2010	01	17
W	Rr	0	0.000	2010	01	10
W	Rr	0	0.000	2010	01	03
W	Rr	78	0.013	2009	12	27
W	Rr	945	0.152	2009	12	20
W	Rr	1140	0.184	2009	12	13
W	Rr	1323	0.213	2009	12	06
W	Rr	1518	0.245	2009	11	29
W	Rr	1352	0.218	2009	11	22
W	Rr	1346	0.217	2009	11	15
W	Rr	1416	0.228	2009	11	08
W	Rr	1734	0.280	2009	11	01
W	Rr	1035	0.167	2009	10	25
W	Rr	1297	0.209	2009	10	18
W	Rr	1267	0.204	2009	10	11
W	Rr	1440	0.232	2009	10	04
W	Rr	1521	0.245	2009	09	27
W	Rr	1121	0.181	2009	09	20
W	Rr	875	0.141	2009	09	13
W	Rr	1032	0.166	2009	09	06
W	Rr	1283	0.207	2009	08	30
W	Rr	1214	0.196	2009	08	23
W	Rr	1402	0.226	2009	08	16
W	Rr	1260	0.203	2009	08	09
W	Rr	1404	0.226	2009	08	02
W	Rr	1380	0.223	2009	07	26
W	Rr	1470	0.237	2009	07	19
W	Rr	1750	0.282	2009	07	12
W	Rr	1847	0.298	2009	07	05
W	Rr	1889	0.305	2009	06	28
W	Rr	1312	0.212	2009	06	21
W	Rr	1093	0.176	2009	06	14
W	Rr	1363	0.220	2009	06	07
W	Rr	1251	0.202	2009	05	31
W	Rr	1352	0.218	2009	05	24
W	Rr	1133	0.183	2009	05	17
W	Rr	1887	0.304	2009	05	10
W	Rr	1369	0.221	2009	05	03
W	Rr	1089	0.176	2009	04	26
W	Rr	1160	0.187	2009	04	19
W	Rr	1189	0.192	2009	04	12
W	Rr	1529	0.247	2009	04	05
W	Rr	1155	0.186	2009	03	29
W	Rr	1230	0.198	2009	03	22
W	Rr	1029	0.166	2009	03	15
W	Rr	1234	0.199	2009	03	08
W	Rr	1486	0.240	2009	03	01
W	Rr	1470	0.237	2009	02	22
W	Rr	1198	0.193	2009	02	15
W	Rr	1802	0.291	2009	02	08
W	Rr	1653	0.267	2009	02	01
W	Rr	1346	0.217	2009	01	25
W	Rr	1431	0.231	2009	01	18
W	Rr	1678	0.271	2009	01	11
W	Rr	1591	0.257	2009	01	04
W	Rr	886	0.143	2008	12	28
W	Rr	1148	0.185	2008	12	21
W	Rr	1428	0.230	2008	12	14
W	Rr	1508	0.243	2008	12	07
W	Rr	1194	0.193	2008	11	30
W	Rr	1070	0.173	2008	11	23
W	Rr	1396	0.225	2008	11	16
W	Rr	1255	0.202	2008	11	09
W	Rr	1314	0.212	2008	11	02
W	Rr	1397	0.225	2008	10	26
W	Rr	1638	0.264	2008	10	19
W	Rr	1298	0.209	2008	10	12
W	Rr	430	0.069	2008	10	05
W	Rr	723	0.117	2008	09	28
W	Rr	1308	0.211	2008	09	21
W	Rr	1242	0.200	2008	09	14
W	Rr	1409	0.227	2008	09	07
W	Rr	1142	0.184	2008	08	31
W	Rr	1022	0.165	2008	08	24
W	Rr	1062	0.171	2008	08	17
W	Rr	1188	0.192	2008	08	10
W	Rr	1232	0.199	2008	08	03
W	Rr	1050	0.169	2008	07	27
W	Rr	1272	0.205	2008	07	20
W	Rr	1305	0.210	2008	07	13
W	Rr	1093	0.176	2008	07	06
W	Rr	1182	0.191	2008	06	29
W	Rr	1937	0.312	2008	06	22
W	Rr	1493	0.241	2008	06	15
W	Rr	1083	0.175	2008	06	08
W	Rr	1283	0.207	2008	06	01
W	Rr	1432	0.231	2008	05	25
W	Rr	1726	0.278	2008	05	18
W	Rr	1580	0.255	2008	05	11
W	Rr	2661	0.429	2008	05	04
W	Rr	3648	0.588	2008	04	27
W	Rr	1400	0.226	2008	04	20
W	Rr	1365	0.220	2008	04	13
W	Rr	1213	0.196	2008	04	06
W	Rr	1670	0.269	2008	03	30
W	Rr	1211	0.195	2008	03	23
W	Rr	1144	0.184	2008	03	16
W	Rr	1301	0.210	2008	03	09
W	Rr	1292	0.208	2008	03	02
W	Rr	1427	0.230	2008	02	24
W	Rr	2207	0.356	2008	02	17
W	Rr	1124	0.181	2008	02	10
W	Rr	1561	0.252	2008	02	03
W	Rr	1533	0.247	2008	01	27
W	Rr	1389	0.224	2008	01	20
W	Rr	1133	0.183	2008	01	13
W	Rr	1404	0.226	2008	01	06
W	Rr	976	0.157	2007	12	30
W	Rr	801	0.129	2007	12	23
W	Rr	675	0.109	2007	12	16
W	*BT	R	7060	2014	02	16
D	Rr	63	0.010	2017	01	29
D	Rr	170	0.027	2017	01	28
D	Rr	364	0.059	2017	01	27
D	Rr	298	0.048	2017	01	26
D	Rr	222	0.036	2017	01	25
D	Rr	239	0.039	2017	01	24
D	Rr	178	0.029	2017	01	23
D	Rr	297	0.048	2017	01	22
D	Rr	237	0.038	2017	01	21
D	Rr	242	0.039	2017	01	20
D	Rr	218	0.035	2017	01	19
D	Rr	212	0.034	2017	01	18
D	Rr	283	0.046	2017	01	17
D	Rr	213	0.034	2017	01	16
D	Rr	180	0.029	2017	01	15
D	Rr	167	0.027	2017	01	14
D	Rr	199	0.032	2017	01	13
D	Rr	250	0.040	2017	01	12
D	Rr	290	0.047	2017	01	11
D	Rr	351	0.057	2017	01	10
D	Rr	260	0.042	2017	01	09
D	Rr	251	0.040	2017	01	08
D	Rr	266	0.043	2017	01	07
D	Rr	263	0.042	2017	01	06
D	Rr	267	0.043	2017	01	05
D	Rr	289	0.047	2017	01	04
D	Rr	277	0.045	2017	01	03
D	Rr	186	0.030	2017	01	02
D	Rr	192	0.031	2017	01	01
D	Rr	177	0.029	2016	12	31
D	Rr	232	0.037	2016	12	30
D	Rr	185	0.030	2016	12	29
D	Rr	298	0.048	2016	12	28
D	Rr	278	0.045	2016	12	27
D	Rr	166	0.027	2016	12	26
D	Rr	213	0.034	2016	12	25
D	Rr	547	0.088	2016	12	24
D	Rr	378	0.061	2016	12	23
D	Rr	257	0.041	2016	12	22
D	Rr	233	0.038	2016	12	21
D	Rr	243	0.039	2016	12	20
D	Rr	249	0.040	2016	12	19
D	*BT	R	2131	2008	05	03
d	Rr	66426	10.712	Sun
d	Rr	96088	15.495	Mon
d	Rr	99936	16.116	Tue
d	Rr	96650	15.586	Wed
d	Rr	98084	15.817	Thu
d	Rr	90409	14.580	Fri
d	Rr	72515	11.694	Sat
H	Rr	4	0.001	2017	01	29	05
H	Rr	19	0.003	2017	01	29	04
H	Rr	18	0.003	2017	01	29	03
H	Rr	17	0.003	2017	01	29	02
H	Rr	2	0.000	2017	01	29	01
H	Rr	3	0.000	2017	01	29	00
H	Rr	10	0.002	2017	01	28	23
H	Rr	12	0.002	2017	01	28	22
H	Rr	2	0.000	2017	01	28	21
H	Rr	2	0.000	2017	01	28	20
H	Rr	17	0.003	2017	01	28	19
H	Rr	22	0.004	2017	01	28	18
H	Rr	0	0.000	2017	01	28	17
H	Rr	13	0.002	2017	01	28	16
H	Rr	4	0.001	2017	01	28	15
H	Rr	6	0.001	2017	01	28	14
H	Rr	2	0.000	2017	01	28	13
H	Rr	3	0.000	2017	01	28	12
H	Rr	17	0.003	2017	01	28	11
H	Rr	1	0.000	2017	01	28	10
H	Rr	2	0.000	2017	01	28	09
H	Rr	1	0.000	2017	01	28	08
H	Rr	2	0.000	2017	01	28	07
H	Rr	18	0.003	2017	01	28	06
H	Rr	9	0.001	2017	01	28	05
H	Rr	2	0.000	2017	01	28	04
H	Rr	2	0.000	2017	01	28	03
H	Rr	3	0.000	2017	01	28	02
H	Rr	5	0.001	2017	01	28	01
H	Rr	15	0.002	2017	01	28	00
H	Rr	7	0.001	2017	01	27	23
H	Rr	1	0.000	2017	01	27	22
H	Rr	21	0.003	2017	01	27	21
H	Rr	32	0.005	2017	01	27	20
H	Rr	30	0.005	2017	01	27	19
H	Rr	24	0.004	2017	01	27	18
H	Rr	2	0.000	2017	01	27	17
H	Rr	83	0.013	2017	01	27	16
H	Rr	14	0.002	2017	01	27	15
H	Rr	5	0.001	2017	01	27	14
H	Rr	2	0.000	2017	01	27	13
H	Rr	1	0.000	2017	01	27	12
H	Rr	4	0.001	2017	01	27	11
H	Rr	6	0.001	2017	01	27	10
H	Rr	21	0.003	2017	01	27	09
H	Rr	2	0.000	2017	01	27	08
H	Rr	22	0.004	2017	01	27	07
H	Rr	19	0.003	2017	01	27	06
H	Rr	15	0.002	2017	01	27	05
H	Rr	10	0.002	2017	01	27	04
H	Rr	8	0.001	2017	01	27	03
H	Rr	18	0.003	2017	01	27	02
H	Rr	17	0.003	2017	01	27	01
H	Rr	0	0.000	2017	01	27	00
H	Rr	27	0.004	2017	01	26	23
H	Rr	7	0.001	2017	01	26	22
H	Rr	1	0.000	2017	01	26	21
H	Rr	31	0.005	2017	01	26	20
H	Rr	27	0.004	2017	01	26	19
H	Rr	12	0.002	2017	01	26	18
H	Rr	6	0.001	2017	01	26	17
H	Rr	1	0.000	2017	01	26	16
H	Rr	7	0.001	2017	01	26	15
H	Rr	3	0.000	2017	01	26	14
H	Rr	2	0.000	2017	01	26	13
H	Rr	12	0.002	2017	01	26	12
H	Rr	4	0.001	2017	01	26	11
H	Rr	1	0.000	2017	01	26	10
H	Rr	25	0.004	2017	01	26	09
H	Rr	7	0.001	2017	01	26	08
H	Rr	5	0.001	2017	01	26	07
H	Rr	22	0.004	2017	01	26	06
H	*BT	R	634	2008	05	03	04
h	Rr	25395	4.095	00
h	Rr	23840	3.844	01
h	Rr	24118	3.889	02
h	Rr	23138	3.731	03
h	Rr	22912	3.695	04
h	Rr	21884	3.529	05
h	Rr	20984	3.384	06
h	Rr	20696	3.337	07
h	Rr	19976	3.221	08
h	Rr	19474	3.140	09
h	Rr	19431	3.133	10
h	Rr	20807	3.355	11
h	Rr	21836	3.521	12
h	Rr	23473	3.785	13
h	Rr	27241	4.393	14
h	Rr	30004	4.839	15
h	Rr	32509	5.242	16
h	Rr	33005	5.322	17
h	Rr	34683	5.593	18
h	Rr	33848	5.458	19
h	Rr	33512	5.404	20
h	Rr	31380	5.060	21
h	Rr	29264	4.719	22
h	Rr	26698	4.305	23
4	Rr	4	0.001	2017	01	29	05	00
4	Rr	3	0.000	2017	01	29	04	45
4	Rr	1	0.000	2017	01	29	04	30
4	Rr	15	0.002	2017	01	29	04	15
4	Rr	0	0.000	2017	01	29	04	00
4	Rr	3	0.000	2017	01	29	03	45
4	Rr	12	0.002	2017	01	29	03	30
4	Rr	0	0.000	2017	01	29	03	15
4	Rr	3	0.000	2017	01	29	03	00
4	Rr	0	0.000	2017	01	29	02	45
4	Rr	2	0.000	2017	01	29	02	30
4	Rr	14	0.002	2017	01	29	02	15
4	Rr	1	0.000	2017	01	29	02	00
4	Rr	0	0.000	2017	01	29	01	45
4	Rr	1	0.000	2017	01	29	01	30
4	Rr	0	0.000	2017	01	29	01	15
4	Rr	1	0.000	2017	01	29	01	00
4	Rr	1	0.000	2017	01	29	00	45
4	Rr	1	0.000	2017	01	29	00	30
4	Rr	1	0.000	2017	01	29	00	15
4	Rr	0	0.000	2017	01	29	00	00
4	Rr	0	0.000	2017	01	28	23	45
4	Rr	1	0.000	2017	01	28	23	30
4	Rr	7	0.001	2017	01	28	23	15
4	Rr	2	0.000	2017	01	28	23	00
4	Rr	5	0.001	2017	01	28	22	45
4	Rr	2	0.000	2017	01	28	22	30
4	Rr	5	0.001	2017	01	28	22	15
4	Rr	0	0.000	2017	01	28	22	00
4	Rr	1	0.000	2017	01	28	21	45
4	Rr	0	0.000	2017	01	28	21	30
4	Rr	1	0.000	2017	01	28	21	15
4	Rr	0	0.000	2017	01	28	21	00
4	Rr	0	0.000	2017	01	28	20	45
4	Rr	0	0.000	2017	01	28	20	30
4	Rr	1	0.000	2017	01	28	20	15
4	Rr	1	0.000	2017	01	28	20	00
4	Rr	0	0.000	2017	01	28	19	45
4	Rr	0	0.000	2017	01	28	19	30
4	Rr	4	0.001	2017	01	28	19	15
4	Rr	13	0.002	2017	01	28	19	00
4	Rr	0	0.000	2017	01	28	18	45
4	Rr	19	0.003	2017	01	28	18	30
4	Rr	3	0.000	2017	01	28	18	15
4	Rr	0	0.000	2017	01	28	18	00
4	Rr	0	0.000	2017	01	28	17	45
4	Rr	0	0.000	2017	01	28	17	30
4	Rr	0	0.000	2017	01	28	17	15
4	Rr	0	0.000	2017	01	28	17	00
4	Rr	0	0.000	2017	01	28	16	45
4	Rr	0	0.000	2017	01	28	16	30
4	Rr	0	0.000	2017	01	28	16	15
4	Rr	13	0.002	2017	01	28	16	00
4	Rr	2	0.000	2017	01	28	15	45
4	Rr	0	0.000	2017	01	28	15	30
4	Rr	2	0.000	2017	01	28	15	15
4	Rr	0	0.000	2017	01	28	15	00
4	Rr	5	0.001	2017	01	28	14	45
4	Rr	1	0.000	2017	01	28	14	30
4	Rr	0	0.000	2017	01	28	14	15
4	Rr	0	0.000	2017	01	28	14	00
4	Rr	1	0.000	2017	01	28	13	45
4	Rr	0	0.000	2017	01	28	13	30
4	Rr	1	0.000	2017	01	28	13	15
4	Rr	0	0.000	2017	01	28	13	00
4	Rr	3	0.000	2017	01	28	12	45
4	Rr	0	0.000	2017	01	28	12	30
4	Rr	0	0.000	2017	01	28	12	15
4	Rr	0	0.000	2017	01	28	12	00
4	Rr	1	0.000	2017	01	28	11	45
4	Rr	12	0.002	2017	01	28	11	30
4	Rr	2	0.000	2017	01	28	11	15
4	Rr	2	0.000	2017	01	28	11	00
4	Rr	0	0.000	2017	01	28	10	45
4	Rr	1	0.000	2017	01	28	10	30
4	Rr	0	0.000	2017	01	28	10	15
4	Rr	0	0.000	2017	01	28	10	00
4	Rr	0	0.000	2017	01	28	09	45
4	Rr	1	0.000	2017	01	28	09	30
4	Rr	0	0.000	2017	01	28	09	15
4	Rr	1	0.000	2017	01	28	09	00
4	Rr	1	0.000	2017	01	28	08	45
4	Rr	0	0.000	2017	01	28	08	30
4	Rr	0	0.000	2017	01	28	08	15
4	Rr	0	0.000	2017	01	28	08	00
4	Rr	0	0.000	2017	01	28	07	45
4	Rr	2	0.000	2017	01	28	07	30
4	Rr	0	0.000	2017	01	28	07	15
4	Rr	0	0.000	2017	01	28	07	00
4	Rr	0	0.000	2017	01	28	06	45
4	Rr	0	0.000	2017	01	28	06	30
4	Rr	14	0.002	2017	01	28	06	15
4	Rr	4	0.001	2017	01	28	06	00
4	Rr	1	0.000	2017	01	28	05	45
4	Rr	0	0.000	2017	01	28	05	30
4	Rr	8	0.001	2017	01	28	05	15
4	*BT	R	398	2008	05	03	03	30
6	Rr	6114	0.986	00	00
6	Rr	6509	1.050	00	15
6	Rr	6306	1.017	00	30
6	Rr	6466	1.043	00	45
6	Rr	6144	0.991	01	00
6	Rr	5986	0.965	01	15
6	Rr	5902	0.952	01	30
6	Rr	5808	0.937	01	45
6	Rr	5644	0.910	02	00
6	Rr	6498	1.048	02	15
6	Rr	6165	0.994	02	30
6	Rr	5811	0.937	02	45
6	Rr	5730	0.924	03	00
6	Rr	5441	0.877	03	15
6	Rr	5801	0.935	03	30
6	Rr	6166	0.994	03	45
6	Rr	5696	0.919	04	00
6	Rr	6011	0.969	04	15
6	Rr	5242	0.845	04	30
6	Rr	5963	0.962	04	45
6	Rr	5190	0.837	05	00
6	Rr	5768	0.930	05	15
6	Rr	5521	0.890	05	30
6	Rr	5405	0.872	05	45
6	Rr	5387	0.869	06	00
6	Rr	5429	0.875	06	15
6	Rr	5156	0.831	06	30
6	Rr	5012	0.808	06	45
6	Rr	5268	0.850	07	00
6	Rr	5368	0.866	07	15
6	Rr	5303	0.855	07	30
6	Rr	4757	0.767	07	45
6	Rr	5256	0.848	08	00
6	Rr	4697	0.757	08	15
6	Rr	5292	0.853	08	30
6	Rr	4731	0.763	08	45
6	Rr	4823	0.778	09	00
6	Rr	5018	0.809	09	15
6	Rr	5081	0.819	09	30
6	Rr	4552	0.734	09	45
6	Rr	4642	0.749	10	00
6	Rr	4628	0.746	10	15
6	Rr	4973	0.802	10	30
6	Rr	5188	0.837	10	45
6	Rr	6112	0.986	11	00
6	Rr	4940	0.797	11	15
6	Rr	4790	0.772	11	30
6	Rr	4965	0.801	11	45
6	Rr	6212	1.002	12	00
6	Rr	4944	0.797	12	15
6	Rr	5170	0.834	12	30
6	Rr	5510	0.889	12	45
6	Rr	5964	0.962	13	00
6	Rr	5662	0.913	13	15
6	Rr	6139	0.990	13	30
6	Rr	5708	0.920	13	45
6	Rr	6613	1.066	14	00
6	Rr	6798	1.096	14	15
6	Rr	6971	1.124	14	30
6	Rr	6859	1.106	14	45
6	Rr	7334	1.183	15	00
6	Rr	7120	1.148	15	15
6	Rr	7518	1.212	15	30
6	Rr	8032	1.295	15	45
6	Rr	8062	1.300	16	00
6	Rr	7752	1.250	16	15
6	Rr	8110	1.308	16	30
6	Rr	8585	1.384	16	45
6	Rr	8037	1.296	17	00
6	Rr	8382	1.352	17	15
6	Rr	8307	1.340	17	30
6	Rr	8279	1.335	17	45
6	Rr	8000	1.290	18	00
6	Rr	8889	1.433	18	15
6	Rr	8996	1.451	18	30
6	Rr	8798	1.419	18	45
6	Rr	9547	1.540	19	00
6	Rr	7728	1.246	19	15
6	Rr	8289	1.337	19	30
6	Rr	8284	1.336	19	45
6	Rr	8912	1.437	20	00
6	Rr	8059	1.300	20	15
6	Rr	7978	1.287	20	30
6	Rr	8563	1.381	20	45
6	Rr	7979	1.287	21	00
6	Rr	7837	1.264	21	15
6	Rr	7587	1.223	21	30
6	Rr	7977	1.286	21	45
6	Rr	7366	1.188	22	00
6	Rr	7527	1.214	22	15
6	Rr	7201	1.161	22	30
6	Rr	7170	1.156	22	45
6	Rr	7375	1.189	23	00
6	Rr	6718	1.083	23	15
6	Rr	6215	1.002	23	30
6	Rr	6390	1.030	23	45
5	Rr	1	0.000	2017	01	29	05	05
5	Rr	3	0.000	2017	01	29	05	00
5	Rr	0	0.000	2017	01	29	04	55
5	Rr	3	0.000	2017	01	29	04	50
5	Rr	0	0.000	2017	01	29	04	45
5	Rr	0	0.000	2017	01	29	04	40
5	Rr	0	0.000	2017	01	29	04	35
5	Rr	1	0.000	2017	01	29	04	30
5	Rr	15	0.002	2017	01	29	04	25
5	Rr	0	0.000	2017	01	29	04	20
5	Rr	0	0.000	2017	01	29	04	15
5	Rr	0	0.000	2017	01	29	04	10
5	Rr	0	0.000	2017	01	29	04	05
5	Rr	0	0.000	2017	01	29	04	00
5	Rr	3	0.000	2017	01	29	03	55
5	Rr	0	0.000	2017	01	29	03	50
5	Rr	0	0.000	2017	01	29	03	45
5	Rr	0	0.000	2017	01	29	03	40
5	Rr	12	0.002	2017	01	29	03	35
5	Rr	0	0.000	2017	01	29	03	30
5	Rr	0	0.000	2017	01	29	03	25
5	Rr	0	0.000	2017	01	29	03	20
5	Rr	0	0.000	2017	01	29	03	15
5	Rr	1	0.000	2017	01	29	03	10
5	Rr	1	0.000	2017	01	29	03	05
5	Rr	1	0.000	2017	01	29	03	00
5	Rr	0	0.000	2017	01	29	02	55
5	Rr	0	0.000	2017	01	29	02	50
5	Rr	0	0.000	2017	01	29	02	45
5	Rr	0	0.000	2017	01	29	02	40
5	Rr	1	0.000	2017	01	29	02	35
5	Rr	1	0.000	2017	01	29	02	30
5	Rr	1	0.000	2017	01	29	02	25
5	Rr	0	0.000	2017	01	29	02	20
5	Rr	13	0.002	2017	01	29	02	15
5	Rr	0	0.000	2017	01	29	02	10
5	Rr	0	0.000	2017	01	29	02	05
5	Rr	1	0.000	2017	01	29	02	00
5	Rr	0	0.000	2017	01	29	01	55
5	Rr	0	0.000	2017	01	29	01	50
5	Rr	0	0.000	2017	01	29	01	45
5	Rr	0	0.000	2017	01	29	01	40
5	Rr	0	0.000	2017	01	29	01	35
5	Rr	1	0.000	2017	01	29	01	30
5	Rr	0	0.000	2017	01	29	01	25
5	Rr	0	0.000	2017	01	29	01	20
5	Rr	0	0.000	2017	01	29	01	15
5	Rr	0	0.000	2017	01	29	01	10
5	Rr	1	0.000	2017	01	29	01	05
5	Rr	0	0.000	2017	01	29	01	00
5	Rr	1	0.000	2017	01	29	00	55
5	Rr	0	0.000	2017	01	29	00	50
5	Rr	0	0.000	2017	01	29	00	45
5	Rr	0	0.000	2017	01	29	00	40
5	Rr	1	0.000	2017	01	29	00	35
5	Rr	0	0.000	2017	01	29	00	30
5	Rr	0	0.000	2017	01	29	00	25
5	Rr	1	0.000	2017	01	29	00	20
5	Rr	0	0.000	2017	01	29	00	15
5	Rr	0	0.000	2017	01	29	00	10
5	Rr	0	0.000	2017	01	29	00	05
5	Rr	0	0.000	2017	01	29	00	00
5	Rr	0	0.000	2017	01	28	23	55
5	Rr	0	0.000	2017	01	28	23	50
5	Rr	0	0.000	2017	01	28	23	45
5	Rr	0	0.000	2017	01	28	23	40
5	Rr	1	0.000	2017	01	28	23	35
5	Rr	0	0.000	2017	01	28	23	30
5	Rr	6	0.001	2017	01	28	23	25
5	Rr	1	0.000	2017	01	28	23	20
5	Rr	0	0.000	2017	01	28	23	15
5	Rr	0	0.000	2017	01	28	23	10
5	Rr	0	0.000	2017	01	28	23	05
5	Rr	2	0.000	2017	01	28	23	00
5	Rr	0	0.000	2017	01	28	22	55
5	Rr	0	0.000	2017	01	28	22	50
5	Rr	5	0.001	2017	01	28	22	45
5	Rr	1	0.000	2017	01	28	22	40
5	Rr	1	0.000	2017	01	28	22	35
5	Rr	0	0.000	2017	01	28	22	30
5	Rr	1	0.000	2017	01	28	22	25
5	Rr	0	0.000	2017	01	28	22	20
5	Rr	4	0.001	2017	01	28	22	15
5	Rr	0	0.000	2017	01	28	22	10
5	Rr	0	0.000	2017	01	28	22	05
5	Rr	0	0.000	2017	01	28	22	00
5	Rr	1	0.000	2017	01	28	21	55
5	Rr	0	0.000	2017	01	28	21	50
5	Rr	0	0.000	2017	01	28	21	45
5	Rr	0	0.000	2017	01	28	21	40
5	Rr	0	0.000	2017	01	28	21	35
5	Rr	0	0.000	2017	01	28	21	30
5	Rr	0	0.000	2017	01	28	21	25
5	Rr	0	0.000	2017	01	28	21	20
5	Rr	1	0.000	2017	01	28	21	15
5	Rr	0	0.000	2017	01	28	21	10
5	Rr	0	0.000	2017	01	28	21	05
5	Rr	0	0.000	2017	01	28	21	00
5	Rr	0	0.000	2017	01	28	20	55
5	Rr	0	0.000	2017	01	28	20	50
5	Rr	0	0.000	2017	01	28	20	45
5	Rr	0	0.000	2017	01	28	20	40
5	Rr	0	0.000	2017	01	28	20	35
5	Rr	0	0.000	2017	01	28	20	30
5	Rr	0	0.000	2017	01	28	20	25
5	Rr	0	0.000	2017	01	28	20	20
5	Rr	1	0.000	2017	01	28	20	15
5	Rr	1	0.000	2017	01	28	20	10
5	Rr	0	0.000	2017	01	28	20	05
5	Rr	0	0.000	2017	01	28	20	00
5	Rr	0	0.000	2017	01	28	19	55
5	Rr	0	0.000	2017	01	28	19	50
5	Rr	0	0.000	2017	01	28	19	45
5	Rr	0	0.000	2017	01	28	19	40
5	Rr	0	0.000	2017	01	28	19	35
5	Rr	0	0.000	2017	01	28	19	30
5	Rr	4	0.001	2017	01	28	19	25
5	Rr	0	0.000	2017	01	28	19	20
5	Rr	0	0.000	2017	01	28	19	15
5	Rr	0	0.000	2017	01	28	19	10
5	Rr	0	0.000	2017	01	28	19	05
5	Rr	13	0.002	2017	01	28	19	00
5	Rr	0	0.000	2017	01	28	18	55
5	Rr	0	0.000	2017	01	28	18	50
5	Rr	0	0.000	2017	01	28	18	45
5	Rr	5	0.001	2017	01	28	18	40
5	Rr	14	0.002	2017	01	28	18	35
5	Rr	0	0.000	2017	01	28	18	30
5	Rr	0	0.000	2017	01	28	18	25
5	Rr	3	0.000	2017	01	28	18	20
5	Rr	0	0.000	2017	01	28	18	15
5	Rr	0	0.000	2017	01	28	18	10
5	Rr	0	0.000	2017	01	28	18	05
5	Rr	0	0.000	2017	01	28	18	00
5	Rr	0	0.000	2017	01	28	17	55
5	Rr	0	0.000	2017	01	28	17	50
5	Rr	0	0.000	2017	01	28	17	45
5	Rr	0	0.000	2017	01	28	17	40
5	Rr	0	0.000	2017	01	28	17	35
5	Rr	0	0.000	2017	01	28	17	30
5	Rr	0	0.000	2017	01	28	17	25
5	Rr	0	0.000	2017	01	28	17	20
5	Rr	0	0.000	2017	01	28	17	15
5	Rr	0	0.000	2017	01	28	17	10
5	Rr	0	0.000	2017	01	28	17	05
5	Rr	0	0.000	2017	01	28	17	00
5	Rr	0	0.000	2017	01	28	16	55
5	Rr	0	0.000	2017	01	28	16	50
5	Rr	0	0.000	2017	01	28	16	45
5	Rr	0	0.000	2017	01	28	16	40
5	Rr	0	0.000	2017	01	28	16	35
5	Rr	0	0.000	2017	01	28	16	30
5	Rr	0	0.000	2017	01	28	16	25
5	Rr	0	0.000	2017	01	28	16	20
5	Rr	0	0.000	2017	01	28	16	15
5	Rr	13	0.002	2017	01	28	16	10
5	Rr	0	0.000	2017	01	28	16	05
5	Rr	0	0.000	2017	01	28	16	00
5	Rr	1	0.000	2017	01	28	15	55
5	Rr	0	0.000	2017	01	28	15	50
5	Rr	1	0.000	2017	01	28	15	45
5	Rr	0	0.000	2017	01	28	15	40
5	Rr	0	0.000	2017	01	28	15	35
5	Rr	0	0.000	2017	01	28	15	30
5	Rr	1	0.000	2017	01	28	15	25
5	Rr	0	0.000	2017	01	28	15	20
5	Rr	1	0.000	2017	01	28	15	15
5	Rr	0	0.000	2017	01	28	15	10
5	Rr	0	0.000	2017	01	28	15	05
5	Rr	0	0.000	2017	01	28	15	00
5	Rr	3	0.000	2017	01	28	14	55
5	Rr	2	0.000	2017	01	28	14	50
5	Rr	0	0.000	2017	01	28	14	45
5	Rr	1	0.000	2017	01	28	14	40
5	Rr	0	0.000	2017	01	28	14	35
5	Rr	0	0.000	2017	01	28	14	30
5	Rr	0	0.000	2017	01	28	14	25
5	Rr	0	0.000	2017	01	28	14	20
5	Rr	0	0.000	2017	01	28	14	15
5	Rr	0	0.000	2017	01	28	14	10
5	Rr	0	0.000	2017	01	28	14	05
5	Rr	0	0.000	2017	01	28	14	00
5	Rr	1	0.000	2017	01	28	13	55
5	Rr	0	0.000	2017	01	28	13	50
5	Rr	0	0.000	2017	01	28	13	45
5	Rr	0	0.000	2017	01	28	13	40
5	Rr	0	0.000	2017	01	28	13	35
5	Rr	0	0.000	2017	01	28	13	30
5	Rr	0	0.000	2017	01	28	13	25
5	Rr	0	0.000	2017	01	28	13	20
5	Rr	1	0.000	2017	01	28	13	15
5	Rr	0	0.000	2017	01	28	13	10
5	Rr	0	0.000	2017	01	28	13	05
5	Rr	0	0.000	2017	01	28	13	00
5	Rr	2	0.000	2017	01	28	12	55
5	Rr	1	0.000	2017	01	28	12	50
5	Rr	0	0.000	2017	01	28	12	45
5	Rr	0	0.000	2017	01	28	12	40
5	Rr	0	0.000	2017	01	28	12	35
5	Rr	0	0.000	2017	01	28	12	30
5	Rr	0	0.000	2017	01	28	12	25
5	Rr	0	0.000	2017	01	28	12	20
5	Rr	0	0.000	2017	01	28	12	15
5	Rr	0	0.000	2017	01	28	12	10
5	Rr	0	0.000	2017	01	28	12	05
5	Rr	0	0.000	2017	01	28	12	00
5	Rr	1	0.000	2017	01	28	11	55
5	Rr	0	0.000	2017	01	28	11	50
5	Rr	0	0.000	2017	01	28	11	45
5	Rr	0	0.000	2017	01	28	11	40
5	Rr	0	0.000	2017	01	28	11	35
5	Rr	12	0.002	2017	01	28	11	30
5	Rr	0	0.000	2017	01	28	11	25
5	Rr	2	0.000	2017	01	28	11	20
5	Rr	0	0.000	2017	01	28	11	15
5	Rr	1	0.000	2017	01	28	11	10
5	Rr	1	0.000	2017	01	28	11	05
5	Rr	0	0.000	2017	01	28	11	00
5	Rr	0	0.000	2017	01	28	10	55
5	Rr	0	0.000	2017	01	28	10	50
5	Rr	0	0.000	2017	01	28	10	45
5	Rr	1	0.000	2017	01	28	10	40
5	Rr	0	0.000	2017	01	28	10	35
5	Rr	0	0.000	2017	01	28	10	30
5	Rr	0	0.000	2017	01	28	10	25
5	Rr	0	0.000	2017	01	28	10	20
5	Rr	0	0.000	2017	01	28	10	15
5	Rr	0	0.000	2017	01	28	10	10
5	Rr	0	0.000	2017	01	28	10	05
5	Rr	0	0.000	2017	01	28	10	00
5	Rr	0	0.000	2017	01	28	09	55
5	Rr	0	0.000	2017	01	28	09	50
5	Rr	0	0.000	2017	01	28	09	45
5	Rr	0	0.000	2017	01	28	09	40
5	Rr	1	0.000	2017	01	28	09	35
5	Rr	0	0.000	2017	01	28	09	30
5	Rr	0	0.000	2017	01	28	09	25
5	Rr	0	0.000	2017	01	28	09	20
5	Rr	0	0.000	2017	01	28	09	15
5	Rr	0	0.000	2017	01	28	09	10
5	Rr	1	0.000	2017	01	28	09	05
5	Rr	0	0.000	2017	01	28	09	00
5	Rr	1	0.000	2017	01	28	08	55
5	Rr	0	0.000	2017	01	28	08	50
5	Rr	0	0.000	2017	01	28	08	45
5	Rr	0	0.000	2017	01	28	08	40
5	Rr	0	0.000	2017	01	28	08	35
5	Rr	0	0.000	2017	01	28	08	30
5	Rr	0	0.000	2017	01	28	08	25
5	Rr	0	0.000	2017	01	28	08	20
5	Rr	0	0.000	2017	01	28	08	15
5	Rr	0	0.000	2017	01	28	08	10
5	Rr	0	0.000	2017	01	28	08	05
5	Rr	0	0.000	2017	01	28	08	00
5	Rr	0	0.000	2017	01	28	07	55
5	Rr	0	0.000	2017	01	28	07	50
5	Rr	0	0.000	2017	01	28	07	45
5	Rr	2	0.000	2017	01	28	07	40
5	Rr	0	0.000	2017	01	28	07	35
5	Rr	0	0.000	2017	01	28	07	30
5	Rr	0	0.000	2017	01	28	07	25
5	Rr	0	0.000	2017	01	28	07	20
5	Rr	0	0.000	2017	01	28	07	15
5	Rr	0	0.000	2017	01	28	07	10
5	Rr	0	0.000	2017	01	28	07	05
5	Rr	0	0.000	2017	01	28	07	00
5	Rr	0	0.000	2017	01	28	06	55
5	Rr	0	0.000	2017	01	28	06	50
5	Rr	0	0.000	2017	01	28	06	45
5	Rr	0	0.000	2017	01	28	06	40
5	Rr	0	0.000	2017	01	28	06	35
5	Rr	0	0.000	2017	01	28	06	30
5	Rr	1	0.000	2017	01	28	06	25
5	Rr	0	0.000	2017	01	28	06	20
5	Rr	13	0.002	2017	01	28	06	15
5	Rr	4	0.001	2017	01	28	06	10
5	Rr	0	0.000	2017	01	28	06	05
5	Rr	0	0.000	2017	01	28	06	00
5	Rr	0	0.000	2017	01	28	05	55
5	Rr	1	0.000	2017	01	28	05	50
5	Rr	0	0.000	2017	01	28	05	45
5	Rr	0	0.000	2017	01	28	05	40
5	Rr	0	0.000	2017	01	28	05	35
5	Rr	0	0.000	2017	01	28	05	30
5	Rr	0	0.000	2017	01	28	05	25
5	Rr	1	0.000	2017	01	28	05	20
5	Rr	7	0.001	2017	01	28	05	15
5	Rr	0	0.000	2017	01	28	05	10
5	*BT	R	252	2009	11	23	07	25
7	Rr	1947	0.314	00	00
7	Rr	2192	0.353	00	05
7	Rr	1975	0.318	00	10
7	Rr	1810	0.292	00	15
7	Rr	2253	0.363	00	20
7	Rr	2446	0.394	00	25
7	Rr	1991	0.321	00	30
7	Rr	2134	0.344	00	35
7	Rr	2181	0.352	00	40
7	Rr	2185	0.352	00	45
7	Rr	2401	0.387	00	50
7	Rr	1880	0.303	00	55
7	Rr	1843	0.297	01	00
7	Rr	2035	0.328	01	05
7	Rr	2266	0.365	01	10
7	Rr	1957	0.316	01	15
7	Rr	2219	0.358	01	20
7	Rr	1810	0.292	01	25
7	Rr	1868	0.301	01	30
7	Rr	2004	0.323	01	35
7	Rr	2030	0.327	01	40
7	Rr	1883	0.304	01	45
7	Rr	1768	0.285	01	50
7	Rr	2157	0.348	01	55
7	Rr	1774	0.286	02	00
7	Rr	1904	0.307	02	05
7	Rr	1966	0.317	02	10
7	Rr	2369	0.382	02	15
7	Rr	1978	0.319	02	20
7	Rr	2151	0.347	02	25
7	Rr	2014	0.325	02	30
7	Rr	2243	0.362	02	35
7	Rr	1908	0.308	02	40
7	Rr	1991	0.321	02	45
7	Rr	1742	0.281	02	50
7	Rr	2078	0.335	02	55
7	Rr	1903	0.307	03	00
7	Rr	1948	0.314	03	05
7	Rr	1879	0.303	03	10
7	Rr	1932	0.312	03	15
7	Rr	1849	0.298	03	20
7	Rr	1660	0.268	03	25
7	Rr	1873	0.302	03	30
7	Rr	1908	0.308	03	35
7	Rr	2020	0.326	03	40
7	Rr	2261	0.365	03	45
7	Rr	1956	0.315	03	50
7	Rr	1949	0.314	03	55
7	Rr	1878	0.303	04	00
7	Rr	1824	0.294	04	05
7	Rr	1994	0.322	04	10
7	Rr	2079	0.335	04	15
7	Rr	2123	0.342	04	20
7	Rr	1809	0.292	04	25
7	Rr	1930	0.311	04	30
7	Rr	1629	0.263	04	35
7	Rr	1683	0.271	04	40
7	Rr	2381	0.384	04	45
7	Rr	1801	0.290	04	50
7	Rr	1781	0.287	04	55
7	Rr	1655	0.267	05	00
7	Rr	1526	0.246	05	05
7	Rr	2009	0.324	05	10
7	Rr	1844	0.297	05	15
7	Rr	1969	0.318	05	20
7	Rr	1955	0.315	05	25
7	Rr	2079	0.335	05	30
7	Rr	1865	0.301	05	35
7	Rr	1577	0.254	05	40
7	Rr	1796	0.290	05	45
7	Rr	1808	0.292	05	50
7	Rr	1801	0.290	05	55
7	Rr	1655	0.267	06	00
7	Rr	1890	0.305	06	05
7	Rr	1842	0.297	06	10
7	Rr	1894	0.305	06	15
7	Rr	1806	0.291	06	20
7	Rr	1729	0.279	06	25
7	Rr	1579	0.255	06	30
7	Rr	1581	0.255	06	35
7	Rr	1996	0.322	06	40
7	Rr	1849	0.298	06	45
7	Rr	1584	0.255	06	50
7	Rr	1579	0.255	06	55
7	Rr	1974	0.318	07	00
7	Rr	1640	0.264	07	05
7	Rr	1654	0.267	07	10
7	Rr	1599	0.258	07	15
7	Rr	1839	0.297	07	20
7	Rr	1930	0.311	07	25
7	Rr	1920	0.310	07	30
7	Rr	1754	0.283	07	35
7	Rr	1629	0.263	07	40
7	Rr	1607	0.259	07	45
7	Rr	1563	0.252	07	50
7	Rr	1587	0.256	07	55
7	Rr	1715	0.277	08	00
7	Rr	1845	0.298	08	05
7	Rr	1696	0.274	08	10
7	Rr	1529	0.247	08	15
7	Rr	1516	0.244	08	20
7	Rr	1652	0.266	08	25
7	Rr	1915	0.309	08	30
7	Rr	1709	0.276	08	35
7	Rr	1668	0.269	08	40
7	Rr	1610	0.260	08	45
7	Rr	1497	0.241	08	50
7	Rr	1624	0.262	08	55
7	Rr	1551	0.250	09	00
7	Rr	1692	0.273	09	05
7	Rr	1580	0.255	09	10
7	Rr	1502	0.242	09	15
7	Rr	1739	0.280	09	20
7	Rr	1777	0.287	09	25
7	Rr	1785	0.288	09	30
7	Rr	1600	0.258	09	35
7	Rr	1696	0.274	09	40
7	Rr	1562	0.252	09	45
7	Rr	1441	0.232	09	50
7	Rr	1549	0.250	09	55
7	Rr	1530	0.247	10	00
7	Rr	1469	0.237	10	05
7	Rr	1643	0.265	10	10
7	Rr	1542	0.249	10	15
7	Rr	1443	0.233	10	20
7	Rr	1643	0.265	10	25
7	Rr	1522	0.245	10	30
7	Rr	1663	0.268	10	35
7	Rr	1788	0.288	10	40
7	Rr	1696	0.274	10	45
7	Rr	1628	0.263	10	50
7	Rr	1864	0.301	10	55
7	Rr	2532	0.408	11	00
7	Rr	1965	0.317	11	05
7	Rr	1615	0.260	11	10
7	Rr	1605	0.259	11	15
7	Rr	1657	0.267	11	20
7	Rr	1678	0.271	11	25
7	Rr	1745	0.281	11	30
7	Rr	1314	0.212	11	35
7	Rr	1731	0.279	11	40
7	Rr	1563	0.252	11	45
7	Rr	1642	0.265	11	50
7	Rr	1760	0.284	11	55
7	Rr	2243	0.362	12	00
7	Rr	2057	0.332	12	05
7	Rr	1912	0.308	12	10
7	Rr	1613	0.260	12	15
7	Rr	1646	0.265	12	20
7	Rr	1685	0.272	12	25
7	Rr	1667	0.269	12	30
7	Rr	1640	0.264	12	35
7	Rr	1863	0.300	12	40
7	Rr	1905	0.307	12	45
7	Rr	1787	0.288	12	50
7	Rr	1818	0.293	12	55
7	Rr	1935	0.312	13	00
7	Rr	1978	0.319	13	05
7	Rr	2051	0.331	13	10
7	Rr	1943	0.313	13	15
7	Rr	1789	0.288	13	20
7	Rr	1930	0.311	13	25
7	Rr	2083	0.336	13	30
7	Rr	2075	0.335	13	35
7	Rr	1981	0.319	13	40
7	Rr	1631	0.263	13	45
7	Rr	1980	0.319	13	50
7	Rr	2097	0.338	13	55
7	Rr	1942	0.313	14	00
7	Rr	2383	0.384	14	05
7	Rr	2288	0.369	14	10
7	Rr	2206	0.356	14	15
7	Rr	2339	0.377	14	20
7	Rr	2253	0.363	14	25
7	Rr	2585	0.417	14	30
7	Rr	2325	0.375	14	35
7	Rr	2061	0.332	14	40
7	Rr	2163	0.349	14	45
7	Rr	2263	0.365	14	50
7	Rr	2433	0.392	14	55
7	Rr	2347	0.378	15	00
7	Rr	2588	0.417	15	05
7	Rr	2399	0.387	15	10
7	Rr	2374	0.383	15	15
7	Rr	2197	0.354	15	20
7	Rr	2549	0.411	15	25
7	Rr	2663	0.429	15	30
7	Rr	2414	0.389	15	35
7	Rr	2441	0.394	15	40
7	Rr	2527	0.408	15	45
7	Rr	2708	0.437	15	50
7	Rr	2797	0.451	15	55
7	Rr	2800	0.452	16	00
7	Rr	2735	0.441	16	05
7	Rr	2527	0.408	16	10
7	Rr	2823	0.455	16	15
7	Rr	2582	0.416	16	20
7	Rr	2347	0.378	16	25
7	Rr	2582	0.416	16	30
7	Rr	2790	0.450	16	35
7	Rr	2738	0.442	16	40
7	Rr	2843	0.458	16	45
7	Rr	2825	0.456	16	50
7	Rr	2917	0.470	16	55
7	Rr	2622	0.423	17	00
7	Rr	2585	0.417	17	05
7	Rr	2830	0.456	17	10
7	Rr	2689	0.434	17	15
7	Rr	2894	0.467	17	20
7	Rr	2799	0.451	17	25
7	Rr	2814	0.454	17	30
7	Rr	2777	0.448	17	35
7	Rr	2716	0.438	17	40
7	Rr	2717	0.438	17	45
7	Rr	3006	0.485	17	50
7	Rr	2556	0.412	17	55
7	Rr	2558	0.413	18	00
7	Rr	2484	0.401	18	05
7	Rr	2958	0.477	18	10
7	Rr	2960	0.477	18	15
7	Rr	2783	0.449	18	20
7	Rr	3146	0.507	18	25
7	Rr	2968	0.479	18	30
7	Rr	2995	0.483	18	35
7	Rr	3033	0.489	18	40
7	Rr	2987	0.482	18	45
7	Rr	2939	0.474	18	50
7	Rr	2872	0.463	18	55
7	Rr	3440	0.555	19	00
7	Rr	3099	0.500	19	05
7	Rr	3008	0.485	19	10
7	Rr	2448	0.395	19	15
7	Rr	2798	0.451	19	20
7	Rr	2482	0.400	19	25
7	Rr	2752	0.444	19	30
7	Rr	2937	0.474	19	35
7	Rr	2600	0.419	19	40
7	Rr	2934	0.473	19	45
7	Rr	2717	0.438	19	50
7	Rr	2633	0.425	19	55
7	Rr	2889	0.466	20	00
7	Rr	3048	0.492	20	05
7	Rr	2975	0.480	20	10
7	Rr	2435	0.393	20	15
7	Rr	2795	0.451	20	20
7	Rr	2829	0.456	20	25
7	Rr	2495	0.402	20	30
7	Rr	2569	0.414	20	35
7	Rr	2914	0.470	20	40
7	Rr	3125	0.504	20	45
7	Rr	2749	0.443	20	50
7	Rr	2689	0.434	20	55
7	Rr	2769	0.447	21	00
7	Rr	2549	0.411	21	05
7	Rr	2661	0.429	21	10
7	Rr	2593	0.418	21	15
7	Rr	2428	0.392	21	20
7	Rr	2816	0.454	21	25
7	Rr	2548	0.411	21	30
7	Rr	2551	0.411	21	35
7	Rr	2488	0.401	21	40
7	Rr	2660	0.429	21	45
7	Rr	2793	0.450	21	50
7	Rr	2524	0.407	21	55
7	Rr	2508	0.404	22	00
7	Rr	2306	0.372	22	05
7	Rr	2552	0.412	22	10
7	Rr	2315	0.373	22	15
7	Rr	2707	0.437	22	20
7	Rr	2505	0.404	22	25
7	Rr	2451	0.395	22	30
7	Rr	2434	0.393	22	35
7	Rr	2316	0.373	22	40
7	Rr	2323	0.375	22	45
7	Rr	2429	0.392	22	50
7	Rr	2418	0.390	22	55
7	Rr	2727	0.440	23	00
7	Rr	2378	0.383	23	05
7	Rr	2270	0.366	23	10
7	Rr	2243	0.362	23	15
7	Rr	2261	0.365	23	20
7	Rr	2214	0.357	23	25
7	Rr	2000	0.323	23	30
7	Rr	2143	0.346	23	35
7	Rr	2072	0.334	23	40
7	Rr	2076	0.335	23	45
7	Rr	2285	0.368	23	50
7	Rr	2029	0.327	23	55
o	*f	0R	r
o	lRQ	1	620108	893219424	[unresolved numerical addresses]
Z	*f	-20R	r
Z	lRb	1	37844	2.922	69
Z	lRb	1	32108	3.736	66.249
Z	lRb	1	14734	3.894	157.55
Z	lRb	1	14310	2.452	76
Z	lRb	1	11474	0.847	46
Z	lRb	1	9502	1.288	74
Z	lRb	1	9457	1.689	72
Z	lRb	1	9313	1.178	75
Z	lRb	1	8662	1.973	207.46
Z	lRb	1	8536	0.730	71
Z	lRb	1	8004	1.207	65.55
Z	lRb	1	7968	1.391	123
Z	lRb	1	7674	1.061	124
Z	lRb	1	7383	0.078	178.137
Z	lRb	1	6538	2.218	70
Z	lRb	1	6224	1.197	94
Z	lRb	1	6101	1.043	54
Z	lRb	1	6079	1.408	91
Z	lRb	1	6037	1.217	67.181
Z	lRb	1	6011	0.663	95
Z	lRb	1	396149	67.809	[not listed: 7039]
S	*f	-50P	r
S	Rb	4702	0.925	14.33.246.211
S	Rb	3248	0.579	192.99.15.146
S	Rb	2341	0.320	100.43.83.148
S	Rb	1992	0.160	66.249.75.109
S	Rb	1829	0.350	37.59.14.116
S	Rb	1631	0.445	75.98.173.33
S	Rb	1597	0.305	78.155.138.20
S	Rb	1543	0.173	199.21.99.79
S	Rb	1459	0.024	92.249.127.111
S	Rb	1312	0.105	205.203.134.197
S	Rb	1276	0.280	208.115.113.82
S	Rb	1270	0.152	95.108.248.29
S	Rb	1142	0.002	91.207.9.226
S	Rb	1107	0.038	66.249.69.97
S	Rb	1072	0.041	66.249.69.81
S	Rb	1051	0.076	66.249.69.192
S	Rb	1039	0.036	66.249.69.89
S	Rb	1024	0.173	95.108.150.235
S	Rb	1012	0.192	192.99.6.132
S	Rb	957	0.428	199.21.99.197
S	Rb	951	0.146	66.249.73.133
S	Rb	903	0.237	67.195.112.86
S	Rb	815	0.070	178.63.23.80
S	Rb	791	0.151	192.99.7.55
S	Rb	777	0.002	193.150.120.14
S	Rb	760	0.119	208.115.113.92
S	Rb	736	0.030	66.249.69.176
S	Rb	704	0.002	109.120.157.179
S	Rb	698	0.059	220.181.125.162
S	Rb	694	0.090	78.155.138.30
S	Rb	692	0.029	66.249.69.160
S	Rb	664	0.127	94.23.59.173
S	Rb	649	0.124	46.105.74.59
S	Rb	640	0.091	74.84.218.242
S	Rb	627	0.036	66.249.65.205
S	Rb	627	0.028	66.249.65.219
S	Rb	622	0.037	66.249.65.212
S	Rb	616	0.039	82.145.46.102
S	Rb	612	0.056	66.249.73.80
S	Rb	609	0.116	94.23.215.29
S	Rb	603	0.038	66.249.75.215
S	Rb	585	0.112	94.23.35.157
S	Rb	584	0.015	195.242.218.133
S	Rb	567	0.001	37.139.52.23
S	Rb	564	0.003	213.110.133.221
S	Rb	545	0.042	95.108.151.244
S	Rb	518	0.045	144.76.27.118
S	Rb	513	0.129	52.21.132.215
S	Rb	505	0.034	106.38.241.144
S	Rb	497	0.092	208.115.111.246
S	Rb	567836	93.095	[not listed: 54995]
s	*FR	2013	12	18	21	53
s	*LR	2017	01	29	04	52
s	*f	-20R	s
s	lRS	1	79171	621	http://www.gtaeronautics.com/
s	lRS	1	17020	107	http://gtaeronautics.com/
s	lRS	1	1932	19	https://www.google.com/
s	lRS	1	246	15	http://uptime.com/
s	lRS	1	1019	7	http://www.trainingindustry.com/
s	lRS	1	273	3	http://www.bing.com/
s	lRS	1	1290	2	http://www.google.com/
s	lRS	1	216	1	http://www.thomasnet.com/
s	lRS	1	609	0	http://www.mfgpages.com/
s	lRS	1	604	0	http://www.openfos.com/
s	lRS	1	517	0	http://www.topicway.com/
s	lRS	1	460	0	http://www.baidu.com/
s	lRS	1	362	0	http://semalt.semalt.com/
s	lRS	1	301	0	http://chimiver.info/
s	lRS	1	262	0	http://google.co.jp/
s	lRS	1	234	0	http://www.artparquet.ru/
s	lRS	1	209	0	https://www.google.co.in/
s	lRS	1	192	0	http://buttons-for-website.com/
s	lRS	1	188	0	http://doska-vsem.ru/
s	lRS	1	163	0	http://pornogig.com/
s	lRS	1	24221	39	[not listed: 2618]
f	*FR	2013	12	18	21	53
f	*LR	2017	01	29	04	52
f	*f	-30R	s
f	lRS	1	45996	418	http://www.gtaeronautics.com/
f	lRS	1	4340	82	http://www.gtaeronautics.com/CCT&M.html
f	lRS	1	11834	74	http://gtaeronautics.com/
f	lRS	1	4195	39	http://www.gtaeronautics.com/aboutus.html
f	lRS	1	1896	21	http://www.gtaeronautics.com/index.html
f	lRS	1	1789	19	https://www.google.com/
f	lRS	1	2417	15	http://gtaeronautics.com/IndNews.html
f	lRS	1	1935	9	http://www.gtaeronautics.com/ConsultingA.html
f	lRS	1	3607	8	http://www.gtaeronautics.com/UASFC.html
f	lRS	1	808	8	http://www.gtaeronautics.com/IndNews.html
f	lRS	1	1019	7	http://www.trainingindustry.com/
f	lRS	1	900	7	http://www.gtaeronautics.com/compnews.html
f	lRS	1	494	3	http://www.gtaeronautics.com/GT380 RPAS.html
f	lRS	1	1116	2	http://www.gtaeronautics.com/CFMT.html
f	lRS	1	772	2	http://www.google.com/url
f	lRS	1	706	2	http://www.gtaeronautics.com/GT1500 RPAS.html
f	lRS	1	548	2	http://www.gtaeronautics.com/SRU.html
f	lRS	1	534	2	http://gtaeronautics.com/aboutus.html
f	lRS	1	830	1	http://www.gtaeronautics.com/EMPLOYMENT.html
f	lRS	1	619	1	http://www.gtaeronautics.com/cfmt.html
f	lRS	1	1728	0	http://www.gtaeronautics.com/uasfc.html
f	lRS	1	1572	0	http://www.gtaeronautics.com/pna.html
f	lRS	1	918	0	http://www.gtaeronautics.com/RD.html
f	lRS	1	890	0	http://www.gtaeronautics.com/consultinga.html
f	lRS	1	864	0	http://www.gtaeronautics.com/CompNews.html
f	lRS	1	700	0	http://www.gtaeronautics.com/links.html
f	lRS	1	523	0	http://www.mfgpages.com/company/GT-AERONAUTICS-LLC-in-CALIFORNIA-USA-5886132/
f	lRS	1	520	0	http://www.openfos.com/supply/5640989-GT-AERONAUTICS-LLC-in-SIMI-VALLEY-CA/
f	lRS	1	517	0	http://www.topicway.com/companies/100676618/GT-AERONAUTICS-LLC-in-SIMI-VALLEY-CA.htm
f	lRS	1	462	0	http://www.gtaeronautics.com/indevents.html
f	lRS	1	34440	92	[not listed: 3050]
n	*FR	2013	12	19	00	28
n	*LR	2017	01	13	22	44
n	*f	0.500000%Q	s
n	Rq	26	3.312	aeronautical
n	Rq	5	0.789	faa
n	Rq	23	3.155	gt
n	Rq	20	1.577	in
n	Rq	15	0.631	manufacturing
n	Rq	14	2.208	6
n	Rq	28	3.943	engineering
n	Rq	9	1.262	drawings
n	Rq	64	0.946	outlet
n	Rq	28	3.785	texan
n	Rq	5	0.789	engineer
n	Rq	6	0.946	aircraft
n	Rq	32	0.789	luggage
n	Rq	175	2.681	vuitton
n	Rq	5	0.789	uas
n	Rq	10	1.577	uav
n	Rq	3	0.631	drone
n	Rq	7	1.104	fiberglass
n	Rq	4	0.631	onboard
n	Rq	21	2.050	simi
n	Rq	17	2.050	at6
n	Rq	6	0.789	molding
n	Rq	8	1.104	extreme
n	Rq	126	1.104	fashion
n	Rq	175	2.681	louis
n	Rq	4	0.631	starter
n	Rq	14	0.631	cheap
n	Rq	10	1.420	bme
n	Rq	25	3.470	http://www.gtaeronautics.com/
n	Rq	145	2.997	valley
n	Rq	5	0.631	pglm
n	Rq	23	3.155	drawing
n	Rq	8	1.104	aerospace
n	Rq	4	0.631	unmanned
n	Rq	16	2.681	aeronautics
n	Rq	20	0.631	ca
n	Rq	13	2.050	at
n	Rq	5	0.789	techniques
n	Rq	4	0.631	quotes
n	Rq	9	1.262	bandito
n	Rq	107	0.631	phone
n	Rq	482	35.331	[not listed: 179]
N	*FR	2013	12	19	00	28
N	*LR	2017	01	13	22	44
N	*f	-200Q	s
N	RQ	25	213070	http://www.gtaeronautics.com/
N	RQ	14	116220	aeronautical engineering drawing
N	RQ	9	96850	gt aeronautics
N	RQ	9	87165	at 6 texan
N	RQ	8	77480	at6 texan
N	RQ	7	58110	bme extreme
N	RQ	7	58110	aerospace engineering drawings
N	RQ	5	38740	bandito pglm
N	RQ	6	38740	texan at6
N	RQ	15	29055	www.gtaeronautics.com
N	RQ	3	29055	onboard starter
N	RQ	3	29055	bandito uav
N	RQ	2	19370	fiberglass molding techniques
N	RQ	19	19370	louis vuitton luggage outlet
N	RQ	10	19370	louis vuitton fashion valley phone
N	RQ	97	19370	louis vuitton fashion valley phone number
N	RQ	2	19370	texan at 6
N	RQ	18	19370	louis vuitton fashion valley ca
N	RQ	6	19370	manufacturing aeronautical prototypes
N	RQ	1	9685	mitsubishi zero
N	RQ	1	9685	uavs flying over simi valley ca
N	RQ	1	9685	gt aeronautics simi valley california
N	RQ	2	9685	what is gt in basic engineering drawing
N	RQ	1	9685	aeronautical engineer quote
N	RQ	2	9685	composite molding
N	RQ	1	9685	does aeronautical engineering require drawing?
N	RQ	1	9685	aeronautics in simi valley and security work
N	RQ	1	9685	crew flight gta
N	RQ	2	9685	http://gtaeronautics.com/
N	RQ	1	9685	how to do gt in engineering drawing
N	RQ	1	9685	110cc engine timing
N	RQ	1	9685	aeronautical engineer quotes
N	RQ	2	9685	http://www.gtaeronautics.com/compnews.html
N	RQ	4	9685	wyoming flight engineers
N	RQ	1	9685	the government college g.t aeronautics
N	RQ	1	9685	bme engine
N	RQ	1	9685	uas gcs
N	RQ	1	9685	a t 6
N	RQ	1	9685	http://www.gtaeronautics.com/indnews.html
N	RQ	1	9685	gt aeronautics unmanned air
N	RQ	1	9685	aero iron mentioned nanotechnology hummingbird uav
N	RQ	1	9685	basic fiberglass techniques
N	RQ	1	9685	fia gt composite tooling
N	RQ	1	9685	uas pilot certification
N	RQ	1	9685	http://gtaeronautics.com/indnews.html
N	RQ	1	9685	finnemeccia co
N	RQ	2	9685	drawing for customer satisfaction
N	RQ	1	9685	quotes on aeronautical engineers
N	RQ	1	9685	payload for diamond northrop twin engie aircraft
N	RQ	1	9685	cheap louis vuitton speedy handbag.com
N	RQ	7	9685	content
N	RQ	1	9685	at 6
N	RQ	1	9685	bme 110
N	RQ	1	9685	quotation specialist engineer drawings
N	RQ	1	9685	uav commercial crew stations
N	RQ	1	9685	thomas w rullman gt aeronautics
N	RQ	1	9685	da42 mpp microwave downlink bandwidth
N	RQ	1	9685	luggages for sale
N	RQ	2	9685	easylifeapp profile
N	RQ	1	9685	anti ice de ice qinetiq zephyr
N	RQ	2	9685	simi gt
N	RQ	4	9685	louis%20vuitton%20fashion%20valley%20phone%20number
N	RQ	1	9685	heavy equipment operator jobs
N	RQ	1	9685	eengineer drawing home
N	RQ	1	9685	cheap louis vuitton luggage
N	RQ	1	9685	aero space drone simi valley
N	RQ	1	9685	faa uas pilot certification
N	RQ	1	9685	2 stroke electric onboard starter
N	RQ	1	9685	any flying crews in gta
N	RQ	1	9685	skyforce observer mk3
N	RQ	1	9685	simi valley unmanned aircraft
N	RQ	2	9685	granger whitelaw avia
N	RQ	1	9685	louis vuitton fashion valley neverfull
N	RQ	1	9685	louis vuitton job opportunities
N	RQ	1	9685	fiber glass molding job
N	RQ	1	9685	aerospace drawing
N	RQ	1	9685	google.com
N	RQ	1	9685	aircraft design consultant
N	RQ	1	9685	www.gt airplane.com
N	RQ	1	9685	uas operation training method
N	RQ	3	9685	gt in aeronotics
N	RQ	1	9685	tom rullman
N	RQ	1	9685	gt aeronautics simi valley ca
N	RQ	2	9685	wmaid.com explore gtaeronautics.com
N	RQ	1	9685	drone base in simi valley
N	RQ	1	9685	custum muffler 110cc
N	RQ	1	9685	glass manufacturing drawings
N	RQ	1	9685	electric motors x male uav x sale
N	RQ	1	9685	aerospacecompanies in simi valley
N	RQ	1	9685	fiberglass molding
N	RQ	1	9685	fiberglass mold making techniques
N	RQ	1	9685	taranis ucav
N	RQ	1	9685	vegas drone uav show december 2015
N	RQ	1	9685	rpa instrument qualification faa instrument rating
N	RQ	1	9685	extreme bme
N	RQ	1	9685	uav companies in simi valley
N	RQ	1	9685	uas faa maintenance
N	RQ	1	9685	unmanned aircraft systems pilot training
N	RQ	2	9685	installerex facebook
N	RQ	1	9685	aeronautic engineer
N	RQ	3	9685	texan at6 photos
N	RQ	30	9685	designer handbags outlet sale
N	RQ	1	9685	rpas qulificationa traing with faa
N	RQ	1	9685	louis vuitton neverfull
N	RQ	1	9685	faa uav training
N	RQ	1	9685	uav companies simi valley
N	RQ	5	9685	louis vuitton purses outlet
N	RQ	1	9685	cheap louis vuitton luggage outlet
N	RQ	1	9685	tobbot
N	RQ	1	9685	radius tdw efi fuze
N	RQ	8	9685	manufacturing equipment store in simi valley
N	RQ	1	9685	aeronautic engineer quotes
N	RQ	1	9685	onbordstarter
N	RQ	1	9685	fiberglass techniques
N	RQ	1	9685	rotax amphibian unmanned china
N	RQ	1	9685	aircraft companies in simi valley
N	RQ	1	9685	custom fiberglass moldings
N	RQ	11	9685	louis vuitton luggage cheap
N	RQ	1	9685	anything
N	RQ	1	9685	aeronautical engineering quotes
N	RQ	1	9685	aeronautical engineering sketches
N	RQ	1	9685	gtaeronautics.com
N	RQ	1	9685	giant scale ziroli at 6
N	RQ	9	9685	outlet louis vuitton handbags
N	RQ	1	9685	drawing aircraft engineering
N	RQ	1	9685	gt aeronautics bandito
N	RQ	1	9685	cody wy carbon fiber
N	RQ	1	9685	cowling drawing
B	*f	-40R	r
B	Rb	22380	2.391	Mozilla/5.0 (compatible; Googlebot/2.1;  http://www.google.com/bot.html)
B	Rb	21978	4.856	Mozilla/5.0 (compatible; bingbot/2.0;  http://www.bing.com/bingbot.htm)
B	Rb	12122	2.312	Mozilla/4.0 (compatible; MSIE 6.0; Windows NT 5.1; SV1)
B	Rb	8061	2.809	Mozilla/4.0 (compatible; MSIE 7.0; Windows NT 5.1; .NET CLR 1.1.4322; .NET CLR 2.0.50727)
B	Rb	7621	1.132	Mozilla/5.0 (compatible; Baiduspider/2.0;  http://www.baidu.com/search/spider.html)
B	Rb	7230	1.243	Mozilla/5.0 (compatible; Yahoo! Slurp; http://help.yahoo.com/help/us/ysearch/slurp)
B	Rb	7082	0.663	Mozilla/4.0 (compatible; MSIE 6.0; Windows NT 5.1; SV1; .NET CLR 2.0.50727)
B	Rb	7017	1.510	Mozilla/5.0 (compatible; YandexBot/3.0;  http://yandex.com/bots)
B	Rb	6164	0.140	Mozilla/4.0 (compatible; MSIE 7.0; Windows NT 5.1; .NET CLR 1.1.4322; .NET CLR 2.0.50727; .NET CLR 3.0.4506.2152; .NET CLR 3.5.30729)
B	Rb	6148	1.094	Mozilla/4.0 (compatible; MSIE 7.0; Windows NT 6.1; WOW64; Trident/5.0; SLCC2; .NET CLR 2.0.50727; .NET CLR 3.5.30729; .NET CLR 3.0.30729; Media Center PC 6.0; .NET4.0C; .NET4.0E)
B	Rb	6115	0.322	Mozilla/4.0 (compatible;)
B	Rb	5850	0.962	Mozilla/4.0 (compatible; MSIE 6.0; Windows NT 5.1)
B	Rb	5848	0.825	Sosospider ( http://help.soso.com/webspider.htm)
B	Rb	5527	0.490	Mozilla/5.0 (Windows NT 6.1; WOW64) AppleWebKit/537.36 (KHTML, like Gecko) Chrome/36.0.1985.143 Safari/537.36
B	Rb	5436	0.939	Mozilla/5.0 (Windows; U; Windows NT 5.1; en-US; rv:1.7.2) Gecko/20040804 Netscape/7.2 (ax)
B	Rb	5325	0.637	Mozilla/5.0 (Windows NT 6.1; WOW64; Trident/7.0; rv:11.0) like Gecko
B	Rb	5306	0.401	Mozilla/4.0 (compatible; MSIE 7.0; Windows NT 5.1; .NET CLR 1.1.4322; .NET CLR 2.0.50727; .NET CLR 3.0.04506.30)
B	Rb	5185	0.990	Mozilla/4.0 (compatible; MSIE 7.0; Windows NT 5.1)
B	Rb	4743	0.359	Mozilla/5.0 (compatible; MSIE 9.0; Windows NT 6.1; WOW64; Trident/5.0)
B	Rb	4446	0.549	Mozilla/5.0 (compatible; Yahoo! Slurp/3.0; http://help.yahoo.com/help/us/ysearch/slurp)
B	Rb	4368	0.108	Mozilla/4.0 (compatible; MSIE 7.0; Windows NT 5.1; .NET CLR 2.0.50727; .NET CLR 3.0.4506.2152; .NET CLR 3.5.30729)
B	Rb	4171	2.040	Mozilla/5.0 (iPhone; CPU iPhone OS 7_0 like Mac OS X) AppleWebKit/537.51.1 (KHTML, like Gecko) Version/7.0 Mobile/11A465 Safari/9537.53 (compatible; bingbot/2.0;  http://www.bing.com/bingbot.htm)
B	Rb	4137	0.181	Googlebot-Image/1.0
B	Rb	3493	0.557	Mozilla/5.0 (compatible; MJ12bot/v1.4.5; http://www.majestic12.co.uk/bot.php? )
B	Rb	3491	0.457	Mozilla/4.0 (compatible; MSIE 6.0; Windows NT 5.1; SV1; .NET CLR 1.1.4322)
B	Rb	3062	0.245	Mozilla/4.0 (compatible; MSIE 7.0; Windows NT 5.1; .NET CLR 1.1.4322)
B	Rb	3049	0.127	Mozilla/4.0 (compatible; MSIE 8.0; Windows NT 5.1; Trident/4.0; .NET CLR 2.0.50727; .NET CLR 3.0.4506.2152; .NET CLR 3.5.30729; .NET4.0C; .NET CLR 1.1.4322)
B	Rb	2770	0.096	Mozilla/4.0 (compatible; MSIE 7.0; Windows NT 5.1; .NET CLR 1.1.4322; .NET CLR 2.0.50727; .NET CLR 3.0.04506.30; .NET CLR 3.0.4506.2152; .NET CLR 3.5.30729)
B	Rb	2749	0.535	Mozilla/4.0 (compatible; MSIE 7.0; Windows NT 5.1; InfoPath.2; .NET CLR 2.0.50727; .NET CLR)
B	Rb	2628	0.239	Mozilla/5.0 (Windows NT 6.1; WOW64; rv:21.0) Gecko/20100101 Firefox/21.0
B	Rb	2492	0.498	Mozilla/4.0 (compatible; MSIE 6.0; Windows NT 5.1; SV1; .NET CLR 1.1.4322; .NET CLR 2.0.50727)
B	Rb	2489	0.014	msnbot/2.0b ( http://search.msn.com/msnbot.htm)
B	Rb	2449	0.130	Mozilla/4.0 (compatible; MSIE 8.0; Windows NT 5.1; Trident/4.0; .NET CLR 2.0.50727; .NET CLR 3.0.4506.2152; .NET CLR 3.5.30729)
B	Rb	2416	0.523	Mozilla/4.0 (compatible; MSIE 6.0; Windows NT 5.1; SV1; Mozilla/4.0 (compatible; MSIE 6.0; Windows NT 5.1; SV1) ; .NET CLR 2.0.50727 ; .NET CLR 4.0.30319)
B	Rb	2407	0.507	Mozilla/4.0 (compatible; MSIE 6.0; Windows NT 5.1; SV1; Mozilla/4.0 (compatible; MSIE 6.0; Windows NT 5.1; SV1) ; .NET CLR 1.0.3705)
B	Rb	2358	0.105	Mozilla/4.0 (compatible; MSIE 7.0; Windows NT 5.1; Trident/4.0; .NET CLR 2.0.50727; .NET CLR 3.0.4506.2152; .NET CLR 3.5.30729; .NET4.0C)
B	Rb	2308	0.216	Mozilla/5.0 (compatible; MSIE 9.0; Windows NT 6.1; Trident/5.0)
B	Rb	2302	0.464	Mozilla/4.0 (compatible; MSIE 6.0; Windows NT 5.1; SV1; Mozilla/4.0 (compatible; MSIE 6.0; Windows NT 5.1; SV1) )
B	Rb	2269	0.031	Mozilla/5.0 (compatible; YandexImages/3.0;  http://yandex.com/bots)
B	Rb	2262	0.069	Mozilla/4.0 (compatible; MSIE 7.0; Windows NT 5.1; .NET CLR 2.0.50727; .NET CLR 3.0.4506.2152; .NET CLR 3.5.30729; .NET4.0C)
B	Rb	395389	68.236	[not listed: 14763]
b	*f	-15Q	s
b	lRQq	1	175165	52928869	35.589	Netscape
b	lRQq	2	3650	261515	0.176	Mozilla/21
b	lRQq	2	1590	600477	0.404	Mozilla/2
b	lRQq	2	1157	242137	0.163	Mozilla/10
b	lRQq	2	1652	184023	0.124	Mozilla/24
b	lRQq	2	33991	12522710	8.420	Mozilla/1
b	lRQq	2	997	135595	0.091	Mozilla/28
b	lRQq	2	537	174331	0.117	Mozilla/14
b	lRQq	2	1108	145276	0.098	Mozilla/26
b	lRQq	2	1868	280865	0.189	Mozilla/6
b	lRQq	2	1373	271180	0.182	Mozilla/5
b	lRQq	2	687	222755	0.150	Mozilla/16
b	lRQq	2	733	213070	0.143	Mozilla/15
b	lRQq	2	1311	203385	0.137	Mozilla/22
b	lRQq	2	816	184015	0.124	Mozilla/17
b	lRQq	2	541	174330	0.117	Mozilla/13
b	lRQq	2	1233	154960	0.104	Mozilla/31
b	lRQq	2	1093	145275	0.098	Mozilla/12
b	lRQq	2	799	145275	0.098	Mozilla/34
b	lRQq	2	1062	135590	0.091	Mozilla/11
b	lRQq	2	660	135590	0.091	Mozilla/27
b	lRQq	1	139749	4252142	2.859	Netscape (compatible)
b	lRQq	1	228941	75843278	50.996	MSIE
b	lRQq	2	94904	32783736	22.043	MSIE/7
b	lRQq	2	11418	1617408	1.088	MSIE/9
b	lRQq	2	36198	13249083	8.909	MSIE/8
b	lRQq	2	4196	958821	0.645	MSIE/5
b	lRQq	2	76461	25878325	17.400	MSIE/6
b	lRQq	2	3914	1162205	0.781	MSIE/10
b	lRQq	2	244	48425	0.033	MSIE/4
b	lRQq	2	203	38740	0.026	MSIE/3
b	lRQq	2	440	19370	0.013	MSIE/2
b	lRQq	2	4	9685	0.007	MSIE/11
b	lRQq	1	3656	590821	0.397	Java
b	lRQq	2	3656	590821	0.397	Java/1
b	lRQq	1	10313	3941798	2.650	Opera
b	lRQq	2	3020	222758	0.150	Opera/8
b	lRQq	2	4717	3283215	2.208	Opera/9
b	lRQq	2	1892	145275	0.098	Opera/7
b	lRQq	2	16	77480	0.052	Opera/10
b	lRQq	2	14	77480	0.052	Opera/11
b	lRQq	2	637	58110	0.039	Opera/6
b	lRQq	2	8	48425	0.033	Opera/12
b	lRQq	2	8	19370	0.013	Opera/5
b	lRQq	2	1	9685	0.007	Opera/3
b	lRQq	1	8630	716691	0.482	Netscape
b	lRQq	2	24	106536	0.072	Netscape/6
b	lRQq	2	1931	300235	0.202	Netscape/4
b	lRQq	2	5528	77480	0.052	Netscape/7
b	lRQq	2	195	48425	0.033	Netscape/3
b	lRQq	2	29	38740	0.026	Netscape/8
b	lRQq	2	506	19370	0.013	Netscape/0
b	lRQq	2	6	19370	0.013	Netscape/5
b	lRQq	2	2	9685	0.007	Netscape/Nutch-1
b	lRQq	2	1	9685	0.007	Netscape/10
b	lRQq	2	53	9685	0.007	Netscape/%2F4
b	lRQq	2	9	9685	0.007	Netscape/Firefox
b	lRQq	2	3	9685	0.007	Netscape/9
b	lRQq	1	284	532675	0.358	Konqueror
b	lRQq	2	233	493935	0.332	Konqueror/3
b	lRQq	2	50	29055	0.020	Konqueror/4
b	lRQq	2	1	9685	0.007	Konqueror/2
b	lRQq	1	279	474565	0.319	python-requests
b	lRQq	2	262	387400	0.260	python-requests/2
b	lRQq	2	11	67795	0.046	python-requests/1
b	lRQq	2	6	19370	0.013	python-requests/0
b	lRQq	1	133	261495	0.176	curl
b	lRQq	2	132	251810	0.169	curl/7
b	lRQq	1	2241	213070	0.143	libwww-perl
b	lRQq	2	455	154960	0.104	libwww-perl/5
b	lRQq	2	1786	58110	0.039	libwww-perl/6
b	lRQq	1	117	193700	0.130	NSPlayer
b	lRQq	2	78	87165	0.059	NSPlayer/11
b	lRQq	2	17	38740	0.026	NSPlayer/9
b	lRQq	2	16	38740	0.026	NSPlayer/10
b	lRQq	2	5	19370	0.013	NSPlayer/12
b	lRQq	2	1	9685	0.007	NSPlayer/8
b	lRQq	1	32	164645	0.111	Dalvik
b	lRQq	2	25	154960	0.104	Dalvik/1
b	lRQq	2	7	9685	0.007	Dalvik/2
b	lRQq	1	54	125905	0.085	Google
b	lRQq	2	50	106535	0.072	Google/2
b	lRQq	2	4	19370	0.013	Google/1
b	lRQq	1	125	125905	0.085	AppEngine-Google; ( http:
b	lRQq	2	125	125905	0.085	AppEngine-Google; ( http://code
b	lRQq	1	29	116220	0.078	PHP
b	lRQq	2	26	96850	0.065	PHP/5
b	lRQq	2	1	9685	0.007	PHP/4
b	lRQq	1	42895	8241999	5.542	[not listed: 603]
p	*f	0Q	s
p	lR	1	373332	Windows
p	lR	2	137693	Unknown Windows
p	lR	2	7259	Windows NT
p	lR	2	217024	Windows XP
p	lR	2	6560	Windows 2000
p	lR	2	1354	Windows 95
p	lR	2	222	Windows CE
p	lR	2	2071	Windows 98
p	lR	2	207	Windows 3.1
p	lR	2	942	Windows ME
p	lR	1	139810	OS unknown
p	lR	1	36242	Macintosh
p	lR	2	34908	Unknown Macintosh
p	lR	2	1156	Macintosh PowerPC
p	lR	2	178	Macintosh 68k
p	lR	1	43613	Known robots
p	lR	1	19624	Unix
p	lR	2	19354	Linux
p	lR	2	223	Other Unix
p	lR	2	15	SunOS
p	lR	2	31	BSD
p	lR	2	1	HP-UX
p	lR	1	16	WebTV
p	lR	1	1	BeOS
p	lR	1	1	OS/2
p	lR	1	4	Amiga
i	*f	0R	s
i	lRc	1	344737	52.611	[root directory]
i	lRc	1	165470	46.878	/images/
i	lRc	1	70577	0.269	/js/
i	lRc	1	37712	0.242	/css/
i	lRc	1	865	0.000	/videos/
i	lRc	1	541	0.000	/client/
i	lRc	1	155	0.000	/dev/
i	lRc	2	44	0.000	/dev/js/
i	lRc	2	23	0.000	/dev/css/
i	lRc	2	59	0.000	/dev/images/
i	lRc	1	1	0.000	/cgi-bin/
i	lRc	1	50	0.000	/stats/
r	*f	0.050000%S	s
r	lRSc	1	19790	47	75.416	/indnews.html
r	lRSc	2	1	0	0.000	/indnews.html?referer=www.clickfind.com.au//wp-content/themes/busybee/thumb.php?src=http://blogger.com.opontodaarte.com.br/java.php
r	lRSc	2	1	0	0.000	/indnews.html?referer=top1.co.pl
r	lRSc	1	7397	44	1.550	/faq.html
r	lRSc	1	13756	42	10.787	/compnews.html
r	lRSc	1	17301	39	1.219	/aboutus.html
r	lRSc	1	7509	35	0.808	/employment.html
r	lRSc	1	6183	33	0.598	/pna.html
r	lRSc	1	9908	32	0.664	/contactus.html
r	lRSc	1	8731	30	0.829	/indevents.html
r	lRSc	1	10190	27	1.147	/cct&m.html
r	lRSc	1	10333	26	0.835	/cfmt.html
r	lRSc	1	14924	26	1.256	/uasfc.html
r	lRSc	1	1291	24	0.758	/sru.html
r	lRSc	1	9721	22	0.754	/links.html
r	lRSc	1	11083	22	0.992	/consultinga.html
r	lRSc	1	1264	20	0.652	/gt380 rpas.html
r	lRSc	1	1860	17	0.546	/gt1500 rpas.html
r	lRSc	1	6715	16	0.426	/rd.html
r	lRSc	1	325	14	0.389	/gt50t rpas.html
r	lRSc	1	3319	5	0.178	/banditomav.html
r	lRSc	1	3289	4	0.128	/gtatexan.html
r	lRSc	1	3529	3	0.068	/uavengines.html
r	lRSc	1	24	0	0.000	/client/tacamo.html
r	lRSc	1	30	0	0.000	/client/mgqgcyat.asp
r	lRSc	1	1	0	0.000	/client/bandito timeline2007.html
r	lRSc	1	2	0	0.000	/client/bandit+timeline2004.html
r	lRSc	1	1	0	0.000	/stats/quick.html
r	lRSc	1	1	0	0.000	/404.htm
r	lRSc	1	1	0	0.000	/dev/client.cgi
r	lRSc	1	18702	0	0.000	/default.asp
r	lRSc	1	12	0	0.000	/client/gta010707002.html
r	lRSc	1	72	0	0.000	/client/bandito+development.html
r	lRSc	1	1	0	0.000	/client/bandito+timeline2006.html
r	lRSc	1	135	0	0.000	/client/welcome.html
r	lRSc	1	16	0	0.000	/client/rq3+bandito.html
r	lRSc	1	3	0	0.000	/client/gta021305001.html
r	lRSc	1	1	0	0.000	/dev/uasfc.html
r	lRSc	1	229	0	0.000	/client.cgi
r	lRSc	1	71	0	0.000	/client/bandit+development.html
r	lRSc	1	2	0	0.000	/client/bandito development.html
r	lRSc	1	1	0	0.000	/stats/browserrep.html
r	lRSc	1	2	0	0.000	/stats/yearly.html
r	lRSc	1	2	0	0.000	/stats/domain.html
r	lRSc	1	5	0	0.000	/client/gta012405001.html
r	lRSc	1	1	0	0.000	/stats/monthly.html
r	lRSc	1	2	0	0.000	/dev/contactus.html
r	lRSc	1	2	0	0.000	/stats/general.html
r	lRSc	1	1	0	0.000	/dev/aboutus.html
r	lRSc	1	18	0	0.000	/client/tacamo+development.html
r	lRSc	1	1	0	0.000	/client/bandit development.html
r	lRSc	1	1	0	0.000	/stats/weekly.html
r	lRSc	1	8	0	0.000	/client/gta010707001.html
r	lRSc	1	17	0	0.000	/client/bandit+timeline2008.html
r	lRSc	1	1	0	0.000	/client/bandito+timeline2005.html
r	lRSc	1	3749	0	0.000	/bidspridpass.html
r	lRSc	1	6356	0	0.000	/pridpass.html
r	lRSc	1	12	0	0.000	/client/bandito.html
r	lRSc	1	1	0	0.000	/dev/pna.html
r	lRSc	1	1	0	0.000	/client/tacamo development.html
r	lRSc	1	23	0	0.000	/client/projectbids.html
r	lRSc	1	1	0	0.000	/stats/host.html
r	lRSc	1	2	0	0.000	/stats/index.htm
r	lRSc	1	2	0	0.000	/stats/nav.html
r	lRSc	1	1	0	0.000	/stats/quarterly.html
r	lRSc	1	11	0	0.000	/client/rq2+outlaw.html
r	lRSc	1	1	0	0.000	/client/bandit timeline2008.html
r	lRSc	1	20	0	0.000	/client/clientpna.html
r	lRSc	1	3372	0	0.000	/bandituas.html
r	lRSc	1	15	0	0.000	/client/bandit.html
r	lRSc	1	2	0	0.000	/stats/default.asp
r	lRSc	1	2	0	0.000	/stats/directory.html
r	lRSc	1	21	0	0.000	/index.htm
r	lRSc	1	2	0	0.000	/stats/organisation.html
r	lRSc	1	1	0	0.000	/cgi-bin/testms.pl
r	lRSc	1	936	0	0.000	/gtamt.html
r	lRSc	1	14	0	0.000	/client/rq1+bandit.html
r	lRSc	1	8	0	0.000	/client/bandito+timeline2007.html
r	lRSc	1	6	0	0.000	/client/gta021305002.html
r	lRSc	1	7	0	0.000	/client/bandit+timeline2007.html
r	lRSc	1	4	0	0.000	/client/gta121004001.html
r	lRSc	1	1	0	0.000	/dev/pridpass.html
t	*f	0.100000%B	b
t	lRb	1	183366	51.237	.html [Hypertext Markup Language]
t	lRb	1	137125	19.758	[directories]
t	lRb	1	116739	10.987	.jpg  [JPEG graphics]
t	lRb	1	778	6.785	.wmv
t	lRb	1	87	6.661	.mpg  [MPEG movie]
t	lRb	1	18734	2.866	.asp  [Active Server REQUESTS]
t	lRb	1	48802	0.703	.gif  [GIF graphics]
t	lRb	1	70621	0.486	.js  [JavaScript code]
t	lRb	1	37731	0.432	.css  [Cascading Style Sheets]
t	lRb	1	6125	0.085	[not listed: 6]
z	*FR	2009	06	30	04	42
z	*LR	2017	01	29	05	06
z	ScR	30	0.000	44428	0
z	ScR	0	0.000	0	1b-  10b
z	ScR	0	0.000	0	11b- 100b
z	ScR	129	0.035	67065	101b-  1kb
z	ScR	816	4.590	298809	1kb- 10kb
z	ScR	586	31.161	190180	10kb-100kb
z	ScR	199	64.214	19333	100kb-  1Mb
z	ScR	0	0.000	250	1Mb- 10Mb
z	ScR	0	0.000	43	10Mb-100Mb
c	*f	0R	a
c	R	551261	200 OK
c	R	3486	206 Partial content
c	R	101	301 Document moved permanently
c	R	77	302 Document found elsewhere
c	R	65361	304 Not modified since last retrieval
c	R	1	400 Bad request
c	R	206	401 Authentication required
c	R	135	403 Access forbidden
c	R	294197	404 Document not found
c	R	151	405 Method not allowed
c	R	323	406 Document not acceptable to client
c	R	5	416 Requested range not valid
c	R	595	500 Internal server error
c	R	116	501 Request type not supported
I	*FR	2007	12	11	00	52
I	*LR	2017	01	29	04	57
I	*f	-30S	s
I	lRS	1	61726	245	/robots.txt
I	lRS	1	1825	47	/wp-login.php
I	lRS	1	548	10	/xmlrpc.php
I	lRS	1	294	8	/sitemap.xml
I	lRS	1	325	7	/wp/
I	lRS	1	339	7	/wordpress/
I	lRS	1	326	7	/blog/robots.txt
I	lRS	1	353	7	/blog/
I	lRS	1	747	4	/videos/bandito 004 flt 8 clip 092508.wmv
I	lRS	1	214	3	/
I	lRS	1	89	2	/bwdg
I	lRS	1	2	2	/images/tacamo+flt3+1.jpg
I	lRS	1	3	2	/images/tacamo+001+airborne.jpg
I	lRS	1	187	2	/administrator/
I	lRS	1	3	2	/images/mpglc+test+fire.jpg
I	lRS	1	3	2	/images/xxu.php
I	lRS	1	2	2	/images/gta+setup+1s.jpg
I	lRS	1	2	2	/images/tacamo+031916-001.jpg
I	lRS	1	2	2	/images/gta+setup+3s.jpg
I	lRS	1	40	2	/gt1500+rpas.html
I	lRS	1	2	2	/images/uas+public+forum+twr+082516s.jpg
I	lRS	1	27	1	/images/rq3b 005 006a.jpg
I	lRS	1	143	1	/edx
I	lRS	1	132	1	/eug
I	lRS	1	18	1	/administrator
I	lRS	1	65	1	/bwdj
I	lRS	1	26	1	/images/at-6 kit contents 2 small.jpg
I	lRS	1	241	1	/wp-admin/
I	lRS	1	190	1	/vex
I	lRS	1	79	1	/vfs
I	lRS	1	227776	38	[not listed: 13264]
L	*FR	2007	12	11	00	52
L	*LR	2017	01	29	04	57
L	*f	-20S	s
L	RS	180	36	178.137.83.166
L	RS	26	20	37.16.72.209
L	RS	23	19	157.55.39.128
L	RS	154	17	85.25.210.234
L	RS	52	16	85.25.210.41
L	RS	127	15	62.138.0.25
L	RS	17	11	207.46.13.156
L	RS	29	11	77.88.47.101
L	RS	51	7	66.249.69.239
L	RS	15	7	40.77.167.29
L	RS	281	7	106.38.241.144
L	RS	14	6	68.180.228.247
L	RS	54	6	178.137.83.79
L	RS	53	5	66.249.69.243
L	RS	70	5	138.201.30.66
L	RS	96	4	46.229.164.101
L	RS	110	4	46.229.164.99
L	RS	9	4	207.46.13.62
L	RS	6	4	66.249.75.50
L	RS	3	3	83.166.240.180
L	RS	294359	207	[not listed: 58185]
K	*FR	2013	12	22	04	20
K	*LR	2017	01	28	04	23
K	*f	-30S	s
K	lRS	1	14913	4	http://www.gtaeronautics.com/
K	lRS	1	399	3	http://gtaeronautics.com/
K	lRS	1	18	3	http://www.gtaeronautics.com/gtaTexan.html
K	lRS	1	8	2	http://www.gtaeronautics.com/BANDITOMAV.html
K	lRS	1	245	2	http://gtaeronautics.com/robots.txt
K	lRS	1	500	2	http://www.gtaeronautics.com/robots.txt
K	lRS	1	7685	0	[not listed: 1304]
E	*FR	2008	01	06	10	12
E	*LR	2015	07	14	08	43
E	*f	-30S	s
E	lSR	1	0	178	[not listed: 6]
l	*FR	2008	01	06	10	12
l	*LR	2015	07	14	08	43
l	*f	-20S	s
l	SR	0	178	[not listed: 97]
v	*f	-20B	b
v	Rb	620108	100.000	66.113.131.59
R	*FR	2008	01	06	10	12
R	*LR	2015	07	14	08	43
R	*f	-20R	r
R	R	178	66.113.131.59
M	*FR	2007	12	11	00	52
M	*LR	2017	01	29	04	57
M	*f	-20R	r
M	R	295729	66.113.131.59
J	*FR	2007	12	11	00	53
J	*LR	2007	12	18	17	06
J	*f	-20R	r
J	R	9	gtaeronautics
J	R	5	lorrigkj
J	R	1	rullma2063
J	R	1	administrator
J	R	1	satish
