x	VE	analog 5.24
x	HN	gtaeronautics.com
x	PS	2025	02	24	01	54
x	FR	2007	12	18	17	05
x	LR	2025	02	23	05	39
x	E7	2025	02	24	01	54
x	SR	2557600
x	S7	9285
x	NC	798105
x	C7	0
x	FL	1196068
x	F7	1626
x	RR	295
x	R7	0
x	NH	123081
x	H7	470
x	BT	57520368399
x	B7	0
1	Rr	117027	4.576	2025
1	Rr	836367	32.701	2024
1	Rr	511208	19.988	2023
1	Rr	82334	3.219	2022
1	Rr	98917	3.868	2021
1	Rr	89380	3.495	2020
1	Rr	80088	3.131	2019
1	Rr	68927	2.695	2018
1	Rr	60168	2.353	2017
1	Rr	73316	2.867	2016
1	Rr	80796	3.159	2015
1	Rr	110773	4.331	2014
1	Rr	65173	2.548	2013
1	Rr	60742	2.375	2012
1	Rr	57015	2.229	2011
1	Rr	22139	0.866	2010
1	Rr	69710	2.726	2009
1	Rr	71820	2.808	2008
1	Rr	1700	0.066	2007
1	*BT	R	836367	2024
Q	Rr	117027	4.576	2025	1
Q	Rr	202145	7.904	2024	4
Q	Rr	220334	8.615	2024	3
Q	Rr	204456	7.994	2024	2
Q	Rr	209432	8.189	2024	1
Q	Rr	182268	7.127	2023	4
Q	Rr	165939	6.488	2023	3
Q	Rr	135306	5.290	2023	2
Q	Rr	27695	1.083	2023	1
Q	Rr	20307	0.794	2022	4
Q	Rr	20362	0.796	2022	3
Q	Rr	21795	0.852	2022	2
Q	Rr	19870	0.777	2022	1
Q	Rr	21154	0.827	2021	4
Q	Rr	26826	1.049	2021	3
Q	Rr	30675	1.199	2021	2
Q	Rr	20262	0.792	2021	1
Q	Rr	22199	0.868	2020	4
Q	Rr	23882	0.934	2020	3
Q	Rr	21656	0.847	2020	2
Q	Rr	21643	0.846	2020	1
Q	Rr	19098	0.747	2019	4
Q	Rr	19668	0.769	2019	3
Q	Rr	19827	0.775	2019	2
Q	Rr	21495	0.840	2019	1
Q	Rr	18129	0.709	2018	4
Q	Rr	17138	0.670	2018	3
Q	Rr	16928	0.662	2018	2
Q	Rr	16732	0.654	2018	1
Q	Rr	15937	0.623	2017	4
Q	Rr	0	0.000	2017	3
Q	Rr	16831	0.658	2017	2
Q	Rr	27400	1.071	2017	1
Q	Rr	22114	0.865	2016	4
Q	Rr	17621	0.689	2016	3
Q	Rr	15878	0.621	2016	2
Q	Rr	17703	0.692	2016	1
Q	Rr	16575	0.648	2015	4
Q	Rr	22104	0.864	2015	3
Q	Rr	22485	0.879	2015	2
Q	Rr	19632	0.768	2015	1
Q	Rr	21142	0.827	2014	4
Q	Rr	22272	0.871	2014	3
Q	Rr	31453	1.230	2014	2
Q	Rr	35906	1.404	2014	1
Q	Rr	16436	0.643	2013	4
Q	Rr	15216	0.595	2013	3
Q	Rr	16545	0.647	2013	2
Q	Rr	16976	0.664	2013	1
Q	Rr	16578	0.648	2012	4
Q	Rr	12511	0.489	2012	3
Q	Rr	15816	0.618	2012	2
Q	Rr	15837	0.619	2012	1
Q	Rr	15444	0.604	2011	4
Q	Rr	17386	0.680	2011	3
Q	Rr	9395	0.367	2011	2
Q	Rr	14790	0.578	2011	1
Q	Rr	1603	0.063	2010	4
Q	Rr	0	0.000	2010	3
Q	Rr	14047	0.549	2010	2
Q	Rr	6489	0.254	2010	1
Q	Rr	16350	0.639	2009	4
Q	Rr	18220	0.712	2009	3
Q	Rr	17115	0.669	2009	2
Q	Rr	18025	0.705	2009	1
Q	Rr	15905	0.622	2008	4
Q	Rr	15660	0.612	2008	3
Q	Rr	22448	0.878	2008	2
Q	Rr	17807	0.696	2008	1
Q	Rr	1700	0.066	2007	4
Q	*BT	R	220334	2024	3
m	Rr	39651	1.550	2025	02
m	Rr	77376	3.025	2025	01
m	Rr	57890	2.263	2024	12
m	Rr	63975	2.501	2024	11
m	Rr	80280	3.139	2024	10
m	Rr	73644	2.879	2024	09
m	Rr	72041	2.817	2024	08
m	Rr	74649	2.919	2024	07
m	Rr	69378	2.713	2024	06
m	Rr	72365	2.829	2024	05
m	Rr	62713	2.452	2024	04
m	Rr	66782	2.611	2024	03
m	Rr	68592	2.682	2024	02
m	Rr	74058	2.896	2024	01
m	Rr	54270	2.122	2023	12
m	Rr	61278	2.396	2023	11
m	Rr	66720	2.609	2023	10
m	Rr	51132	1.999	2023	09
m	Rr	54561	2.133	2023	08
m	Rr	60246	2.356	2023	07
m	Rr	66204	2.589	2023	06
m	Rr	60120	2.351	2023	05
m	Rr	8982	0.351	2023	04
m	Rr	10848	0.424	2023	03
m	Rr	8360	0.327	2023	02
m	Rr	8487	0.332	2023	01
m	Rr	6950	0.272	2022	12
m	Rr	6349	0.248	2022	11
m	Rr	7008	0.274	2022	10
m	Rr	6740	0.264	2022	09
m	Rr	6863	0.268	2022	08
m	Rr	6759	0.264	2022	07
m	Rr	6567	0.257	2022	06
m	Rr	8427	0.329	2022	05
m	Rr	6801	0.266	2022	04
m	Rr	6380	0.249	2022	03
m	Rr	6175	0.241	2022	02
m	Rr	7315	0.286	2022	01
m	Rr	7667	0.300	2021	12
m	Rr	7097	0.277	2021	11
m	Rr	6390	0.250	2021	10
m	Rr	6059	0.237	2021	09
m	Rr	9092	0.355	2021	08
m	Rr	11675	0.456	2021	07
m	Rr	10152	0.397	2021	06
m	Rr	10231	0.400	2021	05
m	Rr	10292	0.402	2021	04
m	Rr	7948	0.311	2021	03
m	Rr	5800	0.227	2021	02
m	Rr	6514	0.255	2021	01
m	Rr	8069	0.315	2020	12
m	Rr	6579	0.257	2020	11
m	Rr	7551	0.295	2020	10
m	Rr	8028	0.314	2020	09
m	Rr	7741	0.303	2020	08
m	Rr	8113	0.317	2020	07
m	Rr	7317	0.286	2020	06
m	Rr	6898	0.270	2020	05
m	Rr	7441	0.291	2020	04
m	Rr	7524	0.294	2020	03
m	Rr	7322	0.286	2020	02
m	Rr	6797	0.266	2020	01
m	Rr	6573	0.257	2019	12
m	Rr	5917	0.231	2019	11
m	Rr	6608	0.258	2019	10
m	Rr	6791	0.266	2019	09
m	Rr	6597	0.258	2019	08
m	Rr	6280	0.246	2019	07
m	Rr	6317	0.247	2019	06
m	Rr	6847	0.268	2019	05
m	Rr	6663	0.261	2019	04
m	Rr	7059	0.276	2019	03
m	Rr	6374	0.249	2019	02
m	Rr	8062	0.315	2019	01
m	Rr	6957	0.272	2018	12
m	Rr	5422	0.212	2018	11
m	Rr	5750	0.225	2018	10
m	Rr	5458	0.213	2018	09
m	Rr	5735	0.224	2018	08
m	Rr	5945	0.232	2018	07
m	Rr	7110	0.278	2018	06
m	Rr	6440	0.252	2018	05
m	Rr	3378	0.132	2018	04
m	Rr	5789	0.226	2018	03
m	Rr	5369	0.210	2018	02
m	Rr	5574	0.218	2018	01
m	Rr	3906	0.153	2017	12
m	Rr	6533	0.255	2017	11
m	Rr	5498	0.215	2017	10
m	Rr	0	0.000	2017	09
m	Rr	0	0.000	2017	08
m	Rr	0	0.000	2017	07
m	Rr	0	0.000	2017	06
m	Rr	6832	0.267	2017	05
m	Rr	9999	0.391	2017	04
m	Rr	11887	0.465	2017	03
m	Rr	7941	0.310	2017	02
m	Rr	7572	0.296	2017	01
m	Rr	9483	0.371	2016	12
m	Rr	7121	0.278	2016	11
m	Rr	5510	0.215	2016	10
m	Rr	6288	0.246	2016	09
m	Rr	5888	0.230	2016	08
m	Rr	5445	0.213	2016	07
m	Rr	5042	0.197	2016	06
m	Rr	5495	0.215	2016	05
m	Rr	5341	0.209	2016	04
m	Rr	5558	0.217	2016	03
m	Rr	5548	0.217	2016	02
m	Rr	6597	0.258	2016	01
m	Rr	5574	0.218	2015	12
m	Rr	5330	0.208	2015	11
m	Rr	5671	0.222	2015	10
m	Rr	6196	0.242	2015	09
m	Rr	6788	0.265	2015	08
m	Rr	9120	0.357	2015	07
m	Rr	7156	0.280	2015	06
m	Rr	5694	0.223	2015	05
m	Rr	9635	0.377	2015	04
m	Rr	6215	0.243	2015	03
m	Rr	6084	0.238	2015	02
m	Rr	7333	0.287	2015	01
m	Rr	6608	0.258	2014	12
m	Rr	6997	0.274	2014	11
m	Rr	7537	0.295	2014	10
m	Rr	7043	0.275	2014	09
m	Rr	7324	0.286	2014	08
m	Rr	7905	0.309	2014	07
m	Rr	11654	0.456	2014	06
m	Rr	9211	0.360	2014	05
m	Rr	10588	0.414	2014	04
m	Rr	7817	0.306	2014	03
m	Rr	15229	0.595	2014	02
m	Rr	12860	0.503	2014	01
m	Rr	5325	0.208	2013	12
m	Rr	5513	0.216	2013	11
m	Rr	5598	0.219	2013	10
m	Rr	4655	0.182	2013	09
m	Rr	4938	0.193	2013	08
m	Rr	5623	0.220	2013	07
m	Rr	5492	0.215	2013	06
m	Rr	5211	0.204	2013	05
m	Rr	5842	0.228	2013	04
m	Rr	6068	0.237	2013	03
m	Rr	5055	0.198	2013	02
m	Rr	5853	0.229	2013	01
m	Rr	5688	0.222	2012	12
m	Rr	5477	0.214	2012	11
m	Rr	5413	0.212	2012	10
m	Rr	4331	0.169	2012	09
m	Rr	3866	0.151	2012	08
m	Rr	4314	0.169	2012	07
m	Rr	4655	0.182	2012	06
m	Rr	6047	0.236	2012	05
m	Rr	5114	0.200	2012	04
m	Rr	6128	0.240	2012	03
m	Rr	5430	0.212	2012	02
m	Rr	4279	0.167	2012	01
m	Rr	5548	0.217	2011	12
m	Rr	4779	0.187	2011	11
m	Rr	5117	0.200	2011	10
m	Rr	5431	0.212	2011	09
m	Rr	6256	0.245	2011	08
m	Rr	5699	0.223	2011	07
m	Rr	5420	0.212	2011	06
m	Rr	3975	0.155	2011	05
m	Rr	0	0.000	2011	04
m	Rr	3608	0.141	2011	03
m	Rr	5171	0.202	2011	02
m	Rr	6011	0.235	2011	01
m	Rr	1603	0.063	2010	12
m	Rr	0	0.000	2010	11
m	Rr	0	0.000	2010	10
m	Rr	0	0.000	2010	09
m	Rr	0	0.000	2010	08
m	Rr	0	0.000	2010	07
m	Rr	4101	0.160	2010	06
m	Rr	5018	0.196	2010	05
m	Rr	4928	0.193	2010	04
m	Rr	5095	0.199	2010	03
m	Rr	1394	0.055	2010	02
m	Rr	0	0.000	2010	01
m	Rr	4665	0.182	2009	12
m	Rr	6187	0.242	2009	11
m	Rr	5498	0.215	2009	10
m	Rr	5066	0.198	2009	09
m	Rr	5718	0.224	2009	08
m	Rr	7436	0.291	2009	07
m	Rr	5685	0.222	2009	06
m	Rr	6120	0.239	2009	05
m	Rr	5310	0.208	2009	04
m	Rr	5515	0.216	2009	03
m	Rr	6123	0.239	2009	02
m	Rr	6387	0.250	2009	01
m	Rr	5763	0.225	2008	12
m	Rr	5420	0.212	2008	11
m	Rr	4722	0.185	2008	10
m	Rr	5435	0.213	2008	09
m	Rr	4843	0.189	2008	08
m	Rr	5382	0.210	2008	07
m	Rr	6082	0.238	2008	06
m	Rr	9946	0.389	2008	05
m	Rr	6420	0.251	2008	04
m	Rr	5431	0.212	2008	03
m	Rr	6469	0.253	2008	02
m	Rr	5907	0.231	2008	01
m	Rr	1700	0.066	2007	12
m	*BT	R	80280	2024	10
W	Rr	24	0.001	2025	02	23
W	Rr	11497	0.450	2025	02	16
W	Rr	10610	0.415	2025	02	09
W	Rr	16170	0.632	2025	02	02
W	Rr	18018	0.704	2025	01	26
W	Rr	18210	0.712	2025	01	19
W	Rr	18726	0.732	2025	01	12
W	Rr	16789	0.656	2025	01	05
W	Rr	12005	0.469	2024	12	29
W	Rr	11414	0.446	2024	12	22
W	Rr	15924	0.623	2024	12	15
W	Rr	12318	0.482	2024	12	08
W	Rr	13212	0.517	2024	12	01
W	Rr	14492	0.567	2024	11	24
W	Rr	14773	0.578	2024	11	17
W	Rr	15900	0.622	2024	11	10
W	Rr	15042	0.588	2024	11	03
W	Rr	14430	0.564	2024	10	27
W	Rr	20382	0.797	2024	10	20
W	Rr	20310	0.794	2024	10	13
W	Rr	17544	0.686	2024	10	06
W	Rr	16788	0.656	2024	09	29
W	Rr	16014	0.626	2024	09	22
W	Rr	17958	0.702	2024	09	15
W	Rr	18306	0.716	2024	09	08
W	Rr	15960	0.624	2024	09	01
W	Rr	18348	0.717	2024	08	25
W	Rr	15726	0.615	2024	08	18
W	Rr	14490	0.567	2024	08	11
W	Rr	15707	0.614	2024	08	04
W	Rr	17598	0.688	2024	07	28
W	Rr	15120	0.591	2024	07	21
W	Rr	14667	0.573	2024	07	14
W	Rr	18810	0.735	2024	07	07
W	Rr	18384	0.719	2024	06	30
W	Rr	16152	0.632	2024	06	23
W	Rr	16674	0.652	2024	06	16
W	Rr	13122	0.513	2024	06	09
W	Rr	18264	0.714	2024	06	02
W	Rr	17766	0.695	2024	05	26
W	Rr	14970	0.585	2024	05	19
W	Rr	14346	0.561	2024	05	12
W	Rr	17520	0.685	2024	05	05
W	Rr	17624	0.689	2024	04	28
W	Rr	15605	0.610	2024	04	21
W	Rr	14394	0.563	2024	04	14
W	Rr	13500	0.528	2024	04	07
W	Rr	13599	0.532	2024	03	31
W	Rr	16024	0.627	2024	03	24
W	Rr	14040	0.549	2024	03	17
W	Rr	16854	0.659	2024	03	10
W	Rr	15624	0.611	2024	03	03
W	Rr	17778	0.695	2024	02	25
W	Rr	13428	0.525	2024	02	18
W	Rr	16572	0.648	2024	02	11
W	Rr	17070	0.667	2024	02	04
W	Rr	26220	1.025	2024	01	28
W	Rr	14730	0.576	2024	01	21
W	Rr	13098	0.512	2024	01	14
W	Rr	15324	0.599	2024	01	07
W	Rr	12552	0.491	2023	12	31
W	Rr	11406	0.446	2023	12	24
W	Rr	11184	0.437	2023	12	17
W	Rr	13956	0.546	2023	12	10
W	Rr	13644	0.533	2023	12	03
W	Rr	12390	0.484	2023	11	26
W	Rr	11682	0.457	2023	11	19
W	Rr	15756	0.616	2023	11	12
W	Rr	16596	0.649	2023	11	05
W	Rr	16104	0.630	2023	10	29
W	Rr	13980	0.547	2023	10	22
W	Rr	15450	0.604	2023	10	15
W	Rr	14713	0.575	2023	10	08
W	Rr	14285	0.559	2023	10	01
W	Rr	14478	0.566	2023	09	24
W	Rr	11904	0.465	2023	09	17
W	Rr	10968	0.429	2023	09	10
W	Rr	10482	0.410	2023	09	03
W	Rr	10800	0.422	2023	08	27
W	Rr	14568	0.570	2023	08	20
W	Rr	12504	0.489	2023	08	13
W	Rr	12076	0.472	2023	08	06
W	Rr	10997	0.430	2023	07	30
W	Rr	13392	0.524	2023	07	23
W	Rr	13224	0.517	2023	07	16
W	Rr	16128	0.631	2023	07	09
W	Rr	13356	0.522	2023	07	02
W	Rr	12558	0.491	2023	06	25
W	Rr	17082	0.668	2023	06	18
W	Rr	16452	0.643	2023	06	11
W	Rr	15336	0.600	2023	06	04
W	Rr	13482	0.527	2023	05	28
W	Rr	16248	0.635	2023	05	21
W	Rr	15078	0.590	2023	05	14
W	Rr	17181	0.672	2023	05	07
W	Rr	4282	0.167	2023	04	30
W	Rr	2458	0.096	2023	04	23
W	Rr	2269	0.089	2023	04	16
W	Rr	1553	0.061	2023	04	09
W	Rr	2389	0.093	2023	04	02
W	Rr	1701	0.067	2023	03	26
W	Rr	1943	0.076	2023	03	19
W	Rr	2225	0.087	2023	03	12
W	Rr	2192	0.086	2023	03	05
W	Rr	4055	0.159	2023	02	26
W	Rr	2406	0.094	2023	02	19
W	Rr	1898	0.074	2023	02	12
W	Rr	1890	0.074	2023	02	05
W	Rr	1861	0.073	2023	01	29
W	Rr	1686	0.066	2023	01	22
W	Rr	1779	0.070	2023	01	15
W	Rr	1833	0.072	2023	01	08
W	Rr	2226	0.087	2023	01	01
W	Rr	1280	0.050	2022	12	25
W	Rr	1806	0.071	2022	12	18
W	Rr	1773	0.069	2022	12	11
W	Rr	1532	0.060	2022	12	04
W	Rr	1586	0.062	2022	11	27
W	Rr	1093	0.043	2022	11	20
W	Rr	1366	0.053	2022	11	13
W	Rr	1972	0.077	2022	11	06
W	Rr	1396	0.055	2022	10	30
W	Rr	1547	0.060	2022	10	23
W	Rr	1641	0.064	2022	10	16
W	Rr	1747	0.068	2022	10	09
W	Rr	1568	0.061	2022	10	02
W	Rr	1379	0.054	2022	09	25
W	Rr	1695	0.066	2022	09	18
W	Rr	1701	0.067	2022	09	11
W	Rr	1568	0.061	2022	09	04
W	Rr	1562	0.061	2022	08	28
W	Rr	1488	0.058	2022	08	21
W	Rr	1646	0.064	2022	08	14
W	Rr	1430	0.056	2022	08	07
W	Rr	1446	0.057	2022	07	31
W	Rr	1383	0.054	2022	07	24
W	Rr	1661	0.065	2022	07	17
W	Rr	1478	0.058	2022	07	10
W	Rr	1711	0.067	2022	07	03
W	Rr	1804	0.071	2022	06	26
W	Rr	1298	0.051	2022	06	19
W	Rr	1407	0.055	2022	06	12
W	Rr	1396	0.055	2022	06	05
W	Rr	1638	0.064	2022	05	29
W	Rr	1724	0.067	2022	05	22
W	Rr	2427	0.095	2022	05	15
W	Rr	2100	0.082	2022	05	08
W	Rr	1414	0.055	2022	05	01
W	Rr	1865	0.073	2022	04	24
W	Rr	1381	0.054	2022	04	17
W	Rr	1630	0.064	2022	04	10
W	Rr	1670	0.065	2022	04	03
W	Rr	1588	0.062	2022	03	27
W	Rr	1204	0.047	2022	03	20
W	Rr	1350	0.053	2022	03	13
W	Rr	1488	0.058	2022	03	06
W	Rr	1368	0.053	2022	02	27
W	Rr	1481	0.058	2022	02	20
W	Rr	1657	0.065	2022	02	13
W	Rr	1518	0.059	2022	02	06
W	Rr	1787	0.070	2022	01	30
W	Rr	2021	0.079	2022	01	23
W	Rr	1429	0.056	2022	01	16
W	Rr	1693	0.066	2022	01	09
W	Rr	1541	0.060	2022	01	02
W	Rr	1311	0.051	2021	12	26
W	Rr	1839	0.072	2021	12	19
W	Rr	1732	0.068	2021	12	12
W	Rr	2001	0.078	2021	12	05
W	Rr	1641	0.064	2021	11	28
W	Rr	1615	0.063	2021	11	21
W	Rr	1673	0.065	2021	11	14
W	Rr	1625	0.064	2021	11	07
W	Rr	1523	0.060	2021	10	31
W	Rr	1562	0.061	2021	10	24
W	Rr	1474	0.058	2021	10	17
W	Rr	1349	0.053	2021	10	10
W	Rr	1615	0.063	2021	10	03
W	Rr	1598	0.062	2021	09	26
W	Rr	1646	0.064	2021	09	19
W	Rr	1203	0.047	2021	09	12
W	Rr	1106	0.043	2021	09	05
W	Rr	1383	0.054	2021	08	29
W	Rr	1685	0.066	2021	08	22
W	Rr	2071	0.081	2021	08	15
W	Rr	2279	0.089	2021	08	08
W	Rr	2374	0.093	2021	08	01
W	Rr	2543	0.099	2021	07	25
W	Rr	2843	0.111	2021	07	18
W	Rr	2777	0.109	2021	07	11
W	Rr	2756	0.108	2021	07	04
W	Rr	2524	0.099	2021	06	27
W	Rr	2466	0.096	2021	06	20
W	Rr	2262	0.088	2021	06	13
W	Rr	2264	0.089	2021	06	06
W	Rr	2101	0.082	2021	05	30
W	Rr	3009	0.118	2021	05	23
W	Rr	1989	0.078	2021	05	16
W	Rr	2386	0.093	2021	05	09
W	Rr	2138	0.084	2021	05	02
W	Rr	1668	0.065	2021	04	25
W	Rr	2413	0.094	2021	04	18
W	Rr	3035	0.119	2021	04	11
W	Rr	2709	0.106	2021	04	04
W	Rr	1942	0.076	2021	03	28
W	Rr	1666	0.065	2021	03	21
W	Rr	1476	0.058	2021	03	14
W	Rr	1713	0.067	2021	03	07
W	Rr	1777	0.069	2021	02	28
W	Rr	1173	0.046	2021	02	21
W	Rr	1101	0.043	2021	02	14
W	Rr	1699	0.066	2021	02	07
W	Rr	1867	0.073	2021	01	31
W	Rr	1404	0.055	2021	01	24
W	Rr	1564	0.061	2021	01	17
W	Rr	1431	0.056	2021	01	10
W	Rr	1666	0.065	2021	01	03
W	Rr	1926	0.075	2020	12	27
W	Rr	1572	0.061	2020	12	20
W	Rr	1404	0.055	2020	12	13
W	Rr	2272	0.089	2020	12	06
W	Rr	1522	0.060	2020	11	29
W	Rr	1722	0.067	2020	11	22
W	Rr	1580	0.062	2020	11	15
W	Rr	1401	0.055	2020	11	08
W	Rr	1499	0.059	2020	11	01
W	Rr	1470	0.057	2020	10	25
W	Rr	2379	0.093	2020	10	18
W	Rr	1559	0.061	2020	10	11
W	Rr	1729	0.068	2020	10	04
W	Rr	1674	0.065	2020	09	27
W	Rr	1786	0.070	2020	09	20
W	Rr	2200	0.086	2020	09	13
W	Rr	1677	0.066	2020	09	06
W	Rr	1596	0.062	2020	08	30
W	Rr	1833	0.072	2020	08	23
W	Rr	1814	0.071	2020	08	16
W	Rr	2206	0.086	2020	08	09
W	Rr	1397	0.055	2020	08	02
W	Rr	1816	0.071	2020	07	26
W	Rr	1949	0.076	2020	07	19
W	Rr	1532	0.060	2020	07	12
W	Rr	1976	0.077	2020	07	05
W	Rr	1600	0.063	2020	06	28
W	Rr	1627	0.064	2020	06	21
W	Rr	2101	0.082	2020	06	14
W	Rr	1590	0.062	2020	06	07
W	Rr	1492	0.058	2020	05	31
W	Rr	1556	0.061	2020	05	24
W	Rr	1756	0.069	2020	05	17
W	Rr	1568	0.061	2020	05	10
W	Rr	1567	0.061	2020	05	03
W	Rr	1734	0.068	2020	04	26
W	Rr	1675	0.065	2020	04	19
W	Rr	1702	0.067	2020	04	12
W	Rr	1965	0.077	2020	04	05
W	Rr	1329	0.052	2020	03	29
W	Rr	1818	0.071	2020	03	22
W	Rr	1345	0.053	2020	03	15
W	Rr	1581	0.062	2020	03	08
W	Rr	2014	0.079	2020	03	01
W	Rr	1942	0.076	2020	02	23
W	Rr	1748	0.068	2020	02	16
W	Rr	1949	0.076	2020	02	09
W	Rr	1683	0.066	2020	02	02
W	Rr	1436	0.056	2020	01	26
W	Rr	1792	0.070	2020	01	19
W	Rr	1519	0.059	2020	01	12
W	Rr	1420	0.056	2020	01	05
W	Rr	1109	0.043	2019	12	29
W	Rr	1023	0.040	2019	12	22
W	Rr	1584	0.062	2019	12	15
W	Rr	1783	0.070	2019	12	08
W	Rr	1704	0.067	2019	12	01
W	Rr	1178	0.046	2019	11	24
W	Rr	1697	0.066	2019	11	17
W	Rr	1510	0.059	2019	11	10
W	Rr	1383	0.054	2019	11	03
W	Rr	1309	0.051	2019	10	27
W	Rr	1473	0.058	2019	10	20
W	Rr	1519	0.059	2019	10	13
W	Rr	1485	0.058	2019	10	06
W	Rr	1416	0.055	2019	09	29
W	Rr	1499	0.059	2019	09	22
W	Rr	1652	0.065	2019	09	15
W	Rr	1710	0.067	2019	09	08
W	Rr	1485	0.058	2019	09	01
W	Rr	1689	0.066	2019	08	25
W	Rr	1315	0.051	2019	08	18
W	Rr	1619	0.063	2019	08	11
W	Rr	1558	0.061	2019	08	04
W	Rr	1360	0.053	2019	07	28
W	Rr	1191	0.047	2019	07	21
W	Rr	1730	0.068	2019	07	14
W	Rr	1299	0.051	2019	07	07
W	Rr	1339	0.052	2019	06	30
W	Rr	1592	0.062	2019	06	23
W	Rr	1497	0.059	2019	06	16
W	Rr	1450	0.057	2019	06	09
W	Rr	1555	0.061	2019	06	02
W	Rr	1289	0.050	2019	05	26
W	Rr	1863	0.073	2019	05	19
W	Rr	1385	0.054	2019	05	12
W	Rr	1553	0.061	2019	05	05
W	Rr	1655	0.065	2019	04	28
W	Rr	1282	0.050	2019	04	21
W	Rr	1503	0.059	2019	04	14
W	Rr	1623	0.063	2019	04	07
W	Rr	1715	0.067	2019	03	31
W	Rr	1882	0.074	2019	03	24
W	Rr	1464	0.057	2019	03	17
W	Rr	1381	0.054	2019	03	10
W	Rr	1627	0.064	2019	03	03
W	Rr	1773	0.069	2019	02	24
W	Rr	1669	0.065	2019	02	17
W	Rr	1483	0.058	2019	02	10
W	Rr	1391	0.054	2019	02	03
W	Rr	1797	0.070	2019	01	27
W	Rr	1963	0.077	2019	01	20
W	Rr	2029	0.079	2019	01	13
W	Rr	1696	0.066	2019	01	06
W	Rr	1526	0.060	2018	12	30
W	Rr	1226	0.048	2018	12	23
W	Rr	1442	0.056	2018	12	16
W	Rr	1936	0.076	2018	12	09
W	Rr	1809	0.071	2018	12	02
W	Rr	1295	0.051	2018	11	25
W	Rr	1820	0.071	2018	11	18
W	Rr	1802	0.070	2018	11	11
W	Rr	0	0.000	2018	11	04
W	Rr	1473	0.058	2018	10	28
W	Rr	1106	0.043	2018	10	21
W	Rr	1427	0.056	2018	10	14
W	Rr	1214	0.047	2018	10	07
W	Rr	1168	0.046	2018	09	30
W	Rr	1420	0.056	2018	09	23
W	Rr	1197	0.047	2018	09	16
W	Rr	1388	0.054	2018	09	09
W	Rr	1320	0.052	2018	09	02
W	Rr	1246	0.049	2018	08	26
W	Rr	1214	0.047	2018	08	19
W	Rr	1366	0.053	2018	08	12
W	Rr	1195	0.047	2018	08	05
W	Rr	1346	0.053	2018	07	29
W	Rr	1374	0.054	2018	07	22
W	Rr	1508	0.059	2018	07	15
W	Rr	1522	0.060	2018	07	08
W	Rr	909	0.036	2018	07	01
W	Rr	1444	0.056	2018	06	24
W	Rr	2682	0.105	2018	06	17
W	Rr	1365	0.053	2018	06	10
W	Rr	1329	0.052	2018	06	03
W	Rr	1275	0.050	2018	05	27
W	Rr	1392	0.054	2018	05	20
W	Rr	1321	0.052	2018	05	13
W	Rr	1527	0.060	2018	05	06
W	Rr	1517	0.059	2018	04	29
W	Rr	0	0.000	2018	04	22
W	Rr	1364	0.053	2018	04	15
W	Rr	1712	0.067	2018	04	08
W	Rr	0	0.000	2018	04	01
W	Rr	1543	0.060	2018	03	25
W	Rr	1342	0.052	2018	03	18
W	Rr	2429	0.095	2018	03	11
W	Rr	0	0.000	2018	03	04
W	Rr	1366	0.053	2018	02	25
W	Rr	1308	0.051	2018	02	18
W	Rr	1439	0.056	2018	02	11
W	Rr	1731	0.068	2018	02	04
W	Rr	0	0.000	2018	01	28
W	Rr	1434	0.056	2018	01	21
W	Rr	1578	0.062	2018	01	14
W	Rr	1471	0.058	2018	01	07
W	Rr	1246	0.049	2017	12	31
W	Rr	1033	0.040	2017	12	24
W	Rr	1103	0.043	2017	12	17
W	Rr	1406	0.055	2017	12	10
W	Rr	0	0.000	2017	12	03
W	Rr	1335	0.052	2017	11	26
W	Rr	1427	0.056	2017	11	19
W	Rr	1662	0.065	2017	11	12
W	Rr	1414	0.055	2017	11	05
W	Rr	1349	0.053	2017	10	29
W	Rr	1208	0.047	2017	10	22
W	Rr	2013	0.079	2017	10	15
W	Rr	1832	0.072	2017	10	08
W	Rr	0	0.000	2017	10	01
W	Rr	0	0.000	2017	09	24
W	Rr	0	0.000	2017	09	17
W	Rr	0	0.000	2017	09	10
W	Rr	0	0.000	2017	09	03
W	Rr	0	0.000	2017	08	27
W	Rr	0	0.000	2017	08	20
W	Rr	0	0.000	2017	08	13
W	Rr	0	0.000	2017	08	06
W	Rr	0	0.000	2017	07	30
W	Rr	0	0.000	2017	07	23
W	Rr	0	0.000	2017	07	16
W	Rr	0	0.000	2017	07	09
W	Rr	0	0.000	2017	07	02
W	Rr	0	0.000	2017	06	25
W	Rr	0	0.000	2017	06	18
W	Rr	0	0.000	2017	06	11
W	Rr	0	0.000	2017	06	04
W	Rr	25	0.001	2017	05	28
W	Rr	1838	0.072	2017	05	21
W	Rr	1915	0.075	2017	05	14
W	Rr	1676	0.066	2017	05	07
W	Rr	1677	0.066	2017	04	30
W	Rr	2071	0.081	2017	04	23
W	Rr	1978	0.077	2017	04	16
W	Rr	1874	0.073	2017	04	09
W	Rr	3435	0.134	2017	04	02
W	Rr	2619	0.102	2017	03	26
W	Rr	2633	0.103	2017	03	19
W	Rr	2413	0.094	2017	03	12
W	Rr	3092	0.121	2017	03	05
W	Rr	2295	0.090	2017	02	26
W	Rr	2204	0.086	2017	02	19
W	Rr	1869	0.073	2017	02	12
W	Rr	1973	0.077	2017	02	05
W	Rr	1783	0.070	2017	01	29
W	Rr	1768	0.069	2017	01	22
W	Rr	1585	0.062	2017	01	15
W	Rr	1768	0.069	2017	01	08
W	Rr	1740	0.068	2017	01	01
W	Rr	1549	0.061	2016	12	25
W	Rr	2202	0.086	2016	12	18
W	Rr	1812	0.071	2016	12	11
W	Rr	2648	0.104	2016	12	04
W	Rr	2236	0.087	2016	11	27
W	Rr	1321	0.052	2016	11	20
W	Rr	1996	0.078	2016	11	13
W	Rr	1716	0.067	2016	11	06
W	Rr	1564	0.061	2016	10	30
W	Rr	1362	0.053	2016	10	23
W	Rr	1707	0.067	2016	10	16
W	Rr	1696	0.066	2016	10	09
W	Rr	36	0.001	2016	10	02
W	Rr	2002	0.078	2016	09	25
W	Rr	1399	0.055	2016	09	18
W	Rr	1199	0.047	2016	09	11
W	Rr	1326	0.052	2016	09	04
W	Rr	1316	0.051	2016	08	28
W	Rr	1257	0.049	2016	08	21
W	Rr	1208	0.047	2016	08	14
W	Rr	1602	0.063	2016	08	07
W	Rr	1319	0.052	2016	07	31
W	Rr	1796	0.070	2016	07	24
W	Rr	1171	0.046	2016	07	17
W	Rr	1167	0.046	2016	07	10
W	Rr	917	0.036	2016	07	03
W	Rr	920	0.036	2016	06	26
W	Rr	1179	0.046	2016	06	19
W	Rr	1288	0.050	2016	06	12
W	Rr	1237	0.048	2016	06	05
W	Rr	1263	0.049	2016	05	29
W	Rr	1338	0.052	2016	05	22
W	Rr	1184	0.046	2016	05	15
W	Rr	1365	0.053	2016	05	08
W	Rr	974	0.038	2016	05	01
W	Rr	1311	0.051	2016	04	24
W	Rr	1127	0.044	2016	04	17
W	Rr	1248	0.049	2016	04	10
W	Rr	1451	0.057	2016	04	03
W	Rr	987	0.039	2016	03	27
W	Rr	1233	0.048	2016	03	20
W	Rr	1347	0.053	2016	03	13
W	Rr	1347	0.053	2016	03	06
W	Rr	1236	0.048	2016	02	28
W	Rr	1422	0.056	2016	02	21
W	Rr	1085	0.042	2016	02	14
W	Rr	1427	0.056	2016	02	07
W	Rr	1359	0.053	2016	01	31
W	Rr	1708	0.067	2016	01	24
W	Rr	1476	0.058	2016	01	17
W	Rr	1563	0.061	2016	01	10
W	Rr	1381	0.054	2016	01	03
W	Rr	1273	0.050	2015	12	27
W	Rr	1084	0.042	2015	12	20
W	Rr	1344	0.053	2015	12	13
W	Rr	1336	0.052	2015	12	06
W	Rr	1123	0.044	2015	11	29
W	Rr	960	0.038	2015	11	22
W	Rr	1337	0.052	2015	11	15
W	Rr	1400	0.055	2015	11	08
W	Rr	1383	0.054	2015	11	01
W	Rr	1250	0.049	2015	10	25
W	Rr	1366	0.053	2015	10	18
W	Rr	1367	0.053	2015	10	11
W	Rr	1214	0.047	2015	10	04
W	Rr	1152	0.045	2015	09	27
W	Rr	1387	0.054	2015	09	20
W	Rr	1655	0.065	2015	09	13
W	Rr	1526	0.060	2015	09	06
W	Rr	1242	0.049	2015	08	30
W	Rr	1800	0.070	2015	08	23
W	Rr	1527	0.060	2015	08	16
W	Rr	1386	0.054	2015	08	09
W	Rr	1593	0.062	2015	08	02
W	Rr	1567	0.061	2015	07	26
W	Rr	1980	0.077	2015	07	19
W	Rr	2180	0.085	2015	07	12
W	Rr	2008	0.079	2015	07	05
W	Rr	2297	0.090	2015	06	28
W	Rr	1556	0.061	2015	06	21
W	Rr	1380	0.054	2015	06	14
W	Rr	2013	0.079	2015	06	07
W	Rr	1651	0.065	2015	05	31
W	Rr	1224	0.048	2015	05	24
W	Rr	1355	0.053	2015	05	17
W	Rr	1179	0.046	2015	05	10
W	Rr	1436	0.056	2015	05	03
W	Rr	1671	0.065	2015	04	26
W	Rr	1878	0.073	2015	04	19
W	Rr	2326	0.091	2015	04	12
W	Rr	2636	0.103	2015	04	05
W	Rr	2297	0.090	2015	03	29
W	Rr	1237	0.048	2015	03	22
W	Rr	1453	0.057	2015	03	15
W	Rr	1399	0.055	2015	03	08
W	Rr	1287	0.050	2015	03	01
W	Rr	1249	0.049	2015	02	22
W	Rr	1373	0.054	2015	02	15
W	Rr	1790	0.070	2015	02	08
W	Rr	1672	0.065	2015	02	01
W	Rr	1543	0.060	2015	01	25
W	Rr	1463	0.057	2015	01	18
W	Rr	1696	0.066	2015	01	11
W	Rr	1707	0.067	2015	01	04
W	Rr	1833	0.072	2014	12	28
W	Rr	1335	0.052	2014	12	21
W	Rr	1644	0.064	2014	12	14
W	Rr	1541	0.060	2014	12	07
W	Rr	1335	0.052	2014	11	30
W	Rr	1262	0.049	2014	11	23
W	Rr	2009	0.079	2014	11	16
W	Rr	1566	0.061	2014	11	09
W	Rr	1814	0.071	2014	11	02
W	Rr	1452	0.057	2014	10	26
W	Rr	1642	0.064	2014	10	19
W	Rr	1795	0.070	2014	10	12
W	Rr	1836	0.072	2014	10	05
W	Rr	1662	0.065	2014	09	28
W	Rr	1843	0.072	2014	09	21
W	Rr	1678	0.066	2014	09	14
W	Rr	1598	0.062	2014	09	07
W	Rr	1418	0.055	2014	08	31
W	Rr	1584	0.062	2014	08	24
W	Rr	1571	0.061	2014	08	17
W	Rr	1727	0.068	2014	08	10
W	Rr	1927	0.075	2014	08	03
W	Rr	1691	0.066	2014	07	27
W	Rr	1702	0.067	2014	07	20
W	Rr	1624	0.063	2014	07	13
W	Rr	1831	0.072	2014	07	06
W	Rr	1867	0.073	2014	06	29
W	Rr	1927	0.075	2014	06	22
W	Rr	2134	0.083	2014	06	15
W	Rr	4851	0.190	2014	06	08
W	Rr	2293	0.090	2014	06	01
W	Rr	3180	0.124	2014	05	25
W	Rr	1468	0.057	2014	05	18
W	Rr	1808	0.071	2014	05	11
W	Rr	1998	0.078	2014	05	04
W	Rr	1876	0.073	2014	04	27
W	Rr	2330	0.091	2014	04	20
W	Rr	2565	0.100	2014	04	13
W	Rr	2652	0.104	2014	04	06
W	Rr	2574	0.101	2014	03	30
W	Rr	1186	0.046	2014	03	23
W	Rr	1305	0.051	2014	03	16
W	Rr	2273	0.089	2014	03	09
W	Rr	2231	0.087	2014	03	02
W	Rr	1925	0.075	2014	02	23
W	Rr	7060	0.276	2014	02	16
W	Rr	2854	0.112	2014	02	09
W	Rr	3190	0.125	2014	02	02
W	Rr	3743	0.146	2014	01	26
W	Rr	3643	0.142	2014	01	19
W	Rr	2961	0.116	2014	01	12
W	Rr	2319	0.091	2014	01	05
W	Rr	981	0.038	2013	12	29
W	Rr	1108	0.043	2013	12	22
W	Rr	1226	0.048	2013	12	15
W	Rr	1285	0.050	2013	12	08
W	Rr	1289	0.050	2013	12	01
W	Rr	1404	0.055	2013	11	24
W	Rr	1142	0.045	2013	11	17
W	Rr	1334	0.052	2013	11	10
W	Rr	1277	0.050	2013	11	03
W	Rr	1035	0.040	2013	10	27
W	Rr	1309	0.051	2013	10	20
W	Rr	1302	0.051	2013	10	13
W	Rr	1432	0.056	2013	10	06
W	Rr	1178	0.046	2013	09	29
W	Rr	947	0.037	2013	09	22
W	Rr	1254	0.049	2013	09	15
W	Rr	1099	0.043	2013	09	08
W	Rr	1053	0.041	2013	09	01
W	Rr	1010	0.039	2013	08	25
W	Rr	1102	0.043	2013	08	18
W	Rr	1063	0.042	2013	08	11
W	Rr	1105	0.043	2013	08	04
W	Rr	1377	0.054	2013	07	28
W	Rr	1498	0.059	2013	07	21
W	Rr	1295	0.051	2013	07	14
W	Rr	1237	0.048	2013	07	07
W	Rr	1003	0.039	2013	06	30
W	Rr	1275	0.050	2013	06	23
W	Rr	1072	0.042	2013	06	16
W	Rr	1249	0.049	2013	06	09
W	Rr	1521	0.059	2013	06	02
W	Rr	1256	0.049	2013	05	26
W	Rr	1091	0.043	2013	05	19
W	Rr	1359	0.053	2013	05	12
W	Rr	1130	0.044	2013	05	05
W	Rr	1215	0.048	2013	04	28
W	Rr	1368	0.053	2013	04	21
W	Rr	1318	0.052	2013	04	14
W	Rr	1408	0.055	2013	04	07
W	Rr	1277	0.050	2013	03	31
W	Rr	1452	0.057	2013	03	24
W	Rr	1418	0.055	2013	03	17
W	Rr	1217	0.048	2013	03	10
W	Rr	1490	0.058	2013	03	03
W	Rr	1353	0.053	2013	02	24
W	Rr	1268	0.050	2013	02	17
W	Rr	1274	0.050	2013	02	10
W	Rr	1153	0.045	2013	02	03
W	Rr	1266	0.049	2013	01	27
W	Rr	1271	0.050	2013	01	20
W	Rr	1449	0.057	2013	01	13
W	Rr	1253	0.049	2013	01	06
W	Rr	1309	0.051	2012	12	30
W	Rr	1156	0.045	2012	12	23
W	Rr	1336	0.052	2012	12	16
W	Rr	1575	0.062	2012	12	09
W	Rr	1087	0.043	2012	12	02
W	Rr	1376	0.054	2012	11	25
W	Rr	1136	0.044	2012	11	18
W	Rr	1341	0.052	2012	11	11
W	Rr	1418	0.055	2012	11	04
W	Rr	1103	0.043	2012	10	28
W	Rr	1200	0.047	2012	10	21
W	Rr	1382	0.054	2012	10	14
W	Rr	1127	0.044	2012	10	07
W	Rr	1187	0.046	2012	09	30
W	Rr	1172	0.046	2012	09	23
W	Rr	1034	0.040	2012	09	16
W	Rr	944	0.037	2012	09	09
W	Rr	958	0.037	2012	09	02
W	Rr	734	0.029	2012	08	26
W	Rr	881	0.034	2012	08	19
W	Rr	874	0.034	2012	08	12
W	Rr	973	0.038	2012	08	05
W	Rr	1010	0.039	2012	07	29
W	Rr	943	0.037	2012	07	22
W	Rr	1089	0.043	2012	07	15
W	Rr	888	0.035	2012	07	08
W	Rr	845	0.033	2012	07	01
W	Rr	1070	0.042	2012	06	24
W	Rr	1050	0.041	2012	06	17
W	Rr	1271	0.050	2012	06	10
W	Rr	957	0.037	2012	06	03
W	Rr	1249	0.049	2012	05	27
W	Rr	1055	0.041	2012	05	20
W	Rr	1392	0.054	2012	05	13
W	Rr	1140	0.045	2012	05	06
W	Rr	1807	0.071	2012	04	29
W	Rr	1225	0.048	2012	04	22
W	Rr	1264	0.049	2012	04	15
W	Rr	1075	0.042	2012	04	08
W	Rr	1261	0.049	2012	04	01
W	Rr	1345	0.053	2012	03	25
W	Rr	1254	0.049	2012	03	18
W	Rr	1478	0.058	2012	03	11
W	Rr	1503	0.059	2012	03	04
W	Rr	1532	0.060	2012	02	26
W	Rr	1464	0.057	2012	02	19
W	Rr	1154	0.045	2012	02	12
W	Rr	1240	0.048	2012	02	05
W	Rr	1088	0.043	2012	01	29
W	Rr	1125	0.044	2012	01	22
W	Rr	60	0.002	2012	01	15
W	Rr	1472	0.058	2012	01	08
W	Rr	1122	0.044	2012	01	01
W	Rr	888	0.035	2011	12	25
W	Rr	1360	0.053	2011	12	18
W	Rr	1486	0.058	2011	12	11
W	Rr	1330	0.052	2011	12	04
W	Rr	1094	0.043	2011	11	27
W	Rr	1062	0.042	2011	11	20
W	Rr	1123	0.044	2011	11	13
W	Rr	975	0.038	2011	11	06
W	Rr	1264	0.049	2011	10	30
W	Rr	1140	0.045	2011	10	23
W	Rr	1211	0.047	2011	10	16
W	Rr	1236	0.048	2011	10	09
W	Rr	1128	0.044	2011	10	02
W	Rr	1083	0.042	2011	09	25
W	Rr	1451	0.057	2011	09	18
W	Rr	1278	0.050	2011	09	11
W	Rr	1219	0.048	2011	09	04
W	Rr	1316	0.051	2011	08	28
W	Rr	1119	0.044	2011	08	21
W	Rr	1484	0.058	2011	08	14
W	Rr	1671	0.065	2011	08	07
W	Rr	1319	0.052	2011	07	31
W	Rr	1197	0.047	2011	07	24
W	Rr	1504	0.059	2011	07	17
W	Rr	1367	0.053	2011	07	10
W	Rr	1205	0.047	2011	07	03
W	Rr	1333	0.052	2011	06	26
W	Rr	1059	0.041	2011	06	19
W	Rr	1353	0.053	2011	06	12
W	Rr	1275	0.050	2011	06	05
W	Rr	983	0.038	2011	05	29
W	Rr	1262	0.049	2011	05	22
W	Rr	1374	0.054	2011	05	15
W	Rr	1076	0.042	2011	05	08
W	Rr	0	0.000	2011	05	01
W	Rr	0	0.000	2011	04	24
W	Rr	0	0.000	2011	04	17
W	Rr	0	0.000	2011	04	10
W	Rr	0	0.000	2011	04	03
W	Rr	0	0.000	2011	03	27
W	Rr	24	0.001	2011	03	20
W	Rr	1317	0.051	2011	03	13
W	Rr	1258	0.049	2011	03	06
W	Rr	1372	0.054	2011	02	27
W	Rr	1226	0.048	2011	02	20
W	Rr	1524	0.060	2011	02	13
W	Rr	1366	0.053	2011	02	06
W	Rr	958	0.037	2011	01	30
W	Rr	1273	0.050	2011	01	23
W	Rr	1560	0.061	2011	01	16
W	Rr	1472	0.058	2011	01	09
W	Rr	1310	0.051	2011	01	02
W	Rr	798	0.031	2010	12	26
W	Rr	935	0.037	2010	12	19
W	Rr	0	0.000	2010	12	12
W	Rr	0	0.000	2010	12	05
W	Rr	0	0.000	2010	11	28
W	Rr	0	0.000	2010	11	21
W	Rr	0	0.000	2010	11	14
W	Rr	0	0.000	2010	11	07
W	Rr	0	0.000	2010	10	31
W	Rr	0	0.000	2010	10	24
W	Rr	0	0.000	2010	10	17
W	Rr	0	0.000	2010	10	10
W	Rr	0	0.000	2010	10	03
W	Rr	0	0.000	2010	09	26
W	Rr	0	0.000	2010	09	19
W	Rr	0	0.000	2010	09	12
W	Rr	0	0.000	2010	09	05
W	Rr	0	0.000	2010	08	29
W	Rr	0	0.000	2010	08	22
W	Rr	0	0.000	2010	08	15
W	Rr	0	0.000	2010	08	08
W	Rr	0	0.000	2010	08	01
W	Rr	0	0.000	2010	07	25
W	Rr	0	0.000	2010	07	18
W	Rr	0	0.000	2010	07	11
W	Rr	0	0.000	2010	07	04
W	Rr	15	0.001	2010	06	27
W	Rr	914	0.036	2010	06	20
W	Rr	1104	0.043	2010	06	13
W	Rr	1096	0.043	2010	06	06
W	Rr	1171	0.046	2010	05	30
W	Rr	1115	0.044	2010	05	23
W	Rr	1170	0.046	2010	05	16
W	Rr	1334	0.052	2010	05	09
W	Rr	1109	0.043	2010	05	02
W	Rr	1067	0.042	2010	04	25
W	Rr	1212	0.047	2010	04	18
W	Rr	1054	0.041	2010	04	11
W	Rr	1325	0.052	2010	04	04
W	Rr	811	0.032	2010	03	28
W	Rr	1195	0.047	2010	03	21
W	Rr	1338	0.052	2010	03	14
W	Rr	1113	0.044	2010	03	07
W	Rr	1103	0.043	2010	02	28
W	Rr	1290	0.050	2010	02	21
W	Rr	0	0.000	2010	02	14
W	Rr	0	0.000	2010	02	07
W	Rr	0	0.000	2010	01	31
W	Rr	0	0.000	2010	01	24
W	Rr	0	0.000	2010	01	17
W	Rr	0	0.000	2010	01	10
W	Rr	0	0.000	2010	01	03
W	Rr	78	0.003	2009	12	27
W	Rr	945	0.037	2009	12	20
W	Rr	1140	0.045	2009	12	13
W	Rr	1323	0.052	2009	12	06
W	Rr	1518	0.059	2009	11	29
W	Rr	1352	0.053	2009	11	22
W	Rr	1346	0.053	2009	11	15
W	Rr	1416	0.055	2009	11	08
W	Rr	1734	0.068	2009	11	01
W	Rr	1035	0.040	2009	10	25
W	Rr	1297	0.051	2009	10	18
W	Rr	1267	0.050	2009	10	11
W	Rr	1440	0.056	2009	10	04
W	Rr	1521	0.059	2009	09	27
W	Rr	1121	0.044	2009	09	20
W	Rr	875	0.034	2009	09	13
W	Rr	1032	0.040	2009	09	06
W	Rr	1283	0.050	2009	08	30
W	Rr	1214	0.047	2009	08	23
W	Rr	1402	0.055	2009	08	16
W	Rr	1260	0.049	2009	08	09
W	Rr	1404	0.055	2009	08	02
W	Rr	1380	0.054	2009	07	26
W	Rr	1470	0.057	2009	07	19
W	Rr	1750	0.068	2009	07	12
W	Rr	1847	0.072	2009	07	05
W	Rr	1889	0.074	2009	06	28
W	Rr	1312	0.051	2009	06	21
W	Rr	1093	0.043	2009	06	14
W	Rr	1363	0.053	2009	06	07
W	Rr	1251	0.049	2009	05	31
W	Rr	1352	0.053	2009	05	24
W	Rr	1133	0.044	2009	05	17
W	Rr	1887	0.074	2009	05	10
W	Rr	1369	0.054	2009	05	03
W	Rr	1089	0.043	2009	04	26
W	Rr	1160	0.045	2009	04	19
W	Rr	1189	0.046	2009	04	12
W	Rr	1529	0.060	2009	04	05
W	Rr	1155	0.045	2009	03	29
W	Rr	1230	0.048	2009	03	22
W	Rr	1029	0.040	2009	03	15
W	Rr	1234	0.048	2009	03	08
W	Rr	1486	0.058	2009	03	01
W	Rr	1470	0.057	2009	02	22
W	Rr	1198	0.047	2009	02	15
W	Rr	1802	0.070	2009	02	08
W	Rr	1653	0.065	2009	02	01
W	Rr	1346	0.053	2009	01	25
W	Rr	1431	0.056	2009	01	18
W	Rr	1678	0.066	2009	01	11
W	Rr	1591	0.062	2009	01	04
W	Rr	886	0.035	2008	12	28
W	Rr	1148	0.045	2008	12	21
W	Rr	1428	0.056	2008	12	14
W	Rr	1508	0.059	2008	12	07
W	Rr	1194	0.047	2008	11	30
W	Rr	1070	0.042	2008	11	23
W	Rr	1396	0.055	2008	11	16
W	Rr	1255	0.049	2008	11	09
W	Rr	1314	0.051	2008	11	02
W	Rr	1397	0.055	2008	10	26
W	Rr	1638	0.064	2008	10	19
W	Rr	1298	0.051	2008	10	12
W	Rr	430	0.017	2008	10	05
W	Rr	723	0.028	2008	09	28
W	Rr	1308	0.051	2008	09	21
W	Rr	1242	0.049	2008	09	14
W	Rr	1409	0.055	2008	09	07
W	Rr	1142	0.045	2008	08	31
W	Rr	1022	0.040	2008	08	24
W	Rr	1062	0.042	2008	08	17
W	Rr	1188	0.046	2008	08	10
W	Rr	1232	0.048	2008	08	03
W	Rr	1050	0.041	2008	07	27
W	Rr	1272	0.050	2008	07	20
W	Rr	1305	0.051	2008	07	13
W	Rr	1093	0.043	2008	07	06
W	Rr	1182	0.046	2008	06	29
W	Rr	1937	0.076	2008	06	22
W	Rr	1493	0.058	2008	06	15
W	Rr	1083	0.042	2008	06	08
W	Rr	1283	0.050	2008	06	01
W	Rr	1432	0.056	2008	05	25
W	Rr	1726	0.067	2008	05	18
W	Rr	1580	0.062	2008	05	11
W	Rr	2661	0.104	2008	05	04
W	Rr	3648	0.143	2008	04	27
W	Rr	1400	0.055	2008	04	20
W	Rr	1365	0.053	2008	04	13
W	Rr	1213	0.047	2008	04	06
W	Rr	1670	0.065	2008	03	30
W	Rr	1211	0.047	2008	03	23
W	Rr	1144	0.045	2008	03	16
W	Rr	1301	0.051	2008	03	09
W	Rr	1292	0.051	2008	03	02
W	Rr	1427	0.056	2008	02	24
W	Rr	2207	0.086	2008	02	17
W	Rr	1124	0.044	2008	02	10
W	Rr	1561	0.061	2008	02	03
W	Rr	1533	0.060	2008	01	27
W	Rr	1389	0.054	2008	01	20
W	Rr	1133	0.044	2008	01	13
W	Rr	1404	0.055	2008	01	06
W	Rr	976	0.038	2007	12	30
W	Rr	801	0.031	2007	12	23
W	Rr	675	0.026	2007	12	16
W	*BT	R	26220	2024	01	28
D	Rr	24	0.001	2025	02	23
D	Rr	258	0.010	2025	02	22
D	Rr	963	0.038	2025	02	21
D	Rr	994	0.039	2025	02	20
D	Rr	2520	0.099	2025	02	19
D	Rr	2342	0.092	2025	02	18
D	Rr	2442	0.095	2025	02	17
D	Rr	1978	0.077	2025	02	16
D	Rr	1025	0.040	2025	02	15
D	Rr	1790	0.070	2025	02	14
D	Rr	2080	0.081	2025	02	13
D	Rr	2090	0.082	2025	02	12
D	Rr	1765	0.069	2025	02	11
D	Rr	936	0.037	2025	02	10
D	Rr	924	0.036	2025	02	09
D	Rr	2274	0.089	2025	02	08
D	Rr	2172	0.085	2025	02	07
D	Rr	2226	0.087	2025	02	06
D	Rr	2280	0.089	2025	02	05
D	Rr	2928	0.114	2025	02	04
D	Rr	2442	0.095	2025	02	03
D	Rr	1848	0.072	2025	02	02
D	Rr	1350	0.053	2025	02	01
D	Rr	2262	0.088	2025	01	31
D	Rr	3372	0.132	2025	01	30
D	Rr	1896	0.074	2025	01	29
D	Rr	2340	0.091	2025	01	28
D	Rr	3162	0.124	2025	01	27
D	Rr	3636	0.142	2025	01	26
D	Rr	2568	0.100	2025	01	25
D	Rr	3246	0.127	2025	01	24
D	Rr	3642	0.142	2025	01	23
D	Rr	2280	0.089	2025	01	22
D	Rr	2370	0.093	2025	01	21
D	Rr	1776	0.069	2025	01	20
D	Rr	2328	0.091	2025	01	19
D	Rr	1740	0.068	2025	01	18
D	Rr	2592	0.101	2025	01	17
D	Rr	1776	0.069	2025	01	16
D	Rr	2844	0.111	2025	01	15
D	Rr	4032	0.158	2025	01	14
D	Rr	2376	0.093	2025	01	13
D	*BT	R	9912	2024	01	29
d	Rr	308404	12.058	Sun
d	Rr	413306	16.160	Mon
d	Rr	409910	16.027	Tue
d	Rr	407556	15.935	Wed
d	Rr	395883	15.479	Thu
d	Rr	374325	14.636	Fri
d	Rr	248216	9.705	Sat
H	Rr	3	0.000	2025	02	23	05
H	Rr	7	0.000	2025	02	23	04
H	Rr	3	0.000	2025	02	23	03
H	Rr	1	0.000	2025	02	23	02
H	Rr	4	0.000	2025	02	23	01
H	Rr	6	0.000	2025	02	23	00
H	Rr	10	0.000	2025	02	22	23
H	Rr	71	0.003	2025	02	22	22
H	Rr	2	0.000	2025	02	22	21
H	Rr	3	0.000	2025	02	22	20
H	Rr	7	0.000	2025	02	22	19
H	Rr	4	0.000	2025	02	22	18
H	Rr	6	0.000	2025	02	22	17
H	Rr	5	0.000	2025	02	22	16
H	Rr	6	0.000	2025	02	22	15
H	Rr	11	0.000	2025	02	22	14
H	Rr	2	0.000	2025	02	22	13
H	Rr	5	0.000	2025	02	22	12
H	Rr	47	0.002	2025	02	22	11
H	Rr	4	0.000	2025	02	22	10
H	Rr	2	0.000	2025	02	22	09
H	Rr	3	0.000	2025	02	22	08
H	Rr	4	0.000	2025	02	22	07
H	Rr	4	0.000	2025	02	22	06
H	Rr	14	0.001	2025	02	22	05
H	Rr	4	0.000	2025	02	22	04
H	Rr	10	0.000	2025	02	22	03
H	Rr	8	0.000	2025	02	22	02
H	Rr	8	0.000	2025	02	22	01
H	Rr	18	0.001	2025	02	22	00
H	Rr	70	0.003	2025	02	21	23
H	Rr	22	0.001	2025	02	21	22
H	Rr	74	0.003	2025	02	21	21
H	Rr	92	0.004	2025	02	21	20
H	Rr	26	0.001	2025	02	21	19
H	Rr	12	0.000	2025	02	21	18
H	Rr	80	0.003	2025	02	21	17
H	Rr	74	0.003	2025	02	21	16
H	Rr	6	0.000	2025	02	21	15
H	Rr	2	0.000	2025	02	21	14
H	Rr	2	0.000	2025	02	21	13
H	Rr	12	0.000	2025	02	21	12
H	Rr	40	0.002	2025	02	21	11
H	Rr	6	0.000	2025	02	21	10
H	Rr	10	0.000	2025	02	21	09
H	Rr	36	0.001	2025	02	21	08
H	Rr	6	0.000	2025	02	21	07
H	Rr	18	0.001	2025	02	21	06
H	Rr	15	0.001	2025	02	21	05
H	Rr	123	0.005	2025	02	21	04
H	Rr	117	0.005	2025	02	21	03
H	Rr	72	0.003	2025	02	21	02
H	Rr	36	0.001	2025	02	21	01
H	Rr	12	0.000	2025	02	21	00
H	Rr	15	0.001	2025	02	20	23
H	Rr	18	0.001	2025	02	20	22
H	Rr	18	0.001	2025	02	20	21
H	Rr	12	0.000	2025	02	20	20
H	Rr	117	0.005	2025	02	20	19
H	Rr	24	0.001	2025	02	20	18
H	Rr	84	0.003	2025	02	20	17
H	Rr	69	0.003	2025	02	20	16
H	Rr	120	0.005	2025	02	20	15
H	Rr	30	0.001	2025	02	20	14
H	Rr	27	0.001	2025	02	20	13
H	Rr	12	0.000	2025	02	20	12
H	Rr	24	0.001	2025	02	20	11
H	Rr	6	0.000	2025	02	20	10
H	Rr	15	0.001	2025	02	20	09
H	Rr	3	0.000	2025	02	20	08
H	Rr	6	0.000	2025	02	20	07
H	Rr	6	0.000	2025	02	20	06
H	*BT	R	1638	2024	01	29	20
h	Rr	98599	3.855	00
h	Rr	90757	3.549	01
h	Rr	93948	3.673	02
h	Rr	107705	4.211	03
h	Rr	101668	3.975	04
h	Rr	99454	3.889	05
h	Rr	88618	3.465	06
h	Rr	88991	3.479	07
h	Rr	80677	3.154	08
h	Rr	79268	3.099	09
h	Rr	81997	3.206	10
h	Rr	86448	3.380	11
h	Rr	85904	3.359	12
h	Rr	91321	3.571	13
h	Rr	114377	4.472	14
h	Rr	131538	5.143	15
h	Rr	150678	5.891	16
h	Rr	140966	5.512	17
h	Rr	143067	5.594	18
h	Rr	132736	5.190	19
h	Rr	129383	5.059	20
h	Rr	120535	4.713	21
h	Rr	114295	4.469	22
h	Rr	104670	4.093	23
4	Rr	2	0.000	2025	02	23	05	30
4	Rr	0	0.000	2025	02	23	05	15
4	Rr	1	0.000	2025	02	23	05	00
4	Rr	0	0.000	2025	02	23	04	45
4	Rr	2	0.000	2025	02	23	04	30
4	Rr	1	0.000	2025	02	23	04	15
4	Rr	4	0.000	2025	02	23	04	00
4	Rr	1	0.000	2025	02	23	03	45
4	Rr	1	0.000	2025	02	23	03	30
4	Rr	0	0.000	2025	02	23	03	15
4	Rr	1	0.000	2025	02	23	03	00
4	Rr	0	0.000	2025	02	23	02	45
4	Rr	1	0.000	2025	02	23	02	30
4	Rr	0	0.000	2025	02	23	02	15
4	Rr	0	0.000	2025	02	23	02	00
4	Rr	4	0.000	2025	02	23	01	45
4	Rr	0	0.000	2025	02	23	01	30
4	Rr	0	0.000	2025	02	23	01	15
4	Rr	0	0.000	2025	02	23	01	00
4	Rr	2	0.000	2025	02	23	00	45
4	Rr	0	0.000	2025	02	23	00	30
4	Rr	4	0.000	2025	02	23	00	15
4	Rr	0	0.000	2025	02	23	00	00
4	Rr	5	0.000	2025	02	22	23	45
4	Rr	1	0.000	2025	02	22	23	30
4	Rr	4	0.000	2025	02	22	23	15
4	Rr	0	0.000	2025	02	22	23	00
4	Rr	2	0.000	2025	02	22	22	45
4	Rr	4	0.000	2025	02	22	22	30
4	Rr	25	0.001	2025	02	22	22	15
4	Rr	40	0.002	2025	02	22	22	00
4	Rr	1	0.000	2025	02	22	21	45
4	Rr	1	0.000	2025	02	22	21	30
4	Rr	0	0.000	2025	02	22	21	15
4	Rr	0	0.000	2025	02	22	21	00
4	Rr	0	0.000	2025	02	22	20	45
4	Rr	2	0.000	2025	02	22	20	30
4	Rr	0	0.000	2025	02	22	20	15
4	Rr	1	0.000	2025	02	22	20	00
4	Rr	5	0.000	2025	02	22	19	45
4	Rr	1	0.000	2025	02	22	19	30
4	Rr	0	0.000	2025	02	22	19	15
4	Rr	1	0.000	2025	02	22	19	00
4	Rr	1	0.000	2025	02	22	18	45
4	Rr	0	0.000	2025	02	22	18	30
4	Rr	2	0.000	2025	02	22	18	15
4	Rr	1	0.000	2025	02	22	18	00
4	Rr	5	0.000	2025	02	22	17	45
4	Rr	1	0.000	2025	02	22	17	30
4	Rr	0	0.000	2025	02	22	17	15
4	Rr	0	0.000	2025	02	22	17	00
4	Rr	2	0.000	2025	02	22	16	45
4	Rr	3	0.000	2025	02	22	16	30
4	Rr	0	0.000	2025	02	22	16	15
4	Rr	0	0.000	2025	02	22	16	00
4	Rr	2	0.000	2025	02	22	15	45
4	Rr	3	0.000	2025	02	22	15	30
4	Rr	1	0.000	2025	02	22	15	15
4	Rr	0	0.000	2025	02	22	15	00
4	Rr	3	0.000	2025	02	22	14	45
4	Rr	5	0.000	2025	02	22	14	30
4	Rr	3	0.000	2025	02	22	14	15
4	Rr	0	0.000	2025	02	22	14	00
4	Rr	0	0.000	2025	02	22	13	45
4	Rr	2	0.000	2025	02	22	13	30
4	Rr	0	0.000	2025	02	22	13	15
4	Rr	0	0.000	2025	02	22	13	00
4	Rr	0	0.000	2025	02	22	12	45
4	Rr	3	0.000	2025	02	22	12	30
4	Rr	2	0.000	2025	02	22	12	15
4	Rr	0	0.000	2025	02	22	12	00
4	Rr	1	0.000	2025	02	22	11	45
4	Rr	2	0.000	2025	02	22	11	30
4	Rr	1	0.000	2025	02	22	11	15
4	Rr	43	0.002	2025	02	22	11	00
4	Rr	1	0.000	2025	02	22	10	45
4	Rr	1	0.000	2025	02	22	10	30
4	Rr	1	0.000	2025	02	22	10	15
4	Rr	1	0.000	2025	02	22	10	00
4	Rr	2	0.000	2025	02	22	09	45
4	Rr	0	0.000	2025	02	22	09	30
4	Rr	0	0.000	2025	02	22	09	15
4	Rr	0	0.000	2025	02	22	09	00
4	Rr	1	0.000	2025	02	22	08	45
4	Rr	1	0.000	2025	02	22	08	30
4	Rr	0	0.000	2025	02	22	08	15
4	Rr	1	0.000	2025	02	22	08	00
4	Rr	1	0.000	2025	02	22	07	45
4	Rr	1	0.000	2025	02	22	07	30
4	Rr	1	0.000	2025	02	22	07	15
4	Rr	1	0.000	2025	02	22	07	00
4	Rr	0	0.000	2025	02	22	06	45
4	Rr	2	0.000	2025	02	22	06	30
4	Rr	1	0.000	2025	02	22	06	15
4	Rr	1	0.000	2025	02	22	06	00
4	Rr	0	0.000	2025	02	22	05	45
4	*BT	R	1092	2025	01	14	01	00
6	Rr	26628	1.041	00	00
6	Rr	23779	0.930	00	15
6	Rr	24986	0.977	00	30
6	Rr	23206	0.907	00	45
6	Rr	21561	0.843	01	00
6	Rr	22780	0.891	01	15
6	Rr	22144	0.866	01	30
6	Rr	24272	0.949	01	45
6	Rr	20826	0.814	02	00
6	Rr	26212	1.025	02	15
6	Rr	23400	0.915	02	30
6	Rr	23510	0.919	02	45
6	Rr	24450	0.956	03	00
6	Rr	24289	0.950	03	15
6	Rr	25764	1.007	03	30
6	Rr	33202	1.298	03	45
6	Rr	30620	1.197	04	00
6	Rr	21857	0.855	04	15
6	Rr	24256	0.948	04	30
6	Rr	24935	0.975	04	45
6	Rr	22391	0.875	05	00
6	Rr	25968	1.015	05	15
6	Rr	24314	0.951	05	30
6	Rr	26781	1.047	05	45
6	Rr	23629	0.924	06	00
6	Rr	21130	0.826	06	15
6	Rr	23718	0.927	06	30
6	Rr	20141	0.787	06	45
6	Rr	21889	0.856	07	00
6	Rr	23625	0.924	07	15
6	Rr	21829	0.853	07	30
6	Rr	21648	0.846	07	45
6	Rr	19496	0.762	08	00
6	Rr	20430	0.799	08	15
6	Rr	21963	0.859	08	30
6	Rr	18788	0.735	08	45
6	Rr	19739	0.772	09	00
6	Rr	20035	0.783	09	15
6	Rr	20718	0.810	09	30
6	Rr	18776	0.734	09	45
6	Rr	19329	0.756	10	00
6	Rr	19598	0.766	10	15
6	Rr	22128	0.865	10	30
6	Rr	20942	0.819	10	45
6	Rr	22324	0.873	11	00
6	Rr	22491	0.879	11	15
6	Rr	21187	0.828	11	30
6	Rr	20446	0.799	11	45
6	Rr	22294	0.872	12	00
6	Rr	20804	0.813	12	15
6	Rr	20768	0.812	12	30
6	Rr	22038	0.862	12	45
6	Rr	22106	0.864	13	00
6	Rr	22789	0.891	13	15
6	Rr	23408	0.915	13	30
6	Rr	23018	0.900	13	45
6	Rr	27429	1.072	14	00
6	Rr	29280	1.145	14	15
6	Rr	28440	1.112	14	30
6	Rr	29228	1.143	14	45
6	Rr	28471	1.113	15	00
6	Rr	30836	1.206	15	15
6	Rr	35040	1.370	15	30
6	Rr	37191	1.454	15	45
6	Rr	43547	1.703	16	00
6	Rr	36081	1.411	16	15
6	Rr	34797	1.361	16	30
6	Rr	36253	1.417	16	45
6	Rr	35890	1.403	17	00
6	Rr	34660	1.355	17	15
6	Rr	35051	1.370	17	30
6	Rr	35365	1.383	17	45
6	Rr	38284	1.497	18	00
6	Rr	32691	1.278	18	15
6	Rr	35374	1.383	18	30
6	Rr	36718	1.436	18	45
6	Rr	34957	1.367	19	00
6	Rr	30188	1.180	19	15
6	Rr	32371	1.266	19	30
6	Rr	35220	1.377	19	45
6	Rr	32345	1.265	20	00
6	Rr	32988	1.290	20	15
6	Rr	32786	1.282	20	30
6	Rr	31264	1.222	20	45
6	Rr	31586	1.235	21	00
6	Rr	30319	1.185	21	15
6	Rr	29194	1.141	21	30
6	Rr	29436	1.151	21	45
6	Rr	28247	1.104	22	00
6	Rr	29816	1.166	22	15
6	Rr	28783	1.125	22	30
6	Rr	27449	1.073	22	45
6	Rr	27994	1.095	23	00
6	Rr	29428	1.151	23	15
6	Rr	21682	0.848	23	30
6	Rr	25566	1.000	23	45
5	Rr	1	0.000	2025	02	23	05	35
5	Rr	1	0.000	2025	02	23	05	30
5	Rr	0	0.000	2025	02	23	05	25
5	Rr	0	0.000	2025	02	23	05	20
5	Rr	0	0.000	2025	02	23	05	15
5	Rr	0	0.000	2025	02	23	05	10
5	Rr	1	0.000	2025	02	23	05	05
5	Rr	0	0.000	2025	02	23	05	00
5	Rr	0	0.000	2025	02	23	04	55
5	Rr	0	0.000	2025	02	23	04	50
5	Rr	0	0.000	2025	02	23	04	45
5	Rr	0	0.000	2025	02	23	04	40
5	Rr	2	0.000	2025	02	23	04	35
5	Rr	0	0.000	2025	02	23	04	30
5	Rr	1	0.000	2025	02	23	04	25
5	Rr	0	0.000	2025	02	23	04	20
5	Rr	0	0.000	2025	02	23	04	15
5	Rr	0	0.000	2025	02	23	04	10
5	Rr	2	0.000	2025	02	23	04	05
5	Rr	2	0.000	2025	02	23	04	00
5	Rr	1	0.000	2025	02	23	03	55
5	Rr	0	0.000	2025	02	23	03	50
5	Rr	0	0.000	2025	02	23	03	45
5	Rr	0	0.000	2025	02	23	03	40
5	Rr	1	0.000	2025	02	23	03	35
5	Rr	0	0.000	2025	02	23	03	30
5	Rr	0	0.000	2025	02	23	03	25
5	Rr	0	0.000	2025	02	23	03	20
5	Rr	0	0.000	2025	02	23	03	15
5	Rr	1	0.000	2025	02	23	03	10
5	Rr	0	0.000	2025	02	23	03	05
5	Rr	0	0.000	2025	02	23	03	00
5	Rr	0	0.000	2025	02	23	02	55
5	Rr	0	0.000	2025	02	23	02	50
5	Rr	0	0.000	2025	02	23	02	45
5	Rr	0	0.000	2025	02	23	02	40
5	Rr	0	0.000	2025	02	23	02	35
5	Rr	1	0.000	2025	02	23	02	30
5	Rr	0	0.000	2025	02	23	02	25
5	Rr	0	0.000	2025	02	23	02	20
5	Rr	0	0.000	2025	02	23	02	15
5	Rr	0	0.000	2025	02	23	02	10
5	Rr	0	0.000	2025	02	23	02	05
5	Rr	0	0.000	2025	02	23	02	00
5	Rr	0	0.000	2025	02	23	01	55
5	Rr	1	0.000	2025	02	23	01	50
5	Rr	3	0.000	2025	02	23	01	45
5	Rr	0	0.000	2025	02	23	01	40
5	Rr	0	0.000	2025	02	23	01	35
5	Rr	0	0.000	2025	02	23	01	30
5	Rr	0	0.000	2025	02	23	01	25
5	Rr	0	0.000	2025	02	23	01	20
5	Rr	0	0.000	2025	02	23	01	15
5	Rr	0	0.000	2025	02	23	01	10
5	Rr	0	0.000	2025	02	23	01	05
5	Rr	0	0.000	2025	02	23	01	00
5	Rr	2	0.000	2025	02	23	00	55
5	Rr	0	0.000	2025	02	23	00	50
5	Rr	0	0.000	2025	02	23	00	45
5	Rr	0	0.000	2025	02	23	00	40
5	Rr	0	0.000	2025	02	23	00	35
5	Rr	0	0.000	2025	02	23	00	30
5	Rr	0	0.000	2025	02	23	00	25
5	Rr	4	0.000	2025	02	23	00	20
5	Rr	0	0.000	2025	02	23	00	15
5	Rr	0	0.000	2025	02	23	00	10
5	Rr	0	0.000	2025	02	23	00	05
5	Rr	0	0.000	2025	02	23	00	00
5	Rr	5	0.000	2025	02	22	23	55
5	Rr	0	0.000	2025	02	22	23	50
5	Rr	0	0.000	2025	02	22	23	45
5	Rr	0	0.000	2025	02	22	23	40
5	Rr	1	0.000	2025	02	22	23	35
5	Rr	0	0.000	2025	02	22	23	30
5	Rr	0	0.000	2025	02	22	23	25
5	Rr	2	0.000	2025	02	22	23	20
5	Rr	2	0.000	2025	02	22	23	15
5	Rr	0	0.000	2025	02	22	23	10
5	Rr	0	0.000	2025	02	22	23	05
5	Rr	0	0.000	2025	02	22	23	00
5	Rr	0	0.000	2025	02	22	22	55
5	Rr	1	0.000	2025	02	22	22	50
5	Rr	1	0.000	2025	02	22	22	45
5	Rr	0	0.000	2025	02	22	22	40
5	Rr	0	0.000	2025	02	22	22	35
5	Rr	4	0.000	2025	02	22	22	30
5	Rr	25	0.001	2025	02	22	22	25
5	Rr	0	0.000	2025	02	22	22	20
5	Rr	0	0.000	2025	02	22	22	15
5	Rr	36	0.001	2025	02	22	22	10
5	Rr	4	0.000	2025	02	22	22	05
5	Rr	0	0.000	2025	02	22	22	00
5	Rr	0	0.000	2025	02	22	21	55
5	Rr	1	0.000	2025	02	22	21	50
5	Rr	0	0.000	2025	02	22	21	45
5	Rr	0	0.000	2025	02	22	21	40
5	Rr	1	0.000	2025	02	22	21	35
5	Rr	0	0.000	2025	02	22	21	30
5	Rr	0	0.000	2025	02	22	21	25
5	Rr	0	0.000	2025	02	22	21	20
5	Rr	0	0.000	2025	02	22	21	15
5	Rr	0	0.000	2025	02	22	21	10
5	Rr	0	0.000	2025	02	22	21	05
5	Rr	0	0.000	2025	02	22	21	00
5	Rr	0	0.000	2025	02	22	20	55
5	Rr	0	0.000	2025	02	22	20	50
5	Rr	0	0.000	2025	02	22	20	45
5	Rr	0	0.000	2025	02	22	20	40
5	Rr	2	0.000	2025	02	22	20	35
5	Rr	0	0.000	2025	02	22	20	30
5	Rr	0	0.000	2025	02	22	20	25
5	Rr	0	0.000	2025	02	22	20	20
5	Rr	0	0.000	2025	02	22	20	15
5	Rr	1	0.000	2025	02	22	20	10
5	Rr	0	0.000	2025	02	22	20	05
5	Rr	0	0.000	2025	02	22	20	00
5	Rr	5	0.000	2025	02	22	19	55
5	Rr	0	0.000	2025	02	22	19	50
5	Rr	0	0.000	2025	02	22	19	45
5	Rr	1	0.000	2025	02	22	19	40
5	Rr	0	0.000	2025	02	22	19	35
5	Rr	0	0.000	2025	02	22	19	30
5	Rr	0	0.000	2025	02	22	19	25
5	Rr	0	0.000	2025	02	22	19	20
5	Rr	0	0.000	2025	02	22	19	15
5	Rr	0	0.000	2025	02	22	19	10
5	Rr	1	0.000	2025	02	22	19	05
5	Rr	0	0.000	2025	02	22	19	00
5	Rr	1	0.000	2025	02	22	18	55
5	Rr	0	0.000	2025	02	22	18	50
5	Rr	0	0.000	2025	02	22	18	45
5	Rr	0	0.000	2025	02	22	18	40
5	Rr	0	0.000	2025	02	22	18	35
5	Rr	0	0.000	2025	02	22	18	30
5	Rr	1	0.000	2025	02	22	18	25
5	Rr	1	0.000	2025	02	22	18	20
5	Rr	0	0.000	2025	02	22	18	15
5	Rr	0	0.000	2025	02	22	18	10
5	Rr	0	0.000	2025	02	22	18	05
5	Rr	1	0.000	2025	02	22	18	00
5	Rr	4	0.000	2025	02	22	17	55
5	Rr	0	0.000	2025	02	22	17	50
5	Rr	1	0.000	2025	02	22	17	45
5	Rr	1	0.000	2025	02	22	17	40
5	Rr	0	0.000	2025	02	22	17	35
5	Rr	0	0.000	2025	02	22	17	30
5	Rr	0	0.000	2025	02	22	17	25
5	Rr	0	0.000	2025	02	22	17	20
5	Rr	0	0.000	2025	02	22	17	15
5	Rr	0	0.000	2025	02	22	17	10
5	Rr	0	0.000	2025	02	22	17	05
5	Rr	0	0.000	2025	02	22	17	00
5	Rr	0	0.000	2025	02	22	16	55
5	Rr	2	0.000	2025	02	22	16	50
5	Rr	0	0.000	2025	02	22	16	45
5	Rr	0	0.000	2025	02	22	16	40
5	Rr	2	0.000	2025	02	22	16	35
5	Rr	1	0.000	2025	02	22	16	30
5	Rr	0	0.000	2025	02	22	16	25
5	Rr	0	0.000	2025	02	22	16	20
5	Rr	0	0.000	2025	02	22	16	15
5	Rr	0	0.000	2025	02	22	16	10
5	Rr	0	0.000	2025	02	22	16	05
5	Rr	0	0.000	2025	02	22	16	00
5	Rr	1	0.000	2025	02	22	15	55
5	Rr	0	0.000	2025	02	22	15	50
5	Rr	1	0.000	2025	02	22	15	45
5	Rr	1	0.000	2025	02	22	15	40
5	Rr	1	0.000	2025	02	22	15	35
5	Rr	1	0.000	2025	02	22	15	30
5	Rr	0	0.000	2025	02	22	15	25
5	Rr	0	0.000	2025	02	22	15	20
5	Rr	1	0.000	2025	02	22	15	15
5	Rr	0	0.000	2025	02	22	15	10
5	Rr	0	0.000	2025	02	22	15	05
5	Rr	0	0.000	2025	02	22	15	00
5	Rr	3	0.000	2025	02	22	14	55
5	Rr	0	0.000	2025	02	22	14	50
5	Rr	0	0.000	2025	02	22	14	45
5	Rr	0	0.000	2025	02	22	14	40
5	Rr	5	0.000	2025	02	22	14	35
5	Rr	0	0.000	2025	02	22	14	30
5	Rr	1	0.000	2025	02	22	14	25
5	Rr	1	0.000	2025	02	22	14	20
5	Rr	1	0.000	2025	02	22	14	15
5	Rr	0	0.000	2025	02	22	14	10
5	Rr	0	0.000	2025	02	22	14	05
5	Rr	0	0.000	2025	02	22	14	00
5	Rr	0	0.000	2025	02	22	13	55
5	Rr	0	0.000	2025	02	22	13	50
5	Rr	0	0.000	2025	02	22	13	45
5	Rr	1	0.000	2025	02	22	13	40
5	Rr	0	0.000	2025	02	22	13	35
5	Rr	1	0.000	2025	02	22	13	30
5	Rr	0	0.000	2025	02	22	13	25
5	Rr	0	0.000	2025	02	22	13	20
5	Rr	0	0.000	2025	02	22	13	15
5	Rr	0	0.000	2025	02	22	13	10
5	Rr	0	0.000	2025	02	22	13	05
5	Rr	0	0.000	2025	02	22	13	00
5	Rr	0	0.000	2025	02	22	12	55
5	Rr	0	0.000	2025	02	22	12	50
5	Rr	0	0.000	2025	02	22	12	45
5	Rr	0	0.000	2025	02	22	12	40
5	Rr	0	0.000	2025	02	22	12	35
5	Rr	3	0.000	2025	02	22	12	30
5	Rr	0	0.000	2025	02	22	12	25
5	Rr	0	0.000	2025	02	22	12	20
5	Rr	2	0.000	2025	02	22	12	15
5	Rr	0	0.000	2025	02	22	12	10
5	Rr	0	0.000	2025	02	22	12	05
5	Rr	0	0.000	2025	02	22	12	00
5	Rr	1	0.000	2025	02	22	11	55
5	Rr	0	0.000	2025	02	22	11	50
5	Rr	0	0.000	2025	02	22	11	45
5	Rr	2	0.000	2025	02	22	11	40
5	Rr	0	0.000	2025	02	22	11	35
5	Rr	0	0.000	2025	02	22	11	30
5	Rr	1	0.000	2025	02	22	11	25
5	Rr	0	0.000	2025	02	22	11	20
5	Rr	0	0.000	2025	02	22	11	15
5	Rr	0	0.000	2025	02	22	11	10
5	Rr	2	0.000	2025	02	22	11	05
5	Rr	41	0.002	2025	02	22	11	00
5	Rr	1	0.000	2025	02	22	10	55
5	Rr	0	0.000	2025	02	22	10	50
5	Rr	0	0.000	2025	02	22	10	45
5	Rr	1	0.000	2025	02	22	10	40
5	Rr	0	0.000	2025	02	22	10	35
5	Rr	0	0.000	2025	02	22	10	30
5	Rr	0	0.000	2025	02	22	10	25
5	Rr	1	0.000	2025	02	22	10	20
5	Rr	0	0.000	2025	02	22	10	15
5	Rr	1	0.000	2025	02	22	10	10
5	Rr	0	0.000	2025	02	22	10	05
5	Rr	0	0.000	2025	02	22	10	00
5	Rr	1	0.000	2025	02	22	09	55
5	Rr	1	0.000	2025	02	22	09	50
5	Rr	0	0.000	2025	02	22	09	45
5	Rr	0	0.000	2025	02	22	09	40
5	Rr	0	0.000	2025	02	22	09	35
5	Rr	0	0.000	2025	02	22	09	30
5	Rr	0	0.000	2025	02	22	09	25
5	Rr	0	0.000	2025	02	22	09	20
5	Rr	0	0.000	2025	02	22	09	15
5	Rr	0	0.000	2025	02	22	09	10
5	Rr	0	0.000	2025	02	22	09	05
5	Rr	0	0.000	2025	02	22	09	00
5	Rr	0	0.000	2025	02	22	08	55
5	Rr	1	0.000	2025	02	22	08	50
5	Rr	0	0.000	2025	02	22	08	45
5	Rr	1	0.000	2025	02	22	08	40
5	Rr	0	0.000	2025	02	22	08	35
5	Rr	0	0.000	2025	02	22	08	30
5	Rr	0	0.000	2025	02	22	08	25
5	Rr	0	0.000	2025	02	22	08	20
5	Rr	0	0.000	2025	02	22	08	15
5	Rr	0	0.000	2025	02	22	08	10
5	Rr	0	0.000	2025	02	22	08	05
5	Rr	1	0.000	2025	02	22	08	00
5	Rr	0	0.000	2025	02	22	07	55
5	Rr	0	0.000	2025	02	22	07	50
5	Rr	1	0.000	2025	02	22	07	45
5	Rr	0	0.000	2025	02	22	07	40
5	Rr	1	0.000	2025	02	22	07	35
5	Rr	0	0.000	2025	02	22	07	30
5	Rr	0	0.000	2025	02	22	07	25
5	Rr	1	0.000	2025	02	22	07	20
5	Rr	0	0.000	2025	02	22	07	15
5	Rr	1	0.000	2025	02	22	07	10
5	Rr	0	0.000	2025	02	22	07	05
5	Rr	0	0.000	2025	02	22	07	00
5	Rr	0	0.000	2025	02	22	06	55
5	Rr	0	0.000	2025	02	22	06	50
5	Rr	0	0.000	2025	02	22	06	45
5	Rr	1	0.000	2025	02	22	06	40
5	Rr	1	0.000	2025	02	22	06	35
5	Rr	0	0.000	2025	02	22	06	30
5	Rr	0	0.000	2025	02	22	06	25
5	Rr	1	0.000	2025	02	22	06	20
5	Rr	0	0.000	2025	02	22	06	15
5	Rr	0	0.000	2025	02	22	06	10
5	Rr	0	0.000	2025	02	22	06	05
5	Rr	1	0.000	2025	02	22	06	00
5	Rr	0	0.000	2025	02	22	05	55
5	Rr	0	0.000	2025	02	22	05	50
5	Rr	0	0.000	2025	02	22	05	45
5	Rr	0	0.000	2025	02	22	05	40
5	*BT	R	1092	2025	01	14	01	05
7	Rr	8528	0.333	00	00
7	Rr	8607	0.337	00	05
7	Rr	9493	0.371	00	10
7	Rr	6106	0.239	00	15
7	Rr	7383	0.289	00	20
7	Rr	10290	0.402	00	25
7	Rr	8235	0.322	00	30
7	Rr	9017	0.353	00	35
7	Rr	7734	0.302	00	40
7	Rr	7424	0.290	00	45
7	Rr	7454	0.291	00	50
7	Rr	8328	0.326	00	55
7	Rr	6893	0.270	01	00
7	Rr	7968	0.312	01	05
7	Rr	6700	0.262	01	10
7	Rr	7387	0.289	01	15
7	Rr	8333	0.326	01	20
7	Rr	7060	0.276	01	25
7	Rr	7330	0.287	01	30
7	Rr	7058	0.276	01	35
7	Rr	7756	0.303	01	40
7	Rr	7606	0.297	01	45
7	Rr	9245	0.361	01	50
7	Rr	7421	0.290	01	55
7	Rr	6761	0.264	02	00
7	Rr	7517	0.294	02	05
7	Rr	6548	0.256	02	10
7	Rr	9116	0.356	02	15
7	Rr	7875	0.308	02	20
7	Rr	9221	0.361	02	25
7	Rr	8379	0.328	02	30
7	Rr	6933	0.271	02	35
7	Rr	8088	0.316	02	40
7	Rr	7833	0.306	02	45
7	Rr	7567	0.296	02	50
7	Rr	8110	0.317	02	55
7	Rr	9091	0.355	03	00
7	Rr	7110	0.278	03	05
7	Rr	8249	0.323	03	10
7	Rr	8017	0.313	03	15
7	Rr	7441	0.291	03	20
7	Rr	8831	0.345	03	25
7	Rr	8732	0.341	03	30
7	Rr	7640	0.299	03	35
7	Rr	9392	0.367	03	40
7	Rr	8899	0.348	03	45
7	Rr	11925	0.466	03	50
7	Rr	12378	0.484	03	55
7	Rr	12117	0.474	04	00
7	Rr	9756	0.381	04	05
7	Rr	8747	0.342	04	10
7	Rr	7782	0.304	04	15
7	Rr	6772	0.265	04	20
7	Rr	7303	0.286	04	25
7	Rr	7687	0.301	04	30
7	Rr	7899	0.309	04	35
7	Rr	8670	0.339	04	40
7	Rr	8263	0.323	04	45
7	Rr	8628	0.337	04	50
7	Rr	8044	0.315	04	55
7	Rr	8122	0.318	05	00
7	Rr	7019	0.274	05	05
7	Rr	7250	0.283	05	10
7	Rr	9507	0.372	05	15
7	Rr	8162	0.319	05	20
7	Rr	8299	0.324	05	25
7	Rr	6902	0.270	05	30
7	Rr	8670	0.339	05	35
7	Rr	8742	0.342	05	40
7	Rr	9929	0.388	05	45
7	Rr	8790	0.344	05	50
7	Rr	8062	0.315	05	55
7	Rr	7241	0.283	06	00
7	Rr	8839	0.346	06	05
7	Rr	7549	0.295	06	10
7	Rr	7783	0.304	06	15
7	Rr	5720	0.224	06	20
7	Rr	7627	0.298	06	25
7	Rr	8244	0.322	06	30
7	Rr	8035	0.314	06	35
7	Rr	7439	0.291	06	40
7	Rr	7113	0.278	06	45
7	Rr	6918	0.270	06	50
7	Rr	6110	0.239	06	55
7	Rr	8851	0.346	07	00
7	Rr	6375	0.249	07	05
7	Rr	6663	0.261	07	10
7	Rr	7305	0.286	07	15
7	Rr	7753	0.303	07	20
7	Rr	8567	0.335	07	25
7	Rr	8783	0.343	07	30
7	Rr	6671	0.261	07	35
7	Rr	6375	0.249	07	40
7	Rr	9392	0.367	07	45
7	Rr	5496	0.215	07	50
7	Rr	6760	0.264	07	55
7	Rr	6403	0.250	08	00
7	Rr	6092	0.238	08	05
7	Rr	7001	0.274	08	10
7	Rr	6511	0.255	08	15
7	Rr	6894	0.270	08	20
7	Rr	7025	0.275	08	25
7	Rr	6633	0.259	08	30
7	Rr	7066	0.276	08	35
7	Rr	8264	0.323	08	40
7	Rr	6857	0.268	08	45
7	Rr	5812	0.227	08	50
7	Rr	6119	0.239	08	55
7	Rr	6251	0.244	09	00
7	Rr	6791	0.266	09	05
7	Rr	6697	0.262	09	10
7	Rr	5556	0.217	09	15
7	Rr	6357	0.249	09	20
7	Rr	8122	0.318	09	25
7	Rr	6457	0.252	09	30
7	Rr	7173	0.280	09	35
7	Rr	7088	0.277	09	40
7	Rr	7446	0.291	09	45
7	Rr	5690	0.222	09	50
7	Rr	5640	0.221	09	55
7	Rr	6802	0.266	10	00
7	Rr	5886	0.230	10	05
7	Rr	6641	0.260	10	10
7	Rr	6271	0.245	10	15
7	Rr	6517	0.255	10	20
7	Rr	6810	0.266	10	25
7	Rr	7168	0.280	10	30
7	Rr	7438	0.291	10	35
7	Rr	7522	0.294	10	40
7	Rr	6904	0.270	10	45
7	Rr	7625	0.298	10	50
7	Rr	6413	0.251	10	55
7	Rr	8483	0.332	11	00
7	Rr	6918	0.270	11	05
7	Rr	6923	0.271	11	10
7	Rr	6861	0.268	11	15
7	Rr	7334	0.287	11	20
7	Rr	8296	0.324	11	25
7	Rr	8024	0.314	11	30
7	Rr	6276	0.245	11	35
7	Rr	6887	0.269	11	40
7	Rr	6661	0.260	11	45
7	Rr	6984	0.273	11	50
7	Rr	6801	0.266	11	55
7	Rr	6970	0.273	12	00
7	Rr	7544	0.295	12	05
7	Rr	7780	0.304	12	10
7	Rr	7517	0.294	12	15
7	Rr	6629	0.259	12	20
7	Rr	6658	0.260	12	25
7	Rr	7484	0.293	12	30
7	Rr	6836	0.267	12	35
7	Rr	6448	0.252	12	40
7	Rr	6438	0.252	12	45
7	Rr	8031	0.314	12	50
7	Rr	7569	0.296	12	55
7	Rr	7832	0.306	13	00
7	Rr	6762	0.264	13	05
7	Rr	7512	0.294	13	10
7	Rr	7708	0.301	13	15
7	Rr	7602	0.297	13	20
7	Rr	7479	0.292	13	25
7	Rr	7526	0.294	13	30
7	Rr	7622	0.298	13	35
7	Rr	8260	0.323	13	40
7	Rr	7176	0.281	13	45
7	Rr	8459	0.331	13	50
7	Rr	7383	0.289	13	55
7	Rr	10089	0.394	14	00
7	Rr	8758	0.342	14	05
7	Rr	8582	0.336	14	10
7	Rr	9603	0.375	14	15
7	Rr	10262	0.401	14	20
7	Rr	9415	0.368	14	25
7	Rr	9040	0.353	14	30
7	Rr	9762	0.382	14	35
7	Rr	9638	0.377	14	40
7	Rr	9549	0.373	14	45
7	Rr	9205	0.360	14	50
7	Rr	10474	0.410	14	55
7	Rr	9747	0.381	15	00
7	Rr	8727	0.341	15	05
7	Rr	9997	0.391	15	10
7	Rr	8761	0.343	15	15
7	Rr	12226	0.478	15	20
7	Rr	9849	0.385	15	25
7	Rr	11950	0.467	15	30
7	Rr	10750	0.420	15	35
7	Rr	12340	0.482	15	40
7	Rr	8696	0.340	15	45
7	Rr	10948	0.428	15	50
7	Rr	17547	0.686	15	55
7	Rr	15840	0.619	16	00
7	Rr	13672	0.535	16	05
7	Rr	14035	0.549	16	10
7	Rr	12301	0.481	16	15
7	Rr	11631	0.455	16	20
7	Rr	12149	0.475	16	25
7	Rr	11187	0.437	16	30
7	Rr	11256	0.440	16	35
7	Rr	12354	0.483	16	40
7	Rr	12928	0.505	16	45
7	Rr	12192	0.477	16	50
7	Rr	11133	0.435	16	55
7	Rr	12221	0.478	17	00
7	Rr	12890	0.504	17	05
7	Rr	10779	0.421	17	10
7	Rr	12301	0.481	17	15
7	Rr	11389	0.445	17	20
7	Rr	10970	0.429	17	25
7	Rr	11649	0.455	17	30
7	Rr	11962	0.468	17	35
7	Rr	11440	0.447	17	40
7	Rr	11867	0.464	17	45
7	Rr	11702	0.458	17	50
7	Rr	11796	0.461	17	55
7	Rr	14115	0.552	18	00
7	Rr	13105	0.512	18	05
7	Rr	11064	0.433	18	10
7	Rr	11376	0.445	18	15
7	Rr	11045	0.432	18	20
7	Rr	10270	0.402	18	25
7	Rr	12293	0.481	18	30
7	Rr	10008	0.391	18	35
7	Rr	13073	0.511	18	40
7	Rr	11183	0.437	18	45
7	Rr	13410	0.524	18	50
7	Rr	12125	0.474	18	55
7	Rr	11947	0.467	19	00
7	Rr	10728	0.419	19	05
7	Rr	12282	0.480	19	10
7	Rr	9934	0.388	19	15
7	Rr	10098	0.395	19	20
7	Rr	10156	0.397	19	25
7	Rr	10627	0.416	19	30
7	Rr	11985	0.469	19	35
7	Rr	9759	0.382	19	40
7	Rr	11950	0.467	19	45
7	Rr	10738	0.420	19	50
7	Rr	12532	0.490	19	55
7	Rr	12001	0.469	20	00
7	Rr	10211	0.399	20	05
7	Rr	10133	0.396	20	10
7	Rr	9474	0.370	20	15
7	Rr	12091	0.473	20	20
7	Rr	11423	0.447	20	25
7	Rr	11237	0.439	20	30
7	Rr	11904	0.465	20	35
7	Rr	9645	0.377	20	40
7	Rr	11032	0.431	20	45
7	Rr	11251	0.440	20	50
7	Rr	8981	0.351	20	55
7	Rr	10113	0.395	21	00
7	Rr	10461	0.409	21	05
7	Rr	11012	0.431	21	10
7	Rr	10424	0.408	21	15
7	Rr	10085	0.394	21	20
7	Rr	9810	0.384	21	25
7	Rr	9927	0.388	21	30
7	Rr	9897	0.387	21	35
7	Rr	9370	0.366	21	40
7	Rr	11242	0.440	21	45
7	Rr	10036	0.392	21	50
7	Rr	8158	0.319	21	55
7	Rr	9657	0.378	22	00
7	Rr	8415	0.329	22	05
7	Rr	10175	0.398	22	10
7	Rr	10061	0.393	22	15
7	Rr	10200	0.399	22	20
7	Rr	9555	0.374	22	25
7	Rr	10738	0.420	22	30
7	Rr	9380	0.367	22	35
7	Rr	8665	0.339	22	40
7	Rr	9567	0.374	22	45
7	Rr	8873	0.347	22	50
7	Rr	9009	0.352	22	55
7	Rr	9132	0.357	23	00
7	Rr	8677	0.339	23	05
7	Rr	10185	0.398	23	10
7	Rr	9577	0.374	23	15
7	Rr	11631	0.455	23	20
7	Rr	8220	0.321	23	25
7	Rr	7310	0.286	23	30
7	Rr	6556	0.256	23	35
7	Rr	7816	0.306	23	40
7	Rr	7966	0.311	23	45
7	Rr	9133	0.357	23	50
7	Rr	8467	0.331	23	55
o	*f	0R	r
o	lRQ	1	2557600	3056702656	[unresolved numerical addresses]
Z	*f	-20R	r
Z	lRb	1	133868	2.566	66.249
Z	lRb	1	91447	1.794	34
Z	lRb	1	87623	3.582	98
Z	lRb	1	70821	2.524	51
Z	lRb	1	67156	2.025	35
Z	lRb	1	59739	0.003	205.254
Z	lRb	1	47891	1.401	69
Z	lRb	1	46063	1.170	104
Z	lRb	1	44126	2.897	54
Z	lRb	1	41614	0.000	216.147
Z	lRb	1	41155	0.506	49
Z	lRb	1	35293	0.734	47
Z	lRb	1	35273	2.331	40
Z	lRb	1	34701	0.001	66.9
Z	lRb	1	34628	1.032	52
Z	lRb	1	34009	0.945	123
Z	lRb	1	29686	0.344	45
Z	lRb	1	29045	1.160	76
Z	lRb	1	27136	2.469	157.55
Z	lRb	1	27021	0.641	46
Z	lRb	1	1539305	71.874	[not listed: 9534]
S	*f	-50P	r
S	Rb	9523	0.003	66.249.66.195
S	Rb	8842	0.000	66.249.66.196
S	Rb	7248	0.000	66.249.66.197
S	Rb	6439	0.000	66.249.66.72
S	Rb	5450	0.222	216.244.66.229
S	Rb	5348	0.000	66.249.66.73
S	Rb	5165	0.001	66.249.66.74
S	Rb	4702	0.294	14.33.246.211
S	Rb	4429	0.027	162.55.85.223
S	Rb	4343	0.107	68.66.226.98
S	Rb	3517	0.000	66.249.66.166
S	Rb	3384	0.097	51.222.253.16
S	Rb	3365	0.120	51.222.253.7
S	Rb	3248	0.184	192.99.15.146
S	Rb	3190	0.121	51.222.253.1
S	Rb	3180	0.121	51.222.253.18
S	Rb	3171	0.106	51.222.253.6
S	Rb	3130	0.107	51.222.253.14
S	Rb	3123	0.117	51.222.253.5
S	Rb	2666	0.076	40.88.21.235
S	Rb	2542	0.020	49.7.20.111
S	Rb	2489	0.009	49.7.20.105
S	Rb	2232	0.000	66.249.66.164
S	Rb	2216	0.000	82.16.45.40
S	Rb	2129	0.009	78.129.149.5
S	Rb	2091	0.000	66.249.66.165
S	Rb	1992	0.051	66.249.75.109
S	Rb	1829	0.111	37.59.14.116
S	Rb	1783	0.014	52.35.20.1
S	Rb	1781	0.161	75.98.173.33
S	Rb	1736	0.215	79.125.27.96
S	Rb	1703	0.028	212.99.44.81
S	Rb	1597	0.097	78.155.138.20
S	Rb	1566	0.000	62.194.247.203
S	Rb	1543	0.055	199.21.99.79
S	Rb	1534	0.016	52.35.117.102
S	Rb	1467	0.000	49.7.20.135
S	Rb	1459	0.008	92.249.127.111
S	Rb	1373	0.003	34.73.206.133
S	Rb	1352	0.045	49.7.20.102
S	Rb	1330	0.014	109.102.111.58
S	Rb	1304	0.144	5.196.13.127
S	Rb	1285	0.033	144.76.27.118
S	Rb	1276	0.089	208.115.113.82
S	Rb	1270	0.048	95.108.248.29
S	Rb	1214	0.009	195.191.219.131
S	Rb	1214	0.011	195.191.219.132
S	Rb	1199	0.000	35.196.21.185
S	Rb	1155	0.173	75.98.173.84
S	Rb	1142	0.001	91.207.9.226
S	Rb	2415334	96.933	[not listed: 123031]
s	*FR	2013	12	18	21	53
s	*LR	2025	02	23	00	20
s	*f	-20R	s
s	lRS	1	847227	981	http://www.gtaeronautics.com/
s	lRS	1	296778	434	http://gtaeronautics.com/
s	lRS	1	14176	14	https://www.google.com/
s	lRS	1	786	1	https://www.bing.com/
s	lRS	1	477	1	https://www.griffinarchitectspa.com/
s	lRS	1	1985	0	http://www.google.com/
s	lRS	1	1407	0	http://www.baidu.com/
s	lRS	1	1281	0	https://m.baidu.com/
s	lRS	1	1159	0	http://www.trainingindustry.com/
s	lRS	1	613	0	https://quark.sm.cn/
s	lRS	1	609	0	http://www.mfgpages.com/
s	lRS	1	604	0	http://www.openfos.com/
s	lRS	1	580	0	http://baidu.com/
s	lRS	1	517	0	http://www.topicway.com/
s	lRS	1	482	0	https://google.com/
s	lRS	1	462	0	http://anti-crisis-seo.com/
s	lRS	1	420	0	http://122.144.179.12/
s	lRS	1	409	0	https://www.thomasnet.com/
s	lRS	1	395	0	http://uptime.com/
s	lRS	1	362	0	http://semalt.semalt.com/
s	lRS	1	53292	5	[not listed: 4474]
f	*FR	2013	12	18	21	53
f	*LR	2025	02	23	00	20
f	*f	-30R	s
f	lRS	1	649876	739	http://www.gtaeronautics.com/
f	lRS	1	76186	264	http://gtaeronautics.com/CompNews.html
f	lRS	1	142074	133	http://gtaeronautics.com/
f	lRS	1	27871	36	http://www.gtaeronautics.com/aboutus.html
f	lRS	1	23233	36	http://www.gtaeronautics.com/index.html
f	lRS	1	12333	32	http://www.gtaeronautics.com/UASFC.html
f	lRS	1	9312	27	http://www.gtaeronautics.com/CompNews.html
f	lRS	1	9053	21	http://www.gtaeronautics.com/ConsultingA.html
f	lRS	1	9449	17	http://www.gtaeronautics.com/contactus.html
f	lRS	1	8567	14	http://www.gtaeronautics.com/GT380 RPAS.html
f	lRS	1	13275	13	https://www.google.com/
f	lRS	1	13738	12	http://www.gtaeronautics.com/CCT&M.html
f	lRS	1	6946	9	http://www.gtaeronautics.com/SRU.html
f	lRS	1	6396	9	http://www.gtaeronautics.com/GT50T RPAS.html
f	lRS	1	5965	9	http://gtaeronautics.com/aboutus.html
f	lRS	1	4809	6	http://www.gtaeronautics.com/GT100HL RPAS.html
f	lRS	1	5857	5	http://www.gtaeronautics.com/RD.html
f	lRS	1	7120	4	http://gtaeronautics.com/contactus.html
f	lRS	1	5711	4	http://www.gtaeronautics.com/pna.html
f	lRS	1	6104	3	http://www.gtaeronautics.com/GT1500 RPAS.html
f	lRS	1	4403	2	http://gtaeronautics.com/ConsultingA.html
f	lRS	1	5984	1	http://gtaeronautics.com/index.html
f	lRS	1	4265	1	http://www.gtaeronautics.com/CFMT.html
f	lRS	1	23744	0	http://gtaeronautics.com/links.html
f	lRS	1	8186	0	http://www.gtaeronautics.com/compnews.html
f	lRS	1	6283	0	http://gtaeronautics.com/IndNews.html
f	lRS	1	5118	0	http://www.gtaeronautics.com/IndNews.html
f	lRS	1	4376	0	http://www.gtaeronautics.com/consultinga.html
f	lRS	1	4358	0	http://gtaeronautics.com/CCT&M.html
f	lRS	1	3144	0	http://www.gtaeronautics.com/uasfc.html
f	lRS	1	110285	39	[not listed: 5225]
n	*FR	2013	12	19	00	28
n	*LR	2020	10	14	09	11
n	*f	0.500000%Q	s
n	Rq	1	101.802	kit
n	Rq	2	100.739	crew
n	Rq	1	101.802	method
n	Rq	28	79.477	aeronautical
n	Rq	1	101.802	airplane.com
n	Rq	5	97.550	faa
n	Rq	40	73.098	gt
n	Rq	1	101.802	moldings
n	Rq	1	101.802	taranis
n	Rq	1	101.802	twin
n	Rq	2	101.802	installerex
n	Rq	2	101.802	http://gtaeronautics.com/
n	Rq	20	92.234	in
n	Rq	1	101.802	scale
n	Rq	1	101.802	observer
n	Rq	1	101.802	drawing?
n	Rq	2	101.802	is
n	Rq	1	101.802	making
n	Rq	2	100.739	fiber
n	Rq	1	101.802	mitsubishi
n	Rq	1	101.802	fuze
n	Rq	1	101.802	http://www.gtaeronautics.com/indnews.html
n	Rq	1	101.802	consultant
n	Rq	92	101.802	semalt.com
n	Rq	15	98.613	manufacturing
n	Rq	1	101.802	2
n	Rq	1	101.802	base
n	Rq	14	87.982	6
n	Rq	1	101.802	http://gtaeronautics.com/indnews.html
n	Rq	1	101.802	always
n	Rq	28	76.287	engineering
n	Rq	1	101.802	northrop
n	Rq	1	101.802	bandwidth
n	Rq	1	101.802	vegas
n	Rq	3	100.739	basic
n	Rq	1	101.802	qinetiq
n	Rq	1	101.802	tooling
n	Rq	1	101.802	heavy
n	Rq	1	101.802	on
n	Rq	9	94.360	drawings
n	Rq	1	101.802	fia
n	Rq	4	101.802	louis%20vuitton%20fashion%20valley%20phone%20number
n	Rq	3	99.676	rullman
n	Rq	3	101.802	llc
n	Rq	1	101.802	cowling
n	Rq	32	99.676	sale
n	Rq	64	96.487	outlet
n	Rq	1	101.802	rotax
n	Rq	1	101.802	ucav
n	Rq	28	77.350	texan
n	Rq	1	101.802	a
n	Rq	2	101.802	customer
n	Rq	1	101.802	rpa
n	Rq	2	100.739	110cc
n	Rq	30	101.802	designer
n	Rq	20	97.550	www.gtaeronautics.com
n	Rq	1	101.802	work
n	Rq	1	101.802	thomas
n	Rq	1	101.802	engie
n	Rq	1	101.802	qualification
n	Rq	1	101.802	custom
n	Rq	1	101.802	mk3
n	Rq	1	101.802	t
n	Rq	1	101.802	w
n	Rq	1	101.802	uavs
n	Rq	2	101.802	satisfaction
n	Rq	2	100.739	x
n	Rq	1	101.802	crews
n	Rq	3	101.802	photos
n	Rq	1	101.802	finnemeccia
n	Rq	2	100.739	glass
n	Rq	1	99.676	to
n	Rq	5	97.550	engineer
n	Rq	1	101.802	government
n	Rq	1	101.802	gcs
n	Rq	1	101.802	operator
n	Rq	1	101.802	with
n	Rq	6	96.487	aircraft
n	Rq	97	100.739	number
n	Rq	4	99.676	for
n	Rq	2	100.739	aero
n	Rq	1	101.802	december
n	Rq	9	100.739	equipment
n	Rq	2	100.739	engine
n	Rq	1	101.802	mq1
n	Rq	2	100.739	wy
n	Rq	1	101.802	custum
n	Rq	1	101.802	g.t
n	Rq	1	101.802	mechanics
n	Rq	1	100.739	motors
n	Rq	1	101.802	tdw
n	Rq	32	97.550	luggage
n	Rq	1	101.802	opportunities
n	Rq	175	84.792	vuitton
n	Rq	1	99.676	the
n	Rq	1	101.802	show
n	Rq	1	101.802	luggages
n	Rq	1	101.802	stroke
n	Rq	2	101.802	explore
n	Rq	39	100.739	handbags
n	Rq	2	100.739	electric
n	Rq	1	100.739	air
n	Rq	1	101.802	space
n	Rq	1	101.802	quote
n	Rq	1	101.802	require
n	Rq	1	101.802	mpp
n	Rq	4	100.739	jobs
n	Rq	5	97.550	uas
n	Rq	1	101.802	anything
n	Rq	1	101.802	china
n	Rq	1	101.802	airplane
n	Rq	10	92.234	uav
n	Rq	2	101.802	wmaid.com
n	Rq	3	98.613	drone
n	Rq	2	101.802	facebook
n	Rq	7	95.423	fiberglass
n	Rq	1	101.802	college
n	Rq	4	98.613	onboard
n	Rq	3	100.739	gtaeronautics.com
n	Rq	1	101.802	qulificationa
n	Rq	21	89.045	simi
n	Rq	1	101.802	and
n	Rq	5	99.676	flight
n	Rq	17	89.045	at6
n	Rq	1	101.802	xtreme
n	Rq	1	101.802	maintenance
n	Rq	1	101.802	cody
n	Rq	1	101.802	any
n	Rq	1	101.802	tom
n	Rq	1	101.802	systems
n	Rq	1	101.802	payload
n	Rq	2	100.739	gta
n	Rq	2	101.802	granger
n	Rq	8	95.423	extreme
n	Rq	6	97.550	molding
n	Rq	2	101.802	easylifeapp
n	Rq	1	101.802	rating
n	Rq	2	101.802	whitelaw
n	Rq	126	95.423	fashion
n	Rq	2	100.739	ice
n	Rq	2	101.802	http://www.gtaeronautics.com/compnews.html
n	Rq	5	100.739	engineers
n	Rq	3	100.739	composite
n	Rq	1	101.802	skyforce
n	Rq	1	101.802	eengineer
n	Rq	175	84.792	louis
n	Rq	4	98.613	starter
n	Rq	8	101.802	store
n	Rq	14	98.613	cheap
n	Rq	10	93.297	bme
n	Rq	1	101.802	diamond
n	Rq	1	101.802	america2009
n	Rq	7	101.802	content
n	Rq	2	100.739	aeronautic
n	Rq	1	101.802	challenge
n	Rq	1	101.802	piece
n	Rq	1	101.802	how
n	Rq	1	101.802	male
n	Rq	2	100.739	design
n	Rq	2	100.739	flying
n	Rq	1	101.802	carbon
n	Rq	1	101.802	operation
n	Rq	2	101.802	profile
n	Rq	1	101.802	tomas
n	Rq	1	101.802	cia
n	Rq	1	101.802	hummingbird
n	Rq	1	101.802	iron
n	Rq	1	101.802	california
n	Rq	1	101.802	amphibian
n	Rq	1	101.802	110
n	Rq	1	101.802	mentioned
n	Rq	1	101.802	111
n	Rq	1	101.802	over
n	Rq	25	79.477	http://www.gtaeronautics.com/
n	Rq	1	101.802	google.com
n	Rq	1	101.802	fuel
n	Rq	2	101.802	inc
n	Rq	1	101.802	handbag.com
n	Rq	1	101.802	da42
n	Rq	2	100.739	certification
n	Rq	1	101.802	2015
n	Rq	1	101.802	timing
n	Rq	1	101.802	home
n	Rq	1	101.802	aerospacecompanies
n	Rq	1	101.802	anti
n	Rq	1	101.802	ziroli
n	Rq	1	101.802	sketches
n	Rq	5	101.802	purses
n	Rq	1	101.802	downlink
n	Rq	3	101.802	aeronotics
n	Rq	1	101.802	nanotechnology
n	Rq	1	101.802	zephyr
n	Rq	4	101.802	wyoming
n	Rq	2	101.802	technology
n	Rq	3	99.676	companies
n	Rq	1	101.802	muffler
n	Rq	2	101.802	avia
n	Rq	2	101.802	what
n	Rq	145	82.666	valley
n	Rq	1	101.802	microwave
n	Rq	1	101.802	mold
n	Rq	5	98.613	pglm
n	Rq	1	101.802	specialist
n	Rq	23	81.603	drawing
n	Rq	1	101.802	tool
n	Rq	1	101.802	security
n	Rq	6	100.739	prototypes
n	Rq	1	101.802	giant
n	Rq	1	101.802	powell
n	Rq	8	95.423	aerospace
n	Rq	34	75.224	aeronautics
n	Rq	4	98.613	unmanned
n	Rq	1	101.802	radius
n	Rq	1	101.802	zero
n	Rq	1	101.802	tobbot
n	Rq	2	100.739	neverfull
n	Rq	2	100.739	job
n	Rq	1	101.802	onbordstarter
n	Rq	1	100.739	as
n	Rq	20	98.613	ca
n	Rq	13	89.045	at
n	Rq	5	97.550	techniques
n	Rq	1	101.802	does
n	Rq	1	101.802	commercial
n	Rq	1	101.802	www.gt
n	Rq	1	101.802	de
n	Rq	1	101.802	co
n	Rq	1	101.802	speedy
n	Rq	1	101.802	rpas
n	Rq	2	100.739	instrument
n	Rq	1	101.802	do
n	Rq	1	101.802	efi
n	Rq	3	99.676	training
n	Rq	1	101.802	quotation
n	Rq	1	101.802	careers
n	Rq	3	99.676	pilot
n	Rq	9	94.360	bandito
n	Rq	4	98.613	quotes
n	Rq	107	98.613	phone
n	Rq	1	101.802	stations
n	Rq	1	101.802	traing
N	*FR	2013	12	19	00	28
N	*LR	2020	10	14	09	11
N	*f	-200Q	s
N	RQ	1	4250578462	uavs flying over simi valley ca
N	RQ	1	4250578462	gt aeronautics simi valley california
N	RQ	1	4250578462	aeronautical engineer quote
N	RQ	1	4250578462	does aeronautical engineering require drawing?
N	RQ	1	4250578462	how to do gt in engineering drawing
N	RQ	2	4250578462	http://gtaeronautics.com/
N	RQ	1	4250578462	the government college g.t aeronautics
N	RQ	1	4250578462	bme engine
N	RQ	1	4250578462	uas gcs
N	RQ	1	4250578462	http://www.gtaeronautics.com/indnews.html
N	RQ	92	4250578462	semalt.com
N	RQ	1	4250578462	aero iron mentioned nanotechnology hummingbird uav
N	RQ	1	4250578462	basic fiberglass techniques
N	RQ	1	4250578462	http://gtaeronautics.com/indnews.html
N	RQ	1	4250578462	finnemeccia co
N	RQ	2	4250578462	drawing for customer satisfaction
N	RQ	1	4250578462	cheap louis vuitton speedy handbag.com
N	RQ	1	4250578462	at 6
N	RQ	1	4250578462	quotation specialist engineer drawings
N	RQ	1	4250578462	challenge xtreme 111 piece mechanics tool kit
N	RQ	1	4250578462	uav commercial crew stations
N	RQ	1	4250578462	da42 mpp microwave downlink bandwidth
N	RQ	1	4250578462	anti ice de ice qinetiq zephyr
N	RQ	4	4250578462	louis%20vuitton%20fashion%20valley%20phone%20number
N	RQ	1	4250578462	faa uas pilot certification
N	RQ	1	4250578462	any flying crews in gta
N	RQ	1	4250578462	fiber glass molding job
N	RQ	1	4250578462	aerospace drawing
N	RQ	1	4250578462	aircraft design consultant
N	RQ	1	4250578462	www.gt airplane.com
N	RQ	3	4250578462	gt in aeronotics
N	RQ	1	4250578462	tom rullman
N	RQ	1	4250578462	gt aeronautics simi valley ca
N	RQ	1	4250578462	drone base in simi valley
N	RQ	1	4250578462	fiberglass mold making techniques
N	RQ	1	4250578462	rpa instrument qualification faa instrument rating
N	RQ	1	4250578462	extreme bme
N	RQ	1	4250578462	uas faa maintenance
N	RQ	1	4250578462	louis vuitton neverfull
N	RQ	1	4250578462	fiberglass techniques
N	RQ	1	4250578462	aircraft companies in simi valley
N	RQ	1	4250578462	custom fiberglass moldings
N	RQ	1	4250578462	anything
N	RQ	11	4250578462	louis vuitton luggage cheap
N	RQ	1	4250578462	aeronautical engineering sketches
N	RQ	1	4250578462	gtaeronautics.com
N	RQ	1	4250578462	giant scale ziroli at 6
N	RQ	9	4250578462	outlet louis vuitton handbags
N	RQ	1	4250578462	cowling drawing
N	RQ	1	4250578462	mitsubishi zero
N	RQ	1	4250578462	powell wy gt aeronautics
N	RQ	2	4250578462	what is gt in basic engineering drawing
N	RQ	2	4250578462	composite molding
N	RQ	1	4250578462	aeronautics in simi valley and security work
N	RQ	3	4250578462	gt aeronautics llc jobs
N	RQ	1	4250578462	crew flight gta
N	RQ	1	4250578462	110cc engine timing
N	RQ	1	4250578462	aeronautical engineer quotes
N	RQ	2	4250578462	http://www.gtaeronautics.com/compnews.html
N	RQ	4	4250578462	wyoming flight engineers
N	RQ	1	4250578462	a t 6
N	RQ	1	4250578462	gt aeronautics unmanned air
N	RQ	1	4250578462	fia gt composite tooling
N	RQ	1	4250578462	uas pilot certification
N	RQ	1	4250578462	quotes on aeronautical engineers
N	RQ	1	4250578462	payload for diamond northrop twin engie aircraft
N	RQ	7	4250578462	content
N	RQ	1	4250578462	bme 110
N	RQ	1	4250578462	thomas w rullman gt aeronautics
N	RQ	1	4250578462	luggages for sale
N	RQ	2	4250578462	easylifeapp profile
N	RQ	2	4250578462	simi gt
N	RQ	1	4250578462	mq1 design fuel
N	RQ	1	4250578462	airplane as always cia america2009
N	RQ	1	4250578462	heavy equipment operator jobs
N	RQ	1	4250578462	eengineer drawing home
N	RQ	1	4250578462	cheap louis vuitton luggage
N	RQ	1	4250578462	aero space drone simi valley
N	RQ	1	4250578462	2 stroke electric onboard starter
N	RQ	1	4250578462	simi valley unmanned aircraft
N	RQ	1	4250578462	skyforce observer mk3
N	RQ	2	4250578462	granger whitelaw avia
N	RQ	1	4250578462	louis vuitton fashion valley neverfull
N	RQ	1	4250578462	louis vuitton job opportunities
N	RQ	1	4250578462	google.com
N	RQ	1	4250578462	uas operation training method
N	RQ	2	4250578462	wmaid.com explore gtaeronautics.com
N	RQ	1	4250578462	custum muffler 110cc
N	RQ	1	4250578462	glass manufacturing drawings
N	RQ	1	4250578462	electric motors x male uav x sale
N	RQ	1	4250578462	aerospacecompanies in simi valley
N	RQ	1	4250578462	fiberglass molding
N	RQ	2	4250578462	aeronautical technology inc
N	RQ	1	4250578462	taranis ucav
N	RQ	1	4250578462	vegas drone uav show december 2015
N	RQ	1	4250578462	uav companies in simi valley
N	RQ	1	4250578462	unmanned aircraft systems pilot training
N	RQ	2	4250578462	installerex facebook
N	RQ	3	4250578462	texan at6 photos
N	RQ	1	4250578462	aeronautic engineer
N	RQ	30	4250578462	designer handbags outlet sale
N	RQ	1	4250578462	rpas qulificationa traing with faa
N	RQ	1	4250578462	faa uav training
N	RQ	1	4250578462	uav companies simi valley
N	RQ	5	4250578462	louis vuitton purses outlet
N	RQ	1	4250578462	aeronautics
N	RQ	1	4250578462	cheap louis vuitton luggage outlet
N	RQ	1	4250578462	gt aeronautics tomas rullman
N	RQ	1	4250578462	tobbot
N	RQ	1	4250578462	radius tdw efi fuze
N	RQ	8	4250578462	manufacturing equipment store in simi valley
N	RQ	1	4250578462	onbordstarter
N	RQ	1	4250578462	aeronautic engineer quotes
N	RQ	1	4250578462	rotax amphibian unmanned china
N	RQ	1	4250578462	aeronautical engineering quotes
N	RQ	1	4250578462	drawing aircraft engineering
N	RQ	1	4250578462	gt aeronautics careers
N	RQ	1	4250578462	gt aeronautics bandito
N	RQ	1	4250578462	cody wy carbon fiber
N	RQ	2	4206189628	fiberglass molding techniques
N	RQ	6	4206189628	manufacturing aeronautical prototypes
N	RQ	19	4206189628	louis vuitton luggage outlet
N	RQ	10	4206189628	louis vuitton fashion valley phone
N	RQ	97	4206189628	louis vuitton fashion valley phone number
N	RQ	2	4206189628	texan at 6
N	RQ	18	4206189628	louis vuitton fashion valley ca
N	RQ	3	4161800794	bandito uav
N	RQ	3	4161800794	onboard starter
N	RQ	6	4117411960	texan at6
N	RQ	5	4117411960	bandito pglm
N	RQ	20	4073023126	www.gtaeronautics.com
N	RQ	7	4028634292	bme extreme
N	RQ	7	4028634292	aerospace engineering drawings
N	RQ	8	3939856624	at6 texan
N	RQ	9	3895467790	at 6 texan
N	RQ	14	3762301288	aeronautical engineering drawing
N	RQ	20	3673523620	gt aeronautics
N	RQ	25	3318412948	http://www.gtaeronautics.com/
B	*f	-40R	r
B	Rb	151635	0.000	Mozilla/5.0 (Windows NT 6.1; Win64; x64; rv:109.0) Gecko/20100101 Firefox/115.0
B	Rb	89163	2.898	Mozilla/5.0 (compatible; AhrefsBot/7.0;  http://ahrefs.com/robot/)
B	Rb	71921	1.116	Sogou web spider/4.0( http://www.sogou.com/docs/help/webmasters.htm#07)
B	Rb	71826	1.638	ZoominfoBot (zoominfobot at zoominfo dot com)
B	Rb	62691	1.266	Mozilla/5.0 (compatible; Googlebot/2.1;  http://www.google.com/bot.html)
B	Rb	40898	4.266	Mozilla/5.0 (compatible; bingbot/2.0;  http://www.bing.com/bingbot.htm)
B	Rb	28047	2.168	Mozilla/5.0 (Windows NT 6.3; WOW64) AppleWebKit/537.36 (KHTML, like Gecko) Chrome/33.0.1736.0 Safari/537.36
B	Rb	26454	0.266	Googlebot-Image/1.0
B	Rb	17401	0.000	Mozilla/5.0 AppleWebKit/537.36 (KHTML, like Gecko; compatible; bingbot/2.0;  http://www.bing.com/bingbot.htm) Chrome/116.0.1938.76 Safari/537.36
B	Rb	16344	0.000	Mozilla/5.0 (Linux; Android 5.0) AppleWebKit/537.36 (KHTML, like Gecko) Mobile Safari/537.36 (compatible; Bytespider; spider-feedback@bytedance.com)
B	Rb	16326	0.954	Mozilla/4.0 (compatible; MSIE 6.0; Windows NT 5.1; SV1)
B	Rb	15322	0.333	Mozilla/5.0 (Macintosh; Intel Mac OS X 10_15_5) AppleWebKit/605.1.15 (KHTML, like Gecko) Version/13.1.1 Safari/605.1.15 (Applebot/0.1;  http://www.apple.com/go/applebot)
B	Rb	14319	0.000	Mozilla/5.0 (Windows NT 10.0; Win64; x64) AppleWebKit/537.36 (KHTML, like Gecko) Chrome/120.0.0.0 Safari/537.36
B	Rb	14285	1.399	Mozilla/5.0 (compatible; YandexBot/3.0;  http://yandex.com/bots)
B	Rb	13947	0.000	Mozilla/5.0 (compatible; Bytespider; spider-feedback@bytedance.com) AppleWebKit/537.36 (KHTML, like Gecko) Chrome/70.0.0.0 Safari/537.36
B	Rb	13457	0.000	Mozilla/5.0 (Windows NT 10.0; Win64; x64) AppleWebKit/537.36 (KHTML, like Gecko) Chrome/114.0.0.0 Safari/537.36
B	Rb	12964	1.355	Mozilla/5.0 (iPhone; CPU iPhone OS 7_0 like Mac OS X) AppleWebKit/537.51.1 (KHTML, like Gecko) Version/7.0 Mobile/11A465 Safari/9537.53 (compatible; bingbot/2.0;  http://www.bing.com/bingbot.htm)
B	Rb	12180	0.689	Mozilla/5.0 (compatible; Baiduspider/2.0;  http://www.baidu.com/search/spider.html)
B	Rb	11450	0.026	Mozilla/5.0 (iPhone; CPU iPhone OS 13_2_3 like Mac OS X) AppleWebKit/605.1.15 (KHTML, like Gecko) Version/13.0.3 Mobile/15E148 Safari/604.1
B	Rb	11158	0.000	Mozilla/5.0 (Windows NT 10.0; Win64; x64) AppleWebKit/537.36 (KHTML, like Gecko) Chrome/124.0.0.0 Safari/537.36
B	Rb	11143	0.424	Mozilla/5.0 (Macintosh; Intel Mac OS X 10.11; rv:52.0) Gecko/20100101 Firefox/52.0
B	Rb	10450	0.000	Mozilla/5.0 (Windows NT 10.0; Win64; x64) AppleWebKit/537.36 (KHTML, like Gecko) Chrome/122.0.0.0 Safari/537.36
B	Rb	10416	0.616	Mozilla/5.0 (Windows NT 6.1; WOW64; Trident/7.0; rv:11.0) like Gecko
B	Rb	9976	0.400	Mozilla/5.0 (Windows NT 5.1; rv:17.0) Gecko/20100101 Firefox/17.0
B	Rb	9938	0.000	Mozilla/5.0 (Windows NT 10.0; Win64; x64) AppleWebKit/537.36 (KHTML, like Gecko) Chrome/121.0.0.0 Safari/537.36
B	Rb	9648	0.435	Mozilla/5.0 AppleWebKit/537.36 (KHTML, like Gecko; compatible; bingbot/2.0;  http://www.bing.com/bingbot.htm) Chrome/103.0.5060.134 Safari/537.36
B	Rb	9550	0.000	Mozilla/5.0 (Windows NT 10.0; Win64; x64) AppleWebKit/537.36 (KHTML, like Gecko) Chrome/131.0.0.0 Safari/537.36
B	Rb	8394	0.220	Mozilla/5.0 (Linux; Android 6.0.1; Nexus 5 Build/MRA58N) AppleWebKit/537.36(KHTML, like Gecko) Chrome/66.0.3359.30 Mobile Safari/537.36
B	Rb	8371	0.067	Mozilla/5.0 (Windows NT 10.0; Win64; x64) AppleWebKit/537.36 (KHTML, like Gecko) Chrome/113.0.0.0 Safari/537.36
B	Rb	8277	0.246	Mozilla/5.0 (compatible; MJ12bot/v1.4.8; http://mj12bot.com/)
B	Rb	8061	0.886	Mozilla/4.0 (compatible; MSIE 7.0; Windows NT 5.1; .NET CLR 1.1.4322; .NET CLR 2.0.50727)
B	Rb	7887	0.190	Mozilla/5.0 (compatible; BLEXBot/1.0;  http://webmeup-crawler.com/)
B	Rb	7871	0.000	Mozilla/5.0 (Windows NT 10.0; Win64; x64) AppleWebKit/537.36 (KHTML, like Gecko) Chrome/116.0.0.0 Safari/537.36
B	Rb	7747	0.479	PRurl
B	Rb	7654	0.000	Mozilla/5.0 (Windows NT 10.0; Win64; x64) AppleWebKit/537.36 (KHTML, like Gecko) Chrome/126.0.0.0 Safari/537.36
B	Rb	7614	0.000	Mozilla/5.0 (Windows NT 10.0; Win64; x64) AppleWebKit/537.36 (KHTML, like Gecko) HeadlessChrome/128.0.0.0 Safari/537.36
B	Rb	7552	0.408	Mozilla/5.0 (compatible; Yahoo! Slurp; http://help.yahoo.com/help/us/ysearch/slurp)
B	Rb	7482	0.013	Mozilla/5.0 (Windows NT 10.0; Win64; x64; rv:109.0) Gecko/20100101 Firefox/111.0
B	Rb	7267	0.000	Mozilla/5.0 (Macintosh; Intel Mac OS X 10_15_7) AppleWebKit/605.1.15 (KHTML, like Gecko) Version/17.4 Safari/605.1.15 (Applebot/0.1;  http://www.apple.com/go/applebot)
B	Rb	7221	0.210	Mozilla/4.0 (compatible; MSIE 6.0; Windows NT 5.1; SV1; .NET CLR 2.0.50727)
B	Rb	1657361	77.031	[not listed: 23990]
b	*f	-15Q	s
b	lRQq	1	408	4250578476	504.247	kaikki.org-digital-archive
b	lRQq	2	408	4250578476	504.247	kaikki.org-digital-archive/0
b	lRQq	1	1654	4250578473	504.247	udu
b	lRQq	2	1654	4250578473	504.247	udu/1
b	lRQq	1	7747	4250578469	504.247	PRurl
b	lRQq	1	205	4250578464	504.247	CheckMarkNetwork
b	lRQq	2	205	4250578464	504.247	CheckMarkNetwork/1
b	lRQq	1	1725	4250578464	504.247	Expanse, a Palo Alto Networks company, searches across the global IPv4 space multiple times per day to identify customers&#39; presences on the Internet. If you would like to be excluded from our scans, please send IP addresses
b	lRQq	2	1725	4250578464	504.247	Expanse, a Palo Alto Networks company, searches across the global IPv4 space multiple times per day to identify customers&#39; presences on the Internet. If you would like to be excluded from our scans, please send IP addresses/domains
b	lRQq	1	360	4250578463	504.247	BoardReader Favicon Fetcher 
b	lRQq	2	360	4250578463	504.247	BoardReader Favicon Fetcher /1
b	lRQq	1	777	4250578463	504.247	EMG External link validator
b	lRQq	1	9824	4284217694	508.238	Netscape
b	lRQq	2	2	4250578462	504.247	Netscape/Nutch-1
b	lRQq	2	73	4250578462	504.247	Netscape/%2F4
b	lRQq	2	1	4250578462	504.247	Netscape/10
b	lRQq	2	1	4250578462	504.247	Netscape/2
b	lRQq	2	9	4250578462	504.247	Netscape/Firefox
b	lRQq	2	1	4250578462	504.247	Netscape/35
b	lRQq	2	3	4250578462	504.247	Netscape/9
b	lRQq	2	808	4206189628	498.981	Netscape/0
b	lRQq	2	8	4206189628	498.981	Netscape/5
b	lRQq	2	351	3984245458	472.652	Netscape/3
b	lRQq	2	124	3939856624	467.386	Netscape/8
b	lRQq	2	5530	3851078956	456.854	Netscape/7
b	lRQq	2	25	3629134786	430.525	Netscape/6
b	lRQq	2	2455	2652580438	314.676	Netscape/4
b	lRQq	1	6	4250578462	504.247	
b	lRQq	2	6	4250578462	504.247	/n
b	lRQq	1	1	4250578462	504.247	Go http package
b	lRQq	1	3	4250578462	504.247	8LEGS
b	lRQq	1	977	4250578462	504.247	WikiDo
b	lRQq	2	977	4250578462	504.247	WikiDo/1
b	lRQq	1	1	4250578462	504.247	Seoterritory.com bot
b	lRQq	1	8	4250578462	504.247	Agent
b	lRQq	1	8	4250578462	504.247	adreview
b	lRQq	2	8	4250578462	504.247	adreview/1
b	lRQq	1	2517964	1475148740	174.997	[not listed: 968]
p	*f	0Q	s
p	lR	1	1228028	Windows
p	lR	2	474126	Windows NT
p	lR	2	480366	Unknown Windows
p	lR	2	257039	Windows XP
p	lR	2	2238	Windows 95
p	lR	2	425	Windows CE
p	lR	2	2391	Windows 98
p	lR	2	9613	Windows 2000
p	lR	2	389	Windows 3.1
p	lR	2	1441	Windows ME
p	lR	1	288368	Macintosh
p	lR	2	277741	Unknown Macintosh
p	lR	2	7344	Macintosh 68k
p	lR	2	3283	Macintosh PowerPC
p	lR	1	475616	OS unknown
p	lR	1	311972	Known robots
p	lR	1	237601	Unix
p	lR	2	232762	Linux
p	lR	2	4732	Other Unix
p	lR	2	82	BSD
p	lR	2	22	SunOS
p	lR	2	3	HP-UX
p	lR	1	16	WebTV
p	lR	1	13	BeOS
p	lR	1	47	OS/2
p	lR	1	7	Amiga
i	*f	0R	s
i	lRc	1	1012317	0.000	/images/
i	lRc	1	1189314	0.000	[root directory]
i	lRc	1	219196	0.000	/js/
i	lRc	1	112720	0.000	/css/
i	lRc	1	22264	0.000	/uploads/
i	lRc	1	865	0.000	/videos/
i	lRc	1	541	0.000	/client/
i	lRc	1	1	0.000	/cgi-bin/
i	lRc	1	6	0.000	/databases/
i	lRc	1	301	0.000	/dev/
i	lRc	2	24	0.000	/dev/css/
i	lRc	2	46	0.000	/dev/js/
i	lRc	2	81	0.000	/dev/images/
i	lRc	1	1	0.000	/secure/
i	lRc	1	74	0.000	/stats/
r	*f	0.050000%S	s
r	lRSc	1	49293	45	0.000	/compnews.html
r	lRSc	1	48664	40	0.000	/aboutus.html
r	lRSc	1	37525	34	0.000	/contactus.html
r	lRSc	1	28625	34	0.000	/pna.html
r	lRSc	1	35788	32	0.000	/uasfc.html
r	lRSc	1	49293	31	0.000	/links.html
r	lRSc	1	30336	31	0.000	/cfmt.html
r	lRSc	1	22247	29	0.000	/sru.html
r	lRSc	1	32936	28	0.000	/consultinga.html
r	lRSc	1	27948	24	0.000	/indevents.html
r	lRSc	1	31773	23	0.000	/cct&m.html
r	lRSc	1	24251	23	0.000	/faq.html
r	lRSc	1	16570	22	0.000	/gt50t+rpas.html
r	lRSc	1	17580	21	0.000	/gt380+rpas.html
r	lRSc	1	13149	21	0.000	/gt100hl+rpas.html
r	lRSc	1	24614	17	0.000	/employment.html
r	lRSc	1	17247	15	0.000	/gt1500+rpas.html
r	lRSc	1	16707	12	0.000	/rd.html
r	lRSc	1	33785	9	0.000	/indnews.html
r	lRSc	2	141	0	0.000	/indnews.html?referer=www.clickfind.com.au/wp-login.php
r	lRSc	2	1	0	0.000	/indnews.html?referer=top1.co.pl
r	lRSc	2	1	0	0.000	/indnews.html?referer=www.clickfind.com.au//wp-content/themes/busybee/thumb.php?src=http://blogger.com.opontodaarte.com.br/java.php
r	lRSc	1	2154	6	0.000	/uploads/bighornbasindronefestivalflyer-v2-220110.pdf
r	lRSc	1	1695	6	0.000	/uploads/2022wydronefestflyer+rev2.pdf
r	lRSc	1	4848	5	0.000	/gtatexan.html
r	lRSc	1	3095	5	0.000	/uploads/idrone-pressrelease-powell-version220119.pdf
r	lRSc	1	2207	4	0.000	/uploads/big+horn+basin+drone+festival+event+schedule.pdf
r	lRSc	1	2130	4	0.000	/uploads/droneexpojan2022+(1).pdf
r	lRSc	1	5158	2	0.000	/uavengines.html
r	lRSc	1	5023	1	0.000	/banditomav.html
r	lRSc	1	2	0	0.000	/client/bandit+timeline2004.html
r	lRSc	1	1	0	0.000	/404.htm
r	lRSc	1	12	0	0.000	/client/gta010707002.html
r	lRSc	1	72	0	0.000	/client/bandito+development.html
r	lRSc	1	1	0	0.000	/stats/browserrep.html
r	lRSc	1	741	0	0.000	/gt50t rpas.html
r	lRSc	1	2	0	0.000	/dev/contactus.html
r	lRSc	1	1	0	0.000	/dev/aboutus.html
r	lRSc	1	18	0	0.000	/client/tacamo+development.html
r	lRSc	1	11	0	0.000	/client/rq2+outlaw.html
r	lRSc	1	1	0	0.000	/client/bandit timeline2008.html
r	lRSc	1	15	0	0.000	/client/bandit.html
r	lRSc	1	987	0	0.000	/gtamt.html
r	lRSc	1	2253	0	0.000	/gt1500 rpas.html
r	lRSc	1	4	0	0.000	/client/gta121004001.html
r	lRSc	1	1	0	0.000	/dev/client.cgi
r	lRSc	1	71	0	0.000	/client/bandit+development.html
r	lRSc	1	2	0	0.000	/client/bandito development.html
r	lRSc	1	2	0	0.000	/stats/domain.html
r	lRSc	1	2	0	0.000	/stats/weekly.html
r	lRSc	1	6356	0	0.000	/pridpass.html
r	lRSc	1	1	0	0.000	/dev/pna.html
r	lRSc	1	1	0	0.000	/client/tacamo development.html
r	lRSc	1	4	0	0.000	/stats/index.htm
r	lRSc	1	4	0	0.000	/stats/nav.html
r	lRSc	1	4278	0	0.000	/bandituas.html
r	lRSc	1	2	0	0.000	/stats/directory.html
r	lRSc	1	2	0	0.000	/stats/organisation.html
r	lRSc	1	7	0	0.000	/client/bandit+timeline2007.html
r	lRSc	1	1	0	0.000	/dev/pridpass.html
r	lRSc	1	1	0	0.000	/client/bandito timeline2007.html
r	lRSc	1	1	0	0.000	/stats/quick.html
r	lRSc	1	135	0	0.000	/client/welcome.html
r	lRSc	1	3	0	0.000	/client/gta021305001.html
r	lRSc	1	5	0	0.000	/client/gta012405001.html
r	lRSc	1	4	0	0.000	/stats/general.html
r	lRSc	1	1	0	0.000	/stats/dailyrep.html
r	lRSc	1	1	0	0.000	/client/bandit development.html
r	lRSc	1	17	0	0.000	/client/bandit+timeline2008.html
r	lRSc	1	1	0	0.000	/client/bandito+timeline2005.html
r	lRSc	1	23	0	0.000	/client/projectbids.html
r	lRSc	1	1	0	0.000	/stats/host.html
r	lRSc	1	20	0	0.000	/client/clientpna.html
r	lRSc	1	2	0	0.000	/stats/default.asp
r	lRSc	1	21	0	0.000	/index.htm
r	lRSc	1	1	0	0.000	/cgi-bin/testms.pl
r	lRSc	1	14	0	0.000	/client/rq1+bandit.html
r	lRSc	1	6	0	0.000	/client/gta021305002.html
r	lRSc	1	24	0	0.000	/client/tacamo.html
r	lRSc	1	30	0	0.000	/client/mgqgcyat.asp
r	lRSc	1	18702	0	0.000	/default.asp
r	lRSc	1	1666	0	0.000	/gt380 rpas.html
r	lRSc	1	1	0	0.000	/client/bandito+timeline2006.html
r	lRSc	1	16	0	0.000	/client/rq3+bandito.html
r	lRSc	1	1	0	0.000	/dev/uasfc.html
r	lRSc	1	229	0	0.000	/client.cgi
r	lRSc	1	2	0	0.000	/stats/yearly.html
r	lRSc	1	1	0	0.000	/stats/monthly.html
r	lRSc	1	8	0	0.000	/client/gta010707001.html
r	lRSc	1	3749	0	0.000	/bidspridpass.html
r	lRSc	1	12	0	0.000	/client/bandito.html
r	lRSc	1	1	0	0.000	/stats/quarterly.html
r	lRSc	1	8	0	0.000	/client/bandito+timeline2007.html
t	*f	0.100000%B	b
t	lRb	1	918397	43.756	.jpg  [JPEG graphics]
t	lRb	1	593931	26.229	.html [Hypertext Markup Language]
t	lRb	1	531094	18.517	[directories]
t	lRb	1	10983	5.242	.mp4
t	lRb	1	778	2.157	.wmv
t	lRb	1	87	2.118	.mpg  [MPEG movie]
t	lRb	1	18734	0.911	.asp  [Active Server REQUESTS]
t	lRb	1	94025	0.296	.gif  [GIF graphics]
t	lRb	1	219242	0.254	.js  [JavaScript code]
t	lRb	1	112736	0.225	.css  [Cascading Style Sheets]
t	lRb	1	11281	0.210	.pdf  [Adobe Portable Document Format]
t	lRb	1	46312	0.084	[not listed: 7]
z	*FR	2023	04	05	20	41
z	*LR	2023	05	09	10	03
z	ScR	0	0.000	84837	0
z	ScR	0	0.000	0	1b-  10b
z	ScR	0	0.000	0	11b- 100b
z	ScR	0	0.000	85122	101b-  1kb
z	ScR	0	0.000	509907	1kb- 10kb
z	ScR	0	0.000	352085	10kb-100kb
z	ScR	0	0.000	104639	100kb-  1Mb
z	ScR	0	0.000	4584	1Mb- 10Mb
z	ScR	0	0.000	55	10Mb-100Mb
z	ScR	0	0.000	13	100Mb-  1Gb
c	*FR	2014	03	02	13	52
c	*LR	2025	02	23	05	39
c	*f	0R	a
c	R	2399888	200 OK
c	R	26301	206 Partial content
c	R	218	301 Document moved permanently
c	R	77	302 Document found elsewhere
c	R	131411	304 Not modified since last retrieval
c	R	2027	400 Bad request
c	R	207	401 Authentication required
c	R	1497	403 Access forbidden
c	R	1186997	404 Document not found
c	R	3058	405 Method not allowed
c	R	1389	406 Document not acceptable to client
c	R	141	416 Requested range not valid
c	R	624	500 Internal server error
c	R	128	501 Request type not supported
I	*FR	2007	12	11	00	52
I	*LR	2025	02	23	05	30
I	*f	-30S	s
I	lRS	1	224510	203	/robots.txt
I	lRS	1	13216	15	/ads.txt
I	lRS	1	5441	12	/.env
I	lRS	1	366	6	/videos/bandito
I	lRS	1	257	6	/images/ad
I	lRS	1	170	6	/gt100hl
I	lRS	1	327	6	/gt380
I	lRS	1	133	5	/uploads/gt100hl
I	lRS	1	124	5	/uploads/big
I	lRS	1	204	5	/gt50t
I	lRS	1	121	5	/uploads/2022wydronefestflyer
I	lRS	1	4	4	/assets/item.php
I	lRS	1	98	4	/uploads/sru
I	lRS	1	286	4	/info.php
I	lRS	1	95	4	/uploads/tacamo
I	lRS	1	22	4	/assets/edit.php
I	lRS	1	40	4	/assets/admin.php
I	lRS	1	409	4	/gt1500
I	lRS	1	116	4	/uploads/droneexpojan2022
I	lRS	1	397	4	/test.php
I	lRS	1	705	4	/inputs.php
I	lRS	1	24	4	/uploads/bandito
I	lRS	1	104	4	/uploads/gt35mm
I	lRS	1	94	4	/uploads/35mm
I	lRS	1	822	3	/images/gta2+at-6+photo.jpg
I	lRS	1	795	3	/x.php
I	lRS	1	47	3	/appsettings.json
I	lRS	1	2577	3	/backup
I	lRS	1	911	3	/images/tacamo
I	lRS	1	416	3	/gecko.php
I	lRS	1	943040	1282	[not listed: 34369]
L	*FR	2007	12	11	00	52
L	*LR	2025	02	23	05	30
L	*f	-20S	s
L	RS	950	950	172.167.122.28
L	RS	1103	187	193.41.206.176
L	RS	6520	32	216.244.66.229
L	RS	135	30	115.215.254.40
L	RS	75	30	115.215.247.6
L	RS	312	24	167.172.165.51
L	RS	126	21	54.255.165.120
L	RS	1232	12	35.173.236.178
L	RS	40	10	159.89.200.67
L	RS	27	9	45.63.110.111
L	RS	18	9	18.222.209.247
L	RS	36	9	3.6.7.201
L	RS	1084	7	145.239.10.137
L	RS	6	6	207.180.230.127
L	RS	2174	6	156.59.198.135
L	RS	1982	6	156.59.198.136
L	RS	256	5	77.75.79.36
L	RS	20	4	35.202.78.249
L	RS	1587	4	194.38.23.16
L	RS	287	4	157.55.39.223
L	RS	1178098	261	[not listed: 93104]
K	*FR	2013	12	22	04	20
K	*LR	2025	02	23	00	20
K	*f	-30S	s
K	lRS	1	1833	12	https://www.google.com/
K	lRS	1	28	3	http://www.gtaeronautics.com/1234.php
K	lRS	1	23572	2	http://www.gtaeronautics.com/
K	lRS	1	25	1	http://www.gtaeronautics.com/kindeditor/themes/default/default.css
K	lRS	1	6	1	http://gtaeronautics.com/configuration.php
K	lRS	1	6	1	http://gtaeronautics.com/gecko.php
K	lRS	1	4	1	http://gtaeronautics.com/system_log.php
K	lRS	1	5	1	http://gtaeronautics.com/logo.php
K	lRS	1	4	1	http://gtaeronautics.com/slax.php
K	lRS	1	4	1	http://gtaeronautics.com/public.php
K	lRS	1	4	1	http://gtaeronautics.com/wk.php
K	lRS	1	98690	0	[not listed: 8011]
E	*FR	2008	01	06	10	12
E	*LR	2025	02	16	22	04
E	*f	-30S	s
E	lSR	1	0	295	[not listed: 7]
l	*FR	2008	01	06	10	12
l	*LR	2025	02	16	22	04
l	*f	-20S	s
l	SR	0	295	[not listed: 122]
v	*f	-20B	b
v	Rb	1900185	65.103	64.41.87.40
v	Rb	657415	34.897	66.113.131.59
R	*FR	2008	01	06	10	12
R	*LR	2025	02	16	22	04
R	*f	-20R	r
R	R	178	66.113.131.59
R	R	117	64.41.87.40
M	*FR	2007	12	11	00	52
M	*LR	2025	02	23	05	30
M	*f	-20R	r
M	R	893462	64.41.87.40
M	R	302606	66.113.131.59
J	*FR	2007	12	11	00	53
J	*LR	2017	03	17	18	30
J	*f	-20R	r
J	R	9	gtaeronautics
J	R	5	lorrigkj
J	R	1	rullma2063
J	R	1	administrator
J	R	1	satish
J	R	1	nnnnn
P	*FR	2024	04	17	09	27
P	*LR	2025	02	23	05	39
P	R	230	0
P	R	345	<= 0.01
P	R	5597	0.01-0.02
P	R	247241	0.02-0.05
P	R	292350	0.05-0.1 
P	R	396509	0.1 -0.2 
P	R	454762	0.2 -0.5 
P	R	224858	0.5 -1   
P	R	125172	1-  2 
P	R	49982	2-  5 
P	R	20284	5- 10 
P	R	10716	10- 20 
P	R	50540	20- 60 
P	R	4645	60-120 
P	R	16838	120-300 
